   0 	 0.000030 	 0.000034 	 0.000039
    1 	 0.000030 	 0.000034 	 0.000041
    2 	 0.000030 	 0.000034 	 0.000042
    3 	 0.000030 	 0.000035 	 0.000042
    4 	 0.000031 	 0.000035 	 0.000041
    5 	 0.000030 	 0.000035 	 0.000042
    6 	 0.000031 	 0.000035 	 0.000043
    7 	 0.000030 	 0.000035 	 0.000043
    8 	 0.000031 	 0.000035 	 0.000043
    9 	 0.000031 	 0.000036 	 0.000042
   10 	 0.000030 	 0.000036 	 0.000043
   11 	 0.000030 	 0.000035 	 0.000041
   12 	 0.000029 	 0.000035 	 0.000043
   13 	 0.000031 	 0.000035 	 0.000043
   14 	 0.000031 	 0.000035 	 0.000043
   15 	 0.000031 	 0.000036 	 0.000041
   16 	 0.000030 	 0.000035 	 0.000043
   17 	 0.000030 	 0.000035 	 0.000042
   18 	 0.000030 	 0.000035 	 0.000044
   19 	 0.000030 	 0.000036 	 0.000044
   20 	 0.000030 	 0.000035 	 0.000040
   21 	 0.000031 	 0.000036 	 0.000042
   22 	 0.000031 	 0.000036 	 0.000042
   23 	 0.000031 	 0.000036 	 0.000043
   24 	 0.000030 	 0.000036 	 0.000042
   25 	 0.000031 	 0.000035 	 0.000042
   26 	 0.000030 	 0.000035 	 0.000043
   27 	 0.000031 	 0.000035 	 0.000042
   28 	 0.000031 	 0.000035 	 0.000042
   29 	 0.000031 	 0.000035 	 0.000044
   30 	 0.000031 	 0.000036 	 0.000044
   31 	 0.000031 	 0.000036 	 0.000045
   32 	 0.000031 	 0.000036 	 0.000045
   33 	 0.000032 	 0.000037 	 0.000045
   34 	 0.000030 	 0.000036 	 0.000044
   35 	 0.000031 	 0.000036 	 0.000044
   36 	 0.000031 	 0.000036 	 0.000045
   37 	 0.000030 	 0.000036 	 0.000045
   38 	 0.000031 	 0.000036 	 0.000043
   39 	 0.000030 	 0.000036 	 0.000043
   40 	 0.000031 	 0.000036 	 0.000043
   41 	 0.000031 	 0.000036 	 0.000041
   42 	 0.000029 	 0.000036 	 0.000042
   43 	 0.000031 	 0.000036 	 0.000044
   44 	 0.000030 	 0.000036 	 0.000044
   45 	 0.000030 	 0.000036 	 0.000043
   46 	 0.000032 	 0.000036 	 0.000044
   47 	 0.000032 	 0.000036 	 0.000043
   48 	 0.000031 	 0.000036 	 0.000043
   49 	 0.000030 	 0.000036 	 0.000043
   50 	 0.000031 	 0.000036 	 0.000045
   51 	 0.000031 	 0.000036 	 0.000042
   52 	 0.000031 	 0.000036 	 0.000042
   53 	 0.000031 	 0.000036 	 0.000043
   54 	 0.000031 	 0.000036 	 0.000041
   55 	 0.000031 	 0.000036 	 0.000043
   56 	 0.000031 	 0.000036 	 0.000048
   57 	 0.000032 	 0.000036 	 0.000045
   58 	 0.000030 	 0.000036 	 0.000044
   59 	 0.000031 	 0.000036 	 0.000043
   60 	 0.000030 	 0.000036 	 0.000045
   61 	 0.000030 	 0.000036 	 0.000046
   62 	 0.000030 	 0.000036 	 0.000045
   63 	 0.000030 	 0.000036 	 0.000045
   64 	 0.000031 	 0.000036 	 0.000045
   65 	 0.000031 	 0.000036 	 0.000044
   66 	 0.000031 	 0.000036 	 0.000043
   67 	 0.000031 	 0.000036 	 0.000043
   68 	 0.000031 	 0.000036 	 0.000044
   69 	 0.000032 	 0.000036 	 0.000043
   70 	 0.000032 	 0.000036 	 0.000044
   71 	 0.000031 	 0.000036 	 0.000043
   72 	 0.000031 	 0.000036 	 0.000042
   73 	 0.000030 	 0.000037 	 0.000045
   74 	 0.000031 	 0.000036 	 0.000043
   75 	 0.000031 	 0.000036 	 0.000042
   76 	 0.000031 	 0.000036 	 0.000042
   77 	 0.000031 	 0.000036 	 0.000043
   78 	 0.000031 	 0.000036 	 0.000043
   79 	 0.000032 	 0.000036 	 0.000042
   80 	 0.000030 	 0.000036 	 0.000042
   81 	 0.000031 	 0.000036 	 0.000042
   82 	 0.000031 	 0.000036 	 0.000043
   83 	 0.000031 	 0.000036 	 0.000045
   84 	 0.000032 	 0.000036 	 0.000043
   85 	 0.000031 	 0.000036 	 0.000044
   86 	 0.000031 	 0.000036 	 0.000044
   87 	 0.000031 	 0.000036 	 0.000043
   88 	 0.000031 	 0.000037 	 0.000042
   89 	 0.000031 	 0.000036 	 0.000043
   90 	 0.000030 	 0.000036 	 0.000042
   91 	 0.000030 	 0.000036 	 0.000043
   92 	 0.000029 	 0.000036 	 0.000042
   93 	 0.000031 	 0.000036 	 0.000044
   94 	 0.000031 	 0.000036 	 0.000045
   95 	 0.000031 	 0.000036 	 0.000044
   96 	 0.000031 	 0.000036 	 0.000044
   97 	 0.000031 	 0.000037 	 0.000045
   98 	 0.000032 	 0.000037 	 0.000045
   99 	 0.000032 	 0.000036 	 0.000044
  100 	 0.000031 	 0.000037 	 0.000045
  101 	 0.000031 	 0.000037 	 0.000043
  102 	 0.000031 	 0.000037 	 0.000044
  103 	 0.000031 	 0.000037 	 0.000044
  104 	 0.000031 	 0.000036 	 0.000045
  105 	 0.000032 	 0.000036 	 0.000044
  106 	 0.000030 	 0.000036 	 0.000045
  107 	 0.000030 	 0.000036 	 0.000045
  108 	 0.000031 	 0.000036 	 0.000041
  109 	 0.000031 	 0.000036 	 0.000044
  110 	 0.000031 	 0.000036 	 0.000043
  111 	 0.000031 	 0.000036 	 0.000042
  112 	 0.000031 	 0.000036 	 0.000043
  113 	 0.000032 	 0.000036 	 0.000042
  114 	 0.000031 	 0.000036 	 0.000043
  115 	 0.000031 	 0.000036 	 0.000042
  116 	 0.000030 	 0.000036 	 0.000043
  117 	 0.000030 	 0.000036 	 0.000042
  118 	 0.000029 	 0.000036 	 0.000041
  119 	 0.000030 	 0.000036 	 0.000044
  120 	 0.000031 	 0.000036 	 0.000043
  121 	 0.000030 	 0.000036 	 0.000042
  122 	 0.000031 	 0.000036 	 0.000043
  123 	 0.000031 	 0.000036 	 0.000042
  124 	 0.000032 	 0.000036 	 0.000042
  125 	 0.000032 	 0.000036 	 0.000042
  126 	 0.000032 	 0.000036 	 0.000041
  127 	 0.000032 	 0.000036 	 0.000046
  128 	 0.000031 	 0.000036 	 0.000044
  129 	 0.000030 	 0.000036 	 0.000041
  130 	 0.000030 	 0.000036 	 0.000043
  131 	 0.000031 	 0.000036 	 0.000043
  132 	 0.000031 	 0.000036 	 0.000042
  133 	 0.000031 	 0.000036 	 0.000044
  134 	 0.000031 	 0.000036 	 0.000043
  135 	 0.000031 	 0.000036 	 0.000045
  136 	 0.000031 	 0.000036 	 0.000043
  137 	 0.000030 	 0.000036 	 0.000043
  138 	 0.000031 	 0.000036 	 0.000041
  139 	 0.000032 	 0.000036 	 0.000042
  140 	 0.000031 	 0.000036 	 0.000042
  141 	 0.000032 	 0.000036 	 0.000042
  142 	 0.000031 	 0.000036 	 0.000043
  143 	 0.000031 	 0.000036 	 0.000044
  144 	 0.000031 	 0.000036 	 0.000043
  145 	 0.000031 	 0.000036 	 0.000044
  146 	 0.000031 	 0.000037 	 0.000043
  147 	 0.000031 	 0.000037 	 0.000043
  148 	 0.000031 	 0.000037 	 0.000043
  149 	 0.000031 	 0.000036 	 0.000043
  150 	 0.000031 	 0.000036 	 0.000043
  151 	 0.000031 	 0.000036 	 0.000042
  152 	 0.000032 	 0.000036 	 0.000043
  153 	 0.000031 	 0.000036 	 0.000042
  154 	 0.000031 	 0.000036 	 0.000043
  155 	 0.000030 	 0.000036 	 0.000043
  156 	 0.000030 	 0.000036 	 0.000043
  157 	 0.000031 	 0.000036 	 0.000042
  158 	 0.000031 	 0.000036 	 0.000044
  159 	 0.000031 	 0.000036 	 0.000044
  160 	 0.000031 	 0.000036 	 0.000043
  161 	 0.000031 	 0.000036 	 0.000044
  162 	 0.000032 	 0.000036 	 0.000043
  163 	 0.000031 	 0.000036 	 0.000043
  164 	 0.000029 	 0.000036 	 0.000043
  165 	 0.000031 	 0.000036 	 0.000045
  166 	 0.000030 	 0.000036 	 0.000045
  167 	 0.000031 	 0.000036 	 0.000044
  168 	 0.000030 	 0.000036 	 0.000043
  169 	 0.000031 	 0.000036 	 0.000044
  170 	 0.000031 	 0.000036 	 0.000044
  171 	 0.000031 	 0.000036 	 0.000042
  172 	 0.000030 	 0.000036 	 0.000043
  173 	 0.000031 	 0.000036 	 0.000042
  174 	 0.000031 	 0.000036 	 0.000044
  175 	 0.000031 	 0.000036 	 0.000044
  176 	 0.000030 	 0.000036 	 0.000043
  177 	 0.000031 	 0.000036 	 0.000041
  178 	 0.000030 	 0.000036 	 0.000044
  179 	 0.000031 	 0.000036 	 0.000043
  180 	 0.000031 	 0.000036 	 0.000043
  181 	 0.000030 	 0.000036 	 0.000044
  182 	 0.000032 	 0.000036 	 0.000041
  183 	 0.000031 	 0.000036 	 0.000042
  184 	 0.000029 	 0.000036 	 0.000042
  185 	 0.000031 	 0.000036 	 0.000044
  186 	 0.000031 	 0.000036 	 0.000042
  187 	 0.000031 	 0.000036 	 0.000042
  188 	 0.000031 	 0.000036 	 0.000045
  189 	 0.000030 	 0.000036 	 0.000043
  190 	 0.000031 	 0.000036 	 0.000043
  191 	 0.000030 	 0.000036 	 0.000046
  192 	 0.000029 	 0.000036 	 0.000045
  193 	 0.000031 	 0.000036 	 0.000045
  194 	 0.000031 	 0.000036 	 0.000048
  195 	 0.000031 	 0.000036 	 0.000045
  196 	 0.000030 	 0.000036 	 0.000044
  197 	 0.000030 	 0.000036 	 0.000043
  198 	 0.000031 	 0.000036 	 0.000043
  199 	 0.000030 	 0.000036 	 0.000043
  200 	 0.000031 	 0.000036 	 0.000043
  201 	 0.000031 	 0.000036 	 0.000044
  202 	 0.000032 	 0.000036 	 0.000043
  203 	 0.000032 	 0.000036 	 0.000044
  204 	 0.000032 	 0.000037 	 0.000045
  205 	 0.000031 	 0.000037 	 0.000047
  206 	 0.000031 	 0.000037 	 0.000045
  207 	 0.000031 	 0.000037 	 0.000044
  208 	 0.000031 	 0.000036 	 0.000044
  209 	 0.000031 	 0.000036 	 0.000045
  210 	 0.000032 	 0.000036 	 0.000045
  211 	 0.000032 	 0.000036 	 0.000042
  212 	 0.000031 	 0.000036 	 0.000043
  213 	 0.000032 	 0.000036 	 0.000044
  214 	 0.000031 	 0.000036 	 0.000042
  215 	 0.000031 	 0.000036 	 0.000042
  216 	 0.000031 	 0.000036 	 0.000043
  217 	 0.000031 	 0.000036 	 0.000042
  218 	 0.000032 	 0.000036 	 0.000041
  219 	 0.000031 	 0.000036 	 0.000041
  220 	 0.000030 	 0.000036 	 0.000043
  221 	 0.000031 	 0.000036 	 0.000043
  222 	 0.000030 	 0.000036 	 0.000043
  223 	 0.000030 	 0.000036 	 0.000042
  224 	 0.000031 	 0.000036 	 0.000043
  225 	 0.000031 	 0.000036 	 0.000045
  226 	 0.000030 	 0.000036 	 0.000042
  227 	 0.000031 	 0.000036 	 0.000045
  228 	 0.000030 	 0.000036 	 0.000042
  229 	 0.000031 	 0.000036 	 0.000043
  230 	 0.000032 	 0.000036 	 0.000043
  231 	 0.000031 	 0.000036 	 0.000041
  232 	 0.000031 	 0.000036 	 0.000041
  233 	 0.000031 	 0.000036 	 0.000041
  234 	 0.000031 	 0.000036 	 0.000041
  235 	 0.000031 	 0.000036 	 0.000041
  236 	 0.000031 	 0.000036 	 0.000044
  237 	 0.000031 	 0.000036 	 0.000043
  238 	 0.000031 	 0.000036 	 0.000042
  239 	 0.000031 	 0.000036 	 0.000040
  240 	 0.000031 	 0.000035 	 0.000042
  241 	 0.000030 	 0.000035 	 0.000044
  242 	 0.000030 	 0.000036 	 0.000042
  243 	 0.000031 	 0.000036 	 0.000043
  244 	 0.000030 	 0.000036 	 0.000041
  245 	 0.000030 	 0.000036 	 0.000041
  246 	 0.000031 	 0.000036 	 0.000042
  247 	 0.000030 	 0.000036 	 0.000042
  248 	 0.000030 	 0.000036 	 0.000042
  249 	 0.000031 	 0.000036 	 0.000042
  250 	 0.000030 	 0.000036 	 0.000041
  251 	 0.000031 	 0.000036 	 0.000041
  252 	 0.000032 	 0.000036 	 0.000042
  253 	 0.000031 	 0.000036 	 0.000044
  254 	 0.000031 	 0.000036 	 0.000042
  255 	 0.000031 	 0.000036 	 0.000042
  256 	 0.000031 	 0.000035 	 0.000040
  257 	 0.000031 	 0.000035 	 0.000041
  258 	 0.000031 	 0.000036 	 0.000042
  259 	 0.000029 	 0.000036 	 0.000043
  260 	 0.000031 	 0.000036 	 0.000042
  261 	 0.000031 	 0.000036 	 0.000043
  262 	 0.000031 	 0.000036 	 0.000044
  263 	 0.000030 	 0.000036 	 0.000045
  264 	 0.000031 	 0.000036 	 0.000043
  265 	 0.000031 	 0.000036 	 0.000044
  266 	 0.000031 	 0.000036 	 0.000043
  267 	 0.000030 	 0.000036 	 0.000045
  268 	 0.000031 	 0.000036 	 0.000045
  269 	 0.000030 	 0.000036 	 0.000044
  270 	 0.000030 	 0.000036 	 0.000043
  271 	 0.000030 	 0.000036 	 0.000044
  272 	 0.000032 	 0.000036 	 0.000043
  273 	 0.000029 	 0.000037 	 0.000044
  274 	 0.000031 	 0.000037 	 0.000047
  275 	 0.000032 	 0.000037 	 0.000046
  276 	 0.000031 	 0.000036 	 0.000046
  277 	 0.000031 	 0.000036 	 0.000043
  278 	 0.000032 	 0.000037 	 0.000051
  279 	 0.000031 	 0.000037 	 0.000045
  280 	 0.000031 	 0.000037 	 0.000048
  281 	 0.000031 	 0.000037 	 0.000046
  282 	 0.000031 	 0.000037 	 0.000043
  283 	 0.000031 	 0.000036 	 0.000044
  284 	 0.000030 	 0.000037 	 0.000044
  285 	 0.000032 	 0.000037 	 0.000043
  286 	 0.000032 	 0.000037 	 0.000045
  287 	 0.000032 	 0.000037 	 0.000046
  288 	 0.000031 	 0.000037 	 0.000044
  289 	 0.000031 	 0.000037 	 0.000043
  290 	 0.000030 	 0.000037 	 0.000045
  291 	 0.000031 	 0.000037 	 0.000045
  292 	 0.000032 	 0.000037 	 0.000044
  293 	 0.000032 	 0.000037 	 0.000045
  294 	 0.000031 	 0.000037 	 0.000045
  295 	 0.000032 	 0.000037 	 0.000044
  296 	 0.000032 	 0.000037 	 0.000047
  297 	 0.000032 	 0.000037 	 0.000045
  298 	 0.000032 	 0.000037 	 0.000046
  299 	 0.000030 	 0.000037 	 0.000045
  300 	 0.000031 	 0.000037 	 0.000046
  301 	 0.000032 	 0.000037 	 0.000046
  302 	 0.000031 	 0.000037 	 0.000043
  303 	 0.000031 	 0.000037 	 0.000043
  304 	 0.000031 	 0.000037 	 0.000042
  305 	 0.000031 	 0.000036 	 0.000044
  306 	 0.000031 	 0.000036 	 0.000043
  307 	 0.000031 	 0.000036 	 0.000043
  308 	 0.000031 	 0.000036 	 0.000043
  309 	 0.000031 	 0.000036 	 0.000045
  310 	 0.000032 	 0.000036 	 0.000044
  311 	 0.000031 	 0.000036 	 0.000046
  312 	 0.000030 	 0.000036 	 0.000046
  313 	 0.000031 	 0.000036 	 0.000046
  314 	 0.000031 	 0.000036 	 0.000041
  315 	 0.000032 	 0.000036 	 0.000043
  316 	 0.000032 	 0.000036 	 0.000042
  317 	 0.000030 	 0.000036 	 0.000042
  318 	 0.000032 	 0.000036 	 0.000046
  319 	 0.000032 	 0.000036 	 0.000043
  320 	 0.000031 	 0.000036 	 0.000045
  321 	 0.000030 	 0.000036 	 0.000046
  322 	 0.000032 	 0.000036 	 0.000046
  323 	 0.000031 	 0.000036 	 0.000041
  324 	 0.000031 	 0.000036 	 0.000043
  325 	 0.000031 	 0.000037 	 0.000043
  326 	 0.000032 	 0.000037 	 0.000045
  327 	 0.000030 	 0.000037 	 0.000045
  328 	 0.000031 	 0.000037 	 0.000045
  329 	 0.000031 	 0.000037 	 0.000042
  330 	 0.000032 	 0.000037 	 0.000044
  331 	 0.000030 	 0.000036 	 0.000044
  332 	 0.000029 	 0.000036 	 0.000043
  333 	 0.000031 	 0.000036 	 0.000048
  334 	 0.000030 	 0.000036 	 0.000047
  335 	 0.000030 	 0.000036 	 0.000042
  336 	 0.000031 	 0.000036 	 0.000042
  337 	 0.000031 	 0.000036 	 0.000043
  338 	 0.000031 	 0.000036 	 0.000042
  339 	 0.000031 	 0.000037 	 0.000044
  340 	 0.000032 	 0.000036 	 0.000044
  341 	 0.000031 	 0.000037 	 0.000044
  342 	 0.000032 	 0.000037 	 0.000044
  343 	 0.000032 	 0.000037 	 0.000043
  344 	 0.000031 	 0.000037 	 0.000043
  345 	 0.000031 	 0.000036 	 0.000047
  346 	 0.000030 	 0.000036 	 0.000043
  347 	 0.000031 	 0.000036 	 0.000045
  348 	 0.000032 	 0.000036 	 0.000049
  349 	 0.000032 	 0.000037 	 0.000048
  350 	 0.000031 	 0.000036 	 0.000046
  351 	 0.000030 	 0.000036 	 0.000042
  352 	 0.000031 	 0.000036 	 0.000042
  353 	 0.000031 	 0.000036 	 0.000041
  354 	 0.000030 	 0.000036 	 0.000042
  355 	 0.000031 	 0.000036 	 0.000041
  356 	 0.000031 	 0.000035 	 0.000041
  357 	 0.000032 	 0.000036 	 0.000042
  358 	 0.000031 	 0.000036 	 0.000042
  359 	 0.000031 	 0.000036 	 0.000044
  360 	 0.000031 	 0.000036 	 0.000042
  361 	 0.000031 	 0.000036 	 0.000043
  362 	 0.000031 	 0.000036 	 0.000046
  363 	 0.000031 	 0.000036 	 0.000045
  364 	 0.000031 	 0.000036 	 0.000043
  365 	 0.000031 	 0.000036 	 0.000042
  366 	 0.000031 	 0.000036 	 0.000042
  367 	 0.000030 	 0.000036 	 0.000043
  368 	 0.000031 	 0.000036 	 0.000042
  369 	 0.000031 	 0.000036 	 0.000042
  370 	 0.000031 	 0.000036 	 0.000042
  371 	 0.000031 	 0.000036 	 0.000043
  372 	 0.000030 	 0.000036 	 0.000045
  373 	 0.000029 	 0.000036 	 0.000043
  374 	 0.000031 	 0.000036 	 0.000042
  375 	 0.000030 	 0.000036 	 0.000041
  376 	 0.000031 	 0.000036 	 0.000043
  377 	 0.000030 	 0.000036 	 0.000043
  378 	 0.000030 	 0.000036 	 0.000044
  379 	 0.000030 	 0.000036 	 0.000043
  380 	 0.000030 	 0.000036 	 0.000043
  381 	 0.000030 	 0.000036 	 0.000045
  382 	 0.000030 	 0.000036 	 0.000043
  383 	 0.000030 	 0.000036 	 0.000046
  384 	 0.000030 	 0.000036 	 0.000046
  385 	 0.000031 	 0.000036 	 0.000044
  386 	 0.000030 	 0.000036 	 0.000046
  387 	 0.000031 	 0.000036 	 0.000043
  388 	 0.000032 	 0.000036 	 0.000042
  389 	 0.000031 	 0.000036 	 0.000043
  390 	 0.000031 	 0.000036 	 0.000044
  391 	 0.000030 	 0.000036 	 0.000043
  392 	 0.000031 	 0.000037 	 0.000043
  393 	 0.000031 	 0.000036 	 0.000045
  394 	 0.000031 	 0.000036 	 0.000044
  395 	 0.000031 	 0.000036 	 0.000044
  396 	 0.000031 	 0.000036 	 0.000043
  397 	 0.000031 	 0.000036 	 0.000044
  398 	 0.000031 	 0.000036 	 0.000044
  399 	 0.000032 	 0.000036 	 0.000043
  400 	 0.000031 	 0.000036 	 0.000043
  401 	 0.000031 	 0.000036 	 0.000047
  402 	 0.000031 	 0.000036 	 0.000044
  403 	 0.000030 	 0.000037 	 0.000045
  404 	 0.000030 	 0.000037 	 0.000047
  405 	 0.000030 	 0.000037 	 0.000047
  406 	 0.000031 	 0.000037 	 0.000045
  407 	 0.000031 	 0.000037 	 0.000045
  408 	 0.000030 	 0.000037 	 0.000049
  409 	 0.000031 	 0.000037 	 0.000045
  410 	 0.000031 	 0.000037 	 0.000045
  411 	 0.000032 	 0.000037 	 0.000045
  412 	 0.000031 	 0.000037 	 0.000046
  413 	 0.000031 	 0.000037 	 0.000046
  414 	 0.000031 	 0.000037 	 0.000044
  415 	 0.000031 	 0.000036 	 0.000042
  416 	 0.000031 	 0.000037 	 0.000043
  417 	 0.000031 	 0.000037 	 0.000043
  418 	 0.000031 	 0.000037 	 0.000044
  419 	 0.000032 	 0.000036 	 0.000044
  420 	 0.000031 	 0.000036 	 0.000047
  421 	 0.000030 	 0.000036 	 0.000047
  422 	 0.000031 	 0.000036 	 0.000045
  423 	 0.000030 	 0.000037 	 0.000045
  424 	 0.000032 	 0.000037 	 0.000044
  425 	 0.000032 	 0.000037 	 0.000047
  426 	 0.000032 	 0.000037 	 0.000048
  427 	 0.000031 	 0.000037 	 0.000044
  428 	 0.000032 	 0.000037 	 0.000048
  429 	 0.000031 	 0.000037 	 0.000047
  430 	 0.000032 	 0.000037 	 0.000045
  431 	 0.000032 	 0.000037 	 0.000047
  432 	 0.000032 	 0.000037 	 0.000046
  433 	 0.000031 	 0.000037 	 0.000045
  434 	 0.000032 	 0.000037 	 0.000044
  435 	 0.000031 	 0.000037 	 0.000049
  436 	 0.000031 	 0.000037 	 0.000049
  437 	 0.000032 	 0.000037 	 0.000045
  438 	 0.000032 	 0.000037 	 0.000044
  439 	 0.000031 	 0.000037 	 0.000044
  440 	 0.000031 	 0.000037 	 0.000045
  441 	 0.000031 	 0.000037 	 0.000044
  442 	 0.000031 	 0.000037 	 0.000043
  443 	 0.000031 	 0.000037 	 0.000043
  444 	 0.000031 	 0.000037 	 0.000043
  445 	 0.000032 	 0.000037 	 0.000044
  446 	 0.000031 	 0.000037 	 0.000044
  447 	 0.000031 	 0.000037 	 0.000042
  448 	 0.000031 	 0.000037 	 0.000043
  449 	 0.000031 	 0.000037 	 0.000043
  450 	 0.000032 	 0.000037 	 0.000044
  451 	 0.000031 	 0.000037 	 0.000043
  452 	 0.000032 	 0.000037 	 0.000045
  453 	 0.000032 	 0.000037 	 0.000044
  454 	 0.000030 	 0.000037 	 0.000045
  455 	 0.000031 	 0.000037 	 0.000045
  456 	 0.000032 	 0.000037 	 0.000044
  457 	 0.000031 	 0.000037 	 0.000043
  458 	 0.000031 	 0.000037 	 0.000045
  459 	 0.000032 	 0.000037 	 0.000045
  460 	 0.000032 	 0.000037 	 0.000044
  461 	 0.000031 	 0.000037 	 0.000044
  462 	 0.000031 	 0.000037 	 0.000043
  463 	 0.000032 	 0.000037 	 0.000046
  464 	 0.000032 	 0.000037 	 0.000043
  465 	 0.000031 	 0.000037 	 0.000045
  466 	 0.000031 	 0.000037 	 0.000043
  467 	 0.000031 	 0.000037 	 0.000043
  468 	 0.000031 	 0.000037 	 0.000044
  469 	 0.000032 	 0.000036 	 0.000044
  470 	 0.000031 	 0.000037 	 0.000045
  471 	 0.000031 	 0.000037 	 0.000047
  472 	 0.000031 	 0.000037 	 0.000046
  473 	 0.000031 	 0.000037 	 0.000044
  474 	 0.000031 	 0.000036 	 0.000045
  475 	 0.000031 	 0.000036 	 0.000042
  476 	 0.000031 	 0.000036 	 0.000044
  477 	 0.000031 	 0.000037 	 0.000043
  478 	 0.000031 	 0.000037 	 0.000044
  479 	 0.000031 	 0.000037 	 0.000044
  480 	 0.000030 	 0.000037 	 0.000046
  481 	 0.000031 	 0.000037 	 0.000045
  482 	 0.000032 	 0.000037 	 0.000046
  483 	 0.000031 	 0.000037 	 0.000045
  484 	 0.000032 	 0.000037 	 0.000044
  485 	 0.000031 	 0.000037 	 0.000045
  486 	 0.000031 	 0.000037 	 0.000045
  487 	 0.000031 	 0.000037 	 0.000042
  488 	 0.000031 	 0.000036 	 0.000043
  489 	 0.000031 	 0.000036 	 0.000042
  490 	 0.000031 	 0.000036 	 0.000043
  491 	 0.000030 	 0.000036 	 0.000047
  492 	 0.000031 	 0.000036 	 0.000044
  493 	 0.000031 	 0.000036 	 0.000043
  494 	 0.000031 	 0.000036 	 0.000042
  495 	 0.000031 	 0.000036 	 0.000043
  496 	 0.000031 	 0.000036 	 0.000042
  497 	 0.000031 	 0.000036 	 0.000042
  498 	 0.000031 	 0.000036 	 0.000042
  499 	 0.000029 	 0.000036 	 0.000042
 