   0 	 0.000029 	 0.000034 	 0.000041
    1 	 0.000030 	 0.000034 	 0.000041
    2 	 0.000030 	 0.000035 	 0.000041
    3 	 0.000029 	 0.000035 	 0.000043
    4 	 0.000031 	 0.000035 	 0.000041
    5 	 0.000031 	 0.000035 	 0.000045
    6 	 0.000031 	 0.000035 	 0.000041
    7 	 0.000031 	 0.000035 	 0.000041
    8 	 0.000030 	 0.000035 	 0.000042
    9 	 0.000030 	 0.000035 	 0.000044
   10 	 0.000030 	 0.000035 	 0.000042
   11 	 0.000031 	 0.000035 	 0.000046
   12 	 0.000031 	 0.000036 	 0.000043
   13 	 0.000030 	 0.000036 	 0.000046
   14 	 0.000030 	 0.000036 	 0.000046
   15 	 0.000030 	 0.000035 	 0.000043
   16 	 0.000031 	 0.000036 	 0.000044
   17 	 0.000030 	 0.000035 	 0.000044
   18 	 0.000031 	 0.000036 	 0.000045
   19 	 0.000030 	 0.000035 	 0.000042
   20 	 0.000031 	 0.000036 	 0.000043
   21 	 0.000031 	 0.000036 	 0.000043
   22 	 0.000030 	 0.000036 	 0.000042
   23 	 0.000031 	 0.000036 	 0.000045
   24 	 0.000031 	 0.000036 	 0.000044
   25 	 0.000031 	 0.000036 	 0.000042
   26 	 0.000031 	 0.000036 	 0.000041
   27 	 0.000032 	 0.000036 	 0.000042
   28 	 0.000031 	 0.000036 	 0.000044
   29 	 0.000031 	 0.000036 	 0.000042
   30 	 0.000029 	 0.000036 	 0.000044
   31 	 0.000030 	 0.000035 	 0.000045
   32 	 0.000031 	 0.000036 	 0.000046
   33 	 0.000031 	 0.000036 	 0.000044
   34 	 0.000031 	 0.000036 	 0.000044
   35 	 0.000031 	 0.000036 	 0.000044
   36 	 0.000029 	 0.000036 	 0.000044
   37 	 0.000031 	 0.000036 	 0.000043
   38 	 0.000031 	 0.000036 	 0.000043
   39 	 0.000030 	 0.000036 	 0.000044
   40 	 0.000031 	 0.000036 	 0.000044
   41 	 0.000031 	 0.000036 	 0.000045
   42 	 0.000031 	 0.000036 	 0.000042
   43 	 0.000031 	 0.000036 	 0.000042
   44 	 0.000031 	 0.000036 	 0.000041
   45 	 0.000031 	 0.000036 	 0.000043
   46 	 0.000031 	 0.000036 	 0.000043
   47 	 0.000030 	 0.000036 	 0.000044
   48 	 0.000030 	 0.000036 	 0.000046
   49 	 0.000031 	 0.000036 	 0.000044
   50 	 0.000030 	 0.000036 	 0.000045
   51 	 0.000030 	 0.000036 	 0.000044
   52 	 0.000031 	 0.000036 	 0.000048
   53 	 0.000031 	 0.000036 	 0.000047
   54 	 0.000031 	 0.000036 	 0.000045
   55 	 0.000031 	 0.000036 	 0.000043
   56 	 0.000031 	 0.000036 	 0.000042
   57 	 0.000030 	 0.000036 	 0.000042
   58 	 0.000031 	 0.000036 	 0.000044
   59 	 0.000031 	 0.000036 	 0.000042
   60 	 0.000031 	 0.000036 	 0.000043
   61 	 0.000030 	 0.000036 	 0.000043
   62 	 0.000030 	 0.000036 	 0.000043
   63 	 0.000030 	 0.000036 	 0.000045
   64 	 0.000031 	 0.000036 	 0.000045
   65 	 0.000031 	 0.000036 	 0.000044
   66 	 0.000030 	 0.000036 	 0.000045
   67 	 0.000031 	 0.000036 	 0.000045
   68 	 0.000030 	 0.000036 	 0.000043
   69 	 0.000031 	 0.000036 	 0.000047
   70 	 0.000031 	 0.000036 	 0.000045
   71 	 0.000031 	 0.000036 	 0.000044
   72 	 0.000030 	 0.000036 	 0.000043
   73 	 0.000030 	 0.000036 	 0.000044
   74 	 0.000030 	 0.000036 	 0.000045
   75 	 0.000030 	 0.000036 	 0.000044
   76 	 0.000030 	 0.000036 	 0.000045
   77 	 0.000030 	 0.000036 	 0.000045
   78 	 0.000029 	 0.000036 	 0.000050
   79 	 0.000031 	 0.000036 	 0.000048
   80 	 0.000030 	 0.000036 	 0.000046
   81 	 0.000030 	 0.000036 	 0.000044
   82 	 0.000031 	 0.000036 	 0.000043
   83 	 0.000031 	 0.000036 	 0.000044
   84 	 0.000031 	 0.000036 	 0.000042
   85 	 0.000031 	 0.000036 	 0.000045
   86 	 0.000030 	 0.000036 	 0.000042
   87 	 0.000030 	 0.000036 	 0.000044
   88 	 0.000030 	 0.000036 	 0.000042
   89 	 0.000031 	 0.000036 	 0.000043
   90 	 0.000030 	 0.000036 	 0.000044
   91 	 0.000030 	 0.000036 	 0.000046
   92 	 0.000031 	 0.000037 	 0.000042
   93 	 0.000031 	 0.000037 	 0.000045
   94 	 0.000031 	 0.000036 	 0.000045
   95 	 0.000031 	 0.000036 	 0.000044
   96 	 0.000030 	 0.000036 	 0.000045
   97 	 0.000031 	 0.000036 	 0.000046
   98 	 0.000031 	 0.000036 	 0.000046
   99 	 0.000031 	 0.000036 	 0.000046
  100 	 0.000030 	 0.000036 	 0.000042
  101 	 0.000030 	 0.000036 	 0.000045
  102 	 0.000031 	 0.000036 	 0.000044
  103 	 0.000032 	 0.000036 	 0.000042
  104 	 0.000031 	 0.000036 	 0.000044
  105 	 0.000032 	 0.000036 	 0.000043
  106 	 0.000031 	 0.000037 	 0.000044
  107 	 0.000031 	 0.000036 	 0.000044
  108 	 0.000030 	 0.000036 	 0.000043
  109 	 0.000031 	 0.000036 	 0.000044
  110 	 0.000031 	 0.000036 	 0.000043
  111 	 0.000031 	 0.000036 	 0.000043
  112 	 0.000031 	 0.000036 	 0.000043
  113 	 0.000031 	 0.000036 	 0.000042
  114 	 0.000030 	 0.000036 	 0.000042
  115 	 0.000031 	 0.000036 	 0.000043
  116 	 0.000030 	 0.000036 	 0.000044
  117 	 0.000031 	 0.000036 	 0.000044
  118 	 0.000031 	 0.000036 	 0.000045
  119 	 0.000032 	 0.000036 	 0.000043
  120 	 0.000031 	 0.000036 	 0.000044
  121 	 0.000030 	 0.000036 	 0.000043
  122 	 0.000030 	 0.000036 	 0.000043
  123 	 0.000030 	 0.000036 	 0.000042
  124 	 0.000030 	 0.000036 	 0.000044
  125 	 0.000030 	 0.000036 	 0.000045
  126 	 0.000031 	 0.000037 	 0.000046
  127 	 0.000031 	 0.000037 	 0.000045
  128 	 0.000031 	 0.000037 	 0.000046
  129 	 0.000031 	 0.000037 	 0.000044
  130 	 0.000031 	 0.000036 	 0.000045
  131 	 0.000030 	 0.000036 	 0.000045
  132 	 0.000031 	 0.000036 	 0.000046
  133 	 0.000031 	 0.000036 	 0.000046
  134 	 0.000031 	 0.000036 	 0.000044
  135 	 0.000031 	 0.000036 	 0.000043
  136 	 0.000030 	 0.000036 	 0.000046
  137 	 0.000031 	 0.000036 	 0.000043
  138 	 0.000031 	 0.000036 	 0.000042
  139 	 0.000031 	 0.000036 	 0.000042
  140 	 0.000031 	 0.000037 	 0.000044
  141 	 0.000031 	 0.000037 	 0.000044
  142 	 0.000031 	 0.000037 	 0.000043
  143 	 0.000031 	 0.000037 	 0.000045
  144 	 0.000030 	 0.000037 	 0.000044
  145 	 0.000031 	 0.000037 	 0.000043
  146 	 0.000030 	 0.000037 	 0.000044
  147 	 0.000029 	 0.000037 	 0.000044
  148 	 0.000031 	 0.000037 	 0.000043
  149 	 0.000031 	 0.000037 	 0.000045
  150 	 0.000032 	 0.000037 	 0.000043
  151 	 0.000032 	 0.000037 	 0.000046
  152 	 0.000032 	 0.000037 	 0.000047
  153 	 0.000031 	 0.000037 	 0.000046
  154 	 0.000032 	 0.000037 	 0.000044
  155 	 0.000031 	 0.000037 	 0.000044
  156 	 0.000031 	 0.000036 	 0.000045
  157 	 0.000031 	 0.000036 	 0.000045
  158 	 0.000030 	 0.000036 	 0.000045
  159 	 0.000031 	 0.000036 	 0.000045
  160 	 0.000030 	 0.000036 	 0.000043
  161 	 0.000029 	 0.000036 	 0.000044
  162 	 0.000030 	 0.000036 	 0.000045
  163 	 0.000030 	 0.000036 	 0.000043
  164 	 0.000031 	 0.000036 	 0.000043
  165 	 0.000031 	 0.000036 	 0.000042
  166 	 0.000031 	 0.000036 	 0.000044
  167 	 0.000032 	 0.000036 	 0.000044
  168 	 0.000031 	 0.000036 	 0.000043
  169 	 0.000031 	 0.000036 	 0.000044
  170 	 0.000031 	 0.000036 	 0.000044
  171 	 0.000031 	 0.000036 	 0.000046
  172 	 0.000031 	 0.000036 	 0.000044
  173 	 0.000031 	 0.000036 	 0.000045
  174 	 0.000031 	 0.000036 	 0.000047
  175 	 0.000031 	 0.000037 	 0.000046
  176 	 0.000031 	 0.000037 	 0.000048
  177 	 0.000032 	 0.000037 	 0.000047
  178 	 0.000031 	 0.000037 	 0.000046
  179 	 0.000032 	 0.000037 	 0.000045
  180 	 0.000032 	 0.000037 	 0.000049
  181 	 0.000030 	 0.000037 	 0.000043
  182 	 0.000031 	 0.000037 	 0.000044
  183 	 0.000031 	 0.000037 	 0.000044
  184 	 0.000031 	 0.000037 	 0.000044
  185 	 0.000031 	 0.000037 	 0.000043
  186 	 0.000031 	 0.000037 	 0.000043
  187 	 0.000031 	 0.000036 	 0.000045
  188 	 0.000031 	 0.000036 	 0.000044
  189 	 0.000030 	 0.000036 	 0.000045
  190 	 0.000030 	 0.000036 	 0.000044
  191 	 0.000031 	 0.000036 	 0.000041
  192 	 0.000031 	 0.000036 	 0.000043
  193 	 0.000032 	 0.000036 	 0.000043
  194 	 0.000032 	 0.000037 	 0.000046
  195 	 0.000032 	 0.000037 	 0.000044
  196 	 0.000031 	 0.000037 	 0.000045
  197 	 0.000031 	 0.000036 	 0.000044
  198 	 0.000031 	 0.000036 	 0.000046
  199 	 0.000030 	 0.000036 	 0.000044
  200 	 0.000030 	 0.000036 	 0.000043
  201 	 0.000032 	 0.000037 	 0.000043
  202 	 0.000031 	 0.000037 	 0.000046
  203 	 0.000030 	 0.000036 	 0.000046
  204 	 0.000032 	 0.000037 	 0.000043
  205 	 0.000031 	 0.000037 	 0.000043
  206 	 0.000031 	 0.000036 	 0.000042
  207 	 0.000031 	 0.000036 	 0.000045
  208 	 0.000031 	 0.000036 	 0.000043
  209 	 0.000031 	 0.000036 	 0.000042
  210 	 0.000031 	 0.000036 	 0.000046
  211 	 0.000030 	 0.000036 	 0.000044
  212 	 0.000031 	 0.000036 	 0.000042
  213 	 0.000029 	 0.000036 	 0.000042
  214 	 0.000030 	 0.000036 	 0.000042
  215 	 0.000030 	 0.000036 	 0.000042
  216 	 0.000031 	 0.000036 	 0.000045
  217 	 0.000032 	 0.000036 	 0.000043
  218 	 0.000031 	 0.000036 	 0.000043
  219 	 0.000031 	 0.000036 	 0.000043
  220 	 0.000031 	 0.000036 	 0.000042
  221 	 0.000031 	 0.000036 	 0.000044
  222 	 0.000032 	 0.000036 	 0.000043
  223 	 0.000032 	 0.000036 	 0.000043
  224 	 0.000032 	 0.000036 	 0.000042
  225 	 0.000031 	 0.000036 	 0.000042
  226 	 0.000031 	 0.000036 	 0.000042
  227 	 0.000032 	 0.000036 	 0.000043
  228 	 0.000031 	 0.000036 	 0.000042
  229 	 0.000030 	 0.000036 	 0.000043
  230 	 0.000030 	 0.000036 	 0.000043
  231 	 0.000030 	 0.000036 	 0.000043
  232 	 0.000031 	 0.000036 	 0.000043
  233 	 0.000032 	 0.000036 	 0.000041
  234 	 0.000031 	 0.000036 	 0.000042
  235 	 0.000032 	 0.000036 	 0.000043
  236 	 0.000031 	 0.000036 	 0.000042
  237 	 0.000032 	 0.000036 	 0.000045
  238 	 0.000032 	 0.000036 	 0.000043
  239 	 0.000031 	 0.000036 	 0.000045
  240 	 0.000031 	 0.000036 	 0.000042
  241 	 0.000030 	 0.000036 	 0.000042
  242 	 0.000030 	 0.000036 	 0.000047
  243 	 0.000032 	 0.000036 	 0.000046
  244 	 0.000031 	 0.000036 	 0.000044
  245 	 0.000031 	 0.000036 	 0.000044
  246 	 0.000030 	 0.000036 	 0.000042
  247 	 0.000031 	 0.000036 	 0.000041
  248 	 0.000031 	 0.000036 	 0.000042
  249 	 0.000031 	 0.000036 	 0.000043
  250 	 0.000031 	 0.000036 	 0.000043
  251 	 0.000031 	 0.000036 	 0.000042
  252 	 0.000032 	 0.000036 	 0.000044
  253 	 0.000030 	 0.000036 	 0.000044
  254 	 0.000031 	 0.000036 	 0.000043
  255 	 0.000031 	 0.000036 	 0.000044
  256 	 0.000031 	 0.000036 	 0.000044
  257 	 0.000031 	 0.000036 	 0.000044
  258 	 0.000032 	 0.000036 	 0.000044
  259 	 0.000031 	 0.000036 	 0.000042
  260 	 0.000031 	 0.000036 	 0.000043
  261 	 0.000032 	 0.000036 	 0.000045
  262 	 0.000031 	 0.000036 	 0.000042
  263 	 0.000031 	 0.000036 	 0.000045
  264 	 0.000031 	 0.000036 	 0.000044
  265 	 0.000031 	 0.000036 	 0.000044
  266 	 0.000031 	 0.000036 	 0.000045
  267 	 0.000031 	 0.000036 	 0.000045
  268 	 0.000031 	 0.000036 	 0.000045
  269 	 0.000032 	 0.000036 	 0.000046
  270 	 0.000030 	 0.000036 	 0.000045
  271 	 0.000031 	 0.000037 	 0.000045
  272 	 0.000031 	 0.000036 	 0.000045
  273 	 0.000032 	 0.000037 	 0.000047
  274 	 0.000031 	 0.000037 	 0.000049
  275 	 0.000031 	 0.000037 	 0.000048
  276 	 0.000031 	 0.000037 	 0.000045
  277 	 0.000031 	 0.000036 	 0.000045
  278 	 0.000031 	 0.000036 	 0.000045
  279 	 0.000031 	 0.000036 	 0.000046
  280 	 0.000031 	 0.000036 	 0.000044
  281 	 0.000029 	 0.000036 	 0.000044
  282 	 0.000030 	 0.000036 	 0.000043
  283 	 0.000031 	 0.000036 	 0.000042
  284 	 0.000032 	 0.000037 	 0.000044
  285 	 0.000032 	 0.000037 	 0.000043
  286 	 0.000031 	 0.000037 	 0.000044
  287 	 0.000031 	 0.000037 	 0.000044
  288 	 0.000031 	 0.000037 	 0.000047
  289 	 0.000031 	 0.000037 	 0.000045
  290 	 0.000030 	 0.000037 	 0.000045
  291 	 0.000030 	 0.000037 	 0.000046
  292 	 0.000029 	 0.000037 	 0.000047
  293 	 0.000031 	 0.000037 	 0.000047
  294 	 0.000032 	 0.000037 	 0.000043
  295 	 0.000031 	 0.000037 	 0.000045
  296 	 0.000032 	 0.000037 	 0.000045
  297 	 0.000031 	 0.000037 	 0.000043
  298 	 0.000031 	 0.000036 	 0.000044
  299 	 0.000030 	 0.000036 	 0.000042
  300 	 0.000031 	 0.000036 	 0.000043
  301 	 0.000031 	 0.000036 	 0.000042
  302 	 0.000030 	 0.000036 	 0.000043
  303 	 0.000030 	 0.000037 	 0.000044
  304 	 0.000030 	 0.000037 	 0.000043
  305 	 0.000030 	 0.000036 	 0.000042
  306 	 0.000031 	 0.000036 	 0.000043
  307 	 0.000031 	 0.000036 	 0.000043
  308 	 0.000031 	 0.000036 	 0.000043
  309 	 0.000032 	 0.000036 	 0.000041
  310 	 0.000030 	 0.000036 	 0.000044
  311 	 0.000032 	 0.000036 	 0.000042
  312 	 0.000031 	 0.000036 	 0.000043
  313 	 0.000031 	 0.000037 	 0.000047
  314 	 0.000031 	 0.000037 	 0.000043
  315 	 0.000031 	 0.000037 	 0.000044
  316 	 0.000031 	 0.000036 	 0.000043
  317 	 0.000031 	 0.000036 	 0.000043
  318 	 0.000031 	 0.000037 	 0.000044
  319 	 0.000031 	 0.000037 	 0.000043
  320 	 0.000032 	 0.000037 	 0.000043
  321 	 0.000031 	 0.000037 	 0.000043
  322 	 0.000032 	 0.000037 	 0.000044
  323 	 0.000032 	 0.000037 	 0.000045
  324 	 0.000031 	 0.000037 	 0.000043
  325 	 0.000032 	 0.000036 	 0.000045
  326 	 0.000031 	 0.000036 	 0.000044
  327 	 0.000032 	 0.000036 	 0.000044
  328 	 0.000032 	 0.000036 	 0.000042
  329 	 0.000031 	 0.000036 	 0.000042
  330 	 0.000031 	 0.000036 	 0.000043
  331 	 0.000031 	 0.000036 	 0.000045
  332 	 0.000031 	 0.000036 	 0.000043
  333 	 0.000032 	 0.000036 	 0.000043
  334 	 0.000031 	 0.000036 	 0.000045
  335 	 0.000032 	 0.000036 	 0.000045
  336 	 0.000031 	 0.000036 	 0.000043
  337 	 0.000031 	 0.000036 	 0.000044
  338 	 0.000031 	 0.000036 	 0.000045
  339 	 0.000031 	 0.000036 	 0.000045
  340 	 0.000030 	 0.000036 	 0.000045
  341 	 0.000030 	 0.000036 	 0.000045
  342 	 0.000031 	 0.000036 	 0.000045
  343 	 0.000031 	 0.000036 	 0.000042
  344 	 0.000030 	 0.000036 	 0.000042
  345 	 0.000031 	 0.000036 	 0.000046
  346 	 0.000031 	 0.000036 	 0.000043
  347 	 0.000031 	 0.000036 	 0.000044
  348 	 0.000031 	 0.000036 	 0.000044
  349 	 0.000031 	 0.000036 	 0.000045
  350 	 0.000031 	 0.000036 	 0.000043
  351 	 0.000030 	 0.000036 	 0.000043
  352 	 0.000029 	 0.000036 	 0.000043
  353 	 0.000029 	 0.000036 	 0.000041
  354 	 0.000031 	 0.000036 	 0.000043
  355 	 0.000031 	 0.000036 	 0.000043
  356 	 0.000031 	 0.000036 	 0.000042
  357 	 0.000029 	 0.000036 	 0.000042
  358 	 0.000030 	 0.000036 	 0.000044
  359 	 0.000030 	 0.000036 	 0.000042
  360 	 0.000031 	 0.000036 	 0.000043
  361 	 0.000030 	 0.000035 	 0.000044
  362 	 0.000030 	 0.000036 	 0.000044
  363 	 0.000030 	 0.000036 	 0.000043
  364 	 0.000030 	 0.000036 	 0.000045
  365 	 0.000031 	 0.000036 	 0.000042
  366 	 0.000030 	 0.000036 	 0.000044
  367 	 0.000030 	 0.000036 	 0.000045
  368 	 0.000031 	 0.000036 	 0.000043
  369 	 0.000032 	 0.000036 	 0.000043
  370 	 0.000031 	 0.000036 	 0.000043
  371 	 0.000029 	 0.000036 	 0.000044
  372 	 0.000029 	 0.000037 	 0.000043
  373 	 0.000030 	 0.000037 	 0.000045
  374 	 0.000031 	 0.000037 	 0.000046
  375 	 0.000032 	 0.000037 	 0.000044
  376 	 0.000032 	 0.000037 	 0.000047
  377 	 0.000030 	 0.000036 	 0.000045
  378 	 0.000031 	 0.000036 	 0.000046
  379 	 0.000031 	 0.000036 	 0.000049
  380 	 0.000031 	 0.000036 	 0.000042
  381 	 0.000031 	 0.000036 	 0.000042
  382 	 0.000029 	 0.000036 	 0.000043
  383 	 0.000031 	 0.000036 	 0.000042
  384 	 0.000031 	 0.000036 	 0.000043
  385 	 0.000031 	 0.000036 	 0.000043
  386 	 0.000031 	 0.000036 	 0.000044
  387 	 0.000030 	 0.000036 	 0.000042
  388 	 0.000030 	 0.000036 	 0.000042
  389 	 0.000030 	 0.000036 	 0.000045
  390 	 0.000031 	 0.000036 	 0.000043
  391 	 0.000032 	 0.000036 	 0.000044
  392 	 0.000031 	 0.000036 	 0.000045
  393 	 0.000031 	 0.000036 	 0.000044
  394 	 0.000031 	 0.000036 	 0.000044
  395 	 0.000030 	 0.000036 	 0.000042
  396 	 0.000031 	 0.000036 	 0.000044
  397 	 0.000031 	 0.000036 	 0.000043
  398 	 0.000031 	 0.000036 	 0.000042
  399 	 0.000031 	 0.000037 	 0.000043
  400 	 0.000030 	 0.000037 	 0.000045
  401 	 0.000031 	 0.000037 	 0.000046
  402 	 0.000032 	 0.000036 	 0.000047
  403 	 0.000031 	 0.000037 	 0.000047
  404 	 0.000031 	 0.000037 	 0.000046
  405 	 0.000030 	 0.000036 	 0.000048
  406 	 0.000032 	 0.000036 	 0.000044
  407 	 0.000030 	 0.000036 	 0.000044
  408 	 0.000029 	 0.000036 	 0.000044
  409 	 0.000031 	 0.000036 	 0.000043
  410 	 0.000030 	 0.000036 	 0.000042
  411 	 0.000030 	 0.000036 	 0.000046
  412 	 0.000030 	 0.000036 	 0.000045
  413 	 0.000032 	 0.000036 	 0.000042
  414 	 0.000031 	 0.000037 	 0.000045
  415 	 0.000031 	 0.000037 	 0.000044
  416 	 0.000032 	 0.000036 	 0.000044
  417 	 0.000031 	 0.000036 	 0.000044
  418 	 0.000032 	 0.000037 	 0.000045
  419 	 0.000032 	 0.000036 	 0.000044
  420 	 0.000032 	 0.000036 	 0.000042
  421 	 0.000031 	 0.000036 	 0.000044
  422 	 0.000030 	 0.000036 	 0.000044
  423 	 0.000030 	 0.000036 	 0.000042
  424 	 0.000031 	 0.000036 	 0.000043
  425 	 0.000032 	 0.000036 	 0.000043
  426 	 0.000031 	 0.000036 	 0.000046
  427 	 0.000031 	 0.000036 	 0.000042
  428 	 0.000031 	 0.000036 	 0.000048
  429 	 0.000030 	 0.000036 	 0.000042
  430 	 0.000031 	 0.000035 	 0.000042
  431 	 0.000030 	 0.000035 	 0.000042
  432 	 0.000031 	 0.000035 	 0.000042
  433 	 0.000030 	 0.000035 	 0.000041
  434 	 0.000031 	 0.000036 	 0.000041
  435 	 0.000031 	 0.000036 	 0.000042
  436 	 0.000030 	 0.000035 	 0.000041
  437 	 0.000031 	 0.000036 	 0.000041
  438 	 0.000031 	 0.000036 	 0.000042
  439 	 0.000031 	 0.000036 	 0.000043
  440 	 0.000031 	 0.000036 	 0.000043
  441 	 0.000031 	 0.000036 	 0.000042
  442 	 0.000031 	 0.000036 	 0.000041
  443 	 0.000031 	 0.000036 	 0.000044
  444 	 0.000031 	 0.000036 	 0.000042
  445 	 0.000032 	 0.000036 	 0.000042
  446 	 0.000029 	 0.000036 	 0.000042
  447 	 0.000031 	 0.000036 	 0.000044
  448 	 0.000032 	 0.000036 	 0.000043
  449 	 0.000030 	 0.000036 	 0.000045
  450 	 0.000031 	 0.000036 	 0.000043
  451 	 0.000030 	 0.000036 	 0.000042
  452 	 0.000030 	 0.000036 	 0.000044
  453 	 0.000030 	 0.000036 	 0.000044
  454 	 0.000031 	 0.000036 	 0.000044
  455 	 0.000032 	 0.000036 	 0.000043
  456 	 0.000031 	 0.000036 	 0.000044
  457 	 0.000030 	 0.000036 	 0.000043
  458 	 0.000029 	 0.000036 	 0.000042
  459 	 0.000030 	 0.000036 	 0.000047
  460 	 0.000031 	 0.000036 	 0.000041
  461 	 0.000031 	 0.000035 	 0.000042
  462 	 0.000030 	 0.000035 	 0.000043
  463 	 0.000030 	 0.000036 	 0.000043
  464 	 0.000030 	 0.000036 	 0.000043
  465 	 0.000031 	 0.000035 	 0.000041
  466 	 0.000031 	 0.000035 	 0.000040
  467 	 0.000030 	 0.000036 	 0.000042
  468 	 0.000031 	 0.000036 	 0.000043
  469 	 0.000032 	 0.000036 	 0.000043
  470 	 0.000031 	 0.000036 	 0.000043
  471 	 0.000031 	 0.000035 	 0.000042
  472 	 0.000030 	 0.000036 	 0.000043
  473 	 0.000030 	 0.000036 	 0.000042
  474 	 0.000030 	 0.000036 	 0.000043
  475 	 0.000030 	 0.000035 	 0.000041
  476 	 0.000031 	 0.000036 	 0.000042
  477 	 0.000030 	 0.000036 	 0.000044
  478 	 0.000030 	 0.000036 	 0.000044
  479 	 0.000031 	 0.000036 	 0.000042
  480 	 0.000031 	 0.000036 	 0.000045
  481 	 0.000031 	 0.000036 	 0.000043
  482 	 0.000031 	 0.000036 	 0.000041
  483 	 0.000031 	 0.000036 	 0.000042
  484 	 0.000031 	 0.000036 	 0.000040
  485 	 0.000030 	 0.000036 	 0.000045
  486 	 0.000031 	 0.000036 	 0.000046
  487 	 0.000030 	 0.000036 	 0.000042
  488 	 0.000031 	 0.000036 	 0.000043
  489 	 0.000031 	 0.000036 	 0.000043
  490 	 0.000030 	 0.000036 	 0.000044
  491 	 0.000031 	 0.000037 	 0.000044
  492 	 0.000031 	 0.000037 	 0.000043
  493 	 0.000031 	 0.000037 	 0.000046
  494 	 0.000031 	 0.000037 	 0.000048
  495 	 0.000031 	 0.000037 	 0.000048
  496 	 0.000032 	 0.000037 	 0.000047
  497 	 0.000031 	 0.000037 	 0.000048
  498 	 0.000031 	 0.000037 	 0.000050
  499 	 0.000032 	 0.000037 	 0.000046
 