   0 	 0.000030 	 0.000034 	 0.000039
    1 	 0.000030 	 0.000034 	 0.000039
    2 	 0.000030 	 0.000034 	 0.000041
    3 	 0.000030 	 0.000034 	 0.000042
    4 	 0.000029 	 0.000034 	 0.000043
    5 	 0.000031 	 0.000035 	 0.000041
    6 	 0.000031 	 0.000035 	 0.000040
    7 	 0.000030 	 0.000035 	 0.000041
    8 	 0.000031 	 0.000035 	 0.000041
    9 	 0.000031 	 0.000035 	 0.000040
   10 	 0.000031 	 0.000035 	 0.000040
   11 	 0.000031 	 0.000035 	 0.000041
   12 	 0.000030 	 0.000035 	 0.000041
   13 	 0.000031 	 0.000035 	 0.000041
   14 	 0.000030 	 0.000035 	 0.000043
   15 	 0.000030 	 0.000036 	 0.000042
   16 	 0.000031 	 0.000035 	 0.000042
   17 	 0.000030 	 0.000035 	 0.000043
   18 	 0.000031 	 0.000035 	 0.000043
   19 	 0.000031 	 0.000036 	 0.000043
   20 	 0.000031 	 0.000036 	 0.000042
   21 	 0.000031 	 0.000036 	 0.000042
   22 	 0.000030 	 0.000036 	 0.000043
   23 	 0.000030 	 0.000036 	 0.000045
   24 	 0.000031 	 0.000036 	 0.000046
   25 	 0.000031 	 0.000036 	 0.000045
   26 	 0.000031 	 0.000036 	 0.000046
   27 	 0.000031 	 0.000036 	 0.000044
   28 	 0.000030 	 0.000036 	 0.000043
   29 	 0.000031 	 0.000036 	 0.000043
   30 	 0.000031 	 0.000036 	 0.000043
   31 	 0.000031 	 0.000036 	 0.000043
   32 	 0.000032 	 0.000036 	 0.000042
   33 	 0.000031 	 0.000036 	 0.000045
   34 	 0.000030 	 0.000036 	 0.000044
   35 	 0.000031 	 0.000036 	 0.000043
   36 	 0.000030 	 0.000036 	 0.000042
   37 	 0.000031 	 0.000037 	 0.000044
   38 	 0.000031 	 0.000037 	 0.000043
   39 	 0.000031 	 0.000037 	 0.000045
   40 	 0.000032 	 0.000037 	 0.000044
   41 	 0.000031 	 0.000036 	 0.000044
   42 	 0.000032 	 0.000036 	 0.000043
   43 	 0.000032 	 0.000036 	 0.000042
   44 	 0.000032 	 0.000036 	 0.000043
   45 	 0.000031 	 0.000036 	 0.000042
   46 	 0.000031 	 0.000036 	 0.000044
   47 	 0.000030 	 0.000036 	 0.000044
   48 	 0.000030 	 0.000036 	 0.000044
   49 	 0.000031 	 0.000036 	 0.000043
   50 	 0.000031 	 0.000036 	 0.000046
   51 	 0.000031 	 0.000036 	 0.000042
   52 	 0.000031 	 0.000036 	 0.000046
   53 	 0.000030 	 0.000036 	 0.000043
   54 	 0.000030 	 0.000036 	 0.000042
   55 	 0.000030 	 0.000036 	 0.000043
   56 	 0.000032 	 0.000036 	 0.000043
   57 	 0.000031 	 0.000036 	 0.000044
   58 	 0.000030 	 0.000036 	 0.000046
   59 	 0.000031 	 0.000036 	 0.000043
   60 	 0.000031 	 0.000036 	 0.000043
   61 	 0.000030 	 0.000036 	 0.000043
   62 	 0.000029 	 0.000036 	 0.000047
   63 	 0.000029 	 0.000036 	 0.000044
   64 	 0.000029 	 0.000036 	 0.000042
   65 	 0.000031 	 0.000036 	 0.000042
   66 	 0.000031 	 0.000036 	 0.000045
   67 	 0.000031 	 0.000036 	 0.000044
   68 	 0.000030 	 0.000036 	 0.000042
   69 	 0.000031 	 0.000036 	 0.000041
   70 	 0.000031 	 0.000036 	 0.000042
   71 	 0.000031 	 0.000036 	 0.000042
   72 	 0.000030 	 0.000036 	 0.000041
   73 	 0.000031 	 0.000036 	 0.000042
   74 	 0.000031 	 0.000036 	 0.000043
   75 	 0.000031 	 0.000036 	 0.000045
   76 	 0.000030 	 0.000036 	 0.000045
   77 	 0.000031 	 0.000036 	 0.000043
   78 	 0.000030 	 0.000036 	 0.000044
   79 	 0.000029 	 0.000036 	 0.000042
   80 	 0.000031 	 0.000036 	 0.000043
   81 	 0.000031 	 0.000036 	 0.000044
   82 	 0.000032 	 0.000036 	 0.000045
   83 	 0.000031 	 0.000036 	 0.000044
   84 	 0.000032 	 0.000037 	 0.000045
   85 	 0.000031 	 0.000036 	 0.000046
   86 	 0.000032 	 0.000036 	 0.000046
   87 	 0.000032 	 0.000037 	 0.000050
   88 	 0.000031 	 0.000037 	 0.000049
   89 	 0.000031 	 0.000036 	 0.000049
   90 	 0.000031 	 0.000037 	 0.000049
   91 	 0.000031 	 0.000037 	 0.000047
   92 	 0.000031 	 0.000037 	 0.000045
   93 	 0.000030 	 0.000037 	 0.000042
   94 	 0.000031 	 0.000036 	 0.000045
   95 	 0.000031 	 0.000037 	 0.000045
   96 	 0.000032 	 0.000037 	 0.000043
   97 	 0.000032 	 0.000037 	 0.000044
   98 	 0.000031 	 0.000037 	 0.000045
   99 	 0.000031 	 0.000036 	 0.000043
  100 	 0.000032 	 0.000036 	 0.000044
  101 	 0.000030 	 0.000036 	 0.000043
  102 	 0.000030 	 0.000037 	 0.000046
  103 	 0.000031 	 0.000037 	 0.000044
  104 	 0.000031 	 0.000037 	 0.000043
  105 	 0.000031 	 0.000036 	 0.000044
  106 	 0.000031 	 0.000037 	 0.000044
  107 	 0.000031 	 0.000037 	 0.000045
  108 	 0.000032 	 0.000037 	 0.000045
  109 	 0.000031 	 0.000037 	 0.000045
  110 	 0.000028 	 0.000037 	 0.000044
  111 	 0.000030 	 0.000037 	 0.000048
  112 	 0.000032 	 0.000037 	 0.000047
  113 	 0.000031 	 0.000037 	 0.000045
  114 	 0.000032 	 0.000037 	 0.000044
  115 	 0.000032 	 0.000037 	 0.000043
  116 	 0.000032 	 0.000037 	 0.000044
  117 	 0.000031 	 0.000037 	 0.000044
  118 	 0.000031 	 0.000037 	 0.000044
  119 	 0.000032 	 0.000037 	 0.000044
  120 	 0.000031 	 0.000037 	 0.000044
  121 	 0.000031 	 0.000037 	 0.000047
  122 	 0.000031 	 0.000037 	 0.000047
  123 	 0.000031 	 0.000037 	 0.000046
  124 	 0.000029 	 0.000037 	 0.000048
  125 	 0.000031 	 0.000037 	 0.000045
  126 	 0.000033 	 0.000037 	 0.000044
  127 	 0.000032 	 0.000038 	 0.000044
  128 	 0.000033 	 0.000038 	 0.000047
  129 	 0.000032 	 0.000037 	 0.000045
  130 	 0.000032 	 0.000038 	 0.000045
  131 	 0.000032 	 0.000037 	 0.000046
  132 	 0.000032 	 0.000037 	 0.000044
  133 	 0.000032 	 0.000037 	 0.000043
  134 	 0.000031 	 0.000037 	 0.000048
  135 	 0.000031 	 0.000038 	 0.000049
  136 	 0.000032 	 0.000037 	 0.000046
  137 	 0.000032 	 0.000038 	 0.000047
  138 	 0.000030 	 0.000037 	 0.000048
  139 	 0.000031 	 0.000037 	 0.000048
  140 	 0.000031 	 0.000037 	 0.000044
  141 	 0.000031 	 0.000037 	 0.000042
  142 	 0.000031 	 0.000037 	 0.000043
  143 	 0.000031 	 0.000037 	 0.000044
  144 	 0.000032 	 0.000037 	 0.000044
  145 	 0.000032 	 0.000037 	 0.000045
  146 	 0.000031 	 0.000037 	 0.000043
  147 	 0.000032 	 0.000036 	 0.000044
  148 	 0.000030 	 0.000036 	 0.000044
  149 	 0.000031 	 0.000037 	 0.000045
  150 	 0.000031 	 0.000037 	 0.000044
  151 	 0.000031 	 0.000037 	 0.000045
  152 	 0.000030 	 0.000037 	 0.000043
  153 	 0.000031 	 0.000037 	 0.000044
  154 	 0.000031 	 0.000036 	 0.000043
  155 	 0.000030 	 0.000036 	 0.000043
  156 	 0.000031 	 0.000036 	 0.000043
  157 	 0.000032 	 0.000036 	 0.000042
  158 	 0.000031 	 0.000036 	 0.000043
  159 	 0.000031 	 0.000036 	 0.000044
  160 	 0.000030 	 0.000037 	 0.000043
  161 	 0.000031 	 0.000037 	 0.000042
  162 	 0.000031 	 0.000037 	 0.000044
  163 	 0.000031 	 0.000036 	 0.000043
  164 	 0.000031 	 0.000036 	 0.000043
  165 	 0.000031 	 0.000036 	 0.000043
  166 	 0.000031 	 0.000036 	 0.000042
  167 	 0.000031 	 0.000037 	 0.000042
  168 	 0.000031 	 0.000036 	 0.000043
  169 	 0.000031 	 0.000036 	 0.000044
  170 	 0.000031 	 0.000037 	 0.000044
  171 	 0.000032 	 0.000037 	 0.000045
  172 	 0.000031 	 0.000037 	 0.000046
  173 	 0.000031 	 0.000037 	 0.000047
  174 	 0.000030 	 0.000037 	 0.000049
  175 	 0.000031 	 0.000037 	 0.000045
  176 	 0.000032 	 0.000037 	 0.000045
  177 	 0.000032 	 0.000037 	 0.000045
  178 	 0.000031 	 0.000036 	 0.000044
  179 	 0.000032 	 0.000037 	 0.000043
  180 	 0.000031 	 0.000036 	 0.000048
  181 	 0.000030 	 0.000036 	 0.000045
  182 	 0.000031 	 0.000037 	 0.000044
  183 	 0.000031 	 0.000037 	 0.000045
  184 	 0.000030 	 0.000036 	 0.000044
  185 	 0.000031 	 0.000036 	 0.000045
  186 	 0.000031 	 0.000036 	 0.000044
  187 	 0.000031 	 0.000036 	 0.000044
  188 	 0.000031 	 0.000036 	 0.000045
  189 	 0.000030 	 0.000036 	 0.000044
  190 	 0.000029 	 0.000036 	 0.000044
  191 	 0.000030 	 0.000036 	 0.000044
  192 	 0.000030 	 0.000036 	 0.000044
  193 	 0.000030 	 0.000036 	 0.000043
  194 	 0.000031 	 0.000036 	 0.000042
  195 	 0.000031 	 0.000036 	 0.000042
  196 	 0.000032 	 0.000036 	 0.000042
  197 	 0.000031 	 0.000036 	 0.000043
  198 	 0.000031 	 0.000036 	 0.000044
  199 	 0.000031 	 0.000036 	 0.000043
  200 	 0.000031 	 0.000036 	 0.000041
  201 	 0.000031 	 0.000036 	 0.000043
  202 	 0.000031 	 0.000036 	 0.000042
  203 	 0.000031 	 0.000036 	 0.000042
  204 	 0.000030 	 0.000036 	 0.000042
  205 	 0.000031 	 0.000036 	 0.000043
  206 	 0.000030 	 0.000036 	 0.000043
  207 	 0.000031 	 0.000036 	 0.000044
  208 	 0.000031 	 0.000036 	 0.000044
  209 	 0.000030 	 0.000036 	 0.000043
  210 	 0.000031 	 0.000036 	 0.000044
  211 	 0.000032 	 0.000036 	 0.000046
  212 	 0.000032 	 0.000036 	 0.000044
  213 	 0.000032 	 0.000036 	 0.000045
  214 	 0.000031 	 0.000036 	 0.000044
  215 	 0.000031 	 0.000036 	 0.000045
  216 	 0.000031 	 0.000036 	 0.000043
  217 	 0.000030 	 0.000036 	 0.000045
  218 	 0.000031 	 0.000036 	 0.000045
  219 	 0.000031 	 0.000036 	 0.000045
  220 	 0.000030 	 0.000036 	 0.000045
  221 	 0.000031 	 0.000036 	 0.000043
  222 	 0.000030 	 0.000036 	 0.000043
  223 	 0.000031 	 0.000036 	 0.000042
  224 	 0.000031 	 0.000036 	 0.000043
  225 	 0.000031 	 0.000036 	 0.000043
  226 	 0.000032 	 0.000036 	 0.000043
  227 	 0.000031 	 0.000036 	 0.000042
  228 	 0.000031 	 0.000037 	 0.000042
  229 	 0.000031 	 0.000037 	 0.000043
  230 	 0.000030 	 0.000037 	 0.000044
  231 	 0.000031 	 0.000037 	 0.000044
  232 	 0.000032 	 0.000037 	 0.000045
  233 	 0.000030 	 0.000037 	 0.000046
  234 	 0.000031 	 0.000037 	 0.000044
  235 	 0.000032 	 0.000037 	 0.000045
  236 	 0.000031 	 0.000037 	 0.000046
  237 	 0.000031 	 0.000037 	 0.000044
  238 	 0.000031 	 0.000036 	 0.000043
  239 	 0.000031 	 0.000036 	 0.000043
  240 	 0.000031 	 0.000036 	 0.000045
  241 	 0.000031 	 0.000036 	 0.000044
  242 	 0.000030 	 0.000037 	 0.000044
  243 	 0.000031 	 0.000037 	 0.000045
  244 	 0.000031 	 0.000036 	 0.000045
  245 	 0.000031 	 0.000037 	 0.000043
  246 	 0.000031 	 0.000037 	 0.000043
  247 	 0.000030 	 0.000037 	 0.000043
  248 	 0.000031 	 0.000036 	 0.000043
  249 	 0.000031 	 0.000036 	 0.000041
  250 	 0.000030 	 0.000036 	 0.000046
  251 	 0.000031 	 0.000036 	 0.000045
  252 	 0.000032 	 0.000036 	 0.000046
  253 	 0.000030 	 0.000036 	 0.000044
  254 	 0.000029 	 0.000036 	 0.000047
  255 	 0.000030 	 0.000036 	 0.000045
  256 	 0.000031 	 0.000036 	 0.000045
  257 	 0.000030 	 0.000036 	 0.000045
  258 	 0.000031 	 0.000036 	 0.000042
  259 	 0.000031 	 0.000035 	 0.000044
  260 	 0.000031 	 0.000035 	 0.000041
  261 	 0.000031 	 0.000035 	 0.000042
  262 	 0.000030 	 0.000035 	 0.000042
  263 	 0.000031 	 0.000035 	 0.000041
  264 	 0.000031 	 0.000035 	 0.000042
  265 	 0.000031 	 0.000035 	 0.000042
  266 	 0.000031 	 0.000035 	 0.000041
  267 	 0.000031 	 0.000036 	 0.000041
  268 	 0.000031 	 0.000036 	 0.000041
  269 	 0.000029 	 0.000035 	 0.000040
  270 	 0.000030 	 0.000036 	 0.000045
  271 	 0.000031 	 0.000036 	 0.000042
  272 	 0.000031 	 0.000036 	 0.000041
  273 	 0.000029 	 0.000036 	 0.000043
  274 	 0.000032 	 0.000036 	 0.000044
  275 	 0.000031 	 0.000036 	 0.000046
  276 	 0.000031 	 0.000036 	 0.000043
  277 	 0.000031 	 0.000036 	 0.000044
  278 	 0.000031 	 0.000036 	 0.000042
  279 	 0.000030 	 0.000036 	 0.000041
  280 	 0.000031 	 0.000036 	 0.000042
  281 	 0.000032 	 0.000036 	 0.000043
  282 	 0.000031 	 0.000036 	 0.000043
  283 	 0.000031 	 0.000036 	 0.000044
  284 	 0.000031 	 0.000036 	 0.000046
  285 	 0.000031 	 0.000036 	 0.000043
  286 	 0.000031 	 0.000036 	 0.000043
  287 	 0.000031 	 0.000036 	 0.000043
  288 	 0.000032 	 0.000036 	 0.000042
  289 	 0.000031 	 0.000036 	 0.000043
  290 	 0.000031 	 0.000036 	 0.000042
  291 	 0.000030 	 0.000036 	 0.000042
  292 	 0.000031 	 0.000036 	 0.000041
  293 	 0.000031 	 0.000036 	 0.000041
  294 	 0.000031 	 0.000036 	 0.000043
  295 	 0.000030 	 0.000036 	 0.000042
  296 	 0.000031 	 0.000036 	 0.000043
  297 	 0.000031 	 0.000036 	 0.000044
  298 	 0.000030 	 0.000036 	 0.000042
  299 	 0.000030 	 0.000036 	 0.000042
  300 	 0.000031 	 0.000036 	 0.000042
  301 	 0.000031 	 0.000036 	 0.000043
  302 	 0.000030 	 0.000036 	 0.000042
  303 	 0.000030 	 0.000036 	 0.000041
  304 	 0.000031 	 0.000036 	 0.000043
  305 	 0.000030 	 0.000036 	 0.000041
  306 	 0.000031 	 0.000036 	 0.000041
  307 	 0.000031 	 0.000036 	 0.000042
  308 	 0.000031 	 0.000036 	 0.000042
  309 	 0.000030 	 0.000036 	 0.000041
  310 	 0.000031 	 0.000036 	 0.000042
  311 	 0.000032 	 0.000036 	 0.000042
  312 	 0.000031 	 0.000036 	 0.000042
  313 	 0.000031 	 0.000036 	 0.000042
  314 	 0.000031 	 0.000035 	 0.000041
  315 	 0.000030 	 0.000035 	 0.000041
  316 	 0.000030 	 0.000035 	 0.000043
  317 	 0.000032 	 0.000036 	 0.000043
  318 	 0.000031 	 0.000036 	 0.000043
  319 	 0.000031 	 0.000036 	 0.000043
  320 	 0.000031 	 0.000036 	 0.000043
  321 	 0.000031 	 0.000036 	 0.000043
  322 	 0.000030 	 0.000036 	 0.000043
  323 	 0.000031 	 0.000035 	 0.000043
  324 	 0.000031 	 0.000035 	 0.000042
  325 	 0.000030 	 0.000035 	 0.000042
  326 	 0.000031 	 0.000036 	 0.000041
  327 	 0.000031 	 0.000036 	 0.000044
  328 	 0.000030 	 0.000035 	 0.000042
  329 	 0.000030 	 0.000035 	 0.000045
  330 	 0.000031 	 0.000035 	 0.000041
  331 	 0.000031 	 0.000036 	 0.000043
  332 	 0.000030 	 0.000036 	 0.000043
  333 	 0.000030 	 0.000036 	 0.000042
  334 	 0.000030 	 0.000036 	 0.000043
  335 	 0.000031 	 0.000036 	 0.000043
  336 	 0.000031 	 0.000036 	 0.000042
  337 	 0.000030 	 0.000036 	 0.000044
  338 	 0.000030 	 0.000036 	 0.000044
  339 	 0.000031 	 0.000036 	 0.000045
  340 	 0.000030 	 0.000036 	 0.000043
  341 	 0.000031 	 0.000036 	 0.000044
  342 	 0.000031 	 0.000036 	 0.000043
  343 	 0.000030 	 0.000036 	 0.000043
  344 	 0.000031 	 0.000036 	 0.000044
  345 	 0.000031 	 0.000036 	 0.000044
  346 	 0.000031 	 0.000036 	 0.000041
  347 	 0.000031 	 0.000036 	 0.000042
  348 	 0.000031 	 0.000036 	 0.000045
  349 	 0.000031 	 0.000036 	 0.000045
  350 	 0.000030 	 0.000036 	 0.000043
  351 	 0.000030 	 0.000036 	 0.000043
  352 	 0.000031 	 0.000036 	 0.000041
  353 	 0.000030 	 0.000036 	 0.000042
  354 	 0.000030 	 0.000036 	 0.000042
  355 	 0.000031 	 0.000036 	 0.000045
  356 	 0.000032 	 0.000036 	 0.000042
  357 	 0.000031 	 0.000036 	 0.000043
  358 	 0.000031 	 0.000036 	 0.000043
  359 	 0.000030 	 0.000036 	 0.000044
  360 	 0.000030 	 0.000036 	 0.000043
  361 	 0.000031 	 0.000036 	 0.000047
  362 	 0.000031 	 0.000036 	 0.000044
  363 	 0.000031 	 0.000036 	 0.000043
  364 	 0.000031 	 0.000036 	 0.000046
  365 	 0.000030 	 0.000036 	 0.000043
  366 	 0.000031 	 0.000036 	 0.000044
  367 	 0.000031 	 0.000036 	 0.000043
  368 	 0.000030 	 0.000036 	 0.000044
  369 	 0.000031 	 0.000036 	 0.000045
  370 	 0.000031 	 0.000036 	 0.000044
  371 	 0.000031 	 0.000036 	 0.000044
  372 	 0.000032 	 0.000036 	 0.000044
  373 	 0.000031 	 0.000037 	 0.000044
  374 	 0.000031 	 0.000036 	 0.000042
  375 	 0.000031 	 0.000036 	 0.000045
  376 	 0.000031 	 0.000036 	 0.000045
  377 	 0.000031 	 0.000036 	 0.000044
  378 	 0.000031 	 0.000036 	 0.000042
  379 	 0.000031 	 0.000036 	 0.000044
  380 	 0.000031 	 0.000036 	 0.000042
  381 	 0.000031 	 0.000036 	 0.000044
  382 	 0.000031 	 0.000036 	 0.000043
  383 	 0.000031 	 0.000037 	 0.000042
  384 	 0.000031 	 0.000037 	 0.000044
  385 	 0.000030 	 0.000037 	 0.000043
  386 	 0.000031 	 0.000037 	 0.000042
  387 	 0.000031 	 0.000036 	 0.000041
  388 	 0.000032 	 0.000036 	 0.000043
  389 	 0.000031 	 0.000036 	 0.000044
  390 	 0.000032 	 0.000036 	 0.000043
  391 	 0.000030 	 0.000036 	 0.000042
  392 	 0.000032 	 0.000036 	 0.000044
  393 	 0.000031 	 0.000036 	 0.000043
  394 	 0.000031 	 0.000036 	 0.000042
  395 	 0.000031 	 0.000036 	 0.000042
  396 	 0.000032 	 0.000036 	 0.000043
  397 	 0.000031 	 0.000036 	 0.000045
  398 	 0.000031 	 0.000036 	 0.000043
  399 	 0.000031 	 0.000036 	 0.000042
  400 	 0.000031 	 0.000036 	 0.000042
  401 	 0.000030 	 0.000036 	 0.000044
  402 	 0.000031 	 0.000036 	 0.000045
  403 	 0.000031 	 0.000036 	 0.000043
  404 	 0.000031 	 0.000036 	 0.000044
  405 	 0.000031 	 0.000036 	 0.000044
  406 	 0.000032 	 0.000037 	 0.000043
  407 	 0.000030 	 0.000037 	 0.000044
  408 	 0.000032 	 0.000037 	 0.000044
  409 	 0.000031 	 0.000037 	 0.000043
  410 	 0.000032 	 0.000037 	 0.000044
  411 	 0.000031 	 0.000037 	 0.000047
  412 	 0.000030 	 0.000037 	 0.000046
  413 	 0.000031 	 0.000037 	 0.000044
  414 	 0.000031 	 0.000036 	 0.000043
  415 	 0.000031 	 0.000037 	 0.000048
  416 	 0.000030 	 0.000036 	 0.000045
  417 	 0.000031 	 0.000036 	 0.000046
  418 	 0.000030 	 0.000036 	 0.000044
  419 	 0.000031 	 0.000036 	 0.000043
  420 	 0.000032 	 0.000036 	 0.000045
  421 	 0.000031 	 0.000036 	 0.000047
  422 	 0.000031 	 0.000036 	 0.000045
  423 	 0.000031 	 0.000036 	 0.000043
  424 	 0.000030 	 0.000036 	 0.000042
  425 	 0.000030 	 0.000036 	 0.000042
  426 	 0.000030 	 0.000035 	 0.000041
  427 	 0.000031 	 0.000035 	 0.000042
  428 	 0.000030 	 0.000035 	 0.000044
  429 	 0.000030 	 0.000035 	 0.000045
  430 	 0.000030 	 0.000035 	 0.000044
  431 	 0.000031 	 0.000035 	 0.000044
  432 	 0.000030 	 0.000035 	 0.000042
  433 	 0.000031 	 0.000035 	 0.000041
  434 	 0.000031 	 0.000035 	 0.000044
  435 	 0.000031 	 0.000035 	 0.000047
  436 	 0.000031 	 0.000036 	 0.000044
  437 	 0.000031 	 0.000036 	 0.000044
  438 	 0.000031 	 0.000036 	 0.000045
  439 	 0.000031 	 0.000036 	 0.000045
  440 	 0.000031 	 0.000036 	 0.000042
  441 	 0.000032 	 0.000036 	 0.000045
  442 	 0.000031 	 0.000036 	 0.000046
  443 	 0.000030 	 0.000036 	 0.000041
  444 	 0.000031 	 0.000036 	 0.000045
  445 	 0.000031 	 0.000036 	 0.000042
  446 	 0.000030 	 0.000036 	 0.000044
  447 	 0.000030 	 0.000036 	 0.000042
  448 	 0.000031 	 0.000036 	 0.000043
  449 	 0.000031 	 0.000036 	 0.000045
  450 	 0.000031 	 0.000036 	 0.000045
  451 	 0.000031 	 0.000036 	 0.000044
  452 	 0.000031 	 0.000036 	 0.000043
  453 	 0.000031 	 0.000036 	 0.000044
  454 	 0.000030 	 0.000036 	 0.000044
  455 	 0.000031 	 0.000036 	 0.000043
  456 	 0.000031 	 0.000036 	 0.000043
  457 	 0.000031 	 0.000036 	 0.000042
  458 	 0.000032 	 0.000036 	 0.000043
  459 	 0.000031 	 0.000036 	 0.000043
  460 	 0.000031 	 0.000036 	 0.000042
  461 	 0.000030 	 0.000036 	 0.000042
  462 	 0.000031 	 0.000036 	 0.000045
  463 	 0.000031 	 0.000036 	 0.000046
  464 	 0.000032 	 0.000036 	 0.000042
  465 	 0.000032 	 0.000036 	 0.000042
  466 	 0.000031 	 0.000036 	 0.000044
  467 	 0.000031 	 0.000036 	 0.000046
  468 	 0.000032 	 0.000036 	 0.000043
  469 	 0.000031 	 0.000036 	 0.000043
  470 	 0.000031 	 0.000036 	 0.000043
  471 	 0.000032 	 0.000036 	 0.000044
  472 	 0.000032 	 0.000036 	 0.000044
  473 	 0.000031 	 0.000036 	 0.000043
  474 	 0.000032 	 0.000036 	 0.000042
  475 	 0.000030 	 0.000036 	 0.000043
  476 	 0.000031 	 0.000036 	 0.000043
  477 	 0.000031 	 0.000036 	 0.000042
  478 	 0.000031 	 0.000036 	 0.000043
  479 	 0.000031 	 0.000036 	 0.000043
  480 	 0.000031 	 0.000036 	 0.000045
  481 	 0.000032 	 0.000036 	 0.000043
  482 	 0.000030 	 0.000036 	 0.000044
  483 	 0.000032 	 0.000036 	 0.000042
  484 	 0.000031 	 0.000036 	 0.000043
  485 	 0.000031 	 0.000036 	 0.000043
  486 	 0.000031 	 0.000036 	 0.000043
  487 	 0.000031 	 0.000036 	 0.000044
  488 	 0.000030 	 0.000036 	 0.000044
  489 	 0.000030 	 0.000037 	 0.000043
  490 	 0.000030 	 0.000037 	 0.000043
  491 	 0.000032 	 0.000037 	 0.000043
  492 	 0.000031 	 0.000037 	 0.000048
  493 	 0.000031 	 0.000037 	 0.000047
  494 	 0.000032 	 0.000037 	 0.000045
  495 	 0.000031 	 0.000037 	 0.000046
  496 	 0.000031 	 0.000037 	 0.000049
  497 	 0.000031 	 0.000037 	 0.000045
  498 	 0.000030 	 0.000037 	 0.000045
  499 	 0.000031 	 0.000036 	 0.000044
 