   0 	 0.000030 	 0.000034 	 0.000040
    1 	 0.000030 	 0.000034 	 0.000042
    2 	 0.000029 	 0.000034 	 0.000040
    3 	 0.000030 	 0.000035 	 0.000039
    4 	 0.000030 	 0.000035 	 0.000042
    5 	 0.000031 	 0.000035 	 0.000042
    6 	 0.000031 	 0.000035 	 0.000043
    7 	 0.000030 	 0.000035 	 0.000042
    8 	 0.000030 	 0.000035 	 0.000042
    9 	 0.000031 	 0.000035 	 0.000043
   10 	 0.000030 	 0.000035 	 0.000040
   11 	 0.000030 	 0.000035 	 0.000042
   12 	 0.000031 	 0.000036 	 0.000042
   13 	 0.000029 	 0.000036 	 0.000042
   14 	 0.000029 	 0.000036 	 0.000042
   15 	 0.000030 	 0.000036 	 0.000041
   16 	 0.000031 	 0.000036 	 0.000043
   17 	 0.000030 	 0.000036 	 0.000043
   18 	 0.000031 	 0.000036 	 0.000042
   19 	 0.000030 	 0.000036 	 0.000043
   20 	 0.000031 	 0.000036 	 0.000043
   21 	 0.000031 	 0.000036 	 0.000046
   22 	 0.000031 	 0.000036 	 0.000043
   23 	 0.000031 	 0.000037 	 0.000046
   24 	 0.000031 	 0.000036 	 0.000045
   25 	 0.000032 	 0.000037 	 0.000045
   26 	 0.000032 	 0.000037 	 0.000044
   27 	 0.000030 	 0.000037 	 0.000045
   28 	 0.000032 	 0.000037 	 0.000044
   29 	 0.000032 	 0.000038 	 0.000045
   30 	 0.000031 	 0.000037 	 0.000049
   31 	 0.000032 	 0.000037 	 0.000047
   32 	 0.000031 	 0.000037 	 0.000046
   33 	 0.000031 	 0.000037 	 0.000047
   34 	 0.000032 	 0.000037 	 0.000046
   35 	 0.000032 	 0.000037 	 0.000046
   36 	 0.000031 	 0.000037 	 0.000045
   37 	 0.000032 	 0.000037 	 0.000048
   38 	 0.000032 	 0.000037 	 0.000048
   39 	 0.000031 	 0.000037 	 0.000045
   40 	 0.000032 	 0.000037 	 0.000046
   41 	 0.000031 	 0.000037 	 0.000046
   42 	 0.000032 	 0.000037 	 0.000043
   43 	 0.000032 	 0.000037 	 0.000042
   44 	 0.000031 	 0.000037 	 0.000042
   45 	 0.000030 	 0.000036 	 0.000043
   46 	 0.000030 	 0.000036 	 0.000043
   47 	 0.000030 	 0.000036 	 0.000043
   48 	 0.000032 	 0.000037 	 0.000044
   49 	 0.000032 	 0.000037 	 0.000044
   50 	 0.000031 	 0.000036 	 0.000043
   51 	 0.000031 	 0.000036 	 0.000045
   52 	 0.000032 	 0.000036 	 0.000042
   53 	 0.000031 	 0.000037 	 0.000044
   54 	 0.000031 	 0.000036 	 0.000043
   55 	 0.000030 	 0.000036 	 0.000046
   56 	 0.000030 	 0.000036 	 0.000044
   57 	 0.000030 	 0.000036 	 0.000044
   58 	 0.000031 	 0.000036 	 0.000043
   59 	 0.000030 	 0.000036 	 0.000044
   60 	 0.000031 	 0.000036 	 0.000042
   61 	 0.000031 	 0.000036 	 0.000044
   62 	 0.000031 	 0.000036 	 0.000042
   63 	 0.000032 	 0.000036 	 0.000042
   64 	 0.000030 	 0.000036 	 0.000042
   65 	 0.000030 	 0.000036 	 0.000042
   66 	 0.000030 	 0.000036 	 0.000045
   67 	 0.000030 	 0.000036 	 0.000043
   68 	 0.000031 	 0.000036 	 0.000043
   69 	 0.000030 	 0.000036 	 0.000042
   70 	 0.000030 	 0.000036 	 0.000043
   71 	 0.000031 	 0.000036 	 0.000043
   72 	 0.000031 	 0.000036 	 0.000043
   73 	 0.000031 	 0.000036 	 0.000043
   74 	 0.000031 	 0.000036 	 0.000043
   75 	 0.000032 	 0.000036 	 0.000043
   76 	 0.000032 	 0.000036 	 0.000043
   77 	 0.000031 	 0.000036 	 0.000045
   78 	 0.000031 	 0.000036 	 0.000044
   79 	 0.000031 	 0.000036 	 0.000044
   80 	 0.000031 	 0.000036 	 0.000043
   81 	 0.000031 	 0.000036 	 0.000043
   82 	 0.000032 	 0.000036 	 0.000046
   83 	 0.000032 	 0.000036 	 0.000043
   84 	 0.000032 	 0.000036 	 0.000043
   85 	 0.000031 	 0.000036 	 0.000047
   86 	 0.000031 	 0.000036 	 0.000046
   87 	 0.000030 	 0.000036 	 0.000044
   88 	 0.000031 	 0.000036 	 0.000044
   89 	 0.000031 	 0.000036 	 0.000045
   90 	 0.000030 	 0.000036 	 0.000044
   91 	 0.000030 	 0.000036 	 0.000042
   92 	 0.000031 	 0.000035 	 0.000041
   93 	 0.000031 	 0.000036 	 0.000044
   94 	 0.000031 	 0.000036 	 0.000042
   95 	 0.000031 	 0.000036 	 0.000045
   96 	 0.000030 	 0.000036 	 0.000043
   97 	 0.000030 	 0.000036 	 0.000044
   98 	 0.000031 	 0.000036 	 0.000046
   99 	 0.000031 	 0.000036 	 0.000045
  100 	 0.000031 	 0.000036 	 0.000046
  101 	 0.000031 	 0.000036 	 0.000046
  102 	 0.000031 	 0.000036 	 0.000047
  103 	 0.000031 	 0.000036 	 0.000045
  104 	 0.000032 	 0.000036 	 0.000044
  105 	 0.000030 	 0.000036 	 0.000045
  106 	 0.000031 	 0.000036 	 0.000044
  107 	 0.000031 	 0.000036 	 0.000045
  108 	 0.000032 	 0.000036 	 0.000047
  109 	 0.000031 	 0.000036 	 0.000045
  110 	 0.000031 	 0.000037 	 0.000045
  111 	 0.000030 	 0.000036 	 0.000044
  112 	 0.000030 	 0.000036 	 0.000045
  113 	 0.000030 	 0.000036 	 0.000042
  114 	 0.000030 	 0.000036 	 0.000044
  115 	 0.000030 	 0.000036 	 0.000044
  116 	 0.000030 	 0.000036 	 0.000043
  117 	 0.000031 	 0.000036 	 0.000045
  118 	 0.000031 	 0.000036 	 0.000045
  119 	 0.000030 	 0.000036 	 0.000043
  120 	 0.000031 	 0.000036 	 0.000041
  121 	 0.000031 	 0.000036 	 0.000043
  122 	 0.000031 	 0.000036 	 0.000043
  123 	 0.000031 	 0.000036 	 0.000045
  124 	 0.000030 	 0.000036 	 0.000046
  125 	 0.000031 	 0.000036 	 0.000047
  126 	 0.000031 	 0.000036 	 0.000043
  127 	 0.000031 	 0.000036 	 0.000043
  128 	 0.000031 	 0.000036 	 0.000045
  129 	 0.000032 	 0.000036 	 0.000044
  130 	 0.000031 	 0.000036 	 0.000045
  131 	 0.000031 	 0.000036 	 0.000043
  132 	 0.000032 	 0.000036 	 0.000045
  133 	 0.000031 	 0.000036 	 0.000044
  134 	 0.000031 	 0.000036 	 0.000043
  135 	 0.000030 	 0.000036 	 0.000043
  136 	 0.000031 	 0.000036 	 0.000042
  137 	 0.000031 	 0.000036 	 0.000043
  138 	 0.000030 	 0.000036 	 0.000044
  139 	 0.000032 	 0.000037 	 0.000045
  140 	 0.000031 	 0.000036 	 0.000049
  141 	 0.000031 	 0.000036 	 0.000045
  142 	 0.000030 	 0.000036 	 0.000048
  143 	 0.000031 	 0.000037 	 0.000048
  144 	 0.000031 	 0.000037 	 0.000044
  145 	 0.000031 	 0.000037 	 0.000047
  146 	 0.000030 	 0.000037 	 0.000044
  147 	 0.000031 	 0.000037 	 0.000044
  148 	 0.000030 	 0.000037 	 0.000046
  149 	 0.000031 	 0.000037 	 0.000046
  150 	 0.000032 	 0.000037 	 0.000046
  151 	 0.000031 	 0.000037 	 0.000047
  152 	 0.000031 	 0.000037 	 0.000047
  153 	 0.000031 	 0.000037 	 0.000046
  154 	 0.000031 	 0.000037 	 0.000044
  155 	 0.000031 	 0.000037 	 0.000045
  156 	 0.000031 	 0.000037 	 0.000046
  157 	 0.000032 	 0.000037 	 0.000044
  158 	 0.000032 	 0.000036 	 0.000044
  159 	 0.000032 	 0.000037 	 0.000044
  160 	 0.000032 	 0.000037 	 0.000043
  161 	 0.000031 	 0.000036 	 0.000042
  162 	 0.000032 	 0.000036 	 0.000043
  163 	 0.000030 	 0.000036 	 0.000042
  164 	 0.000031 	 0.000036 	 0.000044
  165 	 0.000032 	 0.000036 	 0.000044
  166 	 0.000031 	 0.000036 	 0.000042
  167 	 0.000031 	 0.000036 	 0.000043
  168 	 0.000032 	 0.000036 	 0.000045
  169 	 0.000032 	 0.000036 	 0.000044
  170 	 0.000030 	 0.000036 	 0.000047
  171 	 0.000031 	 0.000036 	 0.000043
  172 	 0.000031 	 0.000036 	 0.000042
  173 	 0.000031 	 0.000036 	 0.000043
  174 	 0.000031 	 0.000036 	 0.000043
  175 	 0.000031 	 0.000036 	 0.000042
  176 	 0.000031 	 0.000036 	 0.000044
  177 	 0.000031 	 0.000036 	 0.000041
  178 	 0.000031 	 0.000036 	 0.000041
  179 	 0.000031 	 0.000036 	 0.000043
  180 	 0.000030 	 0.000036 	 0.000043
  181 	 0.000032 	 0.000036 	 0.000043
  182 	 0.000031 	 0.000036 	 0.000043
  183 	 0.000031 	 0.000036 	 0.000045
  184 	 0.000031 	 0.000036 	 0.000042
  185 	 0.000031 	 0.000036 	 0.000043
  186 	 0.000031 	 0.000036 	 0.000043
  187 	 0.000031 	 0.000036 	 0.000042
  188 	 0.000031 	 0.000036 	 0.000042
  189 	 0.000031 	 0.000036 	 0.000042
  190 	 0.000031 	 0.000036 	 0.000041
  191 	 0.000031 	 0.000036 	 0.000044
  192 	 0.000032 	 0.000036 	 0.000045
  193 	 0.000031 	 0.000036 	 0.000041
  194 	 0.000031 	 0.000036 	 0.000041
  195 	 0.000032 	 0.000036 	 0.000045
  196 	 0.000031 	 0.000036 	 0.000046
  197 	 0.000031 	 0.000036 	 0.000045
  198 	 0.000031 	 0.000036 	 0.000044
  199 	 0.000031 	 0.000036 	 0.000044
  200 	 0.000029 	 0.000036 	 0.000045
  201 	 0.000029 	 0.000036 	 0.000045
  202 	 0.000029 	 0.000036 	 0.000043
  203 	 0.000030 	 0.000036 	 0.000047
  204 	 0.000031 	 0.000036 	 0.000045
  205 	 0.000031 	 0.000036 	 0.000046
  206 	 0.000031 	 0.000036 	 0.000044
  207 	 0.000031 	 0.000036 	 0.000043
  208 	 0.000030 	 0.000036 	 0.000044
  209 	 0.000031 	 0.000036 	 0.000044
  210 	 0.000031 	 0.000036 	 0.000044
  211 	 0.000031 	 0.000036 	 0.000045
  212 	 0.000029 	 0.000036 	 0.000045
  213 	 0.000029 	 0.000036 	 0.000044
  214 	 0.000031 	 0.000036 	 0.000043
  215 	 0.000031 	 0.000036 	 0.000044
  216 	 0.000031 	 0.000036 	 0.000044
  217 	 0.000031 	 0.000036 	 0.000043
  218 	 0.000031 	 0.000036 	 0.000043
  219 	 0.000031 	 0.000037 	 0.000044
  220 	 0.000030 	 0.000036 	 0.000046
  221 	 0.000030 	 0.000036 	 0.000044
  222 	 0.000032 	 0.000037 	 0.000043
  223 	 0.000031 	 0.000036 	 0.000043
  224 	 0.000031 	 0.000036 	 0.000043
  225 	 0.000032 	 0.000036 	 0.000042
  226 	 0.000031 	 0.000036 	 0.000044
  227 	 0.000031 	 0.000036 	 0.000042
  228 	 0.000032 	 0.000036 	 0.000042
  229 	 0.000031 	 0.000036 	 0.000042
  230 	 0.000032 	 0.000036 	 0.000041
  231 	 0.000032 	 0.000036 	 0.000042
  232 	 0.000031 	 0.000036 	 0.000043
  233 	 0.000031 	 0.000036 	 0.000041
  234 	 0.000030 	 0.000036 	 0.000041
  235 	 0.000030 	 0.000036 	 0.000042
  236 	 0.000031 	 0.000036 	 0.000043
  237 	 0.000031 	 0.000036 	 0.000044
  238 	 0.000031 	 0.000036 	 0.000042
  239 	 0.000030 	 0.000036 	 0.000043
  240 	 0.000030 	 0.000036 	 0.000041
  241 	 0.000031 	 0.000036 	 0.000042
  242 	 0.000031 	 0.000036 	 0.000042
  243 	 0.000030 	 0.000036 	 0.000043
  244 	 0.000030 	 0.000036 	 0.000043
  245 	 0.000031 	 0.000036 	 0.000044
  246 	 0.000031 	 0.000036 	 0.000047
  247 	 0.000031 	 0.000036 	 0.000042
  248 	 0.000031 	 0.000036 	 0.000041
  249 	 0.000031 	 0.000036 	 0.000041
  250 	 0.000031 	 0.000036 	 0.000044
  251 	 0.000030 	 0.000036 	 0.000043
  252 	 0.000031 	 0.000036 	 0.000042
  253 	 0.000031 	 0.000036 	 0.000042
  254 	 0.000030 	 0.000036 	 0.000044
  255 	 0.000030 	 0.000036 	 0.000043
  256 	 0.000030 	 0.000036 	 0.000045
  257 	 0.000031 	 0.000036 	 0.000043
  258 	 0.000031 	 0.000036 	 0.000044
  259 	 0.000032 	 0.000037 	 0.000043
  260 	 0.000031 	 0.000037 	 0.000043
  261 	 0.000030 	 0.000036 	 0.000044
  262 	 0.000031 	 0.000036 	 0.000042
  263 	 0.000031 	 0.000036 	 0.000044
  264 	 0.000030 	 0.000036 	 0.000043
  265 	 0.000031 	 0.000036 	 0.000045
  266 	 0.000030 	 0.000036 	 0.000043
  267 	 0.000032 	 0.000036 	 0.000044
  268 	 0.000030 	 0.000036 	 0.000042
  269 	 0.000030 	 0.000036 	 0.000044
  270 	 0.000030 	 0.000036 	 0.000043
  271 	 0.000031 	 0.000036 	 0.000043
  272 	 0.000031 	 0.000036 	 0.000042
  273 	 0.000032 	 0.000036 	 0.000042
  274 	 0.000030 	 0.000036 	 0.000043
  275 	 0.000029 	 0.000036 	 0.000042
  276 	 0.000031 	 0.000036 	 0.000043
  277 	 0.000031 	 0.000036 	 0.000041
  278 	 0.000031 	 0.000036 	 0.000042
  279 	 0.000030 	 0.000036 	 0.000043
  280 	 0.000031 	 0.000036 	 0.000045
  281 	 0.000031 	 0.000036 	 0.000044
  282 	 0.000031 	 0.000036 	 0.000042
  283 	 0.000031 	 0.000036 	 0.000042
  284 	 0.000031 	 0.000036 	 0.000044
  285 	 0.000031 	 0.000036 	 0.000044
  286 	 0.000030 	 0.000036 	 0.000046
  287 	 0.000031 	 0.000036 	 0.000046
  288 	 0.000031 	 0.000036 	 0.000045
  289 	 0.000031 	 0.000036 	 0.000045
  290 	 0.000031 	 0.000036 	 0.000043
  291 	 0.000031 	 0.000036 	 0.000044
  292 	 0.000030 	 0.000036 	 0.000042
  293 	 0.000030 	 0.000036 	 0.000041
  294 	 0.000031 	 0.000035 	 0.000042
  295 	 0.000030 	 0.000036 	 0.000042
  296 	 0.000031 	 0.000035 	 0.000042
  297 	 0.000030 	 0.000036 	 0.000043
  298 	 0.000031 	 0.000036 	 0.000042
  299 	 0.000031 	 0.000036 	 0.000045
  300 	 0.000031 	 0.000036 	 0.000042
  301 	 0.000031 	 0.000036 	 0.000042
  302 	 0.000031 	 0.000036 	 0.000043
  303 	 0.000031 	 0.000036 	 0.000043
  304 	 0.000031 	 0.000036 	 0.000044
  305 	 0.000030 	 0.000036 	 0.000044
  306 	 0.000031 	 0.000036 	 0.000044
  307 	 0.000031 	 0.000036 	 0.000046
  308 	 0.000030 	 0.000036 	 0.000046
  309 	 0.000030 	 0.000036 	 0.000043
  310 	 0.000030 	 0.000036 	 0.000044
  311 	 0.000032 	 0.000036 	 0.000042
  312 	 0.000031 	 0.000036 	 0.000043
  313 	 0.000030 	 0.000036 	 0.000042
  314 	 0.000031 	 0.000036 	 0.000044
  315 	 0.000031 	 0.000036 	 0.000044
  316 	 0.000031 	 0.000036 	 0.000042
  317 	 0.000031 	 0.000036 	 0.000042
  318 	 0.000030 	 0.000036 	 0.000042
  319 	 0.000031 	 0.000036 	 0.000042
  320 	 0.000031 	 0.000036 	 0.000043
  321 	 0.000030 	 0.000036 	 0.000042
  322 	 0.000030 	 0.000036 	 0.000041
  323 	 0.000030 	 0.000036 	 0.000044
  324 	 0.000031 	 0.000036 	 0.000043
  325 	 0.000031 	 0.000036 	 0.000045
  326 	 0.000031 	 0.000036 	 0.000043
  327 	 0.000030 	 0.000037 	 0.000045
  328 	 0.000030 	 0.000036 	 0.000043
  329 	 0.000029 	 0.000036 	 0.000046
  330 	 0.000031 	 0.000036 	 0.000044
  331 	 0.000031 	 0.000036 	 0.000042
  332 	 0.000031 	 0.000036 	 0.000044
  333 	 0.000030 	 0.000036 	 0.000043
  334 	 0.000031 	 0.000036 	 0.000042
  335 	 0.000031 	 0.000037 	 0.000045
  336 	 0.000031 	 0.000037 	 0.000043
  337 	 0.000031 	 0.000037 	 0.000042
  338 	 0.000031 	 0.000037 	 0.000044
  339 	 0.000031 	 0.000036 	 0.000043
  340 	 0.000031 	 0.000036 	 0.000041
  341 	 0.000031 	 0.000036 	 0.000042
  342 	 0.000031 	 0.000036 	 0.000041
  343 	 0.000030 	 0.000036 	 0.000043
  344 	 0.000031 	 0.000036 	 0.000042
  345 	 0.000032 	 0.000036 	 0.000042
  346 	 0.000031 	 0.000036 	 0.000042
  347 	 0.000031 	 0.000036 	 0.000042
  348 	 0.000032 	 0.000036 	 0.000044
  349 	 0.000032 	 0.000036 	 0.000044
  350 	 0.000032 	 0.000036 	 0.000040
  351 	 0.000030 	 0.000036 	 0.000043
  352 	 0.000031 	 0.000036 	 0.000043
  353 	 0.000031 	 0.000036 	 0.000041
  354 	 0.000030 	 0.000035 	 0.000043
  355 	 0.000031 	 0.000036 	 0.000044
  356 	 0.000031 	 0.000036 	 0.000042
  357 	 0.000031 	 0.000036 	 0.000043
  358 	 0.000030 	 0.000036 	 0.000046
  359 	 0.000031 	 0.000036 	 0.000042
  360 	 0.000032 	 0.000036 	 0.000043
  361 	 0.000032 	 0.000037 	 0.000045
  362 	 0.000032 	 0.000036 	 0.000042
  363 	 0.000030 	 0.000037 	 0.000045
  364 	 0.000030 	 0.000037 	 0.000043
  365 	 0.000032 	 0.000037 	 0.000043
  366 	 0.000031 	 0.000037 	 0.000043
  367 	 0.000031 	 0.000037 	 0.000044
  368 	 0.000031 	 0.000037 	 0.000043
  369 	 0.000031 	 0.000037 	 0.000043
  370 	 0.000030 	 0.000037 	 0.000044
  371 	 0.000032 	 0.000037 	 0.000045
  372 	 0.000031 	 0.000037 	 0.000045
  373 	 0.000031 	 0.000037 	 0.000044
  374 	 0.000031 	 0.000037 	 0.000045
  375 	 0.000032 	 0.000037 	 0.000044
  376 	 0.000031 	 0.000037 	 0.000044
  377 	 0.000031 	 0.000037 	 0.000045
  378 	 0.000030 	 0.000037 	 0.000043
  379 	 0.000031 	 0.000037 	 0.000045
  380 	 0.000030 	 0.000037 	 0.000046
  381 	 0.000030 	 0.000037 	 0.000045
  382 	 0.000031 	 0.000037 	 0.000046
  383 	 0.000030 	 0.000037 	 0.000044
  384 	 0.000031 	 0.000037 	 0.000045
  385 	 0.000031 	 0.000037 	 0.000045
  386 	 0.000031 	 0.000037 	 0.000047
  387 	 0.000031 	 0.000037 	 0.000045
  388 	 0.000030 	 0.000037 	 0.000047
  389 	 0.000031 	 0.000037 	 0.000045
  390 	 0.000031 	 0.000037 	 0.000044
  391 	 0.000031 	 0.000037 	 0.000045
  392 	 0.000032 	 0.000037 	 0.000045
  393 	 0.000030 	 0.000037 	 0.000045
  394 	 0.000030 	 0.000037 	 0.000045
  395 	 0.000032 	 0.000037 	 0.000045
  396 	 0.000032 	 0.000037 	 0.000046
  397 	 0.000031 	 0.000037 	 0.000048
  398 	 0.000032 	 0.000036 	 0.000044
  399 	 0.000031 	 0.000037 	 0.000044
  400 	 0.000032 	 0.000036 	 0.000044
  401 	 0.000032 	 0.000036 	 0.000042
  402 	 0.000032 	 0.000037 	 0.000044
  403 	 0.000031 	 0.000036 	 0.000043
  404 	 0.000031 	 0.000037 	 0.000044
  405 	 0.000032 	 0.000037 	 0.000045
  406 	 0.000032 	 0.000036 	 0.000044
  407 	 0.000031 	 0.000036 	 0.000044
  408 	 0.000031 	 0.000036 	 0.000043
  409 	 0.000031 	 0.000036 	 0.000043
  410 	 0.000032 	 0.000036 	 0.000044
  411 	 0.000031 	 0.000036 	 0.000044
  412 	 0.000032 	 0.000036 	 0.000043
  413 	 0.000031 	 0.000036 	 0.000044
  414 	 0.000031 	 0.000036 	 0.000045
  415 	 0.000031 	 0.000036 	 0.000042
  416 	 0.000030 	 0.000036 	 0.000043
  417 	 0.000030 	 0.000036 	 0.000048
  418 	 0.000030 	 0.000036 	 0.000046
  419 	 0.000031 	 0.000036 	 0.000045
  420 	 0.000031 	 0.000036 	 0.000043
  421 	 0.000031 	 0.000036 	 0.000049
  422 	 0.000030 	 0.000036 	 0.000048
  423 	 0.000031 	 0.000036 	 0.000049
  424 	 0.000031 	 0.000037 	 0.000046
  425 	 0.000031 	 0.000037 	 0.000045
  426 	 0.000031 	 0.000037 	 0.000048
  427 	 0.000031 	 0.000036 	 0.000043
  428 	 0.000031 	 0.000037 	 0.000042
  429 	 0.000031 	 0.000037 	 0.000046
  430 	 0.000030 	 0.000037 	 0.000046
  431 	 0.000032 	 0.000037 	 0.000046
  432 	 0.000032 	 0.000037 	 0.000044
  433 	 0.000032 	 0.000037 	 0.000044
  434 	 0.000031 	 0.000037 	 0.000044
  435 	 0.000031 	 0.000037 	 0.000044
  436 	 0.000031 	 0.000037 	 0.000046
  437 	 0.000030 	 0.000036 	 0.000043
  438 	 0.000032 	 0.000037 	 0.000042
  439 	 0.000031 	 0.000037 	 0.000044
  440 	 0.000032 	 0.000037 	 0.000044
  441 	 0.000031 	 0.000037 	 0.000045
  442 	 0.000031 	 0.000037 	 0.000045
  443 	 0.000032 	 0.000037 	 0.000044
  444 	 0.000031 	 0.000037 	 0.000044
  445 	 0.000032 	 0.000037 	 0.000043
  446 	 0.000032 	 0.000037 	 0.000045
  447 	 0.000031 	 0.000037 	 0.000045
  448 	 0.000032 	 0.000038 	 0.000048
  449 	 0.000031 	 0.000037 	 0.000047
  450 	 0.000033 	 0.000037 	 0.000045
  451 	 0.000032 	 0.000037 	 0.000044
  452 	 0.000031 	 0.000037 	 0.000044
  453 	 0.000032 	 0.000037 	 0.000043
  454 	 0.000032 	 0.000037 	 0.000046
  455 	 0.000031 	 0.000037 	 0.000042
  456 	 0.000031 	 0.000036 	 0.000043
  457 	 0.000031 	 0.000036 	 0.000043
  458 	 0.000031 	 0.000036 	 0.000043
  459 	 0.000031 	 0.000036 	 0.000043
  460 	 0.000031 	 0.000036 	 0.000043
  461 	 0.000031 	 0.000036 	 0.000044
  462 	 0.000031 	 0.000036 	 0.000046
  463 	 0.000032 	 0.000037 	 0.000045
  464 	 0.000032 	 0.000037 	 0.000044
  465 	 0.000031 	 0.000037 	 0.000043
  466 	 0.000031 	 0.000036 	 0.000041
  467 	 0.000031 	 0.000036 	 0.000045
  468 	 0.000031 	 0.000036 	 0.000042
  469 	 0.000031 	 0.000036 	 0.000043
  470 	 0.000031 	 0.000036 	 0.000041
  471 	 0.000030 	 0.000036 	 0.000041
  472 	 0.000030 	 0.000036 	 0.000041
  473 	 0.000031 	 0.000036 	 0.000041
  474 	 0.000031 	 0.000036 	 0.000042
  475 	 0.000031 	 0.000036 	 0.000041
  476 	 0.000031 	 0.000036 	 0.000042
  477 	 0.000031 	 0.000036 	 0.000042
  478 	 0.000031 	 0.000036 	 0.000041
  479 	 0.000030 	 0.000036 	 0.000042
  480 	 0.000030 	 0.000036 	 0.000041
  481 	 0.000031 	 0.000036 	 0.000043
  482 	 0.000032 	 0.000036 	 0.000042
  483 	 0.000031 	 0.000036 	 0.000041
  484 	 0.000031 	 0.000036 	 0.000042
  485 	 0.000031 	 0.000036 	 0.000042
  486 	 0.000031 	 0.000036 	 0.000042
  487 	 0.000031 	 0.000036 	 0.000042
  488 	 0.000031 	 0.000036 	 0.000043
  489 	 0.000030 	 0.000036 	 0.000044
  490 	 0.000031 	 0.000036 	 0.000042
  491 	 0.000029 	 0.000036 	 0.000042
  492 	 0.000031 	 0.000036 	 0.000044
  493 	 0.000031 	 0.000036 	 0.000045
  494 	 0.000031 	 0.000036 	 0.000046
  495 	 0.000030 	 0.000036 	 0.000046
  496 	 0.000030 	 0.000036 	 0.000044
  497 	 0.000031 	 0.000036 	 0.000044
  498 	 0.000032 	 0.000036 	 0.000043
  499 	 0.000031 	 0.000036 	 0.000044
 