   0 	 0.000030 	 0.000034 	 0.000042
    1 	 0.000030 	 0.000034 	 0.000043
    2 	 0.000029 	 0.000035 	 0.000043
    3 	 0.000030 	 0.000035 	 0.000042
    4 	 0.000030 	 0.000035 	 0.000042
    5 	 0.000029 	 0.000035 	 0.000040
    6 	 0.000030 	 0.000035 	 0.000040
    7 	 0.000029 	 0.000035 	 0.000040
    8 	 0.000030 	 0.000035 	 0.000041
    9 	 0.000031 	 0.000035 	 0.000042
   10 	 0.000031 	 0.000035 	 0.000043
   11 	 0.000031 	 0.000035 	 0.000041
   12 	 0.000030 	 0.000036 	 0.000042
   13 	 0.000031 	 0.000035 	 0.000043
   14 	 0.000031 	 0.000036 	 0.000043
   15 	 0.000031 	 0.000036 	 0.000042
   16 	 0.000031 	 0.000036 	 0.000043
   17 	 0.000031 	 0.000036 	 0.000042
   18 	 0.000031 	 0.000036 	 0.000042
   19 	 0.000030 	 0.000035 	 0.000042
   20 	 0.000030 	 0.000035 	 0.000042
   21 	 0.000031 	 0.000035 	 0.000042
   22 	 0.000030 	 0.000035 	 0.000041
   23 	 0.000031 	 0.000036 	 0.000043
   24 	 0.000030 	 0.000036 	 0.000042
   25 	 0.000031 	 0.000035 	 0.000041
   26 	 0.000031 	 0.000035 	 0.000043
   27 	 0.000031 	 0.000035 	 0.000040
   28 	 0.000031 	 0.000035 	 0.000044
   29 	 0.000031 	 0.000036 	 0.000044
   30 	 0.000031 	 0.000036 	 0.000043
   31 	 0.000031 	 0.000036 	 0.000043
   32 	 0.000031 	 0.000036 	 0.000043
   33 	 0.000030 	 0.000036 	 0.000044
   34 	 0.000031 	 0.000036 	 0.000044
   35 	 0.000030 	 0.000036 	 0.000044
   36 	 0.000031 	 0.000036 	 0.000043
   37 	 0.000031 	 0.000036 	 0.000045
   38 	 0.000031 	 0.000036 	 0.000044
   39 	 0.000030 	 0.000036 	 0.000047
   40 	 0.000031 	 0.000035 	 0.000043
   41 	 0.000031 	 0.000035 	 0.000043
   42 	 0.000030 	 0.000036 	 0.000044
   43 	 0.000031 	 0.000036 	 0.000043
   44 	 0.000032 	 0.000036 	 0.000046
   45 	 0.000031 	 0.000036 	 0.000042
   46 	 0.000030 	 0.000036 	 0.000044
   47 	 0.000030 	 0.000036 	 0.000043
   48 	 0.000031 	 0.000036 	 0.000043
   49 	 0.000031 	 0.000036 	 0.000042
   50 	 0.000031 	 0.000036 	 0.000041
   51 	 0.000030 	 0.000036 	 0.000044
   52 	 0.000031 	 0.000036 	 0.000045
   53 	 0.000031 	 0.000036 	 0.000044
   54 	 0.000030 	 0.000036 	 0.000043
   55 	 0.000031 	 0.000036 	 0.000044
   56 	 0.000030 	 0.000036 	 0.000044
   57 	 0.000032 	 0.000036 	 0.000044
   58 	 0.000031 	 0.000036 	 0.000044
   59 	 0.000030 	 0.000036 	 0.000044
   60 	 0.000031 	 0.000036 	 0.000044
   61 	 0.000031 	 0.000036 	 0.000043
   62 	 0.000031 	 0.000036 	 0.000045
   63 	 0.000031 	 0.000036 	 0.000044
   64 	 0.000031 	 0.000036 	 0.000041
   65 	 0.000030 	 0.000036 	 0.000041
   66 	 0.000029 	 0.000036 	 0.000041
   67 	 0.000031 	 0.000035 	 0.000041
   68 	 0.000031 	 0.000035 	 0.000041
   69 	 0.000031 	 0.000035 	 0.000041
   70 	 0.000030 	 0.000035 	 0.000041
   71 	 0.000031 	 0.000036 	 0.000042
   72 	 0.000031 	 0.000036 	 0.000043
   73 	 0.000031 	 0.000036 	 0.000042
   74 	 0.000031 	 0.000036 	 0.000043
   75 	 0.000031 	 0.000035 	 0.000044
   76 	 0.000030 	 0.000035 	 0.000041
   77 	 0.000030 	 0.000035 	 0.000041
   78 	 0.000031 	 0.000035 	 0.000041
   79 	 0.000030 	 0.000035 	 0.000042
   80 	 0.000031 	 0.000035 	 0.000042
   81 	 0.000031 	 0.000035 	 0.000042
   82 	 0.000031 	 0.000036 	 0.000042
   83 	 0.000030 	 0.000036 	 0.000042
   84 	 0.000031 	 0.000036 	 0.000042
   85 	 0.000030 	 0.000036 	 0.000043
   86 	 0.000031 	 0.000036 	 0.000044
   87 	 0.000032 	 0.000036 	 0.000044
   88 	 0.000029 	 0.000036 	 0.000042
   89 	 0.000031 	 0.000036 	 0.000044
   90 	 0.000031 	 0.000036 	 0.000042
   91 	 0.000031 	 0.000036 	 0.000044
   92 	 0.000031 	 0.000036 	 0.000044
   93 	 0.000031 	 0.000036 	 0.000044
   94 	 0.000032 	 0.000036 	 0.000041
   95 	 0.000031 	 0.000036 	 0.000047
   96 	 0.000031 	 0.000036 	 0.000044
   97 	 0.000031 	 0.000036 	 0.000042
   98 	 0.000032 	 0.000036 	 0.000047
   99 	 0.000031 	 0.000036 	 0.000043
  100 	 0.000031 	 0.000036 	 0.000044
  101 	 0.000031 	 0.000036 	 0.000048
  102 	 0.000032 	 0.000036 	 0.000042
  103 	 0.000031 	 0.000036 	 0.000042
  104 	 0.000031 	 0.000036 	 0.000042
  105 	 0.000030 	 0.000036 	 0.000042
  106 	 0.000031 	 0.000036 	 0.000041
  107 	 0.000031 	 0.000036 	 0.000042
  108 	 0.000031 	 0.000036 	 0.000043
  109 	 0.000031 	 0.000036 	 0.000043
  110 	 0.000030 	 0.000035 	 0.000042
  111 	 0.000030 	 0.000035 	 0.000043
  112 	 0.000031 	 0.000036 	 0.000043
  113 	 0.000031 	 0.000036 	 0.000041
  114 	 0.000030 	 0.000036 	 0.000044
  115 	 0.000031 	 0.000036 	 0.000042
  116 	 0.000031 	 0.000035 	 0.000042
  117 	 0.000030 	 0.000035 	 0.000043
  118 	 0.000031 	 0.000035 	 0.000043
  119 	 0.000030 	 0.000036 	 0.000043
  120 	 0.000030 	 0.000036 	 0.000043
  121 	 0.000031 	 0.000036 	 0.000044
  122 	 0.000031 	 0.000036 	 0.000043
  123 	 0.000031 	 0.000036 	 0.000043
  124 	 0.000032 	 0.000036 	 0.000042
  125 	 0.000030 	 0.000036 	 0.000043
  126 	 0.000031 	 0.000036 	 0.000046
  127 	 0.000031 	 0.000036 	 0.000043
  128 	 0.000032 	 0.000036 	 0.000044
  129 	 0.000031 	 0.000036 	 0.000043
  130 	 0.000031 	 0.000036 	 0.000043
  131 	 0.000032 	 0.000036 	 0.000044
  132 	 0.000031 	 0.000036 	 0.000043
  133 	 0.000031 	 0.000036 	 0.000043
  134 	 0.000030 	 0.000036 	 0.000042
  135 	 0.000031 	 0.000036 	 0.000042
  136 	 0.000031 	 0.000036 	 0.000044
  137 	 0.000031 	 0.000036 	 0.000042
  138 	 0.000032 	 0.000036 	 0.000042
  139 	 0.000031 	 0.000036 	 0.000042
  140 	 0.000030 	 0.000036 	 0.000043
  141 	 0.000031 	 0.000036 	 0.000044
  142 	 0.000029 	 0.000036 	 0.000043
  143 	 0.000031 	 0.000036 	 0.000045
  144 	 0.000031 	 0.000036 	 0.000045
  145 	 0.000030 	 0.000036 	 0.000043
  146 	 0.000030 	 0.000036 	 0.000042
  147 	 0.000030 	 0.000036 	 0.000044
  148 	 0.000030 	 0.000036 	 0.000044
  149 	 0.000029 	 0.000036 	 0.000046
  150 	 0.000031 	 0.000035 	 0.000044
  151 	 0.000030 	 0.000036 	 0.000042
  152 	 0.000031 	 0.000036 	 0.000045
  153 	 0.000030 	 0.000036 	 0.000047
  154 	 0.000030 	 0.000036 	 0.000045
  155 	 0.000030 	 0.000035 	 0.000043
  156 	 0.000030 	 0.000035 	 0.000043
  157 	 0.000031 	 0.000036 	 0.000042
  158 	 0.000031 	 0.000036 	 0.000043
  159 	 0.000031 	 0.000036 	 0.000044
  160 	 0.000030 	 0.000036 	 0.000044
  161 	 0.000031 	 0.000036 	 0.000042
  162 	 0.000030 	 0.000036 	 0.000042
  163 	 0.000030 	 0.000035 	 0.000043
  164 	 0.000030 	 0.000036 	 0.000042
  165 	 0.000031 	 0.000036 	 0.000042
  166 	 0.000031 	 0.000036 	 0.000042
  167 	 0.000030 	 0.000036 	 0.000043
  168 	 0.000032 	 0.000036 	 0.000042
  169 	 0.000030 	 0.000036 	 0.000043
  170 	 0.000030 	 0.000036 	 0.000045
  171 	 0.000031 	 0.000036 	 0.000044
  172 	 0.000031 	 0.000036 	 0.000044
  173 	 0.000031 	 0.000035 	 0.000044
  174 	 0.000031 	 0.000036 	 0.000043
  175 	 0.000031 	 0.000036 	 0.000042
  176 	 0.000030 	 0.000036 	 0.000041
  177 	 0.000030 	 0.000035 	 0.000043
  178 	 0.000031 	 0.000036 	 0.000042
  179 	 0.000031 	 0.000036 	 0.000043
  180 	 0.000030 	 0.000036 	 0.000043
  181 	 0.000031 	 0.000036 	 0.000043
  182 	 0.000031 	 0.000036 	 0.000042
  183 	 0.000030 	 0.000036 	 0.000042
  184 	 0.000030 	 0.000036 	 0.000043
  185 	 0.000030 	 0.000036 	 0.000041
  186 	 0.000030 	 0.000036 	 0.000043
  187 	 0.000030 	 0.000036 	 0.000045
  188 	 0.000031 	 0.000036 	 0.000046
  189 	 0.000031 	 0.000036 	 0.000043
  190 	 0.000031 	 0.000036 	 0.000042
  191 	 0.000031 	 0.000036 	 0.000042
  192 	 0.000031 	 0.000036 	 0.000044
  193 	 0.000030 	 0.000036 	 0.000042
  194 	 0.000031 	 0.000036 	 0.000043
  195 	 0.000032 	 0.000036 	 0.000043
  196 	 0.000031 	 0.000036 	 0.000044
  197 	 0.000032 	 0.000036 	 0.000042
  198 	 0.000032 	 0.000036 	 0.000042
  199 	 0.000031 	 0.000036 	 0.000043
  200 	 0.000031 	 0.000036 	 0.000043
  201 	 0.000030 	 0.000036 	 0.000043
  202 	 0.000031 	 0.000036 	 0.000045
  203 	 0.000031 	 0.000036 	 0.000043
  204 	 0.000030 	 0.000036 	 0.000043
  205 	 0.000031 	 0.000036 	 0.000043
  206 	 0.000030 	 0.000036 	 0.000043
  207 	 0.000030 	 0.000036 	 0.000041
  208 	 0.000031 	 0.000036 	 0.000045
  209 	 0.000031 	 0.000036 	 0.000042
  210 	 0.000030 	 0.000036 	 0.000043
  211 	 0.000031 	 0.000036 	 0.000041
  212 	 0.000030 	 0.000036 	 0.000042
  213 	 0.000031 	 0.000036 	 0.000043
  214 	 0.000031 	 0.000036 	 0.000043
  215 	 0.000030 	 0.000036 	 0.000044
  216 	 0.000031 	 0.000035 	 0.000042
  217 	 0.000030 	 0.000036 	 0.000044
  218 	 0.000031 	 0.000036 	 0.000042
  219 	 0.000031 	 0.000036 	 0.000046
  220 	 0.000031 	 0.000035 	 0.000044
  221 	 0.000030 	 0.000035 	 0.000041
  222 	 0.000030 	 0.000035 	 0.000043
  223 	 0.000031 	 0.000036 	 0.000042
  224 	 0.000032 	 0.000036 	 0.000042
  225 	 0.000031 	 0.000036 	 0.000043
  226 	 0.000031 	 0.000036 	 0.000042
  227 	 0.000030 	 0.000036 	 0.000041
  228 	 0.000030 	 0.000036 	 0.000042
  229 	 0.000029 	 0.000036 	 0.000043
  230 	 0.000031 	 0.000036 	 0.000043
  231 	 0.000029 	 0.000036 	 0.000042
  232 	 0.000031 	 0.000036 	 0.000042
  233 	 0.000031 	 0.000036 	 0.000042
  234 	 0.000031 	 0.000036 	 0.000044
  235 	 0.000031 	 0.000036 	 0.000044
  236 	 0.000031 	 0.000036 	 0.000042
  237 	 0.000031 	 0.000036 	 0.000043
  238 	 0.000031 	 0.000036 	 0.000043
  239 	 0.000031 	 0.000036 	 0.000046
  240 	 0.000030 	 0.000036 	 0.000043
  241 	 0.000031 	 0.000036 	 0.000043
  242 	 0.000030 	 0.000036 	 0.000043
  243 	 0.000030 	 0.000036 	 0.000046
  244 	 0.000031 	 0.000036 	 0.000043
  245 	 0.000030 	 0.000036 	 0.000044
  246 	 0.000031 	 0.000036 	 0.000042
  247 	 0.000031 	 0.000036 	 0.000042
  248 	 0.000030 	 0.000036 	 0.000042
  249 	 0.000030 	 0.000036 	 0.000044
  250 	 0.000030 	 0.000036 	 0.000042
  251 	 0.000030 	 0.000036 	 0.000043
  252 	 0.000031 	 0.000036 	 0.000043
  253 	 0.000030 	 0.000036 	 0.000044
  254 	 0.000031 	 0.000036 	 0.000043
  255 	 0.000031 	 0.000036 	 0.000042
  256 	 0.000030 	 0.000036 	 0.000042
  257 	 0.000030 	 0.000036 	 0.000042
  258 	 0.000031 	 0.000036 	 0.000042
  259 	 0.000030 	 0.000036 	 0.000042
  260 	 0.000031 	 0.000036 	 0.000044
  261 	 0.000031 	 0.000036 	 0.000044
  262 	 0.000030 	 0.000035 	 0.000042
  263 	 0.000031 	 0.000036 	 0.000042
  264 	 0.000031 	 0.000036 	 0.000042
  265 	 0.000031 	 0.000036 	 0.000042
  266 	 0.000030 	 0.000035 	 0.000041
  267 	 0.000030 	 0.000036 	 0.000043
  268 	 0.000030 	 0.000036 	 0.000042
  269 	 0.000031 	 0.000036 	 0.000042
  270 	 0.000031 	 0.000036 	 0.000042
  271 	 0.000031 	 0.000035 	 0.000041
  272 	 0.000030 	 0.000035 	 0.000040
  273 	 0.000032 	 0.000035 	 0.000040
  274 	 0.000031 	 0.000035 	 0.000042
  275 	 0.000031 	 0.000035 	 0.000042
  276 	 0.000029 	 0.000035 	 0.000042
  277 	 0.000031 	 0.000036 	 0.000042
  278 	 0.000030 	 0.000036 	 0.000041
  279 	 0.000030 	 0.000036 	 0.000042
  280 	 0.000031 	 0.000035 	 0.000043
  281 	 0.000031 	 0.000035 	 0.000042
  282 	 0.000030 	 0.000036 	 0.000041
  283 	 0.000031 	 0.000036 	 0.000042
  284 	 0.000032 	 0.000036 	 0.000043
  285 	 0.000032 	 0.000036 	 0.000042
  286 	 0.000031 	 0.000036 	 0.000046
  287 	 0.000030 	 0.000036 	 0.000047
  288 	 0.000031 	 0.000036 	 0.000044
  289 	 0.000031 	 0.000036 	 0.000042
  290 	 0.000030 	 0.000036 	 0.000042
  291 	 0.000030 	 0.000036 	 0.000045
  292 	 0.000031 	 0.000036 	 0.000044
  293 	 0.000031 	 0.000036 	 0.000044
  294 	 0.000031 	 0.000036 	 0.000044
  295 	 0.000031 	 0.000036 	 0.000043
  296 	 0.000030 	 0.000036 	 0.000045
  297 	 0.000031 	 0.000036 	 0.000045
  298 	 0.000032 	 0.000036 	 0.000043
  299 	 0.000031 	 0.000036 	 0.000042
  300 	 0.000031 	 0.000036 	 0.000044
  301 	 0.000031 	 0.000036 	 0.000045
  302 	 0.000030 	 0.000036 	 0.000045
  303 	 0.000031 	 0.000036 	 0.000044
  304 	 0.000031 	 0.000036 	 0.000044
  305 	 0.000031 	 0.000036 	 0.000044
  306 	 0.000030 	 0.000036 	 0.000040
  307 	 0.000031 	 0.000036 	 0.000042
  308 	 0.000030 	 0.000036 	 0.000043
  309 	 0.000029 	 0.000036 	 0.000045
  310 	 0.000030 	 0.000036 	 0.000050
  311 	 0.000031 	 0.000036 	 0.000045
  312 	 0.000032 	 0.000036 	 0.000043
  313 	 0.000031 	 0.000036 	 0.000043
  314 	 0.000032 	 0.000036 	 0.000043
  315 	 0.000031 	 0.000036 	 0.000044
  316 	 0.000031 	 0.000036 	 0.000044
  317 	 0.000031 	 0.000036 	 0.000044
  318 	 0.000030 	 0.000036 	 0.000044
  319 	 0.000031 	 0.000036 	 0.000043
  320 	 0.000031 	 0.000036 	 0.000043
  321 	 0.000031 	 0.000036 	 0.000043
  322 	 0.000030 	 0.000036 	 0.000046
  323 	 0.000031 	 0.000036 	 0.000044
  324 	 0.000031 	 0.000036 	 0.000044
  325 	 0.000031 	 0.000036 	 0.000043
  326 	 0.000032 	 0.000036 	 0.000043
  327 	 0.000031 	 0.000036 	 0.000043
  328 	 0.000031 	 0.000036 	 0.000043
  329 	 0.000031 	 0.000036 	 0.000044
  330 	 0.000030 	 0.000036 	 0.000044
  331 	 0.000031 	 0.000036 	 0.000046
  332 	 0.000031 	 0.000036 	 0.000045
  333 	 0.000031 	 0.000036 	 0.000045
  334 	 0.000030 	 0.000036 	 0.000043
  335 	 0.000030 	 0.000036 	 0.000043
  336 	 0.000030 	 0.000036 	 0.000043
  337 	 0.000031 	 0.000036 	 0.000046
  338 	 0.000030 	 0.000036 	 0.000043
  339 	 0.000030 	 0.000036 	 0.000044
  340 	 0.000031 	 0.000036 	 0.000044
  341 	 0.000031 	 0.000036 	 0.000043
  342 	 0.000030 	 0.000036 	 0.000043
  343 	 0.000031 	 0.000037 	 0.000045
  344 	 0.000031 	 0.000036 	 0.000045
  345 	 0.000032 	 0.000036 	 0.000044
  346 	 0.000031 	 0.000036 	 0.000043
  347 	 0.000031 	 0.000036 	 0.000042
  348 	 0.000031 	 0.000037 	 0.000043
  349 	 0.000031 	 0.000036 	 0.000044
  350 	 0.000031 	 0.000036 	 0.000045
  351 	 0.000031 	 0.000036 	 0.000044
  352 	 0.000030 	 0.000037 	 0.000044
  353 	 0.000031 	 0.000036 	 0.000045
  354 	 0.000032 	 0.000037 	 0.000043
  355 	 0.000032 	 0.000037 	 0.000045
  356 	 0.000032 	 0.000037 	 0.000047
  357 	 0.000030 	 0.000037 	 0.000046
  358 	 0.000031 	 0.000037 	 0.000045
  359 	 0.000030 	 0.000037 	 0.000044
  360 	 0.000031 	 0.000036 	 0.000043
  361 	 0.000032 	 0.000037 	 0.000042
  362 	 0.000031 	 0.000037 	 0.000044
  363 	 0.000032 	 0.000037 	 0.000044
  364 	 0.000031 	 0.000037 	 0.000044
  365 	 0.000031 	 0.000037 	 0.000045
  366 	 0.000032 	 0.000037 	 0.000046
  367 	 0.000031 	 0.000036 	 0.000044
  368 	 0.000032 	 0.000037 	 0.000043
  369 	 0.000031 	 0.000037 	 0.000043
  370 	 0.000030 	 0.000037 	 0.000044
  371 	 0.000031 	 0.000037 	 0.000043
  372 	 0.000031 	 0.000037 	 0.000043
  373 	 0.000032 	 0.000037 	 0.000044
  374 	 0.000032 	 0.000037 	 0.000045
  375 	 0.000030 	 0.000037 	 0.000044
  376 	 0.000030 	 0.000037 	 0.000044
  377 	 0.000030 	 0.000037 	 0.000045
  378 	 0.000031 	 0.000036 	 0.000044
  379 	 0.000031 	 0.000036 	 0.000043
  380 	 0.000030 	 0.000036 	 0.000045
  381 	 0.000030 	 0.000036 	 0.000043
  382 	 0.000030 	 0.000036 	 0.000044
  383 	 0.000032 	 0.000037 	 0.000044
  384 	 0.000031 	 0.000036 	 0.000043
  385 	 0.000031 	 0.000036 	 0.000044
  386 	 0.000031 	 0.000037 	 0.000046
  387 	 0.000031 	 0.000036 	 0.000044
  388 	 0.000032 	 0.000036 	 0.000044
  389 	 0.000032 	 0.000036 	 0.000045
  390 	 0.000032 	 0.000036 	 0.000044
  391 	 0.000031 	 0.000036 	 0.000043
  392 	 0.000030 	 0.000036 	 0.000043
  393 	 0.000031 	 0.000036 	 0.000044
  394 	 0.000032 	 0.000036 	 0.000042
  395 	 0.000032 	 0.000036 	 0.000043
  396 	 0.000032 	 0.000036 	 0.000043
  397 	 0.000031 	 0.000036 	 0.000044
  398 	 0.000031 	 0.000036 	 0.000042
  399 	 0.000031 	 0.000036 	 0.000042
  400 	 0.000030 	 0.000037 	 0.000043
  401 	 0.000031 	 0.000037 	 0.000043
  402 	 0.000032 	 0.000036 	 0.000044
  403 	 0.000032 	 0.000036 	 0.000046
  404 	 0.000030 	 0.000036 	 0.000043
  405 	 0.000031 	 0.000036 	 0.000043
  406 	 0.000032 	 0.000036 	 0.000042
  407 	 0.000031 	 0.000036 	 0.000042
  408 	 0.000030 	 0.000036 	 0.000043
  409 	 0.000031 	 0.000036 	 0.000043
  410 	 0.000031 	 0.000036 	 0.000045
  411 	 0.000030 	 0.000036 	 0.000043
  412 	 0.000031 	 0.000036 	 0.000044
  413 	 0.000031 	 0.000036 	 0.000045
  414 	 0.000031 	 0.000036 	 0.000043
  415 	 0.000032 	 0.000036 	 0.000044
  416 	 0.000031 	 0.000036 	 0.000042
  417 	 0.000030 	 0.000036 	 0.000044
  418 	 0.000030 	 0.000036 	 0.000045
  419 	 0.000031 	 0.000037 	 0.000045
  420 	 0.000031 	 0.000036 	 0.000046
  421 	 0.000030 	 0.000037 	 0.000045
  422 	 0.000031 	 0.000037 	 0.000044
  423 	 0.000031 	 0.000036 	 0.000044
  424 	 0.000031 	 0.000036 	 0.000045
  425 	 0.000031 	 0.000036 	 0.000048
  426 	 0.000031 	 0.000036 	 0.000046
  427 	 0.000031 	 0.000037 	 0.000047
  428 	 0.000030 	 0.000036 	 0.000046
  429 	 0.000030 	 0.000037 	 0.000046
  430 	 0.000029 	 0.000036 	 0.000044
  431 	 0.000030 	 0.000036 	 0.000044
  432 	 0.000031 	 0.000037 	 0.000046
  433 	 0.000031 	 0.000037 	 0.000046
  434 	 0.000031 	 0.000037 	 0.000045
  435 	 0.000031 	 0.000037 	 0.000046
  436 	 0.000031 	 0.000037 	 0.000047
  437 	 0.000030 	 0.000037 	 0.000045
  438 	 0.000032 	 0.000037 	 0.000044
  439 	 0.000031 	 0.000037 	 0.000044
  440 	 0.000031 	 0.000037 	 0.000044
  441 	 0.000031 	 0.000037 	 0.000045
  442 	 0.000030 	 0.000037 	 0.000046
  443 	 0.000030 	 0.000037 	 0.000044
  444 	 0.000032 	 0.000037 	 0.000045
  445 	 0.000032 	 0.000037 	 0.000045
  446 	 0.000031 	 0.000037 	 0.000043
  447 	 0.000030 	 0.000037 	 0.000044
  448 	 0.000031 	 0.000037 	 0.000044
  449 	 0.000031 	 0.000037 	 0.000046
  450 	 0.000031 	 0.000037 	 0.000044
  451 	 0.000032 	 0.000037 	 0.000046
  452 	 0.000033 	 0.000037 	 0.000044
  453 	 0.000030 	 0.000037 	 0.000044
  454 	 0.000031 	 0.000037 	 0.000044
  455 	 0.000031 	 0.000037 	 0.000043
  456 	 0.000030 	 0.000037 	 0.000044
  457 	 0.000030 	 0.000036 	 0.000044
  458 	 0.000030 	 0.000037 	 0.000044
  459 	 0.000032 	 0.000036 	 0.000043
  460 	 0.000031 	 0.000036 	 0.000042
  461 	 0.000031 	 0.000036 	 0.000042
  462 	 0.000031 	 0.000036 	 0.000042
  463 	 0.000030 	 0.000036 	 0.000045
  464 	 0.000031 	 0.000036 	 0.000044
  465 	 0.000031 	 0.000037 	 0.000043
  466 	 0.000031 	 0.000036 	 0.000043
  467 	 0.000032 	 0.000037 	 0.000043
  468 	 0.000032 	 0.000036 	 0.000043
  469 	 0.000030 	 0.000036 	 0.000043
  470 	 0.000031 	 0.000036 	 0.000042
  471 	 0.000031 	 0.000036 	 0.000044
  472 	 0.000031 	 0.000036 	 0.000044
  473 	 0.000031 	 0.000036 	 0.000043
  474 	 0.000031 	 0.000036 	 0.000044
  475 	 0.000031 	 0.000036 	 0.000046
  476 	 0.000031 	 0.000036 	 0.000045
  477 	 0.000030 	 0.000036 	 0.000045
  478 	 0.000031 	 0.000036 	 0.000044
  479 	 0.000030 	 0.000036 	 0.000044
  480 	 0.000031 	 0.000036 	 0.000049
  481 	 0.000031 	 0.000036 	 0.000044
  482 	 0.000031 	 0.000036 	 0.000044
  483 	 0.000030 	 0.000036 	 0.000042
  484 	 0.000031 	 0.000036 	 0.000041
  485 	 0.000031 	 0.000036 	 0.000045
  486 	 0.000030 	 0.000036 	 0.000042
  487 	 0.000032 	 0.000036 	 0.000042
  488 	 0.000032 	 0.000036 	 0.000044
  489 	 0.000031 	 0.000036 	 0.000043
  490 	 0.000031 	 0.000036 	 0.000041
  491 	 0.000031 	 0.000036 	 0.000041
  492 	 0.000031 	 0.000036 	 0.000045
  493 	 0.000031 	 0.000036 	 0.000042
  494 	 0.000030 	 0.000036 	 0.000042
  495 	 0.000031 	 0.000036 	 0.000041
  496 	 0.000030 	 0.000036 	 0.000042
  497 	 0.000031 	 0.000036 	 0.000044
  498 	 0.000031 	 0.000036 	 0.000044
  499 	 0.000031 	 0.000036 	 0.000042
 