   0 	 0.000030 	 0.000034 	 0.000040
    1 	 0.000031 	 0.000034 	 0.000042
    2 	 0.000031 	 0.000034 	 0.000041
    3 	 0.000031 	 0.000035 	 0.000041
    4 	 0.000030 	 0.000035 	 0.000039
    5 	 0.000031 	 0.000035 	 0.000042
    6 	 0.000031 	 0.000035 	 0.000042
    7 	 0.000031 	 0.000035 	 0.000041
    8 	 0.000030 	 0.000035 	 0.000041
    9 	 0.000030 	 0.000035 	 0.000042
   10 	 0.000030 	 0.000035 	 0.000041
   11 	 0.000030 	 0.000035 	 0.000041
   12 	 0.000031 	 0.000035 	 0.000042
   13 	 0.000031 	 0.000036 	 0.000044
   14 	 0.000031 	 0.000036 	 0.000042
   15 	 0.000030 	 0.000036 	 0.000043
   16 	 0.000030 	 0.000036 	 0.000043
   17 	 0.000029 	 0.000036 	 0.000043
   18 	 0.000030 	 0.000036 	 0.000043
   19 	 0.000030 	 0.000036 	 0.000041
   20 	 0.000030 	 0.000036 	 0.000042
   21 	 0.000031 	 0.000036 	 0.000041
   22 	 0.000031 	 0.000036 	 0.000043
   23 	 0.000031 	 0.000036 	 0.000041
   24 	 0.000031 	 0.000036 	 0.000045
   25 	 0.000031 	 0.000036 	 0.000044
   26 	 0.000030 	 0.000036 	 0.000044
   27 	 0.000031 	 0.000036 	 0.000044
   28 	 0.000031 	 0.000036 	 0.000044
   29 	 0.000031 	 0.000037 	 0.000044
   30 	 0.000031 	 0.000037 	 0.000044
   31 	 0.000032 	 0.000037 	 0.000045
   32 	 0.000031 	 0.000036 	 0.000044
   33 	 0.000031 	 0.000036 	 0.000043
   34 	 0.000031 	 0.000036 	 0.000043
   35 	 0.000031 	 0.000036 	 0.000044
   36 	 0.000032 	 0.000036 	 0.000047
   37 	 0.000031 	 0.000036 	 0.000046
   38 	 0.000030 	 0.000036 	 0.000044
   39 	 0.000031 	 0.000036 	 0.000043
   40 	 0.000031 	 0.000036 	 0.000044
   41 	 0.000030 	 0.000036 	 0.000044
   42 	 0.000031 	 0.000036 	 0.000045
   43 	 0.000032 	 0.000036 	 0.000045
   44 	 0.000031 	 0.000037 	 0.000044
   45 	 0.000031 	 0.000037 	 0.000044
   46 	 0.000032 	 0.000037 	 0.000044
   47 	 0.000031 	 0.000036 	 0.000044
   48 	 0.000030 	 0.000036 	 0.000042
   49 	 0.000030 	 0.000036 	 0.000043
   50 	 0.000031 	 0.000036 	 0.000044
   51 	 0.000031 	 0.000037 	 0.000046
   52 	 0.000031 	 0.000037 	 0.000044
   53 	 0.000031 	 0.000037 	 0.000043
   54 	 0.000030 	 0.000037 	 0.000045
   55 	 0.000031 	 0.000037 	 0.000044
   56 	 0.000031 	 0.000037 	 0.000045
   57 	 0.000032 	 0.000037 	 0.000046
   58 	 0.000031 	 0.000037 	 0.000044
   59 	 0.000031 	 0.000037 	 0.000042
   60 	 0.000031 	 0.000037 	 0.000043
   61 	 0.000030 	 0.000037 	 0.000043
   62 	 0.000031 	 0.000037 	 0.000047
   63 	 0.000032 	 0.000037 	 0.000044
   64 	 0.000031 	 0.000037 	 0.000045
   65 	 0.000031 	 0.000037 	 0.000046
   66 	 0.000031 	 0.000037 	 0.000045
   67 	 0.000031 	 0.000037 	 0.000045
   68 	 0.000032 	 0.000037 	 0.000046
   69 	 0.000031 	 0.000037 	 0.000046
   70 	 0.000031 	 0.000037 	 0.000046
   71 	 0.000031 	 0.000037 	 0.000044
   72 	 0.000032 	 0.000037 	 0.000045
   73 	 0.000032 	 0.000037 	 0.000046
   74 	 0.000032 	 0.000037 	 0.000044
   75 	 0.000032 	 0.000037 	 0.000042
   76 	 0.000031 	 0.000037 	 0.000045
   77 	 0.000031 	 0.000036 	 0.000044
   78 	 0.000030 	 0.000036 	 0.000045
   79 	 0.000030 	 0.000037 	 0.000046
   80 	 0.000032 	 0.000036 	 0.000044
   81 	 0.000031 	 0.000036 	 0.000045
   82 	 0.000030 	 0.000036 	 0.000043
   83 	 0.000031 	 0.000037 	 0.000044
   84 	 0.000031 	 0.000037 	 0.000044
   85 	 0.000030 	 0.000037 	 0.000044
   86 	 0.000030 	 0.000036 	 0.000048
   87 	 0.000032 	 0.000036 	 0.000042
   88 	 0.000030 	 0.000036 	 0.000042
   89 	 0.000032 	 0.000036 	 0.000043
   90 	 0.000032 	 0.000037 	 0.000046
   91 	 0.000032 	 0.000037 	 0.000046
   92 	 0.000032 	 0.000037 	 0.000047
   93 	 0.000031 	 0.000037 	 0.000046
   94 	 0.000031 	 0.000037 	 0.000049
   95 	 0.000031 	 0.000037 	 0.000048
   96 	 0.000032 	 0.000036 	 0.000046
   97 	 0.000032 	 0.000036 	 0.000043
   98 	 0.000031 	 0.000036 	 0.000043
   99 	 0.000031 	 0.000036 	 0.000043
  100 	 0.000031 	 0.000036 	 0.000044
  101 	 0.000031 	 0.000036 	 0.000044
  102 	 0.000031 	 0.000036 	 0.000046
  103 	 0.000031 	 0.000037 	 0.000045
  104 	 0.000031 	 0.000036 	 0.000043
  105 	 0.000031 	 0.000036 	 0.000044
  106 	 0.000031 	 0.000036 	 0.000043
  107 	 0.000031 	 0.000036 	 0.000042
  108 	 0.000031 	 0.000036 	 0.000046
  109 	 0.000031 	 0.000036 	 0.000043
  110 	 0.000032 	 0.000036 	 0.000046
  111 	 0.000031 	 0.000036 	 0.000044
  112 	 0.000030 	 0.000036 	 0.000045
  113 	 0.000030 	 0.000036 	 0.000047
  114 	 0.000030 	 0.000036 	 0.000046
  115 	 0.000030 	 0.000036 	 0.000047
  116 	 0.000029 	 0.000036 	 0.000047
  117 	 0.000029 	 0.000036 	 0.000047
  118 	 0.000030 	 0.000036 	 0.000048
  119 	 0.000031 	 0.000037 	 0.000047
  120 	 0.000031 	 0.000037 	 0.000047
  121 	 0.000032 	 0.000036 	 0.000045
  122 	 0.000032 	 0.000037 	 0.000046
  123 	 0.000030 	 0.000037 	 0.000045
  124 	 0.000032 	 0.000037 	 0.000044
  125 	 0.000030 	 0.000037 	 0.000044
  126 	 0.000031 	 0.000037 	 0.000045
  127 	 0.000031 	 0.000037 	 0.000043
  128 	 0.000031 	 0.000037 	 0.000044
  129 	 0.000031 	 0.000037 	 0.000044
  130 	 0.000030 	 0.000037 	 0.000044
  131 	 0.000031 	 0.000037 	 0.000044
  132 	 0.000032 	 0.000036 	 0.000044
  133 	 0.000031 	 0.000036 	 0.000045
  134 	 0.000031 	 0.000036 	 0.000047
  135 	 0.000031 	 0.000036 	 0.000042
  136 	 0.000031 	 0.000036 	 0.000044
  137 	 0.000031 	 0.000037 	 0.000045
  138 	 0.000031 	 0.000037 	 0.000046
  139 	 0.000031 	 0.000036 	 0.000045
  140 	 0.000031 	 0.000036 	 0.000045
  141 	 0.000031 	 0.000037 	 0.000043
  142 	 0.000030 	 0.000036 	 0.000043
  143 	 0.000030 	 0.000036 	 0.000042
  144 	 0.000030 	 0.000036 	 0.000043
  145 	 0.000030 	 0.000036 	 0.000043
  146 	 0.000031 	 0.000036 	 0.000043
  147 	 0.000031 	 0.000036 	 0.000043
  148 	 0.000032 	 0.000036 	 0.000044
  149 	 0.000031 	 0.000036 	 0.000044
  150 	 0.000031 	 0.000036 	 0.000045
  151 	 0.000030 	 0.000036 	 0.000043
  152 	 0.000029 	 0.000036 	 0.000044
  153 	 0.000031 	 0.000036 	 0.000043
  154 	 0.000031 	 0.000036 	 0.000042
  155 	 0.000031 	 0.000037 	 0.000043
  156 	 0.000031 	 0.000036 	 0.000042
  157 	 0.000031 	 0.000036 	 0.000042
  158 	 0.000031 	 0.000036 	 0.000044
  159 	 0.000030 	 0.000036 	 0.000043
  160 	 0.000030 	 0.000036 	 0.000041
  161 	 0.000031 	 0.000036 	 0.000043
  162 	 0.000031 	 0.000036 	 0.000042
  163 	 0.000030 	 0.000036 	 0.000043
  164 	 0.000031 	 0.000036 	 0.000043
  165 	 0.000031 	 0.000036 	 0.000041
  166 	 0.000031 	 0.000036 	 0.000043
  167 	 0.000030 	 0.000036 	 0.000044
  168 	 0.000030 	 0.000036 	 0.000043
  169 	 0.000030 	 0.000036 	 0.000042
  170 	 0.000031 	 0.000035 	 0.000042
  171 	 0.000031 	 0.000035 	 0.000043
  172 	 0.000030 	 0.000035 	 0.000041
  173 	 0.000031 	 0.000035 	 0.000041
  174 	 0.000030 	 0.000035 	 0.000042
  175 	 0.000031 	 0.000036 	 0.000042
  176 	 0.000031 	 0.000036 	 0.000042
  177 	 0.000029 	 0.000035 	 0.000044
  178 	 0.000031 	 0.000035 	 0.000042
  179 	 0.000031 	 0.000036 	 0.000043
  180 	 0.000031 	 0.000036 	 0.000042
  181 	 0.000031 	 0.000036 	 0.000042
  182 	 0.000031 	 0.000036 	 0.000042
  183 	 0.000030 	 0.000036 	 0.000042
  184 	 0.000031 	 0.000036 	 0.000043
  185 	 0.000030 	 0.000036 	 0.000045
  186 	 0.000030 	 0.000035 	 0.000045
  187 	 0.000031 	 0.000036 	 0.000044
  188 	 0.000030 	 0.000036 	 0.000042
  189 	 0.000030 	 0.000036 	 0.000043
  190 	 0.000030 	 0.000036 	 0.000043
  191 	 0.000030 	 0.000036 	 0.000044
  192 	 0.000030 	 0.000036 	 0.000046
  193 	 0.000030 	 0.000036 	 0.000044
  194 	 0.000031 	 0.000036 	 0.000044
  195 	 0.000031 	 0.000036 	 0.000043
  196 	 0.000030 	 0.000036 	 0.000043
  197 	 0.000032 	 0.000036 	 0.000042
  198 	 0.000029 	 0.000036 	 0.000041
  199 	 0.000032 	 0.000036 	 0.000043
  200 	 0.000031 	 0.000036 	 0.000041
  201 	 0.000030 	 0.000036 	 0.000041
  202 	 0.000031 	 0.000036 	 0.000045
  203 	 0.000031 	 0.000036 	 0.000044
  204 	 0.000031 	 0.000036 	 0.000043
  205 	 0.000030 	 0.000036 	 0.000044
  206 	 0.000030 	 0.000036 	 0.000044
  207 	 0.000031 	 0.000036 	 0.000043
  208 	 0.000031 	 0.000035 	 0.000043
  209 	 0.000030 	 0.000035 	 0.000042
  210 	 0.000031 	 0.000035 	 0.000040
  211 	 0.000030 	 0.000035 	 0.000042
  212 	 0.000030 	 0.000035 	 0.000041
  213 	 0.000031 	 0.000035 	 0.000044
  214 	 0.000031 	 0.000036 	 0.000043
  215 	 0.000031 	 0.000035 	 0.000043
  216 	 0.000030 	 0.000036 	 0.000042
  217 	 0.000031 	 0.000036 	 0.000043
  218 	 0.000031 	 0.000036 	 0.000043
  219 	 0.000030 	 0.000036 	 0.000045
  220 	 0.000031 	 0.000036 	 0.000043
  221 	 0.000030 	 0.000036 	 0.000043
  222 	 0.000031 	 0.000036 	 0.000043
  223 	 0.000031 	 0.000036 	 0.000043
  224 	 0.000031 	 0.000035 	 0.000045
  225 	 0.000030 	 0.000035 	 0.000043
  226 	 0.000031 	 0.000036 	 0.000041
  227 	 0.000031 	 0.000036 	 0.000044
  228 	 0.000030 	 0.000035 	 0.000043
  229 	 0.000031 	 0.000035 	 0.000041
  230 	 0.000030 	 0.000036 	 0.000042
  231 	 0.000029 	 0.000036 	 0.000045
  232 	 0.000029 	 0.000036 	 0.000043
  233 	 0.000030 	 0.000036 	 0.000044
  234 	 0.000031 	 0.000036 	 0.000043
  235 	 0.000031 	 0.000036 	 0.000042
  236 	 0.000031 	 0.000036 	 0.000043
  237 	 0.000032 	 0.000036 	 0.000043
  238 	 0.000031 	 0.000036 	 0.000044
  239 	 0.000030 	 0.000036 	 0.000042
  240 	 0.000032 	 0.000036 	 0.000042
  241 	 0.000031 	 0.000036 	 0.000044
  242 	 0.000029 	 0.000036 	 0.000045
  243 	 0.000031 	 0.000036 	 0.000042
  244 	 0.000030 	 0.000036 	 0.000042
  245 	 0.000030 	 0.000036 	 0.000043
  246 	 0.000030 	 0.000036 	 0.000044
  247 	 0.000030 	 0.000036 	 0.000042
  248 	 0.000031 	 0.000036 	 0.000043
  249 	 0.000030 	 0.000036 	 0.000042
  250 	 0.000032 	 0.000036 	 0.000043
  251 	 0.000031 	 0.000036 	 0.000042
  252 	 0.000031 	 0.000036 	 0.000043
  253 	 0.000032 	 0.000036 	 0.000042
  254 	 0.000030 	 0.000036 	 0.000043
  255 	 0.000030 	 0.000036 	 0.000043
  256 	 0.000031 	 0.000036 	 0.000043
  257 	 0.000031 	 0.000036 	 0.000043
  258 	 0.000030 	 0.000035 	 0.000044
  259 	 0.000030 	 0.000035 	 0.000041
  260 	 0.000030 	 0.000035 	 0.000040
  261 	 0.000031 	 0.000035 	 0.000042
  262 	 0.000031 	 0.000035 	 0.000042
  263 	 0.000030 	 0.000035 	 0.000043
  264 	 0.000030 	 0.000035 	 0.000043
  265 	 0.000031 	 0.000035 	 0.000042
  266 	 0.000030 	 0.000035 	 0.000042
  267 	 0.000030 	 0.000036 	 0.000042
  268 	 0.000030 	 0.000036 	 0.000043
  269 	 0.000031 	 0.000036 	 0.000044
  270 	 0.000032 	 0.000036 	 0.000043
  271 	 0.000030 	 0.000036 	 0.000044
  272 	 0.000031 	 0.000036 	 0.000045
  273 	 0.000030 	 0.000036 	 0.000043
  274 	 0.000030 	 0.000036 	 0.000044
  275 	 0.000031 	 0.000036 	 0.000043
  276 	 0.000030 	 0.000036 	 0.000044
  277 	 0.000031 	 0.000036 	 0.000041
  278 	 0.000031 	 0.000036 	 0.000042
  279 	 0.000031 	 0.000036 	 0.000042
  280 	 0.000031 	 0.000036 	 0.000044
  281 	 0.000030 	 0.000036 	 0.000045
  282 	 0.000032 	 0.000036 	 0.000043
  283 	 0.000031 	 0.000036 	 0.000045
  284 	 0.000030 	 0.000036 	 0.000045
  285 	 0.000030 	 0.000036 	 0.000045
  286 	 0.000031 	 0.000036 	 0.000044
  287 	 0.000029 	 0.000036 	 0.000042
  288 	 0.000029 	 0.000035 	 0.000043
  289 	 0.000030 	 0.000036 	 0.000041
  290 	 0.000030 	 0.000036 	 0.000042
  291 	 0.000030 	 0.000036 	 0.000041
  292 	 0.000029 	 0.000035 	 0.000043
  293 	 0.000030 	 0.000035 	 0.000041
  294 	 0.000030 	 0.000036 	 0.000043
  295 	 0.000029 	 0.000036 	 0.000043
  296 	 0.000030 	 0.000036 	 0.000045
  297 	 0.000031 	 0.000036 	 0.000042
  298 	 0.000031 	 0.000036 	 0.000042
  299 	 0.000031 	 0.000035 	 0.000043
  300 	 0.000029 	 0.000036 	 0.000044
  301 	 0.000030 	 0.000036 	 0.000046
  302 	 0.000031 	 0.000036 	 0.000045
  303 	 0.000031 	 0.000035 	 0.000045
  304 	 0.000030 	 0.000036 	 0.000045
  305 	 0.000031 	 0.000036 	 0.000044
  306 	 0.000031 	 0.000036 	 0.000044
  307 	 0.000030 	 0.000036 	 0.000043
  308 	 0.000030 	 0.000036 	 0.000043
  309 	 0.000031 	 0.000036 	 0.000041
  310 	 0.000031 	 0.000036 	 0.000043
  311 	 0.000029 	 0.000036 	 0.000042
  312 	 0.000031 	 0.000036 	 0.000042
  313 	 0.000031 	 0.000036 	 0.000042
  314 	 0.000031 	 0.000036 	 0.000042
  315 	 0.000031 	 0.000036 	 0.000041
  316 	 0.000030 	 0.000036 	 0.000043
  317 	 0.000032 	 0.000036 	 0.000043
  318 	 0.000031 	 0.000036 	 0.000047
  319 	 0.000031 	 0.000036 	 0.000047
  320 	 0.000030 	 0.000036 	 0.000047
  321 	 0.000030 	 0.000036 	 0.000048
  322 	 0.000030 	 0.000036 	 0.000043
  323 	 0.000031 	 0.000036 	 0.000045
  324 	 0.000030 	 0.000036 	 0.000044
  325 	 0.000030 	 0.000036 	 0.000046
  326 	 0.000031 	 0.000036 	 0.000046
  327 	 0.000030 	 0.000036 	 0.000045
  328 	 0.000031 	 0.000036 	 0.000047
  329 	 0.000032 	 0.000036 	 0.000046
  330 	 0.000031 	 0.000036 	 0.000042
  331 	 0.000030 	 0.000036 	 0.000044
  332 	 0.000031 	 0.000036 	 0.000044
  333 	 0.000030 	 0.000036 	 0.000043
  334 	 0.000030 	 0.000036 	 0.000044
  335 	 0.000031 	 0.000036 	 0.000047
  336 	 0.000031 	 0.000036 	 0.000043
  337 	 0.000030 	 0.000036 	 0.000047
  338 	 0.000031 	 0.000036 	 0.000046
  339 	 0.000031 	 0.000036 	 0.000045
  340 	 0.000031 	 0.000036 	 0.000045
  341 	 0.000031 	 0.000036 	 0.000043
  342 	 0.000030 	 0.000036 	 0.000044
  343 	 0.000031 	 0.000036 	 0.000042
  344 	 0.000031 	 0.000036 	 0.000044
  345 	 0.000031 	 0.000036 	 0.000043
  346 	 0.000032 	 0.000036 	 0.000042
  347 	 0.000032 	 0.000036 	 0.000042
  348 	 0.000031 	 0.000036 	 0.000043
  349 	 0.000031 	 0.000036 	 0.000040
  350 	 0.000031 	 0.000036 	 0.000043
  351 	 0.000031 	 0.000036 	 0.000043
  352 	 0.000030 	 0.000036 	 0.000042
  353 	 0.000030 	 0.000036 	 0.000045
  354 	 0.000031 	 0.000036 	 0.000046
  355 	 0.000030 	 0.000036 	 0.000046
  356 	 0.000030 	 0.000036 	 0.000045
  357 	 0.000031 	 0.000036 	 0.000042
  358 	 0.000031 	 0.000036 	 0.000043
  359 	 0.000030 	 0.000036 	 0.000043
  360 	 0.000031 	 0.000036 	 0.000043
  361 	 0.000030 	 0.000036 	 0.000043
  362 	 0.000032 	 0.000036 	 0.000043
  363 	 0.000031 	 0.000036 	 0.000043
  364 	 0.000031 	 0.000036 	 0.000044
  365 	 0.000030 	 0.000035 	 0.000043
  366 	 0.000031 	 0.000036 	 0.000045
  367 	 0.000030 	 0.000036 	 0.000045
  368 	 0.000032 	 0.000036 	 0.000045
  369 	 0.000031 	 0.000036 	 0.000044
  370 	 0.000031 	 0.000036 	 0.000042
  371 	 0.000031 	 0.000036 	 0.000044
  372 	 0.000031 	 0.000036 	 0.000041
  373 	 0.000031 	 0.000036 	 0.000044
  374 	 0.000030 	 0.000036 	 0.000043
  375 	 0.000031 	 0.000036 	 0.000043
  376 	 0.000031 	 0.000036 	 0.000044
  377 	 0.000031 	 0.000036 	 0.000044
  378 	 0.000031 	 0.000036 	 0.000044
  379 	 0.000030 	 0.000036 	 0.000045
  380 	 0.000031 	 0.000036 	 0.000043
  381 	 0.000030 	 0.000036 	 0.000044
  382 	 0.000029 	 0.000036 	 0.000042
  383 	 0.000030 	 0.000036 	 0.000044
  384 	 0.000031 	 0.000036 	 0.000043
  385 	 0.000029 	 0.000036 	 0.000042
  386 	 0.000031 	 0.000036 	 0.000044
  387 	 0.000031 	 0.000036 	 0.000043
  388 	 0.000031 	 0.000036 	 0.000042
  389 	 0.000031 	 0.000036 	 0.000042
  390 	 0.000031 	 0.000036 	 0.000043
  391 	 0.000031 	 0.000036 	 0.000044
  392 	 0.000031 	 0.000036 	 0.000043
  393 	 0.000031 	 0.000036 	 0.000042
  394 	 0.000031 	 0.000036 	 0.000042
  395 	 0.000031 	 0.000036 	 0.000044
  396 	 0.000031 	 0.000036 	 0.000044
  397 	 0.000031 	 0.000036 	 0.000044
  398 	 0.000031 	 0.000036 	 0.000044
  399 	 0.000031 	 0.000036 	 0.000045
  400 	 0.000030 	 0.000036 	 0.000045
  401 	 0.000031 	 0.000036 	 0.000044
  402 	 0.000031 	 0.000036 	 0.000042
  403 	 0.000030 	 0.000036 	 0.000043
  404 	 0.000030 	 0.000036 	 0.000044
  405 	 0.000032 	 0.000036 	 0.000045
  406 	 0.000031 	 0.000036 	 0.000045
  407 	 0.000031 	 0.000036 	 0.000044
  408 	 0.000029 	 0.000036 	 0.000043
  409 	 0.000031 	 0.000036 	 0.000044
  410 	 0.000030 	 0.000036 	 0.000043
  411 	 0.000031 	 0.000036 	 0.000043
  412 	 0.000031 	 0.000036 	 0.000043
  413 	 0.000031 	 0.000036 	 0.000043
  414 	 0.000031 	 0.000036 	 0.000042
  415 	 0.000031 	 0.000036 	 0.000044
  416 	 0.000031 	 0.000036 	 0.000044
  417 	 0.000031 	 0.000036 	 0.000041
  418 	 0.000030 	 0.000036 	 0.000042
  419 	 0.000031 	 0.000036 	 0.000043
  420 	 0.000031 	 0.000035 	 0.000042
  421 	 0.000031 	 0.000036 	 0.000042
  422 	 0.000031 	 0.000036 	 0.000042
  423 	 0.000031 	 0.000036 	 0.000042
  424 	 0.000030 	 0.000036 	 0.000044
  425 	 0.000029 	 0.000036 	 0.000043
  426 	 0.000030 	 0.000036 	 0.000043
  427 	 0.000031 	 0.000036 	 0.000042
  428 	 0.000030 	 0.000036 	 0.000043
  429 	 0.000031 	 0.000036 	 0.000042
  430 	 0.000029 	 0.000036 	 0.000042
  431 	 0.000031 	 0.000036 	 0.000043
  432 	 0.000031 	 0.000036 	 0.000042
  433 	 0.000030 	 0.000036 	 0.000043
  434 	 0.000030 	 0.000036 	 0.000042
  435 	 0.000031 	 0.000036 	 0.000044
  436 	 0.000030 	 0.000036 	 0.000045
  437 	 0.000031 	 0.000036 	 0.000044
  438 	 0.000031 	 0.000036 	 0.000044
  439 	 0.000031 	 0.000036 	 0.000044
  440 	 0.000031 	 0.000036 	 0.000045
  441 	 0.000031 	 0.000036 	 0.000044
  442 	 0.000031 	 0.000036 	 0.000042
  443 	 0.000031 	 0.000036 	 0.000042
  444 	 0.000030 	 0.000036 	 0.000042
  445 	 0.000031 	 0.000036 	 0.000041
  446 	 0.000030 	 0.000036 	 0.000042
  447 	 0.000031 	 0.000036 	 0.000044
  448 	 0.000032 	 0.000036 	 0.000042
  449 	 0.000031 	 0.000036 	 0.000042
  450 	 0.000031 	 0.000036 	 0.000042
  451 	 0.000031 	 0.000036 	 0.000043
  452 	 0.000030 	 0.000035 	 0.000042
  453 	 0.000031 	 0.000035 	 0.000045
  454 	 0.000031 	 0.000036 	 0.000044
  455 	 0.000031 	 0.000036 	 0.000046
  456 	 0.000030 	 0.000036 	 0.000044
  457 	 0.000030 	 0.000036 	 0.000046
  458 	 0.000030 	 0.000036 	 0.000047
  459 	 0.000031 	 0.000036 	 0.000044
  460 	 0.000030 	 0.000036 	 0.000043
  461 	 0.000031 	 0.000036 	 0.000043
  462 	 0.000031 	 0.000036 	 0.000045
  463 	 0.000031 	 0.000036 	 0.000046
  464 	 0.000032 	 0.000036 	 0.000043
  465 	 0.000032 	 0.000036 	 0.000043
  466 	 0.000031 	 0.000036 	 0.000046
  467 	 0.000031 	 0.000036 	 0.000043
  468 	 0.000032 	 0.000036 	 0.000042
  469 	 0.000030 	 0.000036 	 0.000044
  470 	 0.000030 	 0.000036 	 0.000044
  471 	 0.000030 	 0.000036 	 0.000043
  472 	 0.000030 	 0.000036 	 0.000042
  473 	 0.000031 	 0.000036 	 0.000044
  474 	 0.000031 	 0.000036 	 0.000041
  475 	 0.000031 	 0.000036 	 0.000043
  476 	 0.000030 	 0.000036 	 0.000042
  477 	 0.000031 	 0.000036 	 0.000045
  478 	 0.000031 	 0.000036 	 0.000044
  479 	 0.000031 	 0.000036 	 0.000042
  480 	 0.000031 	 0.000035 	 0.000041
  481 	 0.000031 	 0.000036 	 0.000042
  482 	 0.000031 	 0.000036 	 0.000042
  483 	 0.000031 	 0.000036 	 0.000042
  484 	 0.000031 	 0.000036 	 0.000043
  485 	 0.000032 	 0.000036 	 0.000042
  486 	 0.000030 	 0.000036 	 0.000043
  487 	 0.000031 	 0.000036 	 0.000044
  488 	 0.000031 	 0.000036 	 0.000043
  489 	 0.000030 	 0.000036 	 0.000043
  490 	 0.000032 	 0.000036 	 0.000042
  491 	 0.000031 	 0.000036 	 0.000042
  492 	 0.000031 	 0.000036 	 0.000043
  493 	 0.000031 	 0.000036 	 0.000044
  494 	 0.000030 	 0.000036 	 0.000042
  495 	 0.000031 	 0.000036 	 0.000043
  496 	 0.000031 	 0.000036 	 0.000042
  497 	 0.000031 	 0.000036 	 0.000042
  498 	 0.000032 	 0.000036 	 0.000049
  499 	 0.000032 	 0.000036 	 0.000047
 