   0 	 0.000030 	 0.000034 	 0.000041
    1 	 0.000030 	 0.000034 	 0.000041
    2 	 0.000030 	 0.000035 	 0.000043
    3 	 0.000030 	 0.000035 	 0.000042
    4 	 0.000031 	 0.000035 	 0.000042
    5 	 0.000031 	 0.000035 	 0.000043
    6 	 0.000031 	 0.000035 	 0.000042
    7 	 0.000028 	 0.000035 	 0.000043
    8 	 0.000029 	 0.000036 	 0.000042
    9 	 0.000031 	 0.000036 	 0.000042
   10 	 0.000031 	 0.000036 	 0.000044
   11 	 0.000031 	 0.000036 	 0.000044
   12 	 0.000031 	 0.000036 	 0.000045
   13 	 0.000031 	 0.000036 	 0.000041
   14 	 0.000031 	 0.000036 	 0.000042
   15 	 0.000032 	 0.000036 	 0.000043
   16 	 0.000030 	 0.000036 	 0.000043
   17 	 0.000030 	 0.000036 	 0.000043
   18 	 0.000029 	 0.000036 	 0.000043
   19 	 0.000031 	 0.000036 	 0.000042
   20 	 0.000030 	 0.000037 	 0.000043
   21 	 0.000031 	 0.000036 	 0.000043
   22 	 0.000031 	 0.000036 	 0.000043
   23 	 0.000031 	 0.000036 	 0.000045
   24 	 0.000032 	 0.000036 	 0.000045
   25 	 0.000031 	 0.000036 	 0.000044
   26 	 0.000030 	 0.000036 	 0.000045
   27 	 0.000031 	 0.000036 	 0.000043
   28 	 0.000030 	 0.000036 	 0.000043
   29 	 0.000031 	 0.000036 	 0.000043
   30 	 0.000031 	 0.000036 	 0.000043
   31 	 0.000032 	 0.000036 	 0.000044
   32 	 0.000030 	 0.000036 	 0.000045
   33 	 0.000032 	 0.000036 	 0.000041
   34 	 0.000031 	 0.000036 	 0.000042
   35 	 0.000031 	 0.000036 	 0.000043
   36 	 0.000031 	 0.000036 	 0.000042
   37 	 0.000031 	 0.000036 	 0.000042
   38 	 0.000031 	 0.000036 	 0.000043
   39 	 0.000031 	 0.000036 	 0.000044
   40 	 0.000032 	 0.000036 	 0.000044
   41 	 0.000032 	 0.000036 	 0.000045
   42 	 0.000031 	 0.000037 	 0.000045
   43 	 0.000031 	 0.000036 	 0.000044
   44 	 0.000031 	 0.000036 	 0.000045
   45 	 0.000031 	 0.000036 	 0.000043
   46 	 0.000031 	 0.000036 	 0.000046
   47 	 0.000031 	 0.000036 	 0.000042
   48 	 0.000031 	 0.000036 	 0.000043
   49 	 0.000032 	 0.000036 	 0.000045
   50 	 0.000032 	 0.000036 	 0.000042
   51 	 0.000031 	 0.000036 	 0.000043
   52 	 0.000031 	 0.000036 	 0.000043
   53 	 0.000030 	 0.000036 	 0.000042
   54 	 0.000031 	 0.000036 	 0.000043
   55 	 0.000030 	 0.000036 	 0.000043
   56 	 0.000030 	 0.000036 	 0.000044
   57 	 0.000030 	 0.000036 	 0.000042
   58 	 0.000031 	 0.000036 	 0.000043
   59 	 0.000030 	 0.000036 	 0.000043
   60 	 0.000031 	 0.000036 	 0.000043
   61 	 0.000031 	 0.000036 	 0.000043
   62 	 0.000031 	 0.000036 	 0.000046
   63 	 0.000031 	 0.000036 	 0.000044
   64 	 0.000030 	 0.000036 	 0.000046
   65 	 0.000031 	 0.000036 	 0.000049
   66 	 0.000031 	 0.000037 	 0.000047
   67 	 0.000031 	 0.000036 	 0.000045
   68 	 0.000031 	 0.000036 	 0.000042
   69 	 0.000031 	 0.000036 	 0.000043
   70 	 0.000032 	 0.000036 	 0.000045
   71 	 0.000031 	 0.000036 	 0.000043
   72 	 0.000031 	 0.000036 	 0.000043
   73 	 0.000031 	 0.000036 	 0.000043
   74 	 0.000032 	 0.000037 	 0.000043
   75 	 0.000032 	 0.000037 	 0.000043
   76 	 0.000032 	 0.000037 	 0.000043
   77 	 0.000031 	 0.000037 	 0.000043
   78 	 0.000032 	 0.000037 	 0.000044
   79 	 0.000032 	 0.000037 	 0.000044
   80 	 0.000032 	 0.000037 	 0.000044
   81 	 0.000031 	 0.000037 	 0.000043
   82 	 0.000032 	 0.000036 	 0.000043
   83 	 0.000031 	 0.000036 	 0.000043
   84 	 0.000031 	 0.000036 	 0.000044
   85 	 0.000031 	 0.000036 	 0.000045
   86 	 0.000031 	 0.000036 	 0.000044
   87 	 0.000031 	 0.000036 	 0.000043
   88 	 0.000031 	 0.000036 	 0.000042
   89 	 0.000032 	 0.000036 	 0.000043
   90 	 0.000030 	 0.000036 	 0.000044
   91 	 0.000031 	 0.000036 	 0.000043
   92 	 0.000030 	 0.000036 	 0.000043
   93 	 0.000031 	 0.000036 	 0.000045
   94 	 0.000030 	 0.000036 	 0.000043
   95 	 0.000032 	 0.000036 	 0.000043
   96 	 0.000031 	 0.000036 	 0.000043
   97 	 0.000031 	 0.000036 	 0.000043
   98 	 0.000032 	 0.000036 	 0.000044
   99 	 0.000031 	 0.000036 	 0.000042
  100 	 0.000031 	 0.000036 	 0.000043
  101 	 0.000031 	 0.000036 	 0.000043
  102 	 0.000030 	 0.000036 	 0.000044
  103 	 0.000030 	 0.000036 	 0.000042
  104 	 0.000030 	 0.000036 	 0.000044
  105 	 0.000030 	 0.000036 	 0.000043
  106 	 0.000031 	 0.000036 	 0.000043
  107 	 0.000031 	 0.000036 	 0.000044
  108 	 0.000030 	 0.000036 	 0.000044
  109 	 0.000031 	 0.000036 	 0.000044
  110 	 0.000031 	 0.000036 	 0.000043
  111 	 0.000031 	 0.000036 	 0.000043
  112 	 0.000032 	 0.000036 	 0.000043
  113 	 0.000032 	 0.000036 	 0.000044
  114 	 0.000031 	 0.000036 	 0.000045
  115 	 0.000032 	 0.000037 	 0.000043
  116 	 0.000031 	 0.000036 	 0.000043
  117 	 0.000031 	 0.000037 	 0.000043
  118 	 0.000030 	 0.000037 	 0.000043
  119 	 0.000031 	 0.000036 	 0.000042
  120 	 0.000032 	 0.000036 	 0.000044
  121 	 0.000031 	 0.000037 	 0.000044
  122 	 0.000031 	 0.000036 	 0.000044
  123 	 0.000031 	 0.000036 	 0.000045
  124 	 0.000031 	 0.000036 	 0.000045
  125 	 0.000029 	 0.000036 	 0.000045
  126 	 0.000030 	 0.000037 	 0.000044
  127 	 0.000032 	 0.000037 	 0.000046
  128 	 0.000031 	 0.000037 	 0.000043
  129 	 0.000032 	 0.000036 	 0.000042
  130 	 0.000031 	 0.000036 	 0.000044
  131 	 0.000031 	 0.000036 	 0.000044
  132 	 0.000030 	 0.000036 	 0.000046
  133 	 0.000031 	 0.000037 	 0.000043
  134 	 0.000030 	 0.000036 	 0.000046
  135 	 0.000030 	 0.000036 	 0.000043
  136 	 0.000031 	 0.000037 	 0.000042
  137 	 0.000030 	 0.000036 	 0.000042
  138 	 0.000031 	 0.000036 	 0.000042
  139 	 0.000030 	 0.000036 	 0.000043
  140 	 0.000031 	 0.000036 	 0.000042
  141 	 0.000031 	 0.000036 	 0.000044
  142 	 0.000030 	 0.000036 	 0.000044
  143 	 0.000030 	 0.000037 	 0.000044
  144 	 0.000031 	 0.000037 	 0.000042
  145 	 0.000031 	 0.000036 	 0.000043
  146 	 0.000031 	 0.000036 	 0.000042
  147 	 0.000031 	 0.000036 	 0.000044
  148 	 0.000030 	 0.000036 	 0.000042
  149 	 0.000031 	 0.000036 	 0.000042
  150 	 0.000031 	 0.000036 	 0.000042
  151 	 0.000030 	 0.000036 	 0.000042
  152 	 0.000031 	 0.000036 	 0.000045
  153 	 0.000031 	 0.000036 	 0.000041
  154 	 0.000031 	 0.000036 	 0.000043
  155 	 0.000031 	 0.000036 	 0.000043
  156 	 0.000032 	 0.000036 	 0.000041
  157 	 0.000031 	 0.000036 	 0.000042
  158 	 0.000031 	 0.000036 	 0.000043
  159 	 0.000031 	 0.000036 	 0.000043
  160 	 0.000031 	 0.000036 	 0.000044
  161 	 0.000030 	 0.000036 	 0.000046
  162 	 0.000031 	 0.000036 	 0.000044
  163 	 0.000031 	 0.000036 	 0.000043
  164 	 0.000031 	 0.000036 	 0.000044
  165 	 0.000030 	 0.000036 	 0.000042
  166 	 0.000031 	 0.000036 	 0.000043
  167 	 0.000029 	 0.000036 	 0.000043
  168 	 0.000030 	 0.000036 	 0.000044
  169 	 0.000031 	 0.000036 	 0.000042
  170 	 0.000031 	 0.000036 	 0.000042
  171 	 0.000031 	 0.000036 	 0.000043
  172 	 0.000031 	 0.000036 	 0.000042
  173 	 0.000032 	 0.000036 	 0.000043
  174 	 0.000031 	 0.000036 	 0.000042
  175 	 0.000032 	 0.000036 	 0.000044
  176 	 0.000031 	 0.000036 	 0.000043
  177 	 0.000031 	 0.000036 	 0.000043
  178 	 0.000031 	 0.000036 	 0.000043
  179 	 0.000030 	 0.000036 	 0.000045
  180 	 0.000031 	 0.000036 	 0.000044
  181 	 0.000030 	 0.000036 	 0.000045
  182 	 0.000032 	 0.000036 	 0.000044
  183 	 0.000031 	 0.000036 	 0.000043
  184 	 0.000031 	 0.000036 	 0.000043
  185 	 0.000031 	 0.000036 	 0.000044
  186 	 0.000030 	 0.000036 	 0.000043
  187 	 0.000030 	 0.000036 	 0.000043
  188 	 0.000031 	 0.000036 	 0.000046
  189 	 0.000032 	 0.000037 	 0.000047
  190 	 0.000031 	 0.000037 	 0.000045
  191 	 0.000031 	 0.000037 	 0.000045
  192 	 0.000031 	 0.000037 	 0.000046
  193 	 0.000031 	 0.000037 	 0.000045
  194 	 0.000031 	 0.000037 	 0.000046
  195 	 0.000031 	 0.000037 	 0.000043
  196 	 0.000031 	 0.000037 	 0.000043
  197 	 0.000031 	 0.000037 	 0.000045
  198 	 0.000032 	 0.000037 	 0.000045
  199 	 0.000031 	 0.000036 	 0.000043
  200 	 0.000030 	 0.000037 	 0.000046
  201 	 0.000031 	 0.000036 	 0.000045
  202 	 0.000032 	 0.000036 	 0.000045
  203 	 0.000031 	 0.000036 	 0.000044
  204 	 0.000031 	 0.000036 	 0.000042
  205 	 0.000031 	 0.000036 	 0.000042
  206 	 0.000031 	 0.000036 	 0.000042
  207 	 0.000031 	 0.000036 	 0.000045
  208 	 0.000030 	 0.000036 	 0.000043
  209 	 0.000031 	 0.000036 	 0.000045
  210 	 0.000031 	 0.000036 	 0.000042
  211 	 0.000032 	 0.000036 	 0.000045
  212 	 0.000031 	 0.000036 	 0.000044
  213 	 0.000030 	 0.000036 	 0.000043
  214 	 0.000030 	 0.000036 	 0.000043
  215 	 0.000032 	 0.000036 	 0.000046
  216 	 0.000031 	 0.000037 	 0.000043
  217 	 0.000030 	 0.000037 	 0.000045
  218 	 0.000031 	 0.000037 	 0.000047
  219 	 0.000030 	 0.000036 	 0.000046
  220 	 0.000030 	 0.000036 	 0.000043
  221 	 0.000031 	 0.000036 	 0.000047
  222 	 0.000030 	 0.000037 	 0.000044
  223 	 0.000031 	 0.000037 	 0.000045
  224 	 0.000031 	 0.000037 	 0.000048
  225 	 0.000031 	 0.000037 	 0.000047
  226 	 0.000031 	 0.000037 	 0.000046
  227 	 0.000031 	 0.000037 	 0.000047
  228 	 0.000032 	 0.000037 	 0.000045
  229 	 0.000032 	 0.000037 	 0.000043
  230 	 0.000030 	 0.000036 	 0.000043
  231 	 0.000030 	 0.000036 	 0.000045
  232 	 0.000031 	 0.000036 	 0.000044
  233 	 0.000031 	 0.000036 	 0.000044
  234 	 0.000031 	 0.000037 	 0.000046
  235 	 0.000030 	 0.000037 	 0.000043
  236 	 0.000031 	 0.000037 	 0.000044
  237 	 0.000032 	 0.000037 	 0.000044
  238 	 0.000030 	 0.000037 	 0.000047
  239 	 0.000029 	 0.000037 	 0.000046
  240 	 0.000030 	 0.000037 	 0.000044
  241 	 0.000031 	 0.000037 	 0.000047
  242 	 0.000031 	 0.000037 	 0.000044
  243 	 0.000032 	 0.000037 	 0.000046
  244 	 0.000030 	 0.000037 	 0.000043
  245 	 0.000031 	 0.000037 	 0.000043
  246 	 0.000030 	 0.000037 	 0.000044
  247 	 0.000031 	 0.000037 	 0.000044
  248 	 0.000030 	 0.000037 	 0.000046
  249 	 0.000031 	 0.000037 	 0.000044
  250 	 0.000030 	 0.000037 	 0.000045
  251 	 0.000031 	 0.000037 	 0.000045
  252 	 0.000031 	 0.000037 	 0.000047
  253 	 0.000030 	 0.000037 	 0.000044
  254 	 0.000030 	 0.000037 	 0.000044
  255 	 0.000030 	 0.000036 	 0.000045
  256 	 0.000030 	 0.000037 	 0.000047
  257 	 0.000031 	 0.000037 	 0.000044
  258 	 0.000031 	 0.000037 	 0.000046
  259 	 0.000032 	 0.000037 	 0.000044
  260 	 0.000031 	 0.000037 	 0.000045
  261 	 0.000030 	 0.000037 	 0.000043
  262 	 0.000031 	 0.000036 	 0.000044
  263 	 0.000032 	 0.000036 	 0.000044
  264 	 0.000031 	 0.000037 	 0.000047
  265 	 0.000031 	 0.000036 	 0.000044
  266 	 0.000031 	 0.000036 	 0.000044
  267 	 0.000032 	 0.000036 	 0.000043
  268 	 0.000031 	 0.000036 	 0.000044
  269 	 0.000031 	 0.000036 	 0.000044
  270 	 0.000031 	 0.000036 	 0.000044
  271 	 0.000031 	 0.000036 	 0.000043
  272 	 0.000031 	 0.000036 	 0.000044
  273 	 0.000031 	 0.000036 	 0.000044
  274 	 0.000030 	 0.000036 	 0.000042
  275 	 0.000031 	 0.000036 	 0.000043
  276 	 0.000031 	 0.000037 	 0.000043
  277 	 0.000031 	 0.000037 	 0.000043
  278 	 0.000031 	 0.000037 	 0.000044
  279 	 0.000031 	 0.000037 	 0.000045
  280 	 0.000032 	 0.000037 	 0.000044
  281 	 0.000031 	 0.000036 	 0.000043
  282 	 0.000030 	 0.000037 	 0.000043
  283 	 0.000030 	 0.000037 	 0.000044
  284 	 0.000030 	 0.000036 	 0.000044
  285 	 0.000031 	 0.000036 	 0.000045
  286 	 0.000032 	 0.000036 	 0.000043
  287 	 0.000031 	 0.000036 	 0.000043
  288 	 0.000030 	 0.000037 	 0.000044
  289 	 0.000031 	 0.000036 	 0.000043
  290 	 0.000030 	 0.000036 	 0.000043
  291 	 0.000030 	 0.000036 	 0.000043
  292 	 0.000030 	 0.000037 	 0.000045
  293 	 0.000032 	 0.000036 	 0.000044
  294 	 0.000032 	 0.000037 	 0.000045
  295 	 0.000032 	 0.000036 	 0.000044
  296 	 0.000031 	 0.000037 	 0.000044
  297 	 0.000032 	 0.000037 	 0.000044
  298 	 0.000031 	 0.000037 	 0.000044
  299 	 0.000031 	 0.000037 	 0.000044
  300 	 0.000032 	 0.000037 	 0.000044
  301 	 0.000031 	 0.000037 	 0.000042
  302 	 0.000031 	 0.000036 	 0.000044
  303 	 0.000030 	 0.000036 	 0.000044
  304 	 0.000031 	 0.000036 	 0.000044
  305 	 0.000031 	 0.000036 	 0.000045
  306 	 0.000032 	 0.000036 	 0.000042
  307 	 0.000031 	 0.000036 	 0.000042
  308 	 0.000032 	 0.000036 	 0.000042
  309 	 0.000031 	 0.000036 	 0.000044
  310 	 0.000031 	 0.000036 	 0.000043
  311 	 0.000030 	 0.000036 	 0.000043
  312 	 0.000031 	 0.000036 	 0.000042
  313 	 0.000031 	 0.000036 	 0.000041
  314 	 0.000031 	 0.000036 	 0.000045
  315 	 0.000031 	 0.000036 	 0.000045
  316 	 0.000031 	 0.000036 	 0.000042
  317 	 0.000030 	 0.000036 	 0.000041
  318 	 0.000030 	 0.000036 	 0.000043
  319 	 0.000030 	 0.000036 	 0.000042
  320 	 0.000031 	 0.000036 	 0.000044
  321 	 0.000031 	 0.000036 	 0.000046
  322 	 0.000031 	 0.000036 	 0.000044
  323 	 0.000030 	 0.000036 	 0.000042
  324 	 0.000031 	 0.000036 	 0.000041
  325 	 0.000031 	 0.000036 	 0.000041
  326 	 0.000029 	 0.000036 	 0.000043
  327 	 0.000031 	 0.000036 	 0.000043
  328 	 0.000031 	 0.000036 	 0.000043
  329 	 0.000031 	 0.000036 	 0.000044
  330 	 0.000032 	 0.000036 	 0.000042
  331 	 0.000031 	 0.000036 	 0.000043
  332 	 0.000031 	 0.000036 	 0.000045
  333 	 0.000030 	 0.000036 	 0.000043
  334 	 0.000031 	 0.000036 	 0.000041
  335 	 0.000031 	 0.000036 	 0.000043
  336 	 0.000032 	 0.000036 	 0.000041
  337 	 0.000031 	 0.000036 	 0.000044
  338 	 0.000031 	 0.000036 	 0.000043
  339 	 0.000032 	 0.000036 	 0.000043
  340 	 0.000031 	 0.000036 	 0.000043
  341 	 0.000030 	 0.000036 	 0.000045
  342 	 0.000031 	 0.000036 	 0.000044
  343 	 0.000031 	 0.000036 	 0.000043
  344 	 0.000030 	 0.000036 	 0.000043
  345 	 0.000031 	 0.000037 	 0.000044
  346 	 0.000032 	 0.000036 	 0.000043
  347 	 0.000031 	 0.000036 	 0.000042
  348 	 0.000032 	 0.000036 	 0.000044
  349 	 0.000031 	 0.000036 	 0.000044
  350 	 0.000031 	 0.000037 	 0.000043
  351 	 0.000032 	 0.000037 	 0.000044
  352 	 0.000031 	 0.000036 	 0.000045
  353 	 0.000031 	 0.000037 	 0.000044
  354 	 0.000031 	 0.000037 	 0.000045
  355 	 0.000031 	 0.000036 	 0.000045
  356 	 0.000031 	 0.000036 	 0.000044
  357 	 0.000031 	 0.000036 	 0.000044
  358 	 0.000031 	 0.000037 	 0.000045
  359 	 0.000031 	 0.000037 	 0.000044
  360 	 0.000031 	 0.000036 	 0.000046
  361 	 0.000031 	 0.000036 	 0.000042
  362 	 0.000031 	 0.000036 	 0.000042
  363 	 0.000031 	 0.000036 	 0.000044
  364 	 0.000030 	 0.000036 	 0.000043
  365 	 0.000030 	 0.000036 	 0.000042
  366 	 0.000031 	 0.000036 	 0.000043
  367 	 0.000030 	 0.000036 	 0.000042
  368 	 0.000030 	 0.000036 	 0.000041
  369 	 0.000032 	 0.000036 	 0.000042
  370 	 0.000031 	 0.000036 	 0.000042
  371 	 0.000029 	 0.000036 	 0.000044
  372 	 0.000030 	 0.000036 	 0.000043
  373 	 0.000030 	 0.000036 	 0.000043
  374 	 0.000030 	 0.000036 	 0.000046
  375 	 0.000030 	 0.000036 	 0.000046
  376 	 0.000030 	 0.000036 	 0.000042
  377 	 0.000030 	 0.000036 	 0.000042
  378 	 0.000029 	 0.000036 	 0.000043
  379 	 0.000030 	 0.000036 	 0.000043
  380 	 0.000030 	 0.000036 	 0.000046
  381 	 0.000031 	 0.000036 	 0.000046
  382 	 0.000031 	 0.000036 	 0.000045
  383 	 0.000030 	 0.000036 	 0.000043
  384 	 0.000030 	 0.000036 	 0.000047
  385 	 0.000030 	 0.000036 	 0.000044
  386 	 0.000031 	 0.000036 	 0.000044
  387 	 0.000031 	 0.000036 	 0.000045
  388 	 0.000030 	 0.000036 	 0.000045
  389 	 0.000031 	 0.000036 	 0.000043
  390 	 0.000031 	 0.000036 	 0.000044
  391 	 0.000030 	 0.000036 	 0.000044
  392 	 0.000031 	 0.000036 	 0.000044
  393 	 0.000030 	 0.000037 	 0.000044
  394 	 0.000032 	 0.000037 	 0.000046
  395 	 0.000031 	 0.000037 	 0.000044
  396 	 0.000031 	 0.000037 	 0.000043
  397 	 0.000031 	 0.000037 	 0.000044
  398 	 0.000030 	 0.000037 	 0.000043
  399 	 0.000030 	 0.000037 	 0.000043
  400 	 0.000031 	 0.000037 	 0.000045
  401 	 0.000031 	 0.000037 	 0.000043
  402 	 0.000032 	 0.000037 	 0.000043
  403 	 0.000031 	 0.000036 	 0.000044
  404 	 0.000031 	 0.000036 	 0.000044
  405 	 0.000030 	 0.000036 	 0.000043
  406 	 0.000029 	 0.000036 	 0.000043
  407 	 0.000029 	 0.000036 	 0.000043
  408 	 0.000031 	 0.000036 	 0.000043
  409 	 0.000030 	 0.000036 	 0.000043
  410 	 0.000032 	 0.000037 	 0.000044
  411 	 0.000030 	 0.000036 	 0.000046
  412 	 0.000030 	 0.000036 	 0.000045
  413 	 0.000031 	 0.000036 	 0.000044
  414 	 0.000031 	 0.000036 	 0.000043
  415 	 0.000030 	 0.000036 	 0.000043
  416 	 0.000029 	 0.000036 	 0.000044
  417 	 0.000031 	 0.000036 	 0.000044
  418 	 0.000029 	 0.000036 	 0.000046
  419 	 0.000031 	 0.000036 	 0.000045
  420 	 0.000031 	 0.000036 	 0.000047
  421 	 0.000031 	 0.000037 	 0.000046
  422 	 0.000032 	 0.000037 	 0.000043
  423 	 0.000032 	 0.000036 	 0.000043
  424 	 0.000032 	 0.000036 	 0.000042
  425 	 0.000031 	 0.000036 	 0.000042
  426 	 0.000030 	 0.000036 	 0.000045
  427 	 0.000031 	 0.000037 	 0.000045
  428 	 0.000030 	 0.000036 	 0.000044
  429 	 0.000029 	 0.000036 	 0.000042
  430 	 0.000030 	 0.000037 	 0.000044
  431 	 0.000029 	 0.000037 	 0.000045
  432 	 0.000029 	 0.000037 	 0.000044
  433 	 0.000029 	 0.000037 	 0.000047
  434 	 0.000030 	 0.000037 	 0.000045
  435 	 0.000030 	 0.000037 	 0.000045
  436 	 0.000031 	 0.000037 	 0.000044
  437 	 0.000032 	 0.000037 	 0.000046
  438 	 0.000031 	 0.000037 	 0.000045
  439 	 0.000030 	 0.000037 	 0.000044
  440 	 0.000030 	 0.000037 	 0.000043
  441 	 0.000031 	 0.000037 	 0.000043
  442 	 0.000031 	 0.000037 	 0.000044
  443 	 0.000031 	 0.000036 	 0.000042
  444 	 0.000032 	 0.000036 	 0.000043
  445 	 0.000031 	 0.000036 	 0.000043
  446 	 0.000031 	 0.000036 	 0.000043
  447 	 0.000029 	 0.000036 	 0.000044
  448 	 0.000030 	 0.000036 	 0.000043
  449 	 0.000031 	 0.000036 	 0.000042
  450 	 0.000030 	 0.000036 	 0.000043
  451 	 0.000030 	 0.000036 	 0.000042
  452 	 0.000030 	 0.000036 	 0.000044
  453 	 0.000030 	 0.000036 	 0.000042
  454 	 0.000031 	 0.000036 	 0.000042
  455 	 0.000031 	 0.000036 	 0.000044
  456 	 0.000030 	 0.000035 	 0.000043
  457 	 0.000030 	 0.000035 	 0.000042
  458 	 0.000030 	 0.000035 	 0.000042
  459 	 0.000031 	 0.000035 	 0.000043
  460 	 0.000030 	 0.000035 	 0.000044
  461 	 0.000031 	 0.000035 	 0.000043
  462 	 0.000030 	 0.000035 	 0.000042
  463 	 0.000031 	 0.000035 	 0.000042
  464 	 0.000031 	 0.000036 	 0.000042
  465 	 0.000031 	 0.000036 	 0.000044
  466 	 0.000031 	 0.000036 	 0.000042
  467 	 0.000031 	 0.000036 	 0.000045
  468 	 0.000031 	 0.000036 	 0.000043
  469 	 0.000031 	 0.000036 	 0.000044
  470 	 0.000031 	 0.000036 	 0.000044
  471 	 0.000031 	 0.000036 	 0.000045
  472 	 0.000031 	 0.000036 	 0.000046
  473 	 0.000031 	 0.000036 	 0.000043
  474 	 0.000031 	 0.000036 	 0.000045
  475 	 0.000031 	 0.000036 	 0.000043
  476 	 0.000030 	 0.000036 	 0.000043
  477 	 0.000031 	 0.000036 	 0.000043
  478 	 0.000031 	 0.000036 	 0.000042
  479 	 0.000031 	 0.000036 	 0.000042
  480 	 0.000031 	 0.000036 	 0.000044
  481 	 0.000031 	 0.000036 	 0.000043
  482 	 0.000030 	 0.000036 	 0.000042
  483 	 0.000031 	 0.000036 	 0.000043
  484 	 0.000031 	 0.000036 	 0.000043
  485 	 0.000031 	 0.000036 	 0.000042
  486 	 0.000031 	 0.000036 	 0.000043
  487 	 0.000031 	 0.000036 	 0.000042
  488 	 0.000031 	 0.000036 	 0.000043
  489 	 0.000031 	 0.000036 	 0.000043
  490 	 0.000031 	 0.000036 	 0.000042
  491 	 0.000030 	 0.000036 	 0.000043
  492 	 0.000031 	 0.000037 	 0.000043
  493 	 0.000031 	 0.000037 	 0.000044
  494 	 0.000031 	 0.000037 	 0.000047
  495 	 0.000031 	 0.000037 	 0.000043
  496 	 0.000031 	 0.000037 	 0.000043
  497 	 0.000032 	 0.000037 	 0.000043
  498 	 0.000032 	 0.000036 	 0.000045
  499 	 0.000032 	 0.000037 	 0.000044
 