   0 	 0.000031 	 0.000034 	 0.000041
    1 	 0.000030 	 0.000034 	 0.000040
    2 	 0.000030 	 0.000035 	 0.000040
    3 	 0.000030 	 0.000034 	 0.000039
    4 	 0.000030 	 0.000034 	 0.000039
    5 	 0.000029 	 0.000035 	 0.000039
    6 	 0.000029 	 0.000035 	 0.000042
    7 	 0.000030 	 0.000035 	 0.000041
    8 	 0.000030 	 0.000035 	 0.000042
    9 	 0.000030 	 0.000035 	 0.000042
   10 	 0.000031 	 0.000035 	 0.000041
   11 	 0.000031 	 0.000035 	 0.000041
   12 	 0.000031 	 0.000035 	 0.000040
   13 	 0.000030 	 0.000036 	 0.000043
   14 	 0.000030 	 0.000036 	 0.000043
   15 	 0.000031 	 0.000036 	 0.000043
   16 	 0.000030 	 0.000036 	 0.000042
   17 	 0.000031 	 0.000036 	 0.000042
   18 	 0.000030 	 0.000035 	 0.000042
   19 	 0.000032 	 0.000035 	 0.000046
   20 	 0.000030 	 0.000036 	 0.000046
   21 	 0.000030 	 0.000036 	 0.000045
   22 	 0.000028 	 0.000036 	 0.000045
   23 	 0.000030 	 0.000036 	 0.000044
   24 	 0.000030 	 0.000036 	 0.000046
   25 	 0.000030 	 0.000036 	 0.000046
   26 	 0.000029 	 0.000036 	 0.000047
   27 	 0.000031 	 0.000036 	 0.000043
   28 	 0.000029 	 0.000036 	 0.000042
   29 	 0.000031 	 0.000036 	 0.000043
   30 	 0.000030 	 0.000036 	 0.000043
   31 	 0.000030 	 0.000036 	 0.000042
   32 	 0.000030 	 0.000036 	 0.000044
   33 	 0.000030 	 0.000035 	 0.000043
   34 	 0.000030 	 0.000036 	 0.000045
   35 	 0.000030 	 0.000036 	 0.000046
   36 	 0.000031 	 0.000036 	 0.000044
   37 	 0.000030 	 0.000036 	 0.000045
   38 	 0.000031 	 0.000036 	 0.000042
   39 	 0.000031 	 0.000036 	 0.000045
   40 	 0.000031 	 0.000036 	 0.000044
   41 	 0.000030 	 0.000036 	 0.000045
   42 	 0.000031 	 0.000036 	 0.000044
   43 	 0.000030 	 0.000036 	 0.000042
   44 	 0.000030 	 0.000036 	 0.000042
   45 	 0.000031 	 0.000036 	 0.000043
   46 	 0.000030 	 0.000036 	 0.000044
   47 	 0.000031 	 0.000036 	 0.000045
   48 	 0.000031 	 0.000036 	 0.000045
   49 	 0.000031 	 0.000036 	 0.000043
   50 	 0.000031 	 0.000036 	 0.000044
   51 	 0.000031 	 0.000036 	 0.000046
   52 	 0.000031 	 0.000036 	 0.000044
   53 	 0.000030 	 0.000036 	 0.000045
   54 	 0.000032 	 0.000036 	 0.000047
   55 	 0.000031 	 0.000036 	 0.000044
   56 	 0.000031 	 0.000036 	 0.000044
   57 	 0.000030 	 0.000036 	 0.000043
   58 	 0.000031 	 0.000036 	 0.000045
   59 	 0.000031 	 0.000036 	 0.000044
   60 	 0.000031 	 0.000036 	 0.000044
   61 	 0.000031 	 0.000036 	 0.000042
   62 	 0.000030 	 0.000036 	 0.000044
   63 	 0.000030 	 0.000037 	 0.000045
   64 	 0.000030 	 0.000037 	 0.000045
   65 	 0.000031 	 0.000037 	 0.000047
   66 	 0.000030 	 0.000037 	 0.000044
   67 	 0.000029 	 0.000036 	 0.000044
   68 	 0.000031 	 0.000036 	 0.000044
   69 	 0.000031 	 0.000037 	 0.000043
   70 	 0.000031 	 0.000037 	 0.000043
   71 	 0.000032 	 0.000037 	 0.000046
   72 	 0.000032 	 0.000037 	 0.000047
   73 	 0.000031 	 0.000036 	 0.000044
   74 	 0.000032 	 0.000037 	 0.000044
   75 	 0.000031 	 0.000036 	 0.000041
   76 	 0.000032 	 0.000037 	 0.000044
   77 	 0.000031 	 0.000036 	 0.000045
   78 	 0.000031 	 0.000036 	 0.000044
   79 	 0.000031 	 0.000036 	 0.000042
   80 	 0.000032 	 0.000036 	 0.000041
   81 	 0.000031 	 0.000036 	 0.000042
   82 	 0.000032 	 0.000036 	 0.000043
   83 	 0.000031 	 0.000036 	 0.000043
   84 	 0.000031 	 0.000036 	 0.000043
   85 	 0.000031 	 0.000036 	 0.000044
   86 	 0.000032 	 0.000036 	 0.000043
   87 	 0.000030 	 0.000036 	 0.000043
   88 	 0.000031 	 0.000036 	 0.000046
   89 	 0.000031 	 0.000036 	 0.000043
   90 	 0.000030 	 0.000036 	 0.000043
   91 	 0.000032 	 0.000036 	 0.000044
   92 	 0.000032 	 0.000036 	 0.000045
   93 	 0.000031 	 0.000036 	 0.000045
   94 	 0.000031 	 0.000036 	 0.000045
   95 	 0.000030 	 0.000036 	 0.000045
   96 	 0.000031 	 0.000036 	 0.000045
   97 	 0.000031 	 0.000037 	 0.000043
   98 	 0.000031 	 0.000037 	 0.000043
   99 	 0.000031 	 0.000037 	 0.000044
  100 	 0.000031 	 0.000036 	 0.000042
  101 	 0.000031 	 0.000036 	 0.000043
  102 	 0.000030 	 0.000036 	 0.000045
  103 	 0.000031 	 0.000036 	 0.000045
  104 	 0.000030 	 0.000036 	 0.000044
  105 	 0.000031 	 0.000036 	 0.000043
  106 	 0.000031 	 0.000036 	 0.000043
  107 	 0.000031 	 0.000036 	 0.000043
  108 	 0.000031 	 0.000036 	 0.000044
  109 	 0.000032 	 0.000036 	 0.000042
  110 	 0.000030 	 0.000036 	 0.000045
  111 	 0.000031 	 0.000036 	 0.000044
  112 	 0.000031 	 0.000036 	 0.000041
  113 	 0.000031 	 0.000036 	 0.000042
  114 	 0.000031 	 0.000036 	 0.000045
  115 	 0.000031 	 0.000036 	 0.000043
  116 	 0.000031 	 0.000036 	 0.000044
  117 	 0.000031 	 0.000036 	 0.000044
  118 	 0.000031 	 0.000036 	 0.000045
  119 	 0.000031 	 0.000036 	 0.000045
  120 	 0.000032 	 0.000036 	 0.000043
  121 	 0.000031 	 0.000036 	 0.000042
  122 	 0.000031 	 0.000036 	 0.000045
  123 	 0.000031 	 0.000036 	 0.000045
  124 	 0.000031 	 0.000036 	 0.000041
  125 	 0.000031 	 0.000036 	 0.000043
  126 	 0.000030 	 0.000036 	 0.000044
  127 	 0.000031 	 0.000036 	 0.000042
  128 	 0.000031 	 0.000036 	 0.000044
  129 	 0.000031 	 0.000036 	 0.000043
  130 	 0.000029 	 0.000036 	 0.000042
  131 	 0.000031 	 0.000036 	 0.000043
  132 	 0.000031 	 0.000036 	 0.000042
  133 	 0.000031 	 0.000036 	 0.000041
  134 	 0.000031 	 0.000036 	 0.000042
  135 	 0.000031 	 0.000036 	 0.000042
  136 	 0.000030 	 0.000036 	 0.000042
  137 	 0.000030 	 0.000036 	 0.000043
  138 	 0.000031 	 0.000036 	 0.000046
  139 	 0.000031 	 0.000036 	 0.000045
  140 	 0.000031 	 0.000036 	 0.000044
  141 	 0.000030 	 0.000036 	 0.000045
  142 	 0.000031 	 0.000036 	 0.000044
  143 	 0.000031 	 0.000036 	 0.000045
  144 	 0.000031 	 0.000037 	 0.000044
  145 	 0.000031 	 0.000036 	 0.000045
  146 	 0.000031 	 0.000036 	 0.000043
  147 	 0.000031 	 0.000036 	 0.000043
  148 	 0.000031 	 0.000036 	 0.000043
  149 	 0.000031 	 0.000036 	 0.000042
  150 	 0.000031 	 0.000036 	 0.000042
  151 	 0.000031 	 0.000036 	 0.000042
  152 	 0.000031 	 0.000036 	 0.000042
  153 	 0.000031 	 0.000035 	 0.000042
  154 	 0.000031 	 0.000036 	 0.000043
  155 	 0.000031 	 0.000035 	 0.000042
  156 	 0.000030 	 0.000035 	 0.000043
  157 	 0.000031 	 0.000035 	 0.000044
  158 	 0.000030 	 0.000035 	 0.000042
  159 	 0.000031 	 0.000035 	 0.000045
  160 	 0.000031 	 0.000035 	 0.000042
  161 	 0.000031 	 0.000036 	 0.000043
  162 	 0.000030 	 0.000036 	 0.000042
  163 	 0.000029 	 0.000036 	 0.000042
  164 	 0.000031 	 0.000036 	 0.000042
  165 	 0.000030 	 0.000036 	 0.000042
  166 	 0.000031 	 0.000036 	 0.000043
  167 	 0.000030 	 0.000036 	 0.000043
  168 	 0.000030 	 0.000036 	 0.000043
  169 	 0.000030 	 0.000036 	 0.000045
  170 	 0.000031 	 0.000036 	 0.000049
  171 	 0.000031 	 0.000036 	 0.000044
  172 	 0.000031 	 0.000036 	 0.000045
  173 	 0.000031 	 0.000036 	 0.000043
  174 	 0.000031 	 0.000036 	 0.000044
  175 	 0.000030 	 0.000036 	 0.000043
  176 	 0.000030 	 0.000036 	 0.000041
  177 	 0.000031 	 0.000036 	 0.000042
  178 	 0.000030 	 0.000036 	 0.000041
  179 	 0.000030 	 0.000035 	 0.000044
  180 	 0.000030 	 0.000036 	 0.000043
  181 	 0.000031 	 0.000035 	 0.000043
  182 	 0.000031 	 0.000036 	 0.000043
  183 	 0.000031 	 0.000036 	 0.000042
  184 	 0.000030 	 0.000036 	 0.000042
  185 	 0.000030 	 0.000036 	 0.000042
  186 	 0.000030 	 0.000036 	 0.000043
  187 	 0.000031 	 0.000036 	 0.000043
  188 	 0.000030 	 0.000036 	 0.000043
  189 	 0.000031 	 0.000036 	 0.000044
  190 	 0.000031 	 0.000036 	 0.000044
  191 	 0.000031 	 0.000036 	 0.000043
  192 	 0.000031 	 0.000036 	 0.000042
  193 	 0.000031 	 0.000036 	 0.000043
  194 	 0.000031 	 0.000035 	 0.000041
  195 	 0.000031 	 0.000036 	 0.000041
  196 	 0.000030 	 0.000036 	 0.000044
  197 	 0.000031 	 0.000035 	 0.000044
  198 	 0.000031 	 0.000035 	 0.000043
  199 	 0.000029 	 0.000036 	 0.000043
  200 	 0.000031 	 0.000036 	 0.000043
  201 	 0.000031 	 0.000036 	 0.000044
  202 	 0.000031 	 0.000036 	 0.000044
  203 	 0.000031 	 0.000036 	 0.000043
  204 	 0.000032 	 0.000036 	 0.000043
  205 	 0.000031 	 0.000036 	 0.000044
  206 	 0.000032 	 0.000036 	 0.000044
  207 	 0.000030 	 0.000037 	 0.000045
  208 	 0.000031 	 0.000036 	 0.000048
  209 	 0.000031 	 0.000036 	 0.000046
  210 	 0.000031 	 0.000036 	 0.000043
  211 	 0.000030 	 0.000036 	 0.000043
  212 	 0.000032 	 0.000036 	 0.000042
  213 	 0.000031 	 0.000036 	 0.000045
  214 	 0.000031 	 0.000036 	 0.000042
  215 	 0.000030 	 0.000036 	 0.000043
  216 	 0.000030 	 0.000036 	 0.000043
  217 	 0.000031 	 0.000036 	 0.000043
  218 	 0.000031 	 0.000036 	 0.000042
  219 	 0.000031 	 0.000036 	 0.000045
  220 	 0.000030 	 0.000036 	 0.000045
  221 	 0.000030 	 0.000036 	 0.000044
  222 	 0.000030 	 0.000036 	 0.000044
  223 	 0.000030 	 0.000036 	 0.000045
  224 	 0.000030 	 0.000036 	 0.000046
  225 	 0.000031 	 0.000036 	 0.000045
  226 	 0.000030 	 0.000036 	 0.000046
  227 	 0.000031 	 0.000037 	 0.000046
  228 	 0.000031 	 0.000036 	 0.000047
  229 	 0.000031 	 0.000036 	 0.000046
  230 	 0.000030 	 0.000037 	 0.000046
  231 	 0.000031 	 0.000036 	 0.000045
  232 	 0.000030 	 0.000036 	 0.000044
  233 	 0.000031 	 0.000036 	 0.000045
  234 	 0.000031 	 0.000036 	 0.000044
  235 	 0.000031 	 0.000036 	 0.000043
  236 	 0.000031 	 0.000036 	 0.000043
  237 	 0.000030 	 0.000036 	 0.000042
  238 	 0.000028 	 0.000036 	 0.000042
  239 	 0.000028 	 0.000036 	 0.000045
  240 	 0.000031 	 0.000036 	 0.000043
  241 	 0.000030 	 0.000036 	 0.000042
  242 	 0.000031 	 0.000036 	 0.000043
  243 	 0.000031 	 0.000036 	 0.000044
  244 	 0.000030 	 0.000036 	 0.000043
  245 	 0.000030 	 0.000036 	 0.000044
  246 	 0.000031 	 0.000036 	 0.000043
  247 	 0.000031 	 0.000036 	 0.000043
  248 	 0.000031 	 0.000036 	 0.000047
  249 	 0.000031 	 0.000036 	 0.000045
  250 	 0.000031 	 0.000036 	 0.000045
  251 	 0.000030 	 0.000036 	 0.000045
  252 	 0.000030 	 0.000036 	 0.000044
  253 	 0.000030 	 0.000036 	 0.000043
  254 	 0.000030 	 0.000036 	 0.000047
  255 	 0.000032 	 0.000036 	 0.000045
  256 	 0.000030 	 0.000036 	 0.000046
  257 	 0.000031 	 0.000036 	 0.000045
  258 	 0.000032 	 0.000037 	 0.000044
  259 	 0.000031 	 0.000037 	 0.000045
  260 	 0.000032 	 0.000036 	 0.000045
  261 	 0.000031 	 0.000036 	 0.000043
  262 	 0.000031 	 0.000036 	 0.000044
  263 	 0.000031 	 0.000036 	 0.000043
  264 	 0.000031 	 0.000036 	 0.000045
  265 	 0.000031 	 0.000036 	 0.000042
  266 	 0.000030 	 0.000036 	 0.000043
  267 	 0.000032 	 0.000036 	 0.000042
  268 	 0.000030 	 0.000036 	 0.000044
  269 	 0.000032 	 0.000036 	 0.000042
  270 	 0.000032 	 0.000036 	 0.000043
  271 	 0.000031 	 0.000036 	 0.000045
  272 	 0.000031 	 0.000036 	 0.000046
  273 	 0.000031 	 0.000036 	 0.000044
  274 	 0.000031 	 0.000036 	 0.000041
  275 	 0.000032 	 0.000036 	 0.000043
  276 	 0.000031 	 0.000036 	 0.000045
  277 	 0.000030 	 0.000036 	 0.000043
  278 	 0.000031 	 0.000036 	 0.000044
  279 	 0.000031 	 0.000036 	 0.000044
  280 	 0.000031 	 0.000036 	 0.000045
  281 	 0.000031 	 0.000036 	 0.000046
  282 	 0.000031 	 0.000036 	 0.000045
  283 	 0.000031 	 0.000036 	 0.000044
  284 	 0.000031 	 0.000036 	 0.000042
  285 	 0.000031 	 0.000036 	 0.000045
  286 	 0.000030 	 0.000037 	 0.000043
  287 	 0.000031 	 0.000036 	 0.000046
  288 	 0.000031 	 0.000036 	 0.000044
  289 	 0.000030 	 0.000037 	 0.000046
  290 	 0.000030 	 0.000036 	 0.000045
  291 	 0.000031 	 0.000036 	 0.000045
  292 	 0.000030 	 0.000036 	 0.000045
  293 	 0.000030 	 0.000036 	 0.000045
  294 	 0.000031 	 0.000036 	 0.000048
  295 	 0.000031 	 0.000036 	 0.000043
  296 	 0.000030 	 0.000036 	 0.000043
  297 	 0.000031 	 0.000036 	 0.000043
  298 	 0.000031 	 0.000036 	 0.000043
  299 	 0.000031 	 0.000036 	 0.000044
  300 	 0.000032 	 0.000036 	 0.000044
  301 	 0.000032 	 0.000037 	 0.000045
  302 	 0.000032 	 0.000037 	 0.000044
  303 	 0.000032 	 0.000037 	 0.000043
  304 	 0.000031 	 0.000037 	 0.000043
  305 	 0.000031 	 0.000036 	 0.000045
  306 	 0.000032 	 0.000037 	 0.000046
  307 	 0.000031 	 0.000036 	 0.000045
  308 	 0.000031 	 0.000036 	 0.000044
  309 	 0.000031 	 0.000036 	 0.000042
  310 	 0.000029 	 0.000036 	 0.000044
  311 	 0.000031 	 0.000036 	 0.000043
  312 	 0.000031 	 0.000036 	 0.000041
  313 	 0.000030 	 0.000036 	 0.000042
  314 	 0.000031 	 0.000036 	 0.000043
  315 	 0.000031 	 0.000036 	 0.000042
  316 	 0.000030 	 0.000036 	 0.000045
  317 	 0.000030 	 0.000036 	 0.000041
  318 	 0.000031 	 0.000036 	 0.000044
  319 	 0.000030 	 0.000036 	 0.000043
  320 	 0.000031 	 0.000036 	 0.000043
  321 	 0.000030 	 0.000036 	 0.000042
  322 	 0.000030 	 0.000036 	 0.000043
  323 	 0.000030 	 0.000036 	 0.000043
  324 	 0.000030 	 0.000036 	 0.000043
  325 	 0.000030 	 0.000036 	 0.000042
  326 	 0.000030 	 0.000036 	 0.000042
  327 	 0.000031 	 0.000036 	 0.000043
  328 	 0.000031 	 0.000036 	 0.000042
  329 	 0.000030 	 0.000036 	 0.000042
  330 	 0.000030 	 0.000036 	 0.000044
  331 	 0.000030 	 0.000036 	 0.000044
  332 	 0.000030 	 0.000036 	 0.000044
  333 	 0.000030 	 0.000036 	 0.000043
  334 	 0.000029 	 0.000036 	 0.000043
  335 	 0.000031 	 0.000036 	 0.000045
  336 	 0.000031 	 0.000036 	 0.000042
  337 	 0.000031 	 0.000036 	 0.000044
  338 	 0.000032 	 0.000036 	 0.000049
  339 	 0.000030 	 0.000036 	 0.000048
  340 	 0.000030 	 0.000036 	 0.000042
  341 	 0.000029 	 0.000036 	 0.000043
  342 	 0.000031 	 0.000036 	 0.000046
  343 	 0.000031 	 0.000036 	 0.000047
  344 	 0.000030 	 0.000037 	 0.000047
  345 	 0.000031 	 0.000037 	 0.000047
  346 	 0.000031 	 0.000037 	 0.000048
  347 	 0.000031 	 0.000037 	 0.000049
  348 	 0.000032 	 0.000037 	 0.000046
  349 	 0.000031 	 0.000037 	 0.000046
  350 	 0.000032 	 0.000037 	 0.000044
  351 	 0.000032 	 0.000037 	 0.000045
  352 	 0.000032 	 0.000036 	 0.000042
  353 	 0.000031 	 0.000036 	 0.000045
  354 	 0.000030 	 0.000036 	 0.000044
  355 	 0.000032 	 0.000036 	 0.000044
  356 	 0.000031 	 0.000036 	 0.000044
  357 	 0.000031 	 0.000036 	 0.000044
  358 	 0.000031 	 0.000036 	 0.000043
  359 	 0.000031 	 0.000036 	 0.000045
  360 	 0.000031 	 0.000036 	 0.000045
  361 	 0.000032 	 0.000036 	 0.000043
  362 	 0.000031 	 0.000036 	 0.000043
  363 	 0.000031 	 0.000036 	 0.000044
  364 	 0.000031 	 0.000036 	 0.000045
  365 	 0.000031 	 0.000036 	 0.000045
  366 	 0.000029 	 0.000036 	 0.000045
  367 	 0.000029 	 0.000036 	 0.000044
  368 	 0.000030 	 0.000036 	 0.000044
  369 	 0.000030 	 0.000036 	 0.000046
  370 	 0.000030 	 0.000036 	 0.000045
  371 	 0.000031 	 0.000036 	 0.000046
  372 	 0.000030 	 0.000036 	 0.000046
  373 	 0.000031 	 0.000036 	 0.000044
  374 	 0.000030 	 0.000036 	 0.000043
  375 	 0.000031 	 0.000036 	 0.000044
  376 	 0.000031 	 0.000036 	 0.000044
  377 	 0.000032 	 0.000036 	 0.000044
  378 	 0.000031 	 0.000037 	 0.000046
  379 	 0.000031 	 0.000037 	 0.000044
  380 	 0.000031 	 0.000037 	 0.000043
  381 	 0.000031 	 0.000037 	 0.000047
  382 	 0.000032 	 0.000037 	 0.000045
  383 	 0.000030 	 0.000037 	 0.000046
  384 	 0.000032 	 0.000037 	 0.000046
  385 	 0.000031 	 0.000036 	 0.000045
  386 	 0.000032 	 0.000036 	 0.000043
  387 	 0.000031 	 0.000036 	 0.000043
  388 	 0.000031 	 0.000036 	 0.000046
  389 	 0.000030 	 0.000036 	 0.000043
  390 	 0.000031 	 0.000036 	 0.000043
  391 	 0.000031 	 0.000036 	 0.000044
  392 	 0.000031 	 0.000036 	 0.000045
  393 	 0.000031 	 0.000036 	 0.000044
  394 	 0.000030 	 0.000036 	 0.000045
  395 	 0.000031 	 0.000036 	 0.000045
  396 	 0.000030 	 0.000036 	 0.000044
  397 	 0.000030 	 0.000036 	 0.000047
  398 	 0.000030 	 0.000036 	 0.000043
  399 	 0.000031 	 0.000036 	 0.000044
  400 	 0.000031 	 0.000036 	 0.000045
  401 	 0.000031 	 0.000037 	 0.000046
  402 	 0.000032 	 0.000037 	 0.000044
  403 	 0.000031 	 0.000036 	 0.000042
  404 	 0.000031 	 0.000036 	 0.000043
  405 	 0.000032 	 0.000036 	 0.000043
  406 	 0.000030 	 0.000036 	 0.000043
  407 	 0.000032 	 0.000036 	 0.000042
  408 	 0.000031 	 0.000036 	 0.000042
  409 	 0.000030 	 0.000036 	 0.000042
  410 	 0.000031 	 0.000036 	 0.000043
  411 	 0.000031 	 0.000036 	 0.000044
  412 	 0.000031 	 0.000037 	 0.000050
  413 	 0.000031 	 0.000036 	 0.000045
  414 	 0.000031 	 0.000036 	 0.000045
  415 	 0.000031 	 0.000036 	 0.000047
  416 	 0.000031 	 0.000036 	 0.000049
  417 	 0.000031 	 0.000036 	 0.000048
  418 	 0.000031 	 0.000037 	 0.000049
  419 	 0.000032 	 0.000037 	 0.000046
  420 	 0.000031 	 0.000037 	 0.000046
  421 	 0.000031 	 0.000037 	 0.000046
  422 	 0.000031 	 0.000037 	 0.000046
  423 	 0.000031 	 0.000037 	 0.000044
  424 	 0.000032 	 0.000037 	 0.000045
  425 	 0.000030 	 0.000037 	 0.000046
  426 	 0.000032 	 0.000037 	 0.000044
  427 	 0.000032 	 0.000037 	 0.000044
  428 	 0.000031 	 0.000037 	 0.000046
  429 	 0.000031 	 0.000037 	 0.000046
  430 	 0.000031 	 0.000037 	 0.000047
  431 	 0.000031 	 0.000037 	 0.000044
  432 	 0.000031 	 0.000037 	 0.000044
  433 	 0.000031 	 0.000037 	 0.000044
  434 	 0.000031 	 0.000037 	 0.000043
  435 	 0.000032 	 0.000037 	 0.000045
  436 	 0.000030 	 0.000037 	 0.000045
  437 	 0.000030 	 0.000037 	 0.000044
  438 	 0.000032 	 0.000037 	 0.000047
  439 	 0.000032 	 0.000037 	 0.000045
  440 	 0.000031 	 0.000037 	 0.000047
  441 	 0.000032 	 0.000037 	 0.000048
  442 	 0.000031 	 0.000037 	 0.000046
  443 	 0.000031 	 0.000037 	 0.000045
  444 	 0.000032 	 0.000037 	 0.000046
  445 	 0.000032 	 0.000037 	 0.000045
  446 	 0.000032 	 0.000037 	 0.000046
  447 	 0.000031 	 0.000037 	 0.000045
  448 	 0.000031 	 0.000037 	 0.000046
  449 	 0.000031 	 0.000037 	 0.000044
  450 	 0.000030 	 0.000037 	 0.000047
  451 	 0.000030 	 0.000037 	 0.000046
  452 	 0.000031 	 0.000037 	 0.000048
  453 	 0.000031 	 0.000037 	 0.000048
  454 	 0.000032 	 0.000037 	 0.000048
  455 	 0.000031 	 0.000037 	 0.000048
  456 	 0.000031 	 0.000037 	 0.000047
  457 	 0.000032 	 0.000037 	 0.000045
  458 	 0.000032 	 0.000037 	 0.000047
  459 	 0.000031 	 0.000037 	 0.000044
  460 	 0.000031 	 0.000037 	 0.000045
  461 	 0.000031 	 0.000037 	 0.000047
  462 	 0.000031 	 0.000037 	 0.000044
  463 	 0.000031 	 0.000037 	 0.000045
  464 	 0.000032 	 0.000037 	 0.000048
  465 	 0.000031 	 0.000037 	 0.000047
  466 	 0.000032 	 0.000037 	 0.000045
  467 	 0.000031 	 0.000037 	 0.000047
  468 	 0.000031 	 0.000037 	 0.000047
  469 	 0.000030 	 0.000037 	 0.000044
  470 	 0.000029 	 0.000037 	 0.000045
  471 	 0.000031 	 0.000037 	 0.000047
  472 	 0.000031 	 0.000037 	 0.000045
  473 	 0.000031 	 0.000036 	 0.000044
  474 	 0.000031 	 0.000036 	 0.000046
  475 	 0.000031 	 0.000037 	 0.000047
  476 	 0.000031 	 0.000037 	 0.000047
  477 	 0.000032 	 0.000037 	 0.000048
  478 	 0.000032 	 0.000037 	 0.000049
  479 	 0.000031 	 0.000037 	 0.000045
  480 	 0.000030 	 0.000036 	 0.000044
  481 	 0.000031 	 0.000037 	 0.000045
  482 	 0.000031 	 0.000037 	 0.000045
  483 	 0.000032 	 0.000037 	 0.000045
  484 	 0.000033 	 0.000037 	 0.000046
  485 	 0.000030 	 0.000037 	 0.000045
  486 	 0.000032 	 0.000037 	 0.000046
  487 	 0.000032 	 0.000037 	 0.000043
  488 	 0.000030 	 0.000036 	 0.000045
  489 	 0.000031 	 0.000037 	 0.000044
  490 	 0.000032 	 0.000037 	 0.000043
  491 	 0.000031 	 0.000036 	 0.000047
  492 	 0.000032 	 0.000036 	 0.000045
  493 	 0.000031 	 0.000036 	 0.000046
  494 	 0.000031 	 0.000036 	 0.000045
  495 	 0.000030 	 0.000036 	 0.000043
  496 	 0.000031 	 0.000036 	 0.000047
  497 	 0.000030 	 0.000036 	 0.000052
  498 	 0.000031 	 0.000036 	 0.000043
  499 	 0.000031 	 0.000036 	 0.000044
 