   0 	 0.000031 	 0.000034 	 0.000041
    1 	 0.000031 	 0.000034 	 0.000041
    2 	 0.000030 	 0.000035 	 0.000042
    3 	 0.000030 	 0.000035 	 0.000040
    4 	 0.000030 	 0.000035 	 0.000042
    5 	 0.000030 	 0.000035 	 0.000042
    6 	 0.000028 	 0.000035 	 0.000040
    7 	 0.000028 	 0.000035 	 0.000043
    8 	 0.000030 	 0.000035 	 0.000040
    9 	 0.000030 	 0.000035 	 0.000039
   10 	 0.000029 	 0.000035 	 0.000043
   11 	 0.000031 	 0.000036 	 0.000041
   12 	 0.000030 	 0.000035 	 0.000042
   13 	 0.000030 	 0.000035 	 0.000043
   14 	 0.000029 	 0.000036 	 0.000044
   15 	 0.000031 	 0.000035 	 0.000041
   16 	 0.000030 	 0.000036 	 0.000042
   17 	 0.000029 	 0.000036 	 0.000041
   18 	 0.000030 	 0.000036 	 0.000042
   19 	 0.000030 	 0.000036 	 0.000042
   20 	 0.000030 	 0.000036 	 0.000044
   21 	 0.000029 	 0.000036 	 0.000043
   22 	 0.000030 	 0.000036 	 0.000043
   23 	 0.000031 	 0.000036 	 0.000044
   24 	 0.000030 	 0.000036 	 0.000044
   25 	 0.000030 	 0.000036 	 0.000042
   26 	 0.000031 	 0.000036 	 0.000043
   27 	 0.000031 	 0.000036 	 0.000045
   28 	 0.000031 	 0.000036 	 0.000045
   29 	 0.000032 	 0.000036 	 0.000042
   30 	 0.000030 	 0.000036 	 0.000043
   31 	 0.000032 	 0.000036 	 0.000042
   32 	 0.000029 	 0.000036 	 0.000044
   33 	 0.000031 	 0.000036 	 0.000042
   34 	 0.000031 	 0.000036 	 0.000042
   35 	 0.000031 	 0.000036 	 0.000043
   36 	 0.000031 	 0.000036 	 0.000044
   37 	 0.000030 	 0.000036 	 0.000042
   38 	 0.000031 	 0.000036 	 0.000043
   39 	 0.000030 	 0.000036 	 0.000044
   40 	 0.000030 	 0.000036 	 0.000045
   41 	 0.000031 	 0.000036 	 0.000045
   42 	 0.000031 	 0.000036 	 0.000045
   43 	 0.000031 	 0.000036 	 0.000042
   44 	 0.000031 	 0.000036 	 0.000043
   45 	 0.000031 	 0.000036 	 0.000049
   46 	 0.000029 	 0.000036 	 0.000044
   47 	 0.000031 	 0.000036 	 0.000046
   48 	 0.000030 	 0.000036 	 0.000048
   49 	 0.000032 	 0.000036 	 0.000044
   50 	 0.000030 	 0.000036 	 0.000042
   51 	 0.000031 	 0.000036 	 0.000044
   52 	 0.000031 	 0.000036 	 0.000045
   53 	 0.000030 	 0.000036 	 0.000046
   54 	 0.000030 	 0.000036 	 0.000044
   55 	 0.000031 	 0.000036 	 0.000044
   56 	 0.000031 	 0.000036 	 0.000043
   57 	 0.000032 	 0.000036 	 0.000043
   58 	 0.000031 	 0.000036 	 0.000044
   59 	 0.000031 	 0.000036 	 0.000044
   60 	 0.000031 	 0.000036 	 0.000044
   61 	 0.000030 	 0.000036 	 0.000045
   62 	 0.000030 	 0.000036 	 0.000042
   63 	 0.000031 	 0.000036 	 0.000044
   64 	 0.000031 	 0.000036 	 0.000043
   65 	 0.000031 	 0.000036 	 0.000044
   66 	 0.000031 	 0.000036 	 0.000042
   67 	 0.000031 	 0.000036 	 0.000043
   68 	 0.000032 	 0.000036 	 0.000045
   69 	 0.000031 	 0.000036 	 0.000044
   70 	 0.000031 	 0.000036 	 0.000042
   71 	 0.000031 	 0.000036 	 0.000042
   72 	 0.000032 	 0.000036 	 0.000045
   73 	 0.000031 	 0.000036 	 0.000042
   74 	 0.000031 	 0.000035 	 0.000042
   75 	 0.000030 	 0.000035 	 0.000040
   76 	 0.000030 	 0.000035 	 0.000041
   77 	 0.000031 	 0.000036 	 0.000042
   78 	 0.000031 	 0.000036 	 0.000043
   79 	 0.000031 	 0.000036 	 0.000043
   80 	 0.000031 	 0.000036 	 0.000042
   81 	 0.000032 	 0.000036 	 0.000042
   82 	 0.000031 	 0.000036 	 0.000043
   83 	 0.000031 	 0.000036 	 0.000042
   84 	 0.000030 	 0.000036 	 0.000046
   85 	 0.000031 	 0.000036 	 0.000043
   86 	 0.000031 	 0.000036 	 0.000044
   87 	 0.000031 	 0.000037 	 0.000043
   88 	 0.000031 	 0.000036 	 0.000044
   89 	 0.000031 	 0.000036 	 0.000047
   90 	 0.000030 	 0.000036 	 0.000047
   91 	 0.000031 	 0.000036 	 0.000043
   92 	 0.000031 	 0.000037 	 0.000044
   93 	 0.000032 	 0.000037 	 0.000048
   94 	 0.000032 	 0.000037 	 0.000044
   95 	 0.000032 	 0.000037 	 0.000043
   96 	 0.000032 	 0.000037 	 0.000042
   97 	 0.000030 	 0.000036 	 0.000043
   98 	 0.000030 	 0.000036 	 0.000043
   99 	 0.000032 	 0.000037 	 0.000043
  100 	 0.000030 	 0.000036 	 0.000043
  101 	 0.000031 	 0.000036 	 0.000044
  102 	 0.000031 	 0.000036 	 0.000043
  103 	 0.000030 	 0.000036 	 0.000043
  104 	 0.000030 	 0.000036 	 0.000042
  105 	 0.000030 	 0.000036 	 0.000043
  106 	 0.000031 	 0.000036 	 0.000042
  107 	 0.000031 	 0.000037 	 0.000044
  108 	 0.000030 	 0.000036 	 0.000042
  109 	 0.000030 	 0.000036 	 0.000046
  110 	 0.000031 	 0.000036 	 0.000042
  111 	 0.000030 	 0.000036 	 0.000042
  112 	 0.000031 	 0.000036 	 0.000044
  113 	 0.000031 	 0.000036 	 0.000043
  114 	 0.000031 	 0.000036 	 0.000044
  115 	 0.000031 	 0.000036 	 0.000042
  116 	 0.000031 	 0.000036 	 0.000042
  117 	 0.000030 	 0.000036 	 0.000042
  118 	 0.000030 	 0.000036 	 0.000043
  119 	 0.000032 	 0.000036 	 0.000042
  120 	 0.000030 	 0.000036 	 0.000044
  121 	 0.000031 	 0.000036 	 0.000042
  122 	 0.000030 	 0.000036 	 0.000044
  123 	 0.000031 	 0.000036 	 0.000042
  124 	 0.000031 	 0.000036 	 0.000040
  125 	 0.000029 	 0.000036 	 0.000043
  126 	 0.000032 	 0.000036 	 0.000043
  127 	 0.000032 	 0.000036 	 0.000044
  128 	 0.000030 	 0.000036 	 0.000043
  129 	 0.000030 	 0.000036 	 0.000044
  130 	 0.000031 	 0.000036 	 0.000043
  131 	 0.000032 	 0.000036 	 0.000044
  132 	 0.000030 	 0.000036 	 0.000042
  133 	 0.000031 	 0.000037 	 0.000043
  134 	 0.000031 	 0.000037 	 0.000042
  135 	 0.000032 	 0.000036 	 0.000044
  136 	 0.000030 	 0.000037 	 0.000044
  137 	 0.000031 	 0.000036 	 0.000046
  138 	 0.000030 	 0.000036 	 0.000045
  139 	 0.000031 	 0.000037 	 0.000046
  140 	 0.000031 	 0.000037 	 0.000045
  141 	 0.000030 	 0.000036 	 0.000046
  142 	 0.000031 	 0.000036 	 0.000043
  143 	 0.000030 	 0.000036 	 0.000043
  144 	 0.000031 	 0.000036 	 0.000044
  145 	 0.000031 	 0.000036 	 0.000044
  146 	 0.000030 	 0.000036 	 0.000047
  147 	 0.000031 	 0.000036 	 0.000043
  148 	 0.000030 	 0.000036 	 0.000044
  149 	 0.000031 	 0.000036 	 0.000042
  150 	 0.000031 	 0.000036 	 0.000044
  151 	 0.000032 	 0.000036 	 0.000046
  152 	 0.000030 	 0.000036 	 0.000043
  153 	 0.000031 	 0.000036 	 0.000045
  154 	 0.000030 	 0.000036 	 0.000045
  155 	 0.000030 	 0.000036 	 0.000043
  156 	 0.000030 	 0.000036 	 0.000043
  157 	 0.000030 	 0.000037 	 0.000044
  158 	 0.000030 	 0.000037 	 0.000043
  159 	 0.000032 	 0.000037 	 0.000043
  160 	 0.000032 	 0.000036 	 0.000046
  161 	 0.000032 	 0.000036 	 0.000043
  162 	 0.000031 	 0.000037 	 0.000044
  163 	 0.000031 	 0.000037 	 0.000045
  164 	 0.000030 	 0.000037 	 0.000045
  165 	 0.000032 	 0.000037 	 0.000043
  166 	 0.000030 	 0.000036 	 0.000042
  167 	 0.000032 	 0.000037 	 0.000046
  168 	 0.000032 	 0.000036 	 0.000044
  169 	 0.000031 	 0.000036 	 0.000045
  170 	 0.000030 	 0.000036 	 0.000045
  171 	 0.000031 	 0.000036 	 0.000042
  172 	 0.000031 	 0.000036 	 0.000044
  173 	 0.000030 	 0.000036 	 0.000043
  174 	 0.000030 	 0.000036 	 0.000043
  175 	 0.000030 	 0.000036 	 0.000043
  176 	 0.000031 	 0.000036 	 0.000045
  177 	 0.000031 	 0.000036 	 0.000045
  178 	 0.000031 	 0.000036 	 0.000045
  179 	 0.000031 	 0.000036 	 0.000045
  180 	 0.000032 	 0.000036 	 0.000045
  181 	 0.000030 	 0.000037 	 0.000044
  182 	 0.000031 	 0.000036 	 0.000044
  183 	 0.000031 	 0.000036 	 0.000044
  184 	 0.000032 	 0.000036 	 0.000045
  185 	 0.000031 	 0.000036 	 0.000045
  186 	 0.000031 	 0.000036 	 0.000044
  187 	 0.000030 	 0.000036 	 0.000045
  188 	 0.000032 	 0.000037 	 0.000045
  189 	 0.000032 	 0.000036 	 0.000043
  190 	 0.000031 	 0.000036 	 0.000042
  191 	 0.000030 	 0.000036 	 0.000044
  192 	 0.000031 	 0.000036 	 0.000045
  193 	 0.000031 	 0.000036 	 0.000044
  194 	 0.000030 	 0.000036 	 0.000045
  195 	 0.000031 	 0.000036 	 0.000046
  196 	 0.000032 	 0.000036 	 0.000044
  197 	 0.000031 	 0.000036 	 0.000044
  198 	 0.000030 	 0.000036 	 0.000044
  199 	 0.000031 	 0.000036 	 0.000043
  200 	 0.000031 	 0.000036 	 0.000043
  201 	 0.000031 	 0.000036 	 0.000042
  202 	 0.000031 	 0.000036 	 0.000042
  203 	 0.000030 	 0.000036 	 0.000043
  204 	 0.000031 	 0.000036 	 0.000041
  205 	 0.000031 	 0.000036 	 0.000042
  206 	 0.000031 	 0.000036 	 0.000041
  207 	 0.000032 	 0.000036 	 0.000041
  208 	 0.000029 	 0.000036 	 0.000040
  209 	 0.000031 	 0.000036 	 0.000044
  210 	 0.000031 	 0.000036 	 0.000043
  211 	 0.000031 	 0.000036 	 0.000042
  212 	 0.000030 	 0.000036 	 0.000042
  213 	 0.000032 	 0.000036 	 0.000044
  214 	 0.000030 	 0.000036 	 0.000041
  215 	 0.000030 	 0.000036 	 0.000043
  216 	 0.000031 	 0.000036 	 0.000043
  217 	 0.000031 	 0.000036 	 0.000045
  218 	 0.000031 	 0.000036 	 0.000043
  219 	 0.000031 	 0.000036 	 0.000043
  220 	 0.000031 	 0.000036 	 0.000044
  221 	 0.000031 	 0.000036 	 0.000043
  222 	 0.000030 	 0.000036 	 0.000043
  223 	 0.000030 	 0.000036 	 0.000043
  224 	 0.000031 	 0.000036 	 0.000044
  225 	 0.000030 	 0.000035 	 0.000043
  226 	 0.000031 	 0.000035 	 0.000048
  227 	 0.000031 	 0.000036 	 0.000043
  228 	 0.000030 	 0.000035 	 0.000042
  229 	 0.000032 	 0.000035 	 0.000041
  230 	 0.000030 	 0.000035 	 0.000043
  231 	 0.000031 	 0.000035 	 0.000045
  232 	 0.000031 	 0.000035 	 0.000045
  233 	 0.000031 	 0.000036 	 0.000041
  234 	 0.000030 	 0.000035 	 0.000042
  235 	 0.000030 	 0.000036 	 0.000042
  236 	 0.000031 	 0.000036 	 0.000042
  237 	 0.000030 	 0.000036 	 0.000044
  238 	 0.000031 	 0.000036 	 0.000042
  239 	 0.000029 	 0.000036 	 0.000042
  240 	 0.000031 	 0.000035 	 0.000041
  241 	 0.000029 	 0.000036 	 0.000043
  242 	 0.000030 	 0.000036 	 0.000041
  243 	 0.000031 	 0.000036 	 0.000043
  244 	 0.000031 	 0.000036 	 0.000043
  245 	 0.000031 	 0.000036 	 0.000043
  246 	 0.000031 	 0.000035 	 0.000041
  247 	 0.000031 	 0.000036 	 0.000042
  248 	 0.000031 	 0.000036 	 0.000042
  249 	 0.000030 	 0.000036 	 0.000041
  250 	 0.000031 	 0.000036 	 0.000046
  251 	 0.000031 	 0.000036 	 0.000045
  252 	 0.000032 	 0.000036 	 0.000042
  253 	 0.000030 	 0.000036 	 0.000043
  254 	 0.000031 	 0.000036 	 0.000043
  255 	 0.000030 	 0.000036 	 0.000044
  256 	 0.000030 	 0.000036 	 0.000042
  257 	 0.000031 	 0.000035 	 0.000044
  258 	 0.000031 	 0.000035 	 0.000042
  259 	 0.000031 	 0.000035 	 0.000042
  260 	 0.000030 	 0.000035 	 0.000042
  261 	 0.000030 	 0.000035 	 0.000042
  262 	 0.000031 	 0.000036 	 0.000043
  263 	 0.000030 	 0.000036 	 0.000048
  264 	 0.000030 	 0.000036 	 0.000046
  265 	 0.000030 	 0.000036 	 0.000044
  266 	 0.000030 	 0.000036 	 0.000044
  267 	 0.000030 	 0.000036 	 0.000042
  268 	 0.000031 	 0.000036 	 0.000043
  269 	 0.000031 	 0.000036 	 0.000042
  270 	 0.000030 	 0.000037 	 0.000044
  271 	 0.000031 	 0.000036 	 0.000043
  272 	 0.000031 	 0.000036 	 0.000043
  273 	 0.000031 	 0.000036 	 0.000044
  274 	 0.000030 	 0.000036 	 0.000044
  275 	 0.000030 	 0.000037 	 0.000043
  276 	 0.000032 	 0.000037 	 0.000043
  277 	 0.000031 	 0.000036 	 0.000043
  278 	 0.000031 	 0.000036 	 0.000045
  279 	 0.000031 	 0.000036 	 0.000043
  280 	 0.000031 	 0.000037 	 0.000044
  281 	 0.000032 	 0.000037 	 0.000044
  282 	 0.000031 	 0.000037 	 0.000043
  283 	 0.000030 	 0.000037 	 0.000043
  284 	 0.000030 	 0.000036 	 0.000043
  285 	 0.000031 	 0.000036 	 0.000044
  286 	 0.000030 	 0.000037 	 0.000042
  287 	 0.000031 	 0.000036 	 0.000043
  288 	 0.000031 	 0.000036 	 0.000042
  289 	 0.000031 	 0.000036 	 0.000044
  290 	 0.000030 	 0.000037 	 0.000046
  291 	 0.000030 	 0.000036 	 0.000043
  292 	 0.000030 	 0.000036 	 0.000042
  293 	 0.000031 	 0.000036 	 0.000044
  294 	 0.000031 	 0.000037 	 0.000043
  295 	 0.000032 	 0.000036 	 0.000042
  296 	 0.000030 	 0.000036 	 0.000045
  297 	 0.000031 	 0.000036 	 0.000043
  298 	 0.000031 	 0.000036 	 0.000044
  299 	 0.000031 	 0.000036 	 0.000044
  300 	 0.000031 	 0.000036 	 0.000044
  301 	 0.000031 	 0.000036 	 0.000043
  302 	 0.000031 	 0.000036 	 0.000044
  303 	 0.000031 	 0.000036 	 0.000042
  304 	 0.000030 	 0.000036 	 0.000042
  305 	 0.000031 	 0.000036 	 0.000044
  306 	 0.000031 	 0.000036 	 0.000042
  307 	 0.000031 	 0.000036 	 0.000043
  308 	 0.000032 	 0.000036 	 0.000044
  309 	 0.000031 	 0.000036 	 0.000042
  310 	 0.000032 	 0.000036 	 0.000042
  311 	 0.000031 	 0.000036 	 0.000044
  312 	 0.000031 	 0.000036 	 0.000044
  313 	 0.000032 	 0.000036 	 0.000042
  314 	 0.000029 	 0.000036 	 0.000046
  315 	 0.000031 	 0.000036 	 0.000046
  316 	 0.000030 	 0.000036 	 0.000044
  317 	 0.000031 	 0.000036 	 0.000044
  318 	 0.000030 	 0.000036 	 0.000043
  319 	 0.000031 	 0.000036 	 0.000044
  320 	 0.000032 	 0.000036 	 0.000043
  321 	 0.000031 	 0.000036 	 0.000042
  322 	 0.000032 	 0.000036 	 0.000045
  323 	 0.000031 	 0.000036 	 0.000042
  324 	 0.000031 	 0.000036 	 0.000041
  325 	 0.000031 	 0.000036 	 0.000044
  326 	 0.000030 	 0.000036 	 0.000042
  327 	 0.000032 	 0.000036 	 0.000044
  328 	 0.000031 	 0.000036 	 0.000044
  329 	 0.000031 	 0.000036 	 0.000042
  330 	 0.000030 	 0.000036 	 0.000044
  331 	 0.000030 	 0.000036 	 0.000043
  332 	 0.000031 	 0.000036 	 0.000043
  333 	 0.000031 	 0.000036 	 0.000042
  334 	 0.000031 	 0.000036 	 0.000046
  335 	 0.000031 	 0.000036 	 0.000042
  336 	 0.000032 	 0.000036 	 0.000043
  337 	 0.000032 	 0.000036 	 0.000043
  338 	 0.000031 	 0.000036 	 0.000042
  339 	 0.000031 	 0.000036 	 0.000043
  340 	 0.000031 	 0.000036 	 0.000045
  341 	 0.000031 	 0.000036 	 0.000044
  342 	 0.000031 	 0.000036 	 0.000046
  343 	 0.000030 	 0.000037 	 0.000043
  344 	 0.000031 	 0.000037 	 0.000044
  345 	 0.000031 	 0.000036 	 0.000044
  346 	 0.000030 	 0.000036 	 0.000044
  347 	 0.000031 	 0.000036 	 0.000042
  348 	 0.000031 	 0.000036 	 0.000042
  349 	 0.000031 	 0.000036 	 0.000042
  350 	 0.000031 	 0.000036 	 0.000043
  351 	 0.000031 	 0.000036 	 0.000045
  352 	 0.000030 	 0.000037 	 0.000042
  353 	 0.000031 	 0.000036 	 0.000044
  354 	 0.000031 	 0.000036 	 0.000043
  355 	 0.000031 	 0.000036 	 0.000043
  356 	 0.000032 	 0.000036 	 0.000044
  357 	 0.000031 	 0.000036 	 0.000043
  358 	 0.000032 	 0.000036 	 0.000043
  359 	 0.000032 	 0.000036 	 0.000043
  360 	 0.000031 	 0.000036 	 0.000043
  361 	 0.000031 	 0.000036 	 0.000043
  362 	 0.000031 	 0.000036 	 0.000043
  363 	 0.000030 	 0.000036 	 0.000043
  364 	 0.000029 	 0.000036 	 0.000042
  365 	 0.000030 	 0.000036 	 0.000045
  366 	 0.000031 	 0.000036 	 0.000042
  367 	 0.000030 	 0.000036 	 0.000045
  368 	 0.000031 	 0.000036 	 0.000045
  369 	 0.000031 	 0.000036 	 0.000042
  370 	 0.000031 	 0.000036 	 0.000043
  371 	 0.000031 	 0.000036 	 0.000041
  372 	 0.000031 	 0.000036 	 0.000042
  373 	 0.000031 	 0.000035 	 0.000043
  374 	 0.000031 	 0.000035 	 0.000043
  375 	 0.000030 	 0.000036 	 0.000044
  376 	 0.000030 	 0.000035 	 0.000044
  377 	 0.000030 	 0.000036 	 0.000041
  378 	 0.000031 	 0.000036 	 0.000042
  379 	 0.000030 	 0.000036 	 0.000043
  380 	 0.000031 	 0.000036 	 0.000044
  381 	 0.000030 	 0.000036 	 0.000044
  382 	 0.000031 	 0.000036 	 0.000044
  383 	 0.000031 	 0.000036 	 0.000042
  384 	 0.000031 	 0.000036 	 0.000045
  385 	 0.000031 	 0.000036 	 0.000044
  386 	 0.000030 	 0.000036 	 0.000043
  387 	 0.000031 	 0.000036 	 0.000045
  388 	 0.000030 	 0.000036 	 0.000045
  389 	 0.000031 	 0.000036 	 0.000043
  390 	 0.000030 	 0.000036 	 0.000044
  391 	 0.000031 	 0.000036 	 0.000045
  392 	 0.000031 	 0.000036 	 0.000043
  393 	 0.000030 	 0.000037 	 0.000044
  394 	 0.000031 	 0.000037 	 0.000044
  395 	 0.000030 	 0.000037 	 0.000044
  396 	 0.000031 	 0.000037 	 0.000043
  397 	 0.000031 	 0.000036 	 0.000045
  398 	 0.000030 	 0.000036 	 0.000042
  399 	 0.000031 	 0.000036 	 0.000042
  400 	 0.000031 	 0.000036 	 0.000043
  401 	 0.000031 	 0.000036 	 0.000043
  402 	 0.000031 	 0.000036 	 0.000044
  403 	 0.000031 	 0.000036 	 0.000044
  404 	 0.000031 	 0.000036 	 0.000045
  405 	 0.000031 	 0.000036 	 0.000043
  406 	 0.000031 	 0.000036 	 0.000043
  407 	 0.000030 	 0.000036 	 0.000042
  408 	 0.000029 	 0.000035 	 0.000042
  409 	 0.000031 	 0.000035 	 0.000043
  410 	 0.000031 	 0.000036 	 0.000044
  411 	 0.000030 	 0.000036 	 0.000043
  412 	 0.000030 	 0.000036 	 0.000044
  413 	 0.000030 	 0.000036 	 0.000044
  414 	 0.000031 	 0.000036 	 0.000044
  415 	 0.000030 	 0.000036 	 0.000043
  416 	 0.000029 	 0.000036 	 0.000043
  417 	 0.000030 	 0.000036 	 0.000042
  418 	 0.000031 	 0.000036 	 0.000042
  419 	 0.000031 	 0.000036 	 0.000043
  420 	 0.000031 	 0.000036 	 0.000043
  421 	 0.000031 	 0.000036 	 0.000043
  422 	 0.000030 	 0.000036 	 0.000042
  423 	 0.000031 	 0.000036 	 0.000044
  424 	 0.000030 	 0.000036 	 0.000046
  425 	 0.000031 	 0.000036 	 0.000044
  426 	 0.000031 	 0.000036 	 0.000042
  427 	 0.000030 	 0.000036 	 0.000042
  428 	 0.000031 	 0.000036 	 0.000044
  429 	 0.000030 	 0.000036 	 0.000043
  430 	 0.000030 	 0.000036 	 0.000042
  431 	 0.000031 	 0.000036 	 0.000043
  432 	 0.000031 	 0.000036 	 0.000042
  433 	 0.000031 	 0.000036 	 0.000042
  434 	 0.000031 	 0.000036 	 0.000042
  435 	 0.000031 	 0.000036 	 0.000044
  436 	 0.000030 	 0.000036 	 0.000041
  437 	 0.000031 	 0.000036 	 0.000043
  438 	 0.000031 	 0.000036 	 0.000042
  439 	 0.000031 	 0.000036 	 0.000043
  440 	 0.000030 	 0.000036 	 0.000043
  441 	 0.000031 	 0.000036 	 0.000044
  442 	 0.000031 	 0.000036 	 0.000044
  443 	 0.000031 	 0.000036 	 0.000042
  444 	 0.000030 	 0.000036 	 0.000043
  445 	 0.000030 	 0.000036 	 0.000044
  446 	 0.000031 	 0.000036 	 0.000046
  447 	 0.000030 	 0.000036 	 0.000043
  448 	 0.000031 	 0.000036 	 0.000044
  449 	 0.000030 	 0.000036 	 0.000047
  450 	 0.000031 	 0.000036 	 0.000045
  451 	 0.000030 	 0.000036 	 0.000045
  452 	 0.000031 	 0.000036 	 0.000044
  453 	 0.000031 	 0.000036 	 0.000044
  454 	 0.000030 	 0.000036 	 0.000043
  455 	 0.000030 	 0.000036 	 0.000043
  456 	 0.000030 	 0.000036 	 0.000045
  457 	 0.000031 	 0.000036 	 0.000044
  458 	 0.000031 	 0.000036 	 0.000042
  459 	 0.000030 	 0.000036 	 0.000042
  460 	 0.000030 	 0.000036 	 0.000046
  461 	 0.000031 	 0.000036 	 0.000042
  462 	 0.000031 	 0.000036 	 0.000043
  463 	 0.000031 	 0.000036 	 0.000043
  464 	 0.000031 	 0.000036 	 0.000043
  465 	 0.000030 	 0.000036 	 0.000041
  466 	 0.000031 	 0.000036 	 0.000042
  467 	 0.000030 	 0.000036 	 0.000043
  468 	 0.000031 	 0.000036 	 0.000044
  469 	 0.000030 	 0.000036 	 0.000043
  470 	 0.000030 	 0.000036 	 0.000043
  471 	 0.000030 	 0.000036 	 0.000044
  472 	 0.000030 	 0.000036 	 0.000044
  473 	 0.000030 	 0.000036 	 0.000043
  474 	 0.000030 	 0.000036 	 0.000043
  475 	 0.000031 	 0.000036 	 0.000042
  476 	 0.000031 	 0.000036 	 0.000042
  477 	 0.000031 	 0.000036 	 0.000044
  478 	 0.000031 	 0.000036 	 0.000042
  479 	 0.000032 	 0.000036 	 0.000042
  480 	 0.000031 	 0.000036 	 0.000043
  481 	 0.000031 	 0.000036 	 0.000044
  482 	 0.000029 	 0.000036 	 0.000043
  483 	 0.000030 	 0.000036 	 0.000042
  484 	 0.000031 	 0.000036 	 0.000041
  485 	 0.000031 	 0.000036 	 0.000042
  486 	 0.000030 	 0.000036 	 0.000042
  487 	 0.000030 	 0.000036 	 0.000042
  488 	 0.000032 	 0.000036 	 0.000042
  489 	 0.000031 	 0.000036 	 0.000042
  490 	 0.000031 	 0.000036 	 0.000042
  491 	 0.000031 	 0.000036 	 0.000043
  492 	 0.000030 	 0.000036 	 0.000043
  493 	 0.000030 	 0.000036 	 0.000044
  494 	 0.000030 	 0.000036 	 0.000044
  495 	 0.000031 	 0.000036 	 0.000045
  496 	 0.000031 	 0.000036 	 0.000043
  497 	 0.000031 	 0.000036 	 0.000043
  498 	 0.000032 	 0.000037 	 0.000044
  499 	 0.000032 	 0.000036 	 0.000044
 