   0 	 0.000030 	 0.000034 	 0.000042
    1 	 0.000030 	 0.000034 	 0.000041
    2 	 0.000030 	 0.000034 	 0.000041
    3 	 0.000029 	 0.000035 	 0.000041
    4 	 0.000030 	 0.000035 	 0.000040
    5 	 0.000029 	 0.000035 	 0.000040
    6 	 0.000031 	 0.000035 	 0.000043
    7 	 0.000031 	 0.000035 	 0.000041
    8 	 0.000030 	 0.000035 	 0.000042
    9 	 0.000030 	 0.000035 	 0.000041
   10 	 0.000030 	 0.000036 	 0.000041
   11 	 0.000031 	 0.000036 	 0.000041
   12 	 0.000031 	 0.000036 	 0.000042
   13 	 0.000030 	 0.000036 	 0.000043
   14 	 0.000032 	 0.000036 	 0.000042
   15 	 0.000031 	 0.000036 	 0.000045
   16 	 0.000030 	 0.000036 	 0.000041
   17 	 0.000031 	 0.000036 	 0.000043
   18 	 0.000030 	 0.000036 	 0.000042
   19 	 0.000030 	 0.000036 	 0.000042
   20 	 0.000031 	 0.000035 	 0.000042
   21 	 0.000031 	 0.000035 	 0.000041
   22 	 0.000030 	 0.000035 	 0.000042
   23 	 0.000031 	 0.000036 	 0.000041
   24 	 0.000031 	 0.000036 	 0.000043
   25 	 0.000031 	 0.000036 	 0.000043
   26 	 0.000031 	 0.000036 	 0.000041
   27 	 0.000031 	 0.000036 	 0.000041
   28 	 0.000031 	 0.000035 	 0.000042
   29 	 0.000031 	 0.000035 	 0.000043
   30 	 0.000031 	 0.000036 	 0.000045
   31 	 0.000030 	 0.000036 	 0.000045
   32 	 0.000031 	 0.000036 	 0.000042
   33 	 0.000030 	 0.000036 	 0.000045
   34 	 0.000030 	 0.000037 	 0.000043
   35 	 0.000032 	 0.000036 	 0.000041
   36 	 0.000030 	 0.000036 	 0.000044
   37 	 0.000030 	 0.000037 	 0.000045
   38 	 0.000030 	 0.000037 	 0.000045
   39 	 0.000032 	 0.000036 	 0.000044
   40 	 0.000030 	 0.000036 	 0.000043
   41 	 0.000031 	 0.000036 	 0.000045
   42 	 0.000032 	 0.000037 	 0.000043
   43 	 0.000032 	 0.000036 	 0.000045
   44 	 0.000030 	 0.000036 	 0.000044
   45 	 0.000032 	 0.000036 	 0.000044
   46 	 0.000031 	 0.000036 	 0.000044
   47 	 0.000031 	 0.000036 	 0.000043
   48 	 0.000031 	 0.000036 	 0.000043
   49 	 0.000032 	 0.000036 	 0.000044
   50 	 0.000031 	 0.000036 	 0.000043
   51 	 0.000031 	 0.000036 	 0.000043
   52 	 0.000029 	 0.000036 	 0.000045
   53 	 0.000030 	 0.000037 	 0.000046
   54 	 0.000031 	 0.000037 	 0.000045
   55 	 0.000031 	 0.000036 	 0.000045
   56 	 0.000031 	 0.000036 	 0.000044
   57 	 0.000031 	 0.000036 	 0.000044
   58 	 0.000030 	 0.000037 	 0.000045
   59 	 0.000031 	 0.000036 	 0.000044
   60 	 0.000031 	 0.000036 	 0.000043
   61 	 0.000032 	 0.000036 	 0.000043
   62 	 0.000032 	 0.000036 	 0.000045
   63 	 0.000031 	 0.000036 	 0.000044
   64 	 0.000032 	 0.000036 	 0.000044
   65 	 0.000031 	 0.000037 	 0.000045
   66 	 0.000031 	 0.000036 	 0.000046
   67 	 0.000031 	 0.000036 	 0.000045
   68 	 0.000030 	 0.000036 	 0.000043
   69 	 0.000030 	 0.000036 	 0.000046
   70 	 0.000030 	 0.000036 	 0.000044
   71 	 0.000031 	 0.000037 	 0.000046
   72 	 0.000032 	 0.000037 	 0.000045
   73 	 0.000031 	 0.000037 	 0.000043
   74 	 0.000031 	 0.000037 	 0.000045
   75 	 0.000031 	 0.000037 	 0.000045
   76 	 0.000032 	 0.000037 	 0.000046
   77 	 0.000031 	 0.000036 	 0.000044
   78 	 0.000032 	 0.000036 	 0.000044
   79 	 0.000031 	 0.000036 	 0.000043
   80 	 0.000030 	 0.000036 	 0.000042
   81 	 0.000031 	 0.000036 	 0.000045
   82 	 0.000032 	 0.000036 	 0.000044
   83 	 0.000032 	 0.000036 	 0.000044
   84 	 0.000031 	 0.000036 	 0.000043
   85 	 0.000030 	 0.000036 	 0.000044
   86 	 0.000030 	 0.000036 	 0.000044
   87 	 0.000030 	 0.000036 	 0.000047
   88 	 0.000029 	 0.000036 	 0.000043
   89 	 0.000029 	 0.000036 	 0.000043
   90 	 0.000030 	 0.000036 	 0.000042
   91 	 0.000031 	 0.000036 	 0.000041
   92 	 0.000031 	 0.000036 	 0.000042
   93 	 0.000030 	 0.000036 	 0.000042
   94 	 0.000030 	 0.000036 	 0.000043
   95 	 0.000031 	 0.000036 	 0.000043
   96 	 0.000030 	 0.000036 	 0.000044
   97 	 0.000030 	 0.000036 	 0.000043
   98 	 0.000030 	 0.000036 	 0.000042
   99 	 0.000031 	 0.000036 	 0.000043
  100 	 0.000030 	 0.000036 	 0.000043
  101 	 0.000031 	 0.000036 	 0.000043
  102 	 0.000031 	 0.000036 	 0.000044
  103 	 0.000032 	 0.000036 	 0.000042
  104 	 0.000032 	 0.000036 	 0.000042
  105 	 0.000031 	 0.000036 	 0.000043
  106 	 0.000030 	 0.000036 	 0.000043
  107 	 0.000030 	 0.000036 	 0.000042
  108 	 0.000030 	 0.000036 	 0.000043
  109 	 0.000031 	 0.000036 	 0.000042
  110 	 0.000030 	 0.000036 	 0.000043
  111 	 0.000031 	 0.000036 	 0.000044
  112 	 0.000030 	 0.000036 	 0.000042
  113 	 0.000031 	 0.000036 	 0.000042
  114 	 0.000030 	 0.000036 	 0.000042
  115 	 0.000031 	 0.000036 	 0.000042
  116 	 0.000031 	 0.000036 	 0.000041
  117 	 0.000030 	 0.000036 	 0.000041
  118 	 0.000030 	 0.000036 	 0.000042
  119 	 0.000030 	 0.000036 	 0.000042
  120 	 0.000030 	 0.000036 	 0.000041
  121 	 0.000031 	 0.000036 	 0.000041
  122 	 0.000030 	 0.000035 	 0.000042
  123 	 0.000031 	 0.000036 	 0.000042
  124 	 0.000030 	 0.000035 	 0.000042
  125 	 0.000031 	 0.000036 	 0.000043
  126 	 0.000031 	 0.000036 	 0.000043
  127 	 0.000031 	 0.000036 	 0.000044
  128 	 0.000031 	 0.000036 	 0.000042
  129 	 0.000030 	 0.000036 	 0.000042
  130 	 0.000031 	 0.000036 	 0.000043
  131 	 0.000031 	 0.000036 	 0.000044
  132 	 0.000031 	 0.000036 	 0.000041
  133 	 0.000031 	 0.000036 	 0.000045
  134 	 0.000032 	 0.000036 	 0.000042
  135 	 0.000030 	 0.000036 	 0.000042
  136 	 0.000031 	 0.000036 	 0.000043
  137 	 0.000031 	 0.000036 	 0.000043
  138 	 0.000030 	 0.000036 	 0.000041
  139 	 0.000031 	 0.000036 	 0.000041
  140 	 0.000030 	 0.000035 	 0.000041
  141 	 0.000030 	 0.000036 	 0.000045
  142 	 0.000031 	 0.000036 	 0.000042
  143 	 0.000031 	 0.000036 	 0.000043
  144 	 0.000031 	 0.000036 	 0.000043
  145 	 0.000031 	 0.000036 	 0.000044
  146 	 0.000031 	 0.000036 	 0.000045
  147 	 0.000031 	 0.000036 	 0.000044
  148 	 0.000032 	 0.000036 	 0.000045
  149 	 0.000031 	 0.000036 	 0.000047
  150 	 0.000032 	 0.000036 	 0.000042
  151 	 0.000031 	 0.000036 	 0.000042
  152 	 0.000029 	 0.000036 	 0.000043
  153 	 0.000031 	 0.000036 	 0.000044
  154 	 0.000031 	 0.000036 	 0.000044
  155 	 0.000030 	 0.000036 	 0.000045
  156 	 0.000031 	 0.000036 	 0.000043
  157 	 0.000031 	 0.000036 	 0.000045
  158 	 0.000030 	 0.000036 	 0.000044
  159 	 0.000031 	 0.000036 	 0.000045
  160 	 0.000029 	 0.000036 	 0.000048
  161 	 0.000029 	 0.000036 	 0.000045
  162 	 0.000030 	 0.000036 	 0.000045
  163 	 0.000028 	 0.000036 	 0.000043
  164 	 0.000031 	 0.000036 	 0.000042
  165 	 0.000031 	 0.000036 	 0.000043
  166 	 0.000031 	 0.000036 	 0.000042
  167 	 0.000030 	 0.000036 	 0.000043
  168 	 0.000031 	 0.000036 	 0.000043
  169 	 0.000030 	 0.000036 	 0.000043
  170 	 0.000029 	 0.000036 	 0.000045
  171 	 0.000029 	 0.000036 	 0.000045
  172 	 0.000030 	 0.000036 	 0.000045
  173 	 0.000030 	 0.000036 	 0.000045
  174 	 0.000030 	 0.000036 	 0.000044
  175 	 0.000030 	 0.000036 	 0.000044
  176 	 0.000030 	 0.000036 	 0.000044
  177 	 0.000031 	 0.000036 	 0.000042
  178 	 0.000031 	 0.000037 	 0.000045
  179 	 0.000031 	 0.000037 	 0.000044
  180 	 0.000031 	 0.000037 	 0.000046
  181 	 0.000031 	 0.000036 	 0.000045
  182 	 0.000031 	 0.000036 	 0.000041
  183 	 0.000032 	 0.000036 	 0.000042
  184 	 0.000031 	 0.000036 	 0.000042
  185 	 0.000032 	 0.000036 	 0.000043
  186 	 0.000031 	 0.000035 	 0.000043
  187 	 0.000030 	 0.000035 	 0.000042
  188 	 0.000031 	 0.000036 	 0.000044
  189 	 0.000031 	 0.000035 	 0.000044
  190 	 0.000030 	 0.000035 	 0.000044
  191 	 0.000030 	 0.000035 	 0.000045
  192 	 0.000031 	 0.000035 	 0.000041
  193 	 0.000030 	 0.000035 	 0.000042
  194 	 0.000030 	 0.000035 	 0.000042
  195 	 0.000030 	 0.000035 	 0.000041
  196 	 0.000030 	 0.000036 	 0.000044
  197 	 0.000031 	 0.000035 	 0.000041
  198 	 0.000029 	 0.000035 	 0.000041
  199 	 0.000030 	 0.000035 	 0.000041
  200 	 0.000030 	 0.000035 	 0.000042
  201 	 0.000031 	 0.000035 	 0.000040
  202 	 0.000031 	 0.000035 	 0.000041
  203 	 0.000031 	 0.000035 	 0.000040
  204 	 0.000030 	 0.000035 	 0.000041
  205 	 0.000031 	 0.000035 	 0.000043
  206 	 0.000031 	 0.000035 	 0.000041
  207 	 0.000030 	 0.000036 	 0.000041
  208 	 0.000031 	 0.000036 	 0.000042
  209 	 0.000031 	 0.000036 	 0.000043
  210 	 0.000030 	 0.000036 	 0.000043
  211 	 0.000030 	 0.000036 	 0.000044
  212 	 0.000030 	 0.000036 	 0.000042
  213 	 0.000030 	 0.000036 	 0.000044
  214 	 0.000031 	 0.000036 	 0.000042
  215 	 0.000030 	 0.000036 	 0.000042
  216 	 0.000031 	 0.000036 	 0.000046
  217 	 0.000031 	 0.000036 	 0.000044
  218 	 0.000032 	 0.000036 	 0.000042
  219 	 0.000031 	 0.000036 	 0.000045
  220 	 0.000031 	 0.000036 	 0.000042
  221 	 0.000031 	 0.000036 	 0.000042
  222 	 0.000031 	 0.000036 	 0.000043
  223 	 0.000030 	 0.000036 	 0.000041
  224 	 0.000032 	 0.000036 	 0.000044
  225 	 0.000031 	 0.000036 	 0.000046
  226 	 0.000031 	 0.000036 	 0.000046
  227 	 0.000031 	 0.000036 	 0.000045
  228 	 0.000031 	 0.000036 	 0.000046
  229 	 0.000032 	 0.000036 	 0.000042
  230 	 0.000032 	 0.000036 	 0.000042
  231 	 0.000032 	 0.000036 	 0.000045
  232 	 0.000031 	 0.000036 	 0.000044
  233 	 0.000031 	 0.000036 	 0.000043
  234 	 0.000031 	 0.000036 	 0.000041
  235 	 0.000032 	 0.000036 	 0.000043
  236 	 0.000031 	 0.000036 	 0.000045
  237 	 0.000031 	 0.000036 	 0.000043
  238 	 0.000032 	 0.000036 	 0.000045
  239 	 0.000030 	 0.000036 	 0.000043
  240 	 0.000032 	 0.000036 	 0.000044
  241 	 0.000030 	 0.000036 	 0.000041
  242 	 0.000031 	 0.000036 	 0.000042
  243 	 0.000031 	 0.000036 	 0.000042
  244 	 0.000031 	 0.000036 	 0.000043
  245 	 0.000030 	 0.000035 	 0.000043
  246 	 0.000031 	 0.000036 	 0.000044
  247 	 0.000031 	 0.000036 	 0.000043
  248 	 0.000030 	 0.000036 	 0.000045
  249 	 0.000030 	 0.000036 	 0.000042
  250 	 0.000030 	 0.000036 	 0.000043
  251 	 0.000032 	 0.000036 	 0.000043
  252 	 0.000031 	 0.000036 	 0.000043
  253 	 0.000032 	 0.000036 	 0.000043
  254 	 0.000031 	 0.000036 	 0.000043
  255 	 0.000031 	 0.000036 	 0.000042
  256 	 0.000030 	 0.000036 	 0.000042
  257 	 0.000031 	 0.000036 	 0.000040
  258 	 0.000032 	 0.000036 	 0.000043
  259 	 0.000031 	 0.000036 	 0.000043
  260 	 0.000031 	 0.000036 	 0.000043
  261 	 0.000031 	 0.000036 	 0.000043
  262 	 0.000031 	 0.000036 	 0.000045
  263 	 0.000031 	 0.000036 	 0.000043
  264 	 0.000031 	 0.000036 	 0.000045
  265 	 0.000031 	 0.000037 	 0.000045
  266 	 0.000031 	 0.000036 	 0.000043
  267 	 0.000031 	 0.000036 	 0.000042
  268 	 0.000031 	 0.000036 	 0.000044
  269 	 0.000031 	 0.000036 	 0.000042
  270 	 0.000031 	 0.000036 	 0.000043
  271 	 0.000032 	 0.000036 	 0.000041
  272 	 0.000031 	 0.000036 	 0.000042
  273 	 0.000031 	 0.000036 	 0.000043
  274 	 0.000031 	 0.000036 	 0.000046
  275 	 0.000030 	 0.000036 	 0.000044
  276 	 0.000031 	 0.000036 	 0.000042
  277 	 0.000031 	 0.000036 	 0.000045
  278 	 0.000030 	 0.000036 	 0.000045
  279 	 0.000030 	 0.000036 	 0.000044
  280 	 0.000030 	 0.000036 	 0.000044
  281 	 0.000031 	 0.000036 	 0.000044
  282 	 0.000030 	 0.000036 	 0.000043
  283 	 0.000030 	 0.000036 	 0.000044
  284 	 0.000031 	 0.000036 	 0.000045
  285 	 0.000031 	 0.000036 	 0.000044
  286 	 0.000031 	 0.000036 	 0.000044
  287 	 0.000031 	 0.000036 	 0.000043
  288 	 0.000032 	 0.000036 	 0.000043
  289 	 0.000030 	 0.000036 	 0.000044
  290 	 0.000031 	 0.000036 	 0.000043
  291 	 0.000030 	 0.000036 	 0.000044
  292 	 0.000031 	 0.000036 	 0.000042
  293 	 0.000031 	 0.000036 	 0.000042
  294 	 0.000030 	 0.000036 	 0.000046
  295 	 0.000032 	 0.000036 	 0.000043
  296 	 0.000031 	 0.000036 	 0.000044
  297 	 0.000031 	 0.000036 	 0.000042
  298 	 0.000031 	 0.000036 	 0.000044
  299 	 0.000031 	 0.000036 	 0.000043
  300 	 0.000030 	 0.000036 	 0.000045
  301 	 0.000029 	 0.000036 	 0.000045
  302 	 0.000031 	 0.000036 	 0.000044
  303 	 0.000031 	 0.000036 	 0.000047
  304 	 0.000031 	 0.000036 	 0.000043
  305 	 0.000031 	 0.000036 	 0.000042
  306 	 0.000031 	 0.000036 	 0.000042
  307 	 0.000031 	 0.000036 	 0.000041
  308 	 0.000030 	 0.000036 	 0.000041
  309 	 0.000030 	 0.000036 	 0.000043
  310 	 0.000029 	 0.000036 	 0.000045
  311 	 0.000031 	 0.000036 	 0.000044
  312 	 0.000031 	 0.000036 	 0.000044
  313 	 0.000030 	 0.000036 	 0.000042
  314 	 0.000031 	 0.000036 	 0.000042
  315 	 0.000031 	 0.000036 	 0.000042
  316 	 0.000031 	 0.000036 	 0.000042
  317 	 0.000031 	 0.000036 	 0.000042
  318 	 0.000031 	 0.000036 	 0.000042
  319 	 0.000031 	 0.000036 	 0.000042
  320 	 0.000030 	 0.000036 	 0.000042
  321 	 0.000031 	 0.000036 	 0.000043
  322 	 0.000032 	 0.000037 	 0.000045
  323 	 0.000031 	 0.000036 	 0.000044
  324 	 0.000032 	 0.000036 	 0.000044
  325 	 0.000030 	 0.000036 	 0.000048
  326 	 0.000031 	 0.000036 	 0.000045
  327 	 0.000031 	 0.000036 	 0.000042
  328 	 0.000030 	 0.000036 	 0.000044
  329 	 0.000030 	 0.000036 	 0.000042
  330 	 0.000032 	 0.000036 	 0.000043
  331 	 0.000031 	 0.000036 	 0.000043
  332 	 0.000031 	 0.000036 	 0.000046
  333 	 0.000032 	 0.000036 	 0.000043
  334 	 0.000030 	 0.000036 	 0.000043
  335 	 0.000030 	 0.000036 	 0.000043
  336 	 0.000032 	 0.000036 	 0.000041
  337 	 0.000030 	 0.000036 	 0.000045
  338 	 0.000030 	 0.000035 	 0.000042
  339 	 0.000030 	 0.000036 	 0.000043
  340 	 0.000029 	 0.000036 	 0.000046
  341 	 0.000030 	 0.000036 	 0.000042
  342 	 0.000030 	 0.000036 	 0.000042
  343 	 0.000031 	 0.000036 	 0.000043
  344 	 0.000031 	 0.000036 	 0.000043
  345 	 0.000030 	 0.000036 	 0.000043
  346 	 0.000030 	 0.000035 	 0.000042
  347 	 0.000031 	 0.000035 	 0.000044
  348 	 0.000030 	 0.000035 	 0.000045
  349 	 0.000030 	 0.000035 	 0.000045
  350 	 0.000029 	 0.000036 	 0.000044
  351 	 0.000031 	 0.000036 	 0.000043
  352 	 0.000031 	 0.000036 	 0.000044
  353 	 0.000030 	 0.000036 	 0.000045
  354 	 0.000031 	 0.000036 	 0.000045
  355 	 0.000030 	 0.000036 	 0.000044
  356 	 0.000031 	 0.000036 	 0.000045
  357 	 0.000032 	 0.000036 	 0.000044
  358 	 0.000031 	 0.000036 	 0.000043
  359 	 0.000031 	 0.000036 	 0.000043
  360 	 0.000030 	 0.000036 	 0.000046
  361 	 0.000030 	 0.000036 	 0.000044
  362 	 0.000030 	 0.000036 	 0.000043
  363 	 0.000030 	 0.000036 	 0.000043
  364 	 0.000030 	 0.000036 	 0.000044
  365 	 0.000031 	 0.000036 	 0.000047
  366 	 0.000031 	 0.000036 	 0.000044
  367 	 0.000030 	 0.000036 	 0.000044
  368 	 0.000030 	 0.000036 	 0.000045
  369 	 0.000031 	 0.000036 	 0.000045
  370 	 0.000031 	 0.000036 	 0.000043
  371 	 0.000031 	 0.000036 	 0.000044
  372 	 0.000030 	 0.000036 	 0.000044
  373 	 0.000031 	 0.000036 	 0.000043
  374 	 0.000031 	 0.000036 	 0.000044
  375 	 0.000030 	 0.000036 	 0.000044
  376 	 0.000031 	 0.000036 	 0.000044
  377 	 0.000031 	 0.000036 	 0.000042
  378 	 0.000031 	 0.000036 	 0.000045
  379 	 0.000030 	 0.000036 	 0.000046
  380 	 0.000030 	 0.000036 	 0.000045
  381 	 0.000031 	 0.000036 	 0.000045
  382 	 0.000031 	 0.000036 	 0.000046
  383 	 0.000031 	 0.000036 	 0.000045
  384 	 0.000031 	 0.000036 	 0.000044
  385 	 0.000032 	 0.000037 	 0.000047
  386 	 0.000031 	 0.000037 	 0.000049
  387 	 0.000030 	 0.000037 	 0.000047
  388 	 0.000030 	 0.000037 	 0.000044
  389 	 0.000031 	 0.000037 	 0.000043
  390 	 0.000031 	 0.000037 	 0.000043
  391 	 0.000032 	 0.000037 	 0.000043
  392 	 0.000031 	 0.000037 	 0.000045
  393 	 0.000031 	 0.000037 	 0.000044
  394 	 0.000031 	 0.000037 	 0.000044
  395 	 0.000032 	 0.000037 	 0.000044
  396 	 0.000032 	 0.000037 	 0.000045
  397 	 0.000031 	 0.000037 	 0.000043
  398 	 0.000029 	 0.000037 	 0.000043
  399 	 0.000031 	 0.000037 	 0.000043
  400 	 0.000032 	 0.000037 	 0.000048
  401 	 0.000031 	 0.000037 	 0.000044
  402 	 0.000031 	 0.000037 	 0.000043
  403 	 0.000031 	 0.000037 	 0.000045
  404 	 0.000031 	 0.000037 	 0.000044
  405 	 0.000031 	 0.000037 	 0.000049
  406 	 0.000030 	 0.000037 	 0.000045
  407 	 0.000031 	 0.000037 	 0.000048
  408 	 0.000031 	 0.000037 	 0.000047
  409 	 0.000031 	 0.000037 	 0.000044
  410 	 0.000031 	 0.000037 	 0.000044
  411 	 0.000031 	 0.000036 	 0.000044
  412 	 0.000031 	 0.000036 	 0.000045
  413 	 0.000030 	 0.000036 	 0.000042
  414 	 0.000030 	 0.000036 	 0.000043
  415 	 0.000030 	 0.000036 	 0.000043
  416 	 0.000030 	 0.000036 	 0.000043
  417 	 0.000031 	 0.000037 	 0.000043
  418 	 0.000030 	 0.000036 	 0.000043
  419 	 0.000030 	 0.000036 	 0.000042
  420 	 0.000031 	 0.000036 	 0.000044
  421 	 0.000031 	 0.000037 	 0.000047
  422 	 0.000030 	 0.000036 	 0.000046
  423 	 0.000031 	 0.000036 	 0.000044
  424 	 0.000031 	 0.000036 	 0.000045
  425 	 0.000030 	 0.000036 	 0.000045
  426 	 0.000031 	 0.000036 	 0.000043
  427 	 0.000031 	 0.000036 	 0.000045
  428 	 0.000031 	 0.000036 	 0.000045
  429 	 0.000031 	 0.000036 	 0.000043
  430 	 0.000031 	 0.000037 	 0.000044
  431 	 0.000031 	 0.000036 	 0.000042
  432 	 0.000031 	 0.000036 	 0.000047
  433 	 0.000030 	 0.000036 	 0.000042
  434 	 0.000032 	 0.000036 	 0.000043
  435 	 0.000031 	 0.000036 	 0.000046
  436 	 0.000032 	 0.000036 	 0.000044
  437 	 0.000032 	 0.000036 	 0.000044
  438 	 0.000031 	 0.000036 	 0.000044
  439 	 0.000031 	 0.000037 	 0.000047
  440 	 0.000030 	 0.000037 	 0.000045
  441 	 0.000031 	 0.000036 	 0.000045
  442 	 0.000030 	 0.000036 	 0.000045
  443 	 0.000031 	 0.000036 	 0.000043
  444 	 0.000031 	 0.000036 	 0.000044
  445 	 0.000030 	 0.000036 	 0.000043
  446 	 0.000031 	 0.000036 	 0.000044
  447 	 0.000029 	 0.000036 	 0.000043
  448 	 0.000031 	 0.000036 	 0.000044
  449 	 0.000031 	 0.000036 	 0.000044
  450 	 0.000032 	 0.000036 	 0.000045
  451 	 0.000031 	 0.000036 	 0.000047
  452 	 0.000031 	 0.000036 	 0.000044
  453 	 0.000031 	 0.000036 	 0.000043
  454 	 0.000031 	 0.000036 	 0.000043
  455 	 0.000031 	 0.000036 	 0.000046
  456 	 0.000031 	 0.000036 	 0.000044
  457 	 0.000030 	 0.000036 	 0.000043
  458 	 0.000031 	 0.000036 	 0.000042
  459 	 0.000031 	 0.000036 	 0.000042
  460 	 0.000030 	 0.000036 	 0.000043
  461 	 0.000031 	 0.000036 	 0.000043
  462 	 0.000030 	 0.000036 	 0.000045
  463 	 0.000031 	 0.000036 	 0.000044
  464 	 0.000030 	 0.000036 	 0.000044
  465 	 0.000031 	 0.000036 	 0.000045
  466 	 0.000031 	 0.000036 	 0.000044
  467 	 0.000030 	 0.000036 	 0.000042
  468 	 0.000031 	 0.000036 	 0.000042
  469 	 0.000029 	 0.000036 	 0.000045
  470 	 0.000030 	 0.000036 	 0.000047
  471 	 0.000031 	 0.000037 	 0.000047
  472 	 0.000030 	 0.000037 	 0.000049
  473 	 0.000031 	 0.000037 	 0.000046
  474 	 0.000031 	 0.000037 	 0.000046
  475 	 0.000032 	 0.000036 	 0.000046
  476 	 0.000031 	 0.000037 	 0.000045
  477 	 0.000031 	 0.000037 	 0.000045
  478 	 0.000031 	 0.000036 	 0.000044
  479 	 0.000031 	 0.000037 	 0.000045
  480 	 0.000031 	 0.000036 	 0.000044
  481 	 0.000031 	 0.000036 	 0.000046
  482 	 0.000030 	 0.000036 	 0.000044
  483 	 0.000032 	 0.000037 	 0.000043
  484 	 0.000031 	 0.000037 	 0.000044
  485 	 0.000031 	 0.000036 	 0.000044
  486 	 0.000031 	 0.000036 	 0.000045
  487 	 0.000030 	 0.000036 	 0.000044
  488 	 0.000030 	 0.000036 	 0.000046
  489 	 0.000031 	 0.000036 	 0.000044
  490 	 0.000030 	 0.000037 	 0.000043
  491 	 0.000030 	 0.000037 	 0.000044
  492 	 0.000031 	 0.000037 	 0.000045
  493 	 0.000029 	 0.000036 	 0.000044
  494 	 0.000031 	 0.000036 	 0.000048
  495 	 0.000030 	 0.000036 	 0.000047
  496 	 0.000031 	 0.000036 	 0.000047
  497 	 0.000031 	 0.000037 	 0.000049
  498 	 0.000032 	 0.000036 	 0.000045
  499 	 0.000031 	 0.000037 	 0.000045
 