   0 	 0.000030 	 0.000034 	 0.000039
    1 	 0.000029 	 0.000034 	 0.000041
    2 	 0.000031 	 0.000034 	 0.000042
    3 	 0.000030 	 0.000034 	 0.000042
    4 	 0.000030 	 0.000035 	 0.000044
    5 	 0.000030 	 0.000035 	 0.000041
    6 	 0.000030 	 0.000035 	 0.000041
    7 	 0.000030 	 0.000035 	 0.000042
    8 	 0.000030 	 0.000035 	 0.000041
    9 	 0.000030 	 0.000035 	 0.000042
   10 	 0.000031 	 0.000035 	 0.000043
   11 	 0.000031 	 0.000035 	 0.000044
   12 	 0.000031 	 0.000035 	 0.000042
   13 	 0.000031 	 0.000036 	 0.000042
   14 	 0.000031 	 0.000036 	 0.000042
   15 	 0.000032 	 0.000036 	 0.000043
   16 	 0.000031 	 0.000036 	 0.000044
   17 	 0.000031 	 0.000036 	 0.000044
   18 	 0.000031 	 0.000036 	 0.000043
   19 	 0.000030 	 0.000036 	 0.000044
   20 	 0.000031 	 0.000036 	 0.000046
   21 	 0.000030 	 0.000036 	 0.000045
   22 	 0.000032 	 0.000036 	 0.000043
   23 	 0.000031 	 0.000036 	 0.000044
   24 	 0.000031 	 0.000036 	 0.000044
   25 	 0.000031 	 0.000036 	 0.000042
   26 	 0.000031 	 0.000036 	 0.000043
   27 	 0.000031 	 0.000036 	 0.000045
   28 	 0.000031 	 0.000036 	 0.000044
   29 	 0.000029 	 0.000036 	 0.000043
   30 	 0.000031 	 0.000036 	 0.000045
   31 	 0.000030 	 0.000036 	 0.000044
   32 	 0.000031 	 0.000036 	 0.000043
   33 	 0.000031 	 0.000036 	 0.000044
   34 	 0.000030 	 0.000036 	 0.000044
   35 	 0.000031 	 0.000036 	 0.000044
   36 	 0.000030 	 0.000036 	 0.000043
   37 	 0.000030 	 0.000036 	 0.000043
   38 	 0.000029 	 0.000036 	 0.000043
   39 	 0.000030 	 0.000036 	 0.000043
   40 	 0.000030 	 0.000036 	 0.000042
   41 	 0.000030 	 0.000036 	 0.000043
   42 	 0.000030 	 0.000036 	 0.000043
   43 	 0.000031 	 0.000036 	 0.000043
   44 	 0.000031 	 0.000036 	 0.000042
   45 	 0.000031 	 0.000036 	 0.000042
   46 	 0.000031 	 0.000036 	 0.000042
   47 	 0.000031 	 0.000036 	 0.000043
   48 	 0.000031 	 0.000036 	 0.000042
   49 	 0.000031 	 0.000036 	 0.000043
   50 	 0.000031 	 0.000036 	 0.000043
   51 	 0.000031 	 0.000036 	 0.000042
   52 	 0.000031 	 0.000036 	 0.000041
   53 	 0.000031 	 0.000036 	 0.000042
   54 	 0.000031 	 0.000036 	 0.000044
   55 	 0.000031 	 0.000036 	 0.000045
   56 	 0.000031 	 0.000036 	 0.000044
   57 	 0.000031 	 0.000036 	 0.000043
   58 	 0.000031 	 0.000036 	 0.000045
   59 	 0.000031 	 0.000037 	 0.000044
   60 	 0.000031 	 0.000037 	 0.000043
   61 	 0.000032 	 0.000037 	 0.000045
   62 	 0.000032 	 0.000036 	 0.000045
   63 	 0.000030 	 0.000037 	 0.000045
   64 	 0.000031 	 0.000036 	 0.000044
   65 	 0.000031 	 0.000036 	 0.000043
   66 	 0.000032 	 0.000036 	 0.000044
   67 	 0.000031 	 0.000036 	 0.000043
   68 	 0.000032 	 0.000036 	 0.000045
   69 	 0.000031 	 0.000036 	 0.000045
   70 	 0.000031 	 0.000036 	 0.000044
   71 	 0.000031 	 0.000036 	 0.000043
   72 	 0.000030 	 0.000036 	 0.000044
   73 	 0.000031 	 0.000036 	 0.000044
   74 	 0.000031 	 0.000037 	 0.000044
   75 	 0.000031 	 0.000037 	 0.000046
   76 	 0.000032 	 0.000037 	 0.000045
   77 	 0.000031 	 0.000037 	 0.000043
   78 	 0.000031 	 0.000036 	 0.000042
   79 	 0.000031 	 0.000036 	 0.000044
   80 	 0.000031 	 0.000036 	 0.000043
   81 	 0.000031 	 0.000036 	 0.000043
   82 	 0.000030 	 0.000036 	 0.000044
   83 	 0.000031 	 0.000036 	 0.000042
   84 	 0.000030 	 0.000036 	 0.000044
   85 	 0.000032 	 0.000036 	 0.000044
   86 	 0.000031 	 0.000036 	 0.000044
   87 	 0.000031 	 0.000036 	 0.000045
   88 	 0.000030 	 0.000036 	 0.000044
   89 	 0.000030 	 0.000036 	 0.000046
   90 	 0.000029 	 0.000036 	 0.000046
   91 	 0.000031 	 0.000036 	 0.000044
   92 	 0.000031 	 0.000036 	 0.000046
   93 	 0.000031 	 0.000036 	 0.000045
   94 	 0.000032 	 0.000036 	 0.000043
   95 	 0.000030 	 0.000036 	 0.000045
   96 	 0.000030 	 0.000036 	 0.000045
   97 	 0.000031 	 0.000036 	 0.000045
   98 	 0.000031 	 0.000036 	 0.000044
   99 	 0.000031 	 0.000036 	 0.000043
  100 	 0.000031 	 0.000036 	 0.000045
  101 	 0.000031 	 0.000036 	 0.000042
  102 	 0.000031 	 0.000036 	 0.000043
  103 	 0.000030 	 0.000036 	 0.000044
  104 	 0.000031 	 0.000036 	 0.000045
  105 	 0.000030 	 0.000036 	 0.000044
  106 	 0.000031 	 0.000036 	 0.000046
  107 	 0.000032 	 0.000036 	 0.000045
  108 	 0.000030 	 0.000036 	 0.000043
  109 	 0.000031 	 0.000036 	 0.000042
  110 	 0.000031 	 0.000036 	 0.000045
  111 	 0.000031 	 0.000036 	 0.000044
  112 	 0.000030 	 0.000036 	 0.000044
  113 	 0.000030 	 0.000036 	 0.000046
  114 	 0.000031 	 0.000036 	 0.000043
  115 	 0.000031 	 0.000036 	 0.000043
  116 	 0.000031 	 0.000036 	 0.000043
  117 	 0.000032 	 0.000036 	 0.000042
  118 	 0.000031 	 0.000036 	 0.000043
  119 	 0.000031 	 0.000036 	 0.000044
  120 	 0.000031 	 0.000036 	 0.000043
  121 	 0.000032 	 0.000036 	 0.000043
  122 	 0.000031 	 0.000036 	 0.000042
  123 	 0.000031 	 0.000036 	 0.000043
  124 	 0.000030 	 0.000036 	 0.000043
  125 	 0.000032 	 0.000036 	 0.000043
  126 	 0.000030 	 0.000036 	 0.000043
  127 	 0.000031 	 0.000036 	 0.000042
  128 	 0.000031 	 0.000036 	 0.000045
  129 	 0.000030 	 0.000036 	 0.000048
  130 	 0.000031 	 0.000036 	 0.000047
  131 	 0.000031 	 0.000036 	 0.000048
  132 	 0.000031 	 0.000036 	 0.000048
  133 	 0.000031 	 0.000036 	 0.000047
  134 	 0.000031 	 0.000036 	 0.000042
  135 	 0.000031 	 0.000036 	 0.000043
  136 	 0.000031 	 0.000036 	 0.000042
  137 	 0.000031 	 0.000036 	 0.000043
  138 	 0.000032 	 0.000036 	 0.000041
  139 	 0.000031 	 0.000036 	 0.000043
  140 	 0.000031 	 0.000036 	 0.000042
  141 	 0.000031 	 0.000036 	 0.000042
  142 	 0.000032 	 0.000036 	 0.000043
  143 	 0.000031 	 0.000036 	 0.000043
  144 	 0.000032 	 0.000036 	 0.000042
  145 	 0.000032 	 0.000036 	 0.000044
  146 	 0.000031 	 0.000036 	 0.000044
  147 	 0.000030 	 0.000036 	 0.000045
  148 	 0.000031 	 0.000036 	 0.000047
  149 	 0.000031 	 0.000036 	 0.000045
  150 	 0.000031 	 0.000036 	 0.000043
  151 	 0.000031 	 0.000036 	 0.000043
  152 	 0.000031 	 0.000037 	 0.000045
  153 	 0.000030 	 0.000036 	 0.000044
  154 	 0.000030 	 0.000036 	 0.000043
  155 	 0.000031 	 0.000037 	 0.000045
  156 	 0.000030 	 0.000037 	 0.000042
  157 	 0.000031 	 0.000037 	 0.000043
  158 	 0.000032 	 0.000037 	 0.000043
  159 	 0.000032 	 0.000037 	 0.000044
  160 	 0.000031 	 0.000037 	 0.000043
  161 	 0.000030 	 0.000037 	 0.000045
  162 	 0.000029 	 0.000037 	 0.000045
  163 	 0.000031 	 0.000037 	 0.000043
  164 	 0.000031 	 0.000037 	 0.000045
  165 	 0.000031 	 0.000037 	 0.000042
  166 	 0.000031 	 0.000037 	 0.000041
  167 	 0.000030 	 0.000036 	 0.000043
  168 	 0.000031 	 0.000036 	 0.000043
  169 	 0.000031 	 0.000036 	 0.000043
  170 	 0.000030 	 0.000036 	 0.000043
  171 	 0.000031 	 0.000036 	 0.000042
  172 	 0.000031 	 0.000036 	 0.000042
  173 	 0.000030 	 0.000036 	 0.000043
  174 	 0.000031 	 0.000036 	 0.000041
  175 	 0.000031 	 0.000036 	 0.000042
  176 	 0.000032 	 0.000036 	 0.000042
  177 	 0.000031 	 0.000036 	 0.000043
  178 	 0.000031 	 0.000036 	 0.000042
  179 	 0.000031 	 0.000036 	 0.000043
  180 	 0.000031 	 0.000036 	 0.000044
  181 	 0.000030 	 0.000036 	 0.000045
  182 	 0.000031 	 0.000036 	 0.000043
  183 	 0.000030 	 0.000036 	 0.000043
  184 	 0.000030 	 0.000036 	 0.000042
  185 	 0.000031 	 0.000036 	 0.000044
  186 	 0.000030 	 0.000037 	 0.000043
  187 	 0.000032 	 0.000036 	 0.000043
  188 	 0.000032 	 0.000036 	 0.000043
  189 	 0.000031 	 0.000036 	 0.000043
  190 	 0.000031 	 0.000036 	 0.000042
  191 	 0.000031 	 0.000036 	 0.000041
  192 	 0.000031 	 0.000036 	 0.000044
  193 	 0.000032 	 0.000036 	 0.000045
  194 	 0.000031 	 0.000036 	 0.000043
  195 	 0.000031 	 0.000036 	 0.000043
  196 	 0.000030 	 0.000036 	 0.000045
  197 	 0.000030 	 0.000036 	 0.000043
  198 	 0.000031 	 0.000036 	 0.000044
  199 	 0.000031 	 0.000036 	 0.000042
  200 	 0.000031 	 0.000036 	 0.000042
  201 	 0.000031 	 0.000036 	 0.000042
  202 	 0.000030 	 0.000036 	 0.000043
  203 	 0.000031 	 0.000036 	 0.000043
  204 	 0.000031 	 0.000036 	 0.000043
  205 	 0.000032 	 0.000036 	 0.000043
  206 	 0.000032 	 0.000036 	 0.000045
  207 	 0.000032 	 0.000036 	 0.000043
  208 	 0.000031 	 0.000036 	 0.000044
  209 	 0.000031 	 0.000036 	 0.000043
  210 	 0.000031 	 0.000036 	 0.000044
  211 	 0.000032 	 0.000037 	 0.000044
  212 	 0.000031 	 0.000036 	 0.000042
  213 	 0.000031 	 0.000036 	 0.000043
  214 	 0.000031 	 0.000036 	 0.000043
  215 	 0.000031 	 0.000036 	 0.000046
  216 	 0.000031 	 0.000036 	 0.000042
  217 	 0.000030 	 0.000036 	 0.000043
  218 	 0.000030 	 0.000036 	 0.000045
  219 	 0.000030 	 0.000036 	 0.000042
  220 	 0.000031 	 0.000036 	 0.000043
  221 	 0.000031 	 0.000036 	 0.000044
  222 	 0.000031 	 0.000036 	 0.000044
  223 	 0.000030 	 0.000036 	 0.000043
  224 	 0.000032 	 0.000036 	 0.000042
  225 	 0.000030 	 0.000036 	 0.000044
  226 	 0.000031 	 0.000036 	 0.000045
  227 	 0.000031 	 0.000036 	 0.000044
  228 	 0.000031 	 0.000036 	 0.000044
  229 	 0.000031 	 0.000036 	 0.000045
  230 	 0.000030 	 0.000036 	 0.000043
  231 	 0.000030 	 0.000036 	 0.000044
  232 	 0.000030 	 0.000036 	 0.000045
  233 	 0.000031 	 0.000036 	 0.000046
  234 	 0.000031 	 0.000036 	 0.000046
  235 	 0.000030 	 0.000036 	 0.000044
  236 	 0.000030 	 0.000036 	 0.000044
  237 	 0.000030 	 0.000036 	 0.000047
  238 	 0.000031 	 0.000036 	 0.000042
  239 	 0.000031 	 0.000037 	 0.000045
  240 	 0.000031 	 0.000036 	 0.000044
  241 	 0.000032 	 0.000036 	 0.000043
  242 	 0.000031 	 0.000036 	 0.000042
  243 	 0.000031 	 0.000036 	 0.000043
  244 	 0.000031 	 0.000036 	 0.000041
  245 	 0.000031 	 0.000036 	 0.000042
  246 	 0.000030 	 0.000036 	 0.000045
  247 	 0.000030 	 0.000036 	 0.000046
  248 	 0.000031 	 0.000036 	 0.000046
  249 	 0.000029 	 0.000036 	 0.000047
  250 	 0.000031 	 0.000036 	 0.000044
  251 	 0.000031 	 0.000036 	 0.000043
  252 	 0.000030 	 0.000036 	 0.000045
  253 	 0.000031 	 0.000036 	 0.000045
  254 	 0.000031 	 0.000036 	 0.000044
  255 	 0.000031 	 0.000036 	 0.000045
  256 	 0.000031 	 0.000036 	 0.000043
  257 	 0.000031 	 0.000036 	 0.000043
  258 	 0.000031 	 0.000036 	 0.000043
  259 	 0.000031 	 0.000036 	 0.000046
  260 	 0.000032 	 0.000036 	 0.000045
  261 	 0.000031 	 0.000036 	 0.000046
  262 	 0.000030 	 0.000036 	 0.000042
  263 	 0.000030 	 0.000036 	 0.000044
  264 	 0.000030 	 0.000036 	 0.000043
  265 	 0.000030 	 0.000036 	 0.000042
  266 	 0.000031 	 0.000036 	 0.000044
  267 	 0.000030 	 0.000035 	 0.000042
  268 	 0.000031 	 0.000036 	 0.000042
  269 	 0.000030 	 0.000035 	 0.000043
  270 	 0.000031 	 0.000036 	 0.000043
  271 	 0.000031 	 0.000036 	 0.000042
  272 	 0.000030 	 0.000036 	 0.000044
  273 	 0.000030 	 0.000036 	 0.000042
  274 	 0.000031 	 0.000036 	 0.000043
  275 	 0.000031 	 0.000036 	 0.000043
  276 	 0.000031 	 0.000036 	 0.000042
  277 	 0.000031 	 0.000035 	 0.000043
  278 	 0.000030 	 0.000035 	 0.000044
  279 	 0.000031 	 0.000036 	 0.000047
  280 	 0.000031 	 0.000036 	 0.000044
  281 	 0.000031 	 0.000036 	 0.000044
  282 	 0.000030 	 0.000036 	 0.000045
  283 	 0.000031 	 0.000036 	 0.000044
  284 	 0.000030 	 0.000036 	 0.000043
  285 	 0.000032 	 0.000037 	 0.000045
  286 	 0.000030 	 0.000037 	 0.000045
  287 	 0.000031 	 0.000037 	 0.000044
  288 	 0.000031 	 0.000037 	 0.000046
  289 	 0.000030 	 0.000037 	 0.000043
  290 	 0.000031 	 0.000037 	 0.000045
  291 	 0.000031 	 0.000037 	 0.000044
  292 	 0.000031 	 0.000036 	 0.000043
  293 	 0.000030 	 0.000036 	 0.000043
  294 	 0.000032 	 0.000036 	 0.000046
  295 	 0.000031 	 0.000036 	 0.000043
  296 	 0.000031 	 0.000036 	 0.000045
  297 	 0.000031 	 0.000036 	 0.000043
  298 	 0.000031 	 0.000036 	 0.000043
  299 	 0.000031 	 0.000036 	 0.000044
  300 	 0.000031 	 0.000036 	 0.000042
  301 	 0.000031 	 0.000036 	 0.000042
  302 	 0.000030 	 0.000036 	 0.000046
  303 	 0.000031 	 0.000036 	 0.000043
  304 	 0.000030 	 0.000036 	 0.000047
  305 	 0.000030 	 0.000036 	 0.000044
  306 	 0.000030 	 0.000036 	 0.000043
  307 	 0.000031 	 0.000036 	 0.000043
  308 	 0.000031 	 0.000036 	 0.000043
  309 	 0.000031 	 0.000036 	 0.000042
  310 	 0.000032 	 0.000036 	 0.000044
  311 	 0.000031 	 0.000036 	 0.000045
  312 	 0.000031 	 0.000036 	 0.000046
  313 	 0.000030 	 0.000036 	 0.000045
  314 	 0.000031 	 0.000036 	 0.000047
  315 	 0.000032 	 0.000036 	 0.000046
  316 	 0.000031 	 0.000036 	 0.000043
  317 	 0.000030 	 0.000036 	 0.000044
  318 	 0.000030 	 0.000036 	 0.000043
  319 	 0.000030 	 0.000035 	 0.000041
  320 	 0.000031 	 0.000036 	 0.000042
  321 	 0.000031 	 0.000036 	 0.000042
  322 	 0.000030 	 0.000036 	 0.000044
  323 	 0.000031 	 0.000036 	 0.000042
  324 	 0.000031 	 0.000036 	 0.000043
  325 	 0.000030 	 0.000036 	 0.000043
  326 	 0.000030 	 0.000036 	 0.000043
  327 	 0.000032 	 0.000036 	 0.000042
  328 	 0.000031 	 0.000036 	 0.000043
  329 	 0.000032 	 0.000036 	 0.000043
  330 	 0.000031 	 0.000036 	 0.000043
  331 	 0.000031 	 0.000036 	 0.000042
  332 	 0.000031 	 0.000036 	 0.000043
  333 	 0.000031 	 0.000036 	 0.000041
  334 	 0.000031 	 0.000036 	 0.000042
  335 	 0.000031 	 0.000036 	 0.000042
  336 	 0.000031 	 0.000036 	 0.000043
  337 	 0.000030 	 0.000036 	 0.000043
  338 	 0.000031 	 0.000036 	 0.000042
  339 	 0.000032 	 0.000036 	 0.000043
  340 	 0.000031 	 0.000036 	 0.000045
  341 	 0.000030 	 0.000036 	 0.000043
  342 	 0.000029 	 0.000036 	 0.000044
  343 	 0.000032 	 0.000036 	 0.000045
  344 	 0.000032 	 0.000036 	 0.000041
  345 	 0.000031 	 0.000036 	 0.000043
  346 	 0.000030 	 0.000036 	 0.000042
  347 	 0.000031 	 0.000036 	 0.000042
  348 	 0.000031 	 0.000036 	 0.000044
  349 	 0.000031 	 0.000036 	 0.000044
  350 	 0.000031 	 0.000036 	 0.000044
  351 	 0.000031 	 0.000036 	 0.000044
  352 	 0.000031 	 0.000036 	 0.000045
  353 	 0.000031 	 0.000036 	 0.000045
  354 	 0.000031 	 0.000037 	 0.000046
  355 	 0.000031 	 0.000036 	 0.000044
  356 	 0.000031 	 0.000036 	 0.000046
  357 	 0.000031 	 0.000036 	 0.000045
  358 	 0.000031 	 0.000036 	 0.000042
  359 	 0.000032 	 0.000036 	 0.000044
  360 	 0.000032 	 0.000036 	 0.000043
  361 	 0.000031 	 0.000036 	 0.000044
  362 	 0.000030 	 0.000036 	 0.000044
  363 	 0.000031 	 0.000036 	 0.000045
  364 	 0.000031 	 0.000036 	 0.000046
  365 	 0.000031 	 0.000036 	 0.000049
  366 	 0.000031 	 0.000036 	 0.000048
  367 	 0.000030 	 0.000036 	 0.000043
  368 	 0.000031 	 0.000036 	 0.000045
  369 	 0.000031 	 0.000036 	 0.000043
  370 	 0.000031 	 0.000036 	 0.000043
  371 	 0.000031 	 0.000036 	 0.000041
  372 	 0.000032 	 0.000036 	 0.000042
  373 	 0.000031 	 0.000036 	 0.000043
  374 	 0.000032 	 0.000036 	 0.000043
  375 	 0.000031 	 0.000037 	 0.000043
  376 	 0.000031 	 0.000036 	 0.000046
  377 	 0.000031 	 0.000036 	 0.000045
  378 	 0.000031 	 0.000036 	 0.000046
  379 	 0.000031 	 0.000036 	 0.000048
  380 	 0.000030 	 0.000037 	 0.000045
  381 	 0.000031 	 0.000037 	 0.000047
  382 	 0.000031 	 0.000037 	 0.000049
  383 	 0.000030 	 0.000037 	 0.000048
  384 	 0.000032 	 0.000037 	 0.000048
  385 	 0.000031 	 0.000037 	 0.000048
  386 	 0.000031 	 0.000037 	 0.000043
  387 	 0.000031 	 0.000037 	 0.000045
  388 	 0.000031 	 0.000037 	 0.000046
  389 	 0.000031 	 0.000037 	 0.000045
  390 	 0.000031 	 0.000037 	 0.000047
  391 	 0.000031 	 0.000037 	 0.000044
  392 	 0.000031 	 0.000037 	 0.000048
  393 	 0.000031 	 0.000037 	 0.000045
  394 	 0.000032 	 0.000037 	 0.000043
  395 	 0.000031 	 0.000036 	 0.000043
  396 	 0.000031 	 0.000037 	 0.000043
  397 	 0.000031 	 0.000037 	 0.000042
  398 	 0.000032 	 0.000037 	 0.000042
  399 	 0.000030 	 0.000037 	 0.000044
  400 	 0.000031 	 0.000036 	 0.000042
  401 	 0.000031 	 0.000036 	 0.000042
  402 	 0.000031 	 0.000036 	 0.000042
  403 	 0.000031 	 0.000036 	 0.000042
  404 	 0.000032 	 0.000036 	 0.000042
  405 	 0.000031 	 0.000036 	 0.000044
  406 	 0.000031 	 0.000036 	 0.000044
  407 	 0.000031 	 0.000036 	 0.000045
  408 	 0.000030 	 0.000036 	 0.000045
  409 	 0.000031 	 0.000036 	 0.000045
  410 	 0.000031 	 0.000036 	 0.000044
  411 	 0.000031 	 0.000036 	 0.000043
  412 	 0.000031 	 0.000036 	 0.000042
  413 	 0.000029 	 0.000036 	 0.000041
  414 	 0.000031 	 0.000036 	 0.000046
  415 	 0.000030 	 0.000036 	 0.000043
  416 	 0.000031 	 0.000036 	 0.000043
  417 	 0.000031 	 0.000036 	 0.000043
  418 	 0.000030 	 0.000036 	 0.000043
  419 	 0.000031 	 0.000036 	 0.000043
  420 	 0.000031 	 0.000036 	 0.000045
  421 	 0.000031 	 0.000036 	 0.000045
  422 	 0.000032 	 0.000036 	 0.000044
  423 	 0.000032 	 0.000037 	 0.000043
  424 	 0.000031 	 0.000037 	 0.000045
  425 	 0.000031 	 0.000037 	 0.000045
  426 	 0.000032 	 0.000037 	 0.000046
  427 	 0.000030 	 0.000036 	 0.000045
  428 	 0.000030 	 0.000037 	 0.000044
  429 	 0.000029 	 0.000037 	 0.000045
  430 	 0.000030 	 0.000036 	 0.000044
  431 	 0.000030 	 0.000036 	 0.000043
  432 	 0.000032 	 0.000037 	 0.000044
  433 	 0.000032 	 0.000037 	 0.000044
  434 	 0.000032 	 0.000037 	 0.000047
  435 	 0.000031 	 0.000037 	 0.000046
  436 	 0.000031 	 0.000036 	 0.000046
  437 	 0.000031 	 0.000036 	 0.000044
  438 	 0.000031 	 0.000037 	 0.000045
  439 	 0.000031 	 0.000037 	 0.000046
  440 	 0.000030 	 0.000037 	 0.000045
  441 	 0.000031 	 0.000037 	 0.000049
  442 	 0.000031 	 0.000037 	 0.000049
  443 	 0.000031 	 0.000037 	 0.000045
  444 	 0.000030 	 0.000037 	 0.000047
  445 	 0.000032 	 0.000037 	 0.000043
  446 	 0.000031 	 0.000037 	 0.000042
  447 	 0.000031 	 0.000037 	 0.000043
  448 	 0.000031 	 0.000036 	 0.000043
  449 	 0.000031 	 0.000037 	 0.000046
  450 	 0.000031 	 0.000037 	 0.000047
  451 	 0.000031 	 0.000036 	 0.000045
  452 	 0.000030 	 0.000036 	 0.000042
  453 	 0.000031 	 0.000037 	 0.000043
  454 	 0.000031 	 0.000037 	 0.000043
  455 	 0.000032 	 0.000037 	 0.000043
  456 	 0.000032 	 0.000037 	 0.000045
  457 	 0.000032 	 0.000037 	 0.000044
  458 	 0.000032 	 0.000037 	 0.000043
  459 	 0.000031 	 0.000037 	 0.000045
  460 	 0.000031 	 0.000037 	 0.000045
  461 	 0.000031 	 0.000037 	 0.000045
  462 	 0.000031 	 0.000037 	 0.000045
  463 	 0.000031 	 0.000037 	 0.000045
  464 	 0.000030 	 0.000037 	 0.000045
  465 	 0.000031 	 0.000037 	 0.000045
  466 	 0.000031 	 0.000037 	 0.000044
  467 	 0.000031 	 0.000037 	 0.000047
  468 	 0.000031 	 0.000037 	 0.000046
  469 	 0.000032 	 0.000038 	 0.000046
  470 	 0.000033 	 0.000037 	 0.000044
  471 	 0.000032 	 0.000037 	 0.000044
  472 	 0.000032 	 0.000037 	 0.000044
  473 	 0.000031 	 0.000037 	 0.000044
  474 	 0.000032 	 0.000037 	 0.000044
  475 	 0.000031 	 0.000037 	 0.000046
  476 	 0.000031 	 0.000037 	 0.000044
  477 	 0.000032 	 0.000037 	 0.000044
  478 	 0.000032 	 0.000037 	 0.000045
  479 	 0.000032 	 0.000037 	 0.000045
  480 	 0.000031 	 0.000037 	 0.000043
  481 	 0.000032 	 0.000037 	 0.000044
  482 	 0.000031 	 0.000037 	 0.000045
  483 	 0.000031 	 0.000037 	 0.000042
  484 	 0.000031 	 0.000036 	 0.000043
  485 	 0.000030 	 0.000036 	 0.000044
  486 	 0.000031 	 0.000036 	 0.000044
  487 	 0.000031 	 0.000036 	 0.000045
  488 	 0.000031 	 0.000036 	 0.000043
  489 	 0.000032 	 0.000036 	 0.000045
  490 	 0.000032 	 0.000036 	 0.000044
  491 	 0.000030 	 0.000036 	 0.000045
  492 	 0.000031 	 0.000037 	 0.000046
  493 	 0.000032 	 0.000036 	 0.000046
  494 	 0.000031 	 0.000036 	 0.000046
  495 	 0.000031 	 0.000036 	 0.000046
  496 	 0.000031 	 0.000036 	 0.000045
  497 	 0.000031 	 0.000036 	 0.000045
  498 	 0.000031 	 0.000036 	 0.000047
  499 	 0.000032 	 0.000037 	 0.000048
 