   0 	 0.000030 	 0.000034 	 0.000040
    1 	 0.000030 	 0.000034 	 0.000041
    2 	 0.000030 	 0.000034 	 0.000041
    3 	 0.000030 	 0.000035 	 0.000043
    4 	 0.000029 	 0.000035 	 0.000041
    5 	 0.000030 	 0.000035 	 0.000042
    6 	 0.000030 	 0.000035 	 0.000042
    7 	 0.000031 	 0.000035 	 0.000042
    8 	 0.000031 	 0.000035 	 0.000042
    9 	 0.000030 	 0.000035 	 0.000042
   10 	 0.000030 	 0.000035 	 0.000042
   11 	 0.000031 	 0.000036 	 0.000043
   12 	 0.000031 	 0.000035 	 0.000044
   13 	 0.000030 	 0.000036 	 0.000043
   14 	 0.000030 	 0.000036 	 0.000042
   15 	 0.000031 	 0.000036 	 0.000042
   16 	 0.000031 	 0.000036 	 0.000044
   17 	 0.000031 	 0.000036 	 0.000043
   18 	 0.000031 	 0.000036 	 0.000047
   19 	 0.000030 	 0.000036 	 0.000047
   20 	 0.000031 	 0.000036 	 0.000045
   21 	 0.000031 	 0.000036 	 0.000044
   22 	 0.000030 	 0.000036 	 0.000046
   23 	 0.000031 	 0.000036 	 0.000043
   24 	 0.000031 	 0.000036 	 0.000043
   25 	 0.000030 	 0.000036 	 0.000043
   26 	 0.000031 	 0.000036 	 0.000043
   27 	 0.000031 	 0.000036 	 0.000042
   28 	 0.000031 	 0.000036 	 0.000044
   29 	 0.000030 	 0.000036 	 0.000048
   30 	 0.000030 	 0.000037 	 0.000048
   31 	 0.000032 	 0.000037 	 0.000046
   32 	 0.000032 	 0.000037 	 0.000050
   33 	 0.000031 	 0.000036 	 0.000044
   34 	 0.000030 	 0.000036 	 0.000045
   35 	 0.000030 	 0.000036 	 0.000044
   36 	 0.000031 	 0.000036 	 0.000044
   37 	 0.000031 	 0.000037 	 0.000044
   38 	 0.000031 	 0.000036 	 0.000045
   39 	 0.000031 	 0.000036 	 0.000045
   40 	 0.000031 	 0.000036 	 0.000047
   41 	 0.000030 	 0.000036 	 0.000043
   42 	 0.000030 	 0.000036 	 0.000045
   43 	 0.000031 	 0.000037 	 0.000044
   44 	 0.000031 	 0.000036 	 0.000044
   45 	 0.000031 	 0.000037 	 0.000045
   46 	 0.000032 	 0.000037 	 0.000043
   47 	 0.000032 	 0.000036 	 0.000042
   48 	 0.000030 	 0.000036 	 0.000043
   49 	 0.000031 	 0.000036 	 0.000043
   50 	 0.000032 	 0.000036 	 0.000042
   51 	 0.000031 	 0.000036 	 0.000042
   52 	 0.000031 	 0.000036 	 0.000043
   53 	 0.000032 	 0.000036 	 0.000043
   54 	 0.000031 	 0.000036 	 0.000045
   55 	 0.000030 	 0.000036 	 0.000044
   56 	 0.000030 	 0.000036 	 0.000045
   57 	 0.000032 	 0.000036 	 0.000043
   58 	 0.000031 	 0.000036 	 0.000043
   59 	 0.000031 	 0.000036 	 0.000044
   60 	 0.000032 	 0.000037 	 0.000044
   61 	 0.000031 	 0.000036 	 0.000044
   62 	 0.000032 	 0.000036 	 0.000044
   63 	 0.000031 	 0.000036 	 0.000044
   64 	 0.000031 	 0.000036 	 0.000044
   65 	 0.000031 	 0.000036 	 0.000044
   66 	 0.000031 	 0.000036 	 0.000043
   67 	 0.000030 	 0.000036 	 0.000044
   68 	 0.000030 	 0.000036 	 0.000045
   69 	 0.000031 	 0.000036 	 0.000044
   70 	 0.000031 	 0.000036 	 0.000044
   71 	 0.000031 	 0.000036 	 0.000045
   72 	 0.000031 	 0.000036 	 0.000043
   73 	 0.000031 	 0.000036 	 0.000045
   74 	 0.000031 	 0.000036 	 0.000043
   75 	 0.000030 	 0.000036 	 0.000042
   76 	 0.000031 	 0.000036 	 0.000044
   77 	 0.000031 	 0.000036 	 0.000043
   78 	 0.000031 	 0.000036 	 0.000041
   79 	 0.000031 	 0.000036 	 0.000044
   80 	 0.000031 	 0.000036 	 0.000042
   81 	 0.000030 	 0.000037 	 0.000043
   82 	 0.000032 	 0.000036 	 0.000044
   83 	 0.000031 	 0.000036 	 0.000045
   84 	 0.000031 	 0.000036 	 0.000044
   85 	 0.000031 	 0.000036 	 0.000044
   86 	 0.000031 	 0.000037 	 0.000043
   87 	 0.000030 	 0.000036 	 0.000043
   88 	 0.000031 	 0.000036 	 0.000043
   89 	 0.000032 	 0.000036 	 0.000045
   90 	 0.000031 	 0.000036 	 0.000043
   91 	 0.000031 	 0.000036 	 0.000042
   92 	 0.000032 	 0.000036 	 0.000042
   93 	 0.000030 	 0.000036 	 0.000045
   94 	 0.000032 	 0.000036 	 0.000044
   95 	 0.000031 	 0.000036 	 0.000045
   96 	 0.000031 	 0.000036 	 0.000043
   97 	 0.000029 	 0.000036 	 0.000042
   98 	 0.000030 	 0.000036 	 0.000043
   99 	 0.000029 	 0.000036 	 0.000043
  100 	 0.000030 	 0.000036 	 0.000042
  101 	 0.000030 	 0.000036 	 0.000044
  102 	 0.000031 	 0.000036 	 0.000044
  103 	 0.000030 	 0.000036 	 0.000042
  104 	 0.000031 	 0.000036 	 0.000044
  105 	 0.000030 	 0.000036 	 0.000043
  106 	 0.000030 	 0.000036 	 0.000045
  107 	 0.000031 	 0.000036 	 0.000044
  108 	 0.000031 	 0.000036 	 0.000044
  109 	 0.000030 	 0.000036 	 0.000042
  110 	 0.000031 	 0.000036 	 0.000041
  111 	 0.000031 	 0.000036 	 0.000041
  112 	 0.000031 	 0.000036 	 0.000043
  113 	 0.000031 	 0.000036 	 0.000042
  114 	 0.000031 	 0.000036 	 0.000041
  115 	 0.000031 	 0.000036 	 0.000043
  116 	 0.000030 	 0.000035 	 0.000042
  117 	 0.000032 	 0.000035 	 0.000042
  118 	 0.000030 	 0.000035 	 0.000043
  119 	 0.000030 	 0.000035 	 0.000043
  120 	 0.000030 	 0.000036 	 0.000043
  121 	 0.000031 	 0.000036 	 0.000044
  122 	 0.000030 	 0.000036 	 0.000042
  123 	 0.000030 	 0.000036 	 0.000042
  124 	 0.000030 	 0.000036 	 0.000041
  125 	 0.000031 	 0.000036 	 0.000043
  126 	 0.000030 	 0.000036 	 0.000042
  127 	 0.000031 	 0.000036 	 0.000042
  128 	 0.000031 	 0.000036 	 0.000046
  129 	 0.000031 	 0.000036 	 0.000042
  130 	 0.000031 	 0.000036 	 0.000043
  131 	 0.000031 	 0.000036 	 0.000042
  132 	 0.000031 	 0.000036 	 0.000045
  133 	 0.000031 	 0.000036 	 0.000045
  134 	 0.000031 	 0.000036 	 0.000045
  135 	 0.000030 	 0.000036 	 0.000044
  136 	 0.000030 	 0.000036 	 0.000044
  137 	 0.000030 	 0.000036 	 0.000044
  138 	 0.000030 	 0.000036 	 0.000045
  139 	 0.000030 	 0.000036 	 0.000047
  140 	 0.000030 	 0.000036 	 0.000042
  141 	 0.000031 	 0.000036 	 0.000045
  142 	 0.000031 	 0.000036 	 0.000044
  143 	 0.000032 	 0.000036 	 0.000046
  144 	 0.000031 	 0.000036 	 0.000046
  145 	 0.000030 	 0.000036 	 0.000044
  146 	 0.000030 	 0.000037 	 0.000044
  147 	 0.000031 	 0.000036 	 0.000045
  148 	 0.000032 	 0.000036 	 0.000044
  149 	 0.000031 	 0.000036 	 0.000044
  150 	 0.000030 	 0.000036 	 0.000043
  151 	 0.000031 	 0.000036 	 0.000043
  152 	 0.000030 	 0.000036 	 0.000044
  153 	 0.000031 	 0.000036 	 0.000043
  154 	 0.000031 	 0.000036 	 0.000044
  155 	 0.000031 	 0.000036 	 0.000043
  156 	 0.000031 	 0.000036 	 0.000043
  157 	 0.000030 	 0.000036 	 0.000042
  158 	 0.000030 	 0.000036 	 0.000043
  159 	 0.000030 	 0.000036 	 0.000042
  160 	 0.000030 	 0.000036 	 0.000043
  161 	 0.000030 	 0.000036 	 0.000043
  162 	 0.000030 	 0.000036 	 0.000043
  163 	 0.000030 	 0.000036 	 0.000044
  164 	 0.000029 	 0.000037 	 0.000044
  165 	 0.000031 	 0.000036 	 0.000046
  166 	 0.000030 	 0.000036 	 0.000044
  167 	 0.000030 	 0.000036 	 0.000042
  168 	 0.000031 	 0.000036 	 0.000042
  169 	 0.000031 	 0.000036 	 0.000043
  170 	 0.000031 	 0.000036 	 0.000043
  171 	 0.000031 	 0.000036 	 0.000044
  172 	 0.000030 	 0.000036 	 0.000043
  173 	 0.000031 	 0.000037 	 0.000044
  174 	 0.000031 	 0.000037 	 0.000045
  175 	 0.000031 	 0.000037 	 0.000046
  176 	 0.000031 	 0.000036 	 0.000042
  177 	 0.000030 	 0.000036 	 0.000046
  178 	 0.000031 	 0.000036 	 0.000048
  179 	 0.000031 	 0.000036 	 0.000043
  180 	 0.000031 	 0.000036 	 0.000044
  181 	 0.000031 	 0.000036 	 0.000045
  182 	 0.000032 	 0.000036 	 0.000043
  183 	 0.000031 	 0.000036 	 0.000044
  184 	 0.000031 	 0.000036 	 0.000043
  185 	 0.000030 	 0.000036 	 0.000042
  186 	 0.000031 	 0.000036 	 0.000043
  187 	 0.000031 	 0.000036 	 0.000043
  188 	 0.000031 	 0.000036 	 0.000045
  189 	 0.000031 	 0.000036 	 0.000045
  190 	 0.000031 	 0.000036 	 0.000044
  191 	 0.000030 	 0.000036 	 0.000043
  192 	 0.000031 	 0.000036 	 0.000043
  193 	 0.000030 	 0.000036 	 0.000043
  194 	 0.000030 	 0.000036 	 0.000046
  195 	 0.000030 	 0.000036 	 0.000045
  196 	 0.000030 	 0.000036 	 0.000042
  197 	 0.000029 	 0.000036 	 0.000042
  198 	 0.000030 	 0.000035 	 0.000041
  199 	 0.000030 	 0.000036 	 0.000043
  200 	 0.000031 	 0.000036 	 0.000045
  201 	 0.000031 	 0.000036 	 0.000043
  202 	 0.000031 	 0.000036 	 0.000044
  203 	 0.000031 	 0.000036 	 0.000042
  204 	 0.000031 	 0.000036 	 0.000044
  205 	 0.000031 	 0.000036 	 0.000042
  206 	 0.000031 	 0.000036 	 0.000042
  207 	 0.000031 	 0.000036 	 0.000043
  208 	 0.000030 	 0.000036 	 0.000044
  209 	 0.000031 	 0.000036 	 0.000043
  210 	 0.000032 	 0.000036 	 0.000045
  211 	 0.000031 	 0.000036 	 0.000044
  212 	 0.000032 	 0.000036 	 0.000043
  213 	 0.000031 	 0.000036 	 0.000043
  214 	 0.000031 	 0.000036 	 0.000041
  215 	 0.000031 	 0.000036 	 0.000043
  216 	 0.000031 	 0.000036 	 0.000046
  217 	 0.000030 	 0.000036 	 0.000045
  218 	 0.000030 	 0.000036 	 0.000042
  219 	 0.000031 	 0.000036 	 0.000043
  220 	 0.000030 	 0.000036 	 0.000042
  221 	 0.000031 	 0.000036 	 0.000042
  222 	 0.000030 	 0.000036 	 0.000043
  223 	 0.000030 	 0.000036 	 0.000042
  224 	 0.000031 	 0.000036 	 0.000044
  225 	 0.000031 	 0.000036 	 0.000042
  226 	 0.000031 	 0.000036 	 0.000042
  227 	 0.000030 	 0.000036 	 0.000042
  228 	 0.000029 	 0.000036 	 0.000043
  229 	 0.000031 	 0.000036 	 0.000047
  230 	 0.000031 	 0.000036 	 0.000044
  231 	 0.000030 	 0.000036 	 0.000044
  232 	 0.000030 	 0.000036 	 0.000044
  233 	 0.000031 	 0.000036 	 0.000043
  234 	 0.000031 	 0.000036 	 0.000043
  235 	 0.000030 	 0.000036 	 0.000046
  236 	 0.000031 	 0.000036 	 0.000043
  237 	 0.000032 	 0.000036 	 0.000043
  238 	 0.000031 	 0.000036 	 0.000041
  239 	 0.000031 	 0.000036 	 0.000043
  240 	 0.000030 	 0.000036 	 0.000042
  241 	 0.000031 	 0.000036 	 0.000043
  242 	 0.000029 	 0.000036 	 0.000044
  243 	 0.000031 	 0.000036 	 0.000045
  244 	 0.000031 	 0.000036 	 0.000044
  245 	 0.000031 	 0.000036 	 0.000047
  246 	 0.000031 	 0.000036 	 0.000046
  247 	 0.000031 	 0.000036 	 0.000044
  248 	 0.000031 	 0.000036 	 0.000043
  249 	 0.000031 	 0.000036 	 0.000044
  250 	 0.000031 	 0.000036 	 0.000041
  251 	 0.000030 	 0.000036 	 0.000041
  252 	 0.000030 	 0.000036 	 0.000042
  253 	 0.000030 	 0.000035 	 0.000041
  254 	 0.000031 	 0.000036 	 0.000044
  255 	 0.000030 	 0.000036 	 0.000044
  256 	 0.000030 	 0.000036 	 0.000044
  257 	 0.000030 	 0.000036 	 0.000044
  258 	 0.000031 	 0.000036 	 0.000044
  259 	 0.000031 	 0.000036 	 0.000045
  260 	 0.000031 	 0.000036 	 0.000045
  261 	 0.000032 	 0.000036 	 0.000045
  262 	 0.000029 	 0.000036 	 0.000044
  263 	 0.000031 	 0.000036 	 0.000045
  264 	 0.000031 	 0.000036 	 0.000045
  265 	 0.000031 	 0.000036 	 0.000044
  266 	 0.000030 	 0.000035 	 0.000042
  267 	 0.000030 	 0.000035 	 0.000042
  268 	 0.000030 	 0.000035 	 0.000042
  269 	 0.000031 	 0.000036 	 0.000041
  270 	 0.000031 	 0.000036 	 0.000041
  271 	 0.000031 	 0.000036 	 0.000042
  272 	 0.000032 	 0.000036 	 0.000041
  273 	 0.000031 	 0.000036 	 0.000044
  274 	 0.000031 	 0.000036 	 0.000043
  275 	 0.000030 	 0.000036 	 0.000042
  276 	 0.000030 	 0.000036 	 0.000044
  277 	 0.000031 	 0.000036 	 0.000042
  278 	 0.000030 	 0.000036 	 0.000044
  279 	 0.000031 	 0.000036 	 0.000044
  280 	 0.000031 	 0.000036 	 0.000043
  281 	 0.000030 	 0.000036 	 0.000044
  282 	 0.000031 	 0.000036 	 0.000041
  283 	 0.000031 	 0.000036 	 0.000044
  284 	 0.000030 	 0.000036 	 0.000045
  285 	 0.000031 	 0.000036 	 0.000044
  286 	 0.000031 	 0.000036 	 0.000041
  287 	 0.000031 	 0.000036 	 0.000041
  288 	 0.000031 	 0.000036 	 0.000047
  289 	 0.000030 	 0.000036 	 0.000042
  290 	 0.000030 	 0.000036 	 0.000044
  291 	 0.000031 	 0.000036 	 0.000044
  292 	 0.000030 	 0.000036 	 0.000044
  293 	 0.000030 	 0.000036 	 0.000045
  294 	 0.000030 	 0.000036 	 0.000046
  295 	 0.000031 	 0.000036 	 0.000046
  296 	 0.000031 	 0.000036 	 0.000045
  297 	 0.000031 	 0.000037 	 0.000046
  298 	 0.000030 	 0.000036 	 0.000046
  299 	 0.000031 	 0.000037 	 0.000047
  300 	 0.000031 	 0.000037 	 0.000046
  301 	 0.000032 	 0.000037 	 0.000043
  302 	 0.000031 	 0.000037 	 0.000046
  303 	 0.000032 	 0.000037 	 0.000044
  304 	 0.000031 	 0.000037 	 0.000047
  305 	 0.000032 	 0.000036 	 0.000043
  306 	 0.000032 	 0.000036 	 0.000042
  307 	 0.000032 	 0.000036 	 0.000042
  308 	 0.000030 	 0.000036 	 0.000046
  309 	 0.000031 	 0.000036 	 0.000046
  310 	 0.000031 	 0.000036 	 0.000045
  311 	 0.000030 	 0.000036 	 0.000045
  312 	 0.000032 	 0.000037 	 0.000043
  313 	 0.000032 	 0.000036 	 0.000042
  314 	 0.000032 	 0.000036 	 0.000041
  315 	 0.000032 	 0.000036 	 0.000044
  316 	 0.000030 	 0.000036 	 0.000043
  317 	 0.000031 	 0.000037 	 0.000043
  318 	 0.000031 	 0.000037 	 0.000044
  319 	 0.000030 	 0.000037 	 0.000045
  320 	 0.000030 	 0.000036 	 0.000045
  321 	 0.000031 	 0.000036 	 0.000047
  322 	 0.000031 	 0.000036 	 0.000043
  323 	 0.000030 	 0.000036 	 0.000045
  324 	 0.000031 	 0.000036 	 0.000044
  325 	 0.000031 	 0.000036 	 0.000042
  326 	 0.000030 	 0.000036 	 0.000042
  327 	 0.000030 	 0.000036 	 0.000044
  328 	 0.000030 	 0.000036 	 0.000045
  329 	 0.000030 	 0.000036 	 0.000042
  330 	 0.000031 	 0.000036 	 0.000046
  331 	 0.000030 	 0.000036 	 0.000043
  332 	 0.000030 	 0.000036 	 0.000045
  333 	 0.000031 	 0.000036 	 0.000044
  334 	 0.000031 	 0.000037 	 0.000044
  335 	 0.000030 	 0.000037 	 0.000045
  336 	 0.000032 	 0.000037 	 0.000043
  337 	 0.000031 	 0.000036 	 0.000043
  338 	 0.000031 	 0.000036 	 0.000044
  339 	 0.000030 	 0.000036 	 0.000042
  340 	 0.000030 	 0.000036 	 0.000045
  341 	 0.000030 	 0.000036 	 0.000044
  342 	 0.000030 	 0.000037 	 0.000043
  343 	 0.000029 	 0.000036 	 0.000042
  344 	 0.000031 	 0.000036 	 0.000046
  345 	 0.000030 	 0.000036 	 0.000045
  346 	 0.000031 	 0.000036 	 0.000042
  347 	 0.000032 	 0.000036 	 0.000043
  348 	 0.000030 	 0.000036 	 0.000044
  349 	 0.000031 	 0.000036 	 0.000042
  350 	 0.000031 	 0.000036 	 0.000046
  351 	 0.000031 	 0.000036 	 0.000044
  352 	 0.000031 	 0.000036 	 0.000044
  353 	 0.000031 	 0.000036 	 0.000045
  354 	 0.000030 	 0.000036 	 0.000043
  355 	 0.000030 	 0.000036 	 0.000043
  356 	 0.000029 	 0.000037 	 0.000045
  357 	 0.000030 	 0.000036 	 0.000043
  358 	 0.000032 	 0.000037 	 0.000047
  359 	 0.000031 	 0.000036 	 0.000042
  360 	 0.000031 	 0.000036 	 0.000042
  361 	 0.000030 	 0.000037 	 0.000044
  362 	 0.000031 	 0.000036 	 0.000044
  363 	 0.000031 	 0.000036 	 0.000043
  364 	 0.000031 	 0.000036 	 0.000043
  365 	 0.000031 	 0.000036 	 0.000041
  366 	 0.000031 	 0.000036 	 0.000043
  367 	 0.000031 	 0.000036 	 0.000045
  368 	 0.000031 	 0.000037 	 0.000045
  369 	 0.000031 	 0.000036 	 0.000045
  370 	 0.000031 	 0.000036 	 0.000043
  371 	 0.000031 	 0.000037 	 0.000042
  372 	 0.000031 	 0.000036 	 0.000042
  373 	 0.000031 	 0.000036 	 0.000043
  374 	 0.000032 	 0.000036 	 0.000045
  375 	 0.000030 	 0.000036 	 0.000042
  376 	 0.000030 	 0.000036 	 0.000042
  377 	 0.000030 	 0.000036 	 0.000042
  378 	 0.000031 	 0.000036 	 0.000042
  379 	 0.000031 	 0.000036 	 0.000043
  380 	 0.000031 	 0.000036 	 0.000044
  381 	 0.000031 	 0.000036 	 0.000042
  382 	 0.000031 	 0.000036 	 0.000044
  383 	 0.000032 	 0.000036 	 0.000043
  384 	 0.000032 	 0.000036 	 0.000043
  385 	 0.000032 	 0.000036 	 0.000043
  386 	 0.000031 	 0.000037 	 0.000044
  387 	 0.000032 	 0.000036 	 0.000044
  388 	 0.000031 	 0.000036 	 0.000043
  389 	 0.000031 	 0.000036 	 0.000045
  390 	 0.000031 	 0.000036 	 0.000049
  391 	 0.000030 	 0.000036 	 0.000043
  392 	 0.000030 	 0.000036 	 0.000044
  393 	 0.000031 	 0.000036 	 0.000043
  394 	 0.000031 	 0.000037 	 0.000044
  395 	 0.000030 	 0.000037 	 0.000043
  396 	 0.000031 	 0.000037 	 0.000044
  397 	 0.000031 	 0.000037 	 0.000044
  398 	 0.000032 	 0.000037 	 0.000044
  399 	 0.000031 	 0.000037 	 0.000044
  400 	 0.000031 	 0.000037 	 0.000045
  401 	 0.000031 	 0.000036 	 0.000044
  402 	 0.000031 	 0.000036 	 0.000046
  403 	 0.000031 	 0.000037 	 0.000045
  404 	 0.000030 	 0.000037 	 0.000045
  405 	 0.000029 	 0.000037 	 0.000045
  406 	 0.000032 	 0.000036 	 0.000045
  407 	 0.000031 	 0.000037 	 0.000043
  408 	 0.000032 	 0.000037 	 0.000043
  409 	 0.000032 	 0.000037 	 0.000045
  410 	 0.000030 	 0.000037 	 0.000043
  411 	 0.000030 	 0.000037 	 0.000045
  412 	 0.000031 	 0.000037 	 0.000044
  413 	 0.000032 	 0.000037 	 0.000044
  414 	 0.000031 	 0.000037 	 0.000044
  415 	 0.000031 	 0.000037 	 0.000046
  416 	 0.000032 	 0.000037 	 0.000044
  417 	 0.000031 	 0.000037 	 0.000045
  418 	 0.000030 	 0.000037 	 0.000043
  419 	 0.000031 	 0.000037 	 0.000046
  420 	 0.000031 	 0.000037 	 0.000045
  421 	 0.000030 	 0.000037 	 0.000047
  422 	 0.000031 	 0.000037 	 0.000045
  423 	 0.000031 	 0.000036 	 0.000044
  424 	 0.000030 	 0.000036 	 0.000043
  425 	 0.000032 	 0.000037 	 0.000044
  426 	 0.000031 	 0.000036 	 0.000044
  427 	 0.000031 	 0.000037 	 0.000044
  428 	 0.000031 	 0.000037 	 0.000045
  429 	 0.000032 	 0.000037 	 0.000044
  430 	 0.000030 	 0.000037 	 0.000044
  431 	 0.000031 	 0.000037 	 0.000045
  432 	 0.000032 	 0.000037 	 0.000044
  433 	 0.000032 	 0.000037 	 0.000046
  434 	 0.000032 	 0.000037 	 0.000043
  435 	 0.000031 	 0.000037 	 0.000043
  436 	 0.000031 	 0.000037 	 0.000043
  437 	 0.000031 	 0.000037 	 0.000044
  438 	 0.000030 	 0.000036 	 0.000043
  439 	 0.000031 	 0.000037 	 0.000044
  440 	 0.000031 	 0.000036 	 0.000044
  441 	 0.000031 	 0.000037 	 0.000045
  442 	 0.000032 	 0.000037 	 0.000045
  443 	 0.000031 	 0.000037 	 0.000045
  444 	 0.000031 	 0.000036 	 0.000044
  445 	 0.000031 	 0.000036 	 0.000042
  446 	 0.000031 	 0.000036 	 0.000042
  447 	 0.000031 	 0.000036 	 0.000043
  448 	 0.000031 	 0.000036 	 0.000044
  449 	 0.000030 	 0.000036 	 0.000043
  450 	 0.000030 	 0.000036 	 0.000044
  451 	 0.000032 	 0.000036 	 0.000043
  452 	 0.000031 	 0.000036 	 0.000043
  453 	 0.000031 	 0.000036 	 0.000044
  454 	 0.000032 	 0.000037 	 0.000044
  455 	 0.000032 	 0.000036 	 0.000045
  456 	 0.000031 	 0.000036 	 0.000044
  457 	 0.000031 	 0.000036 	 0.000043
  458 	 0.000031 	 0.000036 	 0.000043
  459 	 0.000032 	 0.000036 	 0.000044
  460 	 0.000031 	 0.000036 	 0.000044
  461 	 0.000030 	 0.000036 	 0.000048
  462 	 0.000031 	 0.000036 	 0.000044
  463 	 0.000030 	 0.000036 	 0.000044
  464 	 0.000029 	 0.000036 	 0.000046
  465 	 0.000030 	 0.000035 	 0.000045
  466 	 0.000029 	 0.000036 	 0.000045
  467 	 0.000030 	 0.000035 	 0.000045
  468 	 0.000030 	 0.000036 	 0.000042
  469 	 0.000029 	 0.000036 	 0.000042
  470 	 0.000031 	 0.000036 	 0.000042
  471 	 0.000031 	 0.000036 	 0.000042
  472 	 0.000031 	 0.000036 	 0.000043
  473 	 0.000030 	 0.000036 	 0.000042
  474 	 0.000030 	 0.000035 	 0.000042
  475 	 0.000031 	 0.000036 	 0.000042
  476 	 0.000031 	 0.000036 	 0.000043
  477 	 0.000031 	 0.000036 	 0.000045
  478 	 0.000030 	 0.000036 	 0.000042
  479 	 0.000031 	 0.000036 	 0.000043
  480 	 0.000031 	 0.000036 	 0.000044
  481 	 0.000029 	 0.000036 	 0.000042
  482 	 0.000031 	 0.000036 	 0.000044
  483 	 0.000031 	 0.000036 	 0.000042
  484 	 0.000030 	 0.000036 	 0.000043
  485 	 0.000031 	 0.000036 	 0.000042
  486 	 0.000031 	 0.000036 	 0.000044
  487 	 0.000031 	 0.000036 	 0.000042
  488 	 0.000031 	 0.000036 	 0.000042
  489 	 0.000030 	 0.000036 	 0.000044
  490 	 0.000031 	 0.000036 	 0.000042
  491 	 0.000031 	 0.000036 	 0.000041
  492 	 0.000031 	 0.000036 	 0.000045
  493 	 0.000030 	 0.000036 	 0.000043
  494 	 0.000030 	 0.000036 	 0.000045
  495 	 0.000030 	 0.000036 	 0.000042
  496 	 0.000030 	 0.000036 	 0.000044
  497 	 0.000031 	 0.000036 	 0.000042
  498 	 0.000032 	 0.000036 	 0.000043
  499 	 0.000030 	 0.000036 	 0.000043
 