   0 	 0.000030 	 0.000034 	 0.000040
    1 	 0.000030 	 0.000034 	 0.000040
    2 	 0.000030 	 0.000035 	 0.000040
    3 	 0.000029 	 0.000035 	 0.000044
    4 	 0.000030 	 0.000035 	 0.000042
    5 	 0.000030 	 0.000035 	 0.000042
    6 	 0.000031 	 0.000035 	 0.000042
    7 	 0.000030 	 0.000035 	 0.000043
    8 	 0.000031 	 0.000035 	 0.000041
    9 	 0.000030 	 0.000035 	 0.000045
   10 	 0.000030 	 0.000035 	 0.000048
   11 	 0.000031 	 0.000035 	 0.000042
   12 	 0.000031 	 0.000035 	 0.000041
   13 	 0.000030 	 0.000035 	 0.000045
   14 	 0.000032 	 0.000035 	 0.000042
   15 	 0.000031 	 0.000036 	 0.000043
   16 	 0.000031 	 0.000036 	 0.000041
   17 	 0.000031 	 0.000036 	 0.000043
   18 	 0.000030 	 0.000035 	 0.000041
   19 	 0.000031 	 0.000036 	 0.000043
   20 	 0.000030 	 0.000035 	 0.000041
   21 	 0.000031 	 0.000036 	 0.000043
   22 	 0.000032 	 0.000036 	 0.000042
   23 	 0.000030 	 0.000036 	 0.000046
   24 	 0.000030 	 0.000036 	 0.000042
   25 	 0.000031 	 0.000036 	 0.000041
   26 	 0.000031 	 0.000036 	 0.000042
   27 	 0.000031 	 0.000035 	 0.000041
   28 	 0.000031 	 0.000035 	 0.000044
   29 	 0.000031 	 0.000035 	 0.000043
   30 	 0.000031 	 0.000035 	 0.000042
   31 	 0.000030 	 0.000035 	 0.000042
   32 	 0.000031 	 0.000035 	 0.000044
   33 	 0.000031 	 0.000035 	 0.000045
   34 	 0.000031 	 0.000035 	 0.000044
   35 	 0.000031 	 0.000035 	 0.000045
   36 	 0.000030 	 0.000036 	 0.000045
   37 	 0.000030 	 0.000036 	 0.000045
   38 	 0.000031 	 0.000036 	 0.000044
   39 	 0.000031 	 0.000036 	 0.000045
   40 	 0.000030 	 0.000036 	 0.000044
   41 	 0.000030 	 0.000036 	 0.000043
   42 	 0.000030 	 0.000036 	 0.000043
   43 	 0.000031 	 0.000036 	 0.000044
   44 	 0.000032 	 0.000036 	 0.000043
   45 	 0.000031 	 0.000036 	 0.000045
   46 	 0.000031 	 0.000036 	 0.000044
   47 	 0.000031 	 0.000036 	 0.000044
   48 	 0.000031 	 0.000036 	 0.000042
   49 	 0.000030 	 0.000036 	 0.000045
   50 	 0.000030 	 0.000036 	 0.000043
   51 	 0.000031 	 0.000036 	 0.000043
   52 	 0.000031 	 0.000036 	 0.000046
   53 	 0.000030 	 0.000036 	 0.000044
   54 	 0.000031 	 0.000036 	 0.000043
   55 	 0.000029 	 0.000037 	 0.000045
   56 	 0.000030 	 0.000036 	 0.000047
   57 	 0.000031 	 0.000036 	 0.000043
   58 	 0.000031 	 0.000036 	 0.000046
   59 	 0.000031 	 0.000036 	 0.000043
   60 	 0.000031 	 0.000036 	 0.000043
   61 	 0.000031 	 0.000036 	 0.000044
   62 	 0.000031 	 0.000036 	 0.000042
   63 	 0.000030 	 0.000036 	 0.000042
   64 	 0.000030 	 0.000036 	 0.000040
   65 	 0.000030 	 0.000035 	 0.000041
   66 	 0.000031 	 0.000036 	 0.000042
   67 	 0.000031 	 0.000036 	 0.000041
   68 	 0.000031 	 0.000036 	 0.000043
   69 	 0.000031 	 0.000036 	 0.000043
   70 	 0.000029 	 0.000036 	 0.000043
   71 	 0.000031 	 0.000036 	 0.000043
   72 	 0.000030 	 0.000036 	 0.000043
   73 	 0.000031 	 0.000035 	 0.000042
   74 	 0.000030 	 0.000036 	 0.000044
   75 	 0.000030 	 0.000036 	 0.000041
   76 	 0.000031 	 0.000036 	 0.000041
   77 	 0.000030 	 0.000035 	 0.000041
   78 	 0.000031 	 0.000035 	 0.000041
   79 	 0.000030 	 0.000035 	 0.000042
   80 	 0.000030 	 0.000035 	 0.000044
   81 	 0.000031 	 0.000036 	 0.000043
   82 	 0.000031 	 0.000036 	 0.000042
   83 	 0.000030 	 0.000036 	 0.000044
   84 	 0.000032 	 0.000036 	 0.000045
   85 	 0.000031 	 0.000036 	 0.000044
   86 	 0.000031 	 0.000036 	 0.000043
   87 	 0.000030 	 0.000036 	 0.000041
   88 	 0.000030 	 0.000036 	 0.000042
   89 	 0.000031 	 0.000036 	 0.000041
   90 	 0.000029 	 0.000036 	 0.000044
   91 	 0.000030 	 0.000036 	 0.000042
   92 	 0.000030 	 0.000036 	 0.000042
   93 	 0.000031 	 0.000036 	 0.000042
   94 	 0.000031 	 0.000036 	 0.000043
   95 	 0.000031 	 0.000036 	 0.000043
   96 	 0.000031 	 0.000036 	 0.000047
   97 	 0.000031 	 0.000036 	 0.000044
   98 	 0.000031 	 0.000036 	 0.000043
   99 	 0.000031 	 0.000036 	 0.000043
  100 	 0.000031 	 0.000036 	 0.000042
  101 	 0.000030 	 0.000036 	 0.000043
  102 	 0.000031 	 0.000036 	 0.000043
  103 	 0.000031 	 0.000036 	 0.000042
  104 	 0.000031 	 0.000036 	 0.000042
  105 	 0.000031 	 0.000036 	 0.000043
  106 	 0.000030 	 0.000036 	 0.000044
  107 	 0.000031 	 0.000036 	 0.000042
  108 	 0.000032 	 0.000036 	 0.000044
  109 	 0.000032 	 0.000036 	 0.000045
  110 	 0.000031 	 0.000036 	 0.000045
  111 	 0.000030 	 0.000036 	 0.000042
  112 	 0.000030 	 0.000036 	 0.000043
  113 	 0.000031 	 0.000036 	 0.000045
  114 	 0.000031 	 0.000036 	 0.000041
  115 	 0.000030 	 0.000036 	 0.000044
  116 	 0.000031 	 0.000036 	 0.000042
  117 	 0.000031 	 0.000036 	 0.000045
  118 	 0.000031 	 0.000036 	 0.000047
  119 	 0.000031 	 0.000036 	 0.000044
  120 	 0.000030 	 0.000036 	 0.000043
  121 	 0.000029 	 0.000036 	 0.000043
  122 	 0.000030 	 0.000036 	 0.000045
  123 	 0.000030 	 0.000036 	 0.000045
  124 	 0.000030 	 0.000036 	 0.000045
  125 	 0.000031 	 0.000036 	 0.000043
  126 	 0.000031 	 0.000036 	 0.000046
  127 	 0.000030 	 0.000036 	 0.000042
  128 	 0.000031 	 0.000036 	 0.000042
  129 	 0.000031 	 0.000036 	 0.000043
  130 	 0.000031 	 0.000036 	 0.000042
  131 	 0.000031 	 0.000036 	 0.000043
  132 	 0.000031 	 0.000036 	 0.000044
  133 	 0.000031 	 0.000036 	 0.000045
  134 	 0.000032 	 0.000036 	 0.000043
  135 	 0.000031 	 0.000036 	 0.000045
  136 	 0.000032 	 0.000036 	 0.000045
  137 	 0.000031 	 0.000036 	 0.000045
  138 	 0.000030 	 0.000036 	 0.000043
  139 	 0.000031 	 0.000037 	 0.000044
  140 	 0.000032 	 0.000037 	 0.000045
  141 	 0.000032 	 0.000037 	 0.000043
  142 	 0.000032 	 0.000037 	 0.000044
  143 	 0.000031 	 0.000037 	 0.000045
  144 	 0.000031 	 0.000037 	 0.000044
  145 	 0.000032 	 0.000037 	 0.000044
  146 	 0.000031 	 0.000037 	 0.000045
  147 	 0.000031 	 0.000037 	 0.000045
  148 	 0.000032 	 0.000037 	 0.000043
  149 	 0.000031 	 0.000036 	 0.000043
  150 	 0.000031 	 0.000037 	 0.000043
  151 	 0.000030 	 0.000037 	 0.000044
  152 	 0.000030 	 0.000037 	 0.000045
  153 	 0.000031 	 0.000036 	 0.000042
  154 	 0.000031 	 0.000036 	 0.000042
  155 	 0.000032 	 0.000036 	 0.000042
  156 	 0.000031 	 0.000036 	 0.000041
  157 	 0.000031 	 0.000036 	 0.000042
  158 	 0.000032 	 0.000036 	 0.000042
  159 	 0.000031 	 0.000036 	 0.000044
  160 	 0.000032 	 0.000036 	 0.000044
  161 	 0.000031 	 0.000036 	 0.000042
  162 	 0.000031 	 0.000036 	 0.000043
  163 	 0.000030 	 0.000036 	 0.000043
  164 	 0.000030 	 0.000036 	 0.000044
  165 	 0.000031 	 0.000036 	 0.000045
  166 	 0.000031 	 0.000036 	 0.000042
  167 	 0.000030 	 0.000036 	 0.000041
  168 	 0.000030 	 0.000036 	 0.000042
  169 	 0.000030 	 0.000036 	 0.000044
  170 	 0.000030 	 0.000036 	 0.000044
  171 	 0.000030 	 0.000036 	 0.000045
  172 	 0.000031 	 0.000036 	 0.000045
  173 	 0.000031 	 0.000036 	 0.000044
  174 	 0.000030 	 0.000036 	 0.000046
  175 	 0.000031 	 0.000036 	 0.000044
  176 	 0.000031 	 0.000036 	 0.000047
  177 	 0.000031 	 0.000036 	 0.000044
  178 	 0.000030 	 0.000036 	 0.000044
  179 	 0.000031 	 0.000036 	 0.000046
  180 	 0.000030 	 0.000036 	 0.000046
  181 	 0.000030 	 0.000036 	 0.000043
  182 	 0.000030 	 0.000036 	 0.000044
  183 	 0.000030 	 0.000036 	 0.000047
  184 	 0.000030 	 0.000036 	 0.000044
  185 	 0.000031 	 0.000036 	 0.000044
  186 	 0.000031 	 0.000036 	 0.000043
  187 	 0.000030 	 0.000036 	 0.000045
  188 	 0.000032 	 0.000036 	 0.000044
  189 	 0.000031 	 0.000036 	 0.000043
  190 	 0.000031 	 0.000036 	 0.000043
  191 	 0.000032 	 0.000036 	 0.000044
  192 	 0.000032 	 0.000037 	 0.000043
  193 	 0.000031 	 0.000037 	 0.000043
  194 	 0.000032 	 0.000037 	 0.000043
  195 	 0.000032 	 0.000037 	 0.000044
  196 	 0.000032 	 0.000037 	 0.000044
  197 	 0.000032 	 0.000037 	 0.000043
  198 	 0.000032 	 0.000036 	 0.000043
  199 	 0.000031 	 0.000036 	 0.000044
  200 	 0.000030 	 0.000036 	 0.000042
  201 	 0.000031 	 0.000036 	 0.000043
  202 	 0.000031 	 0.000037 	 0.000043
  203 	 0.000030 	 0.000036 	 0.000043
  204 	 0.000032 	 0.000036 	 0.000043
  205 	 0.000031 	 0.000036 	 0.000045
  206 	 0.000032 	 0.000036 	 0.000044
  207 	 0.000031 	 0.000036 	 0.000047
  208 	 0.000032 	 0.000036 	 0.000043
  209 	 0.000031 	 0.000036 	 0.000045
  210 	 0.000030 	 0.000036 	 0.000047
  211 	 0.000031 	 0.000036 	 0.000046
  212 	 0.000031 	 0.000036 	 0.000046
  213 	 0.000031 	 0.000036 	 0.000044
  214 	 0.000031 	 0.000036 	 0.000043
  215 	 0.000030 	 0.000036 	 0.000044
  216 	 0.000031 	 0.000035 	 0.000042
  217 	 0.000031 	 0.000036 	 0.000044
  218 	 0.000031 	 0.000036 	 0.000045
  219 	 0.000031 	 0.000036 	 0.000043
  220 	 0.000030 	 0.000036 	 0.000043
  221 	 0.000030 	 0.000036 	 0.000043
  222 	 0.000030 	 0.000036 	 0.000045
  223 	 0.000032 	 0.000036 	 0.000044
  224 	 0.000031 	 0.000036 	 0.000045
  225 	 0.000031 	 0.000036 	 0.000045
  226 	 0.000031 	 0.000036 	 0.000042
  227 	 0.000031 	 0.000036 	 0.000042
  228 	 0.000032 	 0.000036 	 0.000043
  229 	 0.000031 	 0.000036 	 0.000042
  230 	 0.000031 	 0.000036 	 0.000042
  231 	 0.000031 	 0.000036 	 0.000043
  232 	 0.000031 	 0.000036 	 0.000042
  233 	 0.000031 	 0.000036 	 0.000043
  234 	 0.000031 	 0.000036 	 0.000043
  235 	 0.000031 	 0.000036 	 0.000042
  236 	 0.000031 	 0.000036 	 0.000042
  237 	 0.000030 	 0.000036 	 0.000042
  238 	 0.000031 	 0.000036 	 0.000043
  239 	 0.000031 	 0.000036 	 0.000043
  240 	 0.000031 	 0.000036 	 0.000043
  241 	 0.000031 	 0.000036 	 0.000042
  242 	 0.000031 	 0.000036 	 0.000043
  243 	 0.000031 	 0.000036 	 0.000043
  244 	 0.000031 	 0.000036 	 0.000042
  245 	 0.000032 	 0.000036 	 0.000043
  246 	 0.000031 	 0.000036 	 0.000044
  247 	 0.000031 	 0.000036 	 0.000043
  248 	 0.000031 	 0.000036 	 0.000043
  249 	 0.000031 	 0.000035 	 0.000044
  250 	 0.000030 	 0.000036 	 0.000045
  251 	 0.000031 	 0.000036 	 0.000043
  252 	 0.000030 	 0.000036 	 0.000042
  253 	 0.000030 	 0.000036 	 0.000040
  254 	 0.000031 	 0.000036 	 0.000043
  255 	 0.000030 	 0.000036 	 0.000044
  256 	 0.000030 	 0.000036 	 0.000043
  257 	 0.000031 	 0.000036 	 0.000043
  258 	 0.000031 	 0.000035 	 0.000042
  259 	 0.000031 	 0.000035 	 0.000044
  260 	 0.000031 	 0.000035 	 0.000043
  261 	 0.000030 	 0.000035 	 0.000045
  262 	 0.000030 	 0.000035 	 0.000046
  263 	 0.000030 	 0.000036 	 0.000044
  264 	 0.000030 	 0.000036 	 0.000043
  265 	 0.000030 	 0.000036 	 0.000044
  266 	 0.000031 	 0.000036 	 0.000043
  267 	 0.000031 	 0.000036 	 0.000044
  268 	 0.000031 	 0.000036 	 0.000047
  269 	 0.000031 	 0.000036 	 0.000045
  270 	 0.000031 	 0.000036 	 0.000042
  271 	 0.000032 	 0.000036 	 0.000042
  272 	 0.000031 	 0.000036 	 0.000044
  273 	 0.000031 	 0.000036 	 0.000043
  274 	 0.000030 	 0.000036 	 0.000042
  275 	 0.000031 	 0.000036 	 0.000044
  276 	 0.000031 	 0.000036 	 0.000043
  277 	 0.000032 	 0.000036 	 0.000044
  278 	 0.000032 	 0.000036 	 0.000043
  279 	 0.000031 	 0.000036 	 0.000043
  280 	 0.000031 	 0.000036 	 0.000043
  281 	 0.000031 	 0.000036 	 0.000044
  282 	 0.000031 	 0.000036 	 0.000042
  283 	 0.000031 	 0.000036 	 0.000043
  284 	 0.000032 	 0.000036 	 0.000042
  285 	 0.000032 	 0.000037 	 0.000043
  286 	 0.000032 	 0.000036 	 0.000045
  287 	 0.000032 	 0.000037 	 0.000045
  288 	 0.000031 	 0.000037 	 0.000044
  289 	 0.000031 	 0.000037 	 0.000048
  290 	 0.000030 	 0.000037 	 0.000045
  291 	 0.000031 	 0.000037 	 0.000044
  292 	 0.000031 	 0.000037 	 0.000044
  293 	 0.000032 	 0.000037 	 0.000045
  294 	 0.000031 	 0.000037 	 0.000045
  295 	 0.000031 	 0.000037 	 0.000042
  296 	 0.000031 	 0.000037 	 0.000044
  297 	 0.000031 	 0.000037 	 0.000044
  298 	 0.000031 	 0.000037 	 0.000045
  299 	 0.000032 	 0.000037 	 0.000048
  300 	 0.000031 	 0.000037 	 0.000049
  301 	 0.000032 	 0.000037 	 0.000047
  302 	 0.000032 	 0.000037 	 0.000048
  303 	 0.000032 	 0.000037 	 0.000048
  304 	 0.000032 	 0.000037 	 0.000047
  305 	 0.000031 	 0.000038 	 0.000049
  306 	 0.000031 	 0.000038 	 0.000047
  307 	 0.000032 	 0.000038 	 0.000047
  308 	 0.000032 	 0.000038 	 0.000048
  309 	 0.000032 	 0.000038 	 0.000048
  310 	 0.000031 	 0.000038 	 0.000048
  311 	 0.000032 	 0.000038 	 0.000049
  312 	 0.000032 	 0.000038 	 0.000048
  313 	 0.000032 	 0.000038 	 0.000049
  314 	 0.000031 	 0.000038 	 0.000050
  315 	 0.000032 	 0.000038 	 0.000048
  316 	 0.000033 	 0.000038 	 0.000048
  317 	 0.000032 	 0.000038 	 0.000048
  318 	 0.000031 	 0.000038 	 0.000048
  319 	 0.000032 	 0.000037 	 0.000047
  320 	 0.000032 	 0.000037 	 0.000044
  321 	 0.000030 	 0.000038 	 0.000049
  322 	 0.000032 	 0.000037 	 0.000046
  323 	 0.000032 	 0.000038 	 0.000048
  324 	 0.000031 	 0.000037 	 0.000046
  325 	 0.000031 	 0.000038 	 0.000050
  326 	 0.000032 	 0.000037 	 0.000047
  327 	 0.000032 	 0.000038 	 0.000047
  328 	 0.000031 	 0.000037 	 0.000046
  329 	 0.000032 	 0.000037 	 0.000042
  330 	 0.000031 	 0.000037 	 0.000044
  331 	 0.000031 	 0.000037 	 0.000044
  332 	 0.000032 	 0.000037 	 0.000044
  333 	 0.000032 	 0.000038 	 0.000046
  334 	 0.000032 	 0.000037 	 0.000044
  335 	 0.000030 	 0.000037 	 0.000043
  336 	 0.000031 	 0.000037 	 0.000044
  337 	 0.000032 	 0.000037 	 0.000045
  338 	 0.000032 	 0.000037 	 0.000043
  339 	 0.000031 	 0.000037 	 0.000044
  340 	 0.000031 	 0.000038 	 0.000046
  341 	 0.000032 	 0.000037 	 0.000046
  342 	 0.000032 	 0.000037 	 0.000044
  343 	 0.000031 	 0.000037 	 0.000045
  344 	 0.000031 	 0.000037 	 0.000045
  345 	 0.000031 	 0.000037 	 0.000045
  346 	 0.000032 	 0.000037 	 0.000044
  347 	 0.000031 	 0.000037 	 0.000049
  348 	 0.000033 	 0.000037 	 0.000048
  349 	 0.000032 	 0.000037 	 0.000049
  350 	 0.000032 	 0.000037 	 0.000050
  351 	 0.000031 	 0.000037 	 0.000046
  352 	 0.000031 	 0.000037 	 0.000048
  353 	 0.000032 	 0.000037 	 0.000048
  354 	 0.000031 	 0.000037 	 0.000047
  355 	 0.000031 	 0.000037 	 0.000047
  356 	 0.000032 	 0.000037 	 0.000047
  357 	 0.000032 	 0.000037 	 0.000046
  358 	 0.000031 	 0.000037 	 0.000047
  359 	 0.000032 	 0.000037 	 0.000046
  360 	 0.000031 	 0.000037 	 0.000048
  361 	 0.000031 	 0.000037 	 0.000047
  362 	 0.000031 	 0.000037 	 0.000049
  363 	 0.000030 	 0.000037 	 0.000048
  364 	 0.000029 	 0.000037 	 0.000048
  365 	 0.000032 	 0.000037 	 0.000050
  366 	 0.000032 	 0.000037 	 0.000050
  367 	 0.000031 	 0.000037 	 0.000049
  368 	 0.000031 	 0.000037 	 0.000049
  369 	 0.000031 	 0.000037 	 0.000047
  370 	 0.000031 	 0.000037 	 0.000048
  371 	 0.000030 	 0.000037 	 0.000048
  372 	 0.000031 	 0.000037 	 0.000044
  373 	 0.000031 	 0.000037 	 0.000044
  374 	 0.000031 	 0.000037 	 0.000042
  375 	 0.000032 	 0.000036 	 0.000043
  376 	 0.000031 	 0.000036 	 0.000043
  377 	 0.000031 	 0.000036 	 0.000044
  378 	 0.000032 	 0.000036 	 0.000044
  379 	 0.000032 	 0.000036 	 0.000042
  380 	 0.000032 	 0.000036 	 0.000044
  381 	 0.000031 	 0.000036 	 0.000046
  382 	 0.000031 	 0.000036 	 0.000047
  383 	 0.000031 	 0.000036 	 0.000043
  384 	 0.000031 	 0.000036 	 0.000045
  385 	 0.000031 	 0.000035 	 0.000044
  386 	 0.000031 	 0.000035 	 0.000043
  387 	 0.000031 	 0.000036 	 0.000042
  388 	 0.000031 	 0.000036 	 0.000042
  389 	 0.000031 	 0.000036 	 0.000042
  390 	 0.000031 	 0.000036 	 0.000041
  391 	 0.000031 	 0.000036 	 0.000045
  392 	 0.000031 	 0.000036 	 0.000044
  393 	 0.000031 	 0.000035 	 0.000042
  394 	 0.000030 	 0.000036 	 0.000042
  395 	 0.000031 	 0.000036 	 0.000043
  396 	 0.000031 	 0.000036 	 0.000044
  397 	 0.000030 	 0.000036 	 0.000043
  398 	 0.000031 	 0.000036 	 0.000043
  399 	 0.000030 	 0.000036 	 0.000042
  400 	 0.000031 	 0.000036 	 0.000044
  401 	 0.000031 	 0.000036 	 0.000045
  402 	 0.000031 	 0.000036 	 0.000043
  403 	 0.000031 	 0.000036 	 0.000045
  404 	 0.000031 	 0.000036 	 0.000041
  405 	 0.000030 	 0.000036 	 0.000041
  406 	 0.000031 	 0.000036 	 0.000042
  407 	 0.000031 	 0.000036 	 0.000043
  408 	 0.000031 	 0.000036 	 0.000042
  409 	 0.000030 	 0.000036 	 0.000043
  410 	 0.000031 	 0.000036 	 0.000044
  411 	 0.000031 	 0.000036 	 0.000041
  412 	 0.000031 	 0.000036 	 0.000043
  413 	 0.000031 	 0.000036 	 0.000043
  414 	 0.000030 	 0.000036 	 0.000042
  415 	 0.000030 	 0.000035 	 0.000043
  416 	 0.000030 	 0.000035 	 0.000043
  417 	 0.000031 	 0.000036 	 0.000045
  418 	 0.000031 	 0.000035 	 0.000043
  419 	 0.000031 	 0.000036 	 0.000043
  420 	 0.000030 	 0.000036 	 0.000042
  421 	 0.000032 	 0.000036 	 0.000044
  422 	 0.000030 	 0.000036 	 0.000043
  423 	 0.000031 	 0.000036 	 0.000041
  424 	 0.000032 	 0.000036 	 0.000041
  425 	 0.000031 	 0.000036 	 0.000046
  426 	 0.000032 	 0.000036 	 0.000045
  427 	 0.000030 	 0.000036 	 0.000043
  428 	 0.000031 	 0.000036 	 0.000043
  429 	 0.000030 	 0.000036 	 0.000042
  430 	 0.000031 	 0.000036 	 0.000044
  431 	 0.000030 	 0.000037 	 0.000045
  432 	 0.000031 	 0.000036 	 0.000045
  433 	 0.000031 	 0.000037 	 0.000043
  434 	 0.000031 	 0.000037 	 0.000048
  435 	 0.000031 	 0.000037 	 0.000044
  436 	 0.000031 	 0.000037 	 0.000044
  437 	 0.000029 	 0.000036 	 0.000044
  438 	 0.000031 	 0.000037 	 0.000043
  439 	 0.000031 	 0.000037 	 0.000042
  440 	 0.000031 	 0.000036 	 0.000042
  441 	 0.000031 	 0.000037 	 0.000046
  442 	 0.000032 	 0.000036 	 0.000045
  443 	 0.000030 	 0.000036 	 0.000045
  444 	 0.000030 	 0.000036 	 0.000044
  445 	 0.000032 	 0.000036 	 0.000044
  446 	 0.000031 	 0.000036 	 0.000045
  447 	 0.000030 	 0.000036 	 0.000046
  448 	 0.000031 	 0.000036 	 0.000044
  449 	 0.000030 	 0.000037 	 0.000044
  450 	 0.000030 	 0.000037 	 0.000044
  451 	 0.000032 	 0.000037 	 0.000043
  452 	 0.000031 	 0.000037 	 0.000044
  453 	 0.000032 	 0.000037 	 0.000046
  454 	 0.000031 	 0.000036 	 0.000044
  455 	 0.000031 	 0.000036 	 0.000043
  456 	 0.000030 	 0.000036 	 0.000044
  457 	 0.000030 	 0.000037 	 0.000044
  458 	 0.000031 	 0.000037 	 0.000044
  459 	 0.000031 	 0.000037 	 0.000044
  460 	 0.000030 	 0.000037 	 0.000045
  461 	 0.000030 	 0.000037 	 0.000044
  462 	 0.000031 	 0.000037 	 0.000044
  463 	 0.000032 	 0.000037 	 0.000043
  464 	 0.000031 	 0.000037 	 0.000045
  465 	 0.000031 	 0.000037 	 0.000046
  466 	 0.000030 	 0.000037 	 0.000045
  467 	 0.000031 	 0.000036 	 0.000044
  468 	 0.000030 	 0.000036 	 0.000046
  469 	 0.000030 	 0.000036 	 0.000044
  470 	 0.000031 	 0.000036 	 0.000043
  471 	 0.000032 	 0.000036 	 0.000043
  472 	 0.000031 	 0.000036 	 0.000045
  473 	 0.000031 	 0.000036 	 0.000042
  474 	 0.000031 	 0.000036 	 0.000042
  475 	 0.000031 	 0.000036 	 0.000043
  476 	 0.000031 	 0.000036 	 0.000042
  477 	 0.000032 	 0.000036 	 0.000043
  478 	 0.000031 	 0.000036 	 0.000045
  479 	 0.000031 	 0.000036 	 0.000043
  480 	 0.000031 	 0.000036 	 0.000044
  481 	 0.000031 	 0.000037 	 0.000045
  482 	 0.000031 	 0.000036 	 0.000043
  483 	 0.000032 	 0.000036 	 0.000043
  484 	 0.000032 	 0.000037 	 0.000043
  485 	 0.000032 	 0.000036 	 0.000042
  486 	 0.000031 	 0.000036 	 0.000042
  487 	 0.000032 	 0.000036 	 0.000044
  488 	 0.000031 	 0.000036 	 0.000042
  489 	 0.000031 	 0.000036 	 0.000043
  490 	 0.000032 	 0.000036 	 0.000042
  491 	 0.000031 	 0.000036 	 0.000043
  492 	 0.000032 	 0.000036 	 0.000044
  493 	 0.000031 	 0.000036 	 0.000047
  494 	 0.000031 	 0.000036 	 0.000045
  495 	 0.000031 	 0.000036 	 0.000045
  496 	 0.000031 	 0.000036 	 0.000044
  497 	 0.000032 	 0.000037 	 0.000045
  498 	 0.000032 	 0.000036 	 0.000045
  499 	 0.000032 	 0.000037 	 0.000045
 