   0 	 0.000029 	 0.000034 	 0.000040
    1 	 0.000030 	 0.000034 	 0.000040
    2 	 0.000031 	 0.000034 	 0.000041
    3 	 0.000029 	 0.000035 	 0.000040
    4 	 0.000029 	 0.000035 	 0.000041
    5 	 0.000031 	 0.000035 	 0.000043
    6 	 0.000031 	 0.000035 	 0.000043
    7 	 0.000031 	 0.000035 	 0.000044
    8 	 0.000030 	 0.000035 	 0.000042
    9 	 0.000031 	 0.000035 	 0.000043
   10 	 0.000030 	 0.000035 	 0.000043
   11 	 0.000031 	 0.000035 	 0.000043
   12 	 0.000030 	 0.000035 	 0.000042
   13 	 0.000030 	 0.000035 	 0.000042
   14 	 0.000030 	 0.000035 	 0.000042
   15 	 0.000031 	 0.000036 	 0.000042
   16 	 0.000031 	 0.000036 	 0.000043
   17 	 0.000031 	 0.000035 	 0.000046
   18 	 0.000031 	 0.000035 	 0.000043
   19 	 0.000030 	 0.000035 	 0.000044
   20 	 0.000031 	 0.000035 	 0.000043
   21 	 0.000030 	 0.000036 	 0.000043
   22 	 0.000030 	 0.000036 	 0.000043
   23 	 0.000031 	 0.000036 	 0.000044
   24 	 0.000031 	 0.000036 	 0.000045
   25 	 0.000031 	 0.000036 	 0.000044
   26 	 0.000031 	 0.000036 	 0.000042
   27 	 0.000031 	 0.000036 	 0.000044
   28 	 0.000031 	 0.000036 	 0.000042
   29 	 0.000031 	 0.000036 	 0.000042
   30 	 0.000030 	 0.000036 	 0.000043
   31 	 0.000032 	 0.000037 	 0.000043
   32 	 0.000031 	 0.000036 	 0.000044
   33 	 0.000031 	 0.000036 	 0.000046
   34 	 0.000031 	 0.000036 	 0.000045
   35 	 0.000031 	 0.000036 	 0.000044
   36 	 0.000031 	 0.000036 	 0.000043
   37 	 0.000030 	 0.000036 	 0.000042
   38 	 0.000031 	 0.000037 	 0.000044
   39 	 0.000032 	 0.000037 	 0.000044
   40 	 0.000031 	 0.000037 	 0.000045
   41 	 0.000031 	 0.000037 	 0.000044
   42 	 0.000032 	 0.000037 	 0.000044
   43 	 0.000032 	 0.000037 	 0.000044
   44 	 0.000031 	 0.000037 	 0.000044
   45 	 0.000031 	 0.000037 	 0.000044
   46 	 0.000031 	 0.000037 	 0.000047
   47 	 0.000031 	 0.000037 	 0.000043
   48 	 0.000031 	 0.000037 	 0.000043
   49 	 0.000031 	 0.000037 	 0.000044
   50 	 0.000031 	 0.000037 	 0.000044
   51 	 0.000030 	 0.000037 	 0.000044
   52 	 0.000031 	 0.000036 	 0.000043
   53 	 0.000032 	 0.000037 	 0.000046
   54 	 0.000032 	 0.000037 	 0.000047
   55 	 0.000030 	 0.000036 	 0.000044
   56 	 0.000029 	 0.000036 	 0.000043
   57 	 0.000031 	 0.000037 	 0.000044
   58 	 0.000031 	 0.000036 	 0.000042
   59 	 0.000030 	 0.000036 	 0.000043
   60 	 0.000030 	 0.000036 	 0.000043
   61 	 0.000031 	 0.000036 	 0.000043
   62 	 0.000030 	 0.000036 	 0.000043
   63 	 0.000031 	 0.000036 	 0.000042
   64 	 0.000031 	 0.000036 	 0.000042
   65 	 0.000031 	 0.000036 	 0.000042
   66 	 0.000031 	 0.000036 	 0.000044
   67 	 0.000032 	 0.000036 	 0.000043
   68 	 0.000031 	 0.000036 	 0.000046
   69 	 0.000031 	 0.000036 	 0.000043
   70 	 0.000031 	 0.000036 	 0.000042
   71 	 0.000030 	 0.000036 	 0.000042
   72 	 0.000031 	 0.000036 	 0.000043
   73 	 0.000031 	 0.000035 	 0.000042
   74 	 0.000030 	 0.000035 	 0.000043
   75 	 0.000030 	 0.000035 	 0.000041
   76 	 0.000030 	 0.000035 	 0.000041
   77 	 0.000031 	 0.000035 	 0.000042
   78 	 0.000031 	 0.000035 	 0.000043
   79 	 0.000031 	 0.000035 	 0.000042
   80 	 0.000030 	 0.000036 	 0.000042
   81 	 0.000030 	 0.000036 	 0.000044
   82 	 0.000030 	 0.000035 	 0.000043
   83 	 0.000031 	 0.000036 	 0.000043
   84 	 0.000030 	 0.000035 	 0.000043
   85 	 0.000029 	 0.000035 	 0.000044
   86 	 0.000030 	 0.000035 	 0.000042
   87 	 0.000031 	 0.000036 	 0.000042
   88 	 0.000031 	 0.000036 	 0.000042
   89 	 0.000031 	 0.000036 	 0.000041
   90 	 0.000031 	 0.000036 	 0.000043
   91 	 0.000032 	 0.000036 	 0.000043
   92 	 0.000031 	 0.000036 	 0.000044
   93 	 0.000031 	 0.000036 	 0.000045
   94 	 0.000031 	 0.000036 	 0.000043
   95 	 0.000031 	 0.000036 	 0.000042
   96 	 0.000031 	 0.000036 	 0.000043
   97 	 0.000030 	 0.000036 	 0.000044
   98 	 0.000031 	 0.000035 	 0.000041
   99 	 0.000031 	 0.000035 	 0.000041
  100 	 0.000031 	 0.000035 	 0.000041
  101 	 0.000030 	 0.000035 	 0.000043
  102 	 0.000030 	 0.000035 	 0.000044
  103 	 0.000031 	 0.000035 	 0.000043
  104 	 0.000030 	 0.000035 	 0.000041
  105 	 0.000030 	 0.000035 	 0.000042
  106 	 0.000031 	 0.000035 	 0.000043
  107 	 0.000031 	 0.000036 	 0.000044
  108 	 0.000031 	 0.000036 	 0.000043
  109 	 0.000030 	 0.000036 	 0.000042
  110 	 0.000031 	 0.000036 	 0.000043
  111 	 0.000032 	 0.000036 	 0.000042
  112 	 0.000031 	 0.000036 	 0.000044
  113 	 0.000031 	 0.000036 	 0.000044
  114 	 0.000030 	 0.000036 	 0.000045
  115 	 0.000031 	 0.000036 	 0.000042
  116 	 0.000031 	 0.000036 	 0.000043
  117 	 0.000031 	 0.000036 	 0.000042
  118 	 0.000031 	 0.000036 	 0.000044
  119 	 0.000031 	 0.000036 	 0.000043
  120 	 0.000032 	 0.000036 	 0.000043
  121 	 0.000031 	 0.000036 	 0.000043
  122 	 0.000031 	 0.000036 	 0.000043
  123 	 0.000031 	 0.000036 	 0.000044
  124 	 0.000031 	 0.000036 	 0.000043
  125 	 0.000031 	 0.000036 	 0.000042
  126 	 0.000032 	 0.000037 	 0.000045
  127 	 0.000032 	 0.000037 	 0.000046
  128 	 0.000032 	 0.000036 	 0.000046
  129 	 0.000031 	 0.000036 	 0.000043
  130 	 0.000031 	 0.000036 	 0.000044
  131 	 0.000032 	 0.000036 	 0.000044
  132 	 0.000031 	 0.000036 	 0.000045
  133 	 0.000031 	 0.000036 	 0.000045
  134 	 0.000032 	 0.000036 	 0.000044
  135 	 0.000031 	 0.000036 	 0.000044
  136 	 0.000031 	 0.000037 	 0.000043
  137 	 0.000031 	 0.000037 	 0.000044
  138 	 0.000031 	 0.000037 	 0.000043
  139 	 0.000031 	 0.000036 	 0.000044
  140 	 0.000030 	 0.000036 	 0.000046
  141 	 0.000030 	 0.000036 	 0.000044
  142 	 0.000031 	 0.000036 	 0.000047
  143 	 0.000031 	 0.000036 	 0.000045
  144 	 0.000032 	 0.000036 	 0.000045
  145 	 0.000031 	 0.000037 	 0.000046
  146 	 0.000031 	 0.000036 	 0.000045
  147 	 0.000031 	 0.000036 	 0.000045
  148 	 0.000031 	 0.000036 	 0.000042
  149 	 0.000031 	 0.000036 	 0.000042
  150 	 0.000031 	 0.000036 	 0.000046
  151 	 0.000031 	 0.000036 	 0.000043
  152 	 0.000031 	 0.000036 	 0.000043
  153 	 0.000031 	 0.000036 	 0.000046
  154 	 0.000030 	 0.000036 	 0.000041
  155 	 0.000032 	 0.000036 	 0.000044
  156 	 0.000031 	 0.000036 	 0.000044
  157 	 0.000032 	 0.000036 	 0.000045
  158 	 0.000030 	 0.000036 	 0.000044
  159 	 0.000032 	 0.000036 	 0.000045
  160 	 0.000032 	 0.000036 	 0.000045
  161 	 0.000032 	 0.000037 	 0.000043
  162 	 0.000031 	 0.000036 	 0.000042
  163 	 0.000031 	 0.000036 	 0.000043
  164 	 0.000031 	 0.000036 	 0.000042
  165 	 0.000031 	 0.000036 	 0.000043
  166 	 0.000031 	 0.000036 	 0.000042
  167 	 0.000030 	 0.000036 	 0.000043
  168 	 0.000030 	 0.000036 	 0.000041
  169 	 0.000031 	 0.000036 	 0.000042
  170 	 0.000031 	 0.000036 	 0.000042
  171 	 0.000031 	 0.000036 	 0.000041
  172 	 0.000031 	 0.000036 	 0.000041
  173 	 0.000031 	 0.000036 	 0.000042
  174 	 0.000031 	 0.000036 	 0.000044
  175 	 0.000030 	 0.000036 	 0.000044
  176 	 0.000031 	 0.000036 	 0.000044
  177 	 0.000031 	 0.000036 	 0.000043
  178 	 0.000031 	 0.000036 	 0.000042
  179 	 0.000030 	 0.000036 	 0.000043
  180 	 0.000031 	 0.000036 	 0.000043
  181 	 0.000031 	 0.000035 	 0.000041
  182 	 0.000030 	 0.000036 	 0.000042
  183 	 0.000031 	 0.000035 	 0.000043
  184 	 0.000031 	 0.000035 	 0.000041
  185 	 0.000031 	 0.000035 	 0.000041
  186 	 0.000031 	 0.000035 	 0.000040
  187 	 0.000030 	 0.000035 	 0.000041
  188 	 0.000031 	 0.000035 	 0.000046
  189 	 0.000031 	 0.000035 	 0.000044
  190 	 0.000031 	 0.000036 	 0.000042
  191 	 0.000030 	 0.000036 	 0.000043
  192 	 0.000030 	 0.000036 	 0.000041
  193 	 0.000031 	 0.000036 	 0.000042
  194 	 0.000030 	 0.000036 	 0.000042
  195 	 0.000030 	 0.000035 	 0.000042
  196 	 0.000031 	 0.000035 	 0.000045
  197 	 0.000031 	 0.000035 	 0.000042
  198 	 0.000031 	 0.000035 	 0.000042
  199 	 0.000030 	 0.000035 	 0.000042
  200 	 0.000031 	 0.000035 	 0.000042
  201 	 0.000030 	 0.000035 	 0.000041
  202 	 0.000030 	 0.000035 	 0.000042
  203 	 0.000031 	 0.000036 	 0.000042
  204 	 0.000031 	 0.000036 	 0.000045
  205 	 0.000030 	 0.000036 	 0.000043
  206 	 0.000031 	 0.000036 	 0.000041
  207 	 0.000030 	 0.000036 	 0.000043
  208 	 0.000031 	 0.000036 	 0.000043
  209 	 0.000031 	 0.000036 	 0.000042
  210 	 0.000031 	 0.000036 	 0.000042
  211 	 0.000030 	 0.000036 	 0.000043
  212 	 0.000029 	 0.000035 	 0.000043
  213 	 0.000029 	 0.000036 	 0.000041
  214 	 0.000031 	 0.000036 	 0.000042
  215 	 0.000030 	 0.000036 	 0.000040
  216 	 0.000031 	 0.000036 	 0.000043
  217 	 0.000031 	 0.000036 	 0.000043
  218 	 0.000031 	 0.000036 	 0.000042
  219 	 0.000031 	 0.000036 	 0.000044
  220 	 0.000031 	 0.000036 	 0.000042
  221 	 0.000030 	 0.000036 	 0.000043
  222 	 0.000031 	 0.000036 	 0.000043
  223 	 0.000031 	 0.000036 	 0.000043
  224 	 0.000031 	 0.000036 	 0.000043
  225 	 0.000032 	 0.000036 	 0.000041
  226 	 0.000030 	 0.000036 	 0.000042
  227 	 0.000030 	 0.000036 	 0.000047
  228 	 0.000031 	 0.000036 	 0.000043
  229 	 0.000032 	 0.000036 	 0.000044
  230 	 0.000032 	 0.000036 	 0.000043
  231 	 0.000031 	 0.000036 	 0.000043
  232 	 0.000030 	 0.000036 	 0.000044
  233 	 0.000031 	 0.000036 	 0.000044
  234 	 0.000032 	 0.000036 	 0.000042
  235 	 0.000030 	 0.000035 	 0.000042
  236 	 0.000031 	 0.000036 	 0.000042
  237 	 0.000030 	 0.000035 	 0.000042
  238 	 0.000030 	 0.000035 	 0.000044
  239 	 0.000031 	 0.000035 	 0.000044
  240 	 0.000030 	 0.000035 	 0.000043
  241 	 0.000030 	 0.000035 	 0.000045
  242 	 0.000030 	 0.000035 	 0.000041
  243 	 0.000031 	 0.000036 	 0.000043
  244 	 0.000031 	 0.000035 	 0.000043
  245 	 0.000030 	 0.000035 	 0.000044
  246 	 0.000030 	 0.000035 	 0.000042
  247 	 0.000031 	 0.000036 	 0.000043
  248 	 0.000030 	 0.000035 	 0.000043
  249 	 0.000031 	 0.000036 	 0.000042
  250 	 0.000030 	 0.000035 	 0.000043
  251 	 0.000030 	 0.000036 	 0.000042
  252 	 0.000032 	 0.000036 	 0.000043
  253 	 0.000031 	 0.000036 	 0.000042
  254 	 0.000031 	 0.000036 	 0.000042
  255 	 0.000031 	 0.000036 	 0.000044
  256 	 0.000031 	 0.000036 	 0.000043
  257 	 0.000031 	 0.000036 	 0.000042
  258 	 0.000031 	 0.000036 	 0.000043
  259 	 0.000030 	 0.000036 	 0.000042
  260 	 0.000031 	 0.000036 	 0.000046
  261 	 0.000030 	 0.000036 	 0.000043
  262 	 0.000031 	 0.000036 	 0.000042
  263 	 0.000032 	 0.000036 	 0.000044
  264 	 0.000032 	 0.000036 	 0.000043
  265 	 0.000032 	 0.000036 	 0.000044
  266 	 0.000031 	 0.000036 	 0.000047
  267 	 0.000032 	 0.000036 	 0.000048
  268 	 0.000031 	 0.000036 	 0.000049
  269 	 0.000031 	 0.000037 	 0.000049
  270 	 0.000030 	 0.000037 	 0.000048
  271 	 0.000030 	 0.000037 	 0.000049
  272 	 0.000029 	 0.000038 	 0.000048
  273 	 0.000032 	 0.000038 	 0.000050
  274 	 0.000031 	 0.000038 	 0.000048
  275 	 0.000031 	 0.000038 	 0.000050
  276 	 0.000031 	 0.000038 	 0.000045
  277 	 0.000031 	 0.000038 	 0.000048
  278 	 0.000031 	 0.000038 	 0.000047
  279 	 0.000032 	 0.000038 	 0.000046
  280 	 0.000031 	 0.000038 	 0.000046
  281 	 0.000032 	 0.000038 	 0.000046
  282 	 0.000032 	 0.000038 	 0.000046
  283 	 0.000032 	 0.000038 	 0.000045
  284 	 0.000031 	 0.000038 	 0.000047
  285 	 0.000031 	 0.000037 	 0.000045
  286 	 0.000032 	 0.000038 	 0.000047
  287 	 0.000031 	 0.000038 	 0.000045
  288 	 0.000031 	 0.000038 	 0.000047
  289 	 0.000031 	 0.000037 	 0.000043
  290 	 0.000031 	 0.000037 	 0.000044
  291 	 0.000031 	 0.000037 	 0.000043
  292 	 0.000032 	 0.000037 	 0.000046
  293 	 0.000032 	 0.000037 	 0.000045
  294 	 0.000032 	 0.000037 	 0.000043
  295 	 0.000031 	 0.000037 	 0.000046
  296 	 0.000030 	 0.000037 	 0.000044
  297 	 0.000030 	 0.000038 	 0.000045
  298 	 0.000031 	 0.000037 	 0.000044
  299 	 0.000032 	 0.000037 	 0.000046
  300 	 0.000031 	 0.000037 	 0.000043
  301 	 0.000032 	 0.000037 	 0.000044
  302 	 0.000032 	 0.000037 	 0.000044
  303 	 0.000030 	 0.000037 	 0.000044
  304 	 0.000029 	 0.000037 	 0.000045
  305 	 0.000031 	 0.000037 	 0.000044
  306 	 0.000031 	 0.000037 	 0.000044
  307 	 0.000032 	 0.000037 	 0.000043
  308 	 0.000032 	 0.000037 	 0.000043
  309 	 0.000032 	 0.000037 	 0.000043
  310 	 0.000031 	 0.000037 	 0.000044
  311 	 0.000031 	 0.000037 	 0.000042
  312 	 0.000031 	 0.000037 	 0.000045
  313 	 0.000031 	 0.000037 	 0.000044
  314 	 0.000030 	 0.000036 	 0.000044
  315 	 0.000032 	 0.000037 	 0.000043
  316 	 0.000031 	 0.000037 	 0.000043
  317 	 0.000031 	 0.000036 	 0.000044
  318 	 0.000031 	 0.000036 	 0.000043
  319 	 0.000030 	 0.000036 	 0.000042
  320 	 0.000030 	 0.000036 	 0.000042
  321 	 0.000031 	 0.000036 	 0.000043
  322 	 0.000031 	 0.000036 	 0.000043
  323 	 0.000031 	 0.000036 	 0.000043
  324 	 0.000032 	 0.000036 	 0.000044
  325 	 0.000031 	 0.000036 	 0.000044
  326 	 0.000030 	 0.000036 	 0.000042
  327 	 0.000030 	 0.000036 	 0.000043
  328 	 0.000030 	 0.000036 	 0.000044
  329 	 0.000030 	 0.000035 	 0.000042
  330 	 0.000031 	 0.000036 	 0.000044
  331 	 0.000031 	 0.000035 	 0.000042
  332 	 0.000030 	 0.000035 	 0.000044
  333 	 0.000030 	 0.000035 	 0.000044
  334 	 0.000030 	 0.000035 	 0.000043
  335 	 0.000031 	 0.000035 	 0.000044
  336 	 0.000030 	 0.000035 	 0.000041
  337 	 0.000030 	 0.000035 	 0.000043
  338 	 0.000031 	 0.000035 	 0.000041
  339 	 0.000031 	 0.000035 	 0.000043
  340 	 0.000032 	 0.000036 	 0.000045
  341 	 0.000031 	 0.000036 	 0.000043
  342 	 0.000031 	 0.000036 	 0.000043
  343 	 0.000030 	 0.000036 	 0.000044
  344 	 0.000030 	 0.000036 	 0.000044
  345 	 0.000031 	 0.000036 	 0.000043
  346 	 0.000031 	 0.000036 	 0.000047
  347 	 0.000032 	 0.000036 	 0.000047
  348 	 0.000031 	 0.000036 	 0.000044
  349 	 0.000031 	 0.000036 	 0.000044
  350 	 0.000030 	 0.000036 	 0.000044
  351 	 0.000031 	 0.000036 	 0.000045
  352 	 0.000031 	 0.000036 	 0.000044
  353 	 0.000031 	 0.000036 	 0.000044
  354 	 0.000031 	 0.000036 	 0.000043
  355 	 0.000031 	 0.000037 	 0.000045
  356 	 0.000032 	 0.000037 	 0.000048
  357 	 0.000032 	 0.000037 	 0.000046
  358 	 0.000031 	 0.000037 	 0.000047
  359 	 0.000031 	 0.000036 	 0.000045
  360 	 0.000031 	 0.000036 	 0.000047
  361 	 0.000031 	 0.000036 	 0.000049
  362 	 0.000031 	 0.000036 	 0.000044
  363 	 0.000031 	 0.000036 	 0.000041
  364 	 0.000031 	 0.000036 	 0.000043
  365 	 0.000031 	 0.000036 	 0.000043
  366 	 0.000031 	 0.000036 	 0.000043
  367 	 0.000031 	 0.000036 	 0.000045
  368 	 0.000030 	 0.000036 	 0.000044
  369 	 0.000031 	 0.000036 	 0.000044
  370 	 0.000031 	 0.000036 	 0.000045
  371 	 0.000030 	 0.000036 	 0.000045
  372 	 0.000030 	 0.000036 	 0.000043
  373 	 0.000031 	 0.000036 	 0.000044
  374 	 0.000032 	 0.000036 	 0.000044
  375 	 0.000031 	 0.000036 	 0.000042
  376 	 0.000032 	 0.000036 	 0.000043
  377 	 0.000031 	 0.000036 	 0.000044
  378 	 0.000031 	 0.000036 	 0.000042
  379 	 0.000031 	 0.000036 	 0.000044
  380 	 0.000030 	 0.000036 	 0.000043
  381 	 0.000031 	 0.000036 	 0.000042
  382 	 0.000031 	 0.000036 	 0.000042
  383 	 0.000031 	 0.000036 	 0.000041
  384 	 0.000029 	 0.000036 	 0.000045
  385 	 0.000030 	 0.000036 	 0.000043
  386 	 0.000031 	 0.000036 	 0.000045
  387 	 0.000030 	 0.000037 	 0.000043
  388 	 0.000032 	 0.000037 	 0.000046
  389 	 0.000032 	 0.000037 	 0.000044
  390 	 0.000031 	 0.000037 	 0.000045
  391 	 0.000031 	 0.000037 	 0.000046
  392 	 0.000032 	 0.000037 	 0.000044
  393 	 0.000031 	 0.000037 	 0.000045
  394 	 0.000031 	 0.000037 	 0.000046
  395 	 0.000030 	 0.000037 	 0.000043
  396 	 0.000031 	 0.000037 	 0.000042
  397 	 0.000031 	 0.000036 	 0.000044
  398 	 0.000032 	 0.000036 	 0.000044
  399 	 0.000031 	 0.000036 	 0.000043
  400 	 0.000032 	 0.000036 	 0.000042
  401 	 0.000032 	 0.000036 	 0.000043
  402 	 0.000031 	 0.000036 	 0.000043
  403 	 0.000031 	 0.000036 	 0.000042
  404 	 0.000031 	 0.000036 	 0.000043
  405 	 0.000031 	 0.000036 	 0.000043
  406 	 0.000031 	 0.000036 	 0.000043
  407 	 0.000031 	 0.000036 	 0.000045
  408 	 0.000031 	 0.000036 	 0.000043
  409 	 0.000030 	 0.000036 	 0.000047
  410 	 0.000030 	 0.000036 	 0.000042
  411 	 0.000030 	 0.000036 	 0.000043
  412 	 0.000030 	 0.000036 	 0.000043
  413 	 0.000030 	 0.000037 	 0.000044
  414 	 0.000031 	 0.000036 	 0.000044
  415 	 0.000031 	 0.000037 	 0.000045
  416 	 0.000031 	 0.000037 	 0.000043
  417 	 0.000031 	 0.000037 	 0.000044
  418 	 0.000030 	 0.000036 	 0.000043
  419 	 0.000031 	 0.000036 	 0.000044
  420 	 0.000030 	 0.000036 	 0.000044
  421 	 0.000031 	 0.000036 	 0.000044
  422 	 0.000030 	 0.000036 	 0.000043
  423 	 0.000030 	 0.000036 	 0.000042
  424 	 0.000030 	 0.000036 	 0.000042
  425 	 0.000031 	 0.000036 	 0.000043
  426 	 0.000031 	 0.000036 	 0.000042
  427 	 0.000031 	 0.000036 	 0.000043
  428 	 0.000030 	 0.000036 	 0.000043
  429 	 0.000031 	 0.000036 	 0.000043
  430 	 0.000031 	 0.000036 	 0.000044
  431 	 0.000031 	 0.000036 	 0.000043
  432 	 0.000032 	 0.000036 	 0.000043
  433 	 0.000031 	 0.000036 	 0.000044
  434 	 0.000030 	 0.000036 	 0.000043
  435 	 0.000031 	 0.000036 	 0.000042
  436 	 0.000031 	 0.000036 	 0.000042
  437 	 0.000031 	 0.000036 	 0.000040
  438 	 0.000031 	 0.000036 	 0.000043
  439 	 0.000030 	 0.000036 	 0.000041
  440 	 0.000031 	 0.000036 	 0.000043
  441 	 0.000031 	 0.000036 	 0.000043
  442 	 0.000030 	 0.000036 	 0.000043
  443 	 0.000031 	 0.000036 	 0.000043
  444 	 0.000030 	 0.000036 	 0.000042
  445 	 0.000031 	 0.000036 	 0.000042
  446 	 0.000031 	 0.000036 	 0.000042
  447 	 0.000031 	 0.000036 	 0.000043
  448 	 0.000031 	 0.000036 	 0.000043
  449 	 0.000030 	 0.000036 	 0.000042
  450 	 0.000031 	 0.000036 	 0.000043
  451 	 0.000031 	 0.000036 	 0.000043
  452 	 0.000031 	 0.000036 	 0.000043
  453 	 0.000032 	 0.000036 	 0.000045
  454 	 0.000031 	 0.000036 	 0.000044
  455 	 0.000030 	 0.000036 	 0.000043
  456 	 0.000030 	 0.000036 	 0.000044
  457 	 0.000030 	 0.000036 	 0.000044
  458 	 0.000030 	 0.000036 	 0.000042
  459 	 0.000031 	 0.000036 	 0.000045
  460 	 0.000032 	 0.000036 	 0.000045
  461 	 0.000031 	 0.000036 	 0.000045
  462 	 0.000030 	 0.000036 	 0.000041
  463 	 0.000031 	 0.000036 	 0.000044
  464 	 0.000031 	 0.000036 	 0.000043
  465 	 0.000031 	 0.000036 	 0.000044
  466 	 0.000031 	 0.000036 	 0.000043
  467 	 0.000030 	 0.000036 	 0.000041
  468 	 0.000031 	 0.000036 	 0.000042
  469 	 0.000030 	 0.000036 	 0.000046
  470 	 0.000031 	 0.000036 	 0.000045
  471 	 0.000030 	 0.000036 	 0.000045
  472 	 0.000030 	 0.000036 	 0.000042
  473 	 0.000030 	 0.000036 	 0.000042
  474 	 0.000031 	 0.000036 	 0.000043
  475 	 0.000031 	 0.000036 	 0.000042
  476 	 0.000031 	 0.000036 	 0.000041
  477 	 0.000030 	 0.000036 	 0.000043
  478 	 0.000030 	 0.000036 	 0.000042
  479 	 0.000031 	 0.000036 	 0.000045
  480 	 0.000031 	 0.000035 	 0.000041
  481 	 0.000031 	 0.000036 	 0.000042
  482 	 0.000031 	 0.000036 	 0.000042
  483 	 0.000031 	 0.000036 	 0.000042
  484 	 0.000030 	 0.000036 	 0.000042
  485 	 0.000031 	 0.000036 	 0.000044
  486 	 0.000031 	 0.000036 	 0.000043
  487 	 0.000031 	 0.000036 	 0.000041
  488 	 0.000031 	 0.000036 	 0.000042
  489 	 0.000031 	 0.000036 	 0.000044
  490 	 0.000030 	 0.000036 	 0.000043
  491 	 0.000031 	 0.000036 	 0.000041
  492 	 0.000031 	 0.000036 	 0.000041
  493 	 0.000031 	 0.000036 	 0.000041
  494 	 0.000030 	 0.000036 	 0.000042
  495 	 0.000031 	 0.000036 	 0.000045
  496 	 0.000031 	 0.000035 	 0.000042
  497 	 0.000031 	 0.000035 	 0.000043
  498 	 0.000029 	 0.000036 	 0.000041
  499 	 0.000030 	 0.000035 	 0.000041
 