   0 	 0.000030 	 0.000034 	 0.000039
    1 	 0.000029 	 0.000034 	 0.000039
    2 	 0.000029 	 0.000034 	 0.000039
    3 	 0.000030 	 0.000034 	 0.000040
    4 	 0.000029 	 0.000034 	 0.000039
    5 	 0.000030 	 0.000034 	 0.000041
    6 	 0.000030 	 0.000035 	 0.000040
    7 	 0.000029 	 0.000035 	 0.000040
    8 	 0.000029 	 0.000035 	 0.000040
    9 	 0.000030 	 0.000035 	 0.000043
   10 	 0.000030 	 0.000035 	 0.000042
   11 	 0.000030 	 0.000035 	 0.000041
   12 	 0.000030 	 0.000035 	 0.000042
   13 	 0.000030 	 0.000035 	 0.000044
   14 	 0.000030 	 0.000035 	 0.000043
   15 	 0.000030 	 0.000035 	 0.000043
   16 	 0.000031 	 0.000035 	 0.000043
   17 	 0.000029 	 0.000035 	 0.000042
   18 	 0.000029 	 0.000035 	 0.000042
   19 	 0.000030 	 0.000035 	 0.000041
   20 	 0.000030 	 0.000035 	 0.000043
   21 	 0.000030 	 0.000035 	 0.000042
   22 	 0.000030 	 0.000035 	 0.000042
   23 	 0.000029 	 0.000035 	 0.000041
   24 	 0.000031 	 0.000035 	 0.000041
   25 	 0.000030 	 0.000035 	 0.000047
   26 	 0.000031 	 0.000035 	 0.000042
   27 	 0.000029 	 0.000035 	 0.000043
   28 	 0.000031 	 0.000036 	 0.000044
   29 	 0.000030 	 0.000035 	 0.000041
   30 	 0.000030 	 0.000035 	 0.000042
   31 	 0.000031 	 0.000035 	 0.000042
   32 	 0.000030 	 0.000036 	 0.000041
   33 	 0.000030 	 0.000036 	 0.000042
   34 	 0.000030 	 0.000036 	 0.000042
   35 	 0.000030 	 0.000036 	 0.000043
   36 	 0.000031 	 0.000036 	 0.000042
   37 	 0.000031 	 0.000036 	 0.000043
   38 	 0.000031 	 0.000036 	 0.000042
   39 	 0.000031 	 0.000036 	 0.000042
   40 	 0.000030 	 0.000036 	 0.000042
   41 	 0.000031 	 0.000036 	 0.000042
   42 	 0.000029 	 0.000036 	 0.000041
   43 	 0.000030 	 0.000036 	 0.000044
   44 	 0.000031 	 0.000036 	 0.000042
   45 	 0.000031 	 0.000036 	 0.000042
   46 	 0.000031 	 0.000036 	 0.000045
   47 	 0.000031 	 0.000036 	 0.000043
   48 	 0.000031 	 0.000036 	 0.000044
   49 	 0.000031 	 0.000035 	 0.000043
   50 	 0.000031 	 0.000036 	 0.000045
   51 	 0.000031 	 0.000036 	 0.000045
   52 	 0.000030 	 0.000036 	 0.000043
   53 	 0.000030 	 0.000036 	 0.000045
   54 	 0.000030 	 0.000036 	 0.000044
   55 	 0.000032 	 0.000036 	 0.000045
   56 	 0.000031 	 0.000036 	 0.000044
   57 	 0.000031 	 0.000037 	 0.000046
   58 	 0.000031 	 0.000036 	 0.000043
   59 	 0.000032 	 0.000036 	 0.000043
   60 	 0.000030 	 0.000036 	 0.000045
   61 	 0.000031 	 0.000036 	 0.000043
   62 	 0.000031 	 0.000036 	 0.000043
   63 	 0.000031 	 0.000036 	 0.000043
   64 	 0.000031 	 0.000036 	 0.000045
   65 	 0.000031 	 0.000036 	 0.000045
   66 	 0.000031 	 0.000037 	 0.000043
   67 	 0.000031 	 0.000036 	 0.000048
   68 	 0.000032 	 0.000036 	 0.000046
   69 	 0.000030 	 0.000036 	 0.000044
   70 	 0.000030 	 0.000036 	 0.000048
   71 	 0.000030 	 0.000036 	 0.000045
   72 	 0.000031 	 0.000036 	 0.000045
   73 	 0.000030 	 0.000036 	 0.000044
   74 	 0.000031 	 0.000036 	 0.000047
   75 	 0.000031 	 0.000036 	 0.000047
   76 	 0.000031 	 0.000036 	 0.000048
   77 	 0.000031 	 0.000036 	 0.000044
   78 	 0.000032 	 0.000036 	 0.000044
   79 	 0.000031 	 0.000035 	 0.000043
   80 	 0.000031 	 0.000036 	 0.000044
   81 	 0.000031 	 0.000036 	 0.000043
   82 	 0.000031 	 0.000036 	 0.000042
   83 	 0.000031 	 0.000036 	 0.000043
   84 	 0.000030 	 0.000036 	 0.000045
   85 	 0.000031 	 0.000036 	 0.000044
   86 	 0.000031 	 0.000037 	 0.000044
   87 	 0.000031 	 0.000037 	 0.000043
   88 	 0.000031 	 0.000036 	 0.000045
   89 	 0.000032 	 0.000036 	 0.000044
   90 	 0.000031 	 0.000036 	 0.000045
   91 	 0.000031 	 0.000036 	 0.000043
   92 	 0.000031 	 0.000036 	 0.000044
   93 	 0.000030 	 0.000036 	 0.000043
   94 	 0.000031 	 0.000036 	 0.000044
   95 	 0.000030 	 0.000036 	 0.000043
   96 	 0.000031 	 0.000036 	 0.000044
   97 	 0.000031 	 0.000036 	 0.000045
   98 	 0.000032 	 0.000036 	 0.000043
   99 	 0.000031 	 0.000036 	 0.000045
  100 	 0.000031 	 0.000036 	 0.000043
  101 	 0.000031 	 0.000036 	 0.000045
  102 	 0.000030 	 0.000036 	 0.000044
  103 	 0.000031 	 0.000036 	 0.000042
  104 	 0.000031 	 0.000036 	 0.000046
  105 	 0.000030 	 0.000036 	 0.000048
  106 	 0.000031 	 0.000036 	 0.000044
  107 	 0.000031 	 0.000036 	 0.000045
  108 	 0.000031 	 0.000036 	 0.000044
  109 	 0.000030 	 0.000036 	 0.000043
  110 	 0.000031 	 0.000036 	 0.000045
  111 	 0.000031 	 0.000036 	 0.000042
  112 	 0.000030 	 0.000036 	 0.000043
  113 	 0.000030 	 0.000036 	 0.000043
  114 	 0.000030 	 0.000036 	 0.000043
  115 	 0.000030 	 0.000036 	 0.000043
  116 	 0.000030 	 0.000036 	 0.000044
  117 	 0.000030 	 0.000036 	 0.000044
  118 	 0.000031 	 0.000036 	 0.000044
  119 	 0.000032 	 0.000036 	 0.000043
  120 	 0.000031 	 0.000036 	 0.000045
  121 	 0.000031 	 0.000036 	 0.000044
  122 	 0.000031 	 0.000036 	 0.000043
  123 	 0.000031 	 0.000036 	 0.000042
  124 	 0.000030 	 0.000036 	 0.000042
  125 	 0.000031 	 0.000036 	 0.000043
  126 	 0.000030 	 0.000036 	 0.000041
  127 	 0.000031 	 0.000036 	 0.000043
  128 	 0.000030 	 0.000036 	 0.000046
  129 	 0.000030 	 0.000036 	 0.000042
  130 	 0.000029 	 0.000036 	 0.000043
  131 	 0.000031 	 0.000036 	 0.000042
  132 	 0.000031 	 0.000036 	 0.000043
  133 	 0.000031 	 0.000036 	 0.000047
  134 	 0.000031 	 0.000036 	 0.000045
  135 	 0.000031 	 0.000035 	 0.000041
  136 	 0.000031 	 0.000036 	 0.000046
  137 	 0.000030 	 0.000036 	 0.000045
  138 	 0.000031 	 0.000036 	 0.000044
  139 	 0.000031 	 0.000036 	 0.000045
  140 	 0.000031 	 0.000036 	 0.000047
  141 	 0.000031 	 0.000037 	 0.000045
  142 	 0.000031 	 0.000037 	 0.000044
  143 	 0.000031 	 0.000037 	 0.000044
  144 	 0.000032 	 0.000037 	 0.000046
  145 	 0.000031 	 0.000036 	 0.000044
  146 	 0.000030 	 0.000036 	 0.000043
  147 	 0.000031 	 0.000036 	 0.000043
  148 	 0.000032 	 0.000036 	 0.000042
  149 	 0.000031 	 0.000036 	 0.000046
  150 	 0.000031 	 0.000036 	 0.000044
  151 	 0.000031 	 0.000036 	 0.000044
  152 	 0.000031 	 0.000036 	 0.000041
  153 	 0.000031 	 0.000036 	 0.000044
  154 	 0.000031 	 0.000036 	 0.000045
  155 	 0.000031 	 0.000036 	 0.000045
  156 	 0.000031 	 0.000036 	 0.000045
  157 	 0.000031 	 0.000036 	 0.000044
  158 	 0.000030 	 0.000036 	 0.000046
  159 	 0.000030 	 0.000035 	 0.000042
  160 	 0.000030 	 0.000036 	 0.000044
  161 	 0.000031 	 0.000036 	 0.000043
  162 	 0.000031 	 0.000036 	 0.000042
  163 	 0.000030 	 0.000036 	 0.000043
  164 	 0.000031 	 0.000036 	 0.000042
  165 	 0.000030 	 0.000036 	 0.000042
  166 	 0.000030 	 0.000036 	 0.000043
  167 	 0.000029 	 0.000036 	 0.000043
  168 	 0.000031 	 0.000036 	 0.000043
  169 	 0.000030 	 0.000037 	 0.000043
  170 	 0.000030 	 0.000036 	 0.000044
  171 	 0.000031 	 0.000036 	 0.000043
  172 	 0.000031 	 0.000036 	 0.000043
  173 	 0.000031 	 0.000036 	 0.000043
  174 	 0.000031 	 0.000036 	 0.000042
  175 	 0.000031 	 0.000036 	 0.000044
  176 	 0.000030 	 0.000036 	 0.000044
  177 	 0.000030 	 0.000036 	 0.000044
  178 	 0.000030 	 0.000036 	 0.000044
  179 	 0.000032 	 0.000036 	 0.000049
  180 	 0.000030 	 0.000036 	 0.000048
  181 	 0.000031 	 0.000036 	 0.000045
  182 	 0.000031 	 0.000036 	 0.000045
  183 	 0.000031 	 0.000036 	 0.000046
  184 	 0.000031 	 0.000036 	 0.000046
  185 	 0.000031 	 0.000036 	 0.000047
  186 	 0.000031 	 0.000036 	 0.000051
  187 	 0.000030 	 0.000036 	 0.000046
  188 	 0.000030 	 0.000036 	 0.000043
  189 	 0.000030 	 0.000036 	 0.000044
  190 	 0.000030 	 0.000036 	 0.000045
  191 	 0.000031 	 0.000036 	 0.000044
  192 	 0.000031 	 0.000036 	 0.000045
  193 	 0.000031 	 0.000036 	 0.000045
  194 	 0.000030 	 0.000036 	 0.000044
  195 	 0.000031 	 0.000036 	 0.000043
  196 	 0.000030 	 0.000037 	 0.000045
  197 	 0.000032 	 0.000036 	 0.000043
  198 	 0.000031 	 0.000036 	 0.000044
  199 	 0.000031 	 0.000036 	 0.000041
  200 	 0.000030 	 0.000036 	 0.000043
  201 	 0.000030 	 0.000036 	 0.000043
  202 	 0.000029 	 0.000036 	 0.000041
  203 	 0.000030 	 0.000036 	 0.000041
  204 	 0.000030 	 0.000036 	 0.000041
  205 	 0.000030 	 0.000036 	 0.000043
  206 	 0.000031 	 0.000036 	 0.000043
  207 	 0.000031 	 0.000036 	 0.000043
  208 	 0.000031 	 0.000036 	 0.000044
  209 	 0.000031 	 0.000036 	 0.000041
  210 	 0.000031 	 0.000036 	 0.000047
  211 	 0.000031 	 0.000036 	 0.000046
  212 	 0.000031 	 0.000036 	 0.000043
  213 	 0.000031 	 0.000036 	 0.000042
  214 	 0.000031 	 0.000036 	 0.000042
  215 	 0.000031 	 0.000036 	 0.000044
  216 	 0.000030 	 0.000036 	 0.000044
  217 	 0.000030 	 0.000036 	 0.000052
  218 	 0.000031 	 0.000036 	 0.000048
  219 	 0.000031 	 0.000036 	 0.000047
  220 	 0.000029 	 0.000036 	 0.000043
  221 	 0.000030 	 0.000036 	 0.000044
  222 	 0.000031 	 0.000036 	 0.000045
  223 	 0.000031 	 0.000036 	 0.000043
  224 	 0.000031 	 0.000036 	 0.000042
  225 	 0.000031 	 0.000036 	 0.000042
  226 	 0.000031 	 0.000036 	 0.000043
  227 	 0.000031 	 0.000036 	 0.000043
  228 	 0.000031 	 0.000036 	 0.000042
  229 	 0.000031 	 0.000036 	 0.000042
  230 	 0.000030 	 0.000036 	 0.000044
  231 	 0.000030 	 0.000036 	 0.000044
  232 	 0.000030 	 0.000036 	 0.000043
  233 	 0.000030 	 0.000036 	 0.000045
  234 	 0.000031 	 0.000036 	 0.000044
  235 	 0.000031 	 0.000036 	 0.000043
  236 	 0.000031 	 0.000036 	 0.000043
  237 	 0.000031 	 0.000036 	 0.000044
  238 	 0.000031 	 0.000035 	 0.000043
  239 	 0.000030 	 0.000036 	 0.000042
  240 	 0.000030 	 0.000036 	 0.000044
  241 	 0.000030 	 0.000036 	 0.000043
  242 	 0.000031 	 0.000036 	 0.000045
  243 	 0.000031 	 0.000036 	 0.000045
  244 	 0.000031 	 0.000036 	 0.000046
  245 	 0.000031 	 0.000036 	 0.000045
  246 	 0.000031 	 0.000036 	 0.000043
  247 	 0.000032 	 0.000036 	 0.000044
  248 	 0.000031 	 0.000036 	 0.000043
  249 	 0.000031 	 0.000036 	 0.000043
  250 	 0.000031 	 0.000036 	 0.000045
  251 	 0.000031 	 0.000036 	 0.000045
  252 	 0.000030 	 0.000036 	 0.000043
  253 	 0.000031 	 0.000036 	 0.000047
  254 	 0.000031 	 0.000036 	 0.000044
  255 	 0.000031 	 0.000036 	 0.000044
  256 	 0.000032 	 0.000036 	 0.000043
  257 	 0.000030 	 0.000036 	 0.000044
  258 	 0.000030 	 0.000036 	 0.000044
  259 	 0.000030 	 0.000036 	 0.000043
  260 	 0.000030 	 0.000036 	 0.000043
  261 	 0.000030 	 0.000036 	 0.000042
  262 	 0.000031 	 0.000036 	 0.000041
  263 	 0.000031 	 0.000036 	 0.000043
  264 	 0.000031 	 0.000036 	 0.000044
  265 	 0.000031 	 0.000036 	 0.000042
  266 	 0.000032 	 0.000036 	 0.000044
  267 	 0.000030 	 0.000036 	 0.000043
  268 	 0.000030 	 0.000036 	 0.000043
  269 	 0.000031 	 0.000036 	 0.000043
  270 	 0.000031 	 0.000036 	 0.000044
  271 	 0.000031 	 0.000036 	 0.000044
  272 	 0.000031 	 0.000036 	 0.000041
  273 	 0.000031 	 0.000036 	 0.000042
  274 	 0.000031 	 0.000036 	 0.000043
  275 	 0.000031 	 0.000036 	 0.000042
  276 	 0.000031 	 0.000036 	 0.000042
  277 	 0.000031 	 0.000036 	 0.000044
  278 	 0.000032 	 0.000036 	 0.000045
  279 	 0.000031 	 0.000036 	 0.000045
  280 	 0.000031 	 0.000036 	 0.000043
  281 	 0.000031 	 0.000036 	 0.000043
  282 	 0.000031 	 0.000036 	 0.000044
  283 	 0.000031 	 0.000036 	 0.000044
  284 	 0.000030 	 0.000036 	 0.000045
  285 	 0.000029 	 0.000036 	 0.000046
  286 	 0.000030 	 0.000036 	 0.000043
  287 	 0.000031 	 0.000036 	 0.000046
  288 	 0.000030 	 0.000036 	 0.000042
  289 	 0.000031 	 0.000036 	 0.000044
  290 	 0.000031 	 0.000036 	 0.000046
  291 	 0.000032 	 0.000036 	 0.000043
  292 	 0.000031 	 0.000036 	 0.000045
  293 	 0.000031 	 0.000036 	 0.000043
  294 	 0.000031 	 0.000036 	 0.000044
  295 	 0.000031 	 0.000036 	 0.000044
  296 	 0.000029 	 0.000036 	 0.000043
  297 	 0.000031 	 0.000036 	 0.000043
  298 	 0.000031 	 0.000037 	 0.000043
  299 	 0.000031 	 0.000037 	 0.000044
  300 	 0.000031 	 0.000036 	 0.000043
  301 	 0.000031 	 0.000036 	 0.000042
  302 	 0.000031 	 0.000036 	 0.000043
  303 	 0.000031 	 0.000036 	 0.000043
  304 	 0.000031 	 0.000036 	 0.000045
  305 	 0.000031 	 0.000036 	 0.000043
  306 	 0.000031 	 0.000036 	 0.000043
  307 	 0.000031 	 0.000036 	 0.000043
  308 	 0.000031 	 0.000036 	 0.000044
  309 	 0.000031 	 0.000036 	 0.000045
  310 	 0.000030 	 0.000036 	 0.000042
  311 	 0.000031 	 0.000036 	 0.000042
  312 	 0.000031 	 0.000036 	 0.000041
  313 	 0.000030 	 0.000036 	 0.000044
  314 	 0.000031 	 0.000036 	 0.000042
  315 	 0.000031 	 0.000036 	 0.000041
  316 	 0.000031 	 0.000036 	 0.000043
  317 	 0.000031 	 0.000036 	 0.000045
  318 	 0.000030 	 0.000036 	 0.000043
  319 	 0.000030 	 0.000036 	 0.000044
  320 	 0.000031 	 0.000036 	 0.000045
  321 	 0.000031 	 0.000036 	 0.000044
  322 	 0.000031 	 0.000036 	 0.000044
  323 	 0.000030 	 0.000036 	 0.000046
  324 	 0.000030 	 0.000036 	 0.000044
  325 	 0.000030 	 0.000036 	 0.000044
  326 	 0.000031 	 0.000036 	 0.000044
  327 	 0.000031 	 0.000036 	 0.000046
  328 	 0.000031 	 0.000036 	 0.000045
  329 	 0.000030 	 0.000036 	 0.000046
  330 	 0.000031 	 0.000036 	 0.000044
  331 	 0.000030 	 0.000036 	 0.000042
  332 	 0.000030 	 0.000036 	 0.000044
  333 	 0.000030 	 0.000036 	 0.000045
  334 	 0.000030 	 0.000036 	 0.000045
  335 	 0.000031 	 0.000036 	 0.000045
  336 	 0.000030 	 0.000036 	 0.000045
  337 	 0.000030 	 0.000036 	 0.000044
  338 	 0.000030 	 0.000036 	 0.000043
  339 	 0.000031 	 0.000036 	 0.000043
  340 	 0.000031 	 0.000036 	 0.000043
  341 	 0.000031 	 0.000036 	 0.000044
  342 	 0.000031 	 0.000036 	 0.000043
  343 	 0.000031 	 0.000036 	 0.000043
  344 	 0.000031 	 0.000036 	 0.000042
  345 	 0.000031 	 0.000036 	 0.000042
  346 	 0.000031 	 0.000036 	 0.000045
  347 	 0.000031 	 0.000036 	 0.000044
  348 	 0.000031 	 0.000036 	 0.000043
  349 	 0.000030 	 0.000036 	 0.000045
  350 	 0.000031 	 0.000036 	 0.000044
  351 	 0.000031 	 0.000036 	 0.000042
  352 	 0.000031 	 0.000036 	 0.000042
  353 	 0.000031 	 0.000036 	 0.000046
  354 	 0.000030 	 0.000036 	 0.000043
  355 	 0.000031 	 0.000036 	 0.000043
  356 	 0.000031 	 0.000036 	 0.000046
  357 	 0.000030 	 0.000036 	 0.000048
  358 	 0.000031 	 0.000036 	 0.000049
  359 	 0.000031 	 0.000036 	 0.000045
  360 	 0.000031 	 0.000036 	 0.000046
  361 	 0.000031 	 0.000036 	 0.000042
  362 	 0.000030 	 0.000036 	 0.000043
  363 	 0.000031 	 0.000036 	 0.000042
  364 	 0.000032 	 0.000036 	 0.000042
  365 	 0.000031 	 0.000036 	 0.000043
  366 	 0.000031 	 0.000036 	 0.000043
  367 	 0.000031 	 0.000036 	 0.000044
  368 	 0.000030 	 0.000036 	 0.000043
  369 	 0.000031 	 0.000036 	 0.000042
  370 	 0.000030 	 0.000036 	 0.000042
  371 	 0.000030 	 0.000036 	 0.000042
  372 	 0.000031 	 0.000036 	 0.000044
  373 	 0.000031 	 0.000036 	 0.000043
  374 	 0.000031 	 0.000036 	 0.000042
  375 	 0.000031 	 0.000036 	 0.000044
  376 	 0.000031 	 0.000037 	 0.000043
  377 	 0.000029 	 0.000036 	 0.000042
  378 	 0.000030 	 0.000037 	 0.000043
  379 	 0.000032 	 0.000037 	 0.000044
  380 	 0.000031 	 0.000036 	 0.000043
  381 	 0.000031 	 0.000036 	 0.000047
  382 	 0.000032 	 0.000037 	 0.000045
  383 	 0.000032 	 0.000036 	 0.000042
  384 	 0.000031 	 0.000036 	 0.000044
  385 	 0.000030 	 0.000037 	 0.000043
  386 	 0.000031 	 0.000037 	 0.000044
  387 	 0.000031 	 0.000037 	 0.000045
  388 	 0.000031 	 0.000037 	 0.000045
  389 	 0.000031 	 0.000037 	 0.000044
  390 	 0.000031 	 0.000036 	 0.000044
  391 	 0.000031 	 0.000036 	 0.000042
  392 	 0.000031 	 0.000036 	 0.000044
  393 	 0.000032 	 0.000036 	 0.000043
  394 	 0.000031 	 0.000036 	 0.000042
  395 	 0.000031 	 0.000036 	 0.000042
  396 	 0.000031 	 0.000036 	 0.000044
  397 	 0.000031 	 0.000036 	 0.000043
  398 	 0.000031 	 0.000036 	 0.000044
  399 	 0.000030 	 0.000036 	 0.000043
  400 	 0.000031 	 0.000036 	 0.000045
  401 	 0.000031 	 0.000036 	 0.000043
  402 	 0.000031 	 0.000036 	 0.000048
  403 	 0.000031 	 0.000036 	 0.000045
  404 	 0.000032 	 0.000036 	 0.000046
  405 	 0.000031 	 0.000036 	 0.000043
  406 	 0.000031 	 0.000036 	 0.000044
  407 	 0.000031 	 0.000036 	 0.000048
  408 	 0.000030 	 0.000036 	 0.000044
  409 	 0.000031 	 0.000036 	 0.000044
  410 	 0.000030 	 0.000036 	 0.000043
  411 	 0.000030 	 0.000036 	 0.000043
  412 	 0.000030 	 0.000036 	 0.000042
  413 	 0.000032 	 0.000036 	 0.000043
  414 	 0.000031 	 0.000036 	 0.000044
  415 	 0.000031 	 0.000036 	 0.000042
  416 	 0.000031 	 0.000036 	 0.000044
  417 	 0.000031 	 0.000036 	 0.000043
  418 	 0.000031 	 0.000036 	 0.000042
  419 	 0.000031 	 0.000036 	 0.000042
  420 	 0.000031 	 0.000036 	 0.000044
  421 	 0.000032 	 0.000036 	 0.000043
  422 	 0.000030 	 0.000036 	 0.000042
  423 	 0.000031 	 0.000036 	 0.000042
  424 	 0.000030 	 0.000036 	 0.000043
  425 	 0.000030 	 0.000036 	 0.000042
  426 	 0.000029 	 0.000036 	 0.000042
  427 	 0.000031 	 0.000036 	 0.000043
  428 	 0.000031 	 0.000036 	 0.000042
  429 	 0.000032 	 0.000036 	 0.000042
  430 	 0.000030 	 0.000036 	 0.000043
  431 	 0.000032 	 0.000036 	 0.000042
  432 	 0.000031 	 0.000036 	 0.000043
  433 	 0.000032 	 0.000036 	 0.000043
  434 	 0.000031 	 0.000036 	 0.000044
  435 	 0.000030 	 0.000036 	 0.000044
  436 	 0.000030 	 0.000036 	 0.000044
  437 	 0.000031 	 0.000036 	 0.000041
  438 	 0.000031 	 0.000036 	 0.000041
  439 	 0.000030 	 0.000036 	 0.000043
  440 	 0.000030 	 0.000036 	 0.000043
  441 	 0.000031 	 0.000036 	 0.000044
  442 	 0.000030 	 0.000036 	 0.000041
  443 	 0.000030 	 0.000036 	 0.000042
  444 	 0.000031 	 0.000036 	 0.000042
  445 	 0.000031 	 0.000036 	 0.000045
  446 	 0.000031 	 0.000036 	 0.000045
  447 	 0.000031 	 0.000036 	 0.000045
  448 	 0.000031 	 0.000036 	 0.000043
  449 	 0.000032 	 0.000036 	 0.000044
  450 	 0.000030 	 0.000036 	 0.000044
  451 	 0.000031 	 0.000036 	 0.000044
  452 	 0.000031 	 0.000036 	 0.000045
  453 	 0.000030 	 0.000036 	 0.000044
  454 	 0.000030 	 0.000036 	 0.000043
  455 	 0.000031 	 0.000036 	 0.000043
  456 	 0.000031 	 0.000035 	 0.000041
  457 	 0.000030 	 0.000036 	 0.000045
  458 	 0.000031 	 0.000036 	 0.000044
  459 	 0.000031 	 0.000036 	 0.000045
  460 	 0.000032 	 0.000036 	 0.000043
  461 	 0.000031 	 0.000036 	 0.000044
  462 	 0.000031 	 0.000036 	 0.000043
  463 	 0.000031 	 0.000036 	 0.000043
  464 	 0.000031 	 0.000036 	 0.000043
  465 	 0.000031 	 0.000036 	 0.000042
  466 	 0.000031 	 0.000036 	 0.000043
  467 	 0.000031 	 0.000036 	 0.000044
  468 	 0.000031 	 0.000036 	 0.000042
  469 	 0.000030 	 0.000035 	 0.000042
  470 	 0.000030 	 0.000035 	 0.000042
  471 	 0.000031 	 0.000035 	 0.000042
  472 	 0.000031 	 0.000036 	 0.000042
  473 	 0.000030 	 0.000036 	 0.000043
  474 	 0.000031 	 0.000036 	 0.000044
  475 	 0.000030 	 0.000036 	 0.000044
  476 	 0.000030 	 0.000036 	 0.000044
  477 	 0.000031 	 0.000036 	 0.000044
  478 	 0.000030 	 0.000036 	 0.000042
  479 	 0.000031 	 0.000036 	 0.000044
  480 	 0.000031 	 0.000036 	 0.000044
  481 	 0.000031 	 0.000036 	 0.000044
  482 	 0.000030 	 0.000036 	 0.000042
  483 	 0.000031 	 0.000036 	 0.000044
  484 	 0.000030 	 0.000036 	 0.000044
  485 	 0.000030 	 0.000036 	 0.000045
  486 	 0.000029 	 0.000036 	 0.000043
  487 	 0.000031 	 0.000036 	 0.000042
  488 	 0.000032 	 0.000036 	 0.000042
  489 	 0.000032 	 0.000036 	 0.000042
  490 	 0.000031 	 0.000036 	 0.000043
  491 	 0.000031 	 0.000036 	 0.000044
  492 	 0.000031 	 0.000036 	 0.000044
  493 	 0.000032 	 0.000036 	 0.000045
  494 	 0.000032 	 0.000036 	 0.000044
  495 	 0.000032 	 0.000036 	 0.000043
  496 	 0.000030 	 0.000036 	 0.000045
  497 	 0.000031 	 0.000036 	 0.000044
  498 	 0.000031 	 0.000036 	 0.000044
  499 	 0.000031 	 0.000036 	 0.000044
 