   0 	 0.000030 	 0.000034 	 0.000039
    1 	 0.000029 	 0.000034 	 0.000039
    2 	 0.000030 	 0.000034 	 0.000041
    3 	 0.000031 	 0.000035 	 0.000041
    4 	 0.000030 	 0.000035 	 0.000039
    5 	 0.000030 	 0.000035 	 0.000041
    6 	 0.000030 	 0.000035 	 0.000040
    7 	 0.000029 	 0.000035 	 0.000043
    8 	 0.000030 	 0.000035 	 0.000041
    9 	 0.000030 	 0.000035 	 0.000044
   10 	 0.000030 	 0.000035 	 0.000042
   11 	 0.000031 	 0.000035 	 0.000042
   12 	 0.000031 	 0.000035 	 0.000042
   13 	 0.000030 	 0.000035 	 0.000043
   14 	 0.000032 	 0.000036 	 0.000041
   15 	 0.000030 	 0.000036 	 0.000041
   16 	 0.000031 	 0.000036 	 0.000042
   17 	 0.000031 	 0.000036 	 0.000042
   18 	 0.000031 	 0.000036 	 0.000042
   19 	 0.000031 	 0.000036 	 0.000042
   20 	 0.000031 	 0.000036 	 0.000043
   21 	 0.000031 	 0.000036 	 0.000043
   22 	 0.000030 	 0.000036 	 0.000044
   23 	 0.000032 	 0.000036 	 0.000045
   24 	 0.000032 	 0.000036 	 0.000045
   25 	 0.000031 	 0.000036 	 0.000043
   26 	 0.000030 	 0.000036 	 0.000044
   27 	 0.000031 	 0.000036 	 0.000043
   28 	 0.000030 	 0.000036 	 0.000042
   29 	 0.000031 	 0.000036 	 0.000044
   30 	 0.000031 	 0.000035 	 0.000041
   31 	 0.000031 	 0.000036 	 0.000042
   32 	 0.000030 	 0.000036 	 0.000041
   33 	 0.000030 	 0.000036 	 0.000043
   34 	 0.000030 	 0.000036 	 0.000044
   35 	 0.000031 	 0.000036 	 0.000043
   36 	 0.000031 	 0.000036 	 0.000043
   37 	 0.000031 	 0.000036 	 0.000044
   38 	 0.000031 	 0.000036 	 0.000044
   39 	 0.000030 	 0.000036 	 0.000044
   40 	 0.000031 	 0.000036 	 0.000043
   41 	 0.000031 	 0.000036 	 0.000045
   42 	 0.000031 	 0.000036 	 0.000045
   43 	 0.000031 	 0.000036 	 0.000044
   44 	 0.000031 	 0.000036 	 0.000043
   45 	 0.000030 	 0.000036 	 0.000043
   46 	 0.000031 	 0.000036 	 0.000043
   47 	 0.000030 	 0.000036 	 0.000043
   48 	 0.000031 	 0.000036 	 0.000041
   49 	 0.000031 	 0.000036 	 0.000042
   50 	 0.000030 	 0.000036 	 0.000045
   51 	 0.000032 	 0.000036 	 0.000044
   52 	 0.000031 	 0.000036 	 0.000041
   53 	 0.000031 	 0.000036 	 0.000045
   54 	 0.000031 	 0.000036 	 0.000045
   55 	 0.000030 	 0.000036 	 0.000045
   56 	 0.000031 	 0.000036 	 0.000043
   57 	 0.000030 	 0.000036 	 0.000044
   58 	 0.000032 	 0.000036 	 0.000044
   59 	 0.000031 	 0.000036 	 0.000044
   60 	 0.000031 	 0.000036 	 0.000047
   61 	 0.000032 	 0.000036 	 0.000043
   62 	 0.000031 	 0.000036 	 0.000045
   63 	 0.000031 	 0.000036 	 0.000045
   64 	 0.000031 	 0.000036 	 0.000043
   65 	 0.000032 	 0.000036 	 0.000043
   66 	 0.000031 	 0.000036 	 0.000045
   67 	 0.000030 	 0.000036 	 0.000044
   68 	 0.000031 	 0.000036 	 0.000047
   69 	 0.000031 	 0.000036 	 0.000044
   70 	 0.000031 	 0.000036 	 0.000044
   71 	 0.000030 	 0.000036 	 0.000045
   72 	 0.000031 	 0.000036 	 0.000045
   73 	 0.000031 	 0.000036 	 0.000044
   74 	 0.000031 	 0.000036 	 0.000045
   75 	 0.000031 	 0.000036 	 0.000042
   76 	 0.000031 	 0.000036 	 0.000043
   77 	 0.000031 	 0.000036 	 0.000045
   78 	 0.000032 	 0.000036 	 0.000043
   79 	 0.000030 	 0.000036 	 0.000042
   80 	 0.000031 	 0.000036 	 0.000043
   81 	 0.000031 	 0.000036 	 0.000043
   82 	 0.000031 	 0.000036 	 0.000042
   83 	 0.000030 	 0.000036 	 0.000042
   84 	 0.000030 	 0.000036 	 0.000043
   85 	 0.000031 	 0.000036 	 0.000044
   86 	 0.000030 	 0.000036 	 0.000042
   87 	 0.000031 	 0.000036 	 0.000047
   88 	 0.000031 	 0.000036 	 0.000044
   89 	 0.000031 	 0.000036 	 0.000045
   90 	 0.000031 	 0.000036 	 0.000044
   91 	 0.000030 	 0.000036 	 0.000043
   92 	 0.000031 	 0.000036 	 0.000042
   93 	 0.000031 	 0.000036 	 0.000042
   94 	 0.000030 	 0.000035 	 0.000042
   95 	 0.000031 	 0.000035 	 0.000040
   96 	 0.000031 	 0.000035 	 0.000041
   97 	 0.000029 	 0.000035 	 0.000043
   98 	 0.000031 	 0.000035 	 0.000041
   99 	 0.000031 	 0.000035 	 0.000043
  100 	 0.000031 	 0.000036 	 0.000042
  101 	 0.000031 	 0.000036 	 0.000042
  102 	 0.000030 	 0.000036 	 0.000041
  103 	 0.000031 	 0.000036 	 0.000044
  104 	 0.000031 	 0.000036 	 0.000041
  105 	 0.000030 	 0.000036 	 0.000041
  106 	 0.000030 	 0.000036 	 0.000042
  107 	 0.000029 	 0.000035 	 0.000041
  108 	 0.000030 	 0.000035 	 0.000044
  109 	 0.000029 	 0.000036 	 0.000043
  110 	 0.000030 	 0.000036 	 0.000043
  111 	 0.000030 	 0.000036 	 0.000042
  112 	 0.000029 	 0.000036 	 0.000042
  113 	 0.000031 	 0.000036 	 0.000043
  114 	 0.000031 	 0.000036 	 0.000044
  115 	 0.000031 	 0.000036 	 0.000041
  116 	 0.000030 	 0.000036 	 0.000042
  117 	 0.000030 	 0.000036 	 0.000043
  118 	 0.000031 	 0.000036 	 0.000043
  119 	 0.000031 	 0.000036 	 0.000046
  120 	 0.000031 	 0.000036 	 0.000042
  121 	 0.000031 	 0.000036 	 0.000043
  122 	 0.000030 	 0.000036 	 0.000043
  123 	 0.000032 	 0.000036 	 0.000044
  124 	 0.000031 	 0.000036 	 0.000046
  125 	 0.000031 	 0.000036 	 0.000042
  126 	 0.000030 	 0.000036 	 0.000043
  127 	 0.000031 	 0.000036 	 0.000045
  128 	 0.000031 	 0.000036 	 0.000044
  129 	 0.000031 	 0.000036 	 0.000045
  130 	 0.000031 	 0.000036 	 0.000044
  131 	 0.000030 	 0.000036 	 0.000044
  132 	 0.000031 	 0.000037 	 0.000043
  133 	 0.000031 	 0.000036 	 0.000044
  134 	 0.000030 	 0.000036 	 0.000043
  135 	 0.000032 	 0.000036 	 0.000042
  136 	 0.000032 	 0.000036 	 0.000044
  137 	 0.000030 	 0.000037 	 0.000043
  138 	 0.000031 	 0.000037 	 0.000043
  139 	 0.000031 	 0.000037 	 0.000043
  140 	 0.000031 	 0.000037 	 0.000043
  141 	 0.000030 	 0.000036 	 0.000044
  142 	 0.000030 	 0.000036 	 0.000044
  143 	 0.000029 	 0.000036 	 0.000045
  144 	 0.000030 	 0.000036 	 0.000042
  145 	 0.000030 	 0.000036 	 0.000044
  146 	 0.000030 	 0.000036 	 0.000042
  147 	 0.000031 	 0.000036 	 0.000042
  148 	 0.000031 	 0.000036 	 0.000044
  149 	 0.000031 	 0.000036 	 0.000044
  150 	 0.000031 	 0.000036 	 0.000045
  151 	 0.000030 	 0.000036 	 0.000045
  152 	 0.000031 	 0.000036 	 0.000043
  153 	 0.000031 	 0.000036 	 0.000043
  154 	 0.000030 	 0.000036 	 0.000043
  155 	 0.000031 	 0.000036 	 0.000041
  156 	 0.000031 	 0.000035 	 0.000041
  157 	 0.000030 	 0.000035 	 0.000042
  158 	 0.000030 	 0.000036 	 0.000041
  159 	 0.000031 	 0.000036 	 0.000041
  160 	 0.000030 	 0.000036 	 0.000041
  161 	 0.000031 	 0.000036 	 0.000041
  162 	 0.000031 	 0.000036 	 0.000042
  163 	 0.000031 	 0.000036 	 0.000043
  164 	 0.000032 	 0.000036 	 0.000043
  165 	 0.000031 	 0.000036 	 0.000043
  166 	 0.000031 	 0.000036 	 0.000044
  167 	 0.000031 	 0.000036 	 0.000043
  168 	 0.000031 	 0.000036 	 0.000043
  169 	 0.000031 	 0.000036 	 0.000042
  170 	 0.000030 	 0.000035 	 0.000043
  171 	 0.000031 	 0.000035 	 0.000044
  172 	 0.000030 	 0.000035 	 0.000041
  173 	 0.000030 	 0.000035 	 0.000041
  174 	 0.000030 	 0.000036 	 0.000043
  175 	 0.000031 	 0.000035 	 0.000047
  176 	 0.000030 	 0.000036 	 0.000043
  177 	 0.000030 	 0.000036 	 0.000045
  178 	 0.000031 	 0.000036 	 0.000045
  179 	 0.000031 	 0.000036 	 0.000042
  180 	 0.000030 	 0.000036 	 0.000046
  181 	 0.000030 	 0.000036 	 0.000043
  182 	 0.000030 	 0.000036 	 0.000045
  183 	 0.000031 	 0.000036 	 0.000042
  184 	 0.000031 	 0.000036 	 0.000044
  185 	 0.000031 	 0.000036 	 0.000045
  186 	 0.000030 	 0.000036 	 0.000045
  187 	 0.000031 	 0.000036 	 0.000043
  188 	 0.000031 	 0.000036 	 0.000045
  189 	 0.000031 	 0.000036 	 0.000042
  190 	 0.000031 	 0.000036 	 0.000043
  191 	 0.000031 	 0.000036 	 0.000043
  192 	 0.000031 	 0.000036 	 0.000043
  193 	 0.000032 	 0.000036 	 0.000043
  194 	 0.000032 	 0.000036 	 0.000045
  195 	 0.000031 	 0.000036 	 0.000044
  196 	 0.000032 	 0.000036 	 0.000042
  197 	 0.000032 	 0.000036 	 0.000042
  198 	 0.000030 	 0.000036 	 0.000045
  199 	 0.000031 	 0.000036 	 0.000044
  200 	 0.000030 	 0.000036 	 0.000042
  201 	 0.000031 	 0.000036 	 0.000042
  202 	 0.000032 	 0.000036 	 0.000044
  203 	 0.000031 	 0.000036 	 0.000042
  204 	 0.000031 	 0.000036 	 0.000044
  205 	 0.000032 	 0.000036 	 0.000044
  206 	 0.000032 	 0.000036 	 0.000045
  207 	 0.000032 	 0.000036 	 0.000045
  208 	 0.000031 	 0.000036 	 0.000044
  209 	 0.000029 	 0.000036 	 0.000040
  210 	 0.000031 	 0.000036 	 0.000041
  211 	 0.000030 	 0.000036 	 0.000045
  212 	 0.000031 	 0.000036 	 0.000041
  213 	 0.000031 	 0.000035 	 0.000041
  214 	 0.000031 	 0.000035 	 0.000040
  215 	 0.000031 	 0.000035 	 0.000040
  216 	 0.000030 	 0.000035 	 0.000042
  217 	 0.000029 	 0.000035 	 0.000042
  218 	 0.000029 	 0.000036 	 0.000042
  219 	 0.000030 	 0.000035 	 0.000043
  220 	 0.000030 	 0.000035 	 0.000043
  221 	 0.000030 	 0.000036 	 0.000044
  222 	 0.000030 	 0.000035 	 0.000042
  223 	 0.000031 	 0.000035 	 0.000042
  224 	 0.000031 	 0.000035 	 0.000042
  225 	 0.000031 	 0.000035 	 0.000043
  226 	 0.000031 	 0.000035 	 0.000041
  227 	 0.000031 	 0.000035 	 0.000041
  228 	 0.000030 	 0.000035 	 0.000041
  229 	 0.000031 	 0.000035 	 0.000041
  230 	 0.000031 	 0.000035 	 0.000042
  231 	 0.000030 	 0.000035 	 0.000041
  232 	 0.000030 	 0.000035 	 0.000042
  233 	 0.000031 	 0.000035 	 0.000043
  234 	 0.000031 	 0.000036 	 0.000042
  235 	 0.000031 	 0.000035 	 0.000043
  236 	 0.000031 	 0.000036 	 0.000043
  237 	 0.000031 	 0.000035 	 0.000041
  238 	 0.000031 	 0.000036 	 0.000043
  239 	 0.000031 	 0.000036 	 0.000042
  240 	 0.000031 	 0.000036 	 0.000043
  241 	 0.000032 	 0.000036 	 0.000042
  242 	 0.000031 	 0.000036 	 0.000043
  243 	 0.000030 	 0.000036 	 0.000041
  244 	 0.000031 	 0.000036 	 0.000044
  245 	 0.000031 	 0.000036 	 0.000043
  246 	 0.000031 	 0.000036 	 0.000044
  247 	 0.000031 	 0.000036 	 0.000043
  248 	 0.000031 	 0.000036 	 0.000043
  249 	 0.000031 	 0.000036 	 0.000045
  250 	 0.000031 	 0.000036 	 0.000045
  251 	 0.000030 	 0.000036 	 0.000045
  252 	 0.000029 	 0.000036 	 0.000044
  253 	 0.000029 	 0.000036 	 0.000043
  254 	 0.000031 	 0.000036 	 0.000043
  255 	 0.000031 	 0.000036 	 0.000044
  256 	 0.000031 	 0.000037 	 0.000044
  257 	 0.000030 	 0.000036 	 0.000043
  258 	 0.000031 	 0.000036 	 0.000041
  259 	 0.000031 	 0.000036 	 0.000045
  260 	 0.000030 	 0.000036 	 0.000043
  261 	 0.000031 	 0.000036 	 0.000043
  262 	 0.000031 	 0.000036 	 0.000045
  263 	 0.000031 	 0.000036 	 0.000043
  264 	 0.000031 	 0.000036 	 0.000043
  265 	 0.000031 	 0.000036 	 0.000042
  266 	 0.000031 	 0.000036 	 0.000045
  267 	 0.000031 	 0.000036 	 0.000041
  268 	 0.000032 	 0.000036 	 0.000042
  269 	 0.000031 	 0.000036 	 0.000043
  270 	 0.000031 	 0.000036 	 0.000043
  271 	 0.000031 	 0.000036 	 0.000044
  272 	 0.000031 	 0.000036 	 0.000043
  273 	 0.000030 	 0.000036 	 0.000042
  274 	 0.000031 	 0.000036 	 0.000044
  275 	 0.000031 	 0.000036 	 0.000044
  276 	 0.000031 	 0.000036 	 0.000044
  277 	 0.000029 	 0.000036 	 0.000042
  278 	 0.000031 	 0.000036 	 0.000043
  279 	 0.000031 	 0.000036 	 0.000043
  280 	 0.000031 	 0.000036 	 0.000043
  281 	 0.000031 	 0.000036 	 0.000042
  282 	 0.000031 	 0.000036 	 0.000043
  283 	 0.000030 	 0.000036 	 0.000040
  284 	 0.000031 	 0.000036 	 0.000042
  285 	 0.000030 	 0.000036 	 0.000046
  286 	 0.000031 	 0.000036 	 0.000044
  287 	 0.000030 	 0.000036 	 0.000042
  288 	 0.000030 	 0.000036 	 0.000041
  289 	 0.000030 	 0.000036 	 0.000043
  290 	 0.000031 	 0.000036 	 0.000041
  291 	 0.000031 	 0.000036 	 0.000042
  292 	 0.000030 	 0.000036 	 0.000043
  293 	 0.000030 	 0.000036 	 0.000043
  294 	 0.000031 	 0.000036 	 0.000043
  295 	 0.000030 	 0.000036 	 0.000043
  296 	 0.000031 	 0.000036 	 0.000042
  297 	 0.000032 	 0.000036 	 0.000043
  298 	 0.000031 	 0.000036 	 0.000044
  299 	 0.000032 	 0.000036 	 0.000045
  300 	 0.000032 	 0.000036 	 0.000044
  301 	 0.000030 	 0.000036 	 0.000045
  302 	 0.000030 	 0.000036 	 0.000046
  303 	 0.000030 	 0.000036 	 0.000047
  304 	 0.000032 	 0.000036 	 0.000047
  305 	 0.000031 	 0.000036 	 0.000049
  306 	 0.000031 	 0.000037 	 0.000048
  307 	 0.000031 	 0.000036 	 0.000045
  308 	 0.000030 	 0.000036 	 0.000044
  309 	 0.000031 	 0.000036 	 0.000043
  310 	 0.000030 	 0.000036 	 0.000046
  311 	 0.000030 	 0.000037 	 0.000045
  312 	 0.000032 	 0.000037 	 0.000045
  313 	 0.000031 	 0.000037 	 0.000045
  314 	 0.000031 	 0.000037 	 0.000044
  315 	 0.000031 	 0.000037 	 0.000046
  316 	 0.000031 	 0.000037 	 0.000044
  317 	 0.000031 	 0.000036 	 0.000046
  318 	 0.000031 	 0.000036 	 0.000044
  319 	 0.000031 	 0.000036 	 0.000044
  320 	 0.000030 	 0.000036 	 0.000045
  321 	 0.000031 	 0.000036 	 0.000044
  322 	 0.000030 	 0.000037 	 0.000044
  323 	 0.000030 	 0.000036 	 0.000045
  324 	 0.000031 	 0.000036 	 0.000044
  325 	 0.000031 	 0.000036 	 0.000043
  326 	 0.000030 	 0.000036 	 0.000043
  327 	 0.000031 	 0.000036 	 0.000043
  328 	 0.000030 	 0.000036 	 0.000043
  329 	 0.000031 	 0.000036 	 0.000041
  330 	 0.000031 	 0.000036 	 0.000041
  331 	 0.000030 	 0.000036 	 0.000043
  332 	 0.000031 	 0.000036 	 0.000043
  333 	 0.000031 	 0.000037 	 0.000043
  334 	 0.000031 	 0.000036 	 0.000043
  335 	 0.000031 	 0.000037 	 0.000044
  336 	 0.000032 	 0.000036 	 0.000044
  337 	 0.000032 	 0.000037 	 0.000044
  338 	 0.000032 	 0.000037 	 0.000045
  339 	 0.000031 	 0.000037 	 0.000046
  340 	 0.000032 	 0.000037 	 0.000046
  341 	 0.000031 	 0.000037 	 0.000047
  342 	 0.000031 	 0.000037 	 0.000047
  343 	 0.000031 	 0.000037 	 0.000048
  344 	 0.000031 	 0.000037 	 0.000046
  345 	 0.000031 	 0.000037 	 0.000044
  346 	 0.000031 	 0.000036 	 0.000044
  347 	 0.000030 	 0.000036 	 0.000044
  348 	 0.000031 	 0.000036 	 0.000044
  349 	 0.000031 	 0.000036 	 0.000042
  350 	 0.000031 	 0.000037 	 0.000043
  351 	 0.000031 	 0.000036 	 0.000044
  352 	 0.000031 	 0.000037 	 0.000046
  353 	 0.000031 	 0.000036 	 0.000046
  354 	 0.000032 	 0.000036 	 0.000043
  355 	 0.000031 	 0.000036 	 0.000046
  356 	 0.000031 	 0.000036 	 0.000046
  357 	 0.000031 	 0.000036 	 0.000044
  358 	 0.000030 	 0.000036 	 0.000044
  359 	 0.000031 	 0.000036 	 0.000044
  360 	 0.000031 	 0.000036 	 0.000045
  361 	 0.000031 	 0.000036 	 0.000042
  362 	 0.000032 	 0.000036 	 0.000043
  363 	 0.000032 	 0.000036 	 0.000042
  364 	 0.000031 	 0.000036 	 0.000043
  365 	 0.000029 	 0.000036 	 0.000043
  366 	 0.000031 	 0.000036 	 0.000043
  367 	 0.000031 	 0.000036 	 0.000042
  368 	 0.000031 	 0.000036 	 0.000043
  369 	 0.000031 	 0.000036 	 0.000042
  370 	 0.000031 	 0.000036 	 0.000041
  371 	 0.000030 	 0.000036 	 0.000041
  372 	 0.000030 	 0.000035 	 0.000041
  373 	 0.000031 	 0.000036 	 0.000041
  374 	 0.000032 	 0.000036 	 0.000041
  375 	 0.000031 	 0.000036 	 0.000042
  376 	 0.000031 	 0.000036 	 0.000042
  377 	 0.000030 	 0.000035 	 0.000042
  378 	 0.000032 	 0.000036 	 0.000043
  379 	 0.000031 	 0.000036 	 0.000044
  380 	 0.000031 	 0.000036 	 0.000043
  381 	 0.000031 	 0.000036 	 0.000043
  382 	 0.000030 	 0.000036 	 0.000045
  383 	 0.000031 	 0.000036 	 0.000045
  384 	 0.000031 	 0.000036 	 0.000045
  385 	 0.000031 	 0.000036 	 0.000044
  386 	 0.000030 	 0.000036 	 0.000043
  387 	 0.000030 	 0.000036 	 0.000044
  388 	 0.000031 	 0.000036 	 0.000041
  389 	 0.000030 	 0.000036 	 0.000043
  390 	 0.000031 	 0.000036 	 0.000042
  391 	 0.000031 	 0.000036 	 0.000041
  392 	 0.000029 	 0.000036 	 0.000041
  393 	 0.000030 	 0.000035 	 0.000043
  394 	 0.000031 	 0.000036 	 0.000042
  395 	 0.000030 	 0.000036 	 0.000042
  396 	 0.000030 	 0.000036 	 0.000046
  397 	 0.000031 	 0.000036 	 0.000046
  398 	 0.000030 	 0.000036 	 0.000045
  399 	 0.000031 	 0.000036 	 0.000044
  400 	 0.000031 	 0.000036 	 0.000043
  401 	 0.000031 	 0.000036 	 0.000043
  402 	 0.000031 	 0.000036 	 0.000043
  403 	 0.000030 	 0.000036 	 0.000042
  404 	 0.000030 	 0.000036 	 0.000044
  405 	 0.000031 	 0.000036 	 0.000043
  406 	 0.000031 	 0.000036 	 0.000043
  407 	 0.000031 	 0.000036 	 0.000044
  408 	 0.000030 	 0.000036 	 0.000044
  409 	 0.000030 	 0.000036 	 0.000044
  410 	 0.000032 	 0.000036 	 0.000042
  411 	 0.000030 	 0.000036 	 0.000042
  412 	 0.000030 	 0.000036 	 0.000043
  413 	 0.000030 	 0.000036 	 0.000044
  414 	 0.000030 	 0.000036 	 0.000042
  415 	 0.000031 	 0.000036 	 0.000044
  416 	 0.000032 	 0.000036 	 0.000044
  417 	 0.000032 	 0.000036 	 0.000043
  418 	 0.000030 	 0.000036 	 0.000042
  419 	 0.000031 	 0.000036 	 0.000043
  420 	 0.000031 	 0.000036 	 0.000043
  421 	 0.000031 	 0.000036 	 0.000041
  422 	 0.000031 	 0.000036 	 0.000043
  423 	 0.000031 	 0.000036 	 0.000042
  424 	 0.000031 	 0.000036 	 0.000042
  425 	 0.000031 	 0.000036 	 0.000042
  426 	 0.000031 	 0.000036 	 0.000042
  427 	 0.000030 	 0.000036 	 0.000042
  428 	 0.000031 	 0.000036 	 0.000042
  429 	 0.000031 	 0.000036 	 0.000044
  430 	 0.000031 	 0.000036 	 0.000043
  431 	 0.000031 	 0.000036 	 0.000042
  432 	 0.000031 	 0.000036 	 0.000045
  433 	 0.000032 	 0.000036 	 0.000045
  434 	 0.000032 	 0.000036 	 0.000042
  435 	 0.000031 	 0.000036 	 0.000041
  436 	 0.000031 	 0.000036 	 0.000044
  437 	 0.000031 	 0.000036 	 0.000042
  438 	 0.000030 	 0.000036 	 0.000045
  439 	 0.000031 	 0.000036 	 0.000046
  440 	 0.000030 	 0.000036 	 0.000041
  441 	 0.000030 	 0.000036 	 0.000041
  442 	 0.000031 	 0.000036 	 0.000042
  443 	 0.000031 	 0.000036 	 0.000042
  444 	 0.000032 	 0.000036 	 0.000041
  445 	 0.000030 	 0.000036 	 0.000042
  446 	 0.000031 	 0.000036 	 0.000042
  447 	 0.000030 	 0.000036 	 0.000043
  448 	 0.000031 	 0.000036 	 0.000042
  449 	 0.000031 	 0.000036 	 0.000043
  450 	 0.000029 	 0.000036 	 0.000043
  451 	 0.000031 	 0.000036 	 0.000044
  452 	 0.000032 	 0.000036 	 0.000045
  453 	 0.000031 	 0.000036 	 0.000042
  454 	 0.000031 	 0.000036 	 0.000043
  455 	 0.000030 	 0.000036 	 0.000044
  456 	 0.000031 	 0.000036 	 0.000042
  457 	 0.000031 	 0.000036 	 0.000050
  458 	 0.000030 	 0.000036 	 0.000049
  459 	 0.000031 	 0.000036 	 0.000046
  460 	 0.000031 	 0.000036 	 0.000050
  461 	 0.000030 	 0.000036 	 0.000049
  462 	 0.000031 	 0.000036 	 0.000045
  463 	 0.000031 	 0.000036 	 0.000043
  464 	 0.000031 	 0.000036 	 0.000042
  465 	 0.000032 	 0.000036 	 0.000045
  466 	 0.000032 	 0.000036 	 0.000045
  467 	 0.000031 	 0.000036 	 0.000043
  468 	 0.000032 	 0.000036 	 0.000044
  469 	 0.000031 	 0.000036 	 0.000043
  470 	 0.000031 	 0.000036 	 0.000044
  471 	 0.000031 	 0.000036 	 0.000043
  472 	 0.000031 	 0.000036 	 0.000043
  473 	 0.000031 	 0.000036 	 0.000043
  474 	 0.000030 	 0.000036 	 0.000044
  475 	 0.000031 	 0.000036 	 0.000047
  476 	 0.000031 	 0.000036 	 0.000045
  477 	 0.000032 	 0.000036 	 0.000043
  478 	 0.000031 	 0.000036 	 0.000044
  479 	 0.000031 	 0.000036 	 0.000042
  480 	 0.000030 	 0.000036 	 0.000044
  481 	 0.000031 	 0.000036 	 0.000045
  482 	 0.000031 	 0.000036 	 0.000043
  483 	 0.000030 	 0.000036 	 0.000043
  484 	 0.000031 	 0.000036 	 0.000044
  485 	 0.000031 	 0.000036 	 0.000045
  486 	 0.000031 	 0.000036 	 0.000046
  487 	 0.000031 	 0.000036 	 0.000044
  488 	 0.000031 	 0.000036 	 0.000043
  489 	 0.000031 	 0.000036 	 0.000044
  490 	 0.000031 	 0.000036 	 0.000043
  491 	 0.000031 	 0.000036 	 0.000043
  492 	 0.000029 	 0.000035 	 0.000041
  493 	 0.000030 	 0.000035 	 0.000041
  494 	 0.000030 	 0.000035 	 0.000040
  495 	 0.000030 	 0.000035 	 0.000041
  496 	 0.000031 	 0.000035 	 0.000044
  497 	 0.000031 	 0.000036 	 0.000043
  498 	 0.000031 	 0.000036 	 0.000046
  499 	 0.000031 	 0.000035 	 0.000044
 