   0 	 0.000030 	 0.000034 	 0.000040
    1 	 0.000030 	 0.000034 	 0.000040
    2 	 0.000030 	 0.000034 	 0.000040
    3 	 0.000031 	 0.000034 	 0.000040
    4 	 0.000030 	 0.000034 	 0.000040
    5 	 0.000030 	 0.000035 	 0.000040
    6 	 0.000030 	 0.000034 	 0.000040
    7 	 0.000030 	 0.000034 	 0.000042
    8 	 0.000030 	 0.000035 	 0.000043
    9 	 0.000031 	 0.000035 	 0.000042
   10 	 0.000030 	 0.000035 	 0.000039
   11 	 0.000030 	 0.000035 	 0.000040
   12 	 0.000030 	 0.000035 	 0.000040
   13 	 0.000030 	 0.000035 	 0.000041
   14 	 0.000030 	 0.000035 	 0.000041
   15 	 0.000030 	 0.000035 	 0.000042
   16 	 0.000030 	 0.000035 	 0.000041
   17 	 0.000030 	 0.000035 	 0.000044
   18 	 0.000031 	 0.000036 	 0.000045
   19 	 0.000030 	 0.000036 	 0.000043
   20 	 0.000031 	 0.000036 	 0.000043
   21 	 0.000031 	 0.000036 	 0.000043
   22 	 0.000030 	 0.000036 	 0.000046
   23 	 0.000031 	 0.000036 	 0.000042
   24 	 0.000031 	 0.000036 	 0.000043
   25 	 0.000031 	 0.000036 	 0.000042
   26 	 0.000032 	 0.000036 	 0.000043
   27 	 0.000031 	 0.000036 	 0.000042
   28 	 0.000031 	 0.000036 	 0.000044
   29 	 0.000031 	 0.000036 	 0.000042
   30 	 0.000032 	 0.000036 	 0.000042
   31 	 0.000030 	 0.000036 	 0.000042
   32 	 0.000031 	 0.000036 	 0.000044
   33 	 0.000031 	 0.000036 	 0.000042
   34 	 0.000031 	 0.000036 	 0.000043
   35 	 0.000031 	 0.000036 	 0.000043
   36 	 0.000030 	 0.000036 	 0.000043
   37 	 0.000031 	 0.000036 	 0.000043
   38 	 0.000031 	 0.000036 	 0.000043
   39 	 0.000031 	 0.000036 	 0.000044
   40 	 0.000031 	 0.000036 	 0.000043
   41 	 0.000031 	 0.000036 	 0.000043
   42 	 0.000031 	 0.000037 	 0.000043
   43 	 0.000032 	 0.000037 	 0.000043
   44 	 0.000031 	 0.000036 	 0.000045
   45 	 0.000031 	 0.000036 	 0.000045
   46 	 0.000032 	 0.000036 	 0.000046
   47 	 0.000030 	 0.000036 	 0.000045
   48 	 0.000031 	 0.000036 	 0.000044
   49 	 0.000031 	 0.000036 	 0.000044
   50 	 0.000030 	 0.000036 	 0.000042
   51 	 0.000031 	 0.000036 	 0.000043
   52 	 0.000031 	 0.000036 	 0.000043
   53 	 0.000030 	 0.000036 	 0.000042
   54 	 0.000030 	 0.000035 	 0.000041
   55 	 0.000030 	 0.000036 	 0.000040
   56 	 0.000030 	 0.000036 	 0.000044
   57 	 0.000031 	 0.000036 	 0.000042
   58 	 0.000031 	 0.000036 	 0.000044
   59 	 0.000031 	 0.000036 	 0.000043
   60 	 0.000031 	 0.000036 	 0.000046
   61 	 0.000030 	 0.000036 	 0.000045
   62 	 0.000031 	 0.000036 	 0.000047
   63 	 0.000031 	 0.000036 	 0.000048
   64 	 0.000031 	 0.000036 	 0.000046
   65 	 0.000030 	 0.000036 	 0.000043
   66 	 0.000031 	 0.000036 	 0.000043
   67 	 0.000031 	 0.000036 	 0.000042
   68 	 0.000031 	 0.000036 	 0.000043
   69 	 0.000031 	 0.000037 	 0.000042
   70 	 0.000030 	 0.000036 	 0.000044
   71 	 0.000031 	 0.000036 	 0.000043
   72 	 0.000032 	 0.000036 	 0.000044
   73 	 0.000031 	 0.000036 	 0.000043
   74 	 0.000031 	 0.000036 	 0.000044
   75 	 0.000032 	 0.000036 	 0.000043
   76 	 0.000030 	 0.000036 	 0.000043
   77 	 0.000031 	 0.000036 	 0.000043
   78 	 0.000031 	 0.000036 	 0.000045
   79 	 0.000031 	 0.000037 	 0.000045
   80 	 0.000031 	 0.000037 	 0.000045
   81 	 0.000032 	 0.000037 	 0.000046
   82 	 0.000030 	 0.000037 	 0.000046
   83 	 0.000029 	 0.000037 	 0.000044
   84 	 0.000031 	 0.000037 	 0.000048
   85 	 0.000030 	 0.000037 	 0.000046
   86 	 0.000031 	 0.000037 	 0.000045
   87 	 0.000031 	 0.000037 	 0.000044
   88 	 0.000031 	 0.000036 	 0.000047
   89 	 0.000030 	 0.000037 	 0.000048
   90 	 0.000032 	 0.000036 	 0.000045
   91 	 0.000032 	 0.000036 	 0.000046
   92 	 0.000032 	 0.000036 	 0.000043
   93 	 0.000032 	 0.000036 	 0.000043
   94 	 0.000031 	 0.000036 	 0.000042
   95 	 0.000032 	 0.000036 	 0.000042
   96 	 0.000031 	 0.000036 	 0.000041
   97 	 0.000031 	 0.000036 	 0.000041
   98 	 0.000031 	 0.000036 	 0.000044
   99 	 0.000032 	 0.000036 	 0.000043
  100 	 0.000031 	 0.000036 	 0.000043
  101 	 0.000031 	 0.000036 	 0.000043
  102 	 0.000031 	 0.000036 	 0.000045
  103 	 0.000031 	 0.000036 	 0.000043
  104 	 0.000030 	 0.000036 	 0.000044
  105 	 0.000030 	 0.000036 	 0.000041
  106 	 0.000030 	 0.000036 	 0.000041
  107 	 0.000030 	 0.000036 	 0.000044
  108 	 0.000030 	 0.000036 	 0.000042
  109 	 0.000030 	 0.000036 	 0.000041
  110 	 0.000031 	 0.000036 	 0.000044
  111 	 0.000031 	 0.000036 	 0.000043
  112 	 0.000031 	 0.000036 	 0.000046
  113 	 0.000031 	 0.000036 	 0.000043
  114 	 0.000030 	 0.000036 	 0.000043
  115 	 0.000030 	 0.000036 	 0.000043
  116 	 0.000029 	 0.000036 	 0.000042
  117 	 0.000031 	 0.000036 	 0.000041
  118 	 0.000030 	 0.000036 	 0.000042
  119 	 0.000031 	 0.000036 	 0.000043
  120 	 0.000030 	 0.000036 	 0.000043
  121 	 0.000030 	 0.000036 	 0.000043
  122 	 0.000031 	 0.000036 	 0.000042
  123 	 0.000032 	 0.000036 	 0.000043
  124 	 0.000031 	 0.000036 	 0.000043
  125 	 0.000031 	 0.000036 	 0.000043
  126 	 0.000032 	 0.000037 	 0.000043
  127 	 0.000031 	 0.000037 	 0.000043
  128 	 0.000030 	 0.000037 	 0.000045
  129 	 0.000031 	 0.000037 	 0.000046
  130 	 0.000030 	 0.000037 	 0.000044
  131 	 0.000031 	 0.000037 	 0.000043
  132 	 0.000030 	 0.000037 	 0.000044
  133 	 0.000032 	 0.000036 	 0.000044
  134 	 0.000031 	 0.000036 	 0.000044
  135 	 0.000032 	 0.000036 	 0.000043
  136 	 0.000030 	 0.000036 	 0.000043
  137 	 0.000031 	 0.000036 	 0.000042
  138 	 0.000031 	 0.000037 	 0.000044
  139 	 0.000031 	 0.000037 	 0.000045
  140 	 0.000031 	 0.000036 	 0.000043
  141 	 0.000031 	 0.000036 	 0.000043
  142 	 0.000031 	 0.000036 	 0.000043
  143 	 0.000031 	 0.000036 	 0.000042
  144 	 0.000031 	 0.000036 	 0.000043
  145 	 0.000030 	 0.000036 	 0.000044
  146 	 0.000031 	 0.000037 	 0.000045
  147 	 0.000030 	 0.000037 	 0.000045
  148 	 0.000030 	 0.000037 	 0.000044
  149 	 0.000030 	 0.000037 	 0.000043
  150 	 0.000030 	 0.000037 	 0.000044
  151 	 0.000031 	 0.000037 	 0.000045
  152 	 0.000031 	 0.000036 	 0.000044
  153 	 0.000032 	 0.000037 	 0.000044
  154 	 0.000032 	 0.000036 	 0.000042
  155 	 0.000030 	 0.000036 	 0.000045
  156 	 0.000031 	 0.000037 	 0.000044
  157 	 0.000031 	 0.000036 	 0.000046
  158 	 0.000031 	 0.000036 	 0.000044
  159 	 0.000031 	 0.000036 	 0.000045
  160 	 0.000030 	 0.000036 	 0.000043
  161 	 0.000031 	 0.000036 	 0.000045
  162 	 0.000031 	 0.000036 	 0.000044
  163 	 0.000031 	 0.000037 	 0.000044
  164 	 0.000031 	 0.000036 	 0.000044
  165 	 0.000030 	 0.000036 	 0.000044
  166 	 0.000031 	 0.000037 	 0.000044
  167 	 0.000031 	 0.000036 	 0.000044
  168 	 0.000031 	 0.000036 	 0.000044
  169 	 0.000031 	 0.000036 	 0.000044
  170 	 0.000030 	 0.000036 	 0.000044
  171 	 0.000031 	 0.000036 	 0.000044
  172 	 0.000031 	 0.000036 	 0.000044
  173 	 0.000031 	 0.000036 	 0.000044
  174 	 0.000032 	 0.000036 	 0.000046
  175 	 0.000031 	 0.000036 	 0.000045
  176 	 0.000029 	 0.000036 	 0.000044
  177 	 0.000029 	 0.000037 	 0.000046
  178 	 0.000030 	 0.000036 	 0.000046
  179 	 0.000031 	 0.000037 	 0.000044
  180 	 0.000030 	 0.000037 	 0.000043
  181 	 0.000031 	 0.000036 	 0.000043
  182 	 0.000031 	 0.000036 	 0.000043
  183 	 0.000031 	 0.000036 	 0.000043
  184 	 0.000031 	 0.000036 	 0.000045
  185 	 0.000031 	 0.000036 	 0.000043
  186 	 0.000030 	 0.000036 	 0.000044
  187 	 0.000031 	 0.000036 	 0.000042
  188 	 0.000031 	 0.000036 	 0.000042
  189 	 0.000030 	 0.000036 	 0.000042
  190 	 0.000030 	 0.000036 	 0.000043
  191 	 0.000031 	 0.000035 	 0.000042
  192 	 0.000031 	 0.000036 	 0.000043
  193 	 0.000031 	 0.000036 	 0.000043
  194 	 0.000031 	 0.000036 	 0.000041
  195 	 0.000031 	 0.000036 	 0.000042
  196 	 0.000031 	 0.000036 	 0.000042
  197 	 0.000030 	 0.000036 	 0.000042
  198 	 0.000031 	 0.000036 	 0.000041
  199 	 0.000031 	 0.000036 	 0.000043
  200 	 0.000032 	 0.000036 	 0.000040
  201 	 0.000031 	 0.000036 	 0.000042
  202 	 0.000030 	 0.000036 	 0.000042
  203 	 0.000031 	 0.000036 	 0.000043
  204 	 0.000030 	 0.000036 	 0.000043
  205 	 0.000031 	 0.000036 	 0.000043
  206 	 0.000030 	 0.000036 	 0.000044
  207 	 0.000031 	 0.000037 	 0.000045
  208 	 0.000032 	 0.000037 	 0.000044
  209 	 0.000032 	 0.000036 	 0.000043
  210 	 0.000031 	 0.000037 	 0.000043
  211 	 0.000029 	 0.000036 	 0.000043
  212 	 0.000031 	 0.000036 	 0.000044
  213 	 0.000031 	 0.000036 	 0.000044
  214 	 0.000031 	 0.000036 	 0.000044
  215 	 0.000030 	 0.000036 	 0.000043
  216 	 0.000030 	 0.000036 	 0.000042
  217 	 0.000031 	 0.000036 	 0.000043
  218 	 0.000032 	 0.000036 	 0.000045
  219 	 0.000032 	 0.000036 	 0.000043
  220 	 0.000031 	 0.000036 	 0.000043
  221 	 0.000031 	 0.000036 	 0.000042
  222 	 0.000030 	 0.000036 	 0.000041
  223 	 0.000032 	 0.000036 	 0.000041
  224 	 0.000031 	 0.000036 	 0.000042
  225 	 0.000031 	 0.000036 	 0.000043
  226 	 0.000031 	 0.000036 	 0.000041
  227 	 0.000031 	 0.000036 	 0.000041
  228 	 0.000030 	 0.000036 	 0.000044
  229 	 0.000031 	 0.000036 	 0.000043
  230 	 0.000031 	 0.000036 	 0.000044
  231 	 0.000031 	 0.000036 	 0.000043
  232 	 0.000031 	 0.000036 	 0.000044
  233 	 0.000031 	 0.000036 	 0.000043
  234 	 0.000031 	 0.000036 	 0.000045
  235 	 0.000032 	 0.000036 	 0.000044
  236 	 0.000031 	 0.000036 	 0.000044
  237 	 0.000031 	 0.000036 	 0.000047
  238 	 0.000030 	 0.000036 	 0.000047
  239 	 0.000032 	 0.000036 	 0.000044
  240 	 0.000029 	 0.000036 	 0.000044
  241 	 0.000029 	 0.000036 	 0.000045
  242 	 0.000031 	 0.000036 	 0.000041
  243 	 0.000031 	 0.000036 	 0.000043
  244 	 0.000031 	 0.000036 	 0.000043
  245 	 0.000030 	 0.000036 	 0.000044
  246 	 0.000031 	 0.000036 	 0.000044
  247 	 0.000031 	 0.000036 	 0.000044
  248 	 0.000031 	 0.000036 	 0.000041
  249 	 0.000031 	 0.000036 	 0.000043
  250 	 0.000031 	 0.000036 	 0.000044
  251 	 0.000030 	 0.000036 	 0.000043
  252 	 0.000030 	 0.000036 	 0.000043
  253 	 0.000031 	 0.000036 	 0.000042
  254 	 0.000031 	 0.000036 	 0.000043
  255 	 0.000031 	 0.000036 	 0.000042
  256 	 0.000031 	 0.000036 	 0.000045
  257 	 0.000031 	 0.000036 	 0.000043
  258 	 0.000031 	 0.000036 	 0.000042
  259 	 0.000031 	 0.000036 	 0.000042
  260 	 0.000031 	 0.000036 	 0.000042
  261 	 0.000031 	 0.000036 	 0.000044
  262 	 0.000031 	 0.000036 	 0.000047
  263 	 0.000030 	 0.000036 	 0.000045
  264 	 0.000031 	 0.000036 	 0.000045
  265 	 0.000030 	 0.000036 	 0.000046
  266 	 0.000030 	 0.000036 	 0.000042
  267 	 0.000030 	 0.000036 	 0.000042
  268 	 0.000031 	 0.000036 	 0.000042
  269 	 0.000031 	 0.000036 	 0.000043
  270 	 0.000032 	 0.000036 	 0.000043
  271 	 0.000031 	 0.000036 	 0.000043
  272 	 0.000031 	 0.000036 	 0.000042
  273 	 0.000031 	 0.000036 	 0.000042
  274 	 0.000031 	 0.000036 	 0.000046
  275 	 0.000031 	 0.000036 	 0.000043
  276 	 0.000031 	 0.000036 	 0.000042
  277 	 0.000031 	 0.000036 	 0.000043
  278 	 0.000031 	 0.000036 	 0.000041
  279 	 0.000030 	 0.000036 	 0.000044
  280 	 0.000031 	 0.000036 	 0.000045
  281 	 0.000031 	 0.000036 	 0.000044
  282 	 0.000030 	 0.000036 	 0.000047
  283 	 0.000030 	 0.000037 	 0.000045
  284 	 0.000031 	 0.000036 	 0.000043
  285 	 0.000030 	 0.000036 	 0.000041
  286 	 0.000031 	 0.000036 	 0.000043
  287 	 0.000030 	 0.000036 	 0.000042
  288 	 0.000030 	 0.000036 	 0.000044
  289 	 0.000031 	 0.000035 	 0.000041
  290 	 0.000031 	 0.000035 	 0.000042
  291 	 0.000031 	 0.000035 	 0.000041
  292 	 0.000031 	 0.000036 	 0.000041
  293 	 0.000032 	 0.000036 	 0.000045
  294 	 0.000031 	 0.000036 	 0.000042
  295 	 0.000030 	 0.000036 	 0.000044
  296 	 0.000031 	 0.000036 	 0.000042
  297 	 0.000031 	 0.000036 	 0.000043
  298 	 0.000032 	 0.000036 	 0.000044
  299 	 0.000031 	 0.000036 	 0.000044
  300 	 0.000030 	 0.000035 	 0.000044
  301 	 0.000030 	 0.000035 	 0.000043
  302 	 0.000030 	 0.000035 	 0.000044
  303 	 0.000030 	 0.000035 	 0.000042
  304 	 0.000028 	 0.000035 	 0.000044
  305 	 0.000031 	 0.000035 	 0.000041
  306 	 0.000031 	 0.000035 	 0.000042
  307 	 0.000031 	 0.000035 	 0.000040
  308 	 0.000031 	 0.000036 	 0.000042
  309 	 0.000031 	 0.000035 	 0.000041
  310 	 0.000030 	 0.000035 	 0.000044
  311 	 0.000029 	 0.000035 	 0.000041
  312 	 0.000031 	 0.000035 	 0.000041
  313 	 0.000030 	 0.000036 	 0.000044
  314 	 0.000030 	 0.000035 	 0.000044
  315 	 0.000030 	 0.000035 	 0.000043
  316 	 0.000031 	 0.000035 	 0.000042
  317 	 0.000031 	 0.000035 	 0.000043
  318 	 0.000031 	 0.000035 	 0.000041
  319 	 0.000031 	 0.000035 	 0.000043
  320 	 0.000031 	 0.000035 	 0.000043
  321 	 0.000030 	 0.000035 	 0.000042
  322 	 0.000031 	 0.000035 	 0.000043
  323 	 0.000030 	 0.000036 	 0.000045
  324 	 0.000030 	 0.000036 	 0.000043
  325 	 0.000030 	 0.000036 	 0.000043
  326 	 0.000031 	 0.000036 	 0.000042
  327 	 0.000032 	 0.000036 	 0.000042
  328 	 0.000031 	 0.000036 	 0.000042
  329 	 0.000032 	 0.000036 	 0.000045
  330 	 0.000031 	 0.000036 	 0.000044
  331 	 0.000031 	 0.000036 	 0.000042
  332 	 0.000031 	 0.000036 	 0.000043
  333 	 0.000030 	 0.000036 	 0.000045
  334 	 0.000032 	 0.000036 	 0.000047
  335 	 0.000031 	 0.000036 	 0.000048
  336 	 0.000032 	 0.000036 	 0.000043
  337 	 0.000032 	 0.000036 	 0.000044
  338 	 0.000032 	 0.000036 	 0.000043
  339 	 0.000030 	 0.000036 	 0.000042
  340 	 0.000031 	 0.000036 	 0.000045
  341 	 0.000031 	 0.000036 	 0.000042
  342 	 0.000031 	 0.000036 	 0.000044
  343 	 0.000031 	 0.000036 	 0.000044
  344 	 0.000031 	 0.000036 	 0.000043
  345 	 0.000030 	 0.000036 	 0.000044
  346 	 0.000031 	 0.000037 	 0.000047
  347 	 0.000031 	 0.000036 	 0.000045
  348 	 0.000031 	 0.000036 	 0.000044
  349 	 0.000030 	 0.000036 	 0.000044
  350 	 0.000030 	 0.000036 	 0.000044
  351 	 0.000030 	 0.000036 	 0.000044
  352 	 0.000031 	 0.000036 	 0.000045
  353 	 0.000031 	 0.000036 	 0.000045
  354 	 0.000031 	 0.000036 	 0.000042
  355 	 0.000031 	 0.000036 	 0.000042
  356 	 0.000032 	 0.000036 	 0.000042
  357 	 0.000030 	 0.000036 	 0.000042
  358 	 0.000031 	 0.000036 	 0.000045
  359 	 0.000031 	 0.000035 	 0.000044
  360 	 0.000031 	 0.000036 	 0.000043
  361 	 0.000030 	 0.000035 	 0.000043
  362 	 0.000030 	 0.000035 	 0.000042
  363 	 0.000030 	 0.000036 	 0.000044
  364 	 0.000030 	 0.000036 	 0.000044
  365 	 0.000031 	 0.000036 	 0.000043
  366 	 0.000031 	 0.000036 	 0.000043
  367 	 0.000030 	 0.000036 	 0.000044
  368 	 0.000030 	 0.000036 	 0.000043
  369 	 0.000030 	 0.000036 	 0.000044
  370 	 0.000031 	 0.000036 	 0.000044
  371 	 0.000031 	 0.000036 	 0.000042
  372 	 0.000031 	 0.000036 	 0.000042
  373 	 0.000030 	 0.000036 	 0.000043
  374 	 0.000031 	 0.000036 	 0.000043
  375 	 0.000031 	 0.000036 	 0.000043
  376 	 0.000030 	 0.000036 	 0.000046
  377 	 0.000031 	 0.000036 	 0.000043
  378 	 0.000031 	 0.000036 	 0.000041
  379 	 0.000031 	 0.000036 	 0.000044
  380 	 0.000031 	 0.000036 	 0.000042
  381 	 0.000032 	 0.000036 	 0.000043
  382 	 0.000030 	 0.000036 	 0.000043
  383 	 0.000031 	 0.000036 	 0.000042
  384 	 0.000030 	 0.000036 	 0.000043
  385 	 0.000030 	 0.000036 	 0.000041
  386 	 0.000032 	 0.000036 	 0.000042
  387 	 0.000031 	 0.000036 	 0.000043
  388 	 0.000031 	 0.000036 	 0.000043
  389 	 0.000031 	 0.000036 	 0.000042
  390 	 0.000031 	 0.000036 	 0.000041
  391 	 0.000030 	 0.000036 	 0.000044
  392 	 0.000030 	 0.000036 	 0.000042
  393 	 0.000031 	 0.000035 	 0.000042
  394 	 0.000031 	 0.000035 	 0.000042
  395 	 0.000031 	 0.000036 	 0.000043
  396 	 0.000031 	 0.000036 	 0.000046
  397 	 0.000031 	 0.000035 	 0.000044
  398 	 0.000031 	 0.000035 	 0.000044
  399 	 0.000030 	 0.000035 	 0.000044
  400 	 0.000030 	 0.000035 	 0.000042
  401 	 0.000031 	 0.000035 	 0.000041
  402 	 0.000031 	 0.000036 	 0.000046
  403 	 0.000031 	 0.000036 	 0.000042
  404 	 0.000031 	 0.000036 	 0.000043
  405 	 0.000031 	 0.000036 	 0.000042
  406 	 0.000031 	 0.000035 	 0.000041
  407 	 0.000030 	 0.000036 	 0.000044
  408 	 0.000030 	 0.000036 	 0.000043
  409 	 0.000030 	 0.000036 	 0.000043
  410 	 0.000031 	 0.000036 	 0.000042
  411 	 0.000031 	 0.000036 	 0.000041
  412 	 0.000029 	 0.000036 	 0.000044
  413 	 0.000030 	 0.000036 	 0.000043
  414 	 0.000030 	 0.000036 	 0.000044
  415 	 0.000030 	 0.000036 	 0.000044
  416 	 0.000032 	 0.000036 	 0.000045
  417 	 0.000031 	 0.000036 	 0.000043
  418 	 0.000031 	 0.000036 	 0.000042
  419 	 0.000030 	 0.000036 	 0.000043
  420 	 0.000030 	 0.000036 	 0.000044
  421 	 0.000031 	 0.000036 	 0.000044
  422 	 0.000031 	 0.000036 	 0.000044
  423 	 0.000030 	 0.000036 	 0.000044
  424 	 0.000030 	 0.000036 	 0.000044
  425 	 0.000030 	 0.000036 	 0.000044
  426 	 0.000030 	 0.000036 	 0.000045
  427 	 0.000031 	 0.000036 	 0.000045
  428 	 0.000031 	 0.000036 	 0.000042
  429 	 0.000031 	 0.000036 	 0.000047
  430 	 0.000031 	 0.000036 	 0.000042
  431 	 0.000031 	 0.000036 	 0.000042
  432 	 0.000031 	 0.000036 	 0.000042
  433 	 0.000031 	 0.000036 	 0.000043
  434 	 0.000031 	 0.000036 	 0.000044
  435 	 0.000031 	 0.000036 	 0.000044
  436 	 0.000030 	 0.000036 	 0.000043
  437 	 0.000031 	 0.000036 	 0.000043
  438 	 0.000030 	 0.000036 	 0.000045
  439 	 0.000032 	 0.000036 	 0.000043
  440 	 0.000030 	 0.000036 	 0.000043
  441 	 0.000030 	 0.000036 	 0.000044
  442 	 0.000030 	 0.000036 	 0.000044
  443 	 0.000029 	 0.000036 	 0.000044
  444 	 0.000030 	 0.000036 	 0.000047
  445 	 0.000030 	 0.000036 	 0.000044
  446 	 0.000030 	 0.000036 	 0.000044
  447 	 0.000031 	 0.000037 	 0.000044
  448 	 0.000031 	 0.000037 	 0.000044
  449 	 0.000032 	 0.000037 	 0.000047
  450 	 0.000031 	 0.000037 	 0.000044
  451 	 0.000031 	 0.000037 	 0.000044
  452 	 0.000031 	 0.000036 	 0.000046
  453 	 0.000031 	 0.000036 	 0.000045
  454 	 0.000031 	 0.000036 	 0.000045
  455 	 0.000031 	 0.000036 	 0.000044
  456 	 0.000031 	 0.000036 	 0.000044
  457 	 0.000032 	 0.000036 	 0.000043
  458 	 0.000031 	 0.000036 	 0.000042
  459 	 0.000030 	 0.000036 	 0.000044
  460 	 0.000030 	 0.000036 	 0.000042
  461 	 0.000030 	 0.000036 	 0.000044
  462 	 0.000032 	 0.000036 	 0.000044
  463 	 0.000031 	 0.000036 	 0.000042
  464 	 0.000032 	 0.000036 	 0.000044
  465 	 0.000031 	 0.000036 	 0.000043
  466 	 0.000031 	 0.000036 	 0.000043
  467 	 0.000031 	 0.000036 	 0.000042
  468 	 0.000032 	 0.000036 	 0.000041
  469 	 0.000031 	 0.000036 	 0.000042
  470 	 0.000032 	 0.000036 	 0.000043
  471 	 0.000032 	 0.000036 	 0.000044
  472 	 0.000031 	 0.000036 	 0.000045
  473 	 0.000031 	 0.000036 	 0.000044
  474 	 0.000032 	 0.000036 	 0.000045
  475 	 0.000032 	 0.000036 	 0.000045
  476 	 0.000031 	 0.000036 	 0.000045
  477 	 0.000031 	 0.000036 	 0.000042
  478 	 0.000030 	 0.000036 	 0.000044
  479 	 0.000031 	 0.000036 	 0.000045
  480 	 0.000030 	 0.000036 	 0.000042
  481 	 0.000031 	 0.000036 	 0.000042
  482 	 0.000031 	 0.000036 	 0.000043
  483 	 0.000031 	 0.000036 	 0.000041
  484 	 0.000030 	 0.000036 	 0.000043
  485 	 0.000030 	 0.000036 	 0.000045
  486 	 0.000031 	 0.000036 	 0.000043
  487 	 0.000031 	 0.000036 	 0.000042
  488 	 0.000031 	 0.000036 	 0.000043
  489 	 0.000031 	 0.000036 	 0.000042
  490 	 0.000031 	 0.000035 	 0.000042
  491 	 0.000031 	 0.000036 	 0.000043
  492 	 0.000030 	 0.000036 	 0.000042
  493 	 0.000030 	 0.000036 	 0.000042
  494 	 0.000031 	 0.000036 	 0.000042
  495 	 0.000031 	 0.000036 	 0.000042
  496 	 0.000031 	 0.000036 	 0.000042
  497 	 0.000031 	 0.000036 	 0.000042
  498 	 0.000031 	 0.000036 	 0.000043
  499 	 0.000030 	 0.000036 	 0.000041
 