   0 	 0.000030 	 0.000034 	 0.000040
    1 	 0.000031 	 0.000035 	 0.000040
    2 	 0.000031 	 0.000035 	 0.000042
    3 	 0.000030 	 0.000035 	 0.000042
    4 	 0.000031 	 0.000035 	 0.000041
    5 	 0.000030 	 0.000035 	 0.000041
    6 	 0.000030 	 0.000035 	 0.000042
    7 	 0.000030 	 0.000035 	 0.000043
    8 	 0.000030 	 0.000035 	 0.000041
    9 	 0.000030 	 0.000035 	 0.000044
   10 	 0.000030 	 0.000035 	 0.000041
   11 	 0.000031 	 0.000035 	 0.000043
   12 	 0.000031 	 0.000035 	 0.000041
   13 	 0.000031 	 0.000036 	 0.000042
   14 	 0.000031 	 0.000036 	 0.000043
   15 	 0.000031 	 0.000036 	 0.000043
   16 	 0.000030 	 0.000035 	 0.000042
   17 	 0.000031 	 0.000035 	 0.000040
   18 	 0.000031 	 0.000035 	 0.000042
   19 	 0.000030 	 0.000036 	 0.000042
   20 	 0.000031 	 0.000036 	 0.000040
   21 	 0.000031 	 0.000036 	 0.000040
   22 	 0.000031 	 0.000036 	 0.000043
   23 	 0.000031 	 0.000036 	 0.000041
   24 	 0.000031 	 0.000036 	 0.000046
   25 	 0.000029 	 0.000036 	 0.000046
   26 	 0.000030 	 0.000036 	 0.000046
   27 	 0.000030 	 0.000036 	 0.000042
   28 	 0.000030 	 0.000036 	 0.000044
   29 	 0.000030 	 0.000036 	 0.000044
   30 	 0.000030 	 0.000036 	 0.000044
   31 	 0.000030 	 0.000036 	 0.000045
   32 	 0.000030 	 0.000036 	 0.000045
   33 	 0.000030 	 0.000036 	 0.000043
   34 	 0.000031 	 0.000036 	 0.000046
   35 	 0.000031 	 0.000036 	 0.000045
   36 	 0.000031 	 0.000036 	 0.000044
   37 	 0.000031 	 0.000036 	 0.000045
   38 	 0.000031 	 0.000036 	 0.000045
   39 	 0.000031 	 0.000036 	 0.000045
   40 	 0.000030 	 0.000036 	 0.000046
   41 	 0.000030 	 0.000036 	 0.000043
   42 	 0.000031 	 0.000036 	 0.000042
   43 	 0.000030 	 0.000036 	 0.000043
   44 	 0.000030 	 0.000036 	 0.000044
   45 	 0.000031 	 0.000036 	 0.000043
   46 	 0.000031 	 0.000036 	 0.000043
   47 	 0.000031 	 0.000036 	 0.000044
   48 	 0.000030 	 0.000036 	 0.000044
   49 	 0.000031 	 0.000036 	 0.000043
   50 	 0.000031 	 0.000036 	 0.000043
   51 	 0.000030 	 0.000035 	 0.000043
   52 	 0.000031 	 0.000035 	 0.000047
   53 	 0.000030 	 0.000035 	 0.000045
   54 	 0.000031 	 0.000035 	 0.000045
   55 	 0.000030 	 0.000035 	 0.000045
   56 	 0.000030 	 0.000035 	 0.000043
   57 	 0.000030 	 0.000036 	 0.000044
   58 	 0.000030 	 0.000036 	 0.000043
   59 	 0.000029 	 0.000035 	 0.000043
   60 	 0.000030 	 0.000035 	 0.000042
   61 	 0.000031 	 0.000036 	 0.000042
   62 	 0.000030 	 0.000035 	 0.000042
   63 	 0.000031 	 0.000035 	 0.000044
   64 	 0.000031 	 0.000036 	 0.000044
   65 	 0.000031 	 0.000036 	 0.000044
   66 	 0.000030 	 0.000036 	 0.000043
   67 	 0.000031 	 0.000036 	 0.000044
   68 	 0.000031 	 0.000036 	 0.000043
   69 	 0.000032 	 0.000036 	 0.000043
   70 	 0.000031 	 0.000036 	 0.000042
   71 	 0.000031 	 0.000036 	 0.000042
   72 	 0.000030 	 0.000036 	 0.000044
   73 	 0.000030 	 0.000036 	 0.000044
   74 	 0.000032 	 0.000036 	 0.000046
   75 	 0.000031 	 0.000036 	 0.000045
   76 	 0.000032 	 0.000036 	 0.000046
   77 	 0.000031 	 0.000036 	 0.000044
   78 	 0.000031 	 0.000036 	 0.000045
   79 	 0.000031 	 0.000036 	 0.000045
   80 	 0.000031 	 0.000036 	 0.000045
   81 	 0.000031 	 0.000036 	 0.000043
   82 	 0.000030 	 0.000036 	 0.000044
   83 	 0.000031 	 0.000036 	 0.000043
   84 	 0.000030 	 0.000036 	 0.000044
   85 	 0.000030 	 0.000036 	 0.000046
   86 	 0.000032 	 0.000036 	 0.000045
   87 	 0.000030 	 0.000036 	 0.000045
   88 	 0.000031 	 0.000036 	 0.000044
   89 	 0.000032 	 0.000036 	 0.000043
   90 	 0.000030 	 0.000036 	 0.000044
   91 	 0.000031 	 0.000036 	 0.000044
   92 	 0.000030 	 0.000036 	 0.000044
   93 	 0.000031 	 0.000036 	 0.000046
   94 	 0.000031 	 0.000036 	 0.000043
   95 	 0.000031 	 0.000036 	 0.000044
   96 	 0.000031 	 0.000036 	 0.000042
   97 	 0.000032 	 0.000036 	 0.000042
   98 	 0.000031 	 0.000036 	 0.000043
   99 	 0.000030 	 0.000036 	 0.000043
  100 	 0.000031 	 0.000036 	 0.000043
  101 	 0.000031 	 0.000035 	 0.000042
  102 	 0.000030 	 0.000036 	 0.000043
  103 	 0.000030 	 0.000036 	 0.000044
  104 	 0.000031 	 0.000036 	 0.000045
  105 	 0.000031 	 0.000036 	 0.000044
  106 	 0.000031 	 0.000036 	 0.000044
  107 	 0.000030 	 0.000036 	 0.000042
  108 	 0.000030 	 0.000036 	 0.000044
  109 	 0.000030 	 0.000036 	 0.000042
  110 	 0.000031 	 0.000036 	 0.000043
  111 	 0.000031 	 0.000036 	 0.000042
  112 	 0.000032 	 0.000036 	 0.000043
  113 	 0.000031 	 0.000036 	 0.000043
  114 	 0.000030 	 0.000036 	 0.000041
  115 	 0.000030 	 0.000036 	 0.000042
  116 	 0.000029 	 0.000036 	 0.000042
  117 	 0.000029 	 0.000036 	 0.000045
  118 	 0.000031 	 0.000036 	 0.000046
  119 	 0.000031 	 0.000036 	 0.000043
  120 	 0.000031 	 0.000036 	 0.000044
  121 	 0.000031 	 0.000036 	 0.000046
  122 	 0.000031 	 0.000036 	 0.000043
  123 	 0.000031 	 0.000036 	 0.000044
  124 	 0.000030 	 0.000036 	 0.000043
  125 	 0.000030 	 0.000036 	 0.000045
  126 	 0.000031 	 0.000036 	 0.000043
  127 	 0.000030 	 0.000036 	 0.000043
  128 	 0.000030 	 0.000037 	 0.000042
  129 	 0.000030 	 0.000036 	 0.000046
  130 	 0.000031 	 0.000036 	 0.000043
  131 	 0.000031 	 0.000036 	 0.000043
  132 	 0.000030 	 0.000036 	 0.000042
  133 	 0.000031 	 0.000036 	 0.000041
  134 	 0.000031 	 0.000036 	 0.000041
  135 	 0.000031 	 0.000036 	 0.000046
  136 	 0.000031 	 0.000036 	 0.000045
  137 	 0.000031 	 0.000036 	 0.000042
  138 	 0.000030 	 0.000036 	 0.000042
  139 	 0.000031 	 0.000036 	 0.000043
  140 	 0.000030 	 0.000035 	 0.000041
  141 	 0.000030 	 0.000035 	 0.000041
  142 	 0.000031 	 0.000035 	 0.000045
  143 	 0.000031 	 0.000036 	 0.000044
  144 	 0.000031 	 0.000035 	 0.000044
  145 	 0.000031 	 0.000036 	 0.000044
  146 	 0.000031 	 0.000035 	 0.000043
  147 	 0.000030 	 0.000036 	 0.000044
  148 	 0.000031 	 0.000035 	 0.000044
  149 	 0.000030 	 0.000035 	 0.000044
  150 	 0.000030 	 0.000035 	 0.000042
  151 	 0.000030 	 0.000035 	 0.000042
  152 	 0.000030 	 0.000035 	 0.000041
  153 	 0.000031 	 0.000036 	 0.000042
  154 	 0.000031 	 0.000036 	 0.000042
  155 	 0.000031 	 0.000036 	 0.000042
  156 	 0.000031 	 0.000036 	 0.000043
  157 	 0.000031 	 0.000036 	 0.000040
  158 	 0.000031 	 0.000036 	 0.000043
  159 	 0.000031 	 0.000036 	 0.000043
  160 	 0.000031 	 0.000036 	 0.000042
  161 	 0.000030 	 0.000036 	 0.000043
  162 	 0.000030 	 0.000036 	 0.000043
  163 	 0.000031 	 0.000036 	 0.000041
  164 	 0.000031 	 0.000036 	 0.000044
  165 	 0.000032 	 0.000036 	 0.000041
  166 	 0.000031 	 0.000036 	 0.000044
  167 	 0.000031 	 0.000036 	 0.000043
  168 	 0.000030 	 0.000036 	 0.000045
  169 	 0.000030 	 0.000036 	 0.000044
  170 	 0.000031 	 0.000036 	 0.000044
  171 	 0.000030 	 0.000037 	 0.000047
  172 	 0.000029 	 0.000036 	 0.000044
  173 	 0.000032 	 0.000036 	 0.000043
  174 	 0.000031 	 0.000036 	 0.000042
  175 	 0.000031 	 0.000036 	 0.000045
  176 	 0.000032 	 0.000036 	 0.000044
  177 	 0.000031 	 0.000036 	 0.000043
  178 	 0.000031 	 0.000036 	 0.000043
  179 	 0.000031 	 0.000036 	 0.000042
  180 	 0.000031 	 0.000037 	 0.000043
  181 	 0.000030 	 0.000036 	 0.000043
  182 	 0.000032 	 0.000036 	 0.000043
  183 	 0.000031 	 0.000037 	 0.000042
  184 	 0.000031 	 0.000037 	 0.000047
  185 	 0.000031 	 0.000037 	 0.000047
  186 	 0.000032 	 0.000037 	 0.000047
  187 	 0.000031 	 0.000037 	 0.000047
  188 	 0.000031 	 0.000037 	 0.000045
  189 	 0.000031 	 0.000036 	 0.000043
  190 	 0.000032 	 0.000036 	 0.000044
  191 	 0.000031 	 0.000037 	 0.000042
  192 	 0.000031 	 0.000036 	 0.000043
  193 	 0.000031 	 0.000036 	 0.000049
  194 	 0.000031 	 0.000036 	 0.000047
  195 	 0.000031 	 0.000036 	 0.000047
  196 	 0.000031 	 0.000036 	 0.000046
  197 	 0.000031 	 0.000036 	 0.000045
  198 	 0.000031 	 0.000036 	 0.000045
  199 	 0.000031 	 0.000036 	 0.000045
  200 	 0.000031 	 0.000036 	 0.000044
  201 	 0.000031 	 0.000036 	 0.000042
  202 	 0.000031 	 0.000036 	 0.000044
  203 	 0.000031 	 0.000036 	 0.000043
  204 	 0.000031 	 0.000036 	 0.000042
  205 	 0.000031 	 0.000036 	 0.000042
  206 	 0.000032 	 0.000036 	 0.000042
  207 	 0.000031 	 0.000036 	 0.000043
  208 	 0.000030 	 0.000036 	 0.000043
  209 	 0.000031 	 0.000036 	 0.000043
  210 	 0.000030 	 0.000036 	 0.000043
  211 	 0.000031 	 0.000036 	 0.000042
  212 	 0.000031 	 0.000035 	 0.000042
  213 	 0.000031 	 0.000035 	 0.000042
  214 	 0.000030 	 0.000036 	 0.000042
  215 	 0.000030 	 0.000036 	 0.000041
  216 	 0.000031 	 0.000036 	 0.000042
  217 	 0.000031 	 0.000035 	 0.000042
  218 	 0.000031 	 0.000036 	 0.000043
  219 	 0.000030 	 0.000036 	 0.000042
  220 	 0.000029 	 0.000035 	 0.000043
  221 	 0.000031 	 0.000036 	 0.000041
  222 	 0.000031 	 0.000036 	 0.000040
  223 	 0.000031 	 0.000036 	 0.000044
  224 	 0.000030 	 0.000035 	 0.000046
  225 	 0.000029 	 0.000035 	 0.000045
  226 	 0.000030 	 0.000035 	 0.000044
  227 	 0.000031 	 0.000035 	 0.000046
  228 	 0.000031 	 0.000035 	 0.000048
  229 	 0.000031 	 0.000035 	 0.000047
  230 	 0.000030 	 0.000035 	 0.000042
  231 	 0.000030 	 0.000035 	 0.000044
  232 	 0.000030 	 0.000035 	 0.000044
  233 	 0.000031 	 0.000036 	 0.000044
  234 	 0.000031 	 0.000036 	 0.000045
  235 	 0.000031 	 0.000036 	 0.000044
  236 	 0.000031 	 0.000036 	 0.000042
  237 	 0.000030 	 0.000035 	 0.000043
  238 	 0.000029 	 0.000036 	 0.000043
  239 	 0.000031 	 0.000036 	 0.000041
  240 	 0.000031 	 0.000035 	 0.000042
  241 	 0.000031 	 0.000035 	 0.000041
  242 	 0.000031 	 0.000035 	 0.000043
  243 	 0.000031 	 0.000035 	 0.000042
  244 	 0.000031 	 0.000035 	 0.000043
  245 	 0.000031 	 0.000036 	 0.000043
  246 	 0.000030 	 0.000036 	 0.000044
  247 	 0.000030 	 0.000036 	 0.000043
  248 	 0.000031 	 0.000036 	 0.000045
  249 	 0.000032 	 0.000036 	 0.000043
  250 	 0.000030 	 0.000036 	 0.000043
  251 	 0.000031 	 0.000036 	 0.000043
  252 	 0.000031 	 0.000036 	 0.000043
  253 	 0.000031 	 0.000036 	 0.000043
  254 	 0.000030 	 0.000036 	 0.000042
  255 	 0.000031 	 0.000036 	 0.000041
  256 	 0.000030 	 0.000036 	 0.000045
  257 	 0.000030 	 0.000036 	 0.000043
  258 	 0.000031 	 0.000036 	 0.000045
  259 	 0.000031 	 0.000036 	 0.000043
  260 	 0.000030 	 0.000036 	 0.000042
  261 	 0.000031 	 0.000036 	 0.000041
  262 	 0.000031 	 0.000036 	 0.000044
  263 	 0.000031 	 0.000036 	 0.000043
  264 	 0.000031 	 0.000037 	 0.000045
  265 	 0.000030 	 0.000036 	 0.000044
  266 	 0.000030 	 0.000036 	 0.000043
  267 	 0.000031 	 0.000037 	 0.000044
  268 	 0.000031 	 0.000037 	 0.000046
  269 	 0.000032 	 0.000037 	 0.000044
  270 	 0.000032 	 0.000037 	 0.000044
  271 	 0.000031 	 0.000037 	 0.000046
  272 	 0.000032 	 0.000036 	 0.000042
  273 	 0.000032 	 0.000036 	 0.000042
  274 	 0.000030 	 0.000036 	 0.000042
  275 	 0.000031 	 0.000036 	 0.000045
  276 	 0.000030 	 0.000036 	 0.000041
  277 	 0.000032 	 0.000036 	 0.000042
  278 	 0.000031 	 0.000036 	 0.000042
  279 	 0.000030 	 0.000036 	 0.000045
  280 	 0.000031 	 0.000036 	 0.000042
  281 	 0.000031 	 0.000036 	 0.000042
  282 	 0.000032 	 0.000036 	 0.000042
  283 	 0.000030 	 0.000036 	 0.000043
  284 	 0.000030 	 0.000035 	 0.000040
  285 	 0.000031 	 0.000036 	 0.000041
  286 	 0.000030 	 0.000035 	 0.000044
  287 	 0.000031 	 0.000036 	 0.000042
  288 	 0.000031 	 0.000036 	 0.000043
  289 	 0.000031 	 0.000036 	 0.000043
  290 	 0.000030 	 0.000036 	 0.000045
  291 	 0.000030 	 0.000036 	 0.000044
  292 	 0.000030 	 0.000036 	 0.000042
  293 	 0.000031 	 0.000036 	 0.000042
  294 	 0.000031 	 0.000036 	 0.000043
  295 	 0.000031 	 0.000036 	 0.000043
  296 	 0.000030 	 0.000036 	 0.000042
  297 	 0.000031 	 0.000036 	 0.000042
  298 	 0.000032 	 0.000036 	 0.000043
  299 	 0.000031 	 0.000036 	 0.000042
  300 	 0.000032 	 0.000036 	 0.000045
  301 	 0.000031 	 0.000036 	 0.000045
  302 	 0.000031 	 0.000036 	 0.000044
  303 	 0.000029 	 0.000036 	 0.000044
  304 	 0.000029 	 0.000036 	 0.000044
  305 	 0.000030 	 0.000036 	 0.000043
  306 	 0.000031 	 0.000036 	 0.000044
  307 	 0.000031 	 0.000036 	 0.000044
  308 	 0.000031 	 0.000036 	 0.000044
  309 	 0.000032 	 0.000036 	 0.000044
  310 	 0.000031 	 0.000036 	 0.000044
  311 	 0.000031 	 0.000036 	 0.000045
  312 	 0.000031 	 0.000036 	 0.000043
  313 	 0.000030 	 0.000036 	 0.000047
  314 	 0.000032 	 0.000036 	 0.000047
  315 	 0.000029 	 0.000037 	 0.000049
  316 	 0.000029 	 0.000036 	 0.000049
  317 	 0.000030 	 0.000037 	 0.000047
  318 	 0.000031 	 0.000036 	 0.000045
  319 	 0.000030 	 0.000036 	 0.000045
  320 	 0.000031 	 0.000037 	 0.000046
  321 	 0.000031 	 0.000036 	 0.000044
  322 	 0.000032 	 0.000036 	 0.000044
  323 	 0.000032 	 0.000036 	 0.000045
  324 	 0.000031 	 0.000036 	 0.000042
  325 	 0.000031 	 0.000036 	 0.000042
  326 	 0.000031 	 0.000036 	 0.000044
  327 	 0.000031 	 0.000036 	 0.000045
  328 	 0.000030 	 0.000036 	 0.000043
  329 	 0.000031 	 0.000036 	 0.000045
  330 	 0.000031 	 0.000036 	 0.000042
  331 	 0.000031 	 0.000036 	 0.000045
  332 	 0.000031 	 0.000036 	 0.000046
  333 	 0.000032 	 0.000036 	 0.000044
  334 	 0.000031 	 0.000036 	 0.000043
  335 	 0.000032 	 0.000036 	 0.000045
  336 	 0.000030 	 0.000036 	 0.000043
  337 	 0.000031 	 0.000036 	 0.000046
  338 	 0.000031 	 0.000036 	 0.000044
  339 	 0.000031 	 0.000036 	 0.000046
  340 	 0.000031 	 0.000036 	 0.000044
  341 	 0.000031 	 0.000036 	 0.000045
  342 	 0.000030 	 0.000036 	 0.000046
  343 	 0.000031 	 0.000036 	 0.000045
  344 	 0.000031 	 0.000037 	 0.000044
  345 	 0.000031 	 0.000036 	 0.000046
  346 	 0.000031 	 0.000036 	 0.000042
  347 	 0.000032 	 0.000036 	 0.000044
  348 	 0.000031 	 0.000036 	 0.000044
  349 	 0.000031 	 0.000036 	 0.000044
  350 	 0.000032 	 0.000036 	 0.000043
  351 	 0.000031 	 0.000036 	 0.000042
  352 	 0.000032 	 0.000036 	 0.000043
  353 	 0.000031 	 0.000036 	 0.000044
  354 	 0.000031 	 0.000036 	 0.000043
  355 	 0.000031 	 0.000036 	 0.000043
  356 	 0.000031 	 0.000036 	 0.000044
  357 	 0.000030 	 0.000036 	 0.000044
  358 	 0.000031 	 0.000036 	 0.000042
  359 	 0.000031 	 0.000036 	 0.000042
  360 	 0.000031 	 0.000036 	 0.000048
  361 	 0.000031 	 0.000036 	 0.000044
  362 	 0.000031 	 0.000036 	 0.000043
  363 	 0.000030 	 0.000036 	 0.000045
  364 	 0.000031 	 0.000036 	 0.000047
  365 	 0.000031 	 0.000036 	 0.000044
  366 	 0.000031 	 0.000036 	 0.000043
  367 	 0.000031 	 0.000036 	 0.000044
  368 	 0.000031 	 0.000036 	 0.000045
  369 	 0.000031 	 0.000036 	 0.000043
  370 	 0.000031 	 0.000037 	 0.000044
  371 	 0.000030 	 0.000037 	 0.000045
  372 	 0.000031 	 0.000037 	 0.000045
  373 	 0.000030 	 0.000037 	 0.000045
  374 	 0.000032 	 0.000037 	 0.000046
  375 	 0.000032 	 0.000037 	 0.000045
  376 	 0.000031 	 0.000036 	 0.000043
  377 	 0.000032 	 0.000036 	 0.000045
  378 	 0.000031 	 0.000036 	 0.000044
  379 	 0.000032 	 0.000037 	 0.000046
  380 	 0.000031 	 0.000037 	 0.000045
  381 	 0.000031 	 0.000037 	 0.000042
  382 	 0.000031 	 0.000037 	 0.000045
  383 	 0.000030 	 0.000036 	 0.000043
  384 	 0.000030 	 0.000036 	 0.000043
  385 	 0.000032 	 0.000037 	 0.000044
  386 	 0.000031 	 0.000037 	 0.000044
  387 	 0.000031 	 0.000037 	 0.000044
  388 	 0.000032 	 0.000037 	 0.000045
  389 	 0.000031 	 0.000037 	 0.000046
  390 	 0.000030 	 0.000037 	 0.000045
  391 	 0.000031 	 0.000037 	 0.000048
  392 	 0.000032 	 0.000037 	 0.000044
  393 	 0.000030 	 0.000037 	 0.000046
  394 	 0.000032 	 0.000037 	 0.000046
  395 	 0.000031 	 0.000037 	 0.000045
  396 	 0.000031 	 0.000037 	 0.000044
  397 	 0.000032 	 0.000037 	 0.000045
  398 	 0.000031 	 0.000038 	 0.000046
  399 	 0.000031 	 0.000037 	 0.000044
  400 	 0.000030 	 0.000037 	 0.000046
  401 	 0.000032 	 0.000037 	 0.000044
  402 	 0.000032 	 0.000037 	 0.000044
  403 	 0.000032 	 0.000037 	 0.000043
  404 	 0.000032 	 0.000037 	 0.000043
  405 	 0.000031 	 0.000037 	 0.000044
  406 	 0.000031 	 0.000037 	 0.000045
  407 	 0.000031 	 0.000037 	 0.000046
  408 	 0.000032 	 0.000037 	 0.000045
  409 	 0.000031 	 0.000037 	 0.000045
  410 	 0.000031 	 0.000037 	 0.000048
  411 	 0.000030 	 0.000037 	 0.000047
  412 	 0.000031 	 0.000037 	 0.000045
  413 	 0.000030 	 0.000037 	 0.000048
  414 	 0.000031 	 0.000037 	 0.000048
  415 	 0.000032 	 0.000037 	 0.000043
  416 	 0.000032 	 0.000037 	 0.000045
  417 	 0.000032 	 0.000037 	 0.000043
  418 	 0.000031 	 0.000036 	 0.000043
  419 	 0.000032 	 0.000037 	 0.000045
  420 	 0.000031 	 0.000037 	 0.000043
  421 	 0.000031 	 0.000036 	 0.000044
  422 	 0.000031 	 0.000037 	 0.000043
  423 	 0.000031 	 0.000036 	 0.000043
  424 	 0.000030 	 0.000036 	 0.000043
  425 	 0.000031 	 0.000036 	 0.000043
  426 	 0.000032 	 0.000036 	 0.000043
  427 	 0.000030 	 0.000036 	 0.000044
  428 	 0.000031 	 0.000036 	 0.000043
  429 	 0.000031 	 0.000036 	 0.000044
  430 	 0.000032 	 0.000036 	 0.000043
  431 	 0.000031 	 0.000036 	 0.000042
  432 	 0.000031 	 0.000036 	 0.000044
  433 	 0.000031 	 0.000037 	 0.000044
  434 	 0.000030 	 0.000037 	 0.000046
  435 	 0.000031 	 0.000037 	 0.000043
  436 	 0.000031 	 0.000036 	 0.000045
  437 	 0.000031 	 0.000037 	 0.000043
  438 	 0.000031 	 0.000036 	 0.000044
  439 	 0.000029 	 0.000036 	 0.000046
  440 	 0.000030 	 0.000036 	 0.000047
  441 	 0.000032 	 0.000036 	 0.000044
  442 	 0.000031 	 0.000036 	 0.000045
  443 	 0.000030 	 0.000036 	 0.000046
  444 	 0.000030 	 0.000036 	 0.000044
  445 	 0.000031 	 0.000036 	 0.000044
  446 	 0.000032 	 0.000037 	 0.000045
  447 	 0.000031 	 0.000037 	 0.000048
  448 	 0.000032 	 0.000036 	 0.000046
  449 	 0.000030 	 0.000036 	 0.000046
  450 	 0.000031 	 0.000037 	 0.000048
  451 	 0.000031 	 0.000037 	 0.000046
  452 	 0.000032 	 0.000037 	 0.000047
  453 	 0.000030 	 0.000037 	 0.000046
  454 	 0.000032 	 0.000037 	 0.000047
  455 	 0.000030 	 0.000037 	 0.000044
  456 	 0.000030 	 0.000037 	 0.000046
  457 	 0.000032 	 0.000037 	 0.000044
  458 	 0.000031 	 0.000037 	 0.000045
  459 	 0.000032 	 0.000037 	 0.000044
  460 	 0.000031 	 0.000037 	 0.000044
  461 	 0.000031 	 0.000036 	 0.000046
  462 	 0.000032 	 0.000036 	 0.000042
  463 	 0.000032 	 0.000036 	 0.000044
  464 	 0.000031 	 0.000037 	 0.000045
  465 	 0.000031 	 0.000037 	 0.000043
  466 	 0.000032 	 0.000037 	 0.000044
  467 	 0.000033 	 0.000037 	 0.000044
  468 	 0.000031 	 0.000037 	 0.000045
  469 	 0.000030 	 0.000037 	 0.000044
  470 	 0.000032 	 0.000037 	 0.000043
  471 	 0.000031 	 0.000036 	 0.000043
  472 	 0.000031 	 0.000036 	 0.000043
  473 	 0.000031 	 0.000036 	 0.000043
  474 	 0.000032 	 0.000036 	 0.000041
  475 	 0.000031 	 0.000036 	 0.000045
  476 	 0.000030 	 0.000036 	 0.000042
  477 	 0.000031 	 0.000036 	 0.000045
  478 	 0.000032 	 0.000036 	 0.000043
  479 	 0.000031 	 0.000037 	 0.000044
  480 	 0.000031 	 0.000037 	 0.000045
  481 	 0.000031 	 0.000037 	 0.000045
  482 	 0.000030 	 0.000037 	 0.000047
  483 	 0.000030 	 0.000037 	 0.000043
  484 	 0.000031 	 0.000037 	 0.000047
  485 	 0.000031 	 0.000037 	 0.000045
  486 	 0.000031 	 0.000037 	 0.000046
  487 	 0.000031 	 0.000037 	 0.000044
  488 	 0.000032 	 0.000037 	 0.000045
  489 	 0.000030 	 0.000037 	 0.000046
  490 	 0.000031 	 0.000037 	 0.000046
  491 	 0.000032 	 0.000037 	 0.000046
  492 	 0.000031 	 0.000037 	 0.000046
  493 	 0.000032 	 0.000037 	 0.000044
  494 	 0.000031 	 0.000037 	 0.000045
  495 	 0.000030 	 0.000037 	 0.000043
  496 	 0.000031 	 0.000037 	 0.000044
  497 	 0.000032 	 0.000037 	 0.000047
  498 	 0.000032 	 0.000037 	 0.000051
  499 	 0.000032 	 0.000037 	 0.000044
 