   0 	 0.000030 	 0.000034 	 0.000040
    1 	 0.000030 	 0.000034 	 0.000041
    2 	 0.000031 	 0.000035 	 0.000041
    3 	 0.000030 	 0.000035 	 0.000042
    4 	 0.000030 	 0.000035 	 0.000043
    5 	 0.000030 	 0.000035 	 0.000043
    6 	 0.000029 	 0.000035 	 0.000045
    7 	 0.000030 	 0.000035 	 0.000046
    8 	 0.000030 	 0.000035 	 0.000043
    9 	 0.000030 	 0.000035 	 0.000043
   10 	 0.000031 	 0.000035 	 0.000043
   11 	 0.000031 	 0.000035 	 0.000043
   12 	 0.000031 	 0.000035 	 0.000040
   13 	 0.000031 	 0.000036 	 0.000042
   14 	 0.000029 	 0.000036 	 0.000045
   15 	 0.000031 	 0.000036 	 0.000044
   16 	 0.000031 	 0.000036 	 0.000044
   17 	 0.000031 	 0.000036 	 0.000041
   18 	 0.000031 	 0.000036 	 0.000042
   19 	 0.000031 	 0.000036 	 0.000043
   20 	 0.000031 	 0.000036 	 0.000043
   21 	 0.000032 	 0.000036 	 0.000045
   22 	 0.000031 	 0.000036 	 0.000043
   23 	 0.000031 	 0.000037 	 0.000044
   24 	 0.000031 	 0.000036 	 0.000044
   25 	 0.000031 	 0.000037 	 0.000046
   26 	 0.000032 	 0.000037 	 0.000046
   27 	 0.000031 	 0.000037 	 0.000045
   28 	 0.000032 	 0.000037 	 0.000047
   29 	 0.000031 	 0.000037 	 0.000047
   30 	 0.000032 	 0.000037 	 0.000045
   31 	 0.000032 	 0.000036 	 0.000044
   32 	 0.000031 	 0.000037 	 0.000045
   33 	 0.000032 	 0.000037 	 0.000046
   34 	 0.000031 	 0.000036 	 0.000044
   35 	 0.000030 	 0.000036 	 0.000045
   36 	 0.000031 	 0.000036 	 0.000044
   37 	 0.000030 	 0.000036 	 0.000044
   38 	 0.000031 	 0.000036 	 0.000043
   39 	 0.000031 	 0.000036 	 0.000044
   40 	 0.000030 	 0.000036 	 0.000042
   41 	 0.000030 	 0.000036 	 0.000043
   42 	 0.000031 	 0.000036 	 0.000045
   43 	 0.000032 	 0.000036 	 0.000043
   44 	 0.000032 	 0.000036 	 0.000043
   45 	 0.000030 	 0.000036 	 0.000045
   46 	 0.000031 	 0.000036 	 0.000044
   47 	 0.000031 	 0.000036 	 0.000043
   48 	 0.000029 	 0.000036 	 0.000046
   49 	 0.000030 	 0.000036 	 0.000044
   50 	 0.000032 	 0.000036 	 0.000043
   51 	 0.000030 	 0.000036 	 0.000047
   52 	 0.000031 	 0.000036 	 0.000045
   53 	 0.000031 	 0.000036 	 0.000044
   54 	 0.000030 	 0.000036 	 0.000043
   55 	 0.000031 	 0.000036 	 0.000044
   56 	 0.000030 	 0.000036 	 0.000047
   57 	 0.000031 	 0.000036 	 0.000049
   58 	 0.000029 	 0.000036 	 0.000043
   59 	 0.000030 	 0.000036 	 0.000043
   60 	 0.000030 	 0.000036 	 0.000044
   61 	 0.000031 	 0.000036 	 0.000044
   62 	 0.000030 	 0.000036 	 0.000041
   63 	 0.000031 	 0.000036 	 0.000042
   64 	 0.000030 	 0.000036 	 0.000045
   65 	 0.000030 	 0.000036 	 0.000043
   66 	 0.000032 	 0.000036 	 0.000047
   67 	 0.000031 	 0.000036 	 0.000045
   68 	 0.000031 	 0.000036 	 0.000045
   69 	 0.000031 	 0.000036 	 0.000044
   70 	 0.000031 	 0.000036 	 0.000045
   71 	 0.000031 	 0.000036 	 0.000042
   72 	 0.000030 	 0.000036 	 0.000042
   73 	 0.000030 	 0.000036 	 0.000046
   74 	 0.000030 	 0.000036 	 0.000047
   75 	 0.000031 	 0.000036 	 0.000043
   76 	 0.000031 	 0.000036 	 0.000042
   77 	 0.000030 	 0.000036 	 0.000043
   78 	 0.000031 	 0.000036 	 0.000042
   79 	 0.000031 	 0.000036 	 0.000044
   80 	 0.000030 	 0.000036 	 0.000042
   81 	 0.000030 	 0.000036 	 0.000044
   82 	 0.000031 	 0.000036 	 0.000044
   83 	 0.000031 	 0.000036 	 0.000044
   84 	 0.000031 	 0.000036 	 0.000045
   85 	 0.000032 	 0.000036 	 0.000045
   86 	 0.000031 	 0.000036 	 0.000045
   87 	 0.000031 	 0.000036 	 0.000043
   88 	 0.000031 	 0.000036 	 0.000043
   89 	 0.000031 	 0.000036 	 0.000042
   90 	 0.000031 	 0.000036 	 0.000041
   91 	 0.000031 	 0.000036 	 0.000042
   92 	 0.000030 	 0.000036 	 0.000042
   93 	 0.000030 	 0.000036 	 0.000044
   94 	 0.000030 	 0.000036 	 0.000042
   95 	 0.000030 	 0.000036 	 0.000042
   96 	 0.000031 	 0.000036 	 0.000043
   97 	 0.000031 	 0.000036 	 0.000045
   98 	 0.000031 	 0.000036 	 0.000043
   99 	 0.000030 	 0.000036 	 0.000044
  100 	 0.000030 	 0.000036 	 0.000043
  101 	 0.000030 	 0.000036 	 0.000043
  102 	 0.000031 	 0.000036 	 0.000043
  103 	 0.000031 	 0.000036 	 0.000044
  104 	 0.000031 	 0.000036 	 0.000044
  105 	 0.000031 	 0.000036 	 0.000044
  106 	 0.000031 	 0.000036 	 0.000042
  107 	 0.000031 	 0.000036 	 0.000045
  108 	 0.000031 	 0.000036 	 0.000045
  109 	 0.000032 	 0.000036 	 0.000046
  110 	 0.000030 	 0.000037 	 0.000043
  111 	 0.000030 	 0.000036 	 0.000045
  112 	 0.000030 	 0.000036 	 0.000043
  113 	 0.000031 	 0.000036 	 0.000042
  114 	 0.000032 	 0.000036 	 0.000042
  115 	 0.000031 	 0.000036 	 0.000041
  116 	 0.000030 	 0.000036 	 0.000042
  117 	 0.000030 	 0.000036 	 0.000042
  118 	 0.000031 	 0.000036 	 0.000045
  119 	 0.000031 	 0.000036 	 0.000045
  120 	 0.000030 	 0.000036 	 0.000042
  121 	 0.000030 	 0.000036 	 0.000043
  122 	 0.000031 	 0.000036 	 0.000043
  123 	 0.000031 	 0.000037 	 0.000044
  124 	 0.000029 	 0.000036 	 0.000044
  125 	 0.000030 	 0.000036 	 0.000043
  126 	 0.000031 	 0.000036 	 0.000045
  127 	 0.000030 	 0.000036 	 0.000043
  128 	 0.000030 	 0.000036 	 0.000044
  129 	 0.000031 	 0.000036 	 0.000044
  130 	 0.000030 	 0.000036 	 0.000042
  131 	 0.000032 	 0.000036 	 0.000044
  132 	 0.000031 	 0.000036 	 0.000045
  133 	 0.000031 	 0.000036 	 0.000044
  134 	 0.000030 	 0.000036 	 0.000044
  135 	 0.000030 	 0.000036 	 0.000045
  136 	 0.000030 	 0.000036 	 0.000045
  137 	 0.000030 	 0.000037 	 0.000046
  138 	 0.000031 	 0.000037 	 0.000045
  139 	 0.000031 	 0.000037 	 0.000044
  140 	 0.000032 	 0.000037 	 0.000044
  141 	 0.000031 	 0.000037 	 0.000045
  142 	 0.000032 	 0.000037 	 0.000045
  143 	 0.000031 	 0.000037 	 0.000045
  144 	 0.000031 	 0.000036 	 0.000044
  145 	 0.000031 	 0.000036 	 0.000043
  146 	 0.000031 	 0.000037 	 0.000045
  147 	 0.000032 	 0.000037 	 0.000043
  148 	 0.000031 	 0.000037 	 0.000043
  149 	 0.000031 	 0.000037 	 0.000043
  150 	 0.000030 	 0.000037 	 0.000046
  151 	 0.000030 	 0.000037 	 0.000043
  152 	 0.000030 	 0.000037 	 0.000043
  153 	 0.000031 	 0.000037 	 0.000044
  154 	 0.000031 	 0.000037 	 0.000044
  155 	 0.000031 	 0.000037 	 0.000046
  156 	 0.000031 	 0.000037 	 0.000043
  157 	 0.000031 	 0.000036 	 0.000042
  158 	 0.000031 	 0.000036 	 0.000044
  159 	 0.000030 	 0.000036 	 0.000043
  160 	 0.000031 	 0.000037 	 0.000043
  161 	 0.000031 	 0.000037 	 0.000043
  162 	 0.000031 	 0.000036 	 0.000043
  163 	 0.000030 	 0.000036 	 0.000045
  164 	 0.000031 	 0.000036 	 0.000044
  165 	 0.000031 	 0.000036 	 0.000044
  166 	 0.000031 	 0.000036 	 0.000044
  167 	 0.000031 	 0.000036 	 0.000044
  168 	 0.000031 	 0.000036 	 0.000044
  169 	 0.000028 	 0.000036 	 0.000044
  170 	 0.000031 	 0.000036 	 0.000044
  171 	 0.000030 	 0.000036 	 0.000044
  172 	 0.000030 	 0.000036 	 0.000042
  173 	 0.000031 	 0.000036 	 0.000044
  174 	 0.000031 	 0.000036 	 0.000042
  175 	 0.000031 	 0.000036 	 0.000043
  176 	 0.000031 	 0.000036 	 0.000043
  177 	 0.000031 	 0.000036 	 0.000042
  178 	 0.000032 	 0.000036 	 0.000044
  179 	 0.000031 	 0.000036 	 0.000043
  180 	 0.000032 	 0.000036 	 0.000048
  181 	 0.000031 	 0.000036 	 0.000043
  182 	 0.000032 	 0.000036 	 0.000044
  183 	 0.000031 	 0.000036 	 0.000044
  184 	 0.000032 	 0.000036 	 0.000047
  185 	 0.000031 	 0.000036 	 0.000045
  186 	 0.000031 	 0.000036 	 0.000041
  187 	 0.000031 	 0.000036 	 0.000042
  188 	 0.000031 	 0.000036 	 0.000042
  189 	 0.000031 	 0.000035 	 0.000042
  190 	 0.000030 	 0.000035 	 0.000044
  191 	 0.000029 	 0.000035 	 0.000043
  192 	 0.000030 	 0.000036 	 0.000043
  193 	 0.000031 	 0.000036 	 0.000041
  194 	 0.000029 	 0.000035 	 0.000041
  195 	 0.000030 	 0.000035 	 0.000044
  196 	 0.000031 	 0.000036 	 0.000044
  197 	 0.000031 	 0.000036 	 0.000045
  198 	 0.000031 	 0.000036 	 0.000044
  199 	 0.000031 	 0.000036 	 0.000047
  200 	 0.000031 	 0.000036 	 0.000046
  201 	 0.000030 	 0.000035 	 0.000043
  202 	 0.000031 	 0.000036 	 0.000043
  203 	 0.000031 	 0.000036 	 0.000043
  204 	 0.000031 	 0.000036 	 0.000045
  205 	 0.000030 	 0.000036 	 0.000045
  206 	 0.000031 	 0.000036 	 0.000044
  207 	 0.000032 	 0.000036 	 0.000046
  208 	 0.000031 	 0.000037 	 0.000046
  209 	 0.000031 	 0.000037 	 0.000047
  210 	 0.000031 	 0.000036 	 0.000045
  211 	 0.000030 	 0.000036 	 0.000044
  212 	 0.000030 	 0.000036 	 0.000042
  213 	 0.000030 	 0.000036 	 0.000042
  214 	 0.000030 	 0.000036 	 0.000043
  215 	 0.000031 	 0.000036 	 0.000042
  216 	 0.000031 	 0.000036 	 0.000045
  217 	 0.000032 	 0.000036 	 0.000044
  218 	 0.000031 	 0.000036 	 0.000045
  219 	 0.000032 	 0.000036 	 0.000042
  220 	 0.000031 	 0.000036 	 0.000045
  221 	 0.000031 	 0.000036 	 0.000045
  222 	 0.000031 	 0.000036 	 0.000043
  223 	 0.000032 	 0.000036 	 0.000043
  224 	 0.000032 	 0.000037 	 0.000043
  225 	 0.000032 	 0.000036 	 0.000042
  226 	 0.000032 	 0.000037 	 0.000043
  227 	 0.000031 	 0.000037 	 0.000047
  228 	 0.000032 	 0.000037 	 0.000047
  229 	 0.000031 	 0.000036 	 0.000048
  230 	 0.000031 	 0.000036 	 0.000043
  231 	 0.000030 	 0.000037 	 0.000044
  232 	 0.000031 	 0.000036 	 0.000045
  233 	 0.000031 	 0.000037 	 0.000043
  234 	 0.000032 	 0.000037 	 0.000042
  235 	 0.000031 	 0.000036 	 0.000044
  236 	 0.000031 	 0.000036 	 0.000044
  237 	 0.000031 	 0.000037 	 0.000044
  238 	 0.000031 	 0.000037 	 0.000044
  239 	 0.000031 	 0.000036 	 0.000043
  240 	 0.000031 	 0.000037 	 0.000043
  241 	 0.000032 	 0.000037 	 0.000044
  242 	 0.000030 	 0.000036 	 0.000042
  243 	 0.000030 	 0.000036 	 0.000043
  244 	 0.000029 	 0.000036 	 0.000041
  245 	 0.000031 	 0.000036 	 0.000043
  246 	 0.000030 	 0.000036 	 0.000043
  247 	 0.000030 	 0.000036 	 0.000041
  248 	 0.000031 	 0.000035 	 0.000042
  249 	 0.000031 	 0.000036 	 0.000044
  250 	 0.000031 	 0.000036 	 0.000043
  251 	 0.000031 	 0.000036 	 0.000043
  252 	 0.000030 	 0.000036 	 0.000043
  253 	 0.000031 	 0.000036 	 0.000044
  254 	 0.000031 	 0.000036 	 0.000046
  255 	 0.000030 	 0.000036 	 0.000044
  256 	 0.000029 	 0.000036 	 0.000043
  257 	 0.000031 	 0.000036 	 0.000045
  258 	 0.000030 	 0.000036 	 0.000042
  259 	 0.000031 	 0.000036 	 0.000042
  260 	 0.000031 	 0.000036 	 0.000044
  261 	 0.000031 	 0.000036 	 0.000044
  262 	 0.000030 	 0.000036 	 0.000043
  263 	 0.000032 	 0.000036 	 0.000044
  264 	 0.000031 	 0.000036 	 0.000044
  265 	 0.000031 	 0.000036 	 0.000043
  266 	 0.000030 	 0.000036 	 0.000043
  267 	 0.000031 	 0.000036 	 0.000043
  268 	 0.000031 	 0.000036 	 0.000043
  269 	 0.000030 	 0.000036 	 0.000044
  270 	 0.000031 	 0.000036 	 0.000043
  271 	 0.000031 	 0.000036 	 0.000043
  272 	 0.000031 	 0.000036 	 0.000045
  273 	 0.000031 	 0.000036 	 0.000046
  274 	 0.000031 	 0.000036 	 0.000045
  275 	 0.000030 	 0.000036 	 0.000044
  276 	 0.000031 	 0.000036 	 0.000042
  277 	 0.000030 	 0.000035 	 0.000043
  278 	 0.000030 	 0.000035 	 0.000045
  279 	 0.000031 	 0.000036 	 0.000046
  280 	 0.000030 	 0.000035 	 0.000045
  281 	 0.000030 	 0.000035 	 0.000042
  282 	 0.000030 	 0.000035 	 0.000041
  283 	 0.000030 	 0.000036 	 0.000041
  284 	 0.000032 	 0.000036 	 0.000041
  285 	 0.000031 	 0.000036 	 0.000042
  286 	 0.000030 	 0.000036 	 0.000042
  287 	 0.000030 	 0.000036 	 0.000042
  288 	 0.000030 	 0.000036 	 0.000042
  289 	 0.000030 	 0.000036 	 0.000042
  290 	 0.000030 	 0.000036 	 0.000041
  291 	 0.000030 	 0.000036 	 0.000043
  292 	 0.000031 	 0.000036 	 0.000041
  293 	 0.000030 	 0.000036 	 0.000041
  294 	 0.000030 	 0.000036 	 0.000041
  295 	 0.000031 	 0.000036 	 0.000043
  296 	 0.000031 	 0.000036 	 0.000040
  297 	 0.000031 	 0.000036 	 0.000041
  298 	 0.000031 	 0.000036 	 0.000041
  299 	 0.000030 	 0.000036 	 0.000042
  300 	 0.000030 	 0.000036 	 0.000042
  301 	 0.000030 	 0.000036 	 0.000044
  302 	 0.000030 	 0.000036 	 0.000042
  303 	 0.000030 	 0.000036 	 0.000044
  304 	 0.000031 	 0.000036 	 0.000045
  305 	 0.000030 	 0.000036 	 0.000045
  306 	 0.000031 	 0.000036 	 0.000042
  307 	 0.000032 	 0.000036 	 0.000045
  308 	 0.000030 	 0.000036 	 0.000045
  309 	 0.000030 	 0.000035 	 0.000041
  310 	 0.000031 	 0.000036 	 0.000042
  311 	 0.000030 	 0.000036 	 0.000041
  312 	 0.000031 	 0.000036 	 0.000042
  313 	 0.000030 	 0.000036 	 0.000042
  314 	 0.000031 	 0.000036 	 0.000042
  315 	 0.000031 	 0.000036 	 0.000042
  316 	 0.000030 	 0.000036 	 0.000041
  317 	 0.000031 	 0.000036 	 0.000043
  318 	 0.000031 	 0.000035 	 0.000041
  319 	 0.000030 	 0.000035 	 0.000044
  320 	 0.000030 	 0.000036 	 0.000043
  321 	 0.000031 	 0.000035 	 0.000043
  322 	 0.000032 	 0.000035 	 0.000044
  323 	 0.000030 	 0.000035 	 0.000043
  324 	 0.000030 	 0.000036 	 0.000042
  325 	 0.000030 	 0.000035 	 0.000043
  326 	 0.000030 	 0.000035 	 0.000042
  327 	 0.000031 	 0.000036 	 0.000042
  328 	 0.000031 	 0.000036 	 0.000041
  329 	 0.000031 	 0.000036 	 0.000042
  330 	 0.000030 	 0.000036 	 0.000041
  331 	 0.000031 	 0.000035 	 0.000041
  332 	 0.000031 	 0.000036 	 0.000044
  333 	 0.000031 	 0.000035 	 0.000041
  334 	 0.000030 	 0.000035 	 0.000043
  335 	 0.000031 	 0.000035 	 0.000043
  336 	 0.000031 	 0.000036 	 0.000043
  337 	 0.000031 	 0.000036 	 0.000044
  338 	 0.000031 	 0.000036 	 0.000042
  339 	 0.000031 	 0.000036 	 0.000042
  340 	 0.000031 	 0.000036 	 0.000043
  341 	 0.000030 	 0.000036 	 0.000043
  342 	 0.000031 	 0.000036 	 0.000043
  343 	 0.000031 	 0.000036 	 0.000043
  344 	 0.000030 	 0.000035 	 0.000041
  345 	 0.000031 	 0.000036 	 0.000042
  346 	 0.000029 	 0.000036 	 0.000043
  347 	 0.000030 	 0.000036 	 0.000042
  348 	 0.000030 	 0.000036 	 0.000045
  349 	 0.000030 	 0.000036 	 0.000046
  350 	 0.000031 	 0.000036 	 0.000044
  351 	 0.000030 	 0.000036 	 0.000042
  352 	 0.000030 	 0.000036 	 0.000043
  353 	 0.000030 	 0.000036 	 0.000044
  354 	 0.000031 	 0.000036 	 0.000042
  355 	 0.000031 	 0.000036 	 0.000043
  356 	 0.000032 	 0.000036 	 0.000044
  357 	 0.000031 	 0.000036 	 0.000043
  358 	 0.000031 	 0.000036 	 0.000043
  359 	 0.000031 	 0.000036 	 0.000042
  360 	 0.000030 	 0.000036 	 0.000043
  361 	 0.000030 	 0.000036 	 0.000044
  362 	 0.000030 	 0.000036 	 0.000044
  363 	 0.000030 	 0.000036 	 0.000045
  364 	 0.000031 	 0.000036 	 0.000043
  365 	 0.000031 	 0.000036 	 0.000043
  366 	 0.000031 	 0.000036 	 0.000044
  367 	 0.000031 	 0.000036 	 0.000043
  368 	 0.000030 	 0.000036 	 0.000042
  369 	 0.000031 	 0.000036 	 0.000044
  370 	 0.000030 	 0.000036 	 0.000042
  371 	 0.000030 	 0.000036 	 0.000042
  372 	 0.000031 	 0.000036 	 0.000042
  373 	 0.000031 	 0.000036 	 0.000042
  374 	 0.000031 	 0.000036 	 0.000041
  375 	 0.000031 	 0.000036 	 0.000042
  376 	 0.000030 	 0.000036 	 0.000046
  377 	 0.000030 	 0.000036 	 0.000045
  378 	 0.000031 	 0.000036 	 0.000044
  379 	 0.000031 	 0.000036 	 0.000048
  380 	 0.000030 	 0.000036 	 0.000045
  381 	 0.000030 	 0.000036 	 0.000043
  382 	 0.000029 	 0.000036 	 0.000043
  383 	 0.000031 	 0.000036 	 0.000043
  384 	 0.000032 	 0.000036 	 0.000046
  385 	 0.000031 	 0.000036 	 0.000044
  386 	 0.000031 	 0.000036 	 0.000043
  387 	 0.000031 	 0.000036 	 0.000043
  388 	 0.000031 	 0.000036 	 0.000043
  389 	 0.000031 	 0.000036 	 0.000043
  390 	 0.000031 	 0.000036 	 0.000042
  391 	 0.000031 	 0.000036 	 0.000043
  392 	 0.000031 	 0.000036 	 0.000042
  393 	 0.000031 	 0.000036 	 0.000041
  394 	 0.000031 	 0.000036 	 0.000042
  395 	 0.000031 	 0.000036 	 0.000044
  396 	 0.000030 	 0.000036 	 0.000044
  397 	 0.000030 	 0.000036 	 0.000045
  398 	 0.000031 	 0.000036 	 0.000044
  399 	 0.000030 	 0.000036 	 0.000041
  400 	 0.000030 	 0.000036 	 0.000043
  401 	 0.000030 	 0.000036 	 0.000042
  402 	 0.000031 	 0.000036 	 0.000042
  403 	 0.000030 	 0.000036 	 0.000042
  404 	 0.000031 	 0.000036 	 0.000042
  405 	 0.000031 	 0.000036 	 0.000042
  406 	 0.000030 	 0.000036 	 0.000047
  407 	 0.000032 	 0.000036 	 0.000043
  408 	 0.000031 	 0.000036 	 0.000043
  409 	 0.000031 	 0.000036 	 0.000045
  410 	 0.000031 	 0.000036 	 0.000044
  411 	 0.000031 	 0.000036 	 0.000045
  412 	 0.000031 	 0.000036 	 0.000045
  413 	 0.000031 	 0.000036 	 0.000044
  414 	 0.000030 	 0.000036 	 0.000043
  415 	 0.000031 	 0.000036 	 0.000043
  416 	 0.000031 	 0.000035 	 0.000042
  417 	 0.000030 	 0.000035 	 0.000044
  418 	 0.000031 	 0.000036 	 0.000044
  419 	 0.000029 	 0.000036 	 0.000043
  420 	 0.000030 	 0.000036 	 0.000044
  421 	 0.000030 	 0.000036 	 0.000041
  422 	 0.000030 	 0.000035 	 0.000042
  423 	 0.000030 	 0.000036 	 0.000043
  424 	 0.000030 	 0.000036 	 0.000041
  425 	 0.000029 	 0.000036 	 0.000042
  426 	 0.000030 	 0.000036 	 0.000043
  427 	 0.000030 	 0.000036 	 0.000042
  428 	 0.000030 	 0.000035 	 0.000041
  429 	 0.000031 	 0.000036 	 0.000040
  430 	 0.000031 	 0.000036 	 0.000043
  431 	 0.000031 	 0.000036 	 0.000041
  432 	 0.000030 	 0.000036 	 0.000042
  433 	 0.000030 	 0.000036 	 0.000042
  434 	 0.000031 	 0.000036 	 0.000043
  435 	 0.000031 	 0.000036 	 0.000044
  436 	 0.000031 	 0.000036 	 0.000042
  437 	 0.000030 	 0.000036 	 0.000043
  438 	 0.000030 	 0.000036 	 0.000043
  439 	 0.000031 	 0.000036 	 0.000045
  440 	 0.000031 	 0.000036 	 0.000045
  441 	 0.000031 	 0.000036 	 0.000044
  442 	 0.000031 	 0.000036 	 0.000043
  443 	 0.000031 	 0.000036 	 0.000042
  444 	 0.000030 	 0.000036 	 0.000043
  445 	 0.000030 	 0.000036 	 0.000044
  446 	 0.000030 	 0.000036 	 0.000046
  447 	 0.000031 	 0.000036 	 0.000046
  448 	 0.000030 	 0.000036 	 0.000044
  449 	 0.000031 	 0.000036 	 0.000045
  450 	 0.000031 	 0.000036 	 0.000045
  451 	 0.000031 	 0.000036 	 0.000046
  452 	 0.000031 	 0.000036 	 0.000046
  453 	 0.000030 	 0.000036 	 0.000045
  454 	 0.000031 	 0.000036 	 0.000046
  455 	 0.000030 	 0.000036 	 0.000045
  456 	 0.000030 	 0.000036 	 0.000047
  457 	 0.000031 	 0.000036 	 0.000046
  458 	 0.000029 	 0.000036 	 0.000044
  459 	 0.000030 	 0.000036 	 0.000044
  460 	 0.000030 	 0.000036 	 0.000044
  461 	 0.000031 	 0.000036 	 0.000042
  462 	 0.000031 	 0.000036 	 0.000044
  463 	 0.000030 	 0.000036 	 0.000044
  464 	 0.000029 	 0.000036 	 0.000042
  465 	 0.000030 	 0.000036 	 0.000041
  466 	 0.000029 	 0.000036 	 0.000043
  467 	 0.000029 	 0.000036 	 0.000042
  468 	 0.000030 	 0.000036 	 0.000045
  469 	 0.000030 	 0.000036 	 0.000041
  470 	 0.000031 	 0.000036 	 0.000044
  471 	 0.000032 	 0.000036 	 0.000043
  472 	 0.000032 	 0.000036 	 0.000041
  473 	 0.000032 	 0.000036 	 0.000044
  474 	 0.000031 	 0.000036 	 0.000042
  475 	 0.000031 	 0.000036 	 0.000042
  476 	 0.000031 	 0.000036 	 0.000042
  477 	 0.000030 	 0.000036 	 0.000043
  478 	 0.000031 	 0.000036 	 0.000043
  479 	 0.000031 	 0.000036 	 0.000044
  480 	 0.000031 	 0.000036 	 0.000042
  481 	 0.000030 	 0.000036 	 0.000043
  482 	 0.000031 	 0.000036 	 0.000043
  483 	 0.000032 	 0.000036 	 0.000044
  484 	 0.000032 	 0.000036 	 0.000043
  485 	 0.000031 	 0.000036 	 0.000044
  486 	 0.000031 	 0.000036 	 0.000042
  487 	 0.000031 	 0.000036 	 0.000044
  488 	 0.000031 	 0.000036 	 0.000045
  489 	 0.000030 	 0.000036 	 0.000044
  490 	 0.000030 	 0.000036 	 0.000044
  491 	 0.000031 	 0.000036 	 0.000043
  492 	 0.000031 	 0.000036 	 0.000043
  493 	 0.000032 	 0.000036 	 0.000042
  494 	 0.000031 	 0.000036 	 0.000044
  495 	 0.000030 	 0.000036 	 0.000043
  496 	 0.000030 	 0.000036 	 0.000041
  497 	 0.000031 	 0.000036 	 0.000043
  498 	 0.000031 	 0.000036 	 0.000041
  499 	 0.000030 	 0.000036 	 0.000045
 