   0 	 0.000031 	 0.000034 	 0.000039
    1 	 0.000029 	 0.000034 	 0.000043
    2 	 0.000030 	 0.000035 	 0.000042
    3 	 0.000030 	 0.000035 	 0.000044
    4 	 0.000030 	 0.000035 	 0.000044
    5 	 0.000029 	 0.000035 	 0.000042
    6 	 0.000031 	 0.000035 	 0.000044
    7 	 0.000031 	 0.000035 	 0.000042
    8 	 0.000030 	 0.000035 	 0.000042
    9 	 0.000031 	 0.000035 	 0.000043
   10 	 0.000031 	 0.000036 	 0.000043
   11 	 0.000031 	 0.000036 	 0.000042
   12 	 0.000031 	 0.000036 	 0.000041
   13 	 0.000031 	 0.000036 	 0.000041
   14 	 0.000031 	 0.000035 	 0.000040
   15 	 0.000030 	 0.000035 	 0.000045
   16 	 0.000031 	 0.000036 	 0.000042
   17 	 0.000030 	 0.000036 	 0.000043
   18 	 0.000031 	 0.000036 	 0.000043
   19 	 0.000031 	 0.000036 	 0.000044
   20 	 0.000031 	 0.000036 	 0.000041
   21 	 0.000031 	 0.000036 	 0.000043
   22 	 0.000031 	 0.000036 	 0.000044
   23 	 0.000032 	 0.000036 	 0.000045
   24 	 0.000030 	 0.000036 	 0.000042
   25 	 0.000031 	 0.000036 	 0.000044
   26 	 0.000032 	 0.000036 	 0.000043
   27 	 0.000030 	 0.000036 	 0.000043
   28 	 0.000031 	 0.000036 	 0.000045
   29 	 0.000031 	 0.000036 	 0.000044
   30 	 0.000031 	 0.000036 	 0.000044
   31 	 0.000032 	 0.000036 	 0.000046
   32 	 0.000032 	 0.000036 	 0.000042
   33 	 0.000032 	 0.000036 	 0.000043
   34 	 0.000031 	 0.000036 	 0.000042
   35 	 0.000031 	 0.000036 	 0.000044
   36 	 0.000031 	 0.000036 	 0.000042
   37 	 0.000031 	 0.000037 	 0.000044
   38 	 0.000031 	 0.000036 	 0.000041
   39 	 0.000031 	 0.000036 	 0.000042
   40 	 0.000031 	 0.000036 	 0.000044
   41 	 0.000031 	 0.000036 	 0.000045
   42 	 0.000030 	 0.000036 	 0.000044
   43 	 0.000031 	 0.000036 	 0.000044
   44 	 0.000031 	 0.000036 	 0.000046
   45 	 0.000031 	 0.000036 	 0.000042
   46 	 0.000031 	 0.000036 	 0.000042
   47 	 0.000031 	 0.000036 	 0.000044
   48 	 0.000030 	 0.000036 	 0.000042
   49 	 0.000031 	 0.000036 	 0.000042
   50 	 0.000031 	 0.000036 	 0.000041
   51 	 0.000031 	 0.000036 	 0.000042
   52 	 0.000031 	 0.000036 	 0.000041
   53 	 0.000031 	 0.000036 	 0.000044
   54 	 0.000031 	 0.000036 	 0.000043
   55 	 0.000031 	 0.000036 	 0.000043
   56 	 0.000030 	 0.000036 	 0.000043
   57 	 0.000031 	 0.000036 	 0.000044
   58 	 0.000031 	 0.000036 	 0.000043
   59 	 0.000031 	 0.000036 	 0.000042
   60 	 0.000030 	 0.000036 	 0.000043
   61 	 0.000031 	 0.000036 	 0.000044
   62 	 0.000031 	 0.000036 	 0.000046
   63 	 0.000031 	 0.000036 	 0.000046
   64 	 0.000031 	 0.000036 	 0.000043
   65 	 0.000031 	 0.000036 	 0.000042
   66 	 0.000030 	 0.000036 	 0.000042
   67 	 0.000031 	 0.000036 	 0.000043
   68 	 0.000030 	 0.000036 	 0.000042
   69 	 0.000031 	 0.000036 	 0.000043
   70 	 0.000031 	 0.000036 	 0.000045
   71 	 0.000031 	 0.000036 	 0.000043
   72 	 0.000030 	 0.000036 	 0.000043
   73 	 0.000031 	 0.000036 	 0.000043
   74 	 0.000030 	 0.000036 	 0.000042
   75 	 0.000030 	 0.000036 	 0.000042
   76 	 0.000031 	 0.000036 	 0.000043
   77 	 0.000031 	 0.000036 	 0.000042
   78 	 0.000031 	 0.000036 	 0.000043
   79 	 0.000032 	 0.000036 	 0.000044
   80 	 0.000031 	 0.000036 	 0.000042
   81 	 0.000032 	 0.000036 	 0.000045
   82 	 0.000032 	 0.000036 	 0.000043
   83 	 0.000032 	 0.000037 	 0.000043
   84 	 0.000031 	 0.000037 	 0.000045
   85 	 0.000031 	 0.000036 	 0.000044
   86 	 0.000031 	 0.000036 	 0.000045
   87 	 0.000031 	 0.000036 	 0.000043
   88 	 0.000031 	 0.000036 	 0.000043
   89 	 0.000030 	 0.000036 	 0.000044
   90 	 0.000031 	 0.000036 	 0.000046
   91 	 0.000032 	 0.000037 	 0.000046
   92 	 0.000031 	 0.000037 	 0.000044
   93 	 0.000031 	 0.000036 	 0.000043
   94 	 0.000031 	 0.000037 	 0.000043
   95 	 0.000030 	 0.000037 	 0.000044
   96 	 0.000031 	 0.000036 	 0.000044
   97 	 0.000031 	 0.000036 	 0.000044
   98 	 0.000031 	 0.000036 	 0.000044
   99 	 0.000030 	 0.000036 	 0.000044
  100 	 0.000031 	 0.000036 	 0.000044
  101 	 0.000030 	 0.000036 	 0.000045
  102 	 0.000031 	 0.000036 	 0.000043
  103 	 0.000031 	 0.000036 	 0.000045
  104 	 0.000030 	 0.000036 	 0.000043
  105 	 0.000031 	 0.000036 	 0.000046
  106 	 0.000031 	 0.000036 	 0.000043
  107 	 0.000031 	 0.000036 	 0.000042
  108 	 0.000031 	 0.000036 	 0.000043
  109 	 0.000031 	 0.000036 	 0.000043
  110 	 0.000031 	 0.000036 	 0.000044
  111 	 0.000030 	 0.000036 	 0.000043
  112 	 0.000030 	 0.000036 	 0.000044
  113 	 0.000031 	 0.000036 	 0.000041
  114 	 0.000031 	 0.000036 	 0.000043
  115 	 0.000031 	 0.000036 	 0.000043
  116 	 0.000031 	 0.000036 	 0.000042
  117 	 0.000030 	 0.000036 	 0.000043
  118 	 0.000031 	 0.000036 	 0.000043
  119 	 0.000031 	 0.000036 	 0.000044
  120 	 0.000031 	 0.000036 	 0.000042
  121 	 0.000031 	 0.000036 	 0.000043
  122 	 0.000031 	 0.000036 	 0.000043
  123 	 0.000031 	 0.000036 	 0.000043
  124 	 0.000031 	 0.000036 	 0.000041
  125 	 0.000031 	 0.000036 	 0.000043
  126 	 0.000031 	 0.000036 	 0.000043
  127 	 0.000031 	 0.000036 	 0.000043
  128 	 0.000031 	 0.000036 	 0.000043
  129 	 0.000031 	 0.000036 	 0.000043
  130 	 0.000031 	 0.000036 	 0.000048
  131 	 0.000031 	 0.000036 	 0.000043
  132 	 0.000031 	 0.000036 	 0.000043
  133 	 0.000031 	 0.000036 	 0.000044
  134 	 0.000031 	 0.000036 	 0.000042
  135 	 0.000031 	 0.000036 	 0.000043
  136 	 0.000031 	 0.000036 	 0.000044
  137 	 0.000031 	 0.000036 	 0.000048
  138 	 0.000030 	 0.000036 	 0.000044
  139 	 0.000031 	 0.000036 	 0.000045
  140 	 0.000032 	 0.000037 	 0.000046
  141 	 0.000031 	 0.000036 	 0.000046
  142 	 0.000031 	 0.000037 	 0.000046
  143 	 0.000031 	 0.000036 	 0.000044
  144 	 0.000031 	 0.000037 	 0.000045
  145 	 0.000031 	 0.000037 	 0.000045
  146 	 0.000030 	 0.000037 	 0.000043
  147 	 0.000031 	 0.000037 	 0.000044
  148 	 0.000030 	 0.000037 	 0.000043
  149 	 0.000030 	 0.000037 	 0.000046
  150 	 0.000030 	 0.000037 	 0.000044
  151 	 0.000032 	 0.000037 	 0.000046
  152 	 0.000031 	 0.000037 	 0.000046
  153 	 0.000032 	 0.000037 	 0.000044
  154 	 0.000032 	 0.000037 	 0.000044
  155 	 0.000031 	 0.000037 	 0.000045
  156 	 0.000031 	 0.000037 	 0.000043
  157 	 0.000030 	 0.000037 	 0.000043
  158 	 0.000031 	 0.000037 	 0.000047
  159 	 0.000031 	 0.000036 	 0.000043
  160 	 0.000030 	 0.000036 	 0.000045
  161 	 0.000029 	 0.000036 	 0.000043
  162 	 0.000032 	 0.000037 	 0.000043
  163 	 0.000031 	 0.000037 	 0.000044
  164 	 0.000031 	 0.000037 	 0.000044
  165 	 0.000032 	 0.000037 	 0.000047
  166 	 0.000031 	 0.000037 	 0.000047
  167 	 0.000031 	 0.000036 	 0.000046
  168 	 0.000031 	 0.000036 	 0.000046
  169 	 0.000030 	 0.000037 	 0.000048
  170 	 0.000031 	 0.000036 	 0.000044
  171 	 0.000031 	 0.000036 	 0.000043
  172 	 0.000031 	 0.000036 	 0.000043
  173 	 0.000031 	 0.000036 	 0.000044
  174 	 0.000031 	 0.000036 	 0.000044
  175 	 0.000031 	 0.000037 	 0.000047
  176 	 0.000031 	 0.000037 	 0.000049
  177 	 0.000032 	 0.000037 	 0.000049
  178 	 0.000031 	 0.000037 	 0.000046
  179 	 0.000031 	 0.000037 	 0.000048
  180 	 0.000029 	 0.000037 	 0.000046
  181 	 0.000031 	 0.000037 	 0.000046
  182 	 0.000031 	 0.000037 	 0.000046
  183 	 0.000031 	 0.000037 	 0.000044
  184 	 0.000032 	 0.000037 	 0.000044
  185 	 0.000032 	 0.000037 	 0.000043
  186 	 0.000032 	 0.000037 	 0.000043
  187 	 0.000031 	 0.000036 	 0.000044
  188 	 0.000031 	 0.000036 	 0.000042
  189 	 0.000030 	 0.000036 	 0.000045
  190 	 0.000031 	 0.000036 	 0.000046
  191 	 0.000030 	 0.000036 	 0.000044
  192 	 0.000031 	 0.000036 	 0.000044
  193 	 0.000031 	 0.000036 	 0.000043
  194 	 0.000032 	 0.000036 	 0.000044
  195 	 0.000031 	 0.000036 	 0.000043
  196 	 0.000031 	 0.000036 	 0.000043
  197 	 0.000031 	 0.000036 	 0.000042
  198 	 0.000031 	 0.000036 	 0.000042
  199 	 0.000031 	 0.000036 	 0.000042
  200 	 0.000031 	 0.000036 	 0.000043
  201 	 0.000031 	 0.000036 	 0.000044
  202 	 0.000031 	 0.000036 	 0.000044
  203 	 0.000030 	 0.000036 	 0.000044
  204 	 0.000031 	 0.000036 	 0.000045
  205 	 0.000030 	 0.000036 	 0.000044
  206 	 0.000031 	 0.000036 	 0.000044
  207 	 0.000031 	 0.000036 	 0.000046
  208 	 0.000030 	 0.000036 	 0.000044
  209 	 0.000030 	 0.000036 	 0.000044
  210 	 0.000030 	 0.000036 	 0.000044
  211 	 0.000030 	 0.000036 	 0.000045
  212 	 0.000031 	 0.000036 	 0.000042
  213 	 0.000031 	 0.000036 	 0.000043
  214 	 0.000031 	 0.000036 	 0.000043
  215 	 0.000031 	 0.000036 	 0.000043
  216 	 0.000031 	 0.000036 	 0.000042
  217 	 0.000032 	 0.000036 	 0.000043
  218 	 0.000032 	 0.000036 	 0.000044
  219 	 0.000032 	 0.000036 	 0.000043
  220 	 0.000032 	 0.000036 	 0.000043
  221 	 0.000031 	 0.000037 	 0.000044
  222 	 0.000032 	 0.000036 	 0.000043
  223 	 0.000031 	 0.000037 	 0.000044
  224 	 0.000032 	 0.000037 	 0.000044
  225 	 0.000030 	 0.000037 	 0.000045
  226 	 0.000031 	 0.000036 	 0.000046
  227 	 0.000031 	 0.000036 	 0.000043
  228 	 0.000031 	 0.000036 	 0.000043
  229 	 0.000031 	 0.000037 	 0.000043
  230 	 0.000031 	 0.000036 	 0.000043
  231 	 0.000031 	 0.000036 	 0.000042
  232 	 0.000031 	 0.000036 	 0.000044
  233 	 0.000030 	 0.000036 	 0.000044
  234 	 0.000031 	 0.000036 	 0.000045
  235 	 0.000031 	 0.000036 	 0.000046
  236 	 0.000032 	 0.000036 	 0.000045
  237 	 0.000031 	 0.000036 	 0.000048
  238 	 0.000032 	 0.000037 	 0.000043
  239 	 0.000032 	 0.000036 	 0.000045
  240 	 0.000031 	 0.000037 	 0.000043
  241 	 0.000031 	 0.000037 	 0.000043
  242 	 0.000032 	 0.000037 	 0.000044
  243 	 0.000031 	 0.000036 	 0.000044
  244 	 0.000031 	 0.000036 	 0.000042
  245 	 0.000031 	 0.000036 	 0.000041
  246 	 0.000030 	 0.000036 	 0.000041
  247 	 0.000031 	 0.000036 	 0.000042
  248 	 0.000032 	 0.000036 	 0.000045
  249 	 0.000031 	 0.000036 	 0.000047
  250 	 0.000031 	 0.000036 	 0.000045
  251 	 0.000030 	 0.000036 	 0.000045
  252 	 0.000032 	 0.000036 	 0.000046
  253 	 0.000031 	 0.000036 	 0.000045
  254 	 0.000031 	 0.000036 	 0.000045
  255 	 0.000031 	 0.000036 	 0.000043
  256 	 0.000031 	 0.000036 	 0.000042
  257 	 0.000031 	 0.000036 	 0.000043
  258 	 0.000031 	 0.000036 	 0.000043
  259 	 0.000030 	 0.000036 	 0.000043
  260 	 0.000030 	 0.000036 	 0.000044
  261 	 0.000030 	 0.000036 	 0.000043
  262 	 0.000031 	 0.000036 	 0.000043
  263 	 0.000032 	 0.000036 	 0.000044
  264 	 0.000032 	 0.000036 	 0.000045
  265 	 0.000032 	 0.000036 	 0.000044
  266 	 0.000031 	 0.000036 	 0.000044
  267 	 0.000030 	 0.000036 	 0.000045
  268 	 0.000030 	 0.000036 	 0.000044
  269 	 0.000030 	 0.000036 	 0.000043
  270 	 0.000029 	 0.000036 	 0.000043
  271 	 0.000029 	 0.000036 	 0.000043
  272 	 0.000029 	 0.000036 	 0.000043
  273 	 0.000030 	 0.000036 	 0.000042
  274 	 0.000031 	 0.000036 	 0.000045
  275 	 0.000031 	 0.000036 	 0.000044
  276 	 0.000030 	 0.000036 	 0.000044
  277 	 0.000031 	 0.000036 	 0.000044
  278 	 0.000031 	 0.000037 	 0.000045
  279 	 0.000031 	 0.000036 	 0.000044
  280 	 0.000031 	 0.000036 	 0.000044
  281 	 0.000030 	 0.000036 	 0.000043
  282 	 0.000030 	 0.000036 	 0.000045
  283 	 0.000032 	 0.000036 	 0.000043
  284 	 0.000031 	 0.000036 	 0.000044
  285 	 0.000031 	 0.000036 	 0.000043
  286 	 0.000030 	 0.000037 	 0.000044
  287 	 0.000031 	 0.000037 	 0.000043
  288 	 0.000031 	 0.000036 	 0.000043
  289 	 0.000031 	 0.000037 	 0.000046
  290 	 0.000031 	 0.000036 	 0.000045
  291 	 0.000032 	 0.000036 	 0.000042
  292 	 0.000031 	 0.000036 	 0.000042
  293 	 0.000030 	 0.000036 	 0.000044
  294 	 0.000032 	 0.000036 	 0.000043
  295 	 0.000032 	 0.000036 	 0.000044
  296 	 0.000031 	 0.000037 	 0.000044
  297 	 0.000031 	 0.000037 	 0.000045
  298 	 0.000031 	 0.000036 	 0.000044
  299 	 0.000030 	 0.000036 	 0.000043
  300 	 0.000031 	 0.000036 	 0.000043
  301 	 0.000031 	 0.000036 	 0.000045
  302 	 0.000030 	 0.000036 	 0.000047
  303 	 0.000030 	 0.000036 	 0.000044
  304 	 0.000032 	 0.000036 	 0.000044
  305 	 0.000030 	 0.000036 	 0.000043
  306 	 0.000031 	 0.000036 	 0.000043
  307 	 0.000031 	 0.000036 	 0.000041
  308 	 0.000031 	 0.000036 	 0.000041
  309 	 0.000031 	 0.000036 	 0.000042
  310 	 0.000031 	 0.000036 	 0.000042
  311 	 0.000031 	 0.000036 	 0.000041
  312 	 0.000031 	 0.000036 	 0.000044
  313 	 0.000031 	 0.000036 	 0.000044
  314 	 0.000030 	 0.000036 	 0.000044
  315 	 0.000030 	 0.000036 	 0.000043
  316 	 0.000031 	 0.000036 	 0.000044
  317 	 0.000030 	 0.000036 	 0.000043
  318 	 0.000031 	 0.000036 	 0.000043
  319 	 0.000031 	 0.000036 	 0.000043
  320 	 0.000031 	 0.000036 	 0.000042
  321 	 0.000031 	 0.000036 	 0.000045
  322 	 0.000031 	 0.000036 	 0.000043
  323 	 0.000031 	 0.000036 	 0.000043
  324 	 0.000030 	 0.000036 	 0.000044
  325 	 0.000030 	 0.000036 	 0.000044
  326 	 0.000031 	 0.000036 	 0.000047
  327 	 0.000030 	 0.000036 	 0.000047
  328 	 0.000031 	 0.000036 	 0.000043
  329 	 0.000031 	 0.000036 	 0.000047
  330 	 0.000030 	 0.000036 	 0.000045
  331 	 0.000030 	 0.000037 	 0.000045
  332 	 0.000029 	 0.000037 	 0.000048
  333 	 0.000030 	 0.000037 	 0.000044
  334 	 0.000031 	 0.000037 	 0.000043
  335 	 0.000031 	 0.000037 	 0.000048
  336 	 0.000032 	 0.000037 	 0.000045
  337 	 0.000031 	 0.000037 	 0.000047
  338 	 0.000031 	 0.000037 	 0.000048
  339 	 0.000030 	 0.000037 	 0.000044
  340 	 0.000031 	 0.000036 	 0.000042
  341 	 0.000030 	 0.000036 	 0.000043
  342 	 0.000031 	 0.000036 	 0.000045
  343 	 0.000031 	 0.000036 	 0.000043
  344 	 0.000031 	 0.000036 	 0.000042
  345 	 0.000030 	 0.000036 	 0.000044
  346 	 0.000031 	 0.000036 	 0.000043
  347 	 0.000032 	 0.000036 	 0.000044
  348 	 0.000031 	 0.000036 	 0.000045
  349 	 0.000032 	 0.000037 	 0.000045
  350 	 0.000032 	 0.000037 	 0.000043
  351 	 0.000031 	 0.000037 	 0.000045
  352 	 0.000032 	 0.000037 	 0.000044
  353 	 0.000031 	 0.000037 	 0.000043
  354 	 0.000031 	 0.000036 	 0.000044
  355 	 0.000029 	 0.000036 	 0.000043
  356 	 0.000032 	 0.000037 	 0.000048
  357 	 0.000032 	 0.000037 	 0.000046
  358 	 0.000031 	 0.000037 	 0.000045
  359 	 0.000032 	 0.000036 	 0.000044
  360 	 0.000031 	 0.000036 	 0.000043
  361 	 0.000030 	 0.000036 	 0.000043
  362 	 0.000031 	 0.000036 	 0.000047
  363 	 0.000031 	 0.000036 	 0.000046
  364 	 0.000031 	 0.000036 	 0.000050
  365 	 0.000031 	 0.000036 	 0.000045
  366 	 0.000032 	 0.000036 	 0.000043
  367 	 0.000031 	 0.000036 	 0.000044
  368 	 0.000032 	 0.000036 	 0.000043
  369 	 0.000031 	 0.000036 	 0.000045
  370 	 0.000029 	 0.000036 	 0.000042
  371 	 0.000031 	 0.000036 	 0.000042
  372 	 0.000031 	 0.000036 	 0.000042
  373 	 0.000031 	 0.000036 	 0.000042
  374 	 0.000031 	 0.000036 	 0.000043
  375 	 0.000031 	 0.000036 	 0.000044
  376 	 0.000031 	 0.000036 	 0.000043
  377 	 0.000030 	 0.000036 	 0.000045
  378 	 0.000031 	 0.000036 	 0.000043
  379 	 0.000031 	 0.000036 	 0.000043
  380 	 0.000031 	 0.000036 	 0.000045
  381 	 0.000032 	 0.000036 	 0.000043
  382 	 0.000031 	 0.000036 	 0.000046
  383 	 0.000031 	 0.000036 	 0.000044
  384 	 0.000031 	 0.000036 	 0.000044
  385 	 0.000030 	 0.000036 	 0.000043
  386 	 0.000031 	 0.000036 	 0.000043
  387 	 0.000031 	 0.000036 	 0.000045
  388 	 0.000032 	 0.000036 	 0.000044
  389 	 0.000031 	 0.000036 	 0.000042
  390 	 0.000031 	 0.000036 	 0.000042
  391 	 0.000031 	 0.000036 	 0.000043
  392 	 0.000031 	 0.000036 	 0.000042
  393 	 0.000031 	 0.000036 	 0.000043
  394 	 0.000031 	 0.000036 	 0.000042
  395 	 0.000031 	 0.000036 	 0.000043
  396 	 0.000031 	 0.000036 	 0.000042
  397 	 0.000031 	 0.000036 	 0.000044
  398 	 0.000030 	 0.000036 	 0.000047
  399 	 0.000032 	 0.000036 	 0.000046
  400 	 0.000032 	 0.000036 	 0.000048
  401 	 0.000030 	 0.000036 	 0.000048
  402 	 0.000031 	 0.000036 	 0.000046
  403 	 0.000030 	 0.000036 	 0.000044
  404 	 0.000029 	 0.000036 	 0.000044
  405 	 0.000031 	 0.000036 	 0.000044
  406 	 0.000030 	 0.000037 	 0.000044
  407 	 0.000032 	 0.000036 	 0.000043
  408 	 0.000031 	 0.000037 	 0.000042
  409 	 0.000031 	 0.000037 	 0.000044
  410 	 0.000032 	 0.000037 	 0.000048
  411 	 0.000030 	 0.000036 	 0.000048
  412 	 0.000030 	 0.000036 	 0.000046
  413 	 0.000029 	 0.000036 	 0.000045
  414 	 0.000031 	 0.000036 	 0.000046
  415 	 0.000031 	 0.000036 	 0.000047
  416 	 0.000030 	 0.000037 	 0.000047
  417 	 0.000031 	 0.000036 	 0.000044
  418 	 0.000030 	 0.000036 	 0.000044
  419 	 0.000031 	 0.000036 	 0.000044
  420 	 0.000032 	 0.000036 	 0.000044
  421 	 0.000031 	 0.000036 	 0.000046
  422 	 0.000032 	 0.000036 	 0.000041
  423 	 0.000031 	 0.000036 	 0.000046
  424 	 0.000031 	 0.000036 	 0.000046
  425 	 0.000031 	 0.000036 	 0.000045
  426 	 0.000031 	 0.000036 	 0.000044
  427 	 0.000031 	 0.000036 	 0.000045
  428 	 0.000031 	 0.000036 	 0.000044
  429 	 0.000031 	 0.000037 	 0.000047
  430 	 0.000031 	 0.000036 	 0.000045
  431 	 0.000031 	 0.000036 	 0.000044
  432 	 0.000030 	 0.000036 	 0.000045
  433 	 0.000031 	 0.000037 	 0.000046
  434 	 0.000030 	 0.000036 	 0.000045
  435 	 0.000032 	 0.000037 	 0.000045
  436 	 0.000031 	 0.000037 	 0.000046
  437 	 0.000029 	 0.000037 	 0.000044
  438 	 0.000031 	 0.000037 	 0.000046
  439 	 0.000031 	 0.000037 	 0.000044
  440 	 0.000030 	 0.000037 	 0.000045
  441 	 0.000032 	 0.000036 	 0.000043
  442 	 0.000031 	 0.000036 	 0.000044
  443 	 0.000030 	 0.000036 	 0.000043
  444 	 0.000031 	 0.000036 	 0.000044
  445 	 0.000031 	 0.000036 	 0.000043
  446 	 0.000031 	 0.000036 	 0.000044
  447 	 0.000031 	 0.000036 	 0.000043
  448 	 0.000031 	 0.000036 	 0.000043
  449 	 0.000032 	 0.000036 	 0.000043
  450 	 0.000030 	 0.000036 	 0.000043
  451 	 0.000031 	 0.000036 	 0.000043
  452 	 0.000031 	 0.000036 	 0.000044
  453 	 0.000030 	 0.000036 	 0.000042
  454 	 0.000030 	 0.000036 	 0.000041
  455 	 0.000031 	 0.000036 	 0.000043
  456 	 0.000031 	 0.000036 	 0.000043
  457 	 0.000032 	 0.000036 	 0.000043
  458 	 0.000031 	 0.000036 	 0.000044
  459 	 0.000032 	 0.000036 	 0.000043
  460 	 0.000030 	 0.000036 	 0.000044
  461 	 0.000032 	 0.000036 	 0.000044
  462 	 0.000031 	 0.000036 	 0.000042
  463 	 0.000031 	 0.000036 	 0.000043
  464 	 0.000031 	 0.000036 	 0.000043
  465 	 0.000031 	 0.000036 	 0.000045
  466 	 0.000030 	 0.000036 	 0.000042
  467 	 0.000031 	 0.000036 	 0.000043
  468 	 0.000031 	 0.000036 	 0.000044
  469 	 0.000030 	 0.000036 	 0.000045
  470 	 0.000031 	 0.000036 	 0.000044
  471 	 0.000031 	 0.000036 	 0.000044
  472 	 0.000031 	 0.000036 	 0.000045
  473 	 0.000030 	 0.000036 	 0.000045
  474 	 0.000031 	 0.000036 	 0.000045
  475 	 0.000031 	 0.000036 	 0.000043
  476 	 0.000031 	 0.000036 	 0.000042
  477 	 0.000030 	 0.000036 	 0.000045
  478 	 0.000031 	 0.000036 	 0.000042
  479 	 0.000030 	 0.000036 	 0.000044
  480 	 0.000031 	 0.000036 	 0.000042
  481 	 0.000031 	 0.000036 	 0.000042
  482 	 0.000031 	 0.000036 	 0.000043
  483 	 0.000030 	 0.000036 	 0.000043
  484 	 0.000032 	 0.000036 	 0.000042
  485 	 0.000031 	 0.000036 	 0.000044
  486 	 0.000032 	 0.000036 	 0.000045
  487 	 0.000032 	 0.000036 	 0.000044
  488 	 0.000031 	 0.000036 	 0.000045
  489 	 0.000032 	 0.000036 	 0.000045
  490 	 0.000031 	 0.000037 	 0.000043
  491 	 0.000031 	 0.000036 	 0.000043
  492 	 0.000030 	 0.000036 	 0.000045
  493 	 0.000031 	 0.000036 	 0.000046
  494 	 0.000031 	 0.000036 	 0.000044
  495 	 0.000031 	 0.000036 	 0.000044
  496 	 0.000030 	 0.000036 	 0.000045
  497 	 0.000030 	 0.000036 	 0.000042
  498 	 0.000031 	 0.000035 	 0.000040
  499 	 0.000030 	 0.000035 	 0.000042
 