   0 	 0.511300 	 27.016955 	 56.184200
    1 	 3.289800 	 35.677399 	 61.358100
    2 	 2.662100 	 39.750793 	 65.846600
    3 	 3.593600 	 40.649054 	 69.679400
    4 	 3.727400 	 44.223205 	 70.404200
    5 	 15.696300 	 47.152339 	 72.804200
    6 	 20.239700 	 49.377404 	 70.816200
    7 	 16.406200 	 52.871190 	 71.941900
    8 	 20.816900 	 52.632980 	 73.714100
    9 	 10.941400 	 52.334482 	 75.118500
   10 	 11.062600 	 52.291924 	 76.325100
   11 	 18.020500 	 54.210337 	 73.712100
   12 	 21.291500 	 54.381430 	 73.629400
   13 	 26.423400 	 54.856576 	 74.625000
   14 	 22.943800 	 54.850747 	 76.008200
   15 	 27.677100 	 56.627067 	 75.114500
   16 	 14.591700 	 55.632372 	 75.205400
   17 	 14.068300 	 56.991919 	 76.408600
   18 	 28.543800 	 58.257768 	 76.408600
   19 	 24.981300 	 57.891390 	 74.325900
   20 	 18.522700 	 56.046887 	 74.647800
   21 	 20.388000 	 56.104303 	 75.211400
   22 	 22.077600 	 53.963774 	 75.816200
   23 	 5.342000 	 54.625499 	 74.734700
   24 	 29.956400 	 55.041066 	 73.538700
   25 	 19.253900 	 54.635293 	 72.360900
   26 	 18.531500 	 56.043018 	 74.416200
   27 	 12.434600 	 55.902855 	 72.874200
   28 	 17.884200 	 55.125818 	 74.613800
   29 	 25.584900 	 59.202313 	 77.419800
   30 	 26.937800 	 59.483731 	 77.624200
   31 	 10.566200 	 61.112853 	 75.007800
   32 	 23.579500 	 63.236191 	 77.015000
   33 	 9.911500 	 62.114338 	 76.427000
   34 	 36.944300 	 62.541363 	 77.928300
   35 	 29.061400 	 64.082960 	 76.721100
   36 	 36.800300 	 62.622284 	 77.117100
   37 	 29.883500 	 63.264388 	 76.815000
   38 	 33.928600 	 63.131257 	 76.409000
   39 	 33.740100 	 64.815738 	 76.912300
   40 	 28.382500 	 65.544195 	 76.210200
   41 	 28.522200 	 63.028185 	 76.712900
   42 	 27.889700 	 63.356453 	 77.116100
   43 	 27.919300 	 64.875328 	 78.234600
   44 	 30.424600 	 63.674845 	 76.325100
   45 	 33.649400 	 63.901080 	 76.423800
   46 	 32.957400 	 64.023835 	 76.423800
   47 	 37.001400 	 63.546891 	 76.325700
   48 	 41.768100 	 64.770462 	 77.120100
   49 	 24.360100 	 63.540459 	 75.711700
   50 	 24.745400 	 62.774978 	 76.110100
   51 	 25.722900 	 61.054289 	 74.525100
   52 	 22.415000 	 62.877288 	 74.750700
   53 	 32.703800 	 64.537332 	 74.804600
   54 	 28.176600 	 63.075303 	 74.750700
   55 	 34.796300 	 64.685561 	 74.026200
   56 	 42.315800 	 62.714221 	 73.510100
   57 	 35.898500 	 62.484612 	 74.427800
   58 	 36.742500 	 62.686449 	 73.528100
   59 	 21.898500 	 61.968558 	 76.122900
   60 	 21.216900 	 63.283242 	 76.122900
   61 	 36.192500 	 63.878180 	 76.121900
   62 	 23.744600 	 63.429451 	 76.224200
   63 	 39.330900 	 65.616543 	 76.224200
   64 	 27.961400 	 63.953851 	 76.224200
   65 	 22.147400 	 62.422406 	 74.932500
   66 	 27.582900 	 62.822341 	 75.360500
   67 	 34.475000 	 63.250995 	 74.908300
   68 	 37.986600 	 63.194189 	 75.627000
   69 	 26.752600 	 62.142869 	 75.627000
   70 	 29.485300 	 65.052963 	 75.630600
   71 	 45.677300 	 67.017441 	 77.522700
   72 	 23.218900 	 66.203851 	 75.941100
   73 	 23.378900 	 65.688228 	 75.849000
   74 	 18.513800 	 66.169968 	 75.310700
   75 	 29.913900 	 66.960472 	 75.718100
   76 	 43.087400 	 67.267864 	 77.016200
   77 	 30.271700 	 67.292592 	 74.904500
   78 	 42.750600 	 66.262402 	 76.020600
   79 	 19.338100 	 64.380773 	 74.510900
   80 	 23.635400 	 64.351683 	 75.441800
   81 	 26.223800 	 63.626232 	 75.006200
   82 	 8.432600 	 62.126514 	 74.402600
   83 	 30.529400 	 64.534009 	 74.529900
   84 	 35.930600 	 62.992602 	 74.730500
   85 	 21.509100 	 63.637922 	 75.305900
   86 	 24.511800 	 63.130767 	 76.614600
   87 	 0.391500 	 63.837439 	 75.509100
   88 	 38.539800 	 63.861197 	 75.509100
   89 	 24.553800 	 64.490113 	 75.116500
   90 	 43.357000 	 65.740375 	 75.317100
   91 	 39.177000 	 65.810235 	 76.325100
   92 	 31.511400 	 63.791870 	 75.122100
   93 	 22.065000 	 62.690696 	 75.122100
   94 	 22.065000 	 62.203325 	 75.405000
   95 	 25.801900 	 62.297591 	 76.817000
   96 	 36.582200 	 65.409629 	 76.230200
   97 	 36.567500 	 64.889617 	 76.114100
   98 	 36.567500 	 64.867765 	 75.703500
   99 	 36.268600 	 63.649337 	 75.405000
 