   0 	 2.031800 	 25.850078 	 58.914600
    1 	 0.622200 	 34.127883 	 65.201400
    2 	 5.111200 	 37.771644 	 68.208500
    3 	 2.117900 	 40.851149 	 71.944100
    4 	 14.122100 	 43.444326 	 72.110600
    5 	 6.687400 	 40.931837 	 65.086600
    6 	 19.336400 	 44.642410 	 68.533400
    7 	 18.192200 	 44.610673 	 67.942600
    8 	 6.524600 	 43.287871 	 72.653300
    9 	 4.881900 	 45.961869 	 67.437100
   10 	 9.727400 	 47.215766 	 68.340200
   11 	 11.841000 	 46.875578 	 70.189400
   12 	 11.066000 	 47.167270 	 71.779800
   13 	 10.508900 	 50.460128 	 74.132300
   14 	 20.588900 	 53.621571 	 75.728500
   15 	 9.305400 	 53.004320 	 75.305900
   16 	 24.925800 	 53.472391 	 75.711500
   17 	 18.985100 	 50.594427 	 76.022600
   18 	 21.218400 	 50.719267 	 76.226600
   19 	 4.938600 	 51.186041 	 74.451600
   20 	 22.392500 	 51.702444 	 75.207000
   21 	 19.346100 	 51.814174 	 74.121300
   22 	 12.549900 	 52.006318 	 74.182100
   23 	 17.152200 	 55.249113 	 74.182100
   24 	 31.569200 	 55.293410 	 74.718500
   25 	 15.834600 	 55.084062 	 75.826200
   26 	 28.784900 	 57.376166 	 76.312100
   27 	 25.876100 	 59.777638 	 77.218000
   28 	 25.804100 	 59.199451 	 76.312100
   29 	 29.879800 	 62.405137 	 75.907700
   30 	 32.033000 	 61.901477 	 76.108100
   31 	 38.731700 	 62.276255 	 76.008200
   32 	 17.364900 	 59.363544 	 76.308100
   33 	 19.450100 	 59.808196 	 76.208000
   34 	 26.573700 	 61.232547 	 76.208000
   35 	 27.823000 	 62.823240 	 74.816400
   36 	 24.252900 	 64.292521 	 75.525700
   37 	 38.161200 	 65.556568 	 76.509300
   38 	 19.896100 	 62.917351 	 77.318500
   39 	 23.718900 	 61.834125 	 76.321700
   40 	 28.686200 	 61.725552 	 75.334100
   41 	 23.716100 	 61.084390 	 76.118100
   42 	 25.976400 	 61.419098 	 75.917300
   43 	 22.813200 	 62.031003 	 76.322100
   44 	 26.579600 	 62.925986 	 76.322100
   45 	 27.664500 	 63.492563 	 75.917300
   46 	 24.057700 	 62.556072 	 77.222200
   47 	 29.551200 	 63.728064 	 78.030200
   48 	 28.040100 	 64.715767 	 75.921300
   49 	 30.443300 	 64.756086 	 75.810200
   50 	 26.207700 	 64.502181 	 77.318500
   51 	 29.730900 	 64.598921 	 75.214000
   52 	 31.163300 	 64.692075 	 76.016200
   53 	 40.789800 	 65.168540 	 76.132100
   54 	 10.861700 	 63.646587 	 77.116100
   55 	 48.513700 	 65.722962 	 76.415000
   56 	 37.640200 	 65.622452 	 75.020600
   57 	 36.628100 	 63.844971 	 76.920300
   58 	 30.260900 	 63.995791 	 78.030200
   59 	 22.637800 	 65.184290 	 77.220600
   60 	 29.947400 	 65.337668 	 76.423600
   61 	 30.256300 	 65.298868 	 76.413400
   62 	 30.015500 	 64.494491 	 77.521900
   63 	 40.244600 	 64.303264 	 77.420600
   64 	 37.707300 	 64.454538 	 77.420600
   65 	 39.256500 	 63.783353 	 76.615000
   66 	 6.609100 	 64.671888 	 76.711500
   67 	 29.794100 	 64.296040 	 77.217000
   68 	 38.173800 	 66.281496 	 78.030600
   69 	 39.678200 	 65.684795 	 77.725100
   70 	 36.242700 	 65.915255 	 77.318100
   71 	 26.029100 	 65.751334 	 76.914900
   72 	 25.540600 	 63.907510 	 77.419400
   73 	 20.742400 	 63.999953 	 77.827000
   74 	 31.118700 	 65.072252 	 77.827000
   75 	 17.120600 	 62.796764 	 77.724900
   76 	 23.511400 	 63.145239 	 77.929100
   77 	 34.998200 	 63.614930 	 77.827000
   78 	 39.877400 	 63.654328 	 77.827000
   79 	 26.312900 	 63.265576 	 77.116100
   80 	 12.152800 	 63.308208 	 77.017400
   81 	 27.446600 	 65.479946 	 77.216600
   82 	 30.458900 	 65.409182 	 77.521700
   83 	 31.338900 	 65.065018 	 76.915300
   84 	 31.567500 	 63.672806 	 76.627800
   85 	 28.211000 	 65.248736 	 77.420600
   86 	 27.016600 	 65.578239 	 77.420600
   87 	 40.583700 	 67.067453 	 77.420600
   88 	 25.914600 	 66.478578 	 77.217000
   89 	 30.093600 	 66.175451 	 77.015400
   90 	 32.670600 	 64.863702 	 76.711700
   91 	 28.382200 	 64.939604 	 77.826200
   92 	 19.724900 	 65.492279 	 77.320900
   93 	 25.737700 	 66.916912 	 77.623800
   94 	 38.266700 	 64.714121 	 77.623800
   95 	 28.856500 	 64.368866 	 78.030200
   96 	 28.886900 	 62.453128 	 77.725700
   97 	 24.842000 	 63.525628 	 77.622600
   98 	 32.094500 	 64.203972 	 78.030200
   99 	 25.572900 	 63.784498 	 77.826400
 