   0 	 1.920800 	 26.711049 	 58.960600
    1 	 1.752100 	 33.575760 	 65.711700
    2 	 2.885700 	 36.082305 	 67.788600
    3 	 9.181400 	 42.740188 	 76.205000
    4 	 4.468100 	 44.638829 	 75.505700
    5 	 21.646700 	 47.413718 	 71.660100
    6 	 6.725100 	 47.321846 	 72.195800
    7 	 15.040100 	 47.523886 	 73.513700
    8 	 24.486900 	 49.463899 	 73.253300
    9 	 26.606900 	 51.781916 	 72.009100
   10 	 21.265100 	 53.406431 	 72.772100
   11 	 26.945000 	 52.429922 	 72.976100
   12 	 9.345800 	 50.650101 	 74.014600
   13 	 9.027500 	 50.513636 	 73.975500
   14 	 22.803700 	 53.184675 	 73.569300
   15 	 17.902100 	 55.921802 	 74.072400
   16 	 5.198200 	 56.835214 	 76.514900
   17 	 15.500900 	 59.277011 	 75.411800
   18 	 21.476900 	 58.797346 	 74.070600
   19 	 31.047000 	 60.211246 	 75.909900
   20 	 26.047700 	 59.761857 	 76.109100
   21 	 33.544100 	 60.283186 	 75.312900
   22 	 36.714600 	 59.750285 	 77.120300
   23 	 35.463300 	 57.273338 	 76.125700
   24 	 22.891000 	 57.377918 	 77.321100
   25 	 26.676500 	 61.314132 	 77.321100
   26 	 31.524600 	 61.158407 	 77.321100
   27 	 31.524600 	 63.455717 	 77.624600
   28 	 26.493400 	 63.883926 	 77.423000
   29 	 25.920300 	 65.189712 	 77.318700
   30 	 31.983800 	 66.085980 	 77.525100
   31 	 32.927000 	 63.800714 	 76.820600
   32 	 32.927000 	 65.083647 	 77.324300
   33 	 20.345900 	 64.339250 	 77.827000
   34 	 21.226700 	 64.655301 	 77.120300
   35 	 32.060600 	 64.453815 	 77.024600
   36 	 32.431500 	 62.773748 	 77.222600
   37 	 25.616300 	 61.552815 	 77.726700
   38 	 22.221400 	 63.052345 	 77.222600
   39 	 24.274700 	 64.843080 	 77.124300
   40 	 26.992600 	 64.321802 	 77.321100
   41 	 33.130200 	 64.319114 	 77.525100
   42 	 28.799700 	 62.899052 	 77.525100
   43 	 23.028300 	 62.507241 	 77.525100
   44 	 25.925900 	 62.679580 	 77.124500
   45 	 27.185900 	 61.719289 	 77.226600
   46 	 19.579800 	 60.710752 	 77.124300
   47 	 27.706700 	 61.610690 	 77.929100
   48 	 36.829900 	 61.258540 	 77.929100
   49 	 36.489000 	 61.168466 	 76.726700
   50 	 30.127000 	 60.370131 	 76.726700
   51 	 21.076300 	 59.698169 	 77.424600
   52 	 25.808900 	 60.567491 	 75.941100
   53 	 33.352300 	 59.418488 	 76.118100
   54 	 21.093300 	 59.492186 	 77.220600
   55 	 26.742700 	 59.133884 	 78.030600
   56 	 29.721100 	 59.589560 	 76.816200
   57 	 19.844900 	 59.412471 	 77.117900
   58 	 27.206900 	 61.732886 	 77.117900
   59 	 28.556900 	 62.067090 	 76.721100
   60 	 15.261900 	 61.650945 	 76.717100
   61 	 26.362200 	 64.524614 	 77.324500
   62 	 26.137800 	 63.402770 	 76.414000
   63 	 29.293000 	 63.459932 	 77.117100
   64 	 38.113400 	 65.430303 	 76.716300
   65 	 26.595400 	 65.128565 	 76.310700
   66 	 39.991500 	 66.572256 	 77.117100
   67 	 39.332900 	 66.818720 	 77.117100
   68 	 34.558100 	 64.415292 	 77.118500
   69 	 33.905700 	 64.573980 	 77.522100
   70 	 32.553900 	 65.259391 	 77.728100
   71 	 31.636100 	 63.459887 	 77.321100
   72 	 27.887800 	 63.192275 	 77.826600
   73 	 34.347800 	 63.309773 	 76.825800
   74 	 24.075000 	 64.672922 	 77.321100
   75 	 41.661100 	 66.704759 	 77.117100
   76 	 28.418500 	 65.369253 	 77.929100
   77 	 33.157700 	 65.473487 	 77.322500
   78 	 5.641400 	 64.885942 	 77.423000
   79 	 39.658200 	 66.537343 	 77.322500
   80 	 24.408900 	 66.986905 	 77.928300
   81 	 32.156200 	 66.080512 	 77.117100
   82 	 18.795800 	 65.549606 	 77.219000
   83 	 24.322700 	 64.540653 	 77.015400
   84 	 34.220500 	 66.511520 	 77.321100
   85 	 29.546100 	 65.828940 	 77.220600
   86 	 29.736100 	 67.409974 	 76.915500
   87 	 26.688600 	 68.113164 	 77.118500
   88 	 26.688600 	 67.075422 	 77.224200
   89 	 25.621400 	 68.027752 	 77.224200
   90 	 39.602400 	 67.799412 	 77.220600
   91 	 21.473800 	 66.823575 	 77.623800
   92 	 32.950200 	 68.124939 	 76.613000
   93 	 35.598200 	 67.172963 	 77.122100
   94 	 35.598200 	 67.637005 	 77.322500
   95 	 25.934600 	 65.572190 	 77.322500
   96 	 25.730900 	 65.607791 	 77.117100
   97 	 30.748100 	 64.009318 	 77.318700
   98 	 19.806600 	 62.675904 	 77.018200
   99 	 14.021100 	 63.072615 	 77.217000
 