   0 	 0.017077 	 0.066664 	 1.284522
    1 	 0.023482 	 0.239450 	 1.284522
    2 	 0.020118 	 0.666876 	 4.264392
    3 	 0.037368 	 1.080826 	 4.264392
    4 	 0.029012 	 1.557753 	 27.700831
    5 	 0.122152 	 3.085531 	 38.910506
    6 	 0.038508 	 9.154973 	 54.054054
    7 	 0.039774 	 22.047660 	 54.054054
    8 	 0.039023 	 27.381919 	 112.359551
    9 	 0.038428 	 34.617525 	 112.359551
   10 	 0.038434 	 40.893974 	 128.205128
   11 	 0.039034 	 50.250801 	 175.438596
   12 	 0.038434 	 65.110700 	 204.081633
   13 	 0.030992 	 79.066905 	 204.081633
   14 	 0.038436 	 109.378503 	 769.230769
   15 	 0.038075 	 125.704849 	 333.333333
   16 	 0.038898 	 159.941247 	 588.235294
   17 	 0.039674 	 182.076520 	 588.235294
   18 	 0.038441 	 242.140690 	 1666.666667
   19 	 0.038583 	 449.516669 	 5000.000000
   20 	 0.019186 	 889.156379 	 5000.000000
   21 	 0.037832 	 1729.300535 	 5000.000000
   22 	 0.019148 	 2692.702084 	 5000.000000
   23 	 0.035495 	 2832.248021 	 5000.000000
   24 	 0.036002 	 3483.641041 	 5000.000000
   25 	 0.038147 	 3823.507467 	 5000.000000
   26 	 0.038147 	 3876.119731 	 5000.000000
   27 	 0.038147 	 3723.606893 	 5000.000000
   28 	 0.151217 	 3630.612833 	 5000.000000
   29 	 0.038147 	 3969.092077 	 5000.000000
   30 	 0.038147 	 3279.577884 	 5000.000000
   31 	 0.038296 	 4005.572341 	 5000.000000
   32 	 0.067465 	 3886.907772 	 5000.000000
   33 	 0.038296 	 3979.132762 	 5000.000000
   34 	 0.151400 	 3778.296189 	 5000.000000
   35 	 0.038147 	 3635.211445 	 5000.000000
   36 	 0.038147 	 3265.141951 	 5000.000000
   37 	 0.038147 	 3574.090635 	 5000.000000
   38 	 0.038147 	 3866.958630 	 5000.000000
   39 	 0.038147 	 3899.131829 	 5000.000000
   40 	 0.038147 	 3316.535484 	 5000.000000
   41 	 0.038147 	 3453.939991 	 5000.000000
   42 	 0.038147 	 3677.866099 	 5000.000000
   43 	 0.038147 	 3616.872923 	 5000.000000
   44 	 0.151400 	 4110.825750 	 5000.000000
   45 	 0.038147 	 3923.902109 	 5000.000000
   46 	 0.038147 	 3844.458156 	 5000.000000
   47 	 0.038296 	 3858.609992 	 5000.000000
   48 	 0.038147 	 3277.695261 	 5000.000000
   49 	 0.030613 	 3806.027512 	 5000.000000
   50 	 0.038147 	 3856.743708 	 5000.000000
   51 	 0.038296 	 3570.821123 	 5000.000000
   52 	 0.038147 	 3509.590219 	 5000.000000
   53 	 0.038147 	 3561.699227 	 5000.000000
   54 	 0.037705 	 3387.005072 	 5000.000000
   55 	 0.038147 	 3573.945788 	 5000.000000
   56 	 0.036002 	 3929.505524 	 5000.000000
   57 	 0.019148 	 3976.243598 	 5000.000000
   58 	 0.037687 	 3975.007212 	 5000.000000
   59 	 0.030613 	 3717.828861 	 5000.000000
   60 	 0.038296 	 3697.622424 	 5000.000000
   61 	 0.038296 	 3555.051274 	 5000.000000
   62 	 0.038147 	 3649.485934 	 5000.000000
   63 	 0.038147 	 3534.467090 	 5000.000000
   64 	 0.038147 	 3606.175227 	 5000.000000
   65 	 0.036002 	 3828.452333 	 5000.000000
   66 	 0.038135 	 3452.649660 	 5000.000000
   67 	 0.038146 	 3843.262965 	 5000.000000
   68 	 0.038296 	 3671.671012 	 5000.000000
   69 	 0.038296 	 3659.856043 	 5000.000000
   70 	 0.038147 	 3783.967998 	 5000.000000
   71 	 0.038296 	 3218.819340 	 5000.000000
   72 	 0.038147 	 3462.371148 	 5000.000000
   73 	 0.038147 	 3509.972394 	 5000.000000
   74 	 0.038296 	 3581.891666 	 5000.000000
   75 	 0.037542 	 3512.577747 	 5000.000000
   76 	 0.038147 	 3420.877954 	 5000.000000
   77 	 0.038296 	 3699.918593 	 5000.000000
   78 	 0.038296 	 3844.805887 	 5000.000000
   79 	 0.038296 	 3432.026680 	 5000.000000
   80 	 0.038147 	 3538.664696 	 5000.000000
   81 	 0.038147 	 3969.681959 	 5000.000000
   82 	 0.038147 	 3432.525030 	 5000.000000
   83 	 0.038296 	 3851.896987 	 5000.000000
   84 	 0.038296 	 3609.598109 	 5000.000000
   85 	 0.038147 	 3461.263955 	 5000.000000
   86 	 0.038296 	 3546.585381 	 5000.000000
   87 	 0.038146 	 3929.406442 	 5000.000000
   88 	 0.038147 	 3732.152269 	 5000.000000
   89 	 0.038287 	 3856.303491 	 5000.000000
   90 	 0.037989 	 3554.274564 	 5000.000000
   91 	 0.038147 	 3281.867748 	 5000.000000
   92 	 0.038147 	 3404.722301 	 5000.000000
   93 	 0.030565 	 3596.216643 	 5000.000000
   94 	 0.038147 	 3735.914161 	 5000.000000
   95 	 0.038146 	 3873.077421 	 5000.000000
   96 	 0.038147 	 3948.328416 	 5000.000000
   97 	 0.038296 	 4167.909445 	 5000.000000
   98 	 0.038147 	 3743.142844 	 5000.000000
   99 	 0.036002 	 3310.130088 	 5000.000000
 