   0 	 6.267400 	 26.955905 	 61.260600
    1 	 1.417400 	 32.041025 	 62.066100
    2 	 0.379300 	 37.693707 	 73.454600
    3 	 15.478400 	 40.810675 	 69.948300
    4 	 3.713300 	 40.017134 	 72.029100
    5 	 6.818900 	 43.788903 	 69.033800
    6 	 3.354900 	 46.542160 	 72.090600
    7 	 3.675800 	 47.937719 	 72.192900
    8 	 9.100900 	 47.856664 	 74.480600
    9 	 5.604500 	 45.733357 	 74.822600
   10 	 20.172600 	 48.376914 	 73.898600
   11 	 4.906500 	 50.685210 	 74.480600
   12 	 10.878500 	 52.237195 	 76.411000
   13 	 2.341400 	 53.441091 	 74.480600
   14 	 19.845800 	 55.384041 	 74.467400
   15 	 19.664500 	 54.848890 	 75.114500
   16 	 16.059700 	 55.903839 	 76.525700
   17 	 24.798700 	 56.882170 	 76.525700
   18 	 29.928600 	 57.406834 	 78.132100
   19 	 25.048800 	 57.120207 	 74.977100
   20 	 12.046700 	 58.087924 	 74.504900
   21 	 20.449400 	 53.364786 	 74.904900
   22 	 23.179400 	 55.730742 	 75.003800
   23 	 25.205800 	 56.502741 	 74.603800
   24 	 30.413000 	 57.004015 	 75.811400
   25 	 35.719500 	 58.679589 	 76.010200
   26 	 24.891800 	 58.502621 	 76.217000
   27 	 29.975800 	 58.414288 	 76.136300
   28 	 22.556600 	 56.436779 	 76.136300
   29 	 11.314200 	 56.278319 	 75.506100
   30 	 7.561400 	 58.460749 	 75.622800
   31 	 10.263000 	 58.087040 	 76.104900
   32 	 21.121900 	 59.774401 	 74.823000
   33 	 24.305800 	 59.065389 	 75.608600
   34 	 21.187800 	 59.142772 	 76.614600
   35 	 27.892600 	 60.278015 	 76.614600
   36 	 26.628900 	 60.582751 	 76.714700
   37 	 25.868200 	 61.555672 	 76.913900
   38 	 34.486700 	 62.585715 	 78.030200
   39 	 25.537900 	 59.893960 	 76.128300
   40 	 27.811000 	 59.934485 	 78.132300
   41 	 36.417700 	 60.099191 	 77.726700
   42 	 23.012600 	 59.366430 	 77.020200
   43 	 31.951500 	 60.762419 	 77.725100
   44 	 25.777000 	 60.889271 	 76.208600
   45 	 31.821300 	 63.522600 	 76.208600
   46 	 34.923800 	 63.777554 	 77.929100
   47 	 42.936600 	 64.243740 	 77.929100
   48 	 43.391000 	 65.478832 	 76.522700
   49 	 24.698900 	 65.300039 	 77.827800
   50 	 44.585000 	 66.955728 	 77.319500
   51 	 39.509300 	 67.938915 	 77.827800
   52 	 31.402400 	 68.469301 	 77.421000
   53 	 20.477700 	 67.010653 	 77.423000
   54 	 39.547000 	 65.987374 	 77.423000
   55 	 43.271400 	 65.802174 	 77.726700
   56 	 27.105000 	 65.345843 	 77.827800
   57 	 32.061600 	 65.139382 	 77.827800
   58 	 28.821100 	 65.753507 	 77.320900
   59 	 28.821100 	 67.237752 	 76.613400
   60 	 29.302600 	 66.041991 	 76.517900
   61 	 27.714400 	 66.148912 	 77.218600
   62 	 6.370400 	 66.260493 	 76.712100
   63 	 46.392300 	 67.506125 	 77.725100
   64 	 28.925900 	 65.617192 	 76.312100
   65 	 35.838100 	 65.099252 	 76.818200
   66 	 44.578400 	 64.471535 	 77.219000
   67 	 40.182900 	 65.749711 	 76.818200
   68 	 43.548300 	 65.635483 	 76.818200
   69 	 39.200600 	 66.074091 	 77.724900
   70 	 32.670500 	 66.861128 	 77.217400
   71 	 27.201100 	 65.891665 	 76.818200
   72 	 31.369700 	 65.912532 	 77.320900
   73 	 26.548500 	 65.709117 	 77.318500
   74 	 26.256900 	 66.947191 	 77.623000
   75 	 39.428100 	 66.139355 	 77.724900
   76 	 26.161400 	 64.575917 	 76.920100
   77 	 24.480900 	 63.431951 	 77.015800
   78 	 31.226800 	 64.178913 	 76.920100
   79 	 27.929400 	 64.414696 	 77.217200
   80 	 34.048100 	 66.302809 	 76.513700
   81 	 34.396900 	 64.108950 	 77.724900
   82 	 34.438200 	 64.289320 	 76.823000
   83 	 34.436600 	 63.581207 	 76.110500
   84 	 22.916400 	 62.550412 	 76.713700
   85 	 39.812400 	 64.591996 	 75.724900
   86 	 29.017400 	 64.500820 	 76.714700
   87 	 34.191800 	 64.493085 	 76.815800
   88 	 27.708600 	 64.803838 	 76.416600
   89 	 23.377700 	 61.779201 	 75.201200
   90 	 37.124900 	 61.052418 	 74.948100
   91 	 38.766500 	 60.535949 	 76.916100
   92 	 29.747700 	 60.703659 	 76.814000
   93 	 32.189400 	 59.734854 	 74.847000
   94 	 22.834500 	 60.513498 	 75.412600
   95 	 30.551400 	 59.817667 	 76.615000
   96 	 35.268900 	 61.321264 	 76.206200
   97 	 24.104100 	 61.388373 	 76.206200
   98 	 33.710200 	 62.805683 	 76.234200
   99 	 26.834200 	 62.684816 	 76.234200
 