   0 	 4.616600 	 28.034696 	 61.224500
    1 	 1.611800 	 35.500783 	 65.182900
    2 	 1.198700 	 39.057736 	 68.598700
    3 	 1.850700 	 44.055029 	 69.405800
    4 	 4.728200 	 46.048750 	 66.087000
    5 	 6.469800 	 47.584745 	 68.857000
    6 	 5.779000 	 49.301823 	 75.311700
    7 	 11.202000 	 47.853692 	 73.640600
    8 	 13.508900 	 47.541080 	 73.640600
    9 	 7.996000 	 49.161406 	 71.974500
   10 	 16.058100 	 49.865115 	 73.519700
   11 	 19.502100 	 51.309251 	 73.519700
   12 	 11.631400 	 50.048407 	 74.828600
   13 	 13.952600 	 49.503684 	 72.517400
   14 	 9.179300 	 49.836256 	 75.110100
   15 	 10.666900 	 50.209659 	 74.326100
   16 	 6.912500 	 52.792868 	 75.810200
   17 	 21.120500 	 53.094461 	 73.021600
   18 	 5.282100 	 50.643496 	 73.420000
   19 	 21.232500 	 54.234098 	 72.827600
   20 	 14.508600 	 55.805998 	 72.398900
   21 	 25.054500 	 55.971236 	 74.544900
   22 	 25.054500 	 55.792191 	 72.526000
   23 	 25.096500 	 57.103272 	 76.614600
   24 	 15.086900 	 57.582418 	 77.118900
   25 	 27.269600 	 58.325449 	 76.614600
   26 	 32.868300 	 57.060497 	 73.817400
   27 	 17.566100 	 57.969239 	 73.372900
   28 	 11.530600 	 57.040016 	 74.355700
   29 	 26.180000 	 58.993601 	 74.027800
   30 	 23.437400 	 57.074846 	 73.772900
   31 	 19.741400 	 57.302488 	 74.905300
   32 	 7.721800 	 57.322210 	 75.509100
   33 	 28.884900 	 58.341082 	 75.815400
   34 	 21.807000 	 58.380344 	 75.914900
   35 	 31.638100 	 58.709396 	 74.123300
   36 	 16.204500 	 60.106064 	 75.710500
   37 	 35.310900 	 61.245710 	 75.136100
   38 	 22.798100 	 58.874973 	 75.233200
   39 	 37.210900 	 58.106599 	 72.653400
   40 	 18.665000 	 55.898414 	 73.263700
   41 	 30.795800 	 59.176439 	 76.313100
   42 	 35.591400 	 61.846673 	 77.117900
   43 	 23.529000 	 60.840298 	 76.717100
   44 	 15.565300 	 59.142060 	 76.313100
   45 	 18.410600 	 59.733997 	 77.124300
   46 	 23.537000 	 60.110435 	 74.553700
   47 	 22.387400 	 58.417496 	 75.328100
   48 	 20.651800 	 56.783922 	 75.308100
   49 	 21.045000 	 56.090943 	 74.034600
   50 	 22.737800 	 57.980591 	 74.233800
   51 	 40.606200 	 60.283521 	 72.342500
   52 	 38.806500 	 59.580542 	 76.513700
   53 	 35.789400 	 59.266733 	 76.513700
   54 	 24.565400 	 58.415135 	 75.705700
   55 	 26.500500 	 58.076103 	 74.611000
   56 	 19.366200 	 58.448497 	 73.809800
   57 	 31.796900 	 59.435106 	 75.605000
   58 	 24.002100 	 61.271738 	 76.511300
   59 	 24.090200 	 60.225902 	 75.905300
   60 	 27.707300 	 62.211285 	 77.015200
   61 	 26.091300 	 61.610725 	 76.814600
   62 	 22.948600 	 60.644858 	 77.622600
   63 	 33.661000 	 61.383087 	 76.914900
   64 	 20.135700 	 62.134153 	 76.711700
   65 	 43.168800 	 63.296954 	 77.522100
   66 	 31.303300 	 62.095912 	 76.816200
   67 	 30.387700 	 62.029842 	 76.118500
   68 	 29.599400 	 62.844780 	 77.118900
   69 	 40.701300 	 65.216526 	 77.826200
   70 	 31.577400 	 64.468663 	 76.409400
   71 	 29.976800 	 63.906247 	 76.820600
   72 	 26.636000 	 62.263393 	 76.211000
   73 	 32.221700 	 63.204329 	 77.116100
   74 	 26.351400 	 63.365621 	 76.619400
   75 	 28.887400 	 63.165323 	 77.017800
   76 	 30.294600 	 63.789866 	 77.623000
   77 	 30.294600 	 63.752607 	 78.030800
   78 	 27.860600 	 64.113843 	 77.726100
   79 	 11.598200 	 62.625708 	 77.827800
   80 	 21.874700 	 63.826412 	 77.319300
   81 	 21.923800 	 61.928649 	 77.525100
   82 	 30.475500 	 60.757098 	 77.018400
   83 	 25.038400 	 62.142347 	 77.018400
   84 	 23.432100 	 63.046692 	 76.919300
   85 	 24.569300 	 63.581644 	 76.916100
   86 	 31.308600 	 65.439995 	 78.234200
   87 	 17.123000 	 66.498518 	 78.234200
   88 	 28.876500 	 66.571686 	 78.234200
   89 	 28.100900 	 65.009199 	 76.915300
   90 	 21.795700 	 65.787796 	 76.815800
   91 	 36.227600 	 66.630175 	 77.018600
   92 	 34.062500 	 67.658518 	 77.623400
   93 	 39.184600 	 65.857408 	 77.724900
   94 	 41.511400 	 67.155722 	 77.928500
   95 	 31.506600 	 67.783295 	 77.928500
   96 	 44.186000 	 69.073802 	 77.118900
   97 	 6.354500 	 68.148788 	 77.114900
   98 	 31.160400 	 67.987989 	 76.814600
   99 	 36.173400 	 67.698989 	 76.913900
 