   0 	 4.010100 	 26.497325 	 62.705000
    1 	 1.912600 	 30.003539 	 64.785100
    2 	 0.207800 	 34.661138 	 69.950600
    3 	 6.562100 	 39.270760 	 67.887800
    4 	 4.003000 	 41.397109 	 73.630800
    5 	 9.236000 	 44.169839 	 75.308100
    6 	 5.367300 	 45.750628 	 73.950100
    7 	 21.598400 	 47.433938 	 69.455700
    8 	 17.402500 	 48.604275 	 75.912500
    9 	 21.278600 	 49.344288 	 75.306500
   10 	 12.108500 	 48.101750 	 73.568600
   11 	 10.072900 	 46.684013 	 72.751700
   12 	 4.880400 	 45.911252 	 70.269300
   13 	 12.616500 	 49.568756 	 72.115500
   14 	 22.359400 	 51.443300 	 76.817000
   15 	 24.046600 	 53.035603 	 72.115500
   16 	 23.673400 	 52.468095 	 76.714900
   17 	 27.179000 	 52.828659 	 75.715500
   18 	 11.873700 	 52.180420 	 75.715500
   19 	 11.666900 	 51.418835 	 75.621800
   20 	 6.244900 	 52.890102 	 74.632200
   21 	 25.844900 	 55.203527 	 76.434600
   22 	 19.761300 	 54.755594 	 73.720500
   23 	 21.146600 	 56.016756 	 75.000600
   24 	 21.859400 	 55.143339 	 76.114100
   25 	 5.199800 	 55.243954 	 75.504100
   26 	 17.121800 	 53.020229 	 75.318900
   27 	 12.072500 	 54.294825 	 75.910500
   28 	 24.064200 	 55.694426 	 76.110100
   29 	 18.000100 	 53.864466 	 76.820400
   30 	 15.130900 	 51.496846 	 77.724900
   31 	 16.721900 	 52.321496 	 74.845400
   32 	 18.228600 	 50.332513 	 76.411800
   33 	 8.076600 	 48.971807 	 76.411800
   34 	 19.153100 	 49.540290 	 73.205100
   35 	 11.538900 	 48.501083 	 73.808600
   36 	 15.206700 	 48.974293 	 73.849800
   37 	 2.172600 	 51.649619 	 75.015800
   38 	 31.500500 	 54.634512 	 76.709900
   39 	 20.799500 	 57.322018 	 76.409400
   40 	 22.312800 	 57.889721 	 75.809400
   41 	 20.256400 	 56.735623 	 75.217400
   42 	 3.895300 	 56.275730 	 77.020200
   43 	 7.286100 	 56.639642 	 76.914900
   44 	 29.466600 	 58.870777 	 77.321700
   45 	 22.730900 	 58.020903 	 75.811400
   46 	 20.580500 	 57.724012 	 75.451000
   47 	 19.544600 	 57.484387 	 77.319700
   48 	 19.544600 	 58.664983 	 76.814600
   49 	 25.562600 	 58.932136 	 75.816600
   50 	 28.175000 	 59.266703 	 77.013800
   51 	 27.481000 	 59.706524 	 77.117900
   52 	 24.774600 	 58.527749 	 77.017400
   53 	 25.225000 	 59.413166 	 77.017400
   54 	 38.351000 	 61.693497 	 76.412600
   55 	 31.242600 	 62.125116 	 75.906500
   56 	 38.589800 	 63.045674 	 77.118900
   57 	 34.659500 	 61.410418 	 76.913900
   58 	 26.691500 	 61.453366 	 78.132300
   59 	 11.463000 	 62.372955 	 78.132300
   60 	 23.937800 	 62.539661 	 78.030200
   61 	 40.912100 	 63.925604 	 77.018600
   62 	 30.416900 	 62.836869 	 77.018600
   63 	 24.284100 	 62.578788 	 76.917100
   64 	 23.605600 	 63.224287 	 77.827000
   65 	 37.935800 	 63.202117 	 76.815000
   66 	 29.249900 	 63.719215 	 78.030600
   67 	 21.385400 	 62.856475 	 77.321700
   68 	 31.979800 	 63.696207 	 77.015800
   69 	 26.221400 	 63.492732 	 77.019400
   70 	 25.202700 	 64.465463 	 77.827000
   71 	 24.583400 	 64.980775 	 77.827000
   72 	 36.615800 	 65.977179 	 77.117300
   73 	 22.899800 	 66.337275 	 77.118900
   74 	 33.142600 	 67.613385 	 77.928500
   75 	 33.139700 	 68.939469 	 78.234200
   76 	 38.789600 	 68.704976 	 77.521700
   77 	 30.754100 	 66.712713 	 77.826600
   78 	 40.268000 	 67.705141 	 77.521700
   79 	 40.106500 	 67.479510 	 77.521700
   80 	 35.860100 	 68.235356 	 77.928100
   81 	 40.172600 	 68.985095 	 78.336500
   82 	 37.564600 	 69.758537 	 78.234200
   83 	 12.346600 	 67.287224 	 77.623800
   84 	 37.080200 	 66.630127 	 77.623800
   85 	 30.250100 	 66.215933 	 78.132300
   86 	 43.408900 	 64.933509 	 78.336300
   87 	 22.558700 	 65.837776 	 78.336300
   88 	 42.969000 	 68.258608 	 78.336300
   89 	 40.433400 	 65.671439 	 78.132300
   90 	 37.729900 	 64.720989 	 77.321100
   91 	 25.669100 	 63.277146 	 77.324300
   92 	 42.033900 	 63.847345 	 76.510700
   93 	 28.196300 	 63.681061 	 75.711500
   94 	 26.428300 	 63.353857 	 75.501100
   95 	 35.795000 	 63.945298 	 76.917100
   96 	 36.897000 	 65.874910 	 76.718900
   97 	 36.861800 	 63.805815 	 77.319500
   98 	 31.141400 	 64.026227 	 76.714700
   99 	 15.635000 	 62.479581 	 77.827000
 