   0 	 0.015999 	 0.067771 	 0.576004
    1 	 0.015798 	 0.150826 	 2.359604
    2 	 0.024242 	 0.437629 	 4.198153
    3 	 0.022451 	 1.254423 	 5.393743
    4 	 0.035901 	 1.992744 	 14.245014
    5 	 0.038108 	 2.933821 	 25.125628
    6 	 0.034700 	 5.765338 	 45.045045
    7 	 0.039180 	 11.669083 	 55.865922
    8 	 0.040124 	 21.928956 	 74.626866
    9 	 0.039180 	 28.593280 	 128.205128
   10 	 0.039185 	 44.815354 	 185.185185
   11 	 0.038415 	 58.333163 	 263.157895
   12 	 0.039199 	 86.542903 	 714.285714
   13 	 0.038443 	 150.237654 	 714.285714
   14 	 0.037649 	 271.293840 	 1111.111111
   15 	 0.038446 	 406.111744 	 1111.111111
   16 	 0.038295 	 618.082402 	 2000.000000
   17 	 0.038295 	 682.832005 	 2000.000000
   18 	 0.030612 	 774.024818 	 2000.000000
   19 	 0.038295 	 879.678386 	 2000.000000
   20 	 0.150222 	 1220.986387 	 10000.000000
   21 	 0.038446 	 1682.578714 	 10000.000000
   22 	 0.038146 	 2489.299520 	 10000.000000
   23 	 0.038296 	 4758.991701 	 10000.000000
   24 	 0.030422 	 6324.480704 	 10000.000000
   25 	 0.038296 	 7241.197260 	 10000.000000
   26 	 0.037989 	 6988.099276 	 10000.000000
   27 	 0.038147 	 7070.371731 	 10000.000000
   28 	 0.036035 	 8295.460397 	 10000.000000
   29 	 0.038147 	 8095.291312 	 10000.000000
   30 	 0.038147 	 7525.548504 	 10000.000000
   31 	 0.030613 	 6874.946108 	 10000.000000
   32 	 0.038296 	 8093.203812 	 10000.000000
   33 	 0.038147 	 7713.270933 	 10000.000000
   34 	 0.038147 	 7506.862779 	 10000.000000
   35 	 0.038296 	 7748.674621 	 10000.000000
   36 	 0.038146 	 8096.303957 	 10000.000000
   37 	 0.038146 	 6896.954414 	 10000.000000
   38 	 0.038147 	 8082.132106 	 10000.000000
   39 	 0.038147 	 7309.627051 	 10000.000000
   40 	 0.038147 	 7222.527835 	 10000.000000
   41 	 0.151400 	 7826.216890 	 10000.000000
   42 	 0.038110 	 7982.359504 	 10000.000000
   43 	 0.037542 	 7733.912985 	 10000.000000
   44 	 0.038147 	 7795.573108 	 10000.000000
   45 	 0.037989 	 7321.537085 	 10000.000000
   46 	 0.038147 	 7617.714915 	 10000.000000
   47 	 0.038147 	 8078.782402 	 10000.000000
   48 	 0.037705 	 6484.905038 	 10000.000000
   49 	 0.030470 	 6609.956388 	 10000.000000
   50 	 0.038147 	 7951.226454 	 10000.000000
   51 	 0.038142 	 7938.320336 	 10000.000000
   52 	 0.038144 	 7212.074805 	 10000.000000
   53 	 0.037542 	 7249.151033 	 10000.000000
   54 	 0.038296 	 7667.355745 	 10000.000000
   55 	 0.038296 	 7035.889658 	 10000.000000
   56 	 0.038147 	 7729.958740 	 10000.000000
   57 	 0.038110 	 7342.409179 	 10000.000000
   58 	 0.038296 	 8340.678940 	 10000.000000
   59 	 0.038144 	 6951.010954 	 10000.000000
   60 	 0.038147 	 7592.914051 	 10000.000000
   61 	 0.038147 	 7946.471203 	 10000.000000
   62 	 0.151403 	 7762.758474 	 10000.000000
   63 	 0.151403 	 7686.283728 	 10000.000000
   64 	 0.038147 	 7462.025615 	 10000.000000
   65 	 0.097655 	 7148.506595 	 10000.000000
   66 	 0.038147 	 7282.593410 	 10000.000000
   67 	 0.038296 	 7530.262728 	 10000.000000
   68 	 0.038147 	 7586.404623 	 10000.000000
   69 	 0.038147 	 7431.591132 	 10000.000000
   70 	 0.038147 	 7858.426298 	 10000.000000
   71 	 0.030613 	 6933.889795 	 10000.000000
   72 	 0.038296 	 7333.663258 	 10000.000000
   73 	 0.038147 	 8013.548561 	 10000.000000
   74 	 0.038147 	 6649.054421 	 10000.000000
   75 	 0.038147 	 6650.653985 	 10000.000000
   76 	 0.036035 	 7629.965266 	 10000.000000
   77 	 0.067815 	 7988.951416 	 10000.000000
   78 	 0.038147 	 6851.179745 	 10000.000000
   79 	 0.038147 	 8574.305331 	 10000.000000
   80 	 0.038147 	 7469.786138 	 10000.000000
   81 	 0.038147 	 7419.878054 	 10000.000000
   82 	 0.038147 	 6610.803193 	 10000.000000
   83 	 0.038147 	 7011.907161 	 10000.000000
   84 	 0.038147 	 7555.130897 	 10000.000000
   85 	 0.151403 	 8590.771519 	 10000.000000
   86 	 0.036035 	 7107.001912 	 10000.000000
   87 	 0.038147 	 8567.832209 	 10000.000000
   88 	 0.036035 	 7311.023076 	 10000.000000
   89 	 0.038296 	 7230.068001 	 10000.000000
   90 	 0.037705 	 6862.653589 	 10000.000000
   91 	 0.038110 	 7237.666819 	 10000.000000
   92 	 0.038146 	 6891.770340 	 10000.000000
   93 	 0.038147 	 7326.694159 	 10000.000000
   94 	 0.038147 	 8056.669556 	 10000.000000
   95 	 0.038147 	 7556.488931 	 10000.000000
   96 	 0.038147 	 7961.303258 	 10000.000000
   97 	 0.038147 	 7823.904116 	 10000.000000
   98 	 0.038147 	 7457.584277 	 10000.000000
   99 	 0.030129 	 6955.521779 	 10000.000000
 