   0 	 0.249000 	 24.262846 	 57.581700
    1 	 3.280400 	 32.236525 	 65.258000
    2 	 4.179500 	 36.966819 	 62.660900
    3 	 6.056600 	 38.391899 	 69.488900
    4 	 5.511400 	 41.813789 	 72.179700
    5 	 5.698600 	 45.914068 	 71.460500
    6 	 12.998100 	 45.698362 	 74.212600
    7 	 10.668600 	 49.218871 	 74.112300
    8 	 12.196900 	 48.529426 	 72.533700
    9 	 18.466400 	 49.196737 	 72.722700
   10 	 15.571700 	 51.364113 	 74.242400
   11 	 27.570000 	 52.937283 	 74.922100
   12 	 5.918400 	 50.866790 	 72.438800
   13 	 8.891700 	 52.319693 	 74.106500
   14 	 24.728400 	 54.259148 	 75.318500
   15 	 23.770100 	 54.929450 	 73.167300
   16 	 13.241800 	 54.929339 	 75.018200
   17 	 21.885400 	 52.219305 	 77.016800
   18 	 16.936400 	 51.917998 	 74.912100
   19 	 8.726900 	 51.837240 	 77.318100
   20 	 25.408200 	 53.633260 	 74.461200
   21 	 19.955300 	 54.448304 	 74.461200
   22 	 20.712900 	 53.359327 	 77.724900
   23 	 18.237200 	 54.817500 	 77.928500
   24 	 15.989200 	 55.658829 	 75.016800
   25 	 16.485600 	 56.164000 	 76.125700
   26 	 19.611700 	 58.009792 	 77.724500
   27 	 17.325300 	 56.020360 	 78.030800
   28 	 24.296000 	 58.891095 	 78.030800
   29 	 22.818000 	 61.100551 	 78.030800
   30 	 25.824900 	 61.893667 	 78.030800
   31 	 28.614500 	 62.248557 	 78.234400
   32 	 36.674400 	 64.157719 	 78.235200
   33 	 26.156200 	 62.091950 	 78.235200
   34 	 26.156200 	 62.688029 	 78.540900
   35 	 33.948500 	 63.156760 	 76.917300
   36 	 31.900200 	 63.505918 	 77.221200
   37 	 22.505600 	 63.413897 	 77.827200
   38 	 35.102000 	 61.752906 	 78.132900
   39 	 11.434500 	 59.038748 	 78.235200
   40 	 33.554000 	 61.312276 	 77.724900
   41 	 36.598400 	 61.515444 	 78.132900
   42 	 5.642900 	 60.457039 	 78.234600
   43 	 25.653600 	 61.248444 	 78.132900
   44 	 32.963400 	 62.272505 	 78.336500
   45 	 35.049600 	 60.765540 	 78.336900
   46 	 20.525700 	 59.130471 	 77.828000
   47 	 20.536800 	 58.385944 	 75.181700
   48 	 30.840900 	 58.219477 	 78.132900
   49 	 25.149200 	 55.609152 	 77.928500
   50 	 28.417600 	 57.198105 	 77.928500
   51 	 21.884500 	 57.196902 	 77.220400
   52 	 24.013600 	 58.267798 	 77.221200
   53 	 21.806600 	 58.493039 	 78.132500
   54 	 28.091700 	 62.200259 	 77.929300
   55 	 26.615300 	 63.545886 	 78.030800
   56 	 16.521300 	 62.038567 	 77.827400
   57 	 28.053000 	 60.220598 	 78.235200
   58 	 29.756900 	 61.106355 	 78.235200
   59 	 29.756900 	 60.529814 	 77.728100
   60 	 15.904100 	 63.204802 	 77.728100
   61 	 23.400900 	 65.573825 	 77.929100
   62 	 35.698500 	 65.833540 	 78.438600
   63 	 35.215300 	 64.443989 	 78.438600
   64 	 37.815300 	 65.671764 	 78.438600
   65 	 33.589700 	 65.669987 	 78.030800
   66 	 24.133800 	 66.798780 	 78.132900
   67 	 30.067700 	 65.742599 	 78.438800
   68 	 34.082000 	 66.353206 	 78.132500
   69 	 26.430900 	 65.297622 	 77.725700
   70 	 29.243700 	 67.017263 	 78.438800
   71 	 24.356000 	 66.064221 	 78.336500
   72 	 6.826400 	 64.991149 	 78.438800
   73 	 40.287000 	 67.011972 	 78.336500
   74 	 42.979200 	 65.123633 	 78.234600
   75 	 31.853000 	 64.202767 	 78.132500
   76 	 21.717200 	 65.637930 	 78.438800
   77 	 23.753000 	 64.174502 	 77.726900
   78 	 33.750100 	 65.290311 	 78.234400
   79 	 38.574500 	 65.644224 	 77.928900
   80 	 26.593700 	 64.085525 	 77.928900
   81 	 26.184200 	 65.222891 	 77.830400
   82 	 21.380500 	 65.334035 	 78.540900
   83 	 21.403700 	 66.835553 	 77.525300
   84 	 46.048400 	 66.129362 	 77.318900
   85 	 29.051400 	 67.110167 	 77.318900
   86 	 30.885800 	 66.033108 	 77.624400
   87 	 30.885800 	 66.176502 	 77.624400
   88 	 32.005900 	 64.104859 	 77.224400
   89 	 43.009300 	 64.005564 	 77.224400
   90 	 25.010000 	 63.910359 	 77.624600
   91 	 21.600800 	 63.067116 	 76.818000
   92 	 36.299700 	 64.567780 	 77.224400
   93 	 26.559000 	 62.764455 	 75.916100
   94 	 32.207300 	 62.466733 	 77.017800
   95 	 32.279400 	 62.408005 	 77.017800
   96 	 26.458400 	 60.935437 	 76.523300
   97 	 19.031800 	 59.241154 	 76.621600
   98 	 22.638000 	 60.240153 	 77.319700
   99 	 26.381600 	 59.259025 	 76.321700
 