   0 	 1.940000 	 25.278955 	 66.409300
    1 	 4.584100 	 33.942293 	 66.409300
    2 	 10.739400 	 35.541809 	 71.405400
    3 	 1.431400 	 36.638870 	 65.055000
    4 	 10.691500 	 39.383007 	 70.633800
    5 	 4.740500 	 41.929532 	 73.002500
    6 	 17.461700 	 43.715370 	 73.431300
    7 	 4.374100 	 44.354451 	 72.605700
    8 	 14.818700 	 48.352522 	 75.216200
    9 	 13.015400 	 50.460937 	 73.647000
   10 	 19.763600 	 50.855868 	 73.292500
   11 	 8.477000 	 51.628127 	 73.473600
   12 	 9.268900 	 53.353560 	 75.926100
   13 	 1.037000 	 56.464166 	 77.522900
   14 	 27.443000 	 58.837527 	 77.522900
   15 	 32.245100 	 57.911586 	 75.924500
   16 	 28.783200 	 58.058033 	 76.716500
   17 	 28.663700 	 57.331520 	 75.928100
   18 	 24.452500 	 57.119823 	 75.928100
   19 	 25.236500 	 57.500030 	 76.010000
   20 	 21.706400 	 59.107051 	 75.804000
   21 	 17.645800 	 59.286915 	 76.611000
   22 	 25.293800 	 59.560673 	 75.712500
   23 	 25.680800 	 58.955222 	 76.016600
   24 	 25.740100 	 60.519992 	 75.119300
   25 	 28.490800 	 58.004328 	 75.724500
   26 	 24.701900 	 58.167286 	 75.724500
   27 	 33.343000 	 58.791326 	 75.928100
   28 	 25.595600 	 59.824508 	 77.018200
   29 	 23.970200 	 59.971042 	 75.822600
   30 	 24.387000 	 61.535724 	 77.419400
   31 	 24.198900 	 61.244411 	 76.512500
   32 	 36.878600 	 61.649810 	 77.318900
   33 	 28.699400 	 60.152511 	 76.613000
   34 	 34.520500 	 60.061469 	 74.816600
   35 	 29.399300 	 61.131993 	 77.018200
   36 	 16.946500 	 60.239987 	 76.814600
   37 	 24.583800 	 59.486482 	 77.724900
   38 	 24.495000 	 59.277128 	 77.319700
   39 	 33.417800 	 59.297065 	 77.015200
   40 	 22.610600 	 60.772341 	 75.445800
   41 	 26.617400 	 62.350915 	 76.030200
   42 	 25.521300 	 62.072668 	 75.543300
   43 	 26.077600 	 64.455741 	 75.912500
   44 	 28.801700 	 65.911518 	 75.912500
   45 	 28.801700 	 65.257164 	 75.514900
   46 	 28.702500 	 63.634024 	 75.717700
   47 	 28.263800 	 62.729484 	 76.219400
   48 	 30.407000 	 65.377070 	 76.219400
   49 	 30.407000 	 65.533911 	 75.716900
   50 	 33.955400 	 65.447457 	 77.326500
   51 	 36.670500 	 64.764729 	 75.912500
   52 	 25.693100 	 64.682277 	 75.122100
   53 	 42.395700 	 64.041345 	 75.808200
   54 	 33.785400 	 63.270876 	 75.402600
   55 	 38.352300 	 62.745427 	 75.409800
   56 	 30.684800 	 61.716256 	 76.815000
   57 	 31.395800 	 63.480187 	 76.815000
   58 	 28.768100 	 63.746710 	 77.020800
   59 	 28.989600 	 64.387013 	 77.020800
   60 	 40.279400 	 66.554531 	 76.814600
   61 	 38.049700 	 67.380481 	 77.120300
   62 	 36.870200 	 68.298041 	 77.217800
   63 	 38.276500 	 67.269212 	 77.420600
   64 	 30.562500 	 67.320835 	 77.826200
   65 	 30.562500 	 68.059988 	 78.030200
   66 	 31.290900 	 66.733243 	 77.826200
   67 	 39.987400 	 66.577076 	 77.826200
   68 	 17.028200 	 65.569384 	 77.014600
   69 	 35.818100 	 64.709907 	 77.118900
   70 	 26.015400 	 65.701425 	 78.132500
   71 	 37.085800 	 64.339099 	 78.132500
   72 	 40.191000 	 65.380575 	 76.922500
   73 	 23.010900 	 65.522435 	 77.423000
   74 	 41.348100 	 65.482510 	 77.421600
   75 	 26.120500 	 63.653236 	 77.827800
   76 	 30.197400 	 64.779972 	 77.218200
   77 	 31.844400 	 63.728899 	 77.725700
   78 	 29.065700 	 65.750830 	 77.725700
   79 	 19.909700 	 64.087386 	 77.827000
   80 	 26.066200 	 64.908692 	 77.623600
   81 	 29.540600 	 66.827595 	 77.929100
   82 	 37.580200 	 66.343728 	 77.827000
   83 	 29.010600 	 65.278189 	 77.420600
   84 	 28.463400 	 63.385392 	 76.925100
   85 	 32.131800 	 64.372796 	 77.217400
   86 	 18.537900 	 62.793059 	 77.624600
   87 	 29.314100 	 63.543575 	 77.224200
   88 	 23.437800 	 63.665755 	 77.219400
   89 	 22.961100 	 62.119452 	 78.030600
   90 	 23.313400 	 61.779270 	 77.928900
   91 	 25.528100 	 62.182281 	 78.336500
   92 	 41.716200 	 63.949639 	 77.424600
   93 	 30.108500 	 63.271724 	 76.716100
   94 	 27.172100 	 62.600170 	 77.524100
   95 	 29.197600 	 65.423619 	 78.030200
   96 	 37.648100 	 65.085469 	 78.336500
   97 	 30.558500 	 65.418123 	 78.336500
   98 	 40.085800 	 67.350492 	 77.318700
   99 	 29.536300 	 65.407431 	 77.421800
 