   0 	 2.782100 	 27.517792 	 64.354200
    1 	 1.856100 	 32.801180 	 69.939000
    2 	 5.920100 	 39.482886 	 73.714500
    3 	 7.430500 	 46.128594 	 74.429000
    4 	 12.442100 	 47.383051 	 73.849800
    5 	 9.188100 	 47.490854 	 71.382900
    6 	 11.978900 	 49.165783 	 71.882400
    7 	 18.968200 	 52.146342 	 73.588100
    8 	 20.657000 	 53.244935 	 72.689000
    9 	 18.609400 	 53.160571 	 72.893000
   10 	 15.249900 	 52.875689 	 73.706500
   11 	 26.017900 	 56.075608 	 78.132300
   12 	 29.868100 	 53.827876 	 73.827000
   13 	 17.273700 	 52.777530 	 74.246200
   14 	 25.256100 	 53.115066 	 73.628600
   15 	 19.688600 	 54.405748 	 75.518700
   16 	 22.248200 	 51.931424 	 75.420600
   17 	 10.243700 	 53.283050 	 74.502900
   18 	 23.394500 	 54.660914 	 74.902100
   19 	 22.858400 	 55.921838 	 74.525300
   20 	 14.909600 	 55.722793 	 74.619800
   21 	 24.148200 	 57.864795 	 75.812000
   22 	 26.638500 	 57.998264 	 74.525300
   23 	 27.812600 	 56.711503 	 76.105300
   24 	 26.230900 	 55.314248 	 75.409800
   25 	 13.515800 	 56.122125 	 75.808200
   26 	 23.402400 	 56.464286 	 75.630600
   27 	 22.356600 	 58.952618 	 75.521300
   28 	 25.297700 	 56.049451 	 73.904100
   29 	 25.809800 	 56.155508 	 75.713300
   30 	 16.942100 	 58.201697 	 75.112100
   31 	 28.157400 	 58.632478 	 74.902900
   32 	 29.890400 	 60.260143 	 75.504100
   33 	 15.121400 	 58.149705 	 75.409400
   34 	 28.206000 	 59.654090 	 75.409400
   35 	 26.207500 	 61.226267 	 76.121900
   36 	 24.651300 	 61.195491 	 76.612000
   37 	 32.212600 	 60.249293 	 76.718500
   38 	 24.960500 	 62.023036 	 76.815000
   39 	 36.114200 	 62.287232 	 76.015000
   40 	 26.422900 	 61.959030 	 75.728500
   41 	 14.521700 	 62.661914 	 75.805400
   42 	 21.659000 	 59.858692 	 76.415400
   43 	 26.459700 	 60.671774 	 77.420600
   44 	 37.205000 	 62.446034 	 77.826200
   45 	 26.650900 	 60.397562 	 77.521700
   46 	 25.892100 	 60.281774 	 77.016200
   47 	 23.670100 	 60.754707 	 77.016200
   48 	 15.691400 	 62.181571 	 76.922500
   49 	 25.991600 	 64.626563 	 76.511700
   50 	 32.732900 	 64.177739 	 77.319500
   51 	 32.627800 	 64.295051 	 76.406600
   52 	 34.603000 	 64.177978 	 76.925100
   53 	 34.047400 	 64.587833 	 77.017400
   54 	 17.678500 	 64.656924 	 77.421800
   55 	 34.265700 	 65.986219 	 77.421800
   56 	 43.183400 	 67.139300 	 77.319700
   57 	 32.272500 	 66.936191 	 77.122100
   58 	 47.069400 	 68.077343 	 77.224200
   59 	 29.763800 	 66.823373 	 77.928500
   60 	 25.436200 	 66.420572 	 77.827000
   61 	 31.598100 	 65.775408 	 77.521300
   62 	 38.138200 	 67.189771 	 77.122100
   63 	 40.088300 	 66.725524 	 77.022200
   64 	 12.068100 	 64.950779 	 76.718500
   65 	 40.543800 	 66.349858 	 77.118500
   66 	 39.824300 	 66.215218 	 77.521700
   67 	 36.590900 	 65.545634 	 77.222200
   68 	 21.554900 	 64.691735 	 77.117300
   69 	 32.411700 	 66.871251 	 77.218200
   70 	 19.918100 	 66.287623 	 77.218200
   71 	 35.194800 	 65.761929 	 77.117300
   72 	 33.221600 	 64.730821 	 76.310900
   73 	 38.428500 	 64.137063 	 75.813000
   74 	 28.447200 	 65.272640 	 76.412600
   75 	 27.653600 	 64.925965 	 77.623600
   76 	 27.326200 	 64.758342 	 76.307500
   77 	 42.661000 	 64.202049 	 76.619400
   78 	 22.155400 	 64.698953 	 77.218200
   79 	 32.539700 	 66.221572 	 77.928500
   80 	 37.629700 	 65.795799 	 77.623800
   81 	 35.256100 	 63.377284 	 77.218200
   82 	 29.859300 	 64.124544 	 77.218200
   83 	 31.887000 	 66.250601 	 76.710100
   84 	 41.409800 	 66.333856 	 76.710100
   85 	 31.443800 	 65.943398 	 76.710100
   86 	 42.753000 	 66.943383 	 76.811600
   87 	 41.187800 	 66.392664 	 77.218600
   88 	 39.842500 	 65.963986 	 77.218600
   89 	 21.662200 	 66.556951 	 77.826600
   90 	 24.844300 	 65.237709 	 78.132300
   91 	 29.189400 	 64.811695 	 77.929100
   92 	 24.373100 	 65.916415 	 77.929100
   93 	 26.969400 	 66.717151 	 77.419800
   94 	 38.255000 	 67.007047 	 77.015400
   95 	 20.115400 	 65.851749 	 76.813200
   96 	 29.166100 	 65.667756 	 77.420600
   97 	 26.271500 	 65.637352 	 76.817000
   98 	 29.187300 	 65.876304 	 77.015400
   99 	 26.003500 	 66.624423 	 77.124500
 