   0 	 1.027400 	 26.120974 	 74.801000
    1 	 3.739400 	 32.393457 	 69.094900
    2 	 6.215300 	 35.465197 	 70.275600
    3 	 9.115700 	 42.507846 	 72.009300
    4 	 3.566100 	 46.918074 	 72.192900
    5 	 12.256100 	 50.477926 	 71.524100
    6 	 19.649400 	 48.540261 	 72.123300
    7 	 11.004600 	 48.855973 	 72.612300
    8 	 7.405100 	 48.199928 	 70.144400
    9 	 8.765700 	 47.316876 	 71.189400
   10 	 8.557700 	 47.741569 	 71.189400
   11 	 13.982800 	 47.295481 	 72.929700
   12 	 6.752500 	 50.317574 	 72.929700
   13 	 18.474900 	 51.077439 	 72.929700
   14 	 16.762100 	 52.494557 	 72.929700
   15 	 16.640500 	 50.737381 	 71.556600
   16 	 23.823800 	 51.274499 	 72.763400
   17 	 19.955700 	 51.287191 	 74.335700
   18 	 8.261000 	 51.578371 	 72.351200
   19 	 8.382600 	 54.140240 	 77.018200
   20 	 17.592500 	 53.399787 	 77.120300
   21 	 26.537300 	 56.026243 	 77.018200
   22 	 18.409900 	 56.490789 	 77.022200
   23 	 25.432900 	 57.425500 	 76.823000
   24 	 23.761400 	 57.731398 	 74.461400
   25 	 16.337400 	 57.295642 	 76.813400
   26 	 28.703000 	 59.024937 	 75.213400
   27 	 18.941400 	 58.025928 	 77.623000
   28 	 25.605300 	 59.026687 	 76.615000
   29 	 20.219000 	 56.638428 	 77.623400
   30 	 26.885700 	 59.934608 	 78.132900
   31 	 26.108900 	 60.133079 	 77.725700
   32 	 21.294900 	 62.375794 	 78.234200
   33 	 37.976600 	 63.115995 	 78.234200
   34 	 33.313100 	 64.151781 	 77.423000
   35 	 30.134600 	 62.416872 	 78.336500
   36 	 23.355800 	 61.149121 	 76.721700
   37 	 18.182600 	 61.314384 	 76.721700
   38 	 25.859000 	 61.554200 	 76.715700
   39 	 24.737300 	 63.362176 	 76.615800
   40 	 31.400600 	 65.226760 	 78.031400
   41 	 29.497100 	 65.686393 	 76.311700
   42 	 37.750600 	 65.256396 	 76.721700
   43 	 26.801000 	 64.843778 	 77.017800
   44 	 25.849900 	 65.679086 	 77.421800
   45 	 29.726600 	 65.208038 	 77.521300
   46 	 24.811400 	 65.422446 	 77.624400
   47 	 24.811400 	 67.293343 	 77.320500
   48 	 39.713400 	 66.039474 	 77.421000
   49 	 36.596600 	 64.125865 	 77.421000
   50 	 30.147800 	 63.301694 	 77.623400
   51 	 25.763600 	 63.738351 	 77.623400
   52 	 25.362500 	 65.933641 	 77.725100
   53 	 22.997000 	 65.623587 	 77.725100
   54 	 26.523000 	 65.532299 	 77.827400
   55 	 40.698500 	 66.206434 	 77.725100
   56 	 40.212900 	 68.382580 	 77.622800
   57 	 31.489800 	 67.596861 	 77.622800
   58 	 26.547000 	 68.023285 	 77.421000
   59 	 26.546100 	 67.996567 	 78.234600
   60 	 38.268900 	 66.160856 	 77.725700
   61 	 2.993000 	 66.731659 	 77.725700
   62 	 38.761300 	 66.987822 	 77.827200
   63 	 25.072900 	 66.393492 	 78.132900
   64 	 32.489300 	 65.697781 	 77.625000
   65 	 32.987800 	 66.751323 	 78.030800
   66 	 25.801000 	 65.628332 	 78.030800
   67 	 24.641700 	 65.560859 	 78.235200
   68 	 24.430500 	 65.336952 	 78.235200
   69 	 24.365000 	 64.849894 	 77.928900
   70 	 31.161700 	 64.509516 	 77.725700
   71 	 34.389000 	 64.949764 	 77.928900
   72 	 17.462100 	 64.242710 	 77.928900
   73 	 26.135700 	 63.342364 	 78.133700
   74 	 27.958900 	 63.471953 	 78.133700
   75 	 22.882100 	 64.018703 	 78.133700
   76 	 31.534500 	 64.676328 	 78.234600
   77 	 31.747000 	 63.832862 	 77.428800
   78 	 36.526100 	 65.795670 	 77.226600
   79 	 20.227600 	 65.386801 	 77.520900
   80 	 39.162600 	 65.001249 	 77.226600
   81 	 34.494500 	 64.760967 	 77.027400
   82 	 31.896100 	 65.840215 	 76.920900
   83 	 34.248500 	 67.351910 	 78.132900
   84 	 37.877800 	 67.654439 	 77.426600
   85 	 23.837000 	 67.984850 	 77.426600
   86 	 37.201700 	 67.346274 	 77.320100
   87 	 45.048100 	 66.727628 	 78.132900
   88 	 23.315400 	 66.573851 	 77.118900
   89 	 28.986900 	 65.350004 	 77.526900
   90 	 27.176900 	 63.373276 	 78.030600
   91 	 38.288900 	 64.296860 	 78.132900
   92 	 34.894500 	 65.672713 	 77.928500
   93 	 13.585000 	 64.188894 	 77.728100
   94 	 13.399400 	 66.070136 	 77.624400
   95 	 42.461600 	 66.680019 	 77.428800
   96 	 42.461600 	 67.785865 	 78.133700
   97 	 37.035500 	 66.763506 	 77.224400
   98 	 36.649100 	 65.732050 	 76.315500
   99 	 28.062800 	 66.381929 	 76.819400
 