   0 	 0.396200 	 24.064287 	 56.993700
    1 	 2.018600 	 30.553589 	 59.514600
    2 	 1.487500 	 36.363253 	 71.589300
    3 	 5.575800 	 40.913233 	 73.467000
    4 	 10.153000 	 42.779010 	 74.418000
    5 	 2.339700 	 44.362119 	 70.747800
    6 	 6.214600 	 43.861945 	 67.941700
    7 	 19.268600 	 47.327532 	 69.923200
    8 	 14.080900 	 47.612087 	 72.847400
    9 	 9.264800 	 48.751726 	 76.311700
   10 	 23.682200 	 49.415535 	 72.640800
   11 	 7.806200 	 50.798722 	 72.422800
   12 	 8.145400 	 48.290487 	 71.660000
   13 	 15.597900 	 49.043590 	 70.455200
   14 	 3.818600 	 49.325415 	 73.659400
   15 	 3.128900 	 52.779907 	 72.541300
   16 	 12.962400 	 50.582527 	 72.979700
   17 	 22.525400 	 53.142684 	 76.614600
   18 	 9.567300 	 51.841755 	 76.614600
   19 	 14.612300 	 51.478396 	 73.279400
   20 	 13.046400 	 51.496226 	 74.618600
   21 	 18.738000 	 51.810446 	 76.306500
   22 	 18.738000 	 52.940778 	 76.306500
   23 	 17.504100 	 53.453068 	 73.467800
   24 	 22.385400 	 53.360109 	 75.905300
   25 	 26.017800 	 53.444508 	 74.314700
   26 	 21.535800 	 53.932936 	 72.275300
   27 	 17.818400 	 56.025627 	 75.408600
   28 	 18.751400 	 58.186468 	 75.408600
   29 	 23.297000 	 58.049707 	 76.811000
   30 	 27.936500 	 57.810219 	 76.811000
   31 	 26.168900 	 58.796110 	 77.216400
   32 	 30.403400 	 58.657636 	 77.216400
   33 	 9.299700 	 57.926933 	 77.118500
   34 	 14.806100 	 59.000671 	 77.014400
   35 	 4.727700 	 60.111809 	 76.214400
   36 	 22.005800 	 59.014688 	 74.816400
   37 	 25.383300 	 58.336406 	 75.730100
   38 	 22.725900 	 56.860176 	 75.926100
   39 	 25.521200 	 59.174258 	 77.929300
   40 	 23.254500 	 58.623071 	 77.929300
   41 	 26.442400 	 59.687467 	 75.724900
   42 	 5.357600 	 59.851536 	 75.627000
   43 	 28.894900 	 60.901627 	 77.419800
   44 	 30.261000 	 60.459004 	 77.826600
   45 	 36.146200 	 59.909434 	 77.419400
   46 	 27.505400 	 59.830000 	 77.020200
   47 	 18.962600 	 59.697208 	 75.609000
   48 	 18.694100 	 58.211102 	 74.372500
   49 	 17.148500 	 58.582355 	 77.321100
   50 	 27.524500 	 58.297258 	 75.118500
   51 	 22.886100 	 57.707825 	 75.809400
   52 	 23.452500 	 57.790589 	 75.319700
   53 	 17.508500 	 58.351484 	 76.306500
   54 	 27.374900 	 61.712957 	 78.031400
   55 	 37.170900 	 64.820233 	 75.016200
   56 	 39.404500 	 64.316450 	 77.523700
   57 	 23.558100 	 63.779819 	 76.427000
   58 	 34.704100 	 63.345136 	 75.924500
   59 	 28.153000 	 62.144703 	 77.318100
   60 	 20.420100 	 61.984132 	 77.219400
   61 	 20.448900 	 62.991988 	 77.423000
   62 	 32.024900 	 62.685585 	 75.516100
   63 	 32.398700 	 62.697212 	 78.336300
   64 	 35.818100 	 62.503028 	 78.132300
   65 	 34.949600 	 61.741251 	 78.132300
   66 	 31.316500 	 60.768883 	 76.624600
   67 	 26.491500 	 59.104279 	 76.409800
   68 	 27.728300 	 59.355673 	 73.961900
   69 	 22.387400 	 61.366929 	 74.803000
   70 	 38.234100 	 63.236590 	 76.513700
   71 	 26.895000 	 61.078264 	 76.513700
   72 	 25.485900 	 63.118802 	 76.826000
   73 	 27.576500 	 63.207965 	 77.120900
   74 	 42.617000 	 64.301076 	 77.217000
   75 	 31.254900 	 63.716897 	 77.320100
   76 	 25.224400 	 61.547831 	 75.835200
   77 	 25.016500 	 60.737138 	 76.312300
   78 	 27.031400 	 63.061040 	 77.317700
   79 	 18.214900 	 64.096166 	 77.317700
   80 	 31.618200 	 65.448999 	 77.318100
   81 	 38.564000 	 65.143447 	 75.724500
   82 	 27.920000 	 63.518919 	 77.421000
   83 	 29.308900 	 63.779589 	 75.932900
   84 	 22.792400 	 64.465175 	 76.514700
   85 	 31.852900 	 65.749316 	 77.016200
   86 	 35.859700 	 66.192319 	 77.421800
   87 	 28.258500 	 66.180817 	 76.613800
   88 	 15.675800 	 65.448155 	 77.020200
   89 	 27.960600 	 66.132293 	 77.020200
   90 	 42.065900 	 65.667427 	 77.726700
   91 	 39.307600 	 66.032843 	 77.222600
   92 	 38.586600 	 67.355112 	 77.115500
   93 	 34.880100 	 66.851090 	 77.117100
   94 	 22.049900 	 67.027172 	 77.218000
   95 	 36.055800 	 65.372697 	 77.020200
   96 	 28.717700 	 63.188353 	 77.217200
   97 	 28.948000 	 62.519830 	 75.338700
   98 	 27.519000 	 62.906689 	 77.522700
   99 	 28.557000 	 62.761219 	 77.522700
 