   0 	 2.729300 	 27.403200 	 65.421400
    1 	 6.156500 	 31.917418 	 68.479500
    2 	 0.869000 	 35.894310 	 66.153000
    3 	 4.763000 	 40.238017 	 71.685000
    4 	 7.156100 	 42.545516 	 77.829000
    5 	 15.411300 	 43.675988 	 71.799400
    6 	 17.203800 	 44.704875 	 69.699000
    7 	 5.951000 	 45.516986 	 69.778200
    8 	 7.556900 	 45.921365 	 77.623800
    9 	 15.276600 	 48.805760 	 74.840600
   10 	 16.265400 	 48.658818 	 71.579000
   11 	 23.944600 	 48.742683 	 74.316900
   12 	 3.570200 	 50.321553 	 74.519300
   13 	 20.193100 	 50.160112 	 72.589200
   14 	 10.594200 	 51.066153 	 69.947800
   15 	 3.357900 	 50.459984 	 73.177100
   16 	 0.856200 	 50.195452 	 74.786700
   17 	 9.862100 	 49.370778 	 75.521700
   18 	 16.233400 	 53.788032 	 77.929100
   19 	 17.429400 	 54.796109 	 72.349400
   20 	 17.408300 	 55.401978 	 74.176100
   21 	 6.684600 	 55.067975 	 76.507700
   22 	 18.412000 	 53.974467 	 76.608800
   23 	 22.327000 	 53.175493 	 74.051400
   24 	 14.772900 	 55.353955 	 74.019400
   25 	 14.772900 	 55.387730 	 75.621800
   26 	 13.639700 	 54.904249 	 75.733700
   27 	 8.213400 	 58.610049 	 74.531300
   28 	 28.720600 	 58.600041 	 74.531300
   29 	 17.588600 	 57.684081 	 77.420600
   30 	 25.105400 	 58.411750 	 77.522900
   31 	 25.828100 	 59.340004 	 77.522900
   32 	 24.138100 	 59.260562 	 75.914100
   33 	 19.027400 	 61.760643 	 76.221600
   34 	 22.846200 	 61.952983 	 75.811000
   35 	 32.630800 	 62.979016 	 77.218600
   36 	 17.984000 	 63.626735 	 77.317700
   37 	 30.044600 	 63.403410 	 76.710100
   38 	 19.796500 	 61.849161 	 77.117300
   39 	 28.392500 	 62.422811 	 74.909900
   40 	 18.830600 	 62.200418 	 77.219000
   41 	 22.296900 	 61.940630 	 77.623800
   42 	 27.468900 	 62.504854 	 77.623800
   43 	 29.725100 	 62.943709 	 76.423800
   44 	 27.617800 	 62.963925 	 77.216600
   45 	 24.648000 	 62.055765 	 77.324500
   46 	 24.242600 	 62.529494 	 76.430800
   47 	 27.636100 	 61.263169 	 77.726100
   48 	 26.874600 	 61.499415 	 77.726100
   49 	 22.068200 	 63.010804 	 78.132500
   50 	 31.068500 	 62.895370 	 76.818000
   51 	 28.811700 	 63.291455 	 77.120300
   52 	 27.685300 	 63.013010 	 76.713100
   53 	 22.687400 	 61.400324 	 77.218200
   54 	 25.285300 	 62.321432 	 77.320500
   55 	 19.517000 	 63.276709 	 76.519700
   56 	 31.250700 	 62.966615 	 77.928900
   57 	 40.966500 	 63.910548 	 77.726100
   58 	 26.080600 	 63.586392 	 77.625800
   59 	 33.065900 	 63.721614 	 77.726900
   60 	 28.654100 	 65.273362 	 77.726900
   61 	 34.483000 	 64.303407 	 78.132500
   62 	 35.008200 	 65.721602 	 77.928500
   63 	 23.754700 	 65.550390 	 77.928900
   64 	 29.716200 	 65.747875 	 78.132500
   65 	 26.587200 	 65.295350 	 78.132500
   66 	 13.169700 	 66.608109 	 78.030600
   67 	 44.320900 	 66.950313 	 78.030600
   68 	 36.517800 	 67.104791 	 77.827000
   69 	 25.078600 	 66.276909 	 77.521900
   70 	 26.399400 	 65.783066 	 78.030800
   71 	 31.158900 	 65.213628 	 77.725700
   72 	 36.333800 	 66.831906 	 77.827000
   73 	 36.342200 	 66.781217 	 77.827000
   74 	 30.974900 	 64.913607 	 78.031400
   75 	 28.881800 	 65.518105 	 78.030800
   76 	 27.668900 	 64.042958 	 77.929300
   77 	 31.149200 	 63.013282 	 78.030800
   78 	 29.580900 	 65.684829 	 77.829000
   79 	 27.267800 	 67.054078 	 77.726900
   80 	 39.365300 	 68.580122 	 78.132500
   81 	 45.207700 	 67.784847 	 78.031400
   82 	 1.937300 	 66.474621 	 78.132900
   83 	 40.078100 	 66.199564 	 78.132900
   84 	 44.306900 	 67.289988 	 78.030800
   85 	 44.306900 	 66.577723 	 78.132900
   86 	 31.160500 	 66.259517 	 78.132900
   87 	 40.607300 	 65.300184 	 78.132300
   88 	 38.481300 	 64.860785 	 78.132300
   89 	 27.660500 	 64.828100 	 78.030800
   90 	 25.212500 	 64.889789 	 78.030200
   91 	 25.212500 	 62.922248 	 78.030200
   92 	 31.255700 	 64.937732 	 78.132900
   93 	 28.193700 	 65.357912 	 78.030200
   94 	 29.745000 	 67.798551 	 77.928100
   95 	 27.475700 	 66.234663 	 78.030800
   96 	 35.286800 	 67.324993 	 78.234600
   97 	 36.921300 	 67.510512 	 78.030200
   98 	 43.349000 	 67.409382 	 78.234600
   99 	 30.953600 	 66.768915 	 78.234600
 