   0 	 0.864500 	 25.086248 	 58.956500
    1 	 0.563400 	 32.482302 	 65.600300
    2 	 4.883500 	 36.722228 	 73.089800
    3 	 7.436600 	 38.727662 	 64.459500
    4 	 13.512500 	 42.003803 	 72.674600
    5 	 7.519200 	 40.768337 	 69.886100
    6 	 6.630700 	 43.403015 	 67.483400
    7 	 12.755400 	 45.623541 	 72.847800
    8 	 7.641900 	 47.444112 	 71.030900
    9 	 10.062500 	 51.411812 	 74.603800
   10 	 10.062500 	 51.778634 	 77.222200
   11 	 16.052500 	 53.393348 	 76.312300
   12 	 17.416600 	 53.002918 	 76.312300
   13 	 14.933400 	 52.580280 	 77.126900
   14 	 24.565100 	 54.623809 	 77.024600
   15 	 16.266500 	 54.905069 	 77.424600
   16 	 21.901200 	 55.342219 	 74.236000
   17 	 27.464600 	 57.134495 	 75.909900
   18 	 21.730500 	 58.712758 	 77.117100
   19 	 21.023700 	 60.630713 	 76.913900
   20 	 5.265900 	 61.441219 	 76.018200
   21 	 12.830000 	 61.866763 	 76.212600
   22 	 26.813000 	 60.833887 	 76.217400
   23 	 30.622700 	 61.471336 	 75.412600
   24 	 23.664600 	 60.407810 	 74.818200
   25 	 23.543000 	 59.902329 	 75.810200
   26 	 25.246600 	 60.216847 	 76.211000
   27 	 12.867700 	 61.605757 	 76.234200
   28 	 25.648600 	 59.461920 	 76.234200
   29 	 25.682600 	 61.221753 	 76.234200
   30 	 31.966600 	 63.170753 	 76.234200
   31 	 31.966600 	 63.504969 	 76.234200
   32 	 31.345100 	 62.930771 	 77.024600
   33 	 17.994200 	 63.243237 	 76.112300
   34 	 26.065100 	 63.674398 	 76.209800
   35 	 26.048600 	 63.440937 	 74.722100
   36 	 32.541700 	 63.435485 	 75.911300
   37 	 14.712600 	 65.471017 	 76.115500
   38 	 10.488600 	 66.344496 	 77.725100
   39 	 24.671000 	 65.429357 	 77.725100
   40 	 37.902200 	 66.234047 	 77.324300
   41 	 31.848200 	 65.953800 	 76.412600
   42 	 28.707800 	 66.049866 	 76.517900
   43 	 19.659800 	 66.964962 	 76.416600
   44 	 19.583700 	 65.171567 	 76.416600
   45 	 25.606700 	 65.926887 	 75.639800
   46 	 24.331800 	 64.769175 	 75.813400
   47 	 38.372600 	 63.710267 	 76.811000
   48 	 19.345100 	 62.393097 	 75.419800
   49 	 29.377400 	 60.328675 	 75.217400
   50 	 17.953400 	 60.294877 	 77.623800
   51 	 25.781400 	 61.068751 	 77.623800
   52 	 38.967000 	 62.504873 	 75.252600
   53 	 30.635000 	 62.885464 	 77.115500
   54 	 30.411000 	 64.548567 	 77.218200
   55 	 24.585800 	 64.583084 	 77.115500
   56 	 43.996600 	 65.852504 	 75.614600
   57 	 39.005400 	 65.418525 	 77.218200
   58 	 34.688900 	 65.356662 	 76.815800
   59 	 42.428600 	 65.300256 	 77.014200
   60 	 27.834900 	 66.111279 	 76.420600
   61 	 39.479400 	 65.191612 	 76.510100
   62 	 37.484600 	 65.051612 	 76.014200
   63 	 38.167800 	 65.871164 	 77.523700
   64 	 32.604300 	 65.972083 	 77.726700
   65 	 32.604300 	 64.924744 	 77.928300
   66 	 38.956500 	 64.939695 	 77.724900
   67 	 25.716600 	 64.477822 	 77.725700
   68 	 23.731400 	 64.680949 	 77.725700
   69 	 30.615000 	 65.333972 	 77.725700
   70 	 30.000200 	 66.231155 	 78.132100
   71 	 33.186900 	 67.237168 	 78.132100
   72 	 33.336100 	 67.210971 	 78.030600
   73 	 43.118800 	 68.111277 	 77.928500
   74 	 46.876100 	 68.064843 	 78.030600
   75 	 44.991800 	 67.271460 	 78.030600
   76 	 24.581800 	 64.573596 	 77.522500
   77 	 26.855600 	 66.606287 	 77.522500
   78 	 26.458900 	 66.652569 	 77.826600
   79 	 46.006600 	 67.091546 	 77.420600
   80 	 26.609300 	 67.232749 	 78.132900
   81 	 23.848200 	 67.024231 	 77.928500
   82 	 34.370100 	 66.285931 	 77.625800
   83 	 21.747600 	 66.789978 	 78.030800
   84 	 32.294900 	 66.926700 	 77.928100
   85 	 15.093000 	 66.619039 	 77.623800
   86 	 39.297400 	 68.387569 	 77.827800
   87 	 21.050400 	 69.473009 	 77.725100
   88 	 39.676300 	 70.294846 	 77.826600
   89 	 46.474500 	 70.082413 	 77.826600
   90 	 45.239000 	 70.185040 	 78.234200
   91 	 34.026200 	 68.085049 	 77.928100
   92 	 24.821300 	 65.363997 	 77.928100
   93 	 26.204600 	 65.548235 	 78.030800
   94 	 25.612100 	 64.893160 	 78.030800
   95 	 25.636600 	 64.095752 	 77.724900
   96 	 15.776600 	 65.460014 	 78.030200
   97 	 40.631000 	 66.310984 	 78.030200
   98 	 31.508000 	 66.698287 	 78.234600
   99 	 19.592900 	 66.908078 	 78.030200
 