   0 	 1.480800 	 25.334983 	 74.944900
    1 	 2.436900 	 30.938935 	 74.944900
    2 	 9.732600 	 37.462307 	 74.838600
    3 	 9.675000 	 41.966218 	 74.944900
    4 	 0.233400 	 43.060517 	 72.857000
    5 	 9.274100 	 47.117326 	 73.670900
    6 	 10.134500 	 47.934114 	 73.670900
    7 	 14.902200 	 49.102303 	 69.552800
    8 	 9.749900 	 48.798386 	 69.703400
    9 	 10.890200 	 48.684015 	 69.703400
   10 	 19.975800 	 51.901103 	 73.423400
   11 	 19.140400 	 51.575849 	 76.009800
   12 	 23.182600 	 53.060170 	 76.811400
   13 	 26.400500 	 54.326310 	 72.548300
   14 	 29.841800 	 54.369843 	 73.965100
   15 	 14.660600 	 53.311487 	 73.965100
   16 	 21.481900 	 53.291682 	 74.921700
   17 	 11.806200 	 54.524726 	 74.977100
   18 	 17.917100 	 56.671673 	 74.977300
   19 	 28.709900 	 58.012945 	 75.079400
   20 	 17.671500 	 58.093837 	 75.812000
   21 	 25.710600 	 58.070544 	 74.786700
   22 	 31.891800 	 57.994858 	 74.917900
   23 	 28.078900 	 59.463094 	 74.210600
   24 	 35.609900 	 59.522910 	 75.103500
   25 	 27.350700 	 61.774498 	 75.905100
   26 	 27.052100 	 60.903413 	 76.925100
   27 	 22.843400 	 60.387968 	 77.014200
   28 	 22.843400 	 60.702626 	 77.320100
   29 	 14.995700 	 59.542971 	 76.310700
   30 	 23.676200 	 60.689807 	 76.616600
   31 	 21.010600 	 59.407954 	 76.912500
   32 	 22.181900 	 59.664567 	 75.627800
   33 	 24.936400 	 58.317867 	 75.502100
   34 	 23.333400 	 57.603226 	 75.008600
   35 	 26.030800 	 59.013795 	 74.469800
   36 	 32.901400 	 62.448595 	 77.625000
   37 	 27.102200 	 60.816908 	 77.625000
   38 	 26.623800 	 59.194811 	 77.625000
   39 	 19.702100 	 59.112563 	 77.226600
   40 	 21.128600 	 58.769079 	 76.515300
   41 	 16.416900 	 59.816442 	 76.815000
   42 	 26.835800 	 60.008903 	 77.224200
   43 	 25.795700 	 58.083490 	 75.101300
   44 	 31.246200 	 59.892205 	 76.413000
   45 	 28.569000 	 60.147053 	 75.705700
   46 	 24.621000 	 60.434934 	 76.017800
   47 	 27.965000 	 61.358426 	 76.915500
   48 	 37.793000 	 62.770411 	 77.625800
   49 	 37.195400 	 65.418747 	 77.623400
   50 	 26.318900 	 67.040594 	 76.610600
   51 	 26.686600 	 65.861993 	 77.528900
   52 	 33.407300 	 66.513552 	 78.030200
   53 	 33.407300 	 64.834957 	 77.624600
   54 	 33.632900 	 63.955665 	 78.132100
   55 	 30.934600 	 63.675979 	 77.827000
   56 	 28.257000 	 62.966158 	 77.117900
   57 	 29.990600 	 61.457909 	 77.117900
   58 	 24.045800 	 62.796279 	 77.420600
   59 	 30.088100 	 63.732602 	 76.026200
   60 	 4.887800 	 63.406120 	 76.813400
   61 	 36.379400 	 63.534219 	 77.624600
   62 	 26.821300 	 61.366011 	 75.513700
   63 	 23.247300 	 62.759439 	 75.639800
   64 	 27.105800 	 65.514682 	 77.321100
   65 	 30.282100 	 65.692001 	 76.613400
   66 	 33.818900 	 65.801638 	 76.713700
   67 	 37.628600 	 66.238390 	 76.611800
   68 	 26.243700 	 64.980595 	 76.812600
   69 	 33.906500 	 64.030181 	 77.118900
   70 	 21.881300 	 64.858085 	 77.118900
   71 	 21.964500 	 65.472489 	 76.206200
   72 	 29.148500 	 65.598009 	 76.427000
   73 	 30.937700 	 64.268530 	 77.319700
   74 	 39.257700 	 64.639553 	 78.540900
   75 	 36.796200 	 64.192226 	 77.217800
   76 	 26.620900 	 63.975434 	 77.827800
   77 	 38.365200 	 63.493100 	 78.438600
   78 	 30.107200 	 63.680813 	 78.438600
   79 	 26.819300 	 65.716484 	 77.016600
   80 	 26.620900 	 65.355647 	 77.623800
   81 	 29.007200 	 64.793438 	 77.625000
   82 	 26.625400 	 66.484566 	 78.132100
   83 	 27.826900 	 66.331229 	 77.522500
   84 	 42.411700 	 67.923998 	 77.522500
   85 	 37.448100 	 66.273206 	 78.030000
   86 	 22.897700 	 64.812168 	 77.826400
   87 	 40.130900 	 65.060116 	 77.826400
   88 	 27.638500 	 64.878191 	 78.234400
   89 	 27.638500 	 64.433912 	 77.221200
   90 	 43.972300 	 64.385806 	 76.730100
   91 	 26.673300 	 63.639223 	 76.730100
   92 	 21.396500 	 61.653720 	 78.030000
   93 	 24.277700 	 62.528839 	 78.234400
   94 	 22.430900 	 61.325761 	 77.018400
   95 	 34.195500 	 62.028647 	 77.018400
   96 	 32.010800 	 61.743565 	 77.623600
   97 	 22.837700 	 60.681773 	 77.725700
   98 	 22.970800 	 61.759955 	 77.930100
   99 	 35.668400 	 63.163752 	 77.828000
 