   0 	 111.960530 	 253.351219 	 412.901726
    1 	 112.224522 	 273.279320 	 448.986539
    2 	 104.612078 	 282.844435 	 424.570491
    3 	 88.354476 	 303.302740 	 472.048091
    4 	 141.762660 	 316.314551 	 522.715252
    5 	 178.291307 	 324.954236 	 546.633947
    6 	 190.794833 	 335.313678 	 495.929454
    7 	 198.953743 	 326.369930 	 486.414294
    8 	 185.453880 	 328.915777 	 533.090113
    9 	 186.878382 	 334.772257 	 515.043016
   10 	 205.614477 	 344.788731 	 549.395974
   11 	 158.754258 	 356.798961 	 568.659441
   12 	 190.271415 	 368.368646 	 555.119210
   13 	 179.346318 	 374.649507 	 512.171756
   14 	 201.736271 	 380.019645 	 552.066910
   15 	 240.219899 	 395.814643 	 550.915804
   16 	 207.439470 	 400.072150 	 586.592566
   17 	 182.996638 	 406.544371 	 565.657988
   18 	 192.317535 	 415.403667 	 580.508353
   19 	 277.436522 	 429.212091 	 613.845115
   20 	 223.451489 	 415.571126 	 607.254347
   21 	 253.439751 	 419.805643 	 592.967753
   22 	 194.698899 	 420.396490 	 600.929814
   23 	 246.793991 	 422.857780 	 661.729507
   24 	 271.172656 	 425.837049 	 633.297660
   25 	 251.181171 	 431.766906 	 655.248093
   26 	 271.417991 	 443.965259 	 669.801654
   27 	 263.248097 	 455.615090 	 645.005276
   28 	 279.386744 	 463.628541 	 644.169597
   29 	 301.881181 	 463.861315 	 621.076585
   30 	 287.696920 	 473.095224 	 657.031162
   31 	 264.303365 	 464.241843 	 611.110552
   32 	 219.425988 	 461.401940 	 660.338558
   33 	 263.770490 	 465.093503 	 641.908157
   34 	 260.578776 	 463.137432 	 661.929269
   35 	 269.846246 	 469.768751 	 631.015800
   36 	 282.699963 	 477.515283 	 649.391951
   37 	 252.619738 	 496.657816 	 674.361256
   38 	 335.810366 	 501.245278 	 694.639863
   39 	 303.445261 	 504.117572 	 730.777225
   40 	 315.777680 	 508.400443 	 730.777225
   41 	 309.368374 	 495.637726 	 742.741587
   42 	 324.735603 	 491.300615 	 736.948751
   43 	 287.216251 	 497.819675 	 746.417575
   44 	 321.905748 	 498.159789 	 708.551049
   45 	 286.406101 	 490.565227 	 647.959790
   46 	 330.281101 	 498.408965 	 655.296341
   47 	 347.035267 	 497.234934 	 638.360163
   48 	 322.483817 	 498.162334 	 669.447946
   49 	 341.696026 	 506.340939 	 678.812945
   50 	 341.966823 	 503.557495 	 655.125944
   51 	 343.522504 	 499.161492 	 665.990249
   52 	 351.540803 	 492.556914 	 662.665977
   53 	 322.339900 	 486.876415 	 688.197148
   54 	 291.034125 	 491.429730 	 678.992709
   55 	 299.211327 	 491.455868 	 671.546565
   56 	 315.231625 	 494.036849 	 681.578259
   57 	 267.825679 	 493.992282 	 660.401474
   58 	 327.039733 	 515.097437 	 756.671030
   59 	 305.829717 	 508.264244 	 760.081547
   60 	 308.645830 	 506.076452 	 682.319103
   61 	 304.654796 	 499.395416 	 667.568117
   62 	 328.576588 	 495.089275 	 675.607811
   63 	 309.324569 	 488.298298 	 674.209038
   64 	 271.299185 	 483.421844 	 681.993669
   65 	 284.419032 	 480.099697 	 645.149711
   66 	 274.784058 	 485.000567 	 629.678892
   67 	 253.477444 	 491.581728 	 643.218368
   68 	 281.903153 	 506.884032 	 647.840110
   69 	 321.207397 	 521.892870 	 689.745209
   70 	 319.762796 	 529.162667 	 728.842640
   71 	 386.108249 	 535.444046 	 736.350853
   72 	 323.458273 	 535.061563 	 793.486862
   73 	 367.754360 	 533.340917 	 712.705806
   74 	 339.841927 	 531.093979 	 708.357931
   75 	 359.849192 	 531.873421 	 674.791321
   76 	 398.487740 	 520.629769 	 659.400102
   77 	 363.021722 	 499.247719 	 711.021673
   78 	 327.541504 	 509.598372 	 759.571089
   79 	 341.786385 	 518.697577 	 708.163392
   80 	 342.475015 	 532.532717 	 745.304551
   81 	 342.566868 	 552.523947 	 736.280650
   82 	 331.619289 	 555.419581 	 728.127217
   83 	 343.230749 	 564.580950 	 740.632501
   84 	 335.542061 	 569.341049 	 769.020797
   85 	 344.930563 	 578.720261 	 766.338829
   86 	 381.676454 	 588.418253 	 749.072335
   87 	 378.906061 	 582.294700 	 796.725639
   88 	 326.505006 	 585.598159 	 796.861722
   89 	 265.668829 	 578.627780 	 827.433052
   90 	 362.450302 	 571.690529 	 865.508763
   91 	 352.707624 	 563.320704 	 835.036625
   92 	 287.696026 	 569.811581 	 823.243727
   93 	 359.311506 	 580.214632 	 780.248669
   94 	 383.051879 	 582.128054 	 775.260365
   95 	 417.539992 	 584.244607 	 782.078941
   96 	 359.143646 	 578.774265 	 772.273704
   97 	 394.960952 	 586.775573 	 787.943393
   98 	 394.823712 	 572.639983 	 752.844834
   99 	 409.348683 	 572.150365 	 764.399970
 