   0 	 107.347890 	 263.285116 	 424.414708
    1 	 144.300172 	 272.111007 	 407.014844
    2 	 146.483166 	 292.669705 	 494.687634
    3 	 152.245544 	 291.925898 	 560.768597
    4 	 146.640056 	 308.075766 	 517.137723
    5 	 172.714501 	 321.526294 	 572.799718
    6 	 199.619174 	 337.044809 	 536.028793
    7 	 191.028469 	 337.783274 	 531.693057
    8 	 135.259626 	 337.863738 	 532.741394
    9 	 187.634789 	 347.666120 	 534.991117
   10 	 195.809326 	 344.449589 	 498.843186
   11 	 125.627761 	 344.016195 	 532.641651
   12 	 178.178398 	 354.282390 	 534.460500
   13 	 161.224500 	 356.806529 	 541.943565
   14 	 134.253780 	 370.840727 	 576.348039
   15 	 213.064119 	 390.790130 	 602.452222
   16 	 190.904861 	 382.199936 	 627.839751
   17 	 191.711227 	 384.442115 	 586.750046
   18 	 174.969029 	 377.616660 	 578.782384
   19 	 217.441460 	 387.950856 	 571.385079
   20 	 215.286640 	 397.025803 	 573.110171
   21 	 223.189260 	 407.698980 	 567.273356
   22 	 227.572247 	 419.839412 	 620.993171
   23 	 282.039833 	 436.025442 	 606.074632
   24 	 276.556220 	 438.458750 	 584.625091
   25 	 249.604334 	 435.953947 	 580.768470
   26 	 271.434429 	 439.471143 	 640.319315
   27 	 288.247046 	 451.868275 	 633.882676
   28 	 272.835177 	 439.213812 	 604.133291
   29 	 254.542522 	 452.137587 	 605.140091
   30 	 297.548866 	 468.635590 	 650.195163
   31 	 257.314562 	 474.981698 	 656.946276
   32 	 294.986296 	 475.016757 	 671.880611
   33 	 262.453031 	 468.337766 	 644.235426
   34 	 250.702206 	 463.791983 	 653.088772
   35 	 236.750087 	 470.532483 	 613.205430
   36 	 334.727353 	 480.681486 	 626.415691
   37 	 313.026169 	 494.465383 	 646.996627
   38 	 333.578925 	 482.809335 	 616.900797
   39 	 299.894724 	 470.820362 	 636.402254
   40 	 294.827333 	 479.100480 	 611.202328
   41 	 303.206033 	 474.268881 	 629.723313
   42 	 271.376314 	 468.991600 	 621.895694
   43 	 282.208266 	 470.064204 	 660.148972
   44 	 346.245925 	 467.776284 	 610.103776
   45 	 307.259889 	 471.900240 	 636.729437
   46 	 329.879588 	 471.865713 	 644.067864
   47 	 294.154331 	 465.341609 	 618.831878
   48 	 268.185863 	 461.197543 	 685.027233
   49 	 223.843678 	 458.130652 	 606.002860
   50 	 243.538868 	 464.328695 	 653.452086
   51 	 265.569471 	 461.835406 	 628.747737
   52 	 308.177529 	 469.607525 	 602.150128
   53 	 299.642811 	 471.906687 	 617.297846
   54 	 308.820179 	 465.997119 	 595.107568
   55 	 309.109884 	 465.572004 	 605.539838
   56 	 309.593118 	 466.400516 	 609.277862
   57 	 296.525057 	 468.295283 	 627.027140
   58 	 333.707885 	 471.932106 	 660.523438
   59 	 289.704280 	 461.946940 	 708.026396
   60 	 286.029540 	 472.104816 	 708.597662
   61 	 249.913164 	 477.189623 	 670.268003
   62 	 235.544836 	 483.467384 	 653.036403
   63 	 232.079485 	 482.899552 	 655.398703
   64 	 281.191165 	 499.134343 	 636.227515
   65 	 319.749316 	 495.084154 	 641.806758
   66 	 263.433548 	 484.872513 	 641.713823
   67 	 309.276957 	 479.637321 	 665.809333
   68 	 331.500725 	 479.247022 	 664.147029
   69 	 317.219157 	 472.538577 	 649.591698
   70 	 358.185562 	 480.168376 	 657.713265
   71 	 322.300034 	 479.339968 	 648.117968
   72 	 273.211671 	 480.300108 	 639.503942
   73 	 299.977187 	 475.233407 	 652.473078
   74 	 296.281897 	 480.870113 	 701.460162
   75 	 312.564921 	 485.203173 	 706.664768
   76 	 336.053194 	 491.341445 	 678.690132
   77 	 313.628878 	 487.468749 	 677.471193
   78 	 251.128082 	 477.231976 	 662.241517
   79 	 325.725151 	 481.955415 	 630.787144
   80 	 330.273740 	 480.928068 	 673.775332
   81 	 294.689254 	 484.357227 	 658.582684
   82 	 255.251482 	 490.997922 	 700.960383
   83 	 329.801058 	 492.106341 	 688.961346
   84 	 327.639695 	 482.506141 	 690.646057
   85 	 300.650826 	 475.038011 	 731.181152
   86 	 315.242624 	 470.789247 	 598.284427
   87 	 293.272451 	 470.899713 	 657.298291
   88 	 286.568663 	 469.685038 	 671.803825
   89 	 325.404388 	 473.814658 	 689.442325
   90 	 314.947288 	 466.643941 	 641.673004
   91 	 304.104072 	 474.334646 	 626.764037
   92 	 268.400066 	 475.638909 	 659.028305
   93 	 306.945747 	 466.187340 	 627.572617
   94 	 268.842708 	 473.648625 	 688.843575
   95 	 278.431144 	 468.471772 	 660.374499
   96 	 279.342565 	 481.681871 	 669.383067
   97 	 294.404845 	 460.922393 	 635.957131
   98 	 256.035570 	 473.310025 	 629.060533
   99 	 274.488608 	 480.641745 	 646.186525
 