   0 	 105.023413 	 257.938669 	 481.784740
    1 	 119.381443 	 270.006959 	 526.710716
    2 	 148.645653 	 289.000551 	 518.032208
    3 	 163.377491 	 303.958316 	 510.807979
    4 	 166.379583 	 312.943854 	 512.008442
    5 	 180.105957 	 319.771084 	 538.132084
    6 	 167.725626 	 343.202333 	 574.304982
    7 	 202.699103 	 355.535684 	 532.510220
    8 	 164.411125 	 372.559329 	 511.085434
    9 	 187.626247 	 386.591639 	 553.198621
   10 	 191.692306 	 394.842782 	 603.488162
   11 	 150.702232 	 399.497215 	 666.415930
   12 	 238.239828 	 405.736520 	 541.844270
   13 	 263.408687 	 423.857799 	 585.546172
   14 	 268.290305 	 423.379221 	 598.664269
   15 	 189.689940 	 431.091325 	 628.677533
   16 	 259.165929 	 439.957292 	 602.157090
   17 	 258.701551 	 438.620039 	 641.552021
   18 	 272.779720 	 425.139192 	 603.902249
   19 	 255.861288 	 435.234376 	 614.526430
   20 	 273.752106 	 438.188592 	 605.925836
   21 	 144.115190 	 436.712051 	 603.739539
   22 	 246.410522 	 436.523759 	 672.495281
   23 	 201.595894 	 454.201344 	 612.830330
   24 	 310.475342 	 471.355594 	 656.814423
   25 	 281.626659 	 476.528217 	 686.290731
   26 	 247.484177 	 476.746115 	 645.798544
   27 	 317.352993 	 469.523995 	 614.182124
   28 	 270.861051 	 470.963871 	 637.859625
   29 	 310.610934 	 479.915323 	 605.302575
   30 	 329.968273 	 474.972160 	 631.702710
   31 	 311.527694 	 473.169485 	 645.987348
   32 	 292.051630 	 467.028369 	 589.507846
   33 	 296.667114 	 454.686042 	 612.691179
   34 	 287.950221 	 457.807572 	 591.148213
   35 	 263.535936 	 467.012774 	 597.158361
   36 	 305.370862 	 466.177145 	 602.746415
   37 	 282.404661 	 461.581957 	 650.828063
   38 	 299.484043 	 473.894910 	 595.579867
   39 	 295.853226 	 457.897132 	 597.729015
   40 	 266.854870 	 452.917671 	 690.939503
   41 	 261.731756 	 466.357580 	 639.121666
   42 	 265.157620 	 459.562818 	 642.765703
   43 	 256.266637 	 467.764022 	 682.582098
   44 	 202.676980 	 460.799180 	 682.041855
   45 	 261.293982 	 454.639901 	 626.226250
   46 	 272.105740 	 462.217006 	 687.476919
   47 	 254.107633 	 470.053740 	 667.751384
   48 	 326.524372 	 472.579473 	 654.597386
   49 	 310.359096 	 475.116932 	 654.306849
   50 	 323.917368 	 470.526466 	 691.692411
   51 	 252.731870 	 469.227157 	 698.035504
   52 	 293.822787 	 466.290646 	 661.449415
   53 	 303.318772 	 475.679679 	 672.613994
   54 	 349.861317 	 471.384479 	 615.469515
   55 	 311.944505 	 477.551307 	 619.229228
   56 	 276.955086 	 468.424967 	 612.027134
   57 	 331.875621 	 480.559396 	 625.234637
   58 	 303.929919 	 477.171806 	 624.104007
   59 	 280.853703 	 479.518763 	 617.933682
   60 	 306.645883 	 472.848720 	 665.400902
   61 	 264.138532 	 472.668103 	 632.938561
   62 	 290.137415 	 471.230569 	 671.917127
   63 	 281.325782 	 460.548032 	 614.354952
   64 	 253.246006 	 447.923251 	 657.484142
   65 	 234.830785 	 451.899742 	 629.730762
   66 	 283.309134 	 462.355787 	 626.541098
   67 	 254.974070 	 469.676779 	 614.209312
   68 	 266.227729 	 473.196000 	 618.337799
   69 	 257.995798 	 459.608654 	 669.897411
   70 	 265.135114 	 460.245494 	 664.367467
   71 	 286.406078 	 475.135543 	 692.190300
   72 	 292.116008 	 473.784192 	 642.307712
   73 	 303.241347 	 466.686484 	 651.200679
   74 	 285.812269 	 454.518875 	 676.007964
   75 	 289.458581 	 458.096896 	 643.291837
   76 	 276.212478 	 457.233078 	 623.016172
   77 	 264.442293 	 461.557918 	 610.316019
   78 	 206.562153 	 469.459743 	 641.451946
   79 	 273.963438 	 477.342813 	 661.679704
   80 	 255.454993 	 469.977631 	 633.968522
   81 	 252.546954 	 471.302018 	 643.812634
   82 	 281.305109 	 477.553649 	 637.670276
   83 	 288.455387 	 483.726324 	 647.323101
   84 	 292.151007 	 477.713079 	 631.132057
   85 	 296.389482 	 482.817708 	 714.017081
   86 	 291.178257 	 492.184308 	 721.833868
   87 	 234.547377 	 493.144371 	 702.103616
   88 	 299.953270 	 503.856966 	 679.055313
   89 	 308.531033 	 497.203636 	 628.635184
   90 	 270.200191 	 486.022375 	 777.991327
   91 	 334.496591 	 486.415676 	 758.055269
   92 	 293.376060 	 479.773367 	 675.127321
   93 	 236.051696 	 475.043676 	 709.885509
   94 	 253.101050 	 467.508802 	 640.857835
   95 	 289.657474 	 475.324955 	 668.158888
   96 	 286.152475 	 486.278216 	 696.296617
   97 	 312.267078 	 490.526109 	 768.364489
   98 	 284.099299 	 485.421455 	 762.092382
   99 	 351.862963 	 498.060836 	 746.667977
 