   0 	 135.291764 	 258.363283 	 422.529584
    1 	 153.681764 	 267.393154 	 417.199863
    2 	 140.597430 	 287.303273 	 450.733983
    3 	 169.951499 	 312.169198 	 452.995209
    4 	 166.961266 	 321.209037 	 469.287806
    5 	 146.435792 	 328.775201 	 475.537554
    6 	 164.427708 	 341.174319 	 533.347826
    7 	 154.367602 	 342.592117 	 509.464470
    8 	 149.948280 	 343.062978 	 498.932972
    9 	 189.776060 	 352.371628 	 529.173660
   10 	 193.832658 	 362.780318 	 497.150097
   11 	 200.060111 	 374.585865 	 603.729010
   12 	 231.863785 	 391.170300 	 636.820614
   13 	 206.488349 	 399.101974 	 671.855805
   14 	 191.447068 	 413.782855 	 583.227513
   15 	 222.325699 	 398.988233 	 611.930762
   16 	 216.790659 	 401.628378 	 575.381749
   17 	 247.317524 	 414.719444 	 569.496307
   18 	 249.320312 	 426.950345 	 575.936934
   19 	 206.344512 	 439.241059 	 614.179871
   20 	 281.037343 	 433.664699 	 580.010285
   21 	 221.981553 	 437.663700 	 621.546648
   22 	 269.883345 	 443.421654 	 611.778402
   23 	 252.045008 	 449.722769 	 691.086742
   24 	 306.943170 	 453.711600 	 708.211042
   25 	 276.272505 	 458.148372 	 641.450809
   26 	 287.790909 	 461.011799 	 623.887958
   27 	 293.218053 	 464.988058 	 625.206379
   28 	 306.073115 	 473.737764 	 647.299355
   29 	 236.371561 	 476.525381 	 642.654476
   30 	 308.004277 	 482.751512 	 666.080167
   31 	 323.089440 	 483.603726 	 693.250611
   32 	 288.167697 	 481.137309 	 675.538089
   33 	 295.076785 	 478.385706 	 696.132932
   34 	 308.977847 	 493.398007 	 689.335063
   35 	 346.570275 	 509.250567 	 767.794015
   36 	 298.804971 	 510.468356 	 767.680687
   37 	 329.966135 	 504.043124 	 685.608973
   38 	 332.895536 	 518.233065 	 701.413120
   39 	 272.757245 	 533.867755 	 771.318048
   40 	 294.473227 	 522.825884 	 747.720050
   41 	 312.095895 	 531.389016 	 754.165806
   42 	 347.751434 	 556.362900 	 758.385813
   43 	 294.107815 	 563.348895 	 767.436401
   44 	 283.466161 	 560.129090 	 744.266403
   45 	 350.477980 	 567.656645 	 778.588501
   46 	 360.903591 	 574.079112 	 781.931376
   47 	 317.197954 	 562.790564 	 780.676905
   48 	 376.371325 	 561.411227 	 773.448222
   49 	 344.444351 	 566.526620 	 817.758850
   50 	 356.947789 	 544.248265 	 778.761799
   51 	 340.628436 	 546.758394 	 776.642178
   52 	 330.615498 	 541.391080 	 752.141191
   53 	 344.537323 	 531.970823 	 728.704589
   54 	 392.154516 	 534.701633 	 718.788262
   55 	 331.451822 	 519.809342 	 723.269276
   56 	 328.713629 	 510.320264 	 709.334141
   57 	 361.573120 	 504.417413 	 674.530676
   58 	 332.504732 	 503.431247 	 694.251875
   59 	 315.188818 	 508.280727 	 733.503009
   60 	 322.680813 	 506.728195 	 723.780355
   61 	 281.934409 	 492.082838 	 738.528938
   62 	 243.508936 	 488.218977 	 655.109691
   63 	 314.735895 	 501.608384 	 668.982173
   64 	 333.778343 	 486.450184 	 684.942707
   65 	 262.937312 	 498.014065 	 676.831181
   66 	 344.509100 	 518.048418 	 694.856086
   67 	 320.124679 	 523.094313 	 683.231079
   68 	 322.512313 	 537.464779 	 658.892829
   69 	 354.946540 	 547.153638 	 744.750519
   70 	 336.554739 	 546.046628 	 693.902533
   71 	 376.911116 	 547.289143 	 731.954985
   72 	 357.409368 	 535.081069 	 706.774211
   73 	 378.088211 	 532.357211 	 685.318419
   74 	 355.934716 	 524.299827 	 687.511360
   75 	 293.710886 	 517.886933 	 690.527728
   76 	 285.955775 	 510.064802 	 671.018074
   77 	 317.349743 	 508.810030 	 667.865674
   78 	 296.248008 	 513.106814 	 694.453984
   79 	 273.739256 	 518.476785 	 696.308865
   80 	 277.420369 	 521.200876 	 726.349828
   81 	 291.807194 	 511.412280 	 737.431560
   82 	 337.206927 	 517.439349 	 741.148233
   83 	 319.771461 	 509.518979 	 744.261803
   84 	 291.658434 	 514.699386 	 740.903642
   85 	 345.245007 	 520.593417 	 746.275651
   86 	 337.460788 	 518.706506 	 690.462574
   87 	 335.352089 	 511.620292 	 708.015941
   88 	 319.452643 	 514.645210 	 741.480210
   89 	 292.933307 	 490.667663 	 704.177821
   90 	 275.696590 	 501.160200 	 694.875181
   91 	 313.359198 	 517.590787 	 709.222152
   92 	 239.272295 	 523.960062 	 734.867569
   93 	 294.674591 	 525.745570 	 694.495583
   94 	 299.041456 	 517.967655 	 745.847534
   95 	 359.796418 	 526.136945 	 677.283122
   96 	 359.796418 	 529.087838 	 691.663265
   97 	 395.609006 	 536.163959 	 725.285231
   98 	 308.293662 	 526.745249 	 675.760138
   99 	 348.314826 	 535.107190 	 690.943109
 