   0 	 121.005971 	 258.429219 	 462.019031
    1 	 127.682325 	 270.410864 	 545.120405
    2 	 148.722305 	 287.899366 	 477.956849
    3 	 132.349388 	 297.844157 	 513.415651
    4 	 139.806323 	 309.863274 	 553.876251
    5 	 148.692504 	 326.567243 	 505.074498
    6 	 196.749626 	 348.093419 	 538.254331
    7 	 191.572834 	 351.682493 	 557.290903
    8 	 181.728266 	 381.531315 	 592.651552
    9 	 201.615034 	 396.890547 	 594.023714
   10 	 223.233493 	 411.278951 	 593.747957
   11 	 232.434777 	 410.165943 	 612.362553
   12 	 166.735028 	 406.336572 	 626.687876
   13 	 188.670137 	 417.922638 	 663.774287
   14 	 175.978477 	 417.805221 	 624.088819
   15 	 230.496049 	 434.050167 	 600.770690
   16 	 256.690275 	 452.619170 	 606.806425
   17 	 253.301875 	 446.870582 	 615.273972
   18 	 220.872952 	 439.074189 	 621.177007
   19 	 214.168749 	 443.178565 	 683.059597
   20 	 263.706456 	 448.865289 	 643.800373
   21 	 268.226762 	 446.409986 	 653.613849
   22 	 270.617442 	 450.755671 	 680.558623
   23 	 219.084840 	 466.935095 	 699.514705
   24 	 279.203240 	 477.820700 	 673.850267
   25 	 271.526097 	 486.753328 	 646.048019
   26 	 342.272882 	 478.919117 	 641.041475
   27 	 257.886543 	 476.531900 	 632.667042
   28 	 302.385006 	 484.687257 	 671.741885
   29 	 304.114017 	 465.730894 	 621.859096
   30 	 291.657153 	 464.176948 	 624.154340
   31 	 305.931958 	 465.557740 	 711.563121
   32 	 261.002926 	 463.665318 	 722.962586
   33 	 265.795497 	 459.342440 	 721.029633
   34 	 285.614999 	 473.176437 	 672.670200
   35 	 275.568036 	 474.169486 	 673.802679
   36 	 248.728004 	 481.768936 	 752.852449
   37 	 283.445567 	 496.879215 	 734.207014
   38 	 226.433258 	 503.563435 	 694.460753
   39 	 280.478846 	 505.556442 	 691.239256
   40 	 287.133583 	 498.724433 	 675.946479
   41 	 264.606991 	 496.491185 	 691.371916
   42 	 283.920786 	 509.172569 	 758.697895
   43 	 276.924775 	 512.473898 	 722.969124
   44 	 288.469024 	 511.009682 	 813.357971
   45 	 315.952274 	 515.128600 	 791.227940
   46 	 227.445034 	 503.415839 	 785.371215
   47 	 180.962639 	 504.166191 	 685.067312
   48 	 274.906606 	 495.118962 	 696.262862
   49 	 313.689763 	 512.204933 	 690.065990
   50 	 279.716007 	 505.770235 	 768.813838
   51 	 325.420573 	 504.197273 	 771.420929
   52 	 269.077948 	 503.250453 	 700.453523
   53 	 279.943455 	 522.872590 	 751.921838
   54 	 370.952300 	 531.513885 	 736.448883
   55 	 296.415620 	 535.762599 	 694.723385
   56 	 298.917617 	 524.286560 	 728.681562
   57 	 341.104306 	 522.648183 	 678.716036
   58 	 298.369502 	 532.261551 	 671.164453
   59 	 299.305622 	 532.345147 	 693.551772
   60 	 330.599441 	 537.288757 	 724.243496
   61 	 349.970001 	 551.976999 	 714.311965
   62 	 316.968112 	 546.482680 	 707.845298
   63 	 383.929238 	 549.482375 	 688.044011
   64 	 382.538581 	 546.254108 	 686.080747
   65 	 284.481156 	 553.756485 	 738.539472
   66 	 369.337335 	 535.334563 	 727.773595
   67 	 271.483949 	 563.291186 	 752.871294
   68 	 324.304811 	 555.260975 	 769.936945
   69 	 247.264497 	 545.628040 	 745.600428
   70 	 295.953751 	 533.478877 	 729.521927
   71 	 251.265492 	 525.990273 	 723.008628
   72 	 308.509073 	 529.843249 	 753.080089
   73 	 300.923513 	 542.526267 	 798.337456
   74 	 340.032355 	 544.023857 	 786.945892
   75 	 345.543266 	 553.758293 	 758.462784
   76 	 377.091795 	 537.622267 	 727.393807
   77 	 317.373777 	 523.762444 	 726.921846
   78 	 327.635727 	 524.719455 	 701.301700
   79 	 252.062001 	 515.009613 	 718.888763
   80 	 188.772189 	 518.680496 	 681.008213
   81 	 345.165342 	 516.128624 	 702.483915
   82 	 328.509141 	 522.534114 	 655.149946
   83 	 381.224452 	 523.633794 	 695.885313
   84 	 233.007696 	 527.505306 	 702.591290
   85 	 291.276983 	 532.602274 	 712.406599
   86 	 268.741753 	 529.101966 	 705.419029
   87 	 353.715613 	 511.143969 	 672.872890
   88 	 330.800429 	 511.857534 	 677.411367
   89 	 305.105644 	 526.686983 	 716.558769
   90 	 349.134526 	 520.206816 	 730.158444
   91 	 357.150794 	 516.880806 	 723.886935
   92 	 334.220795 	 509.770871 	 728.866910
   93 	 304.879406 	 519.669494 	 711.241191
   94 	 183.148130 	 509.222729 	 701.645369
   95 	 224.616299 	 510.956117 	 734.303306
   96 	 227.547747 	 505.306341 	 691.713035
   97 	 299.553978 	 493.347299 	 661.292406
   98 	 274.318952 	 491.882281 	 670.076822
   99 	 310.937902 	 495.720809 	 715.585380
 