   0 	 97.385517 	 262.664067 	 429.098397
    1 	 119.788352 	 282.367389 	 475.173762
    2 	 132.488080 	 305.066570 	 477.045482
    3 	 130.160705 	 326.599417 	 512.746390
    4 	 152.646058 	 332.546127 	 538.548660
    5 	 216.825507 	 357.439572 	 558.679541
    6 	 168.541444 	 354.992662 	 587.914295
    7 	 176.690962 	 373.049415 	 726.756623
    8 	 149.901477 	 382.825689 	 719.540644
    9 	 230.359724 	 408.700684 	 662.796329
   10 	 214.968546 	 442.692130 	 702.653871
   11 	 193.891191 	 455.034740 	 673.479905
   12 	 271.035807 	 471.589234 	 663.014129
   13 	 227.119763 	 471.817459 	 670.782828
   14 	 257.727796 	 483.590261 	 739.355473
   15 	 290.608528 	 491.166353 	 686.850732
   16 	 329.613271 	 486.946542 	 745.856718
   17 	 258.738146 	 487.422841 	 696.155969
   18 	 260.499030 	 484.336582 	 672.895235
   19 	 252.985628 	 476.982833 	 739.687921
   20 	 230.833986 	 493.648596 	 694.234348
   21 	 312.306893 	 486.732170 	 711.699835
   22 	 297.144074 	 491.600793 	 674.112890
   23 	 323.816427 	 496.701907 	 687.712403
   24 	 296.223871 	 491.268211 	 683.891023
   25 	 308.481183 	 491.545818 	 658.711672
   26 	 275.054419 	 508.037627 	 743.811734
   27 	 270.232052 	 519.464143 	 709.841363
   28 	 375.266842 	 529.343844 	 754.245277
   29 	 354.310328 	 524.438818 	 713.644578
   30 	 355.454293 	 524.855422 	 756.127097
   31 	 324.445427 	 540.111349 	 768.619515
   32 	 295.699816 	 543.239871 	 783.156037
   33 	 358.560536 	 551.309237 	 802.812241
   34 	 341.625472 	 544.914263 	 722.428646
   35 	 311.682404 	 545.945340 	 744.890228
   36 	 289.878327 	 541.874014 	 747.694641
   37 	 351.920892 	 543.231020 	 716.943256
   38 	 334.131344 	 524.931640 	 674.204752
   39 	 310.294673 	 518.297755 	 682.998095
   40 	 311.426903 	 518.374493 	 746.298734
   41 	 283.652679 	 513.465146 	 741.931034
   42 	 290.130773 	 517.440807 	 695.941946
   43 	 388.183785 	 542.862784 	 733.946725
   44 	 391.982326 	 546.571370 	 743.817338
   45 	 321.379066 	 530.393547 	 722.726392
   46 	 303.926645 	 522.157074 	 678.720346
   47 	 316.048238 	 510.575294 	 725.209090
   48 	 340.955365 	 497.607720 	 675.920431
   49 	 285.094677 	 499.572362 	 643.225078
   50 	 330.295485 	 492.442773 	 648.096385
   51 	 290.712692 	 476.954524 	 651.498199
   52 	 322.411884 	 463.895830 	 636.138795
   53 	 273.116889 	 466.206124 	 633.252083
   54 	 265.437011 	 459.031955 	 657.745605
   55 	 238.417874 	 462.806017 	 592.791781
   56 	 225.699995 	 458.846202 	 624.125854
   57 	 269.909653 	 467.056323 	 709.662514
   58 	 252.385555 	 480.212415 	 683.578341
   59 	 251.617770 	 492.968416 	 687.887327
   60 	 264.601147 	 498.092590 	 691.888720
   61 	 275.922137 	 510.693737 	 737.026971
   62 	 284.193678 	 516.878594 	 712.114526
   63 	 277.616518 	 516.329583 	 678.392529
   64 	 293.377011 	 513.948174 	 697.226385
   65 	 271.108511 	 513.082206 	 699.640664
   66 	 296.879041 	 518.337704 	 678.542896
   67 	 307.226889 	 518.508653 	 683.102371
   68 	 222.214416 	 501.152680 	 736.941267
   69 	 275.642431 	 514.855598 	 756.111985
   70 	 299.367180 	 524.050781 	 726.977338
   71 	 340.744687 	 527.673474 	 744.604423
   72 	 340.065596 	 532.609388 	 805.462736
   73 	 320.739196 	 544.120813 	 825.337561
   74 	 285.345654 	 542.503860 	 773.135882
   75 	 313.860742 	 546.386208 	 741.139972
   76 	 348.253421 	 557.655641 	 746.317744
   77 	 377.753386 	 569.441401 	 750.184817
   78 	 352.111199 	 554.607519 	 731.736891
   79 	 370.410516 	 537.793977 	 768.393404
   80 	 352.442597 	 523.341291 	 734.341597
   81 	 371.708581 	 535.015221 	 800.262626
   82 	 333.650130 	 527.714489 	 761.068098
   83 	 360.647298 	 524.509740 	 736.708937
   84 	 323.190852 	 522.319804 	 740.693309
   85 	 344.330563 	 541.271218 	 739.222580
   86 	 323.702232 	 530.356543 	 713.490829
   87 	 363.536850 	 531.367649 	 705.288271
   88 	 300.585497 	 531.461631 	 693.377903
   89 	 346.858083 	 528.871718 	 725.986253
   90 	 374.590805 	 547.578185 	 760.626035
   91 	 354.778750 	 540.037864 	 768.032442
   92 	 313.244082 	 541.107810 	 709.088737
   93 	 309.497244 	 546.537915 	 719.716701
   94 	 375.554213 	 544.883091 	 736.736326
   95 	 344.695017 	 545.211427 	 700.952323
   96 	 301.443329 	 538.876644 	 702.313420
   97 	 284.458054 	 524.365158 	 802.801201
   98 	 239.526263 	 522.310241 	 717.588256
   99 	 341.027559 	 525.554685 	 726.297118
 