   0 	 124.237314 	 257.369493 	 414.281016
    1 	 136.902318 	 275.890177 	 478.194495
    2 	 170.789091 	 295.030605 	 508.739782
    3 	 173.700734 	 307.276742 	 480.318332
    4 	 139.708664 	 314.621868 	 492.743205
    5 	 163.605822 	 335.264693 	 467.726246
    6 	 168.324963 	 343.528969 	 467.580079
    7 	 185.472059 	 354.519415 	 591.475800
    8 	 205.567580 	 365.864171 	 514.855092
    9 	 184.071974 	 373.158380 	 531.574834
   10 	 216.660049 	 381.220924 	 570.202138
   11 	 231.851679 	 385.274522 	 534.751165
   12 	 167.561758 	 400.332894 	 577.811375
   13 	 255.466159 	 407.217717 	 577.220174
   14 	 217.226954 	 420.160206 	 582.948860
   15 	 246.257720 	 416.848489 	 530.087548
   16 	 222.185354 	 419.901416 	 554.308305
   17 	 267.984443 	 429.345976 	 568.147550
   18 	 245.633752 	 431.962836 	 623.945112
   19 	 212.553036 	 437.687868 	 667.304305
   20 	 248.160665 	 438.944271 	 676.666515
   21 	 268.597905 	 448.777963 	 688.897812
   22 	 245.850758 	 460.118826 	 724.623614
   23 	 280.440759 	 461.962391 	 688.244350
   24 	 294.172912 	 455.092587 	 638.014132
   25 	 306.472027 	 454.187209 	 617.934978
   26 	 256.593209 	 428.468962 	 614.225811
   27 	 252.857649 	 425.292853 	 602.002382
   28 	 266.707022 	 419.520030 	 571.632045
   29 	 222.797382 	 415.538569 	 581.670298
   30 	 225.972399 	 420.414303 	 608.144126
   31 	 231.163056 	 417.097843 	 592.202782
   32 	 239.543089 	 423.754306 	 589.510113
   33 	 231.662392 	 427.946612 	 654.616224
   34 	 252.386727 	 438.807037 	 657.414964
   35 	 247.319248 	 444.543853 	 647.879530
   36 	 252.380030 	 446.279569 	 665.002170
   37 	 223.360227 	 441.601613 	 643.910737
   38 	 279.915659 	 444.209280 	 638.421025
   39 	 276.274015 	 450.541936 	 641.693220
   40 	 306.533165 	 455.121040 	 650.194977
   41 	 291.199096 	 443.665391 	 645.434031
   42 	 256.992747 	 455.418129 	 681.704121
   43 	 262.476196 	 452.175655 	 637.976526
   44 	 267.512519 	 468.044603 	 621.756172
   45 	 280.224038 	 470.718218 	 644.223224
   46 	 303.990791 	 480.717528 	 657.386731
   47 	 307.747164 	 485.758536 	 675.366762
   48 	 297.473684 	 483.556883 	 643.329602
   49 	 308.522366 	 491.946849 	 657.814411
   50 	 331.911921 	 489.695334 	 638.503009
   51 	 331.056274 	 479.628667 	 607.902855
   52 	 294.629533 	 478.743778 	 629.258612
   53 	 288.235245 	 470.148274 	 635.552969
   54 	 341.757258 	 472.094009 	 656.561505
   55 	 329.721353 	 474.916833 	 662.018116
   56 	 287.298979 	 478.829669 	 713.455097
   57 	 305.893095 	 474.589661 	 743.341053
   58 	 321.075833 	 478.949877 	 709.144501
   59 	 308.854344 	 497.287845 	 715.329692
   60 	 290.814567 	 504.430369 	 707.007707
   61 	 311.006390 	 502.377987 	 717.635549
   62 	 330.236789 	 510.798097 	 726.877568
   63 	 272.600899 	 494.518294 	 751.613999
   64 	 323.982389 	 501.642971 	 665.464322
   65 	 324.984213 	 502.809971 	 696.832258
   66 	 267.514403 	 488.604458 	 681.248262
   67 	 307.411940 	 497.623538 	 712.328452
   68 	 321.062361 	 512.003073 	 761.126508
   69 	 334.556973 	 511.361122 	 707.281725
   70 	 302.141952 	 513.771230 	 689.502178
   71 	 302.517707 	 513.497817 	 722.430561
   72 	 325.529335 	 516.210774 	 683.673213
   73 	 332.913614 	 517.338549 	 681.415200
   74 	 266.178176 	 528.038042 	 681.039468
   75 	 305.422778 	 514.365028 	 735.937620
   76 	 326.699120 	 520.917749 	 729.522586
   77 	 313.463556 	 518.331022 	 701.446232
   78 	 273.763336 	 515.900320 	 716.535954
   79 	 315.242000 	 541.012427 	 758.961934
   80 	 311.625014 	 562.350079 	 707.510291
   81 	 383.096512 	 558.106629 	 726.289587
   82 	 339.374919 	 559.306688 	 729.448915
   83 	 374.267450 	 550.357335 	 705.607607
   84 	 309.600809 	 547.417243 	 713.107556
   85 	 377.600385 	 553.546596 	 697.254947
   86 	 327.669642 	 543.957073 	 741.048285
   87 	 366.106621 	 546.766113 	 767.804153
   88 	 350.013340 	 541.001506 	 735.212727
   89 	 300.525839 	 534.719211 	 692.837870
   90 	 384.341346 	 537.243313 	 699.746374
   91 	 340.565970 	 531.420226 	 722.745705
   92 	 325.080120 	 523.670713 	 684.344277
   93 	 362.199906 	 528.280111 	 681.974154
   94 	 314.080887 	 525.175850 	 727.046316
   95 	 308.649759 	 507.417285 	 737.702785
   96 	 247.013407 	 496.301248 	 693.618888
   97 	 217.864884 	 490.431737 	 673.077470
   98 	 236.714692 	 496.116499 	 698.112542
   99 	 325.074409 	 506.801153 	 696.267448
 