   0 	 115.637736 	 250.111064 	 461.742422
    1 	 151.728387 	 269.503916 	 447.818492
    2 	 151.708495 	 281.179094 	 514.546162
    3 	 111.103785 	 304.161255 	 558.468434
    4 	 124.639905 	 324.867039 	 517.612416
    5 	 137.964736 	 337.521024 	 471.637856
    6 	 115.128732 	 342.079434 	 504.068726
    7 	 182.973689 	 355.723127 	 484.487239
    8 	 179.684343 	 365.922111 	 539.610253
    9 	 206.227807 	 380.540322 	 543.562372
   10 	 217.830894 	 379.379023 	 535.697107
   11 	 217.701494 	 385.515114 	 591.435300
   12 	 218.568799 	 398.106853 	 601.025179
   13 	 198.160684 	 401.028163 	 574.152465
   14 	 252.089827 	 408.420953 	 566.459362
   15 	 248.978558 	 402.239098 	 560.690440
   16 	 223.489467 	 408.906918 	 589.514353
   17 	 219.591956 	 402.819806 	 555.231894
   18 	 215.275148 	 423.152177 	 567.524675
   19 	 256.099920 	 432.848653 	 582.519498
   20 	 271.936360 	 430.517626 	 627.263752
   21 	 240.223304 	 424.541026 	 565.990437
   22 	 255.504686 	 430.887556 	 612.362442
   23 	 231.922662 	 423.575793 	 588.750509
   24 	 201.795685 	 419.457680 	 647.695649
   25 	 234.756615 	 429.469383 	 646.012911
   26 	 254.172177 	 423.124431 	 570.395224
   27 	 223.519751 	 431.871545 	 600.734599
   28 	 262.936515 	 438.411181 	 590.510436
   29 	 242.089605 	 439.423645 	 603.358191
   30 	 249.474292 	 434.034657 	 684.504934
   31 	 247.659420 	 436.743582 	 664.583049
   32 	 256.116225 	 456.641212 	 683.805336
   33 	 238.643556 	 478.177623 	 650.508966
   34 	 247.779871 	 480.848247 	 661.142365
   35 	 215.008940 	 485.922284 	 633.907437
   36 	 311.072576 	 478.521579 	 645.438822
   37 	 285.099304 	 490.411854 	 640.484152
   38 	 324.322941 	 501.791096 	 616.211838
   39 	 391.149044 	 509.209350 	 713.903147
   40 	 259.773207 	 503.262299 	 715.907470
   41 	 365.634942 	 504.840695 	 693.574313
   42 	 359.660378 	 499.700864 	 671.975730
   43 	 339.242555 	 495.137253 	 725.494760
   44 	 286.959318 	 493.523552 	 718.150573
   45 	 219.691033 	 507.234999 	 683.977394
   46 	 306.967667 	 505.906628 	 681.991360
   47 	 286.856011 	 505.067178 	 704.081648
   48 	 295.499797 	 501.001348 	 661.492819
   49 	 300.096250 	 499.891328 	 668.128991
   50 	 337.827542 	 491.750782 	 689.324798
   51 	 329.045397 	 492.754197 	 647.510803
   52 	 315.376265 	 491.806857 	 627.938959
   53 	 244.429903 	 507.240815 	 650.277393
   54 	 336.002534 	 505.814474 	 657.777157
   55 	 323.275659 	 514.089218 	 686.863972
   56 	 278.499502 	 498.270331 	 663.882422
   57 	 333.407994 	 494.417038 	 646.954800
   58 	 343.025452 	 486.222698 	 637.617028
   59 	 298.483307 	 471.537309 	 658.381193
   60 	 297.602292 	 477.086938 	 655.475239
   61 	 334.148898 	 490.384488 	 660.112107
   62 	 268.038027 	 487.681340 	 655.595793
   63 	 274.876177 	 481.323403 	 644.410368
   64 	 284.459805 	 482.222412 	 652.413225
   65 	 247.390698 	 482.209562 	 675.676040
   66 	 296.957669 	 479.538483 	 707.785705
   67 	 267.290575 	 483.714977 	 698.023074
   68 	 287.874488 	 479.521808 	 655.476087
   69 	 300.440465 	 481.935018 	 648.657615
   70 	 312.537594 	 478.747162 	 648.672692
   71 	 290.289100 	 491.846163 	 651.730482
   72 	 273.588798 	 491.002064 	 684.013424
   73 	 259.662173 	 487.261199 	 658.457807
   74 	 287.589487 	 496.114822 	 676.360936
   75 	 338.131059 	 504.389797 	 706.594040
   76 	 281.721038 	 510.191761 	 669.947904
   77 	 327.435291 	 517.251094 	 691.481822
   78 	 361.865218 	 530.168782 	 720.500168
   79 	 296.856179 	 520.987339 	 705.767829
   80 	 319.298823 	 525.287685 	 696.958824
   81 	 337.949428 	 533.304765 	 772.403914
   82 	 319.845065 	 540.250194 	 768.199179
   83 	 379.187732 	 536.404983 	 777.852357
   84 	 356.733957 	 529.050336 	 764.875126
   85 	 312.109424 	 538.544228 	 742.894234
   86 	 294.832926 	 530.577541 	 782.699837
   87 	 311.569842 	 526.495110 	 723.483380
   88 	 319.387245 	 516.079369 	 762.244061
   89 	 314.711017 	 514.832454 	 759.198984
   90 	 323.864512 	 513.244019 	 758.801713
   91 	 350.247533 	 517.035632 	 709.948512
   92 	 309.551977 	 521.831204 	 699.983811
   93 	 280.880432 	 522.862539 	 736.951038
   94 	 212.303029 	 513.947690 	 722.361446
   95 	 145.786566 	 523.174106 	 701.334303
   96 	 188.827710 	 528.901930 	 715.193450
   97 	 363.405795 	 543.707330 	 734.537173
   98 	 336.807494 	 550.269445 	 747.861667
   99 	 326.871120 	 552.918222 	 775.604375
 