   0 	 69.760299 	 271.621034 	 471.502657
    1 	 125.621890 	 291.431715 	 494.839898
    2 	 100.351017 	 303.387848 	 491.649490
    3 	 117.663639 	 317.903950 	 487.379326
    4 	 200.216609 	 328.009720 	 525.091191
    5 	 188.635622 	 330.064614 	 506.596234
    6 	 189.904640 	 344.822790 	 555.313073
    7 	 168.493623 	 363.383572 	 511.309120
    8 	 180.965651 	 366.069718 	 566.699082
    9 	 180.693398 	 383.415133 	 581.111543
   10 	 178.042468 	 405.542551 	 591.127062
   11 	 268.462865 	 414.995293 	 648.330815
   12 	 259.943461 	 426.909925 	 673.420738
   13 	 256.764126 	 438.692774 	 681.064192
   14 	 262.352642 	 436.624644 	 619.492522
   15 	 232.211276 	 460.348879 	 634.710650
   16 	 228.249607 	 459.402985 	 620.363117
   17 	 268.292938 	 462.384055 	 622.582584
   18 	 267.317975 	 463.493581 	 621.163145
   19 	 329.277420 	 461.586929 	 613.240946
   20 	 277.370047 	 460.911651 	 684.509771
   21 	 313.233067 	 465.936925 	 670.777173
   22 	 237.726604 	 483.590376 	 670.141634
   23 	 200.738941 	 473.302851 	 690.449165
   24 	 212.604613 	 476.266717 	 701.527210
   25 	 312.677740 	 478.422629 	 651.430700
   26 	 295.363514 	 492.901227 	 705.230629
   27 	 299.680573 	 494.205485 	 655.826011
   28 	 305.574022 	 490.957683 	 672.714657
   29 	 310.228719 	 504.501424 	 676.921048
   30 	 249.383008 	 518.011791 	 751.760571
   31 	 251.777426 	 524.951795 	 737.471624
   32 	 345.306206 	 536.250490 	 709.254213
   33 	 326.951606 	 545.278827 	 737.296119
   34 	 378.243894 	 552.025561 	 766.755230
   35 	 333.042996 	 538.569162 	 815.211571
   36 	 354.115392 	 538.995379 	 741.663536
   37 	 347.696784 	 540.250918 	 722.264407
   38 	 270.943735 	 544.620781 	 746.946486
   39 	 364.911401 	 561.993670 	 726.545499
   40 	 303.861468 	 564.446284 	 728.430893
   41 	 326.757660 	 567.439506 	 732.776377
   42 	 310.070341 	 574.041839 	 743.781013
   43 	 324.076450 	 568.625672 	 767.349280
   44 	 397.146178 	 567.979843 	 744.548205
   45 	 350.590193 	 574.562265 	 755.083632
   46 	 383.311457 	 574.342869 	 782.447151
   47 	 363.675430 	 566.909308 	 724.077505
   48 	 378.773659 	 560.977599 	 737.168758
   49 	 314.070922 	 553.427038 	 713.893357
   50 	 340.537263 	 549.346882 	 725.173166
   51 	 281.912365 	 541.735676 	 715.316473
   52 	 282.231576 	 535.378951 	 716.739554
   53 	 259.817261 	 534.608321 	 708.203351
   54 	 325.281037 	 531.813038 	 679.788261
   55 	 320.123452 	 543.534724 	 696.963959
   56 	 349.168143 	 545.268758 	 742.926680
   57 	 354.841193 	 550.963178 	 725.808591
   58 	 403.210084 	 553.256852 	 766.440762
   59 	 401.093771 	 548.799362 	 738.208462
   60 	 344.566117 	 530.578838 	 712.595428
   61 	 258.072454 	 529.934372 	 726.964180
   62 	 192.786138 	 529.811965 	 757.179330
   63 	 361.586771 	 534.451389 	 751.023327
   64 	 389.727946 	 534.044909 	 737.551422
   65 	 378.546791 	 514.445222 	 713.109399
   66 	 257.870064 	 509.686754 	 657.766761
   67 	 334.157635 	 504.596280 	 660.024337
   68 	 316.444766 	 500.133124 	 690.319974
   69 	 324.020965 	 500.577319 	 715.134064
   70 	 286.746986 	 492.780226 	 746.926642
   71 	 225.994628 	 508.501525 	 736.346734
   72 	 271.152462 	 521.295698 	 715.603695
   73 	 277.703491 	 530.907887 	 701.391558
   74 	 301.987364 	 527.740938 	 689.884649
   75 	 323.717464 	 518.401803 	 675.211282
   76 	 221.681719 	 517.659055 	 680.258032
   77 	 315.175566 	 512.949893 	 654.708282
   78 	 318.366802 	 517.248855 	 681.503591
   79 	 314.820662 	 514.487896 	 670.671069
   80 	 347.091206 	 521.679647 	 695.620879
   81 	 350.743375 	 520.301221 	 674.067109
   82 	 305.998041 	 519.549170 	 741.334135
   83 	 286.031615 	 531.296481 	 694.542085
   84 	 313.857490 	 542.132747 	 701.553713
   85 	 343.010299 	 548.784109 	 719.993873
   86 	 401.090033 	 551.951612 	 697.846260
   87 	 418.779213 	 532.519011 	 677.490102
   88 	 367.342672 	 536.108474 	 671.305886
   89 	 351.167046 	 534.822297 	 692.977179
   90 	 375.012627 	 523.024265 	 680.530836
   91 	 324.778656 	 525.754194 	 690.564412
   92 	 362.039206 	 525.057156 	 672.631632
   93 	 369.299024 	 528.651487 	 674.405455
   94 	 340.401059 	 537.537206 	 704.678930
   95 	 380.758461 	 546.538064 	 720.873850
   96 	 294.559694 	 538.367571 	 691.300829
   97 	 283.875375 	 545.608373 	 719.454994
   98 	 344.792613 	 542.212392 	 716.148680
   99 	 368.794527 	 544.612609 	 709.441480
 