   0 	 106.339831 	 260.538822 	 502.669075
    1 	 109.444230 	 283.757023 	 514.113361
    2 	 143.565161 	 313.799612 	 534.071311
    3 	 168.627429 	 327.273701 	 500.150634
    4 	 162.238130 	 333.392951 	 550.165060
    5 	 185.770397 	 347.705730 	 539.551260
    6 	 180.122360 	 347.962289 	 483.468072
    7 	 174.583874 	 362.907260 	 542.855316
    8 	 192.276692 	 372.145080 	 542.516317
    9 	 218.341180 	 369.987358 	 585.831251
   10 	 152.680016 	 368.239286 	 585.831251
   11 	 155.899913 	 371.118110 	 602.243869
   12 	 208.071595 	 385.187632 	 571.801877
   13 	 212.809772 	 382.346028 	 603.282088
   14 	 211.888494 	 390.645716 	 571.774992
   15 	 221.045642 	 405.315900 	 609.830900
   16 	 240.894644 	 423.574776 	 650.192279
   17 	 279.806157 	 439.060508 	 649.803369
   18 	 218.705556 	 436.873601 	 668.419116
   19 	 215.572221 	 432.408919 	 604.727512
   20 	 207.557512 	 432.336984 	 598.257304
   21 	 205.334897 	 436.537926 	 608.192397
   22 	 276.454094 	 445.537286 	 601.349737
   23 	 277.941106 	 446.482970 	 588.456238
   24 	 340.453914 	 457.866818 	 620.245284
   25 	 313.219006 	 451.020347 	 665.533134
   26 	 294.286675 	 447.439241 	 680.698600
   27 	 240.784287 	 440.798665 	 655.107983
   28 	 280.296138 	 446.163594 	 612.950253
   29 	 247.536945 	 440.464512 	 605.700403
   30 	 218.737910 	 447.404991 	 600.552643
   31 	 190.945373 	 438.968875 	 637.379998
   32 	 251.622969 	 449.882581 	 579.096763
   33 	 237.190139 	 452.005436 	 634.462121
   34 	 279.831257 	 452.802238 	 625.508388
   35 	 214.690819 	 452.550256 	 643.488287
   36 	 280.874359 	 455.040923 	 670.007805
   37 	 310.997891 	 450.036652 	 623.151661
   38 	 279.030172 	 453.075493 	 603.675988
   39 	 280.467124 	 457.344682 	 653.438247
   40 	 248.514561 	 469.578610 	 713.970055
   41 	 265.476553 	 479.333078 	 663.930222
   42 	 222.834592 	 482.167850 	 665.367265
   43 	 240.747045 	 481.550859 	 658.166582
   44 	 249.255272 	 495.859825 	 685.330856
   45 	 306.641581 	 495.503868 	 746.455337
   46 	 294.842186 	 505.521839 	 692.772577
   47 	 312.213734 	 495.205828 	 663.951597
   48 	 310.714954 	 509.009642 	 694.535670
   49 	 316.832380 	 506.697744 	 716.031528
   50 	 283.866945 	 505.515523 	 688.908342
   51 	 272.309945 	 502.216444 	 688.583293
   52 	 317.107638 	 508.144695 	 734.681209
   53 	 322.333879 	 494.261714 	 731.424931
   54 	 317.565519 	 496.914234 	 680.641224
   55 	 308.403356 	 499.228325 	 648.153609
   56 	 311.161757 	 500.509481 	 658.054596
   57 	 325.766210 	 488.271628 	 643.902948
   58 	 263.359160 	 497.938180 	 664.431429
   59 	 288.751197 	 504.755993 	 636.010844
   60 	 319.639848 	 500.800470 	 669.169590
   61 	 259.180428 	 489.988682 	 655.120106
   62 	 283.247262 	 489.788236 	 630.510669
   63 	 329.581729 	 483.625866 	 614.731275
   64 	 291.052071 	 473.005449 	 685.905914
   65 	 323.378957 	 488.278295 	 715.659139
   66 	 291.770080 	 496.232933 	 706.485154
   67 	 253.998689 	 493.416059 	 751.964484
   68 	 263.632751 	 489.885911 	 691.043275
   69 	 303.549917 	 494.017109 	 701.093850
   70 	 315.905582 	 491.018214 	 690.720343
   71 	 288.501860 	 491.070733 	 688.531015
   72 	 278.588671 	 482.567793 	 710.877844
   73 	 317.455525 	 484.753148 	 728.412444
   74 	 286.668300 	 468.796483 	 750.370019
   75 	 250.443216 	 466.848736 	 714.635703
   76 	 254.524750 	 469.717869 	 660.590160
   77 	 212.334095 	 454.553294 	 633.165771
   78 	 289.977894 	 468.700558 	 658.357012
   79 	 297.616100 	 474.502187 	 690.640068
   80 	 225.047990 	 483.180858 	 737.493979
   81 	 276.965486 	 491.363116 	 753.997855
   82 	 302.239255 	 492.459006 	 745.096083
   83 	 319.250582 	 493.390287 	 683.152505
   84 	 323.703183 	 509.366306 	 733.498881
   85 	 292.585690 	 526.102496 	 713.043242
   86 	 305.906355 	 529.379750 	 709.326008
   87 	 325.634403 	 517.157848 	 751.871222
   88 	 333.776332 	 526.899523 	 723.174814
   89 	 308.824112 	 530.345876 	 729.376331
   90 	 336.335900 	 536.504910 	 797.229713
   91 	 359.377796 	 537.266086 	 788.356335
   92 	 326.444298 	 529.423817 	 812.170629
   93 	 324.006920 	 516.694713 	 760.150026
   94 	 343.216312 	 514.802261 	 824.376255
   95 	 348.467324 	 508.635760 	 782.416241
   96 	 338.201697 	 507.367955 	 781.821583
   97 	 326.183766 	 496.880407 	 711.886277
   98 	 259.914302 	 490.132563 	 707.862735
   99 	 242.807142 	 496.029554 	 703.697274
 