   0 	 100.158153 	 271.848957 	 515.253252
    1 	 129.334543 	 271.835451 	 410.869994
    2 	 113.788950 	 282.929056 	 464.210640
    3 	 166.245814 	 291.911454 	 510.239190
    4 	 172.589541 	 310.538771 	 524.704866
    5 	 156.223626 	 302.573208 	 456.582535
    6 	 194.205977 	 311.335153 	 493.022931
    7 	 166.052353 	 307.249637 	 497.450214
    8 	 151.720456 	 316.089689 	 472.444302
    9 	 196.264600 	 331.542200 	 495.263472
   10 	 158.359132 	 332.322722 	 512.206893
   11 	 175.848687 	 345.062085 	 474.052460
   12 	 201.590046 	 344.482541 	 540.549914
   13 	 196.593143 	 345.239516 	 519.432226
   14 	 178.370106 	 353.436236 	 512.257627
   15 	 205.314757 	 354.642461 	 544.990397
   16 	 188.045683 	 362.476627 	 550.097994
   17 	 201.705582 	 390.067449 	 560.832472
   18 	 181.039076 	 388.650521 	 547.117052
   19 	 224.291041 	 408.725575 	 584.657849
   20 	 223.979524 	 414.089801 	 594.063841
   21 	 221.874534 	 422.657083 	 580.571684
   22 	 195.341232 	 412.081712 	 574.617474
   23 	 201.798487 	 429.297585 	 645.511450
   24 	 265.638518 	 420.801255 	 575.985360
   25 	 289.147166 	 424.315844 	 619.377441
   26 	 265.030034 	 419.915132 	 588.454153
   27 	 233.849893 	 416.808953 	 597.096092
   28 	 209.648256 	 424.729492 	 620.474835
   29 	 262.889884 	 429.827836 	 613.252194
   30 	 256.937136 	 427.430766 	 615.092193
   31 	 218.076546 	 434.201211 	 590.107549
   32 	 260.270341 	 449.170521 	 646.330020
   33 	 225.072099 	 447.217109 	 585.342997
   34 	 188.387515 	 446.382892 	 627.112336
   35 	 320.922596 	 458.430930 	 613.177292
   36 	 304.418341 	 466.359379 	 663.881617
   37 	 322.296066 	 473.864047 	 674.594274
   38 	 300.094133 	 472.975097 	 644.562873
   39 	 328.414528 	 480.020878 	 666.702331
   40 	 278.946344 	 471.951782 	 675.286695
   41 	 314.354292 	 484.852011 	 700.268681
   42 	 284.550415 	 476.010325 	 686.785481
   43 	 290.534579 	 478.066199 	 686.082636
   44 	 261.567386 	 486.742837 	 675.309413
   45 	 244.075658 	 482.652858 	 679.790809
   46 	 295.701197 	 481.182725 	 678.561802
   47 	 357.613000 	 483.286420 	 664.870771
   48 	 319.473580 	 490.511205 	 660.340912
   49 	 296.015766 	 479.036972 	 686.784107
   50 	 315.536666 	 466.983163 	 647.131635
   51 	 275.302379 	 466.716248 	 627.715794
   52 	 285.137191 	 467.940238 	 633.472728
   53 	 289.397396 	 471.425691 	 635.735913
   54 	 328.943429 	 476.113475 	 682.519546
   55 	 310.243746 	 477.976343 	 685.395583
   56 	 303.738592 	 490.758488 	 688.930967
   57 	 331.822010 	 477.862409 	 638.337839
   58 	 246.154345 	 471.549052 	 617.002490
   59 	 254.062303 	 474.122717 	 686.103051
   60 	 277.162809 	 478.297769 	 667.942506
   61 	 264.889333 	 495.213320 	 743.051649
   62 	 287.245270 	 516.830570 	 720.342387
   63 	 293.206066 	 512.409960 	 678.342463
   64 	 322.334807 	 519.414775 	 700.427753
   65 	 288.333601 	 516.348002 	 672.232938
   66 	 307.708331 	 508.718785 	 695.263602
   67 	 272.998020 	 507.049985 	 705.317873
   68 	 291.740202 	 504.474676 	 702.960587
   69 	 241.367151 	 507.787551 	 724.268654
   70 	 210.938210 	 505.540220 	 749.486813
   71 	 275.767624 	 509.963869 	 742.933746
   72 	 321.830829 	 507.248666 	 751.371127
   73 	 167.356119 	 512.374176 	 726.885308
   74 	 317.113701 	 502.034218 	 738.143293
   75 	 299.878917 	 490.249816 	 702.792275
   76 	 320.145594 	 493.691342 	 706.445641
   77 	 306.721000 	 500.181183 	 731.976791
   78 	 258.371940 	 493.728832 	 718.022865
   79 	 336.848850 	 504.636269 	 731.394864
   80 	 326.741991 	 501.672987 	 713.872729
   81 	 303.801460 	 503.072145 	 737.308497
   82 	 332.282439 	 512.285749 	 720.051516
   83 	 312.427298 	 513.797926 	 730.265361
   84 	 341.344117 	 520.757944 	 681.061584
   85 	 296.542520 	 514.483412 	 695.583558
   86 	 304.877592 	 497.220396 	 691.662008
   87 	 300.639325 	 491.387350 	 750.410455
   88 	 315.576191 	 499.585214 	 750.410455
   89 	 291.695413 	 508.853641 	 731.896126
   90 	 326.587019 	 511.577890 	 733.076750
   91 	 328.466271 	 505.270760 	 673.262913
   92 	 323.651835 	 505.762729 	 678.982073
   93 	 323.558627 	 504.168154 	 708.741431
   94 	 318.946538 	 505.546171 	 712.034168
   95 	 327.920470 	 513.416984 	 670.308179
   96 	 301.028314 	 504.842272 	 726.309815
   97 	 290.184245 	 494.304152 	 674.623896
   98 	 283.152734 	 505.107686 	 686.122387
   99 	 289.004169 	 499.859327 	 718.622067
 