   0 	 122.454935 	 259.721376 	 450.581316
    1 	 143.989616 	 284.172637 	 435.470039
    2 	 126.970062 	 300.015092 	 494.563630
    3 	 117.662523 	 305.921126 	 435.221259
    4 	 178.261040 	 311.712811 	 440.586650
    5 	 188.924871 	 326.750460 	 458.352856
    6 	 180.962377 	 339.908638 	 473.546569
    7 	 128.053807 	 345.599006 	 524.488715
    8 	 202.510014 	 362.184358 	 560.016363
    9 	 178.620079 	 365.245393 	 558.901644
   10 	 187.887025 	 378.278383 	 577.559608
   11 	 219.247449 	 391.599077 	 560.320217
   12 	 257.328912 	 421.021485 	 604.374457
   13 	 244.304902 	 437.022786 	 560.244868
   14 	 230.214816 	 431.723246 	 624.326313
   15 	 196.373291 	 424.696524 	 573.868924
   16 	 252.410940 	 429.717450 	 569.447055
   17 	 229.859727 	 435.012123 	 638.299748
   18 	 279.638262 	 448.794895 	 651.030934
   19 	 274.767456 	 450.719286 	 629.724589
   20 	 278.729054 	 447.532260 	 617.081498
   21 	 258.562408 	 442.830015 	 617.368703
   22 	 272.556381 	 450.089129 	 568.388696
   23 	 231.671890 	 443.018775 	 566.144450
   24 	 255.722190 	 444.283849 	 645.223032
   25 	 226.203216 	 440.149556 	 587.268109
   26 	 226.996990 	 440.925459 	 642.210495
   27 	 230.720434 	 451.986544 	 695.030674
   28 	 282.226476 	 472.219199 	 678.421366
   29 	 234.151308 	 470.697391 	 715.722123
   30 	 254.186201 	 488.660647 	 699.824254
   31 	 314.102137 	 508.922930 	 748.920211
   32 	 345.045306 	 498.341758 	 684.910876
   33 	 321.239642 	 498.779632 	 724.410029
   34 	 285.518662 	 506.901445 	 717.464769
   35 	 296.979248 	 507.901317 	 735.740160
   36 	 295.427389 	 512.281105 	 654.809523
   37 	 291.840136 	 524.471466 	 723.046062
   38 	 286.071654 	 521.615229 	 704.411612
   39 	 295.192976 	 519.359932 	 757.997697
   40 	 272.694614 	 544.491335 	 746.022297
   41 	 259.068644 	 544.550239 	 735.946521
   42 	 359.883409 	 548.412614 	 775.640140
   43 	 354.721583 	 548.214102 	 755.007367
   44 	 312.616149 	 537.902199 	 710.406689
   45 	 302.402439 	 529.435397 	 721.545162
   46 	 341.040875 	 549.004701 	 722.164755
   47 	 310.149574 	 546.680401 	 724.161831
   48 	 318.539326 	 547.820346 	 706.688165
   49 	 338.589897 	 561.838027 	 725.998542
   50 	 371.580025 	 557.366298 	 767.986663
   51 	 331.889591 	 554.327416 	 783.971439
   52 	 333.960571 	 553.335616 	 778.902220
   53 	 298.542182 	 548.822594 	 717.621840
   54 	 208.363903 	 547.035432 	 724.885402
   55 	 332.454880 	 547.524465 	 688.633015
   56 	 351.934471 	 534.429098 	 800.154955
   57 	 364.697767 	 536.501645 	 720.812169
   58 	 309.210908 	 529.379710 	 703.483763
   59 	 294.474505 	 525.863945 	 722.970470
   60 	 297.435550 	 515.763402 	 731.485280
   61 	 292.982530 	 516.986662 	 676.982198
   62 	 311.509327 	 511.204599 	 707.524426
   63 	 344.339262 	 526.063143 	 710.819481
   64 	 335.209599 	 528.779299 	 750.604397
   65 	 371.993610 	 534.656871 	 766.540119
   66 	 345.689807 	 525.694846 	 747.923973
   67 	 329.744063 	 521.091324 	 726.363640
   68 	 270.964901 	 509.982971 	 729.102874
   69 	 296.075047 	 511.199886 	 783.610226
   70 	 324.064681 	 509.389820 	 747.772590
   71 	 277.859149 	 517.900286 	 707.174663
   72 	 281.293701 	 519.484908 	 735.661523
   73 	 336.889572 	 518.119461 	 720.984335
   74 	 349.600873 	 519.203989 	 656.068333
   75 	 373.939073 	 523.028998 	 672.652305
   76 	 376.594601 	 520.814378 	 712.804952
   77 	 300.723106 	 522.593887 	 713.119927
   78 	 362.126746 	 519.939235 	 741.023485
   79 	 297.683324 	 519.633631 	 696.052142
   80 	 332.699772 	 518.906385 	 677.982073
   81 	 355.995033 	 520.668222 	 717.545661
   82 	 343.144630 	 517.098028 	 673.088773
   83 	 342.605601 	 521.005649 	 677.060857
   84 	 370.556150 	 515.236803 	 677.296893
   85 	 350.691735 	 518.616226 	 701.481731
   86 	 307.009327 	 519.358913 	 727.583574
   87 	 344.599799 	 518.734722 	 714.541843
   88 	 325.593476 	 520.285726 	 691.058526
   89 	 344.223457 	 525.572766 	 669.063769
   90 	 309.083358 	 515.590621 	 656.270877
   91 	 352.730956 	 525.090902 	 677.967874
   92 	 347.183540 	 513.980737 	 667.962938
   93 	 264.853965 	 509.049267 	 730.591967
   94 	 251.630825 	 517.391509 	 702.180959
   95 	 267.177134 	 501.483542 	 679.266366
   96 	 308.232410 	 519.034957 	 692.921095
   97 	 265.581807 	 519.291935 	 718.933797
   98 	 368.147490 	 535.941275 	 734.243350
   99 	 320.843585 	 529.449037 	 737.992298
 