   0 	 138.099739 	 254.093728 	 429.531221
    1 	 138.421309 	 258.191454 	 460.823425
    2 	 133.494649 	 278.350227 	 478.791802
    3 	 90.417021 	 297.673901 	 492.507155
    4 	 146.754607 	 321.339738 	 537.554326
    5 	 163.070340 	 344.002467 	 535.290085
    6 	 182.776677 	 358.915754 	 558.495022
    7 	 217.828947 	 368.279954 	 576.849175
    8 	 216.666879 	 399.537257 	 638.088866
    9 	 237.201630 	 418.436583 	 636.434263
   10 	 259.757726 	 421.882706 	 646.137905
   11 	 222.046389 	 442.227897 	 665.878445
   12 	 256.055077 	 450.531405 	 603.901621
   13 	 278.917171 	 452.875947 	 638.515735
   14 	 225.378728 	 462.992193 	 670.026131
   15 	 260.249297 	 471.098362 	 619.662686
   16 	 260.043157 	 470.299893 	 673.081816
   17 	 312.870242 	 468.921575 	 650.773395
   18 	 315.271675 	 469.747322 	 685.475095
   19 	 322.006728 	 480.414849 	 702.601678
   20 	 259.769108 	 493.106727 	 719.422657
   21 	 307.452615 	 494.295804 	 666.821612
   22 	 326.303971 	 494.658324 	 683.545758
   23 	 303.953707 	 486.695792 	 658.307977
   24 	 300.378794 	 480.134930 	 654.810983
   25 	 253.911217 	 482.682967 	 635.849190
   26 	 258.652673 	 481.049183 	 665.991452
   27 	 283.970131 	 484.009351 	 679.630195
   28 	 297.189247 	 484.654071 	 659.856944
   29 	 265.162784 	 485.108483 	 657.563730
   30 	 321.001026 	 495.652963 	 690.349496
   31 	 296.143892 	 486.130062 	 668.221176
   32 	 286.193039 	 502.449885 	 647.050384
   33 	 243.672715 	 501.033712 	 665.827288
   34 	 321.859170 	 499.503115 	 652.274225
   35 	 327.821822 	 498.157298 	 656.259752
   36 	 360.412105 	 497.962420 	 725.669812
   37 	 356.118962 	 498.955444 	 647.401458
   38 	 361.743531 	 505.796149 	 693.068211
   39 	 322.802323 	 520.709306 	 695.076061
   40 	 325.759283 	 523.448449 	 700.709743
   41 	 337.096588 	 536.274735 	 726.780568
   42 	 323.550632 	 532.617142 	 683.279960
   43 	 357.032609 	 522.909463 	 758.856217
   44 	 338.649200 	 517.901257 	 747.237424
   45 	 364.178327 	 516.539323 	 788.001869
   46 	 313.944548 	 522.333740 	 784.435657
   47 	 352.665218 	 542.116617 	 788.455979
   48 	 356.009931 	 567.802017 	 786.848211
   49 	 338.947999 	 555.131401 	 747.130159
   50 	 340.214522 	 554.082458 	 732.233834
   51 	 352.253799 	 553.647583 	 748.004283
   52 	 352.310151 	 547.158863 	 712.207408
   53 	 387.249597 	 538.678833 	 702.284533
   54 	 355.794229 	 539.465425 	 695.849670
   55 	 377.692525 	 540.936428 	 701.664849
   56 	 364.384507 	 555.688615 	 733.080575
   57 	 353.384790 	 559.301821 	 706.035836
   58 	 381.756497 	 547.630783 	 719.776970
   59 	 329.794949 	 545.608065 	 741.221473
   60 	 384.590133 	 546.158105 	 703.437320
   61 	 284.231110 	 539.417272 	 697.721318
   62 	 293.426346 	 533.215834 	 696.751054
   63 	 312.421024 	 539.121160 	 738.379581
   64 	 325.463708 	 548.219706 	 700.284762
   65 	 318.358634 	 541.517432 	 677.300977
   66 	 370.019827 	 542.183339 	 744.778884
   67 	 310.113550 	 541.758695 	 700.602656
   68 	 314.368898 	 540.181035 	 679.438654
   69 	 332.022724 	 521.583831 	 724.339567
   70 	 320.582435 	 528.307972 	 714.346799
   71 	 308.818696 	 531.962690 	 697.878629
   72 	 280.522401 	 534.246011 	 760.241239
   73 	 375.511030 	 543.403152 	 731.804371
   74 	 377.003703 	 555.247657 	 731.376792
   75 	 385.582605 	 562.727153 	 747.425112
   76 	 340.218450 	 553.013860 	 764.460684
   77 	 348.680921 	 543.601379 	 714.698444
   78 	 331.839214 	 532.723718 	 714.350796
   79 	 344.642226 	 523.514935 	 734.225264
   80 	 306.918181 	 519.843050 	 740.406982
   81 	 314.690289 	 517.354411 	 743.181662
   82 	 289.778273 	 521.780180 	 725.781177
   83 	 325.739310 	 523.430734 	 718.607972
   84 	 310.440668 	 518.669621 	 680.749893
   85 	 311.478224 	 515.592172 	 660.246315
   86 	 326.492267 	 518.340567 	 672.345163
   87 	 299.581277 	 526.664988 	 725.730738
   88 	 338.066325 	 528.983182 	 724.819295
   89 	 370.520952 	 529.471363 	 827.115168
   90 	 237.107329 	 522.337463 	 693.217605
   91 	 288.825431 	 533.847413 	 715.921070
   92 	 389.758430 	 534.743311 	 734.537895
   93 	 385.824170 	 536.592262 	 753.287945
   94 	 378.087380 	 527.298733 	 687.920045
   95 	 285.031995 	 519.968087 	 729.792689
   96 	 231.212444 	 521.219587 	 698.262290
   97 	 350.678871 	 521.615761 	 701.229416
   98 	 296.134884 	 510.450312 	 706.928662
   99 	 306.988563 	 521.384476 	 685.272064
 