   0 	 102.365774 	 258.993272 	 438.227014
    1 	 115.819512 	 277.506720 	 439.094455
    2 	 157.177026 	 289.177501 	 429.523607
    3 	 144.191768 	 306.370485 	 463.092764
    4 	 146.308060 	 324.601221 	 497.955386
    5 	 154.221998 	 339.519121 	 538.189968
    6 	 191.292631 	 356.374618 	 540.453719
    7 	 148.416569 	 371.321126 	 520.948707
    8 	 216.081270 	 372.413121 	 508.150847
    9 	 252.264249 	 380.491787 	 518.460339
   10 	 194.690642 	 390.999775 	 534.944902
   11 	 222.324445 	 390.032718 	 544.471018
   12 	 217.083031 	 403.001924 	 598.666645
   13 	 246.013590 	 404.034978 	 560.753846
   14 	 217.611086 	 416.766694 	 606.804764
   15 	 204.240940 	 408.320294 	 643.261187
   16 	 245.376775 	 410.663251 	 632.440740
   17 	 235.642581 	 400.642337 	 621.154664
   18 	 231.398692 	 411.268865 	 638.315428
   19 	 183.273468 	 430.933002 	 639.184739
   20 	 221.745082 	 440.121083 	 669.271213
   21 	 200.153591 	 456.775074 	 686.927748
   22 	 192.267263 	 468.979564 	 659.710858
   23 	 281.667940 	 468.358673 	 718.863179
   24 	 248.621322 	 475.177883 	 691.733719
   25 	 271.221005 	 503.164303 	 663.257365
   26 	 273.027870 	 511.141255 	 693.549315
   27 	 285.138130 	 527.395162 	 675.467126
   28 	 334.754542 	 521.018387 	 676.982941
   29 	 317.814973 	 514.565748 	 757.724502
   30 	 279.268656 	 511.755676 	 713.452863
   31 	 294.130984 	 507.947354 	 659.431112
   32 	 323.690932 	 517.601645 	 685.549364
   33 	 377.504487 	 509.636429 	 701.788444
   34 	 308.008695 	 502.599260 	 715.858291
   35 	 330.372136 	 502.126819 	 681.312097
   36 	 357.046691 	 503.036989 	 709.195570
   37 	 318.867013 	 513.303339 	 673.787547
   38 	 345.259745 	 504.535931 	 698.747461
   39 	 291.929035 	 505.385544 	 666.491677
   40 	 333.949330 	 510.468575 	 733.516786
   41 	 338.565780 	 513.259918 	 679.718757
   42 	 307.582503 	 525.860657 	 712.649193
   43 	 279.385143 	 530.124580 	 719.547166
   44 	 359.578427 	 536.135871 	 742.622874
   45 	 319.837952 	 542.984649 	 724.915314
   46 	 315.625460 	 542.645989 	 712.962521
   47 	 251.482767 	 523.907195 	 760.695964
   48 	 283.258271 	 531.026471 	 703.140021
   49 	 330.144849 	 525.695801 	 696.877352
   50 	 239.398063 	 509.173738 	 732.651057
   51 	 316.954606 	 509.905056 	 676.441086
   52 	 294.611891 	 516.137204 	 697.245690
   53 	 351.176417 	 509.288981 	 711.138225
   54 	 332.003950 	 510.786852 	 700.223728
   55 	 354.472428 	 497.718502 	 686.301582
   56 	 361.880546 	 507.847893 	 646.900052
   57 	 336.727659 	 503.946409 	 638.249303
   58 	 329.448739 	 495.355253 	 670.906582
   59 	 301.040920 	 483.860078 	 604.955057
   60 	 315.180492 	 480.314242 	 645.384149
   61 	 314.433261 	 476.587027 	 647.065265
   62 	 287.217686 	 474.943140 	 669.357804
   63 	 296.035973 	 476.981636 	 659.785981
   64 	 323.098063 	 473.322475 	 701.110728
   65 	 314.672724 	 472.316149 	 706.263806
   66 	 320.476096 	 475.738639 	 704.540818
   67 	 248.439445 	 474.816990 	 712.708088
   68 	 250.571742 	 482.063586 	 694.259994
   69 	 192.871796 	 478.464807 	 677.089786
   70 	 214.092294 	 488.374485 	 706.604016
   71 	 288.765042 	 497.626599 	 708.530829
   72 	 316.786732 	 494.467773 	 683.510312
   73 	 292.618581 	 485.068205 	 715.008052
   74 	 270.320049 	 489.561438 	 741.882756
   75 	 326.300061 	 495.701352 	 690.833365
   76 	 332.317850 	 489.101464 	 727.197349
   77 	 338.017481 	 497.489389 	 683.444832
   78 	 288.893363 	 502.885599 	 684.122214
   79 	 337.822649 	 514.297125 	 696.519040
   80 	 326.547469 	 517.515513 	 718.793926
   81 	 286.348863 	 533.066090 	 766.484022
   82 	 348.194537 	 529.215268 	 760.015247
   83 	 364.808977 	 525.172544 	 785.566798
   84 	 340.503543 	 523.042952 	 770.578146
   85 	 332.961896 	 517.860624 	 679.173254
   86 	 311.485319 	 513.382858 	 753.457602
   87 	 275.264632 	 526.425111 	 767.607487
   88 	 301.267257 	 505.106101 	 726.540501
   89 	 251.365707 	 511.188612 	 733.305124
   90 	 287.896684 	 519.410430 	 769.286612
   91 	 272.510150 	 515.448002 	 736.141342
   92 	 314.731586 	 530.100203 	 735.156811
   93 	 270.153366 	 528.972367 	 740.519942
   94 	 289.520507 	 511.002895 	 697.535986
   95 	 293.378564 	 512.478802 	 708.380311
   96 	 309.123866 	 515.400979 	 726.208872
   97 	 330.804463 	 527.200581 	 787.238673
   98 	 268.917196 	 534.140916 	 792.052719
   99 	 288.046995 	 531.642426 	 726.429187
 