   0 	 117.246395 	 248.317038 	 391.593303
    1 	 113.187138 	 261.057744 	 415.757700
    2 	 110.757108 	 270.176450 	 496.460264
    3 	 111.875074 	 274.817519 	 458.183723
    4 	 128.110704 	 295.210332 	 481.677415
    5 	 167.109195 	 308.047378 	 495.341424
    6 	 187.160009 	 330.695734 	 520.100688
    7 	 207.136367 	 335.792440 	 538.335825
    8 	 144.382148 	 350.614869 	 583.836429
    9 	 153.673739 	 371.533324 	 544.176116
   10 	 229.470303 	 387.523411 	 536.786489
   11 	 159.936030 	 386.392510 	 563.118192
   12 	 191.005729 	 391.151331 	 550.552917
   13 	 191.864475 	 386.369574 	 552.769181
   14 	 193.747534 	 400.124264 	 559.250422
   15 	 227.268014 	 402.578261 	 541.123413
   16 	 222.872585 	 401.687750 	 587.646846
   17 	 238.885645 	 402.062684 	 593.096699
   18 	 219.244595 	 402.279216 	 554.645238
   19 	 255.878039 	 407.699752 	 559.398588
   20 	 235.219635 	 401.668397 	 568.850640
   21 	 245.199645 	 410.520741 	 570.228773
   22 	 200.453984 	 416.720653 	 578.208040
   23 	 247.610940 	 415.301866 	 627.817639
   24 	 244.531931 	 422.861875 	 565.572942
   25 	 273.094735 	 435.547758 	 561.034763
   26 	 283.194173 	 441.018945 	 592.278917
   27 	 266.060206 	 443.110139 	 610.254583
   28 	 269.442359 	 450.170352 	 599.947199
   29 	 286.540187 	 443.303963 	 617.417440
   30 	 286.888388 	 455.769920 	 586.051140
   31 	 287.859722 	 467.942548 	 598.671881
   32 	 314.840059 	 458.349362 	 604.833836
   33 	 272.271888 	 439.903696 	 618.110475
   34 	 307.490553 	 445.419033 	 599.873832
   35 	 325.991177 	 458.606435 	 599.175835
   36 	 304.197573 	 457.543907 	 657.966942
   37 	 328.281531 	 463.549962 	 585.503552
   38 	 290.003947 	 461.160436 	 628.267930
   39 	 302.466212 	 457.662713 	 635.645013
   40 	 296.134901 	 462.306861 	 629.407492
   41 	 281.070097 	 455.002163 	 629.983421
   42 	 263.841122 	 454.908436 	 633.120587
   43 	 293.627978 	 462.450989 	 620.064735
   44 	 254.516481 	 466.656177 	 726.836460
   45 	 294.743078 	 457.812944 	 676.920807
   46 	 278.031989 	 451.428134 	 681.387415
   47 	 294.669051 	 469.649205 	 700.241129
   48 	 231.103413 	 486.320858 	 697.077861
   49 	 301.118210 	 504.439754 	 678.525040
   50 	 328.582113 	 503.055850 	 690.358940
   51 	 288.202674 	 509.820101 	 676.893083
   52 	 254.629464 	 497.545627 	 668.946726
   53 	 231.650150 	 523.682481 	 770.027884
   54 	 316.106034 	 523.460958 	 688.563549
   55 	 326.228082 	 518.648393 	 663.803917
   56 	 327.703208 	 519.685055 	 667.333569
   57 	 298.546282 	 515.664184 	 720.278360
   58 	 265.478399 	 491.748273 	 729.573109
   59 	 276.312120 	 493.675550 	 718.651002
   60 	 333.574753 	 490.519784 	 700.504499
   61 	 279.575047 	 476.903513 	 639.745350
   62 	 230.290206 	 478.606770 	 659.826725
   63 	 286.765507 	 482.103503 	 678.525018
   64 	 268.812455 	 482.984402 	 643.722629
   65 	 285.177238 	 496.179352 	 636.195710
   66 	 273.784083 	 504.789131 	 652.789131
   67 	 326.329174 	 503.457629 	 727.337772
   68 	 335.267937 	 524.464514 	 680.721562
   69 	 339.171958 	 530.412205 	 663.821621
   70 	 244.784072 	 524.619204 	 711.731517
   71 	 308.102552 	 516.117815 	 741.440841
   72 	 283.444505 	 534.177767 	 701.778855
   73 	 367.836982 	 545.590254 	 710.170230
   74 	 375.918616 	 549.763242 	 733.847233
   75 	 359.049759 	 551.362257 	 719.461013
   76 	 370.787605 	 542.447617 	 699.117546
   77 	 339.765546 	 530.049479 	 776.283477
   78 	 378.773962 	 533.117430 	 727.680705
   79 	 317.731159 	 525.155499 	 792.383062
   80 	 266.998534 	 525.233865 	 748.342869
   81 	 353.684751 	 532.798809 	 699.498625
   82 	 332.773456 	 523.460491 	 716.298306
   83 	 290.489387 	 526.333041 	 679.403593
   84 	 361.384300 	 535.729591 	 767.529604
   85 	 265.623888 	 524.043982 	 745.359449
   86 	 356.522605 	 529.318795 	 685.138288
   87 	 241.044775 	 532.836577 	 687.351864
   88 	 285.008374 	 540.438819 	 685.308615
   89 	 290.591143 	 533.975540 	 712.163003
   90 	 289.809669 	 531.487673 	 687.907847
   91 	 309.644083 	 524.926876 	 715.170810
   92 	 343.731148 	 529.229862 	 705.343208
   93 	 395.474531 	 534.883325 	 743.127978
   94 	 361.637553 	 529.806071 	 679.678377
   95 	 327.758854 	 531.085012 	 708.473206
   96 	 344.457481 	 534.803729 	 699.925468
   97 	 331.236603 	 554.390436 	 699.582322
   98 	 315.561417 	 545.830250 	 696.755687
   99 	 356.742493 	 562.195982 	 716.442293
 