   0 	 118.858344 	 268.289694 	 459.704912
    1 	 171.606039 	 293.388887 	 480.177910
    2 	 153.027244 	 305.303037 	 460.198553
    3 	 170.938806 	 322.603160 	 541.521365
    4 	 155.218408 	 334.260572 	 529.465372
    5 	 193.476877 	 348.188187 	 572.978178
    6 	 176.947893 	 346.043141 	 548.659032
    7 	 197.147530 	 357.573294 	 537.026821
    8 	 235.097768 	 359.178703 	 524.968690
    9 	 204.659579 	 364.722904 	 530.193108
   10 	 204.246359 	 368.357016 	 522.649298
   11 	 232.982710 	 374.263075 	 511.932881
   12 	 268.968200 	 389.747115 	 517.011073
   13 	 233.205813 	 389.381275 	 544.717081
   14 	 243.195748 	 377.774342 	 549.254489
   15 	 239.887483 	 387.378805 	 682.590547
   16 	 224.056039 	 397.631379 	 651.578848
   17 	 251.297106 	 400.685402 	 631.789547
   18 	 234.728905 	 402.063592 	 597.804301
   19 	 262.629735 	 404.413054 	 632.473215
   20 	 276.577554 	 414.949746 	 616.004956
   21 	 251.869647 	 414.535646 	 622.707892
   22 	 262.972757 	 415.219076 	 649.127588
   23 	 262.127883 	 423.015899 	 588.100974
   24 	 250.648034 	 422.767560 	 585.332883
   25 	 235.545607 	 418.387688 	 625.686145
   26 	 262.203994 	 418.590032 	 619.920154
   27 	 274.330076 	 416.861057 	 610.934857
   28 	 229.338437 	 413.826579 	 592.078695
   29 	 296.669723 	 428.499650 	 574.159798
   30 	 275.465879 	 423.774675 	 596.967312
   31 	 260.404535 	 414.361493 	 616.675399
   32 	 213.062783 	 404.530523 	 606.225995
   33 	 236.988905 	 406.647883 	 529.953198
   34 	 239.867613 	 414.310452 	 577.208194
   35 	 229.779209 	 417.088977 	 577.261944
   36 	 275.726318 	 427.454662 	 583.289471
   37 	 323.223793 	 430.284779 	 555.085384
   38 	 296.325179 	 431.084002 	 587.286975
   39 	 289.656735 	 440.609353 	 591.284676
   40 	 290.768229 	 447.374728 	 612.340034
   41 	 274.701806 	 441.531417 	 613.899160
   42 	 259.503669 	 444.544571 	 638.279607
   43 	 279.251071 	 440.969194 	 629.915895
   44 	 280.786945 	 444.361065 	 662.606146
   45 	 280.264378 	 439.567183 	 648.273858
   46 	 254.126810 	 453.923019 	 629.809378
   47 	 278.555916 	 465.732441 	 681.972452
   48 	 261.927999 	 470.260745 	 653.706527
   49 	 321.474514 	 469.812271 	 674.933631
   50 	 269.285617 	 463.300362 	 643.605453
   51 	 289.646103 	 460.725256 	 649.111228
   52 	 312.322561 	 469.814874 	 650.112946
   53 	 300.426847 	 475.214081 	 656.176173
   54 	 278.461739 	 481.674480 	 698.769750
   55 	 268.556273 	 484.191580 	 724.598200
   56 	 248.574829 	 488.919292 	 725.650686
   57 	 218.535378 	 496.311809 	 693.569483
   58 	 303.790109 	 502.952656 	 707.369100
   59 	 309.451136 	 507.105322 	 694.888247
   60 	 305.337849 	 501.897912 	 729.077451
   61 	 302.202937 	 501.201720 	 732.514505
   62 	 295.094360 	 508.277399 	 733.528996
   63 	 237.111949 	 507.298959 	 721.859309
   64 	 335.694139 	 502.058465 	 763.326189
   65 	 257.774590 	 488.656828 	 731.250625
   66 	 317.985549 	 488.926248 	 654.436957
   67 	 264.691016 	 490.702227 	 705.660454
   68 	 229.595898 	 504.023124 	 662.734241
   69 	 318.853707 	 521.918536 	 666.785820
   70 	 301.444258 	 519.584595 	 716.904680
   71 	 295.970840 	 513.644008 	 668.403626
   72 	 328.773024 	 507.713877 	 667.518086
   73 	 236.343808 	 489.054683 	 702.331581
   74 	 309.267675 	 499.144088 	 704.346162
   75 	 298.815465 	 506.006609 	 671.681391
   76 	 350.249961 	 521.185052 	 690.196352
   77 	 315.312879 	 521.456312 	 711.861482
   78 	 283.137096 	 520.641618 	 684.428721
   79 	 347.984245 	 526.768541 	 722.102571
   80 	 359.058927 	 530.404690 	 690.114202
   81 	 335.967347 	 530.041995 	 721.655781
   82 	 351.165951 	 513.018720 	 726.308238
   83 	 363.248370 	 527.148270 	 764.635934
   84 	 327.053748 	 522.642008 	 685.514903
   85 	 269.640766 	 504.579246 	 687.569907
   86 	 262.395558 	 510.154041 	 670.864742
   87 	 313.973624 	 503.579452 	 679.101991
   88 	 319.786826 	 494.694219 	 691.109203
   89 	 300.151055 	 502.016813 	 730.073474
   90 	 302.657727 	 506.674187 	 691.538563
   91 	 288.703252 	 510.663207 	 678.472272
   92 	 354.006247 	 527.388448 	 730.629075
   93 	 352.787331 	 531.342503 	 731.528809
   94 	 296.864219 	 522.247595 	 746.255836
   95 	 281.638486 	 525.774354 	 749.973211
   96 	 320.714012 	 550.349858 	 756.156891
   97 	 321.092712 	 559.339268 	 778.047781
   98 	 409.315945 	 561.297983 	 727.549294
   99 	 402.502744 	 550.451319 	 829.033417
 