   0 	 125.766415 	 261.741147 	 403.554164
    1 	 126.003262 	 282.965796 	 457.679203
    2 	 167.171782 	 301.575596 	 425.107093
    3 	 169.853673 	 307.239426 	 428.999378
    4 	 168.116441 	 316.809899 	 503.472307
    5 	 157.496104 	 327.861577 	 503.341406
    6 	 166.998208 	 340.218223 	 486.876042
    7 	 207.446501 	 354.895488 	 523.926060
    8 	 216.089808 	 373.660187 	 525.321466
    9 	 228.284159 	 371.923415 	 533.948768
   10 	 219.745411 	 380.431180 	 568.146122
   11 	 199.511524 	 398.750347 	 631.345370
   12 	 173.844156 	 379.777873 	 655.549368
   13 	 141.617618 	 409.403738 	 655.355012
   14 	 265.522269 	 426.915258 	 611.766984
   15 	 259.833797 	 433.128946 	 594.675927
   16 	 256.017792 	 440.433221 	 621.128803
   17 	 228.996199 	 448.792142 	 642.131327
   18 	 261.258070 	 449.322847 	 641.686915
   19 	 269.963207 	 462.083360 	 677.571755
   20 	 299.677583 	 470.519071 	 650.224568
   21 	 246.580648 	 468.091731 	 645.276361
   22 	 297.273960 	 472.932716 	 673.280445
   23 	 268.081483 	 480.980688 	 673.280445
   24 	 240.381822 	 473.946891 	 632.353010
   25 	 296.015342 	 467.260419 	 623.182518
   26 	 216.308869 	 480.032849 	 633.169373
   27 	 288.636932 	 493.230916 	 655.792187
   28 	 297.576521 	 491.700885 	 649.753218
   29 	 286.807038 	 497.938021 	 674.497886
   30 	 323.012576 	 507.214242 	 675.124609
   31 	 301.371391 	 510.470420 	 681.944771
   32 	 313.223384 	 516.166985 	 695.001991
   33 	 312.738764 	 498.495020 	 662.062049
   34 	 295.001900 	 501.643935 	 661.763459
   35 	 284.763324 	 489.801822 	 634.170221
   36 	 279.971480 	 478.747898 	 684.890096
   37 	 324.227998 	 482.940672 	 678.701690
   38 	 305.010960 	 492.415404 	 681.653389
   39 	 314.975224 	 490.599317 	 686.752804
   40 	 310.639738 	 500.587438 	 679.368788
   41 	 322.144343 	 497.296385 	 675.308451
   42 	 321.361109 	 499.422308 	 695.096781
   43 	 324.448557 	 497.569902 	 678.822998
   44 	 314.917434 	 499.182673 	 726.134777
   45 	 313.113819 	 496.281135 	 731.328699
   46 	 311.098136 	 502.968942 	 699.221382
   47 	 300.088344 	 511.690280 	 692.109391
   48 	 353.469393 	 511.542094 	 699.794890
   49 	 338.168258 	 510.040694 	 722.219544
   50 	 344.873666 	 530.201835 	 742.354723
   51 	 321.364316 	 534.178496 	 786.654405
   52 	 320.599674 	 534.400427 	 738.147083
   53 	 373.779485 	 548.783891 	 717.384707
   54 	 328.253783 	 544.816162 	 738.518059
   55 	 374.489747 	 559.189277 	 724.325453
   56 	 376.248139 	 565.940618 	 737.398270
   57 	 277.409675 	 565.772442 	 746.846569
   58 	 232.923267 	 551.472864 	 744.961489
   59 	 234.989350 	 550.690534 	 746.145341
   60 	 343.921128 	 566.537044 	 808.082445
   61 	 334.774170 	 564.786064 	 745.042379
   62 	 400.210645 	 565.536530 	 736.845153
   63 	 330.153586 	 537.628739 	 742.955647
   64 	 391.391488 	 541.338968 	 707.693414
   65 	 369.108887 	 545.937483 	 721.031299
   66 	 375.297051 	 542.391819 	 695.619014
   67 	 348.162237 	 543.866112 	 694.296835
   68 	 359.244723 	 540.782413 	 695.740655
   69 	 319.437585 	 542.681273 	 714.487936
   70 	 250.415738 	 534.043486 	 696.611013
   71 	 354.969857 	 545.075693 	 690.371891
   72 	 331.898689 	 533.429369 	 764.807636
   73 	 346.678293 	 536.661206 	 721.742499
   74 	 333.969750 	 512.720452 	 737.738131
   75 	 339.689920 	 502.722814 	 708.306477
   76 	 338.006666 	 515.742508 	 736.947993
   77 	 241.024612 	 506.045392 	 698.578670
   78 	 353.916323 	 513.288062 	 704.594677
   79 	 276.908498 	 512.660343 	 770.697090
   80 	 271.022679 	 502.968193 	 680.796616
   81 	 338.888863 	 511.580867 	 692.541325
   82 	 337.966180 	 510.094424 	 711.108834
   83 	 339.695979 	 524.735770 	 747.566884
   84 	 320.569570 	 517.882032 	 734.553858
   85 	 331.563023 	 512.238579 	 778.045946
   86 	 299.432832 	 526.425621 	 737.644166
   87 	 306.808018 	 532.977695 	 749.423013
   88 	 320.576698 	 550.186296 	 776.899701
   89 	 377.025752 	 559.085285 	 787.831773
   90 	 365.315890 	 562.398464 	 818.434489
   91 	 337.342784 	 546.256377 	 821.456636
   92 	 356.008272 	 536.291261 	 779.194569
   93 	 388.489577 	 549.890396 	 723.433089
   94 	 370.010741 	 562.386747 	 777.731845
   95 	 335.282620 	 568.036579 	 775.449766
   96 	 327.379882 	 563.776385 	 762.114066
   97 	 334.927939 	 560.053952 	 739.124095
   98 	 352.172052 	 549.324649 	 708.288934
   99 	 320.081341 	 544.332736 	 755.548718
 