   0 	 92.565571 	 246.322365 	 379.925518
    1 	 113.161322 	 261.764141 	 469.361281
    2 	 164.716972 	 280.566285 	 452.958160
    3 	 139.228027 	 297.113415 	 491.594694
    4 	 110.632401 	 321.002543 	 499.219602
    5 	 150.334063 	 338.515733 	 471.723886
    6 	 153.256677 	 344.301965 	 522.170790
    7 	 224.154289 	 363.129332 	 618.330872
    8 	 195.070511 	 364.571502 	 533.328807
    9 	 220.913889 	 372.699673 	 533.989816
   10 	 237.215170 	 386.639670 	 532.042048
   11 	 258.024412 	 394.578551 	 521.551267
   12 	 239.995767 	 390.751069 	 563.328151
   13 	 203.489279 	 392.540447 	 537.907458
   14 	 266.013500 	 402.420313 	 567.285273
   15 	 243.605868 	 405.626069 	 553.498511
   16 	 269.089330 	 428.349316 	 605.803912
   17 	 223.762961 	 422.844129 	 649.077600
   18 	 253.174564 	 425.171148 	 601.851183
   19 	 206.320392 	 418.097764 	 655.671177
   20 	 275.305717 	 433.579452 	 645.701949
   21 	 246.477947 	 432.395518 	 650.219368
   22 	 255.791084 	 443.607598 	 650.658484
   23 	 241.338721 	 430.295735 	 624.626264
   24 	 242.522092 	 429.475567 	 636.435557
   25 	 258.310002 	 435.877562 	 626.394854
   26 	 236.310970 	 451.590023 	 614.562710
   27 	 234.758451 	 460.784985 	 599.355411
   28 	 238.411807 	 460.867236 	 652.066936
   29 	 251.310949 	 452.781433 	 648.843362
   30 	 247.226790 	 458.623924 	 654.222188
   31 	 251.219479 	 465.305271 	 677.229688
   32 	 306.039868 	 459.286960 	 626.661059
   33 	 267.085530 	 464.123743 	 640.567142
   34 	 301.086454 	 477.324030 	 648.053678
   35 	 282.505973 	 477.557818 	 638.113358
   36 	 301.783942 	 495.536950 	 676.324960
   37 	 271.385840 	 495.824988 	 676.324960
   38 	 247.434325 	 499.162385 	 647.656842
   39 	 326.811316 	 498.099259 	 711.789104
   40 	 360.667738 	 496.713906 	 686.277949
   41 	 255.727234 	 485.922895 	 667.968286
   42 	 311.501634 	 482.460600 	 640.922393
   43 	 291.642538 	 486.115185 	 639.970184
   44 	 301.635974 	 489.929184 	 644.520595
   45 	 291.154535 	 495.866395 	 647.449419
   46 	 310.722951 	 499.509702 	 658.746675
   47 	 311.759631 	 504.965603 	 675.889167
   48 	 293.821984 	 495.024128 	 660.604330
   49 	 252.718856 	 486.976210 	 769.606167
   50 	 295.939008 	 477.277969 	 641.699003
   51 	 300.899096 	 484.887536 	 710.446526
   52 	 326.303260 	 480.057935 	 695.708777
   53 	 290.330935 	 488.311707 	 728.619997
   54 	 265.888098 	 496.925960 	 702.024210
   55 	 322.191060 	 496.074930 	 670.039828
   56 	 330.455621 	 484.916939 	 747.942584
   57 	 292.523763 	 494.569100 	 696.086111
   58 	 307.738672 	 494.753691 	 630.535557
   59 	 258.379167 	 495.633073 	 688.533555
   60 	 316.886318 	 496.735433 	 676.259598
   61 	 314.241416 	 500.176166 	 676.259598
   62 	 314.431599 	 495.908606 	 715.397884
   63 	 300.577410 	 495.518684 	 672.445936
   64 	 301.231062 	 497.164771 	 663.395283
   65 	 258.625638 	 495.484618 	 681.583842
   66 	 232.505260 	 492.106687 	 682.974330
   67 	 307.216997 	 503.732211 	 656.249343
   68 	 312.813369 	 509.747998 	 694.029694
   69 	 289.519755 	 495.789407 	 673.727263
   70 	 329.288600 	 482.439502 	 677.474593
   71 	 287.149684 	 496.789244 	 652.115972
   72 	 332.949218 	 493.710290 	 696.713291
   73 	 335.778518 	 500.383308 	 635.934390
   74 	 355.698139 	 501.434479 	 628.990089
   75 	 342.929019 	 484.747432 	 631.970199
   76 	 296.199894 	 478.507617 	 618.926744
   77 	 256.247721 	 474.804922 	 628.545351
   78 	 327.096694 	 481.491404 	 655.995609
   79 	 326.562204 	 483.857282 	 640.266711
   80 	 306.301289 	 483.011662 	 618.428078
   81 	 318.292038 	 475.239073 	 613.381708
   82 	 330.772740 	 486.571411 	 651.343876
   83 	 336.157201 	 491.309679 	 663.202330
   84 	 318.688736 	 503.499536 	 647.419702
   85 	 344.120016 	 501.705769 	 649.650921
   86 	 299.133663 	 508.098865 	 700.513156
   87 	 316.408036 	 513.511941 	 794.984045
   88 	 357.103823 	 525.732998 	 701.203133
   89 	 360.467676 	 527.771473 	 685.365877
   90 	 348.708829 	 532.912796 	 691.671905
   91 	 309.612136 	 526.586142 	 715.086091
   92 	 384.003804 	 532.985728 	 714.718515
   93 	 315.935360 	 527.979707 	 751.439512
   94 	 307.756242 	 524.819791 	 724.105706
   95 	 312.213274 	 514.741557 	 717.426148
   96 	 334.382982 	 512.575977 	 726.950408
   97 	 367.255147 	 510.009642 	 732.072357
   98 	 330.454800 	 504.033252 	 722.912175
   99 	 338.780708 	 509.174782 	 709.922510
 