   0 	 140.816164 	 262.072839 	 502.832580
    1 	 123.354140 	 293.149292 	 504.928383
    2 	 143.520947 	 313.381248 	 577.779057
    3 	 166.709452 	 335.809228 	 545.912847
    4 	 184.971252 	 347.326397 	 536.574203
    5 	 209.850430 	 370.469752 	 560.334301
    6 	 195.171636 	 374.940511 	 556.727377
    7 	 197.560655 	 373.356697 	 549.780172
    8 	 183.453943 	 374.636253 	 549.761205
    9 	 244.975358 	 386.969749 	 507.875324
   10 	 225.886220 	 390.661964 	 619.196773
   11 	 201.513802 	 401.387695 	 555.286161
   12 	 266.307955 	 405.451568 	 583.259558
   13 	 251.319399 	 400.624543 	 568.327233
   14 	 237.091759 	 401.958686 	 554.026642
   15 	 223.167630 	 409.778173 	 544.065910
   16 	 208.001975 	 409.340351 	 579.402053
   17 	 280.296566 	 420.192399 	 592.499243
   18 	 181.380679 	 427.337148 	 574.498876
   19 	 276.836406 	 426.797855 	 578.944677
   20 	 264.967949 	 421.294227 	 608.615727
   21 	 280.640852 	 432.068270 	 586.470404
   22 	 265.386667 	 431.989562 	 601.256831
   23 	 240.299731 	 438.188956 	 624.823342
   24 	 269.408431 	 443.475633 	 611.751944
   25 	 249.268343 	 447.282135 	 630.156423
   26 	 297.497437 	 450.891247 	 670.546353
   27 	 200.991125 	 440.463538 	 659.527279
   28 	 312.273660 	 451.905841 	 626.465390
   29 	 315.523618 	 456.196216 	 637.965859
   30 	 252.872705 	 460.768442 	 643.737547
   31 	 233.078605 	 454.828014 	 652.566875
   32 	 247.783755 	 444.251217 	 629.595944
   33 	 260.395921 	 468.173234 	 671.415237
   34 	 265.166207 	 458.912444 	 648.782172
   35 	 272.647198 	 458.148336 	 658.218828
   36 	 252.974476 	 463.212270 	 643.909594
   37 	 289.970050 	 454.738314 	 642.941115
   38 	 284.504264 	 469.115972 	 653.155369
   39 	 266.010740 	 479.133706 	 658.568409
   40 	 315.856106 	 466.275165 	 688.829420
   41 	 286.932390 	 467.601441 	 647.669044
   42 	 308.892279 	 464.280904 	 608.913136
   43 	 303.112886 	 464.583190 	 628.624512
   44 	 255.785550 	 474.794695 	 648.364826
   45 	 242.330364 	 474.983631 	 678.067334
   46 	 359.013342 	 494.143557 	 708.169976
   47 	 355.153940 	 504.563242 	 640.990475
   48 	 317.599932 	 503.608678 	 748.212170
   49 	 341.165702 	 518.915939 	 736.317638
   50 	 297.013143 	 513.863681 	 746.271411
   51 	 312.278155 	 530.309443 	 692.859177
   52 	 346.023125 	 529.223855 	 707.678451
   53 	 320.179809 	 526.861361 	 706.514661
   54 	 359.800247 	 532.418852 	 699.669446
   55 	 376.806007 	 535.004659 	 704.579324
   56 	 398.264658 	 546.975282 	 707.387207
   57 	 365.043958 	 535.982841 	 719.578322
   58 	 360.883103 	 527.524264 	 713.216466
   59 	 343.448396 	 535.286073 	 691.637514
   60 	 380.042550 	 548.898791 	 689.188654
   61 	 353.924118 	 543.021935 	 688.239957
   62 	 359.299482 	 535.494759 	 689.161063
   63 	 352.404699 	 536.937187 	 687.978959
   64 	 367.601302 	 542.947008 	 721.742025
   65 	 338.080359 	 538.225296 	 734.364800
   66 	 341.758041 	 532.966833 	 712.306547
   67 	 336.240903 	 527.229155 	 699.551655
   68 	 351.047252 	 534.728485 	 687.279278
   69 	 308.018831 	 526.114169 	 713.762033
   70 	 312.245537 	 510.036153 	 685.948637
   71 	 267.627607 	 497.362221 	 654.362505
   72 	 301.461975 	 496.245215 	 699.470205
   73 	 292.884430 	 508.580936 	 713.487398
   74 	 240.811674 	 500.719458 	 676.410907
   75 	 271.439451 	 504.561691 	 660.774646
   76 	 247.060318 	 519.749628 	 680.977012
   77 	 283.710165 	 527.844634 	 692.990563
   78 	 323.569149 	 530.301797 	 691.361513
   79 	 320.044197 	 529.707733 	 715.402923
   80 	 358.267322 	 515.162278 	 720.054225
   81 	 340.669879 	 505.422711 	 720.684994
   82 	 276.033138 	 499.165624 	 700.012026
   83 	 259.765737 	 491.131661 	 673.055902
   84 	 251.159290 	 485.926000 	 643.067880
   85 	 301.774263 	 490.062059 	 715.874868
   86 	 298.890361 	 498.188539 	 684.001687
   87 	 282.110098 	 504.169709 	 671.470848
   88 	 304.353174 	 512.244417 	 705.637498
   89 	 302.783263 	 502.843818 	 738.426276
   90 	 214.392605 	 501.255766 	 689.795722
   91 	 348.472440 	 503.156408 	 698.460809
   92 	 319.385692 	 496.962871 	 699.068127
   93 	 325.919387 	 480.512705 	 680.092512
   94 	 290.152282 	 479.913732 	 691.446919
   95 	 257.271436 	 476.521240 	 712.662942
   96 	 264.494980 	 496.391447 	 700.121696
   97 	 303.313036 	 507.282992 	 704.555754
   98 	 229.293325 	 509.186905 	 701.439680
   99 	 285.815157 	 513.108606 	 718.056736
 