   0 	 71.643811 	 245.442179 	 559.325969
    1 	 112.555063 	 253.196890 	 420.598407
    2 	 124.327161 	 259.579307 	 429.823361
    3 	 125.174449 	 284.857552 	 441.588552
    4 	 134.511750 	 298.403232 	 466.537173
    5 	 104.242713 	 308.284364 	 529.045858
    6 	 130.901375 	 325.025299 	 452.226799
    7 	 133.485857 	 338.021031 	 504.926666
    8 	 151.410648 	 352.131777 	 502.476512
    9 	 171.682522 	 359.300123 	 584.978495
   10 	 161.896492 	 369.254001 	 552.303585
   11 	 159.583907 	 367.960149 	 554.189707
   12 	 226.055374 	 379.364867 	 563.221982
   13 	 216.229509 	 388.108524 	 556.787349
   14 	 235.683245 	 389.690658 	 544.077998
   15 	 223.667551 	 398.791989 	 552.822323
   16 	 251.443953 	 403.066722 	 551.329204
   17 	 256.710148 	 413.340503 	 587.546519
   18 	 233.568266 	 420.057024 	 612.227066
   19 	 214.801854 	 424.951087 	 616.330227
   20 	 231.890496 	 429.148695 	 658.903252
   21 	 194.855984 	 441.720015 	 682.490113
   22 	 196.967062 	 445.163726 	 673.490113
   23 	 189.575558 	 456.354351 	 672.792200
   24 	 249.236263 	 468.941953 	 691.832014
   25 	 315.015040 	 478.086072 	 707.922387
   26 	 306.049176 	 491.984056 	 692.842935
   27 	 269.246668 	 495.519019 	 759.619251
   28 	 287.713922 	 497.038987 	 720.598005
   29 	 292.276367 	 506.032382 	 724.696011
   30 	 261.373975 	 515.988652 	 732.703083
   31 	 329.455853 	 528.726639 	 757.317843
   32 	 331.556040 	 527.313381 	 764.101915
   33 	 307.186016 	 531.966692 	 705.261637
   34 	 326.103799 	 536.637721 	 701.479732
   35 	 375.172534 	 540.485664 	 765.780260
   36 	 374.936945 	 539.583965 	 693.887544
   37 	 367.950330 	 526.509270 	 696.627006
   38 	 379.460202 	 516.219063 	 687.501301
   39 	 303.183925 	 508.971667 	 715.566731
   40 	 267.203409 	 496.974336 	 724.393664
   41 	 279.391941 	 496.268243 	 723.780162
   42 	 269.466796 	 512.800170 	 748.614793
   43 	 296.595858 	 518.039635 	 757.354371
   44 	 311.112405 	 515.693075 	 750.570149
   45 	 326.334822 	 508.288493 	 666.507719
   46 	 308.710287 	 509.746619 	 663.784621
   47 	 318.131892 	 518.994549 	 728.768981
   48 	 331.927271 	 526.033263 	 723.226682
   49 	 302.694107 	 521.250316 	 800.675644
   50 	 305.752461 	 515.438566 	 667.095053
   51 	 281.034477 	 506.033691 	 699.130538
   52 	 281.890723 	 514.034462 	 729.486367
   53 	 340.685254 	 509.505114 	 720.658739
   54 	 354.506063 	 523.324306 	 739.091238
   55 	 358.893801 	 531.236387 	 718.219944
   56 	 330.046060 	 538.408604 	 720.306183
   57 	 376.626168 	 540.466947 	 698.746645
   58 	 335.499335 	 533.439440 	 762.810406
   59 	 321.526175 	 532.443991 	 683.473030
   60 	 362.540799 	 523.886826 	 658.989081
   61 	 332.709519 	 525.424609 	 688.776899
   62 	 310.203951 	 520.931901 	 694.789942
   63 	 303.354650 	 512.215044 	 708.166480
   64 	 304.042719 	 515.565197 	 675.398852
   65 	 309.527955 	 519.823749 	 675.912377
   66 	 312.283964 	 500.698728 	 668.391999
   67 	 297.764419 	 505.082830 	 688.047288
   68 	 296.034654 	 506.922129 	 740.812915
   69 	 290.588172 	 504.700519 	 673.815827
   70 	 295.486537 	 509.019832 	 719.257318
   71 	 286.630873 	 505.930364 	 691.960023
   72 	 284.664347 	 488.435936 	 701.654889
   73 	 315.300424 	 490.435646 	 663.572554
   74 	 240.621412 	 492.184357 	 696.013926
   75 	 279.286759 	 500.541652 	 657.952085
   76 	 273.969357 	 505.437720 	 666.743364
   77 	 304.882330 	 510.952960 	 700.108540
   78 	 337.781166 	 506.335724 	 658.330526
   79 	 301.598050 	 511.152157 	 652.121103
   80 	 310.344875 	 510.487405 	 686.466990
   81 	 355.041418 	 509.422001 	 667.665648
   82 	 342.460328 	 507.453969 	 672.651936
   83 	 324.857133 	 502.659067 	 681.162858
   84 	 351.369976 	 503.492797 	 698.805685
   85 	 303.102600 	 504.685696 	 673.704862
   86 	 306.390344 	 513.629485 	 757.390217
   87 	 323.667290 	 507.415002 	 701.287548
   88 	 316.420534 	 500.293289 	 684.830241
   89 	 286.434797 	 506.334417 	 678.485828
   90 	 291.582679 	 502.823398 	 729.296875
   91 	 320.462699 	 524.283396 	 787.328898
   92 	 311.586942 	 521.612673 	 748.070459
   93 	 247.887975 	 524.547056 	 739.624756
   94 	 303.357503 	 516.909993 	 725.495465
   95 	 296.866302 	 519.355744 	 692.338138
   96 	 301.066390 	 519.787896 	 703.513063
   97 	 366.060746 	 519.248468 	 739.106597
   98 	 358.401798 	 529.442354 	 800.066198
   99 	 315.699641 	 514.408566 	 773.409980
 