   0 	 127.323247 	 259.158594 	 453.839188
    1 	 102.665805 	 270.872203 	 456.224411
    2 	 137.843991 	 289.622680 	 444.273385
    3 	 134.548822 	 304.488815 	 467.950598
    4 	 167.968166 	 323.210930 	 465.436687
    5 	 167.764480 	 334.064377 	 537.497250
    6 	 143.865880 	 351.214485 	 614.661479
    7 	 192.244806 	 366.725375 	 606.746203
    8 	 130.377614 	 370.744036 	 583.399988
    9 	 216.255060 	 385.769683 	 572.338086
   10 	 183.931031 	 397.432571 	 587.561817
   11 	 246.038547 	 402.952496 	 634.063478
   12 	 196.954042 	 408.334439 	 618.645603
   13 	 231.944635 	 420.457575 	 586.748500
   14 	 218.307785 	 420.043666 	 606.844903
   15 	 284.174908 	 430.542013 	 623.189342
   16 	 292.956463 	 456.458726 	 723.741679
   17 	 271.967562 	 454.943912 	 683.078243
   18 	 303.021089 	 459.596694 	 663.518666
   19 	 322.056800 	 478.072504 	 673.570849
   20 	 214.724230 	 488.142021 	 658.358799
   21 	 275.250331 	 481.808617 	 739.890389
   22 	 301.205794 	 489.782442 	 781.834950
   23 	 254.998555 	 497.099456 	 770.007962
   24 	 291.682840 	 504.632117 	 769.116652
   25 	 321.089666 	 503.001689 	 771.961684
   26 	 274.406302 	 522.988231 	 734.134549
   27 	 310.268950 	 510.285922 	 723.501316
   28 	 277.620706 	 509.583615 	 698.793877
   29 	 288.885784 	 513.934537 	 710.168289
   30 	 250.134211 	 512.525476 	 725.206343
   31 	 312.374278 	 504.312239 	 704.166717
   32 	 309.073339 	 507.313781 	 694.032196
   33 	 280.029185 	 522.143669 	 733.983646
   34 	 272.023412 	 528.042599 	 716.929074
   35 	 275.639417 	 550.082080 	 751.181862
   36 	 338.970434 	 546.864485 	 723.251879
   37 	 304.359137 	 553.445853 	 720.591363
   38 	 307.648354 	 537.360896 	 724.098694
   39 	 325.670680 	 541.798720 	 735.372068
   40 	 328.613400 	 541.768330 	 765.694888
   41 	 304.213376 	 539.569953 	 712.580051
   42 	 290.492167 	 531.922004 	 687.976105
   43 	 308.388726 	 536.841637 	 669.856736
   44 	 356.032153 	 536.225031 	 705.271828
   45 	 346.232665 	 535.407786 	 753.110866
   46 	 284.404743 	 530.096461 	 738.933672
   47 	 333.449762 	 520.263052 	 696.013430
   48 	 358.438961 	 526.338458 	 669.247766
   49 	 347.303928 	 517.923917 	 678.294865
   50 	 321.308043 	 517.489549 	 684.003975
   51 	 384.191339 	 525.481939 	 684.043433
   52 	 353.311472 	 532.445620 	 719.536830
   53 	 309.346826 	 536.914742 	 707.945667
   54 	 307.348711 	 531.308484 	 691.399139
   55 	 317.438824 	 529.462770 	 736.911875
   56 	 352.322509 	 541.555149 	 725.636541
   57 	 298.618910 	 533.713034 	 789.149949
   58 	 303.378262 	 534.419662 	 750.211945
   59 	 359.984895 	 532.600345 	 683.139246
   60 	 327.227179 	 526.564768 	 672.771631
   61 	 328.840704 	 529.329429 	 669.199747
   62 	 357.615354 	 524.329666 	 655.435885
   63 	 322.370791 	 512.118452 	 659.538760
   64 	 270.871214 	 492.151447 	 673.619487
   65 	 259.945297 	 488.412713 	 657.619389
   66 	 322.510847 	 488.664119 	 656.706427
   67 	 313.622614 	 489.532346 	 688.893211
   68 	 314.635302 	 507.376363 	 705.183103
   69 	 320.525744 	 516.193298 	 666.156447
   70 	 308.216205 	 509.764005 	 724.508460
   71 	 335.721189 	 519.618318 	 794.550077
   72 	 285.886372 	 523.781396 	 725.496348
   73 	 331.778795 	 527.993425 	 715.716470
   74 	 348.360094 	 536.462493 	 687.498053
   75 	 360.198733 	 526.798366 	 732.675165
   76 	 387.676762 	 529.306497 	 687.103234
   77 	 352.086049 	 511.696289 	 674.479056
   78 	 323.156633 	 510.641351 	 674.479056
   79 	 329.800077 	 499.586687 	 668.965486
   80 	 323.305362 	 509.244766 	 671.552757
   81 	 328.047736 	 510.274568 	 682.897149
   82 	 323.268032 	 518.644922 	 701.120343
   83 	 346.399112 	 522.680005 	 664.211061
   84 	 353.723806 	 520.595327 	 675.876933
   85 	 335.610803 	 518.684153 	 693.569447
   86 	 341.457974 	 519.654490 	 682.631076
   87 	 326.710657 	 527.463713 	 685.266448
   88 	 303.139588 	 526.371285 	 695.542392
   89 	 305.138288 	 518.004330 	 712.498717
   90 	 365.461540 	 524.004872 	 698.425128
   91 	 303.125534 	 511.465496 	 661.649375
   92 	 311.153124 	 515.986279 	 695.332403
   93 	 291.724212 	 504.706090 	 694.847025
   94 	 319.078086 	 498.214351 	 719.997671
   95 	 293.678169 	 488.987408 	 632.705072
   96 	 248.528901 	 485.251845 	 715.736485
   97 	 290.777590 	 481.647937 	 693.676979
   98 	 275.423600 	 500.644932 	 736.616809
   99 	 314.934628 	 503.892851 	 679.397715
 