   0 	 103.586771 	 249.841016 	 457.003020
    1 	 127.726823 	 262.676851 	 473.699839
    2 	 124.208153 	 273.375633 	 464.064513
    3 	 133.365644 	 285.210947 	 437.390977
    4 	 132.266699 	 288.598079 	 437.998922
    5 	 168.660411 	 300.891422 	 442.245190
    6 	 166.842644 	 316.354968 	 435.364189
    7 	 160.781785 	 320.729871 	 478.030191
    8 	 180.127054 	 318.032713 	 518.888740
    9 	 200.247093 	 318.873741 	 460.219437
   10 	 170.771738 	 326.168510 	 468.606220
   11 	 160.221389 	 328.921802 	 482.089848
   12 	 194.778315 	 333.798098 	 469.759824
   13 	 201.301463 	 342.478481 	 470.590600
   14 	 232.077909 	 354.519815 	 473.337626
   15 	 206.377260 	 357.474539 	 530.000416
   16 	 164.404269 	 351.635191 	 480.494001
   17 	 205.065787 	 359.202329 	 501.592775
   18 	 231.577162 	 366.684915 	 529.397913
   19 	 229.672492 	 382.278033 	 549.958360
   20 	 209.275972 	 385.781668 	 525.480879
   21 	 226.559693 	 387.909555 	 574.903350
   22 	 204.249575 	 398.604994 	 537.180495
   23 	 252.137502 	 406.987581 	 579.145896
   24 	 191.260270 	 402.692389 	 580.404514
   25 	 210.202649 	 424.657503 	 563.523548
   26 	 256.046225 	 434.240654 	 592.075196
   27 	 281.089786 	 430.591901 	 603.514922
   28 	 223.000624 	 427.561632 	 647.953286
   29 	 276.495311 	 444.133955 	 665.740852
   30 	 241.744973 	 459.205488 	 667.441375
   31 	 251.423447 	 461.082316 	 642.157205
   32 	 266.798793 	 472.073798 	 650.775832
   33 	 266.183990 	 464.151834 	 629.500512
   34 	 265.050075 	 464.174275 	 638.052931
   35 	 249.144843 	 458.505454 	 634.748182
   36 	 299.131586 	 462.657717 	 641.726137
   37 	 316.430167 	 465.269443 	 632.872578
   38 	 311.089818 	 468.835680 	 636.457509
   39 	 266.335711 	 461.773267 	 613.690451
   40 	 295.238326 	 466.807844 	 614.861790
   41 	 238.168230 	 485.267688 	 670.401896
   42 	 293.969058 	 489.474157 	 675.615445
   43 	 247.256617 	 503.212496 	 657.652252
   44 	 290.087554 	 499.962415 	 665.905213
   45 	 258.157760 	 502.086441 	 662.341054
   46 	 323.089527 	 507.806019 	 675.825333
   47 	 331.969733 	 508.683238 	 726.866629
   48 	 323.883680 	 509.763725 	 725.282846
   49 	 377.063962 	 512.820597 	 664.751498
   50 	 352.547822 	 509.147359 	 679.427756
   51 	 332.561971 	 520.197760 	 735.934259
   52 	 350.382302 	 527.937260 	 737.983249
   53 	 308.265845 	 527.161490 	 802.958561
   54 	 330.457517 	 505.425037 	 704.206041
   55 	 287.838334 	 494.181655 	 667.337321
   56 	 272.827882 	 485.127954 	 671.127417
   57 	 203.046542 	 486.176887 	 631.984785
   58 	 337.232777 	 490.321832 	 753.595160
   59 	 351.122189 	 487.273123 	 711.842935
   60 	 327.791240 	 483.704678 	 653.951900
   61 	 321.370147 	 478.176942 	 633.779115
   62 	 280.659304 	 471.375820 	 674.915419
   63 	 312.537401 	 478.747515 	 674.750447
   64 	 325.862399 	 476.222935 	 662.257525
   65 	 305.861653 	 485.133628 	 679.218281
   66 	 302.772716 	 483.759309 	 688.062200
   67 	 327.708327 	 468.200674 	 663.920982
   68 	 298.410413 	 475.932187 	 688.164202
   69 	 303.809329 	 480.245944 	 660.303432
   70 	 297.631152 	 479.252267 	 702.477695
   71 	 309.081204 	 478.434051 	 745.781990
   72 	 321.379311 	 489.051818 	 746.085576
   73 	 284.614355 	 486.501498 	 732.506782
   74 	 276.236556 	 481.119895 	 690.576685
   75 	 281.920402 	 483.755078 	 683.170015
   76 	 293.293564 	 488.625574 	 694.119567
   77 	 319.429060 	 498.744092 	 712.210340
   78 	 335.735047 	 511.681083 	 699.718711
   79 	 283.827532 	 496.831640 	 683.511326
   80 	 284.243017 	 502.300277 	 680.507123
   81 	 315.001136 	 499.870836 	 676.246321
   82 	 285.417530 	 502.596533 	 771.665619
   83 	 306.514718 	 507.668256 	 683.269622
   84 	 290.454281 	 498.261812 	 662.172020
   85 	 324.497377 	 499.335650 	 675.992387
   86 	 326.852244 	 498.193424 	 655.269794
   87 	 343.024980 	 489.096727 	 754.226465
   88 	 309.939500 	 495.800099 	 742.552571
   89 	 340.309283 	 517.151531 	 725.773749
   90 	 337.000858 	 516.172534 	 710.448153
   91 	 357.692008 	 518.942329 	 715.051702
   92 	 324.408311 	 507.369449 	 708.322904
   93 	 303.931165 	 519.312870 	 697.277592
   94 	 301.940738 	 520.223653 	 683.513538
   95 	 341.612985 	 527.476197 	 681.659201
   96 	 323.228817 	 516.120655 	 674.741906
   97 	 288.720841 	 515.702436 	 773.010656
   98 	 259.469657 	 502.832938 	 700.749698
   99 	 248.867339 	 489.395379 	 697.800945
 