   0 	 124.447284 	 270.608447 	 432.389955
    1 	 128.862461 	 290.998513 	 492.654417
    2 	 153.554518 	 303.959962 	 481.456554
    3 	 155.282226 	 315.418157 	 504.962387
    4 	 170.457857 	 325.271581 	 528.513835
    5 	 160.542172 	 329.817632 	 529.899363
    6 	 191.675926 	 344.372449 	 523.711124
    7 	 146.428061 	 358.548375 	 521.727551
    8 	 175.036914 	 368.253169 	 567.825443
    9 	 214.096319 	 373.612985 	 571.139931
   10 	 253.381796 	 387.833674 	 557.155446
   11 	 233.796292 	 396.126459 	 555.552888
   12 	 218.717126 	 387.619639 	 526.708169
   13 	 190.744071 	 391.790090 	 540.112144
   14 	 205.416815 	 393.114647 	 525.118768
   15 	 188.175654 	 381.893275 	 524.144545
   16 	 205.774632 	 392.704522 	 560.028859
   17 	 246.202426 	 392.633948 	 536.010055
   18 	 201.524904 	 399.412820 	 559.636727
   19 	 206.802204 	 407.682479 	 575.562834
   20 	 263.231959 	 413.644545 	 554.989154
   21 	 301.967898 	 417.844878 	 648.709881
   22 	 246.051217 	 431.378360 	 648.712637
   23 	 258.129022 	 428.523174 	 678.813241
   24 	 242.398160 	 458.645379 	 648.952981
   25 	 298.340486 	 470.712378 	 639.174821
   26 	 315.326480 	 486.467759 	 641.644418
   27 	 337.408420 	 487.159992 	 639.574705
   28 	 281.472270 	 491.246836 	 639.253991
   29 	 296.153948 	 484.879164 	 621.904404
   30 	 280.593549 	 470.868172 	 637.193860
   31 	 290.462367 	 483.037261 	 654.588181
   32 	 280.954344 	 477.197794 	 685.240246
   33 	 294.874305 	 469.827489 	 593.701981
   34 	 288.109326 	 476.367421 	 648.142265
   35 	 309.621520 	 478.960117 	 681.949945
   36 	 323.439785 	 489.681013 	 738.572655
   37 	 235.000951 	 505.775376 	 746.986899
   38 	 327.993259 	 523.571907 	 743.724960
   39 	 327.794005 	 532.377958 	 769.017647
   40 	 347.285437 	 528.797303 	 733.393042
   41 	 363.957699 	 530.996766 	 712.573893
   42 	 381.314158 	 545.506374 	 752.597255
   43 	 380.052868 	 541.518069 	 728.891487
   44 	 324.349049 	 541.426003 	 740.216888
   45 	 340.588646 	 544.494013 	 753.727568
   46 	 286.918673 	 533.383522 	 737.271452
   47 	 284.639442 	 521.211635 	 741.424546
   48 	 261.143339 	 520.854682 	 712.417329
   49 	 277.613270 	 520.589523 	 749.876326
   50 	 281.827305 	 531.467141 	 750.757709
   51 	 319.805297 	 545.032372 	 707.807420
   52 	 328.686215 	 551.760672 	 808.914437
   53 	 321.033466 	 544.443172 	 737.751673
   54 	 333.916142 	 541.754768 	 751.899441
   55 	 306.153553 	 522.162662 	 779.654115
   56 	 280.395528 	 536.667144 	 723.665178
   57 	 331.869716 	 526.145801 	 710.198639
   58 	 303.363597 	 528.280600 	 678.576513
   59 	 373.860793 	 525.903470 	 712.873590
   60 	 298.320237 	 531.618848 	 777.144401
   61 	 341.620258 	 536.596118 	 764.863471
   62 	 371.625040 	 561.137998 	 778.555472
   63 	 364.285949 	 564.427128 	 754.325892
   64 	 330.782453 	 565.207774 	 764.921381
   65 	 364.764907 	 544.813673 	 769.391575
   66 	 288.649498 	 539.439950 	 778.517494
   67 	 328.396503 	 538.937015 	 771.824439
   68 	 367.027418 	 546.940378 	 757.243570
   69 	 342.292931 	 546.058772 	 783.882259
   70 	 356.243281 	 547.633476 	 730.481818
   71 	 316.538060 	 545.890021 	 742.232226
   72 	 314.944103 	 552.197766 	 757.397553
   73 	 259.633611 	 551.539319 	 787.985059
   74 	 195.706014 	 558.794010 	 815.448315
   75 	 254.777807 	 573.745741 	 839.128576
   76 	 294.406691 	 576.303365 	 802.477009
   77 	 381.316718 	 575.345881 	 747.329378
   78 	 369.675435 	 594.594409 	 816.030300
   79 	 419.900472 	 598.284921 	 764.129240
   80 	 396.954713 	 582.966250 	 767.623194
   81 	 416.492945 	 580.054440 	 747.301317
   82 	 371.882200 	 562.976780 	 724.565684
   83 	 338.306792 	 561.317526 	 753.204419
   84 	 359.448221 	 554.188663 	 743.113589
   85 	 315.807249 	 554.213310 	 704.779429
   86 	 330.576259 	 545.159547 	 706.164457
   87 	 367.464768 	 548.868595 	 818.373301
   88 	 312.410184 	 550.871996 	 758.492138
   89 	 328.247050 	 553.970722 	 753.902119
   90 	 317.821203 	 553.966940 	 748.358606
   91 	 312.911155 	 562.411462 	 727.318456
   92 	 389.925351 	 563.382407 	 744.072827
   93 	 318.449845 	 560.034910 	 765.297656
   94 	 350.416491 	 580.215416 	 753.093393
   95 	 380.619527 	 583.619048 	 716.486826
   96 	 396.240006 	 576.230747 	 771.980015
   97 	 371.890815 	 573.235620 	 761.460717
   98 	 405.152667 	 567.753565 	 753.620791
   99 	 409.799527 	 569.405877 	 746.630174
 