   0 	 1.000784 	 3.569843 	 10.253764
    1 	 1.000036 	 5.943481 	 10.265936
    2 	 1.003600 	 7.148534 	 10.265936
    3 	 4.841600 	 8.034748 	 10.265936
    4 	 4.825936 	 8.233051 	 10.265936
    5 	 5.435236 	 8.536894 	 10.265936
    6 	 5.726276 	 8.856130 	 10.284209
    7 	 5.743684 	 9.130564 	 10.265936
    8 	 5.730625 	 9.310776 	 10.265936
    9 	 6.919489 	 9.644368 	 10.265936
   10 	 3.325625 	 9.646116 	 10.265936
   11 	 7.497401 	 9.806763 	 10.265936
   12 	 7.497401 	 9.794755 	 10.272025
   13 	 7.990736 	 9.847281 	 10.272025
   14 	 7.990736 	 9.841941 	 10.272025
   15 	 7.990736 	 9.821265 	 10.272025
   16 	 7.487209 	 9.806146 	 10.284209
   17 	 5.016016 	 9.761160 	 10.265936
   18 	 3.604996 	 9.734848 	 10.265936
   19 	 8.214596 	 9.807060 	 10.265936
   20 	 4.952144 	 9.813063 	 10.265936
   21 	 4.940225 	 9.775557 	 10.265936
   22 	 4.940225 	 9.840547 	 10.265936
   23 	 4.940225 	 9.849694 	 10.265936
   24 	 8.941124 	 9.877972 	 10.265936
   25 	 9.305924 	 9.891226 	 10.265936
   26 	 9.305924 	 9.875201 	 10.265936
   27 	 9.305924 	 9.850721 	 10.265936
   28 	 9.305924 	 9.862932 	 10.265936
   29 	 9.305924 	 9.869800 	 10.265936
   30 	 9.305924 	 9.903669 	 10.265936
   31 	 8.834401 	 9.906057 	 10.253764
   32 	 8.834401 	 9.928421 	 10.253764
   33 	 9.549776 	 9.973949 	 10.253764
   34 	 9.567329 	 9.961550 	 10.278116
   35 	 9.631844 	 9.950721 	 10.278116
   36 	 9.625969 	 9.949509 	 10.259849
   37 	 1.792100 	 9.893473 	 10.211225
   38 	 9.596624 	 9.963652 	 10.180900
   39 	 9.271376 	 9.931316 	 10.180900
   40 	 9.271376 	 9.912419 	 10.168784
   41 	 4.940225 	 9.887033 	 10.265936
   42 	 9.317456 	 9.966693 	 10.265936
   43 	 1.929296 	 9.889329 	 10.265936
   44 	 1.925444 	 9.876761 	 10.265936
   45 	 1.944784 	 9.819791 	 10.265936
   46 	 7.130576 	 9.820376 	 10.265936
   47 	 7.130576 	 9.872033 	 10.265936
   48 	 8.952400 	 9.923575 	 10.265936
   49 	 8.952400 	 9.923004 	 10.265936
   50 	 8.952400 	 9.925121 	 10.265936
   51 	 9.196769 	 9.923896 	 10.265936
   52 	 8.198489 	 9.922836 	 10.265936
   53 	 8.246864 	 9.922060 	 10.265936
   54 	 7.290064 	 9.881243 	 10.265936
   55 	 7.290064 	 9.865630 	 10.265936
   56 	 8.230721 	 9.911663 	 10.265936
   57 	 8.246864 	 9.937234 	 10.265936
   58 	 8.246864 	 9.930880 	 10.265936
   59 	 7.405961 	 9.861161 	 10.265936
   60 	 7.405961 	 9.834264 	 10.265936
   61 	 6.963364 	 9.834841 	 10.265936
   62 	 6.963364 	 9.781436 	 10.259849
   63 	 6.963364 	 9.802457 	 10.265936
   64 	 6.963364 	 9.847689 	 10.265936
   65 	 6.963364 	 9.884052 	 10.265936
   66 	 8.941124 	 9.920137 	 10.259849
   67 	 8.941124 	 9.930349 	 10.265936
   68 	 8.941124 	 9.921341 	 10.259849
   69 	 8.806436 	 9.943484 	 10.265936
   70 	 1.817216 	 9.852667 	 10.265936
   71 	 1.815409 	 9.786385 	 10.265936
   72 	 4.240000 	 9.887621 	 10.265936
   73 	 4.218436 	 9.850396 	 10.259849
   74 	 1.908209 	 9.813513 	 10.259849
   75 	 9.579041 	 9.982577 	 10.259849
   76 	 9.573184 	 9.988214 	 10.259849
   77 	 8.540516 	 9.949464 	 10.259849
   78 	 8.160976 	 9.953114 	 10.259849
   79 	 8.150276 	 9.941201 	 10.259849
   80 	 8.241481 	 9.972537 	 10.259849
   81 	 1.929296 	 9.924714 	 10.259849
   82 	 9.590761 	 10.042821 	 10.265936
   83 	 9.590761 	 10.028727 	 10.259849
   84 	 9.596624 	 10.057146 	 10.259849
   85 	 9.596624 	 10.063012 	 10.259849
   86 	 9.225424 	 10.045386 	 10.259849
   87 	 4.952144 	 9.987413 	 10.259849
   88 	 4.952144 	 9.982422 	 10.259849
   89 	 8.595536 	 10.009998 	 10.259849
   90 	 8.535025 	 10.011064 	 10.284209
   91 	 8.617600 	 10.010051 	 10.284209
   92 	 8.617600 	 10.037009 	 10.284209
   93 	 9.271376 	 10.054550 	 10.265936
   94 	 9.317456 	 10.061639 	 10.259849
   95 	 5.044121 	 10.004421 	 10.259849
   96 	 9.317456 	 10.060139 	 10.265936
   97 	 10.012004 	 10.084111 	 10.265936
   98 	 10.012004 	 10.087739 	 10.265936
   99 	 10.012004 	 10.099472 	 10.290304
 