   0 	 1.000081 	 3.298287 	 9.561476
    1 	 1.001089 	 5.182268 	 9.561476
    2 	 1.012100 	 6.692234 	 9.579041
    3 	 1.066049 	 7.016402 	 10.156676
    4 	 2.932100 	 7.601781 	 10.156676
    5 	 4.175524 	 7.780418 	 10.156676
    6 	 4.869089 	 7.893146 	 9.940100
    7 	 1.388129 	 8.050596 	 10.265936
    8 	 1.770884 	 8.417463 	 10.114361
    9 	 1.770884 	 8.413862 	 10.265936
   10 	 1.408321 	 8.429479 	 10.265936
   11 	 5.635409 	 8.417968 	 10.265936
   12 	 5.145296 	 8.728872 	 10.278116
   13 	 5.145296 	 8.596018 	 10.278116
   14 	 5.145296 	 9.046012 	 10.284209
   15 	 5.112784 	 9.419548 	 10.290304
   16 	 6.880625 	 9.524618 	 10.278116
   17 	 6.914624 	 9.594235 	 10.278116
   18 	 1.774400 	 9.632587 	 10.284209
   19 	 1.767376 	 9.673012 	 10.284209
   20 	 6.267025 	 9.724523 	 10.284209
   21 	 8.817616 	 9.844762 	 10.284209
   22 	 1.958441 	 9.703990 	 10.284209
   23 	 9.532241 	 9.836352 	 10.278116
   24 	 4.709476 	 9.750794 	 10.278116
   25 	 9.532241 	 9.858638 	 10.278116
   26 	 7.375625 	 9.822188 	 10.284209
   27 	 7.421156 	 9.852088 	 10.284209
   28 	 5.056196 	 9.806129 	 10.284209
   29 	 1.998001 	 9.707517 	 10.284209
   30 	 7.115729 	 9.852785 	 10.284209
   31 	 7.120676 	 9.877150 	 10.284209
   32 	 1.980100 	 9.748357 	 10.284209
   33 	 6.503716 	 9.841214 	 10.284209
   34 	 1.813604 	 9.821795 	 10.284209
   35 	 1.813604 	 9.846658 	 10.284209
   36 	 9.532241 	 9.916908 	 10.284209
   37 	 8.360369 	 9.917922 	 10.284209
   38 	 8.360369 	 9.909519 	 10.284209
   39 	 5.088484 	 9.870459 	 10.284209
   40 	 5.088484 	 9.883002 	 10.290304
   41 	 7.340324 	 9.899488 	 10.290304
   42 	 7.340324 	 9.940971 	 10.290304
   43 	 5.064256 	 9.887380 	 10.290304
   44 	 1.813604 	 9.867952 	 10.290304
   45 	 1.998001 	 9.845236 	 10.290304
   46 	 5.064256 	 9.942035 	 10.290304
   47 	 5.064256 	 9.923540 	 10.290304
   48 	 5.064256 	 9.906105 	 10.290304
   49 	 8.209225 	 9.983390 	 10.290304
   50 	 8.311616 	 9.980627 	 10.290304
   51 	 8.006609 	 9.941330 	 10.290304
   52 	 8.311616 	 10.009437 	 10.290304
   53 	 8.311616 	 10.064620 	 10.290304
   54 	 6.664400 	 10.048267 	 10.290304
   55 	 6.645376 	 9.972563 	 10.290304
   56 	 5.064256 	 9.858136 	 10.290304
   57 	 6.645376 	 9.983902 	 10.290304
   58 	 6.645376 	 10.029149 	 10.290304
   59 	 6.645376 	 10.010850 	 10.290304
   60 	 9.242641 	 10.056899 	 10.290304
   61 	 9.433216 	 10.085670 	 10.290304
   62 	 9.649481 	 10.091887 	 10.290304
   63 	 9.655364 	 10.103329 	 10.290304
   64 	 9.649481 	 10.082049 	 10.284209
   65 	 1.946729 	 9.999523 	 10.290304
   66 	 1.982081 	 10.001962 	 10.290304
   67 	 7.305121 	 10.076195 	 10.290304
   68 	 7.305121 	 10.046895 	 10.290304
   69 	 7.270016 	 10.013167 	 10.290304
   70 	 7.305121 	 10.108895 	 10.290304
   71 	 4.996001 	 10.096463 	 10.290304
   72 	 7.295081 	 10.124865 	 10.290304
   73 	 7.295081 	 10.123990 	 10.290304
   74 	 7.295081 	 10.094073 	 10.290304
   75 	 1.950625 	 10.072606 	 10.284209
   76 	 9.743849 	 10.157216 	 10.284209
   77 	 4.988009 	 10.102329 	 10.284209
   78 	 9.749764 	 10.134809 	 10.284209
   79 	 9.755681 	 10.136590 	 10.284209
   80 	 9.755681 	 10.139348 	 10.284209
   81 	 9.940100 	 10.147106 	 10.284209
   82 	 9.421604 	 10.135183 	 10.284209
   83 	 7.140484 	 10.103658 	 10.284209
   84 	 9.940100 	 10.136664 	 10.284209
   85 	 8.656289 	 10.127111 	 10.284209
   86 	 1.950625 	 10.056472 	 10.284209
   87 	 9.940100 	 10.158146 	 10.290304
   88 	 7.300100 	 10.126245 	 10.284209
   89 	 9.940100 	 10.159842 	 10.290304
   90 	 1.952576 	 10.075586 	 10.284209
   91 	 9.946081 	 10.155442 	 10.284209
   92 	 9.988004 	 10.159551 	 10.284209
   93 	 8.789681 	 10.148372 	 10.284209
   94 	 8.656289 	 10.141834 	 10.284209
   95 	 8.650756 	 10.152291 	 10.284209
   96 	 8.650756 	 10.138469 	 10.284209
   97 	 1.980100 	 10.066385 	 10.284209
   98 	 8.650756 	 10.144090 	 10.284209
   99 	 8.650756 	 10.132243 	 10.284209
 