   0 	 1.000169 	 3.419003 	 10.211225
    1 	 1.000400 	 4.983530 	 10.217296
    2 	 1.000576 	 6.959508 	 10.217296
    3 	 1.108900 	 7.922791 	 10.284209
    4 	 2.771561 	 8.560997 	 10.284209
    5 	 4.422500 	 9.048058 	 10.284209
    6 	 6.216656 	 9.386264 	 10.284209
    7 	 4.444736 	 9.521314 	 10.278116
    8 	 4.437316 	 9.582563 	 10.278116
    9 	 4.437316 	 9.453726 	 10.278116
   10 	 4.849444 	 9.481390 	 10.272025
   11 	 1.912025 	 9.469171 	 10.272025
   12 	 7.775609 	 9.671888 	 10.290304
   13 	 7.775609 	 9.764107 	 10.290304
   14 	 7.775609 	 9.741330 	 10.290304
   15 	 1.710649 	 9.619312 	 10.247681
   16 	 4.625216 	 9.765627 	 10.217296
   17 	 8.027801 	 9.845279 	 10.235521
   18 	 9.105409 	 9.930644 	 10.290304
   19 	 9.105409 	 9.948208 	 10.290304
   20 	 9.042896 	 9.961008 	 10.290304
   21 	 8.840000 	 9.983682 	 10.290304
   22 	 8.840000 	 9.951066 	 10.290304
   23 	 8.879249 	 9.958378 	 10.290304
   24 	 1.994009 	 9.933163 	 10.290304
   25 	 8.884864 	 10.035332 	 10.290304
   26 	 1.966289 	 9.951947 	 10.290304
   27 	 9.726116 	 10.024528 	 10.290304
   28 	 9.596624 	 10.037875 	 10.290304
   29 	 9.567329 	 10.020191 	 10.290304
   30 	 9.590761 	 10.039968 	 10.284209
   31 	 9.726116 	 10.065743 	 10.290304
   32 	 9.732025 	 10.041978 	 10.290304
   33 	 9.732025 	 10.064709 	 10.290304
   34 	 9.720209 	 10.042911 	 10.290304
   35 	 9.732025 	 10.050392 	 10.290304
   36 	 4.996001 	 9.996635 	 10.290304
   37 	 9.532241 	 10.036612 	 10.290304
   38 	 9.462281 	 10.045648 	 10.284209
   39 	 3.036329 	 9.969376 	 10.284209
   40 	 3.271049 	 9.989691 	 10.290304
   41 	 1.958441 	 9.986146 	 10.284209
   42 	 7.275025 	 10.072230 	 10.284209
   43 	 8.678441 	 10.077085 	 10.284209
   44 	 9.820900 	 10.096372 	 10.284209
   45 	 7.330256 	 10.080119 	 10.284209
   46 	 7.330256 	 10.060831 	 10.284209
   47 	 7.330256 	 10.050512 	 10.284209
   48 	 1.906304 	 9.842411 	 10.284209
   49 	 7.315169 	 10.040833 	 10.284209
   50 	 7.275025 	 10.024544 	 10.290304
   51 	 7.345361 	 10.087783 	 10.290304
   52 	 5.016016 	 10.032894 	 10.290304
   53 	 7.345361 	 10.094698 	 10.284209
   54 	 5.016016 	 10.033617 	 10.272025
   55 	 5.016016 	 10.039021 	 10.272025
   56 	 8.678441 	 10.125146 	 10.272025
   57 	 9.791225 	 10.140346 	 10.272025
   58 	 9.791225 	 10.140128 	 10.272025
   59 	 9.791225 	 10.143359 	 10.272025
   60 	 9.549776 	 10.141297 	 10.272025
   61 	 9.579041 	 10.126866 	 10.265936
   62 	 8.634169 	 10.108745 	 10.265936
   63 	 5.012009 	 10.067616 	 10.265936
   64 	 9.579041 	 10.144473 	 10.272025
   65 	 5.072324 	 10.062755 	 10.278116
   66 	 5.072324 	 10.049944 	 10.278116
   67 	 9.410000 	 10.096142 	 10.265936
   68 	 9.404201 	 10.075495 	 10.265936
   69 	 9.532241 	 10.068626 	 10.265936
   70 	 9.549776 	 10.086844 	 10.265936
   71 	 9.549776 	 10.056562 	 10.272025
   72 	 9.549776 	 10.063953 	 10.272025
   73 	 9.543929 	 10.047685 	 10.272025
   74 	 9.579041 	 10.035693 	 10.272025
   75 	 4.632836 	 9.966940 	 10.272025
   76 	 9.579041 	 9.999272 	 10.272025
   77 	 9.579041 	 9.991607 	 10.278116
   78 	 9.579041 	 10.025741 	 10.278116
   79 	 9.584900 	 10.042374 	 10.278116
   80 	 9.584900 	 10.061561 	 10.290304
   81 	 9.584900 	 10.079232 	 10.290304
   82 	 9.584900 	 10.055950 	 10.290304
   83 	 9.584900 	 10.067720 	 10.290304
   84 	 8.672900 	 10.042349 	 10.290304
   85 	 8.672900 	 10.071126 	 10.290304
   86 	 8.784100 	 10.073953 	 10.290304
   87 	 8.672900 	 10.072846 	 10.290304
   88 	 5.008004 	 9.986229 	 10.290304
   89 	 1.896809 	 9.931812 	 10.290304
   90 	 4.755844 	 9.920737 	 10.290304
   91 	 5.008004 	 10.016450 	 10.290304
   92 	 9.579041 	 10.079501 	 10.290304
   93 	 1.894916 	 9.991235 	 10.290304
   94 	 5.008004 	 10.012507 	 10.290304
   95 	 5.008004 	 10.037905 	 10.290304
   96 	 8.144929 	 10.070669 	 10.290304
   97 	 1.964324 	 9.998296 	 10.290304
   98 	 9.584900 	 10.050932 	 10.290304
   99 	 9.584900 	 10.042900 	 10.290304
 