   0 	 1.000025 	 3.183535 	 9.673025
    1 	 1.004489 	 5.186670 	 9.673025
    2 	 1.214369 	 6.739485 	 10.126441
    3 	 1.270400 	 7.420151 	 10.126441
    4 	 3.550409 	 7.822786 	 9.732025
    5 	 3.550409 	 7.975919 	 10.247681
    6 	 1.364816 	 8.144612 	 10.247681
    7 	 1.246016 	 8.346896 	 10.290304
    8 	 5.708900 	 8.662716 	 10.290304
    9 	 5.708900 	 8.836801 	 10.290304
   10 	 6.253264 	 8.926317 	 10.247681
   11 	 4.659569 	 8.966507 	 10.114361
   12 	 5.309776 	 9.092337 	 10.199089
   13 	 5.309776 	 9.135468 	 10.235521
   14 	 5.309776 	 9.185804 	 10.217296
   15 	 5.305625 	 9.141219 	 10.217296
   16 	 7.335289 	 9.279611 	 10.253764
   17 	 7.517809 	 9.297997 	 10.253764
   18 	 7.517809 	 9.382393 	 10.253764
   19 	 1.620944 	 9.222545 	 10.223369
   20 	 1.795664 	 9.319611 	 10.272025
   21 	 7.615184 	 9.611881 	 10.272025
   22 	 7.848689 	 9.639962 	 10.229444
   23 	 7.848689 	 9.636469 	 10.241600
   24 	 7.848689 	 9.630350 	 10.223369
   25 	 7.848689 	 9.662384 	 10.223369
   26 	 8.193124 	 9.714942 	 10.235521
   27 	 1.850084 	 9.629145 	 10.223369
   28 	 8.193124 	 9.712826 	 10.223369
   29 	 8.800849 	 9.769659 	 10.272025
   30 	 8.907344 	 9.785538 	 10.272025
   31 	 4.674889 	 9.731339 	 10.272025
   32 	 8.912969 	 9.770614 	 10.223369
   33 	 1.790321 	 9.723927 	 10.272025
   34 	 9.549776 	 9.848532 	 10.278116
   35 	 1.021904 	 9.724717 	 10.272025
   36 	 6.904900 	 9.794408 	 10.229444
   37 	 6.900041 	 9.681954 	 10.217296
   38 	 6.900041 	 9.731353 	 10.229444
   39 	 1.972196 	 9.687634 	 10.217296
   40 	 8.198489 	 9.786965 	 10.217296
   41 	 8.198489 	 9.787366 	 10.217296
   42 	 8.198489 	 9.715152 	 10.217296
   43 	 8.198489 	 9.751780 	 10.241600
   44 	 8.198489 	 9.776406 	 10.241600
   45 	 8.193124 	 9.772867 	 10.241600
   46 	 8.193124 	 9.755434 	 10.241600
   47 	 7.360484 	 9.703347 	 10.235521
   48 	 8.193124 	 9.750585 	 10.235521
   49 	 8.193124 	 9.792026 	 10.235521
   50 	 9.625969 	 9.809194 	 10.235521
   51 	 9.625969 	 9.809257 	 10.241600
   52 	 8.540516 	 9.809542 	 10.241600
   53 	 8.540516 	 9.795017 	 10.241600
   54 	 1.919681 	 9.699199 	 10.241600
   55 	 9.625969 	 9.788641 	 10.241600
   56 	 9.625969 	 9.818711 	 10.241600
   57 	 9.625969 	 9.839932 	 10.241600
   58 	 4.674889 	 9.812785 	 10.241600
   59 	 4.678724 	 9.804250 	 10.241600
   60 	 4.678724 	 9.868550 	 10.241600
   61 	 4.678724 	 9.867886 	 10.241600
   62 	 4.678724 	 9.836438 	 10.241600
   63 	 7.230016 	 9.899754 	 10.235521
   64 	 9.625969 	 9.941259 	 10.235521
   65 	 4.928324 	 9.867765 	 10.235521
   66 	 9.625969 	 9.940535 	 10.241600
   67 	 5.056196 	 9.862544 	 10.241600
   68 	 5.044121 	 9.785345 	 10.241600
   69 	 4.912484 	 9.812255 	 10.241600
   70 	 9.625969 	 9.921190 	 10.241600
   71 	 9.450649 	 9.928187 	 10.241600
   72 	 7.220036 	 9.916804 	 10.241600
   73 	 9.625969 	 9.990281 	 10.241600
   74 	 9.625969 	 10.013411 	 10.241600
   75 	 8.739524 	 10.012359 	 10.241600
   76 	 8.739524 	 9.972000 	 10.241600
   77 	 8.722841 	 10.028965 	 10.241600
   78 	 8.722841 	 10.055363 	 10.284209
   79 	 8.722841 	 10.065504 	 10.241600
   80 	 8.722841 	 10.052894 	 10.241600
   81 	 8.722841 	 10.097713 	 10.241600
   82 	 8.568001 	 10.068974 	 10.241600
   83 	 1.980100 	 9.967937 	 10.241600
   84 	 8.546009 	 10.070354 	 10.241600
   85 	 7.365529 	 10.018062 	 10.241600
   86 	 7.066369 	 9.992720 	 10.241600
   87 	 7.071296 	 9.975279 	 10.241600
   88 	 7.071296 	 9.872451 	 10.241600
   89 	 7.071296 	 10.025715 	 10.241600
   90 	 7.370576 	 10.108465 	 10.241600
   91 	 7.365529 	 10.112523 	 10.241600
   92 	 1.984064 	 9.995814 	 10.241600
   93 	 1.984064 	 9.998068 	 10.241600
   94 	 7.200100 	 10.083376 	 10.241600
   95 	 1.917764 	 9.819003 	 10.241600
   96 	 5.056196 	 9.983907 	 10.241600
   97 	 7.200100 	 10.051281 	 10.241600
   98 	 10.012004 	 10.134897 	 10.241600
   99 	 10.012004 	 10.142893 	 10.241600
 