   0 	 1.001849 	 3.131660 	 10.180900
    1 	 1.007396 	 5.167820 	 10.180900
    2 	 1.004096 	 6.667172 	 10.278116
    3 	 1.813604 	 7.956985 	 10.290304
    4 	 1.813604 	 8.500118 	 10.290304
    5 	 4.636649 	 9.186048 	 10.284209
    6 	 5.016016 	 9.527923 	 10.278116
    7 	 5.016016 	 9.547789 	 10.278116
    8 	 8.160976 	 9.799238 	 10.278116
    9 	 4.833764 	 9.781541 	 10.278116
   10 	 1.850084 	 9.743708 	 10.290304
   11 	 8.160976 	 9.833711 	 10.290304
   12 	 8.182400 	 9.821625 	 10.290304
   13 	 8.171684 	 9.829065 	 10.290304
   14 	 8.171684 	 9.856039 	 10.290304
   15 	 7.270016 	 9.770273 	 10.290304
   16 	 7.270016 	 9.825957 	 10.290304
   17 	 1.933156 	 9.699263 	 10.290304
   18 	 7.031936 	 9.778189 	 10.290304
   19 	 7.260004 	 9.874363 	 10.278116
   20 	 7.235009 	 9.826012 	 10.278116
   21 	 8.338681 	 9.903124 	 10.278116
   22 	 5.024036 	 9.834608 	 10.290304
   23 	 1.828100 	 9.790858 	 10.278116
   24 	 8.518564 	 9.979270 	 10.278116
   25 	 8.606564 	 9.983743 	 10.278116
   26 	 8.628644 	 9.984818 	 10.278116
   27 	 8.628644 	 9.958996 	 10.278116
   28 	 1.824464 	 9.835468 	 10.278116
   29 	 1.842724 	 9.862459 	 10.193024
   30 	 8.290000 	 9.873543 	 10.253764
   31 	 8.290000 	 9.873186 	 10.290304
   32 	 8.333264 	 9.902619 	 10.278116
   33 	 8.118224 	 9.889206 	 10.278116
   34 	 8.118224 	 9.968344 	 10.278116
   35 	 8.118224 	 9.936458 	 10.278116
   36 	 8.118224 	 9.964391 	 10.278116
   37 	 8.344100 	 9.940707 	 10.278116
   38 	 7.340324 	 9.967804 	 10.278116
   39 	 1.481636 	 9.905219 	 10.290304
   40 	 7.340324 	 10.008672 	 10.290304
   41 	 8.518564 	 9.992249 	 10.278116
   42 	 8.518564 	 10.008353 	 10.278116
   43 	 8.695076 	 10.015827 	 10.278116
   44 	 8.695076 	 10.036301 	 10.278116
   45 	 7.022116 	 10.058592 	 10.278116
   46 	 7.022116 	 10.056769 	 10.278116
   47 	 7.022116 	 10.053432 	 10.278116
   48 	 7.340324 	 10.063976 	 10.278116
   49 	 5.088484 	 10.005049 	 10.278116
   50 	 7.340324 	 10.092114 	 10.278116
   51 	 9.773444 	 10.120887 	 10.278116
   52 	 5.024036 	 10.024127 	 10.278116
   53 	 9.773444 	 10.115825 	 10.278116
   54 	 9.444836 	 10.115936 	 10.278116
   55 	 9.444836 	 10.112778 	 10.278116
   56 	 7.180196 	 10.099672 	 10.278116
   57 	 1.964324 	 10.001440 	 10.278116
   58 	 7.160324 	 10.083854 	 10.278116
   59 	 7.002500 	 10.046284 	 10.278116
   60 	 7.160324 	 10.076612 	 10.278116
   61 	 9.797156 	 10.107980 	 10.278116
   62 	 8.695076 	 10.109193 	 10.278116
   63 	 9.797156 	 10.137317 	 10.278116
   64 	 9.608356 	 10.140756 	 10.278116
   65 	 9.608356 	 10.131022 	 10.278116
   66 	 9.892324 	 10.131832 	 10.278116
   67 	 9.892324 	 10.161431 	 10.278116
   68 	 9.892324 	 10.157717 	 10.278116
   69 	 9.892324 	 10.165999 	 10.290304
   70 	 9.797156 	 10.147443 	 10.290304
   71 	 8.739524 	 10.138355 	 10.290304
   72 	 4.896676 	 10.069531 	 10.278116
   73 	 1.964324 	 9.939935 	 10.278116
   74 	 7.180196 	 10.083752 	 10.278116
   75 	 7.180196 	 10.095936 	 10.278116
   76 	 7.180196 	 10.104193 	 10.278116
   77 	 8.695076 	 10.149301 	 10.278116
   78 	 8.695076 	 10.139754 	 10.278116
   79 	 9.809024 	 10.150972 	 10.278116
   80 	 8.784100 	 10.123298 	 10.278116
   81 	 9.421604 	 10.116573 	 10.290304
   82 	 9.421604 	 10.108473 	 10.290304
   83 	 9.791225 	 10.116688 	 10.290304
   84 	 9.791225 	 10.106454 	 10.278116
   85 	 9.797156 	 10.095908 	 10.278116
   86 	 8.518564 	 10.059118 	 10.278116
   87 	 9.797156 	 10.061741 	 10.278116
   88 	 7.175225 	 10.020138 	 10.278116
   89 	 9.608356 	 10.037792 	 10.278116
   90 	 9.608356 	 10.044659 	 10.278116
   91 	 9.608356 	 10.059988 	 10.278116
   92 	 4.960100 	 10.014235 	 10.278116
   93 	 8.606564 	 10.027108 	 10.278116
   94 	 8.606564 	 10.027613 	 10.278116
   95 	 9.602489 	 10.037142 	 10.278116
   96 	 9.602489 	 10.048240 	 10.278116
   97 	 9.608356 	 10.074651 	 10.278116
   98 	 9.608356 	 10.087057 	 10.278116
   99 	 9.608356 	 10.081144 	 10.278116
 