   0 	 1.000121 	 3.546713 	 10.060100
    1 	 1.006561 	 5.159336 	 10.060100
    2 	 1.004624 	 6.174916 	 10.060100
    3 	 1.470596 	 7.477511 	 10.272025
    4 	 2.083681 	 7.970555 	 10.084196
    5 	 2.083681 	 8.371013 	 10.084196
    6 	 1.052441 	 8.537633 	 10.090225
    7 	 4.786916 	 8.849657 	 10.090225
    8 	 4.433609 	 8.831395 	 10.090225
    9 	 4.433609 	 9.023165 	 10.290304
   10 	 3.745649 	 8.914280 	 10.290304
   11 	 5.100625 	 9.161594 	 10.290304
   12 	 4.783025 	 9.036958 	 10.272025
   13 	 4.783025 	 9.214408 	 10.012004
   14 	 4.783025 	 9.128555 	 9.958049
   15 	 4.783025 	 9.167575 	 10.036036
   16 	 4.806401 	 9.300503 	 10.205156
   17 	 6.808100 	 9.254139 	 10.048064
   18 	 4.841600 	 9.278899 	 10.096256
   19 	 6.808100 	 9.267710 	 10.036036
   20 	 1.777924 	 9.085705 	 10.036036
   21 	 5.910656 	 9.308156 	 10.036036
   22 	 6.808100 	 9.319088 	 10.042049
   23 	 1.774400 	 9.231715 	 10.036036
   24 	 6.808100 	 9.325291 	 10.024016
   25 	 6.808100 	 9.344756 	 10.024016
   26 	 1.131044 	 9.306278 	 9.898289
   27 	 6.827396 	 9.334735 	 9.880400
   28 	 6.827396 	 9.323624 	 9.904256
   29 	 6.827396 	 9.274090 	 9.904256
   30 	 6.827396 	 9.365642 	 9.904256
   31 	 6.856400 	 9.421812 	 9.904256
   32 	 8.160976 	 9.492076 	 9.904256
   33 	 8.160976 	 9.524615 	 9.868484
   34 	 8.160976 	 9.549977 	 9.868484
   35 	 8.193124 	 9.623439 	 9.880400
   36 	 8.155625 	 9.586717 	 9.868484
   37 	 8.155625 	 9.554038 	 9.880400
   38 	 8.150276 	 9.578865 	 9.874441
   39 	 8.150276 	 9.612735 	 9.874441
   40 	 8.236100 	 9.642636 	 9.880400
   41 	 8.150276 	 9.632491 	 10.018009
   42 	 8.150276 	 9.588956 	 10.006001
   43 	 8.107556 	 9.580532 	 10.006001
   44 	 9.532241 	 9.645395 	 9.832784
   45 	 6.885476 	 9.587390 	 9.832784
   46 	 6.812921 	 9.590240 	 9.868484
   47 	 6.812921 	 9.558019 	 9.868484
   48 	 6.812921 	 9.552649 	 9.868484
   49 	 6.812921 	 9.607332 	 10.012004
   50 	 8.160976 	 9.620718 	 10.012004
   51 	 4.667225 	 9.588551 	 10.054081
   52 	 9.532241 	 9.630329 	 9.832784
   53 	 9.532241 	 9.628878 	 9.868484
   54 	 9.532241 	 9.638951 	 10.018009
   55 	 8.845601 	 9.641249 	 10.024016
   56 	 8.845601 	 9.636081 	 10.024016
   57 	 1.795664 	 9.537295 	 10.060100
   58 	 1.795664 	 9.529845 	 10.018009
   59 	 6.885476 	 9.606354 	 10.018009
   60 	 1.763876 	 9.561215 	 10.018009
   61 	 8.986276 	 9.634374 	 10.018009
   62 	 8.806436 	 9.639635 	 10.018009
   63 	 8.806436 	 9.631570 	 10.072144
   64 	 8.806436 	 9.631785 	 10.012004
   65 	 8.806436 	 9.638471 	 10.108324
   66 	 4.667225 	 9.574474 	 10.066121
   67 	 8.946761 	 9.657869 	 10.066121
   68 	 9.532241 	 9.670239 	 10.066121
   69 	 9.532241 	 9.636336 	 10.072144
   70 	 9.532241 	 9.623984 	 10.018009
   71 	 9.532241 	 9.628774 	 10.018009
   72 	 6.808100 	 9.587406 	 10.024016
   73 	 8.107556 	 9.604253 	 10.024016
   74 	 1.781456 	 9.498966 	 10.072144
   75 	 4.697929 	 9.565104 	 10.072144
   76 	 8.862416 	 9.615505 	 10.072144
   77 	 8.862416 	 9.631325 	 10.072144
   78 	 9.532241 	 9.651460 	 10.072144
   79 	 9.532241 	 9.655162 	 10.072144
   80 	 1.810000 	 9.583821 	 10.072144
   81 	 1.795664 	 9.583028 	 10.072144
   82 	 1.767376 	 9.591825 	 10.072144
   83 	 9.538084 	 9.664408 	 10.072144
   84 	 9.532241 	 9.634128 	 10.072144
   85 	 9.532241 	 9.638808 	 10.072144
   86 	 4.701776 	 9.589486 	 10.072144
   87 	 4.632836 	 9.562239 	 10.072144
   88 	 9.538084 	 9.664530 	 10.072144
   89 	 9.532241 	 9.653965 	 10.072144
   90 	 8.595536 	 9.635008 	 10.072144
   91 	 9.538084 	 9.668728 	 10.072144
   92 	 9.532241 	 9.681811 	 10.072144
   93 	 9.532241 	 9.669577 	 10.072144
   94 	 8.102225 	 9.660936 	 10.072144
   95 	 8.102225 	 9.657953 	 10.265936
   96 	 8.150276 	 9.689175 	 10.265936
   97 	 1.929296 	 9.614082 	 10.265936
   98 	 8.806436 	 9.701472 	 10.072144
   99 	 6.808100 	 9.676322 	 10.072144
 