   0 	 1.001764 	 4.002424 	 10.138529
    1 	 1.050625 	 5.610298 	 10.048064
    2 	 1.006889 	 6.870224 	 10.162729
    3 	 2.962801 	 7.708058 	 10.168784
    4 	 3.119936 	 8.239685 	 10.168784
    5 	 3.569609 	 8.666143 	 10.186961
    6 	 5.227136 	 9.116745 	 10.290304
    7 	 5.359744 	 9.302816 	 10.265936
    8 	 5.359744 	 9.384832 	 10.241600
    9 	 6.929225 	 9.454823 	 10.241600
   10 	 3.604996 	 9.455463 	 10.223369
   11 	 7.220036 	 9.610851 	 10.223369
   12 	 6.851561 	 9.641904 	 10.259849
   13 	 8.209225 	 9.695394 	 10.235521
   14 	 6.851561 	 9.757873 	 10.223369
   15 	 6.837056 	 9.803380 	 10.259849
   16 	 9.196769 	 9.899942 	 10.265936
   17 	 9.196769 	 9.902950 	 10.265936
   18 	 9.196769 	 9.918909 	 10.265936
   19 	 1.808201 	 9.694048 	 10.265936
   20 	 8.733961 	 9.897870 	 10.259849
   21 	 8.733961 	 9.876417 	 10.284209
   22 	 8.733961 	 9.938992 	 10.284209
   23 	 6.948721 	 9.856674 	 10.284209
   24 	 8.392961 	 9.842748 	 10.284209
   25 	 8.219969 	 9.938290 	 10.284209
   26 	 9.549776 	 9.980802 	 10.284209
   27 	 9.543929 	 9.986907 	 10.265936
   28 	 9.567329 	 10.011965 	 10.265936
   29 	 5.060225 	 10.012295 	 10.259849
   30 	 5.060225 	 10.015213 	 10.290304
   31 	 9.543929 	 10.103018 	 10.284209
   32 	 9.567329 	 10.089441 	 10.284209
   33 	 9.661249 	 10.109735 	 10.284209
   34 	 9.684809 	 10.116738 	 10.265936
   35 	 9.743849 	 10.124089 	 10.259849
   36 	 9.743849 	 10.107363 	 10.259849
   37 	 9.743849 	 10.101938 	 10.265936
   38 	 1.966289 	 10.022482 	 10.265936
   39 	 9.242641 	 10.082810 	 10.265936
   40 	 7.375625 	 10.059902 	 10.284209
   41 	 7.135529 	 10.037919 	 10.290304
   42 	 7.335289 	 10.051257 	 10.290304
   43 	 5.012009 	 9.971705 	 10.290304
   44 	 7.405961 	 10.059412 	 10.284209
   45 	 7.405961 	 10.048507 	 10.284209
   46 	 7.375625 	 9.972725 	 10.290304
   47 	 7.265009 	 9.955571 	 10.284209
   48 	 4.996001 	 9.874613 	 10.284209
   49 	 4.996001 	 9.872907 	 10.284209
   50 	 4.869089 	 9.834497 	 10.284209
   51 	 4.869089 	 9.829210 	 10.284209
   52 	 4.932289 	 9.826554 	 10.241600
   53 	 4.932289 	 9.739341 	 10.241600
   54 	 4.932289 	 9.788308 	 10.235521
   55 	 7.215049 	 9.952985 	 10.235521
   56 	 1.908209 	 9.904791 	 10.235521
   57 	 1.919681 	 9.926756 	 10.235521
   58 	 9.173881 	 10.010778 	 10.284209
   59 	 9.922169 	 10.022503 	 10.241600
   60 	 9.922169 	 10.012803 	 10.235521
   61 	 4.869089 	 9.947356 	 10.235521
   62 	 4.869089 	 9.947433 	 10.235521
   63 	 9.910225 	 10.005189 	 10.235521
   64 	 9.910225 	 9.994565 	 10.235521
   65 	 4.861225 	 9.939753 	 10.235521
   66 	 4.861225 	 9.941639 	 10.235521
   67 	 4.845521 	 9.928104 	 10.235521
   68 	 9.294400 	 9.974579 	 10.235521
   69 	 9.202496 	 9.962883 	 10.235521
   70 	 9.196769 	 9.955169 	 10.235521
   71 	 9.196769 	 9.964446 	 10.235521
   72 	 9.196769 	 9.996776 	 10.235521
   73 	 9.196769 	 10.004434 	 10.138529
   74 	 9.196769 	 9.991183 	 10.186961
   75 	 7.285049 	 9.963285 	 10.186961
   76 	 9.381025 	 10.007203 	 10.186961
   77 	 1.946729 	 9.926718 	 10.186961
   78 	 8.469289 	 9.993875 	 10.186961
   79 	 9.369449 	 9.994577 	 10.223369
   80 	 9.357881 	 10.002030 	 10.186961
   81 	 8.480225 	 9.958671 	 10.186961
   82 	 9.910225 	 9.999629 	 10.186961
   83 	 7.145441 	 9.963457 	 10.138529
   84 	 9.910225 	 9.988326 	 10.138529
   85 	 9.910225 	 9.985919 	 10.186961
   86 	 9.910225 	 9.993870 	 10.186961
   87 	 9.910225 	 9.997361 	 10.186961
   88 	 9.910225 	 9.986789 	 10.138529
   89 	 9.910225 	 9.994483 	 10.138529
   90 	 9.910225 	 9.987393 	 10.138529
   91 	 9.910225 	 10.005889 	 10.186961
   92 	 4.861225 	 9.952258 	 10.186961
   93 	 7.225025 	 9.974587 	 10.186961
   94 	 7.115729 	 9.948114 	 10.235521
   95 	 9.910225 	 9.998646 	 10.186961
   96 	 9.910225 	 9.995523 	 10.186961
   97 	 1.885481 	 9.908074 	 10.186961
   98 	 9.910225 	 9.981830 	 10.186961
   99 	 9.910225 	 9.987577 	 10.174841
 