   0 	 1.003025 	 3.671320 	 10.132484
    1 	 1.002116 	 6.174094 	 10.132484
    2 	 1.003600 	 7.456609 	 10.138529
    3 	 1.535824 	 8.087820 	 10.138529
    4 	 2.550025 	 8.728165 	 10.247681
    5 	 2.550025 	 8.880361 	 10.247681
    6 	 6.793649 	 9.262092 	 10.247681
    7 	 6.793649 	 9.394554 	 10.247681
    8 	 7.548481 	 9.417642 	 10.259849
    9 	 7.548481 	 9.482705 	 10.205156
   10 	 7.548481 	 9.540244 	 10.211225
   11 	 7.548481 	 9.539172 	 10.284209
   12 	 7.548481 	 9.622670 	 10.284209
   13 	 7.853924 	 9.688527 	 10.284209
   14 	 7.848689 	 9.729340 	 10.284209
   15 	 7.859161 	 9.676299 	 10.290304
   16 	 7.943225 	 9.754278 	 10.290304
   17 	 7.943225 	 9.792297 	 10.290304
   18 	 7.943225 	 9.836318 	 10.290304
   19 	 9.162449 	 9.895407 	 10.290304
   20 	 9.162449 	 9.925214 	 10.290304
   21 	 9.162449 	 9.936278 	 10.272025
   22 	 8.980625 	 9.966893 	 10.272025
   23 	 8.980625 	 9.965572 	 10.272025
   24 	 8.980625 	 9.995090 	 10.272025
   25 	 7.365529 	 9.980193 	 10.272025
   26 	 8.485696 	 9.977838 	 10.272025
   27 	 1.970225 	 9.841210 	 10.290304
   28 	 1.970225 	 9.862203 	 10.290304
   29 	 7.285049 	 9.952177 	 10.290304
   30 	 8.447441 	 9.998581 	 10.290304
   31 	 8.447441 	 10.001166 	 10.290304
   32 	 1.877969 	 9.912195 	 10.290304
   33 	 1.970225 	 9.912809 	 10.290304
   34 	 7.255001 	 9.940315 	 10.272025
   35 	 8.469289 	 9.968990 	 10.272025
   36 	 8.733961 	 10.002265 	 10.272025
   37 	 4.956121 	 9.877799 	 10.284209
   38 	 4.956121 	 9.875817 	 10.272025
   39 	 4.900625 	 9.901792 	 10.272025
   40 	 8.524049 	 9.950266 	 10.284209
   41 	 7.027025 	 9.989489 	 10.284209
   42 	 7.081156 	 10.005031 	 10.272025
   43 	 7.081156 	 9.999025 	 10.272025
   44 	 7.081156 	 9.942465 	 10.265936
   45 	 7.076225 	 9.976055 	 10.265936
   46 	 8.845601 	 10.086442 	 10.253764
   47 	 8.845601 	 10.093182 	 10.265936
   48 	 8.845601 	 10.050126 	 10.265936
   49 	 1.972196 	 9.976273 	 10.265936
   50 	 8.845601 	 10.047918 	 10.265936
   51 	 5.004001 	 10.039208 	 10.265936
   52 	 1.870489 	 10.062777 	 10.284209
   53 	 8.800849 	 10.113853 	 10.272025
   54 	 8.800849 	 10.156849 	 10.265936
   55 	 1.954529 	 10.071633 	 10.265936
   56 	 1.954529 	 10.083856 	 10.265936
   57 	 8.756225 	 10.168794 	 10.265936
   58 	 8.756225 	 10.173343 	 10.259849
   59 	 7.360484 	 10.122148 	 10.265936
   60 	 7.335289 	 10.133227 	 10.259849
   61 	 7.280036 	 10.093892 	 10.259849
   62 	 7.280036 	 10.103279 	 10.265936
   63 	 6.062500 	 10.095770 	 10.259849
   64 	 9.346321 	 10.174861 	 10.265936
   65 	 9.346321 	 10.164165 	 10.265936
   66 	 9.346321 	 10.167274 	 10.265936
   67 	 9.346321 	 10.163942 	 10.253764
   68 	 5.048144 	 10.116044 	 10.253764
   69 	 9.357881 	 10.148623 	 10.265936
   70 	 9.346321 	 10.153911 	 10.265936
   71 	 1.938961 	 10.045012 	 10.265936
   72 	 7.275025 	 10.060776 	 10.265936
   73 	 7.275025 	 10.046410 	 10.259849
   74 	 7.275025 	 10.001896 	 10.265936
   75 	 5.044121 	 9.963799 	 10.247681
   76 	 4.972049 	 9.971845 	 10.247681
   77 	 6.130225 	 9.995869 	 10.247681
   78 	 8.667361 	 10.079137 	 10.247681
   79 	 1.938961 	 9.990454 	 10.272025
   80 	 8.711729 	 10.107407 	 10.272025
   81 	 8.717284 	 10.143984 	 10.272025
   82 	 9.346321 	 10.148399 	 10.272025
   83 	 5.068289 	 10.056991 	 10.272025
   84 	 5.040100 	 10.050504 	 10.272025
   85 	 8.711729 	 10.132564 	 10.272025
   86 	 8.711729 	 10.107636 	 10.272025
   87 	 8.711729 	 10.109855 	 10.284209
   88 	 5.036081 	 10.079666 	 10.272025
   89 	 5.048144 	 10.054407 	 10.272025
   90 	 1.986049 	 9.994622 	 10.272025
   91 	 8.447441 	 10.097189 	 10.272025
   92 	 8.447441 	 10.062964 	 10.272025
   93 	 1.954529 	 10.020593 	 10.272025
   94 	 9.910225 	 10.116367 	 10.278116
   95 	 1.986049 	 10.044244 	 10.272025
   96 	 1.970225 	 10.060383 	 10.272025
   97 	 9.910225 	 10.149289 	 10.272025
   98 	 9.910225 	 10.143905 	 10.253764
   99 	 8.059649 	 10.136685 	 10.253764
 