   0 	 1.000225 	 3.389545 	 10.144576
    1 	 1.000225 	 5.453610 	 10.265936
    2 	 1.184041 	 7.349038 	 10.265936
    3 	 1.188356 	 7.934191 	 10.265936
    4 	 1.188356 	 8.427070 	 10.265936
    5 	 4.610000 	 8.768329 	 10.265936
    6 	 4.610000 	 8.817197 	 10.265936
    7 	 3.982529 	 8.921542 	 10.265936
    8 	 5.032064 	 8.941499 	 10.241600
    9 	 6.253264 	 9.213005 	 10.241600
   10 	 6.822569 	 9.422130 	 10.265936
   11 	 6.909761 	 9.704233 	 10.290304
   12 	 7.345361 	 9.758919 	 10.290304
   13 	 1.942841 	 9.618146 	 10.265936
   14 	 1.801025 	 9.657370 	 10.265936
   15 	 4.655744 	 9.713409 	 10.290304
   16 	 7.599761 	 9.796470 	 10.284209
   17 	 7.604900 	 9.865854 	 10.265936
   18 	 7.615184 	 9.877557 	 10.265936
   19 	 7.615184 	 9.831849 	 10.265936
   20 	 7.656400 	 9.935761 	 10.265936
   21 	 7.656400 	 9.954826 	 10.265936
   22 	 7.780816 	 10.025288 	 10.265936
   23 	 8.997584 	 10.053589 	 10.265936
   24 	 8.997584 	 10.085009 	 10.265936
   25 	 8.997584 	 10.119711 	 10.284209
   26 	 8.656289 	 10.015899 	 10.290304
   27 	 8.656289 	 10.012235 	 10.290304
   28 	 1.980100 	 9.930671 	 10.290304
   29 	 8.750656 	 10.001496 	 10.265936
   30 	 1.978121 	 9.942312 	 10.265936
   31 	 1.978121 	 9.959507 	 10.265936
   32 	 1.992016 	 10.010971 	 10.265936
   33 	 1.992016 	 9.984123 	 10.290304
   34 	 9.020224 	 10.114984 	 10.290304
   35 	 9.020224 	 10.107644 	 10.290304
   36 	 9.020224 	 10.102733 	 10.290304
   37 	 9.088336 	 10.070928 	 10.290304
   38 	 7.295081 	 9.999524 	 10.290304
   39 	 7.295081 	 10.058184 	 10.290304
   40 	 9.105409 	 10.097818 	 10.290304
   41 	 1.946729 	 10.049123 	 10.265936
   42 	 9.105409 	 10.136740 	 10.265936
   43 	 5.048144 	 10.092893 	 10.265936
   44 	 9.386816 	 10.153127 	 10.265936
   45 	 9.761600 	 10.165372 	 10.265936
   46 	 9.761600 	 10.159661 	 10.265936
   47 	 1.952576 	 10.085337 	 10.265936
   48 	 9.809024 	 10.163552 	 10.290304
   49 	 9.761600 	 10.174166 	 10.265936
   50 	 9.761600 	 10.172223 	 10.265936
   51 	 5.048144 	 10.118701 	 10.265936
   52 	 5.000000 	 10.097155 	 10.265936
   53 	 9.761600 	 10.150899 	 10.241600
   54 	 9.761600 	 10.141601 	 10.241600
   55 	 9.761600 	 10.135459 	 10.241600
   56 	 9.761600 	 10.112081 	 10.241600
   57 	 9.743849 	 10.126825 	 10.241600
   58 	 9.743849 	 10.123674 	 10.241600
   59 	 5.064256 	 10.059530 	 10.241600
   60 	 9.720209 	 10.083642 	 10.241600
   61 	 9.720209 	 10.106352 	 10.241600
   62 	 9.720209 	 10.110566 	 10.241600
   63 	 9.720209 	 10.102119 	 10.241600
   64 	 9.743849 	 10.116767 	 10.241600
   65 	 9.743849 	 10.123671 	 10.272025
   66 	 9.743849 	 10.133670 	 10.290304
   67 	 9.743849 	 10.136512 	 10.290304
   68 	 7.310144 	 10.084644 	 10.290304
   69 	 7.390784 	 10.126575 	 10.290304
   70 	 7.390784 	 10.127500 	 10.290304
   71 	 7.390784 	 10.110894 	 10.290304
   72 	 8.750656 	 10.119270 	 10.290304
   73 	 8.750656 	 10.120821 	 10.290304
   74 	 9.761600 	 10.157926 	 10.290304
   75 	 7.390784 	 10.121672 	 10.290304
   76 	 8.661824 	 10.130028 	 10.241600
   77 	 8.661824 	 10.143676 	 10.241600
   78 	 9.761600 	 10.161363 	 10.241600
   79 	 10.144576 	 10.165191 	 10.241600
   80 	 10.138529 	 10.168892 	 10.241600
   81 	 9.952064 	 10.169029 	 10.241600
   82 	 7.310144 	 10.136804 	 10.290304
   83 	 7.310144 	 10.130133 	 10.241600
   84 	 7.310144 	 10.098259 	 10.241600
   85 	 7.310144 	 10.074929 	 10.241600
   86 	 7.310144 	 10.114211 	 10.241600
   87 	 9.761600 	 10.143718 	 10.241600
   88 	 1.952576 	 10.063749 	 10.241600
   89 	 1.952576 	 10.059556 	 10.241600
   90 	 1.950625 	 10.063125 	 10.241600
   91 	 7.310144 	 10.115934 	 10.241600
   92 	 7.305121 	 10.112806 	 10.193024
   93 	 5.000000 	 10.032664 	 10.193024
   94 	 7.290064 	 10.023642 	 10.193024
   95 	 7.305121 	 10.016497 	 10.193024
   96 	 7.305121 	 10.034179 	 10.193024
   97 	 1.952576 	 9.916546 	 10.193024
   98 	 7.305121 	 10.036115 	 10.193024
   99 	 7.305121 	 10.028204 	 10.193024
 