   0 	 1.000196 	 3.613681 	 10.229444
    1 	 1.001849 	 6.225332 	 10.229444
    2 	 1.001849 	 7.582877 	 10.247681
    3 	 1.003364 	 8.444625 	 10.229444
    4 	 1.589824 	 9.002795 	 10.229444
    5 	 5.235364 	 9.312512 	 10.229444
    6 	 6.861241 	 9.569347 	 10.229444
    7 	 7.036849 	 9.543111 	 10.253764
    8 	 6.866084 	 9.703347 	 10.229444
    9 	 1.582169 	 9.564102 	 10.241600
   10 	 6.866084 	 9.647817 	 10.278116
   11 	 6.982916 	 9.653318 	 10.259849
   12 	 6.982916 	 9.678947 	 10.259849
   13 	 8.022500 	 9.824871 	 10.259849
   14 	 8.518564 	 9.960220 	 10.259849
   15 	 9.031556 	 9.989159 	 10.290304
   16 	 9.031556 	 9.972787 	 10.284209
   17 	 9.031556 	 9.965042 	 10.290304
   18 	 9.031556 	 9.949954 	 10.290304
   19 	 4.884841 	 9.911808 	 10.290304
   20 	 7.365529 	 10.013409 	 10.290304
   21 	 7.365529 	 10.004353 	 10.259849
   22 	 7.365529 	 10.026041 	 10.259849
   23 	 7.365529 	 9.985087 	 10.259849
   24 	 5.024036 	 9.936387 	 10.229444
   25 	 5.024036 	 9.962872 	 10.211225
   26 	 5.024036 	 9.973922 	 10.193024
   27 	 1.879844 	 9.934794 	 10.211225
   28 	 1.879844 	 9.938036 	 10.211225
   29 	 9.620096 	 10.074934 	 10.290304
   30 	 9.596624 	 10.068425 	 10.241600
   31 	 9.590761 	 10.057274 	 10.241600
   32 	 9.561476 	 10.043750 	 10.241600
   33 	 8.706176 	 10.035328 	 10.241600
   34 	 9.561476 	 10.023307 	 10.259849
   35 	 5.024036 	 9.949625 	 10.193024
   36 	 5.024036 	 9.914002 	 10.193024
   37 	 5.024036 	 9.992134 	 10.193024
   38 	 9.433216 	 10.036162 	 10.259849
   39 	 7.125625 	 9.975213 	 10.193024
   40 	 8.529536 	 9.992298 	 10.193024
   41 	 9.340544 	 10.022394 	 10.265936
   42 	 1.923521 	 9.915353 	 10.265936
   43 	 7.210064 	 9.952892 	 10.290304
   44 	 7.190144 	 10.004363 	 10.290304
   45 	 7.190144 	 10.006675 	 10.290304
   46 	 8.463824 	 10.030692 	 10.290304
   47 	 8.463824 	 10.039060 	 10.278116
   48 	 7.230016 	 10.039593 	 10.278116
   49 	 7.230016 	 10.001421 	 10.278116
   50 	 7.290064 	 10.033096 	 10.278116
   51 	 9.573184 	 10.058643 	 10.278116
   52 	 9.620096 	 10.078398 	 10.278116
   53 	 9.620096 	 10.076531 	 10.278116
   54 	 9.643600 	 10.071169 	 10.278116
   55 	 9.573184 	 10.094508 	 10.290304
   56 	 9.363664 	 10.078578 	 10.290304
   57 	 9.179600 	 10.082054 	 10.290304
   58 	 9.549776 	 10.090340 	 10.284209
   59 	 9.549776 	 10.084357 	 10.284209
   60 	 1.906304 	 10.035934 	 10.290304
   61 	 9.928144 	 10.135734 	 10.290304
   62 	 1.952576 	 10.065603 	 10.290304
   63 	 9.928144 	 10.150916 	 10.290304
   64 	 9.928144 	 10.148254 	 10.290304
   65 	 9.761600 	 10.147878 	 10.290304
   66 	 9.928144 	 10.170152 	 10.290304
   67 	 8.750656 	 10.160579 	 10.290304
   68 	 5.028049 	 10.116952 	 10.290304
   69 	 9.928144 	 10.166420 	 10.290304
   70 	 9.928144 	 10.172115 	 10.284209
   71 	 9.928144 	 10.173790 	 10.290304
   72 	 9.928144 	 10.170673 	 10.290304
   73 	 9.928144 	 10.161914 	 10.290304
   74 	 9.928144 	 10.148025 	 10.290304
   75 	 9.928144 	 10.158101 	 10.290304
   76 	 7.330256 	 10.120768 	 10.290304
   77 	 5.032064 	 9.999922 	 10.290304
   78 	 5.032064 	 9.925256 	 10.290304
   79 	 7.310144 	 10.027540 	 10.290304
   80 	 4.888784 	 9.960100 	 10.290304
   81 	 4.888784 	 9.986177 	 10.241600
   82 	 7.350400 	 10.087608 	 10.241600
   83 	 7.350400 	 10.076205 	 10.241600
   84 	 9.456464 	 10.102274 	 10.241600
   85 	 9.456464 	 10.116120 	 10.241600
   86 	 9.410000 	 10.102749 	 10.241600
   87 	 8.463824 	 10.078576 	 10.241600
   88 	 9.928144 	 10.095090 	 10.241600
   89 	 8.639696 	 10.092973 	 10.241600
   90 	 8.639696 	 10.070373 	 10.241600
   91 	 8.639696 	 10.049750 	 10.241600
   92 	 4.873024 	 10.037472 	 10.241600
   93 	 4.984016 	 10.040037 	 10.241600
   94 	 4.984016 	 10.010557 	 10.265936
   95 	 4.984016 	 10.071948 	 10.265936
   96 	 4.984016 	 10.061398 	 10.265936
   97 	 5.064256 	 10.066417 	 10.265936
   98 	 9.928144 	 10.119383 	 10.265936
   99 	 8.463824 	 10.093340 	 10.265936
 