   0 	 1.001600 	 3.007463 	 10.205156
    1 	 1.000900 	 4.928420 	 10.211225
    2 	 1.002809 	 6.598586 	 10.290304
    3 	 1.007921 	 7.264733 	 10.290304
    4 	 2.695204 	 7.943086 	 10.290304
    5 	 1.034596 	 8.395943 	 10.278116
    6 	 1.534361 	 8.663089 	 10.290304
    7 	 4.771364 	 8.861947 	 10.284209
    8 	 4.771364 	 8.984467 	 10.278116
    9 	 1.755161 	 8.798393 	 10.278116
   10 	 4.740356 	 9.159645 	 10.278116
   11 	 4.740356 	 9.186209 	 10.272025
   12 	 4.225616 	 9.029781 	 10.278116
   13 	 4.204100 	 9.100673 	 10.253764
   14 	 1.956484 	 9.062926 	 10.253764
   15 	 1.641601 	 9.127865 	 10.278116
   16 	 1.643204 	 9.230636 	 10.278116
   17 	 4.214849 	 9.283824 	 10.278116
   18 	 5.072324 	 9.292424 	 10.290304
   19 	 1.727609 	 9.228682 	 10.290304
   20 	 1.695556 	 9.195689 	 10.278116
   21 	 1.729316 	 9.333079 	 10.290304
   22 	 3.893401 	 9.657056 	 10.290304
   23 	 1.938961 	 9.568831 	 10.290304
   24 	 1.870489 	 9.724884 	 10.290304
   25 	 4.841600 	 9.672154 	 10.290304
   26 	 1.853776 	 9.275174 	 10.290304
   27 	 1.833569 	 9.109686 	 10.278116
   28 	 1.776161 	 9.030640 	 10.278116
   29 	 4.553225 	 9.456233 	 10.278116
   30 	 4.478225 	 9.519520 	 10.278116
   31 	 1.364816 	 9.622411 	 10.278116
   32 	 1.715716 	 9.505535 	 10.284209
   33 	 1.802816 	 9.530341 	 10.284209
   34 	 3.673225 	 9.648794 	 10.284209
   35 	 7.215049 	 9.745429 	 10.278116
   36 	 3.996361 	 9.713245 	 10.290304
   37 	 4.980025 	 9.802054 	 10.290304
   38 	 1.887364 	 9.367252 	 10.290304
   39 	 4.545689 	 9.631292 	 10.265936
   40 	 1.984064 	 9.518143 	 10.290304
   41 	 1.938961 	 9.412896 	 10.290304
   42 	 1.739600 	 9.254966 	 10.290304
   43 	 1.744769 	 9.306926 	 10.290304
   44 	 1.887364 	 9.408458 	 10.290304
   45 	 1.444889 	 9.423253 	 10.284209
   46 	 1.534361 	 9.500390 	 10.284209
   47 	 1.739600 	 9.454493 	 10.284209
   48 	 1.227529 	 9.549668 	 10.290304
   49 	 4.936256 	 9.748181 	 10.290304
   50 	 1.942841 	 9.603715 	 10.290304
   51 	 1.404496 	 9.345429 	 10.290304
   52 	 1.174724 	 9.385331 	 10.290304
   53 	 1.990025 	 9.629808 	 10.290304
   54 	 1.857476 	 9.582420 	 10.290304
   55 	 1.160000 	 9.578201 	 10.290304
   56 	 1.990025 	 9.625176 	 10.290304
   57 	 1.751689 	 9.354518 	 10.290304
   58 	 1.980100 	 9.547177 	 10.290304
   59 	 1.717409 	 9.549619 	 10.290304
   60 	 1.998001 	 9.469905 	 10.290304
   61 	 4.261636 	 9.520038 	 10.290304
   62 	 3.155024 	 9.499203 	 10.290304
   63 	 1.211600 	 9.361633 	 10.290304
   64 	 1.506944 	 9.538491 	 10.290304
   65 	 5.096576 	 9.858626 	 10.290304
   66 	 7.734025 	 10.020716 	 10.290304
   67 	 1.900601 	 9.774810 	 10.290304
   68 	 5.084441 	 9.753840 	 10.290304
   69 	 2.000000 	 9.621418 	 10.290304
   70 	 1.710649 	 9.680269 	 10.290304
   71 	 4.833764 	 9.787020 	 10.290304
   72 	 1.783225 	 9.527431 	 10.290304
   73 	 4.992004 	 9.706787 	 10.290304
   74 	 1.915849 	 9.289763 	 10.290304
   75 	 1.990025 	 9.559066 	 10.290304
   76 	 1.549081 	 9.358275 	 10.290304
   77 	 1.574564 	 9.456090 	 10.290304
   78 	 1.876096 	 9.536656 	 10.290304
   79 	 1.998001 	 9.656932 	 10.290304
   80 	 7.031936 	 9.866304 	 10.290304
   81 	 6.419584 	 9.865335 	 10.290304
   82 	 4.504384 	 9.596874 	 10.290304
   83 	 4.932289 	 9.802939 	 10.290304
   84 	 5.084441 	 9.733952 	 10.290304
   85 	 1.398161 	 9.528953 	 10.290304
   86 	 1.994009 	 9.808703 	 10.290304
   87 	 5.060225 	 9.919576 	 10.284209
   88 	 1.223729 	 9.831048 	 10.290304
   89 	 1.223729 	 9.693859 	 10.290304
   90 	 4.837681 	 9.636469 	 10.290304
   91 	 4.837681 	 9.546999 	 10.290304
   92 	 1.031329 	 9.561448 	 10.290304
   93 	 1.952576 	 9.491346 	 10.290304
   94 	 4.829849 	 9.575940 	 10.290304
   95 	 1.374544 	 9.426486 	 10.290304
   96 	 4.591025 	 9.625590 	 10.290304
   97 	 4.069504 	 9.645917 	 10.290304
   98 	 1.755161 	 9.534611 	 10.290304
   99 	 7.076225 	 9.799116 	 10.290304
 