   0 	 1.000064 	 3.509802 	 10.272025
    1 	 1.000256 	 5.593535 	 10.272025
    2 	 1.005184 	 6.793046 	 10.199089
    3 	 1.367236 	 7.900762 	 10.247681
    4 	 1.399424 	 8.047744 	 10.235521
    5 	 1.226576 	 8.228283 	 10.259849
    6 	 1.300304 	 8.304363 	 10.259849
    7 	 1.418609 	 8.418792 	 10.265936
    8 	 1.376996 	 8.340665 	 10.284209
    9 	 1.136161 	 8.470959 	 10.284209
   10 	 1.314721 	 8.583160 	 10.284209
   11 	 5.052169 	 8.917281 	 10.290304
   12 	 1.815409 	 8.952236 	 10.290304
   13 	 1.543169 	 9.119271 	 10.290304
   14 	 4.701776 	 9.216112 	 10.290304
   15 	 3.073600 	 9.249777 	 10.290304
   16 	 7.110784 	 9.449290 	 10.284209
   17 	 7.330256 	 9.481805 	 10.284209
   18 	 1.712336 	 9.289794 	 10.284209
   19 	 5.092529 	 9.406388 	 10.284209
   20 	 1.693889 	 9.226467 	 10.284209
   21 	 4.686400 	 9.364539 	 10.272025
   22 	 4.686400 	 9.152431 	 10.272025
   23 	 1.732736 	 9.107203 	 10.284209
   24 	 4.478225 	 9.127569 	 10.290304
   25 	 3.676496 	 9.396290 	 10.284209
   26 	 1.509796 	 9.193680 	 10.265936
   27 	 1.330625 	 9.196908 	 10.265936
   28 	 1.331776 	 9.246427 	 10.284209
   29 	 1.570025 	 9.218745 	 10.284209
   30 	 1.532900 	 9.325092 	 10.284209
   31 	 1.712336 	 9.412754 	 10.278116
   32 	 1.946729 	 9.414453 	 10.272025
   33 	 1.700569 	 9.440671 	 10.284209
   34 	 4.359889 	 9.312020 	 10.284209
   35 	 1.797449 	 9.203997 	 10.284209
   36 	 1.792100 	 9.229999 	 10.284209
   37 	 1.792100 	 9.139042 	 10.284209
   38 	 4.415104 	 9.428478 	 10.284209
   39 	 4.006756 	 9.328192 	 10.290304
   40 	 1.547600 	 9.112375 	 10.290304
   41 	 4.125824 	 9.279159 	 10.290304
   42 	 1.998001 	 9.042019 	 10.290304
   43 	 1.797449 	 9.063347 	 10.290304
   44 	 3.996361 	 9.266673 	 10.290304
   45 	 1.404496 	 9.109933 	 10.290304
   46 	 4.701776 	 9.414934 	 10.290304
   47 	 1.804609 	 9.223672 	 10.290304
   48 	 1.784996 	 9.263351 	 10.290304
   49 	 1.815409 	 9.304339 	 10.290304
   50 	 4.326976 	 9.276935 	 10.290304
   51 	 1.050176 	 9.525874 	 10.290304
   52 	 5.000000 	 9.482219 	 10.290304
   53 	 4.682561 	 9.346649 	 10.290304
   54 	 1.797449 	 9.187273 	 10.290304
   55 	 1.815409 	 9.220362 	 10.193024
   56 	 1.591361 	 9.175306 	 10.193024
   57 	 1.099856 	 9.350513 	 10.290304
   58 	 1.099856 	 9.473630 	 10.290304
   59 	 1.019600 	 9.302828 	 10.290304
   60 	 5.048144 	 9.685786 	 10.290304
   61 	 8.322436 	 9.732244 	 10.290304
   62 	 1.831744 	 9.571338 	 10.278116
   63 	 4.853369 	 9.615839 	 10.290304
   64 	 1.470596 	 9.453962 	 10.290304
   65 	 4.880900 	 9.577760 	 10.290304
   66 	 3.621161 	 9.503492 	 10.278116
   67 	 4.884841 	 9.591552 	 10.265936
   68 	 1.799236 	 9.494741 	 10.278116
   69 	 1.193600 	 9.476348 	 10.278116
   70 	 1.898704 	 9.483171 	 10.265936
   71 	 1.842724 	 9.286664 	 10.265936
   72 	 1.929296 	 9.495414 	 10.278116
   73 	 5.822416 	 9.580284 	 10.278116
   74 	 4.920400 	 9.495370 	 10.168784
   75 	 1.853776 	 9.231893 	 10.259849
   76 	 1.005184 	 9.186519 	 10.217296
   77 	 1.767376 	 9.253321 	 10.193024
   78 	 1.193600 	 9.469148 	 10.193024
   79 	 1.389376 	 9.497875 	 10.193024
   80 	 6.207524 	 9.676523 	 10.290304
   81 	 1.879844 	 9.366843 	 10.278116
   82 	 4.444736 	 9.321040 	 10.265936
   83 	 1.929296 	 9.273226 	 10.265936
   84 	 1.891136 	 9.423490 	 10.265936
   85 	 1.498436 	 9.158772 	 10.265936
   86 	 1.898704 	 9.563669 	 10.265936
   87 	 3.972176 	 9.558180 	 10.290304
   88 	 1.777924 	 9.152201 	 10.290304
   89 	 1.010816 	 9.135747 	 10.290304
   90 	 1.011881 	 9.260439 	 10.290304
   91 	 1.518400 	 9.592494 	 10.265936
   92 	 1.708964 	 9.466639 	 10.272025
   93 	 1.879844 	 9.385705 	 10.259849
   94 	 1.940900 	 9.534408 	 10.290304
   95 	 1.665856 	 9.453159 	 10.290304
   96 	 1.660969 	 9.591874 	 10.272025
   97 	 1.029584 	 9.195795 	 10.259849
   98 	 4.908529 	 9.668616 	 10.265936
   99 	 1.919681 	 9.612654 	 10.265936
 