   0 	 1.000256 	 3.198966 	 10.060100
    1 	 1.007921 	 5.598927 	 10.259849
    2 	 1.261121 	 7.137655 	 10.259849
    3 	 1.029241 	 7.573046 	 10.259849
    4 	 1.012769 	 7.971740 	 10.168784
    5 	 1.753424 	 8.400083 	 10.168784
    6 	 1.636804 	 8.569968 	 10.186961
    7 	 1.081796 	 8.355194 	 10.284209
    8 	 1.731025 	 8.831980 	 10.284209
    9 	 1.678976 	 9.229817 	 10.284209
   10 	 1.695556 	 9.241830 	 10.290304
   11 	 1.906304 	 9.342645 	 10.284209
   12 	 1.354025 	 9.326502 	 10.290304
   13 	 1.354025 	 9.283048 	 10.284209
   14 	 7.426225 	 9.446232 	 10.284209
   15 	 4.651921 	 9.391647 	 10.284209
   16 	 1.648025 	 9.377457 	 10.284209
   17 	 3.842596 	 9.317919 	 10.284209
   18 	 1.727609 	 9.249883 	 10.284209
   19 	 4.996001 	 9.324460 	 10.284209
   20 	 1.651249 	 9.368949 	 10.284209
   21 	 4.992004 	 9.544971 	 10.284209
   22 	 1.178929 	 9.267282 	 10.259849
   23 	 1.732736 	 9.309091 	 10.259849
   24 	 1.744769 	 9.411100 	 10.284209
   25 	 1.786769 	 9.303659 	 10.284209
   26 	 1.439569 	 9.190908 	 10.265936
   27 	 1.717409 	 9.230909 	 10.265936
   28 	 1.731025 	 9.123606 	 10.265936
   29 	 1.616225 	 9.183002 	 10.278116
   30 	 1.748225 	 9.282795 	 10.259849
   31 	 1.714025 	 9.093688 	 10.284209
   32 	 1.094249 	 8.914978 	 10.284209
   33 	 4.500641 	 9.450243 	 10.290304
   34 	 4.276100 	 9.268459 	 10.290304
   35 	 3.808976 	 9.203066 	 10.290304
   36 	 2.857769 	 9.292946 	 10.284209
   37 	 1.693889 	 9.053398 	 10.284209
   38 	 1.625681 	 9.176658 	 10.284209
   39 	 1.731025 	 9.501938 	 10.284209
   40 	 1.638401 	 9.565766 	 10.290304
   41 	 1.908209 	 9.599763 	 10.284209
   42 	 1.970225 	 9.564594 	 10.265936
   43 	 1.725904 	 9.479279 	 10.265936
   44 	 1.349281 	 9.479974 	 10.290304
   45 	 1.753424 	 9.650315 	 10.290304
   46 	 1.737881 	 9.624264 	 10.290304
   47 	 1.683929 	 9.455217 	 10.284209
   48 	 1.032761 	 9.425493 	 10.284209
   49 	 7.656400 	 9.578462 	 10.284209
   50 	 5.012009 	 9.428847 	 10.284209
   51 	 4.161284 	 9.401873 	 10.284209
   52 	 4.984016 	 9.394657 	 10.284209
   53 	 4.980025 	 9.311227 	 10.259849
   54 	 4.980025 	 9.407549 	 10.265936
   55 	 1.725904 	 9.361537 	 10.265936
   56 	 1.619369 	 9.094134 	 10.259849
   57 	 1.732736 	 9.225078 	 10.265936
   58 	 1.737881 	 9.329159 	 10.265936
   59 	 4.308761 	 9.357016 	 10.272025
   60 	 1.851929 	 9.094176 	 10.272025
   61 	 1.919681 	 9.082666 	 10.272025
   62 	 1.719104 	 9.096945 	 10.235521
   63 	 1.644809 	 9.208400 	 10.223369
   64 	 1.819025 	 9.210891 	 10.235521
   65 	 1.741321 	 9.234412 	 10.223369
   66 	 1.633616 	 9.023010 	 10.205156
   67 	 2.690000 	 9.147580 	 10.211225
   68 	 1.748225 	 9.044927 	 10.211225
   69 	 1.717409 	 9.186554 	 10.235521
   70 	 4.763600 	 9.338464 	 10.235521
   71 	 1.619369 	 9.095001 	 10.284209
   72 	 1.619369 	 9.168008 	 10.247681
   73 	 1.751689 	 9.151879 	 10.229444
   74 	 1.119716 	 9.050257 	 10.278116
   75 	 1.729316 	 9.327901 	 10.247681
   76 	 1.644809 	 9.333552 	 10.247681
   77 	 1.570025 	 9.139977 	 10.259849
   78 	 1.724201 	 9.050858 	 10.265936
   79 	 1.744769 	 8.819980 	 10.211225
   80 	 1.724201 	 8.669565 	 10.235521
   81 	 3.634129 	 9.062670 	 10.235521
   82 	 3.634129 	 9.118798 	 10.265936
   83 	 1.737881 	 8.985937 	 10.265936
   84 	 1.732736 	 9.046556 	 10.211225
   85 	 1.685584 	 9.137517 	 10.211225
   86 	 1.712336 	 9.220526 	 10.211225
   87 	 1.712336 	 9.079227 	 10.259849
   88 	 1.033856 	 9.368724 	 10.278116
   89 	 1.760384 	 9.167432 	 10.272025
   90 	 1.698896 	 9.203010 	 10.290304
   91 	 3.595321 	 9.127686 	 10.284209
   92 	 4.489424 	 9.255795 	 10.259849
   93 	 4.534400 	 9.266971 	 10.259849
   94 	 1.811801 	 9.152566 	 10.259849
   95 	 1.697225 	 9.112213 	 10.259849
   96 	 1.008464 	 9.118667 	 10.265936
   97 	 1.010000 	 9.178356 	 10.265936
   98 	 6.248681 	 9.339929 	 10.259849
   99 	 1.649636 	 9.155784 	 10.290304
 