   0 	 1.000169 	 3.463556 	 10.108324
    1 	 1.004356 	 5.558040 	 10.229444
    2 	 1.298116 	 7.155182 	 10.229444
    3 	 1.017956 	 8.063540 	 10.265936
    4 	 1.017424 	 8.556446 	 10.265936
    5 	 1.442225 	 8.878184 	 10.253764
    6 	 1.725904 	 9.046399 	 10.247681
    7 	 3.131600 	 9.253599 	 10.265936
    8 	 1.861184 	 9.311572 	 10.290304
    9 	 4.724900 	 9.359155 	 10.290304
   10 	 1.976144 	 9.507631 	 10.278116
   11 	 1.919681 	 9.389103 	 10.278116
   12 	 1.700569 	 9.415965 	 10.278116
   13 	 1.970225 	 9.429548 	 10.278116
   14 	 1.883600 	 9.485067 	 10.278116
   15 	 1.799236 	 9.615371 	 10.278116
   16 	 1.952576 	 9.484560 	 10.290304
   17 	 1.544644 	 9.375312 	 10.290304
   18 	 5.024036 	 9.583229 	 10.278116
   19 	 4.034564 	 9.670578 	 10.278116
   20 	 1.917764 	 9.451142 	 10.278116
   21 	 4.094081 	 9.666667 	 10.278116
   22 	 4.802500 	 9.648563 	 10.278116
   23 	 1.799236 	 9.560138 	 10.235521
   24 	 1.799236 	 9.372931 	 10.229444
   25 	 1.831744 	 9.258628 	 10.278116
   26 	 1.685584 	 9.348814 	 10.284209
   27 	 1.431649 	 9.386423 	 10.284209
   28 	 4.526884 	 9.652452 	 10.284209
   29 	 4.526884 	 9.739750 	 10.284209
   30 	 1.828100 	 9.634055 	 10.278116
   31 	 1.828100 	 9.521809 	 10.278116
   32 	 1.950625 	 9.575221 	 10.278116
   33 	 1.820836 	 9.498902 	 10.290304
   34 	 1.835396 	 9.510751 	 10.278116
   35 	 1.322624 	 9.575992 	 10.278116
   36 	 1.980100 	 9.546025 	 10.290304
   37 	 1.828100 	 9.567217 	 10.290304
   38 	 1.753424 	 9.551668 	 10.290304
   39 	 6.808100 	 9.613436 	 10.290304
   40 	 7.375625 	 9.741063 	 10.290304
   41 	 1.842724 	 9.531301 	 10.290304
   42 	 1.876096 	 9.631936 	 10.278116
   43 	 4.748096 	 9.647514 	 10.290304
   44 	 1.964324 	 9.560047 	 10.290304
   45 	 1.456976 	 9.409635 	 10.290304
   46 	 1.462400 	 9.435592 	 10.284209
   47 	 7.051600 	 9.614609 	 10.253764
   48 	 4.884841 	 9.512561 	 10.272025
   49 	 1.297025 	 9.406520 	 10.278116
   50 	 1.297025 	 9.473802 	 10.278116
   51 	 1.980100 	 9.435771 	 10.290304
   52 	 1.777924 	 9.419472 	 10.290304
   53 	 1.675684 	 9.391103 	 10.278116
   54 	 5.036081 	 9.581275 	 10.278116
   55 	 1.864900 	 9.497585 	 10.290304
   56 	 1.828100 	 9.424228 	 10.278116
   57 	 4.175524 	 9.301014 	 10.278116
   58 	 4.802500 	 9.243292 	 10.278116
   59 	 1.762129 	 9.225514 	 10.278116
   60 	 1.940900 	 9.480571 	 10.278116
   61 	 1.980100 	 9.702186 	 10.278116
   62 	 1.972196 	 9.611596 	 10.290304
   63 	 6.616900 	 9.694783 	 10.278116
   64 	 1.582169 	 9.471191 	 10.278116
   65 	 1.980100 	 9.588399 	 10.272025
   66 	 1.929296 	 9.475500 	 10.278116
   67 	 1.877969 	 9.209019 	 10.278116
   68 	 1.917764 	 9.171593 	 10.278116
   69 	 1.777924 	 9.141829 	 10.253764
   70 	 4.818116 	 9.415185 	 10.278116
   71 	 1.568516 	 9.225446 	 10.278116
   72 	 1.675684 	 8.977352 	 10.278116
   73 	 1.675684 	 9.316765 	 10.278116
   74 	 4.139984 	 9.603153 	 10.278116
   75 	 4.709476 	 9.696718 	 10.278116
   76 	 1.592900 	 9.489753 	 10.278116
   77 	 1.770884 	 9.600357 	 10.290304
   78 	 4.348900 	 9.709550 	 10.278116
   79 	 4.348900 	 9.750287 	 10.278116
   80 	 4.147076 	 9.679740 	 10.278116
   81 	 1.649636 	 9.695225 	 10.278116
   82 	 7.260004 	 9.774115 	 10.278116
   83 	 1.933156 	 9.587169 	 10.278116
   84 	 1.722500 	 9.449021 	 10.278116
   85 	 1.925444 	 9.655705 	 10.278116
   86 	 1.917764 	 9.369853 	 10.278116
   87 	 1.695556 	 9.347953 	 10.278116
   88 	 1.887364 	 9.416865 	 10.278116
   89 	 4.912484 	 9.625184 	 10.278116
   90 	 4.912484 	 9.536902 	 10.278116
   91 	 3.656900 	 9.433674 	 10.278116
   92 	 1.980100 	 9.437741 	 10.278116
   93 	 1.902500 	 9.491858 	 10.278116
   94 	 1.662596 	 9.428997 	 10.278116
   95 	 1.910116 	 9.580287 	 10.278116
   96 	 5.072324 	 9.676016 	 10.278116
   97 	 1.695556 	 9.501811 	 10.278116
   98 	 1.925444 	 9.315341 	 10.278116
   99 	 1.894916 	 9.460414 	 10.278116
 