   0 	 1.000361 	 3.536063 	 10.265936
    1 	 1.016900 	 6.104397 	 10.278116
    2 	 1.047089 	 7.331926 	 10.278116
    3 	 1.390625 	 7.994990 	 10.284209
    4 	 1.019044 	 8.310537 	 10.278116
    5 	 1.614656 	 8.645732 	 10.272025
    6 	 4.629025 	 8.956255 	 10.205156
    7 	 1.837225 	 9.122995 	 10.265936
    8 	 1.781456 	 9.049562 	 10.265936
    9 	 4.818116 	 9.383096 	 10.265936
   10 	 1.633616 	 9.023699 	 10.272025
   11 	 1.633616 	 9.199344 	 10.265936
   12 	 1.300304 	 9.110210 	 10.265936
   13 	 4.283344 	 9.312777 	 10.265936
   14 	 1.556516 	 9.306272 	 10.290304
   15 	 1.958441 	 9.391863 	 10.290304
   16 	 1.896809 	 9.408555 	 10.265936
   17 	 1.837225 	 9.518407 	 10.278116
   18 	 1.837225 	 9.419531 	 10.284209
   19 	 1.501264 	 9.428715 	 10.284209
   20 	 1.762129 	 9.409502 	 10.284209
   21 	 3.758921 	 9.468041 	 10.290304
   22 	 1.898704 	 9.500444 	 10.290304
   23 	 1.822649 	 9.405260 	 10.284209
   24 	 6.503716 	 9.499083 	 10.235521
   25 	 1.622521 	 9.366729 	 10.265936
   26 	 1.485809 	 9.330477 	 10.272025
   27 	 3.010724 	 9.391270 	 10.272025
   28 	 4.493161 	 9.388960 	 10.272025
   29 	 1.729316 	 9.359519 	 10.272025
   30 	 4.845521 	 9.599972 	 10.272025
   31 	 1.649636 	 9.363535 	 10.290304
   32 	 1.962361 	 9.388840 	 10.290304
   33 	 4.798601 	 9.590616 	 10.290304
   34 	 1.970225 	 9.675891 	 10.272025
   35 	 4.020644 	 9.689744 	 10.284209
   36 	 1.324900 	 9.515722 	 10.284209
   37 	 1.678976 	 9.641529 	 10.284209
   38 	 1.662596 	 9.675418 	 10.284209
   39 	 1.667489 	 9.691828 	 10.284209
   40 	 1.680625 	 9.441195 	 10.284209
   41 	 1.900601 	 9.436673 	 10.284209
   42 	 1.893025 	 9.615844 	 10.284209
   43 	 1.885481 	 9.576256 	 10.284209
   44 	 4.861225 	 9.559786 	 10.284209
   45 	 4.258025 	 9.490424 	 10.284209
   46 	 1.012769 	 9.341949 	 10.284209
   47 	 5.076361 	 9.496661 	 10.284209
   48 	 1.110889 	 9.535931 	 10.284209
   49 	 1.885481 	 9.567612 	 10.284209
   50 	 1.948676 	 9.518837 	 10.284209
   51 	 1.660969 	 9.546067 	 10.272025
   52 	 1.912025 	 9.556921 	 10.259849
   53 	 1.885481 	 9.585224 	 10.223369
   54 	 4.389281 	 9.541753 	 10.223369
   55 	 1.380689 	 9.517782 	 10.223369
   56 	 1.910116 	 9.455614 	 10.223369
   57 	 1.910116 	 9.378937 	 10.241600
   58 	 4.385600 	 9.687845 	 10.241600
   59 	 1.826281 	 9.494422 	 10.229444
   60 	 4.802500 	 9.468706 	 10.272025
   61 	 1.454276 	 9.150537 	 10.278116
   62 	 1.885481 	 9.126627 	 10.272025
   63 	 1.885481 	 9.215009 	 10.278116
   64 	 3.975625 	 9.520247 	 10.278116
   65 	 1.864900 	 9.392970 	 10.278116
   66 	 1.700569 	 9.428767 	 10.235521
   67 	 1.982081 	 9.411236 	 10.253764
   68 	 1.106276 	 9.461312 	 10.265936
   69 	 1.829921 	 9.528749 	 10.284209
   70 	 6.616900 	 9.828742 	 10.265936
   71 	 1.811801 	 9.605343 	 10.278116
   72 	 5.000000 	 9.812916 	 10.290304
   73 	 1.848241 	 9.509759 	 10.284209
   74 	 4.500641 	 9.815050 	 10.284209
   75 	 1.108241 	 9.863687 	 10.284209
   76 	 1.921600 	 9.779166 	 10.290304
   77 	 1.938961 	 9.648209 	 10.290304
   78 	 1.760384 	 9.703472 	 10.265936
   79 	 1.912025 	 9.331719 	 10.265936
   80 	 1.912025 	 9.444543 	 10.265936
   81 	 1.819025 	 9.469991 	 10.284209
   82 	 1.912025 	 9.421265 	 10.284209
   83 	 1.940900 	 9.791271 	 10.284209
   84 	 1.982081 	 9.647864 	 10.284209
   85 	 1.662596 	 9.566132 	 10.284209
   86 	 1.978121 	 9.585543 	 10.284209
   87 	 1.662596 	 9.488772 	 10.284209
   88 	 4.845521 	 9.630464 	 10.284209
   89 	 1.982081 	 9.532021 	 10.284209
   90 	 4.094081 	 9.594271 	 10.284209
   91 	 4.663396 	 9.634934 	 10.290304
   92 	 1.976144 	 9.529300 	 10.290304
   93 	 1.332929 	 9.535836 	 10.290304
   94 	 1.002704 	 9.512155 	 10.290304
   95 	 1.846400 	 9.516667 	 10.290304
   96 	 1.226576 	 9.506255 	 10.284209
   97 	 1.226576 	 9.676392 	 10.284209
   98 	 1.620944 	 9.584379 	 10.290304
   99 	 1.734449 	 9.487752 	 10.290304
 