   0 	 1.000001 	 3.305147 	 9.708401
    1 	 1.002116 	 5.333295 	 9.958049
    2 	 1.116281 	 7.338068 	 9.970025
    3 	 1.186624 	 7.950963 	 10.060100
    4 	 1.011025 	 8.591132 	 10.162729
    5 	 1.855625 	 8.892990 	 10.259849
    6 	 1.915849 	 9.158009 	 10.199089
    7 	 1.863041 	 9.299387 	 10.272025
    8 	 1.628849 	 9.311779 	 10.186961
    9 	 1.894916 	 9.026079 	 10.211225
   10 	 1.879844 	 9.464699 	 10.284209
   11 	 7.135529 	 9.515783 	 10.259849
   12 	 4.667225 	 9.484600 	 10.259849
   13 	 1.990025 	 9.532683 	 10.259849
   14 	 4.682561 	 9.362192 	 10.186961
   15 	 1.772641 	 9.363114 	 10.272025
   16 	 1.408321 	 9.402923 	 10.290304
   17 	 4.751969 	 9.329522 	 10.259849
   18 	 1.783225 	 9.445903 	 10.259849
   19 	 1.793881 	 9.592184 	 10.290304
   20 	 6.812921 	 9.599005 	 10.290304
   21 	 1.786769 	 9.427495 	 10.290304
   22 	 4.667225 	 9.334207 	 10.290304
   23 	 1.783225 	 9.265675 	 10.290304
   24 	 1.790321 	 9.376791 	 10.290304
   25 	 4.644281 	 9.412089 	 10.290304
   26 	 1.885481 	 9.210356 	 10.223369
   27 	 1.833569 	 9.402702 	 10.223369
   28 	 1.145161 	 9.312047 	 10.259849
   29 	 1.145161 	 9.328445 	 10.259849
   30 	 1.904401 	 9.476061 	 10.211225
   31 	 1.904401 	 9.373807 	 10.272025
   32 	 1.804609 	 9.482601 	 10.272025
   33 	 4.833764 	 9.568022 	 10.284209
   34 	 4.833764 	 9.605189 	 10.284209
   35 	 1.992016 	 9.588877 	 10.290304
   36 	 2.000000 	 9.565720 	 10.290304
   37 	 4.956121 	 9.637501 	 10.284209
   38 	 4.908529 	 9.621523 	 10.284209
   39 	 1.990025 	 9.590786 	 10.265936
   40 	 1.762129 	 9.472896 	 10.265936
   41 	 1.677329 	 9.359753 	 10.265936
   42 	 1.471969 	 9.442027 	 10.265936
   43 	 5.060225 	 9.601066 	 10.265936
   44 	 1.915849 	 9.548146 	 10.265936
   45 	 1.990025 	 9.448147 	 10.290304
   46 	 4.667225 	 9.494835 	 10.284209
   47 	 1.885481 	 9.512491 	 10.290304
   48 	 4.396649 	 9.499088 	 10.290304
   49 	 1.801025 	 9.288287 	 10.284209
   50 	 1.958441 	 9.444497 	 10.290304
   51 	 7.017209 	 9.702277 	 10.284209
   52 	 1.912025 	 9.497294 	 10.290304
   53 	 1.788544 	 9.401006 	 10.272025
   54 	 4.674889 	 9.626150 	 10.272025
   55 	 3.509056 	 9.530557 	 10.259849
   56 	 1.954529 	 9.598567 	 10.284209
   57 	 1.958441 	 9.689865 	 10.290304
   58 	 6.837056 	 9.731656 	 10.284209
   59 	 1.958441 	 9.659030 	 10.272025
   60 	 1.793881 	 9.406112 	 10.284209
   61 	 1.793881 	 9.530547 	 10.290304
   62 	 1.822649 	 9.451845 	 10.259849
   63 	 1.896809 	 9.274538 	 10.284209
   64 	 1.767376 	 9.224680 	 10.290304
   65 	 4.869089 	 9.421331 	 10.284209
   66 	 1.837225 	 9.316282 	 10.290304
   67 	 1.806404 	 9.423114 	 10.290304
   68 	 1.864900 	 9.532331 	 10.290304
   69 	 4.229209 	 9.594093 	 10.284209
   70 	 4.229209 	 9.609539 	 10.284209
   71 	 5.866436 	 9.618840 	 10.284209
   72 	 1.896809 	 9.466461 	 10.284209
   73 	 1.516961 	 9.448527 	 10.284209
   74 	 1.844561 	 9.481704 	 10.284209
   75 	 1.788544 	 9.444982 	 10.290304
   76 	 6.929225 	 9.670624 	 10.290304
   77 	 1.393129 	 9.230756 	 10.290304
   78 	 1.786769 	 9.272245 	 10.290304
   79 	 1.820836 	 9.343660 	 10.290304
   80 	 1.144400 	 9.530092 	 10.284209
   81 	 6.803281 	 9.624835 	 10.290304
   82 	 1.777924 	 9.584313 	 10.284209
   83 	 4.701776 	 9.593610 	 10.284209
   84 	 4.779136 	 9.674018 	 10.290304
   85 	 1.003721 	 9.732730 	 10.290304
   86 	 1.751689 	 9.684316 	 10.290304
   87 	 1.724201 	 9.723928 	 10.290304
   88 	 1.683929 	 9.584860 	 10.278116
   89 	 1.008649 	 9.355318 	 10.272025
   90 	 1.006241 	 9.460494 	 10.278116
   91 	 4.694084 	 9.445576 	 10.284209
   92 	 4.583449 	 9.365404 	 10.284209
   93 	 1.988036 	 9.268675 	 10.284209
   94 	 1.958441 	 9.072559 	 10.290304
   95 	 1.978121 	 9.163935 	 10.290304
   96 	 4.794704 	 9.539546 	 10.272025
   97 	 4.694084 	 9.370628 	 10.272025
   98 	 1.171396 	 9.132433 	 10.272025
   99 	 1.833569 	 9.344803 	 10.259849
 