   0 	 1.000000 	 3.691683 	 9.755681
    1 	 1.027225 	 5.341522 	 10.006001
    2 	 1.008100 	 6.797221 	 10.138529
    3 	 1.003364 	 7.663703 	 10.284209
    4 	 4.621409 	 8.087998 	 10.290304
    5 	 4.621409 	 8.686459 	 10.235521
    6 	 1.055696 	 8.679665 	 10.235521
    7 	 1.487204 	 8.897953 	 10.235521
    8 	 5.456321 	 9.168274 	 10.235521
    9 	 1.900601 	 9.253000 	 10.235521
   10 	 1.906304 	 9.310335 	 10.247681
   11 	 1.906304 	 9.469864 	 10.253764
   12 	 1.792100 	 9.369077 	 10.211225
   13 	 1.018225 	 9.244488 	 10.259849
   14 	 1.362404 	 9.342838 	 10.284209
   15 	 1.833569 	 9.469173 	 10.259849
   16 	 1.667489 	 9.112799 	 10.265936
   17 	 1.855625 	 9.306337 	 10.259849
   18 	 1.948676 	 9.511847 	 10.278116
   19 	 1.889249 	 9.473693 	 10.278116
   20 	 1.889249 	 9.419719 	 10.278116
   21 	 1.868624 	 9.635756 	 10.278116
   22 	 1.005329 	 9.570585 	 10.259849
   23 	 1.956484 	 9.688491 	 10.284209
   24 	 4.337929 	 9.616941 	 10.259849
   25 	 1.996004 	 9.582679 	 10.259849
   26 	 3.873025 	 9.598890 	 10.278116
   27 	 4.240000 	 9.713885 	 10.272025
   28 	 4.876961 	 9.693429 	 10.278116
   29 	 1.850084 	 9.574036 	 10.278116
   30 	 1.850084 	 9.689696 	 10.259849
   31 	 1.850084 	 9.601110 	 10.272025
   32 	 4.478225 	 9.598148 	 10.259849
   33 	 7.095961 	 9.612363 	 10.272025
   34 	 1.777924 	 9.409518 	 10.272025
   35 	 1.366025 	 9.181389 	 10.278116
   36 	 4.511876 	 9.308982 	 10.278116
   37 	 1.478864 	 9.244785 	 10.278116
   38 	 6.130225 	 9.419098 	 10.247681
   39 	 1.944784 	 9.313386 	 10.259849
   40 	 1.942841 	 9.424660 	 10.265936
   41 	 1.839056 	 9.230435 	 10.265936
   42 	 1.942841 	 9.298471 	 10.265936
   43 	 1.839056 	 9.450501 	 10.290304
   44 	 1.974169 	 9.381160 	 10.290304
   45 	 1.611524 	 9.198277 	 10.290304
   46 	 3.007889 	 9.190937 	 10.290304
   47 	 1.000576 	 9.296330 	 10.290304
   48 	 1.896809 	 9.441809 	 10.284209
   49 	 1.998001 	 9.501794 	 10.265936
   50 	 1.737881 	 9.560784 	 10.259849
   51 	 1.362404 	 9.543788 	 10.259849
   52 	 1.824464 	 9.296012 	 10.259849
   53 	 4.976036 	 9.457273 	 10.265936
   54 	 4.912484 	 9.496373 	 10.278116
   55 	 1.662596 	 9.249178 	 10.278116
   56 	 1.938961 	 9.373498 	 10.284209
   57 	 1.864900 	 9.439722 	 10.265936
   58 	 4.924361 	 9.520027 	 10.265936
   59 	 1.361201 	 9.537181 	 10.284209
   60 	 1.894916 	 9.635351 	 10.284209
   61 	 1.942841 	 9.945012 	 10.284209
   62 	 1.946729 	 9.858793 	 10.284209
   63 	 1.972196 	 9.810811 	 10.284209
   64 	 1.876096 	 9.754299 	 10.284209
   65 	 1.633616 	 9.711247 	 10.272025
   66 	 1.232324 	 9.680821 	 10.272025
   67 	 1.940900 	 9.583523 	 10.272025
   68 	 1.866761 	 9.596947 	 10.272025
   69 	 1.990025 	 9.657901 	 10.278116
   70 	 1.970225 	 9.639905 	 10.290304
   71 	 1.954529 	 9.674024 	 10.290304
   72 	 1.840889 	 9.401749 	 10.272025
   73 	 1.840889 	 9.418827 	 10.265936
   74 	 1.058564 	 9.286628 	 10.272025
   75 	 1.839056 	 9.520100 	 10.284209
   76 	 1.837225 	 9.464020 	 10.265936
   77 	 1.974169 	 9.671332 	 10.272025
   78 	 1.956484 	 9.660848 	 10.272025
   79 	 1.853776 	 9.513755 	 10.290304
   80 	 1.490000 	 9.655575 	 10.290304
   81 	 4.920400 	 9.760252 	 10.290304
   82 	 1.872356 	 9.555792 	 10.290304
   83 	 1.846400 	 9.595960 	 10.290304
   84 	 4.908529 	 9.694169 	 10.272025
   85 	 1.806404 	 9.440095 	 10.272025
   86 	 1.870489 	 9.512233 	 10.272025
   87 	 4.818116 	 9.730242 	 10.272025
   88 	 4.876961 	 9.708850 	 10.278116
   89 	 4.265249 	 9.618350 	 10.272025
   90 	 4.448449 	 9.712946 	 10.278116
   91 	 1.923521 	 9.690592 	 10.278116
   92 	 1.826281 	 9.708651 	 10.284209
   93 	 1.804609 	 9.707145 	 10.284209
   94 	 1.388129 	 9.626637 	 10.284209
   95 	 1.848241 	 9.546131 	 10.272025
   96 	 4.667225 	 9.643154 	 10.284209
   97 	 4.822025 	 9.687906 	 10.290304
   98 	 1.908209 	 9.598429 	 10.290304
   99 	 1.692224 	 9.491931 	 10.290304
 