   0 	 1.001156 	 3.366187 	 10.205156
    1 	 1.003136 	 5.512067 	 10.223369
    2 	 1.013225 	 6.201874 	 10.290304
    3 	 1.007225 	 7.300713 	 10.290304
    4 	 1.737881 	 7.988038 	 10.290304
    5 	 1.492804 	 8.398199 	 10.223369
    6 	 1.788544 	 8.644579 	 10.235521
    7 	 1.540225 	 8.660928 	 10.247681
    8 	 5.359744 	 8.989431 	 10.290304
    9 	 1.657721 	 9.203114 	 10.290304
   10 	 1.760384 	 9.379924 	 10.290304
   11 	 4.916441 	 9.305498 	 10.290304
   12 	 4.916441 	 9.264603 	 10.290304
   13 	 1.549081 	 9.400073 	 10.290304
   14 	 1.906304 	 9.548269 	 10.290304
   15 	 1.119025 	 9.488217 	 10.290304
   16 	 4.771364 	 9.626601 	 10.290304
   17 	 1.252004 	 9.464776 	 10.290304
   18 	 4.861225 	 9.615410 	 10.290304
   19 	 1.978121 	 9.701768 	 10.290304
   20 	 1.732736 	 9.665635 	 10.290304
   21 	 1.917764 	 9.622502 	 10.290304
   22 	 5.080400 	 9.852147 	 10.290304
   23 	 1.904401 	 9.503891 	 10.290304
   24 	 1.857476 	 9.766612 	 10.290304
   25 	 1.622521 	 9.777520 	 10.290304
   26 	 7.380676 	 9.973270 	 10.290304
   27 	 1.228484 	 9.663932 	 10.290304
   28 	 1.917764 	 9.784541 	 10.290304
   29 	 6.635876 	 9.933609 	 10.290304
   30 	 1.944784 	 9.609637 	 10.290304
   31 	 1.944784 	 9.623272 	 10.290304
   32 	 4.118756 	 9.629566 	 10.290304
   33 	 1.471969 	 9.416608 	 10.290304
   34 	 1.712336 	 9.210478 	 10.290304
   35 	 1.495616 	 9.239809 	 10.290304
   36 	 1.933156 	 9.573533 	 10.290304
   37 	 4.936256 	 9.593147 	 10.290304
   38 	 1.541696 	 9.558199 	 10.290304
   39 	 2.000000 	 9.502768 	 10.290304
   40 	 1.891136 	 9.540762 	 10.290304
   41 	 1.978121 	 9.690072 	 10.290304
   42 	 5.064256 	 9.863133 	 10.290304
   43 	 6.180176 	 9.749356 	 10.290304
   44 	 1.984064 	 9.694026 	 10.290304
   45 	 1.753424 	 9.595309 	 10.290304
   46 	 1.904401 	 9.473747 	 10.290304
   47 	 1.178929 	 9.226349 	 10.290304
   48 	 4.686400 	 9.547136 	 10.290304
   49 	 1.894916 	 9.564445 	 10.290304
   50 	 2.000000 	 9.566822 	 10.290304
   51 	 1.966289 	 9.245637 	 10.290304
   52 	 3.972176 	 9.311483 	 10.290304
   53 	 4.168400 	 9.448863 	 10.284209
   54 	 1.478864 	 9.401059 	 10.290304
   55 	 1.473344 	 9.161083 	 10.290304
   56 	 1.891136 	 9.434147 	 10.290304
   57 	 1.473344 	 9.350004 	 10.290304
   58 	 1.992016 	 9.325776 	 10.290304
   59 	 5.060225 	 9.497029 	 10.290304
   60 	 1.859329 	 9.215291 	 10.290304
   61 	 1.952576 	 9.514190 	 10.290304
   62 	 3.903616 	 9.751942 	 10.290304
   63 	 4.873024 	 9.779711 	 10.290304
   64 	 3.702736 	 9.802060 	 10.290304
   65 	 1.824464 	 9.588012 	 10.290304
   66 	 1.795664 	 9.535808 	 10.290304
   67 	 1.541696 	 9.396562 	 10.290304
   68 	 1.518400 	 9.837450 	 10.290304
   69 	 4.916441 	 9.884968 	 10.290304
   70 	 1.913936 	 9.790848 	 10.290304
   71 	 4.671056 	 9.805184 	 10.290304
   72 	 1.760384 	 9.721103 	 10.290304
   73 	 2.000000 	 9.723252 	 10.290304
   74 	 1.944784 	 9.717194 	 10.290304
   75 	 1.032400 	 9.793699 	 10.290304
   76 	 1.921600 	 9.746931 	 10.284209
   77 	 1.795664 	 9.617156 	 10.284209
   78 	 1.221841 	 9.494662 	 10.290304
   79 	 1.913936 	 9.420648 	 10.284209
   80 	 4.964081 	 9.799690 	 10.290304
   81 	 1.960400 	 9.663298 	 10.284209
   82 	 1.960400 	 9.693726 	 10.290304
   83 	 6.085025 	 9.716286 	 10.265936
   84 	 4.873024 	 9.782454 	 10.265936
   85 	 1.725904 	 9.594208 	 10.290304
   86 	 4.984016 	 9.698053 	 10.290304
   87 	 5.048144 	 9.819542 	 10.265936
   88 	 1.990025 	 9.723089 	 10.284209
   89 	 1.868624 	 9.601283 	 10.265936
   90 	 1.958441 	 9.694126 	 10.284209
   91 	 1.950625 	 9.628405 	 10.278116
   92 	 1.824464 	 9.400383 	 10.278116
   93 	 1.935089 	 9.546382 	 10.278116
   94 	 1.910116 	 9.543393 	 10.290304
   95 	 4.594816 	 9.625879 	 10.290304
   96 	 1.917764 	 9.456766 	 10.290304
   97 	 1.966289 	 9.430048 	 10.290304
   98 	 4.474496 	 9.649745 	 10.290304
   99 	 3.917264 	 9.515216 	 10.290304
 