   0 	 1.000400 	 3.394692 	 10.126441
    1 	 1.000036 	 4.932181 	 10.144576
    2 	 1.070756 	 7.064618 	 10.229444
    3 	 1.378225 	 8.247705 	 10.241600
    4 	 1.972196 	 8.745959 	 10.272025
    5 	 1.831744 	 8.921427 	 10.272025
    6 	 1.314721 	 9.208844 	 10.278116
    7 	 1.616225 	 9.213686 	 10.278116
    8 	 1.866761 	 9.428754 	 10.278116
    9 	 1.622521 	 9.403320 	 10.272025
   10 	 4.663396 	 9.471012 	 10.272025
   11 	 4.802500 	 9.379748 	 10.278116
   12 	 1.357604 	 9.365671 	 10.278116
   13 	 1.688900 	 9.449254 	 10.278116
   14 	 4.908529 	 9.600577 	 10.290304
   15 	 4.150625 	 9.621030 	 10.290304
   16 	 1.946729 	 9.436942 	 10.290304
   17 	 1.925444 	 9.421862 	 10.284209
   18 	 3.307361 	 9.406795 	 10.284209
   19 	 1.164025 	 9.353352 	 10.290304
   20 	 1.157609 	 9.561365 	 10.290304
   21 	 1.820836 	 9.436548 	 10.284209
   22 	 1.687241 	 9.273782 	 10.284209
   23 	 1.923521 	 9.468537 	 10.284209
   24 	 1.962361 	 9.663675 	 10.284209
   25 	 1.848241 	 9.575551 	 10.284209
   26 	 1.741321 	 9.607637 	 10.290304
   27 	 1.741321 	 9.508456 	 10.272025
   28 	 1.982081 	 9.606739 	 10.247681
   29 	 5.020025 	 9.758028 	 10.290304
   30 	 4.988009 	 9.688434 	 10.290304
   31 	 5.036081 	 9.729415 	 10.290304
   32 	 5.036081 	 9.761183 	 10.278116
   33 	 1.923521 	 9.619517 	 10.272025
   34 	 1.923521 	 9.684628 	 10.278116
   35 	 1.915849 	 9.774210 	 10.278116
   36 	 1.855625 	 9.525770 	 10.290304
   37 	 1.925444 	 9.644869 	 10.272025
   38 	 1.815409 	 9.661677 	 10.278116
   39 	 3.387025 	 9.746689 	 10.272025
   40 	 1.609961 	 9.673776 	 10.284209
   41 	 1.613089 	 9.566919 	 10.272025
   42 	 1.906304 	 9.656699 	 10.272025
   43 	 1.900601 	 9.582158 	 10.290304
   44 	 1.470596 	 9.560902 	 10.290304
   45 	 1.900601 	 9.460885 	 10.290304
   46 	 1.994009 	 9.769331 	 10.290304
   47 	 1.549081 	 9.687233 	 10.290304
   48 	 1.902500 	 9.552744 	 10.290304
   49 	 4.017169 	 9.654965 	 10.290304
   50 	 5.092529 	 9.773973 	 10.290304
   51 	 1.769129 	 9.737226 	 10.290304
   52 	 6.098564 	 9.796185 	 10.290304
   53 	 6.673924 	 9.764911 	 10.278116
   54 	 1.902500 	 9.756164 	 10.284209
   55 	 5.064256 	 9.854006 	 10.284209
   56 	 1.972196 	 9.580043 	 10.284209
   57 	 1.980100 	 9.639470 	 10.284209
   58 	 5.088484 	 9.657532 	 10.284209
   59 	 1.731025 	 9.604438 	 10.278116
   60 	 1.731025 	 9.577526 	 10.272025
   61 	 1.465124 	 9.417133 	 10.272025
   62 	 1.565504 	 9.660845 	 10.278116
   63 	 1.891136 	 9.671429 	 10.278116
   64 	 1.968256 	 9.689231 	 10.278116
   65 	 1.940900 	 9.564931 	 10.290304
   66 	 1.948676 	 9.484999 	 10.278116
   67 	 1.902500 	 9.593253 	 10.278116
   68 	 1.438244 	 9.500570 	 10.290304
   69 	 1.224676 	 9.330072 	 10.278116
   70 	 1.538756 	 9.386714 	 10.290304
   71 	 1.538756 	 9.372368 	 10.290304
   72 	 1.527076 	 9.320335 	 10.278116
   73 	 1.876096 	 9.230580 	 10.290304
   74 	 1.933156 	 9.283074 	 10.290304
   75 	 1.984064 	 9.514944 	 10.290304
   76 	 5.096576 	 9.593646 	 10.290304
   77 	 1.053824 	 9.555891 	 10.290304
   78 	 4.873024 	 9.717731 	 10.290304
   79 	 1.898704 	 9.555164 	 10.290304
   80 	 1.876096 	 9.579374 	 10.290304
   81 	 4.952144 	 9.817324 	 10.290304
   82 	 1.729316 	 9.700474 	 10.290304
   83 	 1.885481 	 9.660532 	 10.290304
   84 	 1.033856 	 9.729997 	 10.290304
   85 	 1.933156 	 9.562351 	 10.290304
   86 	 1.529984 	 9.543976 	 10.290304
   87 	 4.988009 	 9.630933 	 10.290304
   88 	 1.872356 	 9.549581 	 10.290304
   89 	 1.431649 	 9.620271 	 10.290304
   90 	 1.431649 	 9.533008 	 10.290304
   91 	 1.992016 	 9.632693 	 10.290304
   92 	 5.008004 	 9.708863 	 10.290304
   93 	 1.835396 	 9.553202 	 10.290304
   94 	 1.962361 	 9.816792 	 10.290304
   95 	 1.976144 	 9.621899 	 10.290304
   96 	 1.756900 	 9.749491 	 10.290304
   97 	 1.964324 	 9.385453 	 10.290304
   98 	 1.725904 	 9.644440 	 10.290304
   99 	 1.459684 	 9.502739 	 10.290304
 