   0 	 1.000009 	 3.792708 	 10.006001
    1 	 1.000016 	 5.822354 	 10.247681
    2 	 1.021904 	 7.358626 	 10.247681
    3 	 1.038809 	 8.022495 	 10.247681
    4 	 1.039601 	 8.365042 	 10.247681
    5 	 1.461041 	 8.435097 	 10.120400
    6 	 1.429025 	 8.357994 	 10.162729
    7 	 1.065025 	 8.598732 	 10.284209
    8 	 1.211600 	 8.733959 	 10.235521
    9 	 1.237169 	 8.799476 	 10.235521
   10 	 4.429904 	 8.855137 	 10.265936
   11 	 1.007225 	 8.655281 	 10.265936
   12 	 3.214144 	 8.937528 	 10.265936
   13 	 1.990025 	 9.213862 	 10.265936
   14 	 4.916441 	 9.457440 	 10.284209
   15 	 1.889249 	 9.306700 	 10.284209
   16 	 5.040100 	 9.450941 	 10.265936
   17 	 1.020736 	 9.202330 	 10.265936
   18 	 1.012769 	 9.304519 	 10.259849
   19 	 1.659344 	 9.262853 	 10.259849
   20 	 1.312481 	 9.272852 	 10.284209
   21 	 1.879844 	 9.335322 	 10.284209
   22 	 6.239521 	 9.334957 	 10.284209
   23 	 4.636649 	 9.271475 	 10.290304
   24 	 4.932289 	 9.381132 	 10.265936
   25 	 1.906304 	 9.313341 	 10.259849
   26 	 1.471969 	 9.397681 	 10.265936
   27 	 1.833569 	 9.366087 	 10.265936
   28 	 1.685584 	 9.168928 	 10.290304
   29 	 1.209764 	 9.147810 	 10.284209
   30 	 1.906304 	 9.357943 	 10.284209
   31 	 4.489424 	 9.520436 	 10.284209
   32 	 4.837681 	 9.548122 	 10.290304
   33 	 1.940900 	 9.374880 	 10.284209
   34 	 1.552049 	 9.398962 	 10.284209
   35 	 1.940900 	 9.658879 	 10.284209
   36 	 4.697929 	 9.745481 	 10.290304
   37 	 1.935089 	 9.605256 	 10.284209
   38 	 1.505521 	 9.679018 	 10.290304
   39 	 1.877969 	 9.627920 	 10.284209
   40 	 1.815409 	 9.865522 	 10.290304
   41 	 1.921600 	 9.685631 	 10.284209
   42 	 1.927369 	 9.684926 	 10.290304
   43 	 4.865156 	 9.888137 	 10.290304
   44 	 4.865156 	 9.875703 	 10.290304
   45 	 1.925444 	 9.725236 	 10.290304
   46 	 7.155361 	 9.857414 	 10.290304
   47 	 1.755161 	 9.458066 	 10.290304
   48 	 4.849444 	 9.585567 	 10.290304
   49 	 4.640464 	 9.496176 	 10.284209
   50 	 1.925444 	 9.503777 	 10.278116
   51 	 4.705625 	 9.678622 	 10.278116
   52 	 7.235009 	 9.754060 	 10.290304
   53 	 4.940225 	 9.656078 	 10.278116
   54 	 5.008004 	 9.628006 	 10.278116
   55 	 4.940225 	 9.681505 	 10.284209
   56 	 1.703921 	 9.529776 	 10.284209
   57 	 1.929296 	 9.544727 	 10.290304
   58 	 8.187761 	 9.752361 	 10.290304
   59 	 6.924356 	 9.705822 	 10.290304
   60 	 1.813604 	 9.458156 	 10.290304
   61 	 1.198916 	 9.531770 	 10.290304
   62 	 1.994009 	 9.489541 	 10.290304
   63 	 1.896809 	 9.699146 	 10.284209
   64 	 7.421156 	 9.823610 	 10.284209
   65 	 4.888784 	 9.788054 	 10.284209
   66 	 1.651249 	 9.474734 	 10.290304
   67 	 1.781456 	 9.536437 	 10.284209
   68 	 1.937024 	 9.691210 	 10.284209
   69 	 1.646416 	 9.418690 	 10.284209
   70 	 1.908209 	 9.672810 	 10.290304
   71 	 1.992016 	 9.815826 	 10.290304
   72 	 7.385729 	 9.868143 	 10.284209
   73 	 1.925444 	 9.624173 	 10.284209
   74 	 4.549456 	 9.824441 	 10.278116
   75 	 4.825936 	 9.838782 	 10.290304
   76 	 1.990025 	 9.434530 	 10.284209
   77 	 1.643204 	 9.417397 	 10.290304
   78 	 1.998001 	 9.552956 	 10.290304
   79 	 1.641601 	 9.534681 	 10.290304
   80 	 1.998001 	 9.697400 	 10.290304
   81 	 5.088484 	 9.869909 	 10.290304
   82 	 1.885481 	 9.690223 	 10.290304
   83 	 1.001849 	 9.772557 	 10.290304
   84 	 1.729316 	 9.803286 	 10.290304
   85 	 1.990025 	 9.794360 	 10.290304
   86 	 1.978121 	 9.819309 	 10.290304
   87 	 1.976144 	 9.741346 	 10.278116
   88 	 1.872356 	 9.678944 	 10.284209
   89 	 4.940225 	 9.779144 	 10.290304
   90 	 1.876096 	 9.680757 	 10.290304
   91 	 1.804609 	 9.600263 	 10.290304
   92 	 1.988036 	 9.615871 	 10.290304
   93 	 1.003600 	 9.762272 	 10.290304
   94 	 1.868624 	 9.598296 	 10.290304
   95 	 1.864900 	 9.739788 	 10.290304
   96 	 3.471184 	 9.590185 	 10.290304
   97 	 1.868624 	 9.563007 	 10.290304
   98 	 1.003481 	 9.618613 	 10.290304
   99 	 1.976144 	 9.730690 	 10.290304
 