   0 	 1.001849 	 3.131660 	 10.180900
    1 	 1.000169 	 4.390039 	 10.278116
    2 	 1.002704 	 6.425904 	 10.278116
    3 	 1.002500 	 7.082179 	 10.278116
    4 	 2.580049 	 8.068466 	 10.278116
    5 	 2.132096 	 8.308881 	 10.284209
    6 	 1.172225 	 8.287031 	 10.278116
    7 	 3.067844 	 8.506388 	 10.229444
    8 	 2.408969 	 8.693639 	 10.253764
    9 	 3.256004 	 8.769586 	 10.253764
   10 	 1.972196 	 8.953535 	 10.265936
   11 	 4.441025 	 9.073078 	 10.265936
   12 	 4.455881 	 9.154929 	 10.284209
   13 	 1.001444 	 9.135801 	 10.278116
   14 	 1.001156 	 9.302680 	 10.284209
   15 	 4.636649 	 9.391647 	 10.278116
   16 	 3.982529 	 9.448461 	 10.290304
   17 	 1.649636 	 9.430568 	 10.290304
   18 	 5.818025 	 9.555796 	 10.284209
   19 	 1.703921 	 9.346542 	 10.284209
   20 	 1.044944 	 9.361030 	 10.290304
   21 	 1.925444 	 9.400412 	 10.290304
   22 	 1.202500 	 9.197116 	 10.290304
   23 	 3.223081 	 9.256794 	 10.290304
   24 	 4.122289 	 9.545512 	 10.290304
   25 	 1.988036 	 9.571963 	 10.290304
   26 	 4.818116 	 9.631891 	 10.290304
   27 	 1.988036 	 9.476605 	 10.290304
   28 	 3.280100 	 9.526578 	 10.290304
   29 	 3.896804 	 9.466607 	 10.278116
   30 	 1.990025 	 9.681467 	 10.278116
   31 	 1.902500 	 9.542798 	 10.290304
   32 	 1.806404 	 9.500667 	 10.290304
   33 	 1.804609 	 9.708531 	 10.290304
   34 	 1.952576 	 9.687194 	 10.290304
   35 	 1.925444 	 9.662074 	 10.290304
   36 	 1.927369 	 9.678064 	 10.290304
   37 	 1.919681 	 9.732631 	 10.290304
   38 	 1.986049 	 9.766872 	 10.290304
   39 	 1.944784 	 9.596633 	 10.290304
   40 	 3.992900 	 9.675648 	 10.290304
   41 	 1.970225 	 9.700413 	 10.290304
   42 	 7.355441 	 10.055372 	 10.290304
   43 	 6.736025 	 10.101689 	 10.290304
   44 	 1.972196 	 9.991870 	 10.290304
   45 	 5.036081 	 10.013643 	 10.290304
   46 	 1.929296 	 9.561478 	 10.290304
   47 	 5.020025 	 9.853604 	 10.290304
   48 	 4.952144 	 9.902044 	 10.290304
   49 	 7.400900 	 10.058589 	 10.290304
   50 	 5.048144 	 10.023204 	 10.290304
   51 	 5.048144 	 9.842099 	 10.278116
   52 	 5.068289 	 9.966888 	 10.278116
   53 	 1.990025 	 9.944173 	 10.284209
   54 	 5.096576 	 9.911655 	 10.284209
   55 	 1.952576 	 9.905491 	 10.284209
   56 	 1.958441 	 9.790443 	 10.278116
   57 	 1.970225 	 9.822716 	 10.278116
   58 	 7.370576 	 10.013994 	 10.290304
   59 	 1.946729 	 9.783814 	 10.290304
   60 	 1.950625 	 9.673120 	 10.284209
   61 	 1.950625 	 9.571895 	 10.290304
   62 	 6.071504 	 9.982846 	 10.284209
   63 	 1.893025 	 9.791620 	 10.284209
   64 	 1.528529 	 9.439256 	 10.284209
   65 	 1.746496 	 9.742370 	 10.290304
   66 	 1.966289 	 9.836178 	 10.290304
   67 	 1.831744 	 9.837852 	 10.290304
   68 	 5.060225 	 9.730149 	 10.284209
   69 	 1.982081 	 9.586225 	 10.284209
   70 	 1.950625 	 9.453337 	 10.290304
   71 	 1.839056 	 9.333785 	 10.290304
   72 	 1.529984 	 9.354065 	 10.290304
   73 	 1.958441 	 9.606829 	 10.259849
   74 	 1.974169 	 9.481345 	 10.247681
   75 	 5.064256 	 9.824240 	 10.253764
   76 	 5.032064 	 9.698439 	 10.241600
   77 	 4.972049 	 9.583909 	 10.259849
   78 	 1.001296 	 9.457573 	 10.284209
   79 	 1.863041 	 9.564994 	 10.284209
   80 	 5.036081 	 9.703079 	 10.272025
   81 	 1.944784 	 9.813103 	 10.272025
   82 	 1.824464 	 9.399619 	 10.265936
   83 	 1.737881 	 9.652983 	 10.265936
   84 	 6.180176 	 9.946233 	 10.253764
   85 	 1.984064 	 9.871848 	 10.284209
   86 	 1.944784 	 9.667627 	 10.284209
   87 	 1.940900 	 9.603549 	 10.284209
   88 	 1.541696 	 9.378018 	 10.284209
   89 	 1.972196 	 9.399230 	 10.284209
   90 	 5.048144 	 9.819626 	 10.284209
   91 	 1.948676 	 9.642235 	 10.290304
   92 	 1.994009 	 9.766129 	 10.290304
   93 	 1.361201 	 9.846955 	 10.290304
   94 	 1.361201 	 9.758388 	 10.290304
   95 	 1.207025 	 9.654909 	 10.290304
   96 	 1.904401 	 9.795696 	 10.290304
   97 	 1.850084 	 9.632772 	 10.290304
   98 	 1.935089 	 9.520729 	 10.290304
   99 	 4.444736 	 9.423486 	 10.290304
 