   0 	 0.000050 	 0.000261 	 0.006852
    1 	 0.000088 	 0.000565 	 0.006924
    2 	 0.000059 	 0.000815 	 0.010209
    3 	 0.000227 	 0.001801 	 0.010675
    4 	 0.000719 	 0.003084 	 0.014820
    5 	 0.000195 	 0.004914 	 0.013999
    6 	 0.000049 	 0.007919 	 0.014217
    7 	 0.000793 	 0.010755 	 0.049936
    8 	 0.003325 	 0.011542 	 0.049936
    9 	 0.002680 	 0.013184 	 0.049964
   10 	 0.000387 	 0.016334 	 0.050004
   11 	 0.000394 	 0.019415 	 0.051015
   12 	 0.000198 	 0.025959 	 0.052178
   13 	 0.008589 	 0.034655 	 0.052178
   14 	 0.016545 	 0.045966 	 0.055812
   15 	 0.001571 	 0.048989 	 0.055812
   16 	 0.031572 	 0.050744 	 0.061670
   17 	 0.000098 	 0.050944 	 0.060510
   18 	 0.008884 	 0.051644 	 0.064016
   19 	 0.001554 	 0.053674 	 0.070468
   20 	 0.001568 	 0.054671 	 0.071433
   21 	 0.007255 	 0.056158 	 0.071650
   22 	 0.038587 	 0.059161 	 0.070720
   23 	 0.046968 	 0.061370 	 0.076700
   24 	 0.008511 	 0.062702 	 0.076998
   25 	 0.000098 	 0.066347 	 0.076998
   26 	 0.031228 	 0.071018 	 0.078076
   27 	 0.000734 	 0.071220 	 0.081481
   28 	 0.000391 	 0.074598 	 0.081516
   29 	 0.008902 	 0.075902 	 0.081856
   30 	 0.000391 	 0.075243 	 0.081856
   31 	 0.000098 	 0.076249 	 0.089458
   32 	 0.000049 	 0.079155 	 0.089458
   33 	 0.000196 	 0.078749 	 0.089458
   34 	 0.039735 	 0.081464 	 0.089504
   35 	 0.000391 	 0.080212 	 0.089421
   36 	 0.030948 	 0.082686 	 0.089421
   37 	 0.019967 	 0.083629 	 0.089352
   38 	 0.077851 	 0.085286 	 0.089353
   39 	 0.003109 	 0.083580 	 0.089418
   40 	 0.001573 	 0.083893 	 0.089502
   41 	 0.003129 	 0.085976 	 0.089515
   42 	 0.017127 	 0.088452 	 0.112582
   43 	 0.034772 	 0.088839 	 0.112582
   44 	 0.000196 	 0.086637 	 0.112582
   45 	 0.064466 	 0.090288 	 0.112582
   46 	 0.024462 	 0.089433 	 0.112290
   47 	 0.012405 	 0.091410 	 0.112290
   48 	 0.000098 	 0.092886 	 0.112290
   49 	 0.000098 	 0.095847 	 0.113384
   50 	 0.042752 	 0.099478 	 0.113561
   51 	 0.000391 	 0.096920 	 0.113561
   52 	 0.003111 	 0.100778 	 0.114015
   53 	 0.073710 	 0.106812 	 0.114146
   54 	 0.003206 	 0.110952 	 0.115376
   55 	 0.000391 	 0.110413 	 0.119960
   56 	 0.042891 	 0.112212 	 0.120124
   57 	 0.000196 	 0.108196 	 0.120159
   58 	 0.003123 	 0.112323 	 0.120159
   59 	 0.009796 	 0.111369 	 0.120169
   60 	 0.001564 	 0.114412 	 0.120169
   61 	 0.006980 	 0.115024 	 0.120169
   62 	 0.003122 	 0.117524 	 0.122398
   63 	 0.009837 	 0.116891 	 0.122398
   64 	 0.009483 	 0.115900 	 0.122589
   65 	 0.017676 	 0.117763 	 0.122651
   66 	 0.017676 	 0.118174 	 0.122659
   67 	 0.032787 	 0.118813 	 0.122704
   68 	 0.001567 	 0.119163 	 0.122704
   69 	 0.045481 	 0.119818 	 0.123041
   70 	 0.012407 	 0.118986 	 0.123041
   71 	 0.018671 	 0.118896 	 0.123041
   72 	 0.000196 	 0.119033 	 0.123041
   73 	 0.000049 	 0.117529 	 0.127083
   74 	 0.000098 	 0.119656 	 0.127083
   75 	 0.033194 	 0.121761 	 0.127083
   76 	 0.000196 	 0.118653 	 0.127424
   77 	 0.000196 	 0.120389 	 0.127424
   78 	 0.000196 	 0.120332 	 0.127495
   79 	 0.006217 	 0.121566 	 0.127436
   80 	 0.000392 	 0.124695 	 0.131263
   81 	 0.000392 	 0.124475 	 0.131837
   82 	 0.044395 	 0.124823 	 0.132141
   83 	 0.000196 	 0.123326 	 0.132141
   84 	 0.024572 	 0.124532 	 0.133500
   85 	 0.013409 	 0.126944 	 0.133956
   86 	 0.000391 	 0.126060 	 0.137635
   87 	 0.000782 	 0.127624 	 0.139587
   88 	 0.064239 	 0.132766 	 0.142407
   89 	 0.000391 	 0.131696 	 0.140598
   90 	 0.003105 	 0.129471 	 0.142732
   91 	 0.000782 	 0.132802 	 0.142732
   92 	 0.000098 	 0.130384 	 0.143354
   93 	 0.000353 	 0.136069 	 0.145247
   94 	 0.000049 	 0.135606 	 0.146878
   95 	 0.034623 	 0.140816 	 0.146026
   96 	 0.019240 	 0.139001 	 0.146835
   97 	 0.003114 	 0.138910 	 0.147134
   98 	 0.013292 	 0.137990 	 0.147134
   99 	 0.000196 	 0.138080 	 0.147367
  100 	 0.007052 	 0.141512 	 0.147367
  101 	 0.006208 	 0.141132 	 0.147367
  102 	 0.013287 	 0.141395 	 0.147533
  103 	 0.035640 	 0.143479 	 0.147533
  104 	 0.001564 	 0.141893 	 0.147361
  105 	 0.009390 	 0.141437 	 0.149696
  106 	 0.000049 	 0.144378 	 0.149810
  107 	 0.007038 	 0.141002 	 0.149810
  108 	 0.046739 	 0.145764 	 0.149810
  109 	 0.000049 	 0.144343 	 0.149810
  110 	 0.009625 	 0.143099 	 0.150711
  111 	 0.000782 	 0.143179 	 0.150711
  112 	 0.000392 	 0.141578 	 0.149810
  113 	 0.001564 	 0.142143 	 0.149810
  114 	 0.006172 	 0.142594 	 0.149976
  115 	 0.009392 	 0.144189 	 0.154056
  116 	 0.009287 	 0.144596 	 0.150936
  117 	 0.001561 	 0.144317 	 0.151011
  118 	 0.018777 	 0.147772 	 0.151063
  119 	 0.006160 	 0.148322 	 0.151063
  120 	 0.009452 	 0.145956 	 0.153173
  121 	 0.013419 	 0.145820 	 0.153173
  122 	 0.006238 	 0.145346 	 0.153274
  123 	 0.001566 	 0.146042 	 0.153274
  124 	 0.000392 	 0.144042 	 0.153274
  125 	 0.000196 	 0.144961 	 0.153274
  126 	 0.003123 	 0.145820 	 0.153761
  127 	 0.003123 	 0.148432 	 0.153761
  128 	 0.006217 	 0.150690 	 0.153770
  129 	 0.000196 	 0.149341 	 0.153770
  130 	 0.000196 	 0.149666 	 0.153777
  131 	 0.003123 	 0.149102 	 0.153777
  132 	 0.000783 	 0.150848 	 0.153810
  133 	 0.007046 	 0.151437 	 0.153820
  134 	 0.025590 	 0.151444 	 0.153820
  135 	 0.000098 	 0.144350 	 0.153825
  136 	 0.000098 	 0.145780 	 0.153844
  137 	 0.039314 	 0.152081 	 0.153844
  138 	 0.007047 	 0.147551 	 0.154046
  139 	 0.018564 	 0.152438 	 0.153861
  140 	 0.009384 	 0.148857 	 0.153861
  141 	 0.006208 	 0.148941 	 0.153863
  142 	 0.000049 	 0.145544 	 0.153885
  143 	 0.000098 	 0.147625 	 0.153879
  144 	 0.000049 	 0.147995 	 0.154781
  145 	 0.006208 	 0.149898 	 0.154781
  146 	 0.000049 	 0.148562 	 0.154781
  147 	 0.000196 	 0.147173 	 0.154781
  148 	 0.064192 	 0.151437 	 0.154781
  149 	 0.000196 	 0.149722 	 0.154845
  150 	 0.044758 	 0.151435 	 0.154845
  151 	 0.000783 	 0.149153 	 0.154845
  152 	 0.000196 	 0.150202 	 0.154845
  153 	 0.001566 	 0.148993 	 0.154845
  154 	 0.006239 	 0.151516 	 0.155161
  155 	 0.018764 	 0.153153 	 0.154954
  156 	 0.006238 	 0.149550 	 0.154845
  157 	 0.000392 	 0.151714 	 0.154845
  158 	 0.007019 	 0.148754 	 0.154845
  159 	 0.000783 	 0.147674 	 0.154863
  160 	 0.013438 	 0.149597 	 0.154863
  161 	 0.000196 	 0.150014 	 0.154863
  162 	 0.036677 	 0.153492 	 0.155727
  163 	 0.062300 	 0.153404 	 0.155727
  164 	 0.000049 	 0.151480 	 0.155727
  165 	 0.000049 	 0.147240 	 0.155730
  166 	 0.000392 	 0.149182 	 0.155730
  167 	 0.000783 	 0.150885 	 0.155993
  168 	 0.000098 	 0.146310 	 0.155734
  169 	 0.019430 	 0.151152 	 0.155734
  170 	 0.000783 	 0.152481 	 0.155734
  171 	 0.045773 	 0.154504 	 0.155734
  172 	 0.001565 	 0.152089 	 0.155852
  173 	 0.047431 	 0.150479 	 0.155852
  174 	 0.000196 	 0.149256 	 0.155852
  175 	 0.000196 	 0.149577 	 0.155852
  176 	 0.000049 	 0.149871 	 0.155852
  177 	 0.000098 	 0.149124 	 0.155856
  178 	 0.000098 	 0.150118 	 0.155855
  179 	 0.013411 	 0.150469 	 0.155856
  180 	 0.000049 	 0.148314 	 0.155862
  181 	 0.012347 	 0.151508 	 0.155861
  182 	 0.000049 	 0.151425 	 0.155861
  183 	 0.006227 	 0.150585 	 0.155861
  184 	 0.000196 	 0.148847 	 0.155862
  185 	 0.001565 	 0.151552 	 0.155862
  186 	 0.000196 	 0.154074 	 0.155863
  187 	 0.000098 	 0.149824 	 0.155863
  188 	 0.079111 	 0.153572 	 0.155863
  189 	 0.000049 	 0.152992 	 0.155872
  190 	 0.000098 	 0.151703 	 0.155872
  191 	 0.045698 	 0.153030 	 0.155872
  192 	 0.019125 	 0.152771 	 0.155872
  193 	 0.000196 	 0.151241 	 0.155872
  194 	 0.000392 	 0.152808 	 0.155873
  195 	 0.000196 	 0.150276 	 0.155873
  196 	 0.025408 	 0.152504 	 0.156124
  197 	 0.009632 	 0.151843 	 0.156124
  198 	 0.121680 	 0.155383 	 0.156124
  199 	 0.000098 	 0.146781 	 0.156124
  200 	 0.000049 	 0.150420 	 0.156126
  201 	 0.009632 	 0.151337 	 0.156126
  202 	 0.009435 	 0.151049 	 0.156203
  203 	 0.008837 	 0.148336 	 0.156204
  204 	 0.013407 	 0.151072 	 0.156204
  205 	 0.037012 	 0.154476 	 0.156204
  206 	 0.000098 	 0.149601 	 0.156204
  207 	 0.000196 	 0.151490 	 0.156204
  208 	 0.018856 	 0.152515 	 0.156204
  209 	 0.018454 	 0.151268 	 0.156204
  210 	 0.009441 	 0.154190 	 0.156204
  211 	 0.006229 	 0.149969 	 0.156224
  212 	 0.018454 	 0.151041 	 0.156224
  213 	 0.000392 	 0.149665 	 0.156224
  214 	 0.000196 	 0.149025 	 0.156224
  215 	 0.009635 	 0.154101 	 0.156224
  216 	 0.000392 	 0.150730 	 0.156224
  217 	 0.007024 	 0.150724 	 0.156224
  218 	 0.001565 	 0.145282 	 0.156224
  219 	 0.035348 	 0.154806 	 0.156224
  220 	 0.000392 	 0.153899 	 0.156224
  221 	 0.000049 	 0.153697 	 0.156224
  222 	 0.009634 	 0.150557 	 0.156224
  223 	 0.012355 	 0.150721 	 0.156224
  224 	 0.001565 	 0.150095 	 0.156224
  225 	 0.000049 	 0.153441 	 0.156224
  226 	 0.000392 	 0.147792 	 0.156224
  227 	 0.035358 	 0.154542 	 0.156224
  228 	 0.001565 	 0.153282 	 0.156224
  229 	 0.013421 	 0.146196 	 0.156224
  230 	 0.019412 	 0.154466 	 0.156224
  231 	 0.045797 	 0.152144 	 0.156224
  232 	 0.000098 	 0.145151 	 0.156224
  233 	 0.012355 	 0.151313 	 0.156224
  234 	 0.018859 	 0.151719 	 0.156224
  235 	 0.007025 	 0.152069 	 0.156224
  236 	 0.009440 	 0.151285 	 0.156224
  237 	 0.000783 	 0.150403 	 0.156224
  238 	 0.007025 	 0.149155 	 0.156224
  239 	 0.000783 	 0.148961 	 0.156224
  240 	 0.000392 	 0.150665 	 0.156224
  241 	 0.041917 	 0.154862 	 0.156224
  242 	 0.000196 	 0.150240 	 0.156224
  243 	 0.037023 	 0.151435 	 0.156224
  244 	 0.003126 	 0.153218 	 0.156224
  245 	 0.001565 	 0.150861 	 0.156224
  246 	 0.001565 	 0.151269 	 0.156224
  247 	 0.000392 	 0.151324 	 0.156224
  248 	 0.000049 	 0.150996 	 0.156224
  249 	 0.047552 	 0.153928 	 0.156224
  250 	 0.000098 	 0.150915 	 0.156224
  251 	 0.000049 	 0.149854 	 0.156224
  252 	 0.018456 	 0.152188 	 0.156224
  253 	 0.009440 	 0.150621 	 0.156224
  254 	 0.000392 	 0.154223 	 0.156224
  255 	 0.018456 	 0.154341 	 0.156224
  256 	 0.035358 	 0.151855 	 0.156224
  257 	 0.000196 	 0.154011 	 0.156224
  258 	 0.111340 	 0.155275 	 0.156224
  259 	 0.035358 	 0.153602 	 0.156224
  260 	 0.035358 	 0.152849 	 0.156224
  261 	 0.000392 	 0.152990 	 0.156224
  262 	 0.003126 	 0.150128 	 0.156224
  263 	 0.000196 	 0.149219 	 0.156224
  264 	 0.000098 	 0.150848 	 0.159598
  265 	 0.099202 	 0.155164 	 0.159598
  266 	 0.078999 	 0.154059 	 0.159598
  267 	 0.018458 	 0.148388 	 0.159598
  268 	 0.006229 	 0.150998 	 0.159598
  269 	 0.000098 	 0.150462 	 0.159598
  270 	 0.077693 	 0.155391 	 0.159598
  271 	 0.000049 	 0.148841 	 0.159675
  272 	 0.041917 	 0.155349 	 0.159876
  273 	 0.006180 	 0.154916 	 0.159883
  274 	 0.000196 	 0.146015 	 0.159883
  275 	 0.012165 	 0.156185 	 0.163006
  276 	 0.000098 	 0.153298 	 0.160060
  277 	 0.012192 	 0.156810 	 0.162570
  278 	 0.000049 	 0.153864 	 0.162570
  279 	 0.000049 	 0.151011 	 0.163032
  280 	 0.007071 	 0.158386 	 0.163032
  281 	 0.009541 	 0.155082 	 0.163061
  282 	 0.007075 	 0.156909 	 0.163124
  283 	 0.003122 	 0.156557 	 0.163124
  284 	 0.009383 	 0.156368 	 0.163124
  285 	 0.013409 	 0.156003 	 0.163124
  286 	 0.018761 	 0.158420 	 0.163124
  287 	 0.000783 	 0.151473 	 0.163124
  288 	 0.000392 	 0.156250 	 0.163128
  289 	 0.000392 	 0.158363 	 0.163124
  290 	 0.013362 	 0.159983 	 0.163131
  291 	 0.001565 	 0.157115 	 0.163131
  292 	 0.000049 	 0.158544 	 0.163131
  293 	 0.007043 	 0.160538 	 0.163137
  294 	 0.039438 	 0.158830 	 0.163137
  295 	 0.006215 	 0.156557 	 0.163143
  296 	 0.000098 	 0.160915 	 0.163143
  297 	 0.003122 	 0.157812 	 0.163143
  298 	 0.036450 	 0.159366 	 0.163146
  299 	 0.000049 	 0.157259 	 0.163144
  300 	 0.006216 	 0.160080 	 0.163146
  301 	 0.003122 	 0.154694 	 0.163148
  302 	 0.000196 	 0.156350 	 0.163148
  303 	 0.036417 	 0.159748 	 0.163148
  304 	 0.001560 	 0.155852 	 0.163148
  305 	 0.000196 	 0.158033 	 0.163148
  306 	 0.000098 	 0.157066 	 0.163148
  307 	 0.001565 	 0.158535 	 0.163148
  308 	 0.025689 	 0.159188 	 0.163148
  309 	 0.001565 	 0.155173 	 0.163148
  310 	 0.001565 	 0.156860 	 0.163148
  311 	 0.006219 	 0.159421 	 0.163148
  312 	 0.000196 	 0.157320 	 0.163148
  313 	 0.000098 	 0.156957 	 0.163150
  314 	 0.006219 	 0.159095 	 0.163150
  315 	 0.009565 	 0.156846 	 0.163150
  316 	 0.037340 	 0.161652 	 0.163150
  317 	 0.009565 	 0.159609 	 0.163151
  318 	 0.066662 	 0.160758 	 0.163151
  319 	 0.019140 	 0.160685 	 0.163151
  320 	 0.000196 	 0.156891 	 0.163151
  321 	 0.000392 	 0.156291 	 0.163151
  322 	 0.000783 	 0.160544 	 0.163151
  323 	 0.000049 	 0.158495 	 0.163151
  324 	 0.000049 	 0.156452 	 0.163151
  325 	 0.007041 	 0.158367 	 0.163151
  326 	 0.000196 	 0.157499 	 0.163151
  327 	 0.000049 	 0.159499 	 0.163151
  328 	 0.000196 	 0.155619 	 0.163151
  329 	 0.000098 	 0.159936 	 0.163151
  330 	 0.009564 	 0.156266 	 0.163151
  331 	 0.000392 	 0.161234 	 0.163151
  332 	 0.003123 	 0.158329 	 0.163151
  333 	 0.000196 	 0.153719 	 0.163151
  334 	 0.025592 	 0.161598 	 0.163151
  335 	 0.000783 	 0.158483 	 0.163151
  336 	 0.036366 	 0.159654 	 0.163151
  337 	 0.000049 	 0.159011 	 0.163151
  338 	 0.000196 	 0.157097 	 0.163151
  339 	 0.019135 	 0.160687 	 0.163151
  340 	 0.000196 	 0.159464 	 0.163151
  341 	 0.018726 	 0.156776 	 0.163151
  342 	 0.000098 	 0.158640 	 0.163152
  343 	 0.037331 	 0.159886 	 0.163152
  344 	 0.018726 	 0.158982 	 0.163152
  345 	 0.012316 	 0.157328 	 0.163152
  346 	 0.000392 	 0.157481 	 0.163152
  347 	 0.009564 	 0.159512 	 0.163152
  348 	 0.067280 	 0.161571 	 0.163152
  349 	 0.000783 	 0.159618 	 0.163152
  350 	 0.013370 	 0.158719 	 0.163152
  351 	 0.001565 	 0.159328 	 0.163152
  352 	 0.000098 	 0.158392 	 0.163152
  353 	 0.000098 	 0.153644 	 0.163152
  354 	 0.000196 	 0.159682 	 0.163153
  355 	 0.000098 	 0.159771 	 0.163154
  356 	 0.018939 	 0.158918 	 0.163154
  357 	 0.009428 	 0.156926 	 0.163153
  358 	 0.000049 	 0.157221 	 0.163153
  359 	 0.000261 	 0.153914 	 0.163153
  360 	 0.007042 	 0.153194 	 0.163153
  361 	 0.003122 	 0.156408 	 0.163153
  362 	 0.012312 	 0.157851 	 0.163153
  363 	 0.012312 	 0.156922 	 0.163154
  364 	 0.136545 	 0.162659 	 0.163154
  365 	 0.009425 	 0.159175 	 0.163154
  366 	 0.000049 	 0.158817 	 0.163154
  367 	 0.000049 	 0.154976 	 0.163154
  368 	 0.000196 	 0.155655 	 0.163154
  369 	 0.000049 	 0.156803 	 0.163154
  370 	 0.007041 	 0.159643 	 0.163154
  371 	 0.006218 	 0.156903 	 0.163154
  372 	 0.025596 	 0.159003 	 0.163154
  373 	 0.000049 	 0.156362 	 0.163154
  374 	 0.007041 	 0.158294 	 0.163154
  375 	 0.000783 	 0.157266 	 0.163154
  376 	 0.003123 	 0.150732 	 0.163154
  377 	 0.019132 	 0.159202 	 0.163154
  378 	 0.000783 	 0.157690 	 0.163154
  379 	 0.009426 	 0.158557 	 0.163154
  380 	 0.066771 	 0.160304 	 0.163154
  381 	 0.012314 	 0.159730 	 0.163154
  382 	 0.007042 	 0.158019 	 0.163154
  383 	 0.000196 	 0.156302 	 0.163154
  384 	 0.000196 	 0.160060 	 0.163154
  385 	 0.047101 	 0.157897 	 0.163154
  386 	 0.077073 	 0.160746 	 0.163154
  387 	 0.000049 	 0.158499 	 0.163154
  388 	 0.000049 	 0.155003 	 0.163154
  389 	 0.006218 	 0.159312 	 0.163154
  390 	 0.019384 	 0.159773 	 0.163154
  391 	 0.003121 	 0.159886 	 0.163154
  392 	 0.000098 	 0.160630 	 0.163154
  393 	 0.036388 	 0.159049 	 0.163154
  394 	 0.000049 	 0.157924 	 0.163154
  395 	 0.078377 	 0.160942 	 0.163154
  396 	 0.000098 	 0.157713 	 0.163154
  397 	 0.045397 	 0.159295 	 0.163154
  398 	 0.000781 	 0.160325 	 0.163154
  399 	 0.009426 	 0.159078 	 0.163154
  400 	 0.001565 	 0.157875 	 0.163154
  401 	 0.007042 	 0.160409 	 0.163154
  402 	 0.000783 	 0.157270 	 0.163154
  403 	 0.046628 	 0.161785 	 0.163154
  404 	 0.000783 	 0.154075 	 0.163154
  405 	 0.000098 	 0.150687 	 0.163154
  406 	 0.000196 	 0.155452 	 0.163154
  407 	 0.000190 	 0.153644 	 0.163154
  408 	 0.009426 	 0.156269 	 0.163154
  409 	 0.012314 	 0.157848 	 0.163154
  410 	 0.013418 	 0.161390 	 0.163154
  411 	 0.000049 	 0.158819 	 0.163154
  412 	 0.000098 	 0.156771 	 0.163154
  413 	 0.161517 	 0.163119 	 0.163154
  414 	 0.018683 	 0.160012 	 0.163154
  415 	 0.003123 	 0.154781 	 0.163154
  416 	 0.000392 	 0.155482 	 0.163154
  417 	 0.037350 	 0.159058 	 0.163154
  418 	 0.006218 	 0.159723 	 0.163154
  419 	 0.077811 	 0.160993 	 0.163154
  420 	 0.000783 	 0.158312 	 0.163154
  421 	 0.000392 	 0.157928 	 0.163154
  422 	 0.000783 	 0.159950 	 0.163154
  423 	 0.036388 	 0.159086 	 0.163154
  424 	 0.000196 	 0.158413 	 0.163154
  425 	 0.000783 	 0.159402 	 0.163154
  426 	 0.009426 	 0.155079 	 0.163154
  427 	 0.007042 	 0.158349 	 0.163154
  428 	 0.105115 	 0.162308 	 0.163154
  429 	 0.003123 	 0.155270 	 0.163154
  430 	 0.000049 	 0.158624 	 0.163154
  431 	 0.007042 	 0.157067 	 0.163154
  432 	 0.000392 	 0.157862 	 0.163154
  433 	 0.013368 	 0.160273 	 0.163154
  434 	 0.000196 	 0.159068 	 0.163154
  435 	 0.000098 	 0.158374 	 0.163154
  436 	 0.007042 	 0.158667 	 0.163154
  437 	 0.000098 	 0.154843 	 0.163154
  438 	 0.003123 	 0.157091 	 0.163154
  439 	 0.006218 	 0.160767 	 0.163154
  440 	 0.025692 	 0.159203 	 0.163154
  441 	 0.001565 	 0.157869 	 0.163154
  442 	 0.007042 	 0.158456 	 0.163154
  443 	 0.001565 	 0.157547 	 0.163154
  444 	 0.003123 	 0.158128 	 0.163154
  445 	 0.000783 	 0.159215 	 0.163154
  446 	 0.009426 	 0.161413 	 0.163154
  447 	 0.000392 	 0.158546 	 0.163154
  448 	 0.007041 	 0.158901 	 0.163154
  449 	 0.000392 	 0.159951 	 0.163154
  450 	 0.009426 	 0.159578 	 0.163154
  451 	 0.003123 	 0.158221 	 0.163154
  452 	 0.000097 	 0.161194 	 0.163154
  453 	 0.000392 	 0.159734 	 0.163154
  454 	 0.000392 	 0.157323 	 0.163154
  455 	 0.000049 	 0.156715 	 0.163154
  456 	 0.001565 	 0.159463 	 0.163154
  457 	 0.000098 	 0.157046 	 0.163154
  458 	 0.000049 	 0.157792 	 0.163154
  459 	 0.000392 	 0.160073 	 0.163154
  460 	 0.105916 	 0.162025 	 0.163154
  461 	 0.106658 	 0.162369 	 0.163154
  462 	 0.066771 	 0.161650 	 0.163154
  463 	 0.000783 	 0.157432 	 0.163154
  464 	 0.009563 	 0.160357 	 0.163154
  465 	 0.009563 	 0.157798 	 0.163154
  466 	 0.013368 	 0.157943 	 0.163154
  467 	 0.000196 	 0.159812 	 0.163154
  468 	 0.000098 	 0.161401 	 0.163154
  469 	 0.001565 	 0.157485 	 0.163154
  470 	 0.001565 	 0.159292 	 0.163154
  471 	 0.000098 	 0.159381 	 0.163154
  472 	 0.025601 	 0.157827 	 0.163154
  473 	 0.029159 	 0.159396 	 0.163154
  474 	 0.009563 	 0.159703 	 0.163154
  475 	 0.066771 	 0.160709 	 0.163154
  476 	 0.016403 	 0.157878 	 0.163154
  477 	 0.000783 	 0.158851 	 0.163154
  478 	 0.036388 	 0.159555 	 0.163154
  479 	 0.066771 	 0.159913 	 0.163154
  480 	 0.020890 	 0.161641 	 0.163154
  481 	 0.012314 	 0.161430 	 0.163154
  482 	 0.013368 	 0.159946 	 0.163154
  483 	 0.009563 	 0.158057 	 0.163154
  484 	 0.012314 	 0.159035 	 0.163154
  485 	 0.000049 	 0.160881 	 0.163154
  486 	 0.106658 	 0.161819 	 0.163154
  487 	 0.000196 	 0.157035 	 0.163154
  488 	 0.009426 	 0.158669 	 0.163154
  489 	 0.013368 	 0.161284 	 0.163154
  490 	 0.000098 	 0.157686 	 0.163154
  491 	 0.009426 	 0.157449 	 0.163154
  492 	 0.000098 	 0.158782 	 0.163154
  493 	 0.009426 	 0.160081 	 0.163154
  494 	 0.018715 	 0.157029 	 0.163154
  495 	 0.003123 	 0.157385 	 0.163154
  496 	 0.000049 	 0.153790 	 0.163154
  497 	 0.007042 	 0.158092 	 0.163154
  498 	 0.047101 	 0.160538 	 0.163154
  499 	 0.009426 	 0.157069 	 0.163154
 