   0 	 0.000049 	 0.000413 	 0.012286
    1 	 0.000107 	 0.000482 	 0.012286
    2 	 0.000195 	 0.000969 	 0.012286
    3 	 0.000412 	 0.001703 	 0.012824
    4 	 0.000051 	 0.002324 	 0.012824
    5 	 0.000342 	 0.003753 	 0.014426
    6 	 0.000099 	 0.006110 	 0.014426
    7 	 0.000381 	 0.008313 	 0.015350
    8 	 0.000371 	 0.010350 	 0.018257
    9 	 0.004122 	 0.012473 	 0.020550
   10 	 0.000763 	 0.013872 	 0.027693
   11 	 0.007450 	 0.015179 	 0.025590
   12 	 0.000194 	 0.016147 	 0.025590
   13 	 0.000049 	 0.017020 	 0.027221
   14 	 0.008681 	 0.018644 	 0.033044
   15 	 0.000098 	 0.020103 	 0.033044
   16 	 0.009584 	 0.020275 	 0.026052
   17 	 0.000195 	 0.020811 	 0.029606
   18 	 0.013827 	 0.022460 	 0.029606
   19 	 0.000098 	 0.023628 	 0.029027
   20 	 0.017885 	 0.024851 	 0.031181
   21 	 0.000776 	 0.025217 	 0.033757
   22 	 0.009890 	 0.026231 	 0.038790
   23 	 0.000049 	 0.026182 	 0.033757
   24 	 0.000196 	 0.026456 	 0.033757
   25 	 0.018566 	 0.027484 	 0.035095
   26 	 0.000098 	 0.027368 	 0.035095
   27 	 0.017702 	 0.029008 	 0.036971
   28 	 0.000396 	 0.029323 	 0.035095
   29 	 0.000778 	 0.032153 	 0.036835
   30 	 0.006364 	 0.033299 	 0.037121
   31 	 0.001545 	 0.033584 	 0.038170
   32 	 0.021952 	 0.035005 	 0.038170
   33 	 0.030538 	 0.035938 	 0.038329
   34 	 0.000196 	 0.036355 	 0.038898
   35 	 0.022195 	 0.037094 	 0.038924
   36 	 0.020227 	 0.037769 	 0.038920
   37 	 0.006073 	 0.037852 	 0.039221
   38 	 0.020390 	 0.038248 	 0.039123
   39 	 0.010374 	 0.038299 	 0.039196
   40 	 0.001567 	 0.038483 	 0.039412
   41 	 0.000049 	 0.038553 	 0.039403
   42 	 0.000098 	 0.038358 	 0.039675
   43 	 0.037314 	 0.039128 	 0.039736
   44 	 0.000784 	 0.038671 	 0.039736
   45 	 0.007113 	 0.038846 	 0.039736
   46 	 0.000392 	 0.038634 	 0.039812
   47 	 0.017307 	 0.039157 	 0.041089
   48 	 0.020744 	 0.039279 	 0.041089
   49 	 0.000196 	 0.038727 	 0.041247
   50 	 0.003123 	 0.038911 	 0.041418
   51 	 0.000098 	 0.039005 	 0.041371
   52 	 0.038900 	 0.040145 	 0.041418
   53 	 0.007065 	 0.039696 	 0.041418
   54 	 0.011790 	 0.040587 	 0.041452
   55 	 0.000196 	 0.040522 	 0.041460
   56 	 0.021151 	 0.040866 	 0.041460
   57 	 0.021205 	 0.041148 	 0.041497
   58 	 0.007068 	 0.040946 	 0.041528
   59 	 0.013985 	 0.040782 	 0.041528
   60 	 0.015930 	 0.041040 	 0.041595
   61 	 0.000196 	 0.040395 	 0.041579
   62 	 0.006262 	 0.040738 	 0.041646
   63 	 0.019604 	 0.041149 	 0.041688
   64 	 0.000196 	 0.040980 	 0.041714
   65 	 0.021433 	 0.041425 	 0.041769
   66 	 0.006208 	 0.041188 	 0.041769
   67 	 0.000784 	 0.041308 	 0.041788
   68 	 0.006218 	 0.040706 	 0.041821
   69 	 0.000196 	 0.041116 	 0.041885
   70 	 0.001566 	 0.040995 	 0.041885
   71 	 0.040968 	 0.041775 	 0.041893
   72 	 0.000392 	 0.040317 	 0.041917
   73 	 0.000783 	 0.041071 	 0.041941
   74 	 0.036588 	 0.041745 	 0.041954
   75 	 0.000098 	 0.041372 	 0.041954
   76 	 0.017035 	 0.041385 	 0.041954
   77 	 0.000196 	 0.040354 	 0.041955
   78 	 0.001565 	 0.040922 	 0.041955
   79 	 0.011918 	 0.041353 	 0.041955
   80 	 0.020965 	 0.041560 	 0.041955
   81 	 0.024990 	 0.041691 	 0.041960
   82 	 0.036491 	 0.041886 	 0.041960
   83 	 0.000098 	 0.041381 	 0.041960
   84 	 0.000392 	 0.041403 	 0.041960
   85 	 0.000392 	 0.041431 	 0.041968
   86 	 0.000784 	 0.041257 	 0.041968
   87 	 0.032425 	 0.041782 	 0.041969
   88 	 0.000784 	 0.041414 	 0.041971
   89 	 0.001567 	 0.040977 	 0.041974
   90 	 0.003128 	 0.041042 	 0.041974
   91 	 0.003199 	 0.040853 	 0.041974
   92 	 0.000392 	 0.041434 	 0.041974
   93 	 0.017228 	 0.041589 	 0.041974
   94 	 0.000392 	 0.041353 	 0.041976
   95 	 0.009227 	 0.041599 	 0.041976
   96 	 0.000196 	 0.041481 	 0.041976
   97 	 0.000392 	 0.040518 	 0.041977
   98 	 0.000049 	 0.040562 	 0.041980
   99 	 0.000049 	 0.040110 	 0.041981
  100 	 0.000098 	 0.041079 	 0.041981
  101 	 0.003135 	 0.040875 	 0.041981
  102 	 0.041972 	 0.041978 	 0.041981
  103 	 0.009226 	 0.041162 	 0.041981
  104 	 0.000049 	 0.041190 	 0.041986
  105 	 0.009220 	 0.040540 	 0.041986
  106 	 0.007130 	 0.040921 	 0.041986
  107 	 0.040882 	 0.041970 	 0.041986
  108 	 0.000049 	 0.040592 	 0.041988
  109 	 0.014269 	 0.041346 	 0.041988
  110 	 0.000392 	 0.040867 	 0.041988
  111 	 0.009211 	 0.041185 	 0.041988
  112 	 0.003128 	 0.041296 	 0.041991
  113 	 0.015761 	 0.040915 	 0.041991
  114 	 0.009226 	 0.041544 	 0.041991
  115 	 0.033571 	 0.041854 	 0.041991
  116 	 0.020873 	 0.041599 	 0.041991
  117 	 0.000784 	 0.041210 	 0.041991
  118 	 0.007124 	 0.041389 	 0.041991
  119 	 0.012029 	 0.041456 	 0.041991
  120 	 0.000392 	 0.041420 	 0.041991
  121 	 0.001567 	 0.041461 	 0.041991
  122 	 0.009226 	 0.041371 	 0.041991
  123 	 0.010601 	 0.041639 	 0.041991
  124 	 0.006200 	 0.041250 	 0.041991
  125 	 0.000784 	 0.041339 	 0.041991
  126 	 0.032986 	 0.041878 	 0.041991
  127 	 0.015738 	 0.041395 	 0.041992
  128 	 0.000392 	 0.041229 	 0.041991
  129 	 0.030505 	 0.041866 	 0.041991
  130 	 0.009926 	 0.041308 	 0.041991
  131 	 0.009223 	 0.041285 	 0.041991
  132 	 0.015738 	 0.041434 	 0.041991
  133 	 0.000098 	 0.040514 	 0.041991
  134 	 0.032997 	 0.041806 	 0.041992
  135 	 0.012015 	 0.041301 	 0.041991
  136 	 0.005892 	 0.041299 	 0.041991
  137 	 0.000392 	 0.041190 	 0.041991
  138 	 0.000392 	 0.040977 	 0.041991
  139 	 0.020866 	 0.041747 	 0.041991
  140 	 0.019578 	 0.041687 	 0.041991
  141 	 0.000098 	 0.041550 	 0.041991
  142 	 0.000098 	 0.040901 	 0.041991
  143 	 0.000050 	 0.040659 	 0.041991
  144 	 0.000196 	 0.040136 	 0.041991
  145 	 0.017205 	 0.041635 	 0.041991
  146 	 0.000392 	 0.041276 	 0.041991
  147 	 0.000784 	 0.041549 	 0.041991
  148 	 0.037819 	 0.041944 	 0.041991
  149 	 0.033019 	 0.041866 	 0.041991
  150 	 0.021538 	 0.041584 	 0.041991
  151 	 0.000196 	 0.040272 	 0.041991
  152 	 0.017205 	 0.041494 	 0.041991
  153 	 0.020866 	 0.041523 	 0.041991
  154 	 0.032198 	 0.041871 	 0.041991
  155 	 0.000098 	 0.040419 	 0.041991
  156 	 0.000098 	 0.040434 	 0.041991
  157 	 0.003133 	 0.041598 	 0.041991
  158 	 0.019578 	 0.041541 	 0.041991
  159 	 0.000049 	 0.041289 	 0.041991
  160 	 0.000196 	 0.041473 	 0.041991
  161 	 0.007127 	 0.040396 	 0.041991
  162 	 0.012019 	 0.041266 	 0.041991
  163 	 0.024910 	 0.041593 	 0.041991
  164 	 0.000784 	 0.041126 	 0.041991
  165 	 0.009220 	 0.041550 	 0.041991
  166 	 0.007127 	 0.041250 	 0.041992
  167 	 0.033019 	 0.041726 	 0.041992
  168 	 0.000196 	 0.040828 	 0.041992
  169 	 0.041540 	 0.041985 	 0.041992
  170 	 0.019606 	 0.041710 	 0.041992
  171 	 0.000196 	 0.040280 	 0.041992
  172 	 0.000098 	 0.040277 	 0.041992
  173 	 0.000098 	 0.040580 	 0.041992
  174 	 0.000049 	 0.041020 	 0.041992
  175 	 0.036579 	 0.041884 	 0.041992
  176 	 0.032199 	 0.041876 	 0.041992
  177 	 0.000784 	 0.041563 	 0.041992
  178 	 0.017205 	 0.041455 	 0.041992
  179 	 0.040085 	 0.041962 	 0.041992
  180 	 0.017205 	 0.041572 	 0.041992
  181 	 0.000098 	 0.040739 	 0.041992
  182 	 0.036579 	 0.041901 	 0.041992
  183 	 0.009220 	 0.041606 	 0.041992
  184 	 0.000196 	 0.041385 	 0.041992
  185 	 0.001567 	 0.040977 	 0.041992
  186 	 0.000049 	 0.040926 	 0.041992
  187 	 0.007127 	 0.040784 	 0.041992
  188 	 0.009220 	 0.041385 	 0.041992
  189 	 0.021538 	 0.041742 	 0.041992
  190 	 0.003127 	 0.041063 	 0.041992
  191 	 0.003127 	 0.041367 	 0.041992
  192 	 0.007127 	 0.040995 	 0.041992
  193 	 0.003127 	 0.041027 	 0.041992
  194 	 0.021538 	 0.041592 	 0.041992
  195 	 0.001542 	 0.041172 	 0.041992
  196 	 0.037820 	 0.041914 	 0.041992
  197 	 0.000098 	 0.041507 	 0.041992
  198 	 0.021538 	 0.041725 	 0.041992
  199 	 0.000049 	 0.040791 	 0.041992
  200 	 0.014257 	 0.041714 	 0.041992
  201 	 0.012019 	 0.040705 	 0.041992
  202 	 0.036579 	 0.041885 	 0.041992
  203 	 0.021538 	 0.041771 	 0.041992
  204 	 0.024911 	 0.041642 	 0.041992
  205 	 0.030064 	 0.041799 	 0.041992
  206 	 0.024911 	 0.041573 	 0.041992
  207 	 0.009220 	 0.041644 	 0.041992
  208 	 0.032199 	 0.041889 	 0.041992
  209 	 0.000049 	 0.040937 	 0.041992
  210 	 0.000049 	 0.040918 	 0.041992
  211 	 0.000196 	 0.041501 	 0.041992
  212 	 0.014257 	 0.041664 	 0.041992
  213 	 0.000196 	 0.041369 	 0.041992
  214 	 0.003127 	 0.041212 	 0.041992
  215 	 0.006201 	 0.040443 	 0.041992
  216 	 0.003127 	 0.040823 	 0.041992
  217 	 0.000098 	 0.040855 	 0.041992
  218 	 0.033340 	 0.041866 	 0.041992
  219 	 0.000098 	 0.040643 	 0.041992
  220 	 0.021541 	 0.041506 	 0.041992
  221 	 0.012019 	 0.041368 	 0.041992
  222 	 0.000196 	 0.040692 	 0.041992
  223 	 0.000196 	 0.041011 	 0.041992
  224 	 0.000196 	 0.040207 	 0.041992
  225 	 0.012019 	 0.041641 	 0.041992
  226 	 0.000098 	 0.040778 	 0.041992
  227 	 0.003127 	 0.040502 	 0.041992
  228 	 0.024911 	 0.041789 	 0.041992
  229 	 0.012019 	 0.041645 	 0.041992
  230 	 0.000392 	 0.040985 	 0.041992
  231 	 0.012019 	 0.041269 	 0.041992
  232 	 0.000392 	 0.041292 	 0.041992
  233 	 0.003127 	 0.040885 	 0.041992
  234 	 0.038581 	 0.041943 	 0.041992
  235 	 0.006203 	 0.041603 	 0.041992
  236 	 0.030064 	 0.041610 	 0.041992
  237 	 0.009922 	 0.041006 	 0.041992
  238 	 0.015760 	 0.041203 	 0.041992
  239 	 0.007127 	 0.041103 	 0.041992
  240 	 0.003127 	 0.040821 	 0.041992
  241 	 0.000098 	 0.040417 	 0.041992
  242 	 0.000049 	 0.041125 	 0.041992
  243 	 0.009220 	 0.041102 	 0.041992
  244 	 0.000784 	 0.041438 	 0.041992
  245 	 0.040052 	 0.041954 	 0.041992
  246 	 0.012019 	 0.041083 	 0.041992
  247 	 0.006203 	 0.041117 	 0.041992
  248 	 0.032199 	 0.041886 	 0.041992
  249 	 0.000098 	 0.041279 	 0.041992
  250 	 0.024911 	 0.041589 	 0.041992
  251 	 0.000049 	 0.041145 	 0.041992
  252 	 0.000098 	 0.041203 	 0.041992
  253 	 0.000392 	 0.040934 	 0.041992
  254 	 0.000196 	 0.041567 	 0.041992
  255 	 0.000049 	 0.040837 	 0.041992
  256 	 0.020867 	 0.041474 	 0.041992
  257 	 0.036579 	 0.041932 	 0.041992
  258 	 0.037820 	 0.041839 	 0.041992
  259 	 0.000196 	 0.041372 	 0.041992
  260 	 0.015747 	 0.041627 	 0.041992
  261 	 0.009220 	 0.041647 	 0.041992
  262 	 0.027994 	 0.041584 	 0.041992
  263 	 0.007127 	 0.040748 	 0.041992
  264 	 0.019578 	 0.041459 	 0.041992
  265 	 0.000049 	 0.040923 	 0.041992
  266 	 0.006203 	 0.041218 	 0.041992
  267 	 0.033020 	 0.041802 	 0.041992
  268 	 0.000784 	 0.041154 	 0.041992
  269 	 0.001567 	 0.041545 	 0.041992
  270 	 0.000392 	 0.041254 	 0.041992
  271 	 0.007127 	 0.041323 	 0.041992
  272 	 0.000098 	 0.040335 	 0.041992
  273 	 0.000049 	 0.041223 	 0.041992
  274 	 0.009220 	 0.040823 	 0.042080
  275 	 0.000098 	 0.041444 	 0.042080
  276 	 0.001567 	 0.041525 	 0.042080
  277 	 0.000049 	 0.040661 	 0.042080
  278 	 0.000784 	 0.040876 	 0.042080
  279 	 0.017205 	 0.041336 	 0.042080
  280 	 0.009922 	 0.041603 	 0.042080
  281 	 0.000098 	 0.041325 	 0.042080
  282 	 0.015747 	 0.041201 	 0.042080
  283 	 0.020859 	 0.041744 	 0.042080
  284 	 0.000392 	 0.041349 	 0.042080
  285 	 0.024934 	 0.041789 	 0.042080
  286 	 0.015767 	 0.041769 	 0.042080
  287 	 0.021944 	 0.041715 	 0.042080
  288 	 0.009224 	 0.041197 	 0.042080
  289 	 0.020929 	 0.041719 	 0.042080
  290 	 0.000392 	 0.041437 	 0.042080
  291 	 0.033091 	 0.041894 	 0.042080
  292 	 0.000392 	 0.040818 	 0.042080
  293 	 0.000392 	 0.040938 	 0.042080
  294 	 0.000196 	 0.041365 	 0.042080
  295 	 0.039555 	 0.042050 	 0.042080
  296 	 0.031638 	 0.041844 	 0.042080
  297 	 0.000049 	 0.040792 	 0.042080
  298 	 0.006863 	 0.041439 	 0.042080
  299 	 0.036678 	 0.042002 	 0.042080
  300 	 0.041869 	 0.042077 	 0.042080
  301 	 0.001567 	 0.041473 	 0.042080
  302 	 0.015757 	 0.041810 	 0.042080
  303 	 0.000196 	 0.040944 	 0.042080
  304 	 0.000049 	 0.040304 	 0.042080
  305 	 0.006202 	 0.041470 	 0.042080
  306 	 0.000098 	 0.041589 	 0.042080
  307 	 0.009920 	 0.041578 	 0.042080
  308 	 0.014231 	 0.041608 	 0.042080
  309 	 0.000392 	 0.039971 	 0.042080
  310 	 0.000784 	 0.041642 	 0.042080
  311 	 0.000049 	 0.040379 	 0.042080
  312 	 0.038021 	 0.042006 	 0.042080
  313 	 0.000196 	 0.040870 	 0.042080
  314 	 0.000098 	 0.040886 	 0.042080
  315 	 0.003127 	 0.041366 	 0.042080
  316 	 0.041278 	 0.042070 	 0.042080
  317 	 0.000196 	 0.041119 	 0.042080
  318 	 0.000049 	 0.041366 	 0.042080
  319 	 0.019576 	 0.041791 	 0.042080
  320 	 0.036698 	 0.041974 	 0.042080
  321 	 0.014230 	 0.041593 	 0.042080
  322 	 0.020923 	 0.041807 	 0.042080
  323 	 0.000098 	 0.041580 	 0.042080
  324 	 0.030178 	 0.041735 	 0.042080
  325 	 0.009918 	 0.041217 	 0.042080
  326 	 0.033083 	 0.041952 	 0.042080
  327 	 0.028066 	 0.041859 	 0.042080
  328 	 0.024947 	 0.041848 	 0.042080
  329 	 0.000098 	 0.041053 	 0.042080
  330 	 0.001567 	 0.040951 	 0.042080
  331 	 0.000784 	 0.041371 	 0.042080
  332 	 0.000392 	 0.041512 	 0.042080
  333 	 0.017232 	 0.041535 	 0.042080
  334 	 0.036688 	 0.041966 	 0.042080
  335 	 0.000392 	 0.040654 	 0.042080
  336 	 0.015761 	 0.041616 	 0.042080
  337 	 0.033342 	 0.041973 	 0.042080
  338 	 0.007120 	 0.041668 	 0.042080
  339 	 0.017232 	 0.041813 	 0.042080
  340 	 0.030169 	 0.041874 	 0.042080
  341 	 0.009918 	 0.041696 	 0.042080
  342 	 0.033083 	 0.041923 	 0.042080
  343 	 0.009919 	 0.041595 	 0.042080
  344 	 0.001567 	 0.041613 	 0.042080
  345 	 0.000098 	 0.040224 	 0.042080
  346 	 0.006203 	 0.041547 	 0.042080
  347 	 0.000098 	 0.041227 	 0.042080
  348 	 0.000784 	 0.041425 	 0.042080
  349 	 0.030169 	 0.041802 	 0.042080
  350 	 0.000098 	 0.040935 	 0.042080
  351 	 0.036507 	 0.041995 	 0.042080
  352 	 0.000098 	 0.040244 	 0.042080
  353 	 0.000784 	 0.041000 	 0.042080
  354 	 0.030504 	 0.041865 	 0.042080
  355 	 0.019570 	 0.041792 	 0.042080
  356 	 0.020539 	 0.041481 	 0.042080
  357 	 0.017232 	 0.041762 	 0.042080
  358 	 0.000784 	 0.041341 	 0.042080
  359 	 0.037900 	 0.041985 	 0.042080
  360 	 0.000098 	 0.041098 	 0.042080
  361 	 0.012020 	 0.041504 	 0.042080
  362 	 0.000098 	 0.040246 	 0.042080
  363 	 0.014230 	 0.041608 	 0.042080
  364 	 0.000784 	 0.041587 	 0.042080
  365 	 0.000196 	 0.040928 	 0.042080
  366 	 0.030617 	 0.041935 	 0.042080
  367 	 0.000049 	 0.041552 	 0.042080
  368 	 0.009227 	 0.041492 	 0.042080
  369 	 0.009918 	 0.041520 	 0.042080
  370 	 0.003127 	 0.041288 	 0.042080
  371 	 0.003127 	 0.040972 	 0.042080
  372 	 0.003127 	 0.041038 	 0.042080
  373 	 0.033083 	 0.041945 	 0.042080
  374 	 0.012020 	 0.041733 	 0.042080
  375 	 0.000392 	 0.040773 	 0.042080
  376 	 0.001567 	 0.040721 	 0.042080
  377 	 0.012020 	 0.041408 	 0.042080
  378 	 0.006203 	 0.041516 	 0.042080
  379 	 0.006203 	 0.041032 	 0.042080
  380 	 0.021548 	 0.041711 	 0.042080
  381 	 0.001567 	 0.041226 	 0.042080
  382 	 0.032241 	 0.041940 	 0.042080
  383 	 0.028066 	 0.041851 	 0.042080
  384 	 0.015761 	 0.041229 	 0.042080
  385 	 0.006203 	 0.041691 	 0.042080
  386 	 0.000049 	 0.041521 	 0.042080
  387 	 0.033083 	 0.041789 	 0.042080
  388 	 0.007120 	 0.041076 	 0.042080
  389 	 0.016013 	 0.041801 	 0.042080
  390 	 0.000098 	 0.041175 	 0.042080
  391 	 0.009227 	 0.041427 	 0.042080
  392 	 0.000098 	 0.041342 	 0.042080
  393 	 0.001567 	 0.041244 	 0.042080
  394 	 0.003127 	 0.041139 	 0.042080
  395 	 0.000784 	 0.041300 	 0.042080
  396 	 0.006203 	 0.041384 	 0.042080
  397 	 0.000098 	 0.040967 	 0.042080
  398 	 0.000098 	 0.041506 	 0.042080
  399 	 0.000784 	 0.041209 	 0.042080
  400 	 0.021548 	 0.041856 	 0.042080
  401 	 0.009227 	 0.040919 	 0.042080
  402 	 0.001567 	 0.040800 	 0.042080
  403 	 0.000196 	 0.041153 	 0.042080
  404 	 0.003127 	 0.041683 	 0.042080
  405 	 0.000392 	 0.040791 	 0.042080
  406 	 0.000098 	 0.040995 	 0.042080
  407 	 0.017232 	 0.041554 	 0.042080
  408 	 0.003127 	 0.040906 	 0.042080
  409 	 0.001567 	 0.040727 	 0.042080
  410 	 0.000098 	 0.041271 	 0.042080
  411 	 0.000098 	 0.041477 	 0.042080
  412 	 0.000392 	 0.041556 	 0.042080
  413 	 0.000392 	 0.041329 	 0.042080
  414 	 0.000196 	 0.041392 	 0.042080
  415 	 0.020926 	 0.041500 	 0.042080
  416 	 0.019570 	 0.041825 	 0.042080
  417 	 0.000049 	 0.040799 	 0.042080
  418 	 0.000098 	 0.041231 	 0.042080
  419 	 0.000196 	 0.040769 	 0.042080
  420 	 0.028066 	 0.041829 	 0.042080
  421 	 0.000098 	 0.041584 	 0.042080
  422 	 0.015761 	 0.041763 	 0.042080
  423 	 0.009918 	 0.040753 	 0.042080
  424 	 0.000196 	 0.041127 	 0.042080
  425 	 0.012020 	 0.041604 	 0.042080
  426 	 0.003127 	 0.040833 	 0.042080
  427 	 0.007120 	 0.041674 	 0.042080
  428 	 0.000392 	 0.041519 	 0.042080
  429 	 0.012020 	 0.041244 	 0.042080
  430 	 0.007010 	 0.041451 	 0.042080
  431 	 0.000392 	 0.041488 	 0.042080
  432 	 0.038007 	 0.042026 	 0.042080
  433 	 0.003127 	 0.041559 	 0.042080
  434 	 0.019570 	 0.041714 	 0.042080
  435 	 0.033342 	 0.041928 	 0.042080
  436 	 0.036688 	 0.042002 	 0.042080
  437 	 0.019570 	 0.041713 	 0.042080
  438 	 0.000784 	 0.041640 	 0.042080
  439 	 0.009227 	 0.041261 	 0.042080
  440 	 0.012020 	 0.041514 	 0.042080
  441 	 0.033083 	 0.041945 	 0.042080
  442 	 0.000784 	 0.041000 	 0.042080
  443 	 0.000784 	 0.041273 	 0.042080
  444 	 0.000392 	 0.041412 	 0.042080
  445 	 0.033083 	 0.041919 	 0.042080
  446 	 0.019570 	 0.041751 	 0.042080
  447 	 0.003127 	 0.040803 	 0.042080
  448 	 0.000196 	 0.040802 	 0.042080
  449 	 0.000098 	 0.040711 	 0.042080
  450 	 0.000196 	 0.041022 	 0.042080
  451 	 0.000394 	 0.041618 	 0.042080
  452 	 0.000784 	 0.041026 	 0.042080
  453 	 0.040768 	 0.042038 	 0.042080
  454 	 0.000049 	 0.040896 	 0.042080
  455 	 0.000196 	 0.041029 	 0.042080
  456 	 0.012020 	 0.041716 	 0.042080
  457 	 0.033342 	 0.041904 	 0.042080
  458 	 0.006203 	 0.041573 	 0.042080
  459 	 0.007120 	 0.041689 	 0.042080
  460 	 0.001567 	 0.040625 	 0.042080
  461 	 0.034267 	 0.041911 	 0.042080
  462 	 0.000392 	 0.041082 	 0.042080
  463 	 0.009227 	 0.041748 	 0.042080
  464 	 0.000098 	 0.041011 	 0.042080
  465 	 0.000196 	 0.040710 	 0.042080
  466 	 0.000394 	 0.040943 	 0.042080
  467 	 0.037900 	 0.042028 	 0.042080
  468 	 0.000049 	 0.040790 	 0.042080
  469 	 0.028066 	 0.041815 	 0.042080
  470 	 0.017232 	 0.041277 	 0.042080
  471 	 0.030504 	 0.041924 	 0.042080
  472 	 0.000098 	 0.041575 	 0.042080
  473 	 0.009918 	 0.041352 	 0.042080
  474 	 0.009918 	 0.041475 	 0.042080
  475 	 0.041644 	 0.042070 	 0.042080
  476 	 0.009227 	 0.041737 	 0.042080
  477 	 0.033083 	 0.041954 	 0.042080
  478 	 0.000049 	 0.041255 	 0.042080
  479 	 0.041650 	 0.042073 	 0.042080
  480 	 0.020926 	 0.041697 	 0.042080
  481 	 0.036688 	 0.041978 	 0.042080
  482 	 0.024947 	 0.041746 	 0.042080
  483 	 0.000098 	 0.041390 	 0.042080
  484 	 0.000196 	 0.040744 	 0.042080
  485 	 0.006203 	 0.041697 	 0.042080
  486 	 0.000098 	 0.040330 	 0.042080
  487 	 0.000196 	 0.041586 	 0.042080
  488 	 0.015761 	 0.040812 	 0.042080
  489 	 0.003127 	 0.041482 	 0.042080
  490 	 0.007120 	 0.041611 	 0.042080
  491 	 0.000392 	 0.041203 	 0.042080
  492 	 0.009227 	 0.041351 	 0.042080
  493 	 0.003127 	 0.041653 	 0.042080
  494 	 0.000049 	 0.040674 	 0.042080
  495 	 0.019501 	 0.041557 	 0.042080
  496 	 0.019576 	 0.041528 	 0.042080
  497 	 0.028066 	 0.041903 	 0.046290
  498 	 0.009227 	 0.041521 	 0.046290
  499 	 0.000098 	 0.040940 	 0.046290
 