   0 	 0.000049 	 0.000343 	 0.018571
    1 	 0.000082 	 0.000654 	 0.021459
    2 	 0.000144 	 0.001256 	 0.021449
    3 	 0.000276 	 0.001670 	 0.021449
    4 	 0.000473 	 0.002161 	 0.021449
    5 	 0.000859 	 0.003565 	 0.028885
    6 	 0.000099 	 0.005460 	 0.030203
    7 	 0.000198 	 0.009946 	 0.032727
    8 	 0.006212 	 0.013747 	 0.033124
    9 	 0.000098 	 0.016043 	 0.042649
   10 	 0.000098 	 0.018383 	 0.036955
   11 	 0.000049 	 0.022053 	 0.041012
   12 	 0.000098 	 0.025617 	 0.052032
   13 	 0.013059 	 0.031756 	 0.052032
   14 	 0.026598 	 0.035110 	 0.052032
   15 	 0.024167 	 0.037384 	 0.052117
   16 	 0.000391 	 0.041039 	 0.052373
   17 	 0.013230 	 0.044165 	 0.055003
   18 	 0.005961 	 0.046236 	 0.052930
   19 	 0.013304 	 0.049874 	 0.052987
   20 	 0.038907 	 0.051882 	 0.054850
   21 	 0.049796 	 0.052446 	 0.054980
   22 	 0.012788 	 0.052405 	 0.055597
   23 	 0.006903 	 0.051616 	 0.056559
   24 	 0.000780 	 0.051750 	 0.057744
   25 	 0.000098 	 0.052858 	 0.057744
   26 	 0.003134 	 0.053926 	 0.060076
   27 	 0.003101 	 0.054089 	 0.060076
   28 	 0.030664 	 0.056133 	 0.060076
   29 	 0.006115 	 0.056879 	 0.060076
   30 	 0.033838 	 0.057842 	 0.060127
   31 	 0.006806 	 0.058023 	 0.060169
   32 	 0.000098 	 0.058355 	 0.060636
   33 	 0.006869 	 0.059349 	 0.060636
   34 	 0.025335 	 0.059635 	 0.060932
   35 	 0.052780 	 0.060106 	 0.060932
   36 	 0.019321 	 0.059194 	 0.060932
   37 	 0.000392 	 0.059551 	 0.060934
   38 	 0.003099 	 0.059170 	 0.061276
   39 	 0.000049 	 0.060131 	 0.061467
   40 	 0.052045 	 0.060807 	 0.062107
   41 	 0.009143 	 0.059524 	 0.062107
   42 	 0.006863 	 0.060520 	 0.062107
   43 	 0.009161 	 0.059919 	 0.062286
   44 	 0.000049 	 0.059329 	 0.062420
   45 	 0.019799 	 0.061023 	 0.062489
   46 	 0.000196 	 0.060672 	 0.062682
   47 	 0.000098 	 0.060479 	 0.062682
   48 	 0.009368 	 0.060907 	 0.062682
   49 	 0.023070 	 0.061304 	 0.062682
   50 	 0.006955 	 0.061582 	 0.062681
   51 	 0.000049 	 0.060122 	 0.062681
   52 	 0.000196 	 0.061153 	 0.062706
   53 	 0.000196 	 0.061134 	 0.062706
   54 	 0.008890 	 0.061799 	 0.062691
   55 	 0.000098 	 0.060751 	 0.062907
   56 	 0.001567 	 0.060634 	 0.062907
   57 	 0.000049 	 0.059967 	 0.062771
   58 	 0.000784 	 0.061745 	 0.062771
   59 	 0.009422 	 0.061501 	 0.062771
   60 	 0.020585 	 0.061704 	 0.062798
   61 	 0.061708 	 0.062731 	 0.062830
   62 	 0.000784 	 0.061924 	 0.062820
   63 	 0.000196 	 0.061556 	 0.063135
   64 	 0.000784 	 0.060303 	 0.063135
   65 	 0.013351 	 0.061536 	 0.063135
   66 	 0.000196 	 0.061312 	 0.063135
   67 	 0.020071 	 0.062392 	 0.063135
   68 	 0.000196 	 0.060840 	 0.063152
   69 	 0.006922 	 0.062148 	 0.063152
   70 	 0.000049 	 0.061455 	 0.063162
   71 	 0.000196 	 0.062303 	 0.063319
   72 	 0.000392 	 0.062303 	 0.063325
   73 	 0.000392 	 0.061972 	 0.063325
   74 	 0.000098 	 0.061139 	 0.063331
   75 	 0.000098 	 0.060118 	 0.063330
   76 	 0.000049 	 0.060999 	 0.063331
   77 	 0.000098 	 0.060796 	 0.063203
   78 	 0.000392 	 0.062133 	 0.063203
   79 	 0.020064 	 0.062610 	 0.063210
   80 	 0.006906 	 0.062050 	 0.063326
   81 	 0.000196 	 0.061082 	 0.063326
   82 	 0.000049 	 0.061251 	 0.063323
   83 	 0.000196 	 0.062247 	 0.063323
   84 	 0.020135 	 0.062537 	 0.063341
   85 	 0.001565 	 0.062181 	 0.063341
   86 	 0.000049 	 0.061546 	 0.063407
   87 	 0.009347 	 0.062298 	 0.063352
   88 	 0.038204 	 0.062904 	 0.063400
   89 	 0.000098 	 0.061982 	 0.063400
   90 	 0.001565 	 0.060633 	 0.063406
   91 	 0.000049 	 0.061808 	 0.063412
   92 	 0.001565 	 0.061375 	 0.063414
   93 	 0.051392 	 0.063163 	 0.063423
   94 	 0.063341 	 0.063385 	 0.063423
   95 	 0.055994 	 0.063328 	 0.063423
   96 	 0.003125 	 0.061767 	 0.063481
   97 	 0.008987 	 0.062605 	 0.063481
   98 	 0.003124 	 0.062776 	 0.063491
   99 	 0.003124 	 0.061668 	 0.063491
  100 	 0.008996 	 0.062486 	 0.063498
  101 	 0.012419 	 0.062475 	 0.063499
  102 	 0.059378 	 0.063381 	 0.063499
  103 	 0.038808 	 0.063071 	 0.063499
  104 	 0.008960 	 0.062220 	 0.063556
  105 	 0.020187 	 0.062859 	 0.063572
  106 	 0.006916 	 0.061515 	 0.063572
  107 	 0.009370 	 0.062744 	 0.063599
  108 	 0.003124 	 0.062089 	 0.063599
  109 	 0.000196 	 0.062040 	 0.063605
  110 	 0.000783 	 0.062882 	 0.063684
  111 	 0.020110 	 0.063135 	 0.063661
  112 	 0.009009 	 0.062493 	 0.063662
  113 	 0.012322 	 0.062173 	 0.063662
  114 	 0.039102 	 0.063241 	 0.063665
  115 	 0.000049 	 0.061901 	 0.063664
  116 	 0.043368 	 0.063176 	 0.063820
  117 	 0.039382 	 0.063236 	 0.063820
  118 	 0.000392 	 0.061242 	 0.063820
  119 	 0.003129 	 0.060928 	 0.063824
  120 	 0.000196 	 0.062257 	 0.063835
  121 	 0.000049 	 0.061764 	 0.063831
  122 	 0.000784 	 0.060865 	 0.063826
  123 	 0.006227 	 0.062190 	 0.063826
  124 	 0.009027 	 0.063067 	 0.063830
  125 	 0.018045 	 0.061944 	 0.063831
  126 	 0.001564 	 0.063112 	 0.063848
  127 	 0.020016 	 0.063244 	 0.063848
  128 	 0.020016 	 0.062622 	 0.063855
  129 	 0.053123 	 0.063671 	 0.063866
  130 	 0.000049 	 0.062745 	 0.063866
  131 	 0.000049 	 0.062220 	 0.063873
  132 	 0.023859 	 0.062775 	 0.063873
  133 	 0.009347 	 0.062653 	 0.063874
  134 	 0.001565 	 0.062681 	 0.063874
  135 	 0.012439 	 0.062386 	 0.063874
  136 	 0.038434 	 0.063200 	 0.063878
  137 	 0.036286 	 0.063513 	 0.063881
  138 	 0.003124 	 0.062324 	 0.063881
  139 	 0.000783 	 0.061384 	 0.063881
  140 	 0.009367 	 0.062657 	 0.063893
  141 	 0.051972 	 0.063697 	 0.063893
  142 	 0.000783 	 0.061960 	 0.063904
  143 	 0.000196 	 0.063078 	 0.063893
  144 	 0.001565 	 0.063244 	 0.063904
  145 	 0.053014 	 0.063670 	 0.063904
  146 	 0.000196 	 0.062364 	 0.063904
  147 	 0.013478 	 0.063132 	 0.063904
  148 	 0.025232 	 0.063141 	 0.063904
  149 	 0.000196 	 0.061009 	 0.063905
  150 	 0.061527 	 0.063855 	 0.063905
  151 	 0.006904 	 0.061930 	 0.063905
  152 	 0.000098 	 0.061300 	 0.063905
  153 	 0.006205 	 0.062614 	 0.063906
  154 	 0.020116 	 0.063114 	 0.063906
  155 	 0.009008 	 0.061230 	 0.063906
  156 	 0.000392 	 0.061680 	 0.063908
  157 	 0.000783 	 0.062626 	 0.063908
  158 	 0.038708 	 0.063408 	 0.063908
  159 	 0.025202 	 0.063289 	 0.063908
  160 	 0.000783 	 0.062300 	 0.063908
  161 	 0.003994 	 0.062848 	 0.063908
  162 	 0.038683 	 0.063642 	 0.063908
  163 	 0.000392 	 0.063248 	 0.063908
  164 	 0.025208 	 0.063519 	 0.063908
  165 	 0.018125 	 0.063103 	 0.063908
  166 	 0.000098 	 0.062583 	 0.063908
  167 	 0.003123 	 0.062651 	 0.063908
  168 	 0.001565 	 0.063025 	 0.063908
  169 	 0.003123 	 0.062669 	 0.063908
  170 	 0.000196 	 0.060738 	 0.063908
  171 	 0.009359 	 0.062314 	 0.063908
  172 	 0.000098 	 0.063241 	 0.063908
  173 	 0.006207 	 0.062271 	 0.063908
  174 	 0.001565 	 0.062991 	 0.063908
  175 	 0.006906 	 0.062069 	 0.063908
  176 	 0.013476 	 0.062617 	 0.063908
  177 	 0.023828 	 0.063149 	 0.063908
  178 	 0.003104 	 0.062603 	 0.063908
  179 	 0.063696 	 0.063905 	 0.063908
  180 	 0.000098 	 0.062315 	 0.063908
  181 	 0.003123 	 0.062037 	 0.063908
  182 	 0.000196 	 0.063093 	 0.063908
  183 	 0.012446 	 0.063088 	 0.063908
  184 	 0.001565 	 0.062952 	 0.063908
  185 	 0.000196 	 0.062841 	 0.063908
  186 	 0.053142 	 0.063778 	 0.063909
  187 	 0.000098 	 0.060392 	 0.063909
  188 	 0.000049 	 0.063022 	 0.063909
  189 	 0.003123 	 0.062638 	 0.063909
  190 	 0.000098 	 0.061636 	 0.063909
  191 	 0.000783 	 0.061309 	 0.063909
  192 	 0.000196 	 0.062733 	 0.063909
  193 	 0.000049 	 0.061293 	 0.063909
  194 	 0.000098 	 0.060829 	 0.063909
  195 	 0.000196 	 0.062313 	 0.063909
  196 	 0.018167 	 0.063031 	 0.063909
  197 	 0.006098 	 0.061530 	 0.063909
  198 	 0.009359 	 0.062732 	 0.063909
  199 	 0.051837 	 0.063442 	 0.063909
  200 	 0.000392 	 0.063189 	 0.063909
  201 	 0.023826 	 0.063337 	 0.063909
  202 	 0.000098 	 0.061604 	 0.063909
  203 	 0.000098 	 0.062695 	 0.063909
  204 	 0.036518 	 0.063204 	 0.063909
  205 	 0.038399 	 0.063637 	 0.063909
  206 	 0.000196 	 0.062567 	 0.063909
  207 	 0.006906 	 0.062885 	 0.063909
  208 	 0.003123 	 0.062712 	 0.063909
  209 	 0.000098 	 0.062400 	 0.063909
  210 	 0.001565 	 0.062819 	 0.063909
  211 	 0.000196 	 0.062394 	 0.063909
  212 	 0.002085 	 0.060783 	 0.063909
  213 	 0.061013 	 0.063866 	 0.063909
  214 	 0.000392 	 0.062157 	 0.063909
  215 	 0.000196 	 0.061625 	 0.063909
  216 	 0.006207 	 0.062692 	 0.063909
  217 	 0.012445 	 0.063027 	 0.063909
  218 	 0.059307 	 0.063846 	 0.063909
  219 	 0.012445 	 0.063036 	 0.063909
  220 	 0.042389 	 0.063659 	 0.063909
  221 	 0.000783 	 0.061989 	 0.063909
  222 	 0.042389 	 0.063583 	 0.063909
  223 	 0.012445 	 0.062574 	 0.063909
  224 	 0.018125 	 0.063140 	 0.063909
  225 	 0.006906 	 0.062678 	 0.063909
  226 	 0.006906 	 0.063104 	 0.063909
  227 	 0.000392 	 0.062494 	 0.063909
  228 	 0.006906 	 0.062261 	 0.063909
  229 	 0.006207 	 0.063073 	 0.063909
  230 	 0.000392 	 0.063170 	 0.063909
  231 	 0.000196 	 0.063046 	 0.063909
  232 	 0.036398 	 0.063297 	 0.063909
  233 	 0.018125 	 0.063266 	 0.063909
  234 	 0.000049 	 0.061978 	 0.063909
  235 	 0.062497 	 0.063887 	 0.063909
  236 	 0.008998 	 0.062813 	 0.063909
  237 	 0.020129 	 0.063397 	 0.063909
  238 	 0.038691 	 0.063400 	 0.063909
  239 	 0.000369 	 0.062459 	 0.063909
  240 	 0.060124 	 0.063805 	 0.063909
  241 	 0.000049 	 0.062302 	 0.063909
  242 	 0.000783 	 0.062507 	 0.063909
  243 	 0.000049 	 0.061256 	 0.063909
  244 	 0.006906 	 0.062049 	 0.063909
  245 	 0.006207 	 0.062520 	 0.063909
  246 	 0.018125 	 0.063082 	 0.063909
  247 	 0.061013 	 0.063863 	 0.063909
  248 	 0.000196 	 0.062514 	 0.063909
  249 	 0.055961 	 0.063743 	 0.063909
  250 	 0.000098 	 0.063114 	 0.063909
  251 	 0.000783 	 0.063156 	 0.063909
  252 	 0.012445 	 0.063149 	 0.063909
  253 	 0.036398 	 0.063504 	 0.063909
  254 	 0.052779 	 0.063732 	 0.063909
  255 	 0.038399 	 0.063280 	 0.063909
  256 	 0.000783 	 0.061721 	 0.063909
  257 	 0.006210 	 0.062485 	 0.063909
  258 	 0.038691 	 0.063300 	 0.063909
  259 	 0.052112 	 0.063684 	 0.063909
  260 	 0.000392 	 0.063162 	 0.063909
  261 	 0.025203 	 0.062724 	 0.063909
  262 	 0.053135 	 0.063664 	 0.063909
  263 	 0.000196 	 0.063243 	 0.063909
  264 	 0.020136 	 0.063045 	 0.063909
  265 	 0.003123 	 0.062765 	 0.063909
  266 	 0.003123 	 0.062233 	 0.063909
  267 	 0.058848 	 0.063835 	 0.063909
  268 	 0.003123 	 0.062277 	 0.063909
  269 	 0.000098 	 0.061385 	 0.063909
  270 	 0.000196 	 0.062917 	 0.063909
  271 	 0.003123 	 0.062189 	 0.063909
  272 	 0.000783 	 0.062153 	 0.063909
  273 	 0.000049 	 0.061395 	 0.063909
  274 	 0.000783 	 0.062410 	 0.063909
  275 	 0.000783 	 0.062486 	 0.063909
  276 	 0.006207 	 0.062999 	 0.063909
  277 	 0.000196 	 0.061837 	 0.063909
  278 	 0.003123 	 0.063128 	 0.063909
  279 	 0.001565 	 0.060180 	 0.063909
  280 	 0.018125 	 0.062969 	 0.063909
  281 	 0.000196 	 0.062697 	 0.063909
  282 	 0.038399 	 0.063504 	 0.063909
  283 	 0.003123 	 0.062546 	 0.063909
  284 	 0.000098 	 0.061923 	 0.063909
  285 	 0.006906 	 0.062767 	 0.063909
  286 	 0.000049 	 0.060894 	 0.063909
  287 	 0.013474 	 0.063149 	 0.063909
  288 	 0.000196 	 0.061861 	 0.063909
  289 	 0.009359 	 0.062681 	 0.063909
  290 	 0.000392 	 0.062120 	 0.063909
  291 	 0.003123 	 0.063055 	 0.063909
  292 	 0.000783 	 0.061075 	 0.063909
  293 	 0.000196 	 0.061634 	 0.063909
  294 	 0.000196 	 0.061029 	 0.063909
  295 	 0.000098 	 0.062214 	 0.063909
  296 	 0.000196 	 0.062371 	 0.063909
  297 	 0.038399 	 0.063109 	 0.063909
  298 	 0.009359 	 0.063145 	 0.063909
  299 	 0.001565 	 0.062092 	 0.063909
  300 	 0.000098 	 0.062622 	 0.063909
  301 	 0.000392 	 0.062191 	 0.063909
  302 	 0.038691 	 0.063364 	 0.063909
  303 	 0.016491 	 0.062907 	 0.063909
  304 	 0.042389 	 0.063631 	 0.063909
  305 	 0.000783 	 0.060893 	 0.063909
  306 	 0.006207 	 0.062222 	 0.063909
  307 	 0.025203 	 0.063017 	 0.063909
  308 	 0.013474 	 0.062717 	 0.063909
  309 	 0.052112 	 0.063573 	 0.063909
  310 	 0.000392 	 0.062890 	 0.063909
  311 	 0.000098 	 0.062243 	 0.063909
  312 	 0.000392 	 0.062518 	 0.063909
  313 	 0.003123 	 0.062903 	 0.063909
  314 	 0.038691 	 0.063557 	 0.063909
  315 	 0.038399 	 0.063607 	 0.063909
  316 	 0.003123 	 0.062455 	 0.063909
  317 	 0.000392 	 0.061465 	 0.063909
  318 	 0.042389 	 0.063612 	 0.063909
  319 	 0.018125 	 0.062817 	 0.063909
  320 	 0.000098 	 0.063218 	 0.063909
  321 	 0.000196 	 0.061713 	 0.063909
  322 	 0.012445 	 0.063102 	 0.063909
  323 	 0.006207 	 0.062817 	 0.063909
  324 	 0.000783 	 0.062054 	 0.063909
  325 	 0.006207 	 0.062758 	 0.063909
  326 	 0.000049 	 0.062513 	 0.063909
  327 	 0.000098 	 0.062704 	 0.063909
  328 	 0.000098 	 0.061374 	 0.063909
  329 	 0.000392 	 0.062015 	 0.063909
  330 	 0.000783 	 0.062223 	 0.063909
  331 	 0.000049 	 0.061849 	 0.063909
  332 	 0.006207 	 0.063251 	 0.063909
  333 	 0.012445 	 0.062321 	 0.063909
  334 	 0.003123 	 0.062335 	 0.063909
  335 	 0.000098 	 0.062878 	 0.063909
  336 	 0.018125 	 0.062183 	 0.063909
  337 	 0.023825 	 0.062414 	 0.063909
  338 	 0.006906 	 0.062663 	 0.063909
  339 	 0.000049 	 0.061395 	 0.063909
  340 	 0.000196 	 0.062288 	 0.063909
  341 	 0.003123 	 0.062562 	 0.063909
  342 	 0.000196 	 0.062996 	 0.063909
  343 	 0.000392 	 0.063271 	 0.063909
  344 	 0.000049 	 0.062565 	 0.063909
  345 	 0.051835 	 0.063701 	 0.063909
  346 	 0.000098 	 0.061603 	 0.063909
  347 	 0.013474 	 0.063004 	 0.063909
  348 	 0.053135 	 0.063728 	 0.063909
  349 	 0.000783 	 0.061840 	 0.063909
  350 	 0.000392 	 0.061729 	 0.063909
  351 	 0.006207 	 0.061182 	 0.063909
  352 	 0.038691 	 0.063453 	 0.063909
  353 	 0.000783 	 0.062353 	 0.063909
  354 	 0.000392 	 0.061463 	 0.063909
  355 	 0.006906 	 0.062787 	 0.063909
  356 	 0.038691 	 0.063501 	 0.063909
  357 	 0.003123 	 0.062507 	 0.063909
  358 	 0.009359 	 0.062526 	 0.063909
  359 	 0.038399 	 0.063412 	 0.063909
  360 	 0.006207 	 0.062650 	 0.063909
  361 	 0.036398 	 0.063276 	 0.063909
  362 	 0.006855 	 0.062686 	 0.063909
  363 	 0.000098 	 0.063061 	 0.063909
  364 	 0.000196 	 0.062057 	 0.063909
  365 	 0.025203 	 0.063266 	 0.063909
  366 	 0.059307 	 0.063832 	 0.063909
  367 	 0.062770 	 0.063891 	 0.063909
  368 	 0.023825 	 0.063134 	 0.063909
  369 	 0.000196 	 0.062212 	 0.063909
  370 	 0.000783 	 0.061392 	 0.063909
  371 	 0.000392 	 0.062738 	 0.063909
  372 	 0.000098 	 0.062943 	 0.063909
  373 	 0.025203 	 0.063492 	 0.063909
  374 	 0.000049 	 0.062543 	 0.063909
  375 	 0.006207 	 0.062022 	 0.063909
  376 	 0.009359 	 0.061997 	 0.063909
  377 	 0.013474 	 0.063297 	 0.063909
  378 	 0.009009 	 0.062665 	 0.063909
  379 	 0.000098 	 0.062938 	 0.063909
  380 	 0.009009 	 0.062801 	 0.063909
  381 	 0.061013 	 0.063844 	 0.063909
  382 	 0.001565 	 0.062373 	 0.063909
  383 	 0.023825 	 0.063485 	 0.063909
  384 	 0.009009 	 0.062759 	 0.063909
  385 	 0.062237 	 0.063889 	 0.063909
  386 	 0.020129 	 0.062796 	 0.063909
  387 	 0.000196 	 0.061479 	 0.063909
  388 	 0.000049 	 0.062414 	 0.063909
  389 	 0.000783 	 0.062585 	 0.063909
  390 	 0.000196 	 0.062358 	 0.063909
  391 	 0.012445 	 0.063226 	 0.063909
  392 	 0.000098 	 0.062627 	 0.063909
  393 	 0.000392 	 0.063142 	 0.063909
  394 	 0.036398 	 0.063565 	 0.063909
  395 	 0.000392 	 0.061995 	 0.063909
  396 	 0.000392 	 0.062643 	 0.063909
  397 	 0.000049 	 0.062194 	 0.063909
  398 	 0.000049 	 0.060490 	 0.063909
  399 	 0.012445 	 0.063386 	 0.063909
  400 	 0.000049 	 0.062111 	 0.063909
  401 	 0.000049 	 0.062346 	 0.063909
  402 	 0.013474 	 0.063250 	 0.063909
  403 	 0.000392 	 0.063184 	 0.063909
  404 	 0.018125 	 0.062840 	 0.063909
  405 	 0.038691 	 0.063013 	 0.063909
  406 	 0.038399 	 0.063501 	 0.063909
  407 	 0.020129 	 0.062521 	 0.063909
  408 	 0.003123 	 0.062648 	 0.063909
  409 	 0.020129 	 0.062769 	 0.063909
  410 	 0.013474 	 0.063403 	 0.063909
  411 	 0.018125 	 0.062332 	 0.063909
  412 	 0.020129 	 0.062553 	 0.063909
  413 	 0.001564 	 0.062345 	 0.063909
  414 	 0.000049 	 0.061579 	 0.063909
  415 	 0.000783 	 0.062364 	 0.063909
  416 	 0.010296 	 0.062865 	 0.063909
  417 	 0.031322 	 0.063279 	 0.063909
  418 	 0.000098 	 0.061924 	 0.063909
  419 	 0.000392 	 0.061725 	 0.063909
  420 	 0.006906 	 0.062992 	 0.063909
  421 	 0.000783 	 0.061759 	 0.063909
  422 	 0.013697 	 0.063250 	 0.063909
  423 	 0.003123 	 0.063256 	 0.063909
  424 	 0.018125 	 0.063416 	 0.063909
  425 	 0.003123 	 0.061567 	 0.063909
  426 	 0.038691 	 0.063538 	 0.063909
  427 	 0.000196 	 0.062856 	 0.063909
  428 	 0.009359 	 0.062918 	 0.063909
  429 	 0.001565 	 0.061164 	 0.063909
  430 	 0.009360 	 0.062882 	 0.063909
  431 	 0.060445 	 0.063856 	 0.063909
  432 	 0.003123 	 0.061784 	 0.063909
  433 	 0.000783 	 0.062749 	 0.063909
  434 	 0.001565 	 0.062533 	 0.063909
  435 	 0.013474 	 0.063371 	 0.063909
  436 	 0.012445 	 0.062271 	 0.063909
  437 	 0.000392 	 0.062634 	 0.063909
  438 	 0.003123 	 0.062818 	 0.063909
  439 	 0.000793 	 0.061469 	 0.063909
  440 	 0.023825 	 0.062840 	 0.063909
  441 	 0.008822 	 0.062065 	 0.063909
  442 	 0.000392 	 0.062544 	 0.063909
  443 	 0.000049 	 0.062697 	 0.063909
  444 	 0.000196 	 0.061561 	 0.063909
  445 	 0.001565 	 0.062007 	 0.063909
  446 	 0.003123 	 0.062605 	 0.063909
  447 	 0.000196 	 0.063155 	 0.063909
  448 	 0.001565 	 0.062400 	 0.063909
  449 	 0.000196 	 0.061887 	 0.063909
  450 	 0.055961 	 0.063829 	 0.063909
  451 	 0.006906 	 0.063013 	 0.063909
  452 	 0.018125 	 0.062657 	 0.063909
  453 	 0.023825 	 0.063194 	 0.063909
  454 	 0.000783 	 0.062159 	 0.063909
  455 	 0.000783 	 0.061914 	 0.063909
  456 	 0.001565 	 0.060676 	 0.063909
  457 	 0.009359 	 0.063312 	 0.063909
  458 	 0.023825 	 0.062765 	 0.063909
  459 	 0.020129 	 0.063035 	 0.063909
  460 	 0.006906 	 0.063193 	 0.063909
  461 	 0.060124 	 0.063841 	 0.063909
  462 	 0.009359 	 0.063200 	 0.063909
  463 	 0.006207 	 0.063260 	 0.063909
  464 	 0.000783 	 0.063186 	 0.063909
  465 	 0.000392 	 0.061917 	 0.063909
  466 	 0.001565 	 0.060763 	 0.063909
  467 	 0.003123 	 0.062922 	 0.063909
  468 	 0.013474 	 0.062869 	 0.063909
  469 	 0.000196 	 0.063121 	 0.063909
  470 	 0.000098 	 0.062241 	 0.063909
  471 	 0.058848 	 0.063794 	 0.063909
  472 	 0.000196 	 0.062405 	 0.063909
  473 	 0.032694 	 0.063398 	 0.063909
  474 	 0.000392 	 0.061251 	 0.063909
  475 	 0.000098 	 0.062718 	 0.063909
  476 	 0.053135 	 0.063656 	 0.063909
  477 	 0.020129 	 0.062772 	 0.063909
  478 	 0.043155 	 0.063696 	 0.063909
  479 	 0.000098 	 0.061131 	 0.063909
  480 	 0.006906 	 0.062979 	 0.063909
  481 	 0.001565 	 0.061834 	 0.063909
  482 	 0.016245 	 0.062790 	 0.063909
  483 	 0.032694 	 0.062995 	 0.063909
  484 	 0.000196 	 0.062728 	 0.063909
  485 	 0.000098 	 0.063009 	 0.063909
  486 	 0.006207 	 0.063302 	 0.063909
  487 	 0.063353 	 0.063899 	 0.063909
  488 	 0.009359 	 0.063360 	 0.063909
  489 	 0.057588 	 0.063801 	 0.063909
  490 	 0.000196 	 0.062695 	 0.063909
  491 	 0.000196 	 0.063173 	 0.063909
  492 	 0.000392 	 0.062947 	 0.063909
  493 	 0.000098 	 0.062487 	 0.063909
  494 	 0.000196 	 0.062099 	 0.063909
  495 	 0.032694 	 0.063312 	 0.063909
  496 	 0.000191 	 0.059831 	 0.063909
  497 	 0.038399 	 0.063606 	 0.063909
  498 	 0.012445 	 0.063009 	 0.063909
  499 	 0.000098 	 0.061844 	 0.063909
 