   0 	 0.000049 	 0.000408 	 0.013037
    1 	 0.000100 	 0.001219 	 0.013120
    2 	 0.000108 	 0.002105 	 0.016408
    3 	 0.000052 	 0.003267 	 0.022571
    4 	 0.000049 	 0.005414 	 0.019609
    5 	 0.000049 	 0.008005 	 0.017108
    6 	 0.002821 	 0.010101 	 0.020539
    7 	 0.000049 	 0.011198 	 0.028775
    8 	 0.000400 	 0.012780 	 0.032470
    9 	 0.000098 	 0.015435 	 0.029846
   10 	 0.000098 	 0.017623 	 0.032732
   11 	 0.000098 	 0.022148 	 0.030847
   12 	 0.001577 	 0.025928 	 0.034318
   13 	 0.012192 	 0.027271 	 0.031090
   14 	 0.007626 	 0.027514 	 0.033640
   15 	 0.000198 	 0.026597 	 0.038381
   16 	 0.000098 	 0.027662 	 0.038381
   17 	 0.000787 	 0.026459 	 0.035104
   18 	 0.007093 	 0.028406 	 0.035104
   19 	 0.001652 	 0.029998 	 0.047757
   20 	 0.003536 	 0.029709 	 0.047757
   21 	 0.006214 	 0.030625 	 0.047757
   22 	 0.000098 	 0.029752 	 0.037271
   23 	 0.006192 	 0.029733 	 0.036895
   24 	 0.005731 	 0.029512 	 0.116379
   25 	 0.000098 	 0.032708 	 0.126746
   26 	 0.007197 	 0.038288 	 0.127259
   27 	 0.000049 	 0.038039 	 0.121796
   28 	 0.033166 	 0.051314 	 0.128121
   29 	 0.000049 	 0.066311 	 0.128186
   30 	 0.023885 	 0.095365 	 0.129833
   31 	 0.000785 	 0.114576 	 0.133899
   32 	 0.000784 	 0.119277 	 0.133899
   33 	 0.000789 	 0.120731 	 0.133899
   34 	 0.009659 	 0.124637 	 0.133899
   35 	 0.009696 	 0.124040 	 0.133918
   36 	 0.000392 	 0.124183 	 0.133918
   37 	 0.001568 	 0.125688 	 0.133918
   38 	 0.000785 	 0.126170 	 0.134056
   39 	 0.000196 	 0.125306 	 0.134056
   40 	 0.012432 	 0.125802 	 0.133918
   41 	 0.000098 	 0.127963 	 0.134127
   42 	 0.000098 	 0.124717 	 0.134147
   43 	 0.009666 	 0.128973 	 0.134833
   44 	 0.046683 	 0.131280 	 0.135645
   45 	 0.000049 	 0.126681 	 0.135645
   46 	 0.003129 	 0.132363 	 0.135645
   47 	 0.051093 	 0.132267 	 0.139355
   48 	 0.000098 	 0.130561 	 0.139355
   49 	 0.003126 	 0.131619 	 0.139285
   50 	 0.019059 	 0.133368 	 0.143125
   51 	 0.012506 	 0.133557 	 0.143125
   52 	 0.000049 	 0.132261 	 0.143125
   53 	 0.018497 	 0.133453 	 0.143125
   54 	 0.000392 	 0.138504 	 0.143142
   55 	 0.006945 	 0.136143 	 0.143324
   56 	 0.006302 	 0.137349 	 0.143324
   57 	 0.000392 	 0.137436 	 0.143324
   58 	 0.000098 	 0.134898 	 0.143752
   59 	 0.001351 	 0.139103 	 0.143871
   60 	 0.000049 	 0.138918 	 0.143880
   61 	 0.000196 	 0.137374 	 0.143896
   62 	 0.061955 	 0.142525 	 0.144378
   63 	 0.006273 	 0.142216 	 0.145149
   64 	 0.012542 	 0.138340 	 0.144861
   65 	 0.000049 	 0.138626 	 0.145217
   66 	 0.024870 	 0.142322 	 0.145869
   67 	 0.018573 	 0.140556 	 0.145869
   68 	 0.003130 	 0.142315 	 0.145869
   69 	 0.024999 	 0.142376 	 0.145869
   70 	 0.000098 	 0.142317 	 0.146116
   71 	 0.003134 	 0.144207 	 0.146158
   72 	 0.006256 	 0.142028 	 0.146670
   73 	 0.000196 	 0.139972 	 0.146158
   74 	 0.009593 	 0.140881 	 0.146684
   75 	 0.138493 	 0.145949 	 0.146714
   76 	 0.013871 	 0.143182 	 0.146714
   77 	 0.000784 	 0.143184 	 0.146855
   78 	 0.000049 	 0.142094 	 0.146877
   79 	 0.000098 	 0.143420 	 0.146877
   80 	 0.087656 	 0.145970 	 0.146877
   81 	 0.000392 	 0.143993 	 0.146918
   82 	 0.027244 	 0.142960 	 0.147002
   83 	 0.024969 	 0.144881 	 0.147002
   84 	 0.018754 	 0.143204 	 0.147002
   85 	 0.000392 	 0.143056 	 0.147002
   86 	 0.000049 	 0.138476 	 0.146987
   87 	 0.012441 	 0.143590 	 0.146986
   88 	 0.009483 	 0.144228 	 0.146986
   89 	 0.000049 	 0.142265 	 0.146986
   90 	 0.063892 	 0.145253 	 0.146991
   91 	 0.003132 	 0.143653 	 0.146991
   92 	 0.000098 	 0.141138 	 0.146991
   93 	 0.022022 	 0.145090 	 0.147325
   94 	 0.006276 	 0.144436 	 0.147325
   95 	 0.001568 	 0.141675 	 0.147325
   96 	 0.037279 	 0.145206 	 0.147325
   97 	 0.000392 	 0.142582 	 0.147325
   98 	 0.035278 	 0.145277 	 0.147398
   99 	 0.009484 	 0.144203 	 0.147451
  100 	 0.116749 	 0.146704 	 0.147405
  101 	 0.003133 	 0.141961 	 0.147405
  102 	 0.000098 	 0.144322 	 0.147406
  103 	 0.000049 	 0.142320 	 0.147406
  104 	 0.009594 	 0.144954 	 0.147406
  105 	 0.000049 	 0.139311 	 0.147516
  106 	 0.000196 	 0.142145 	 0.147553
  107 	 0.006251 	 0.144211 	 0.147781
  108 	 0.019269 	 0.145599 	 0.147781
  109 	 0.040267 	 0.146376 	 0.147781
  110 	 0.018596 	 0.142890 	 0.147800
  111 	 0.006248 	 0.145523 	 0.147899
  112 	 0.000784 	 0.144369 	 0.147899
  113 	 0.037626 	 0.144926 	 0.147933
  114 	 0.006939 	 0.144618 	 0.147933
  115 	 0.000098 	 0.144437 	 0.148071
  116 	 0.000196 	 0.143133 	 0.148071
  117 	 0.138530 	 0.147661 	 0.148139
  118 	 0.000098 	 0.142173 	 0.148139
  119 	 0.037463 	 0.145022 	 0.148139
  120 	 0.138593 	 0.147825 	 0.148139
  121 	 0.000049 	 0.144424 	 0.148210
  122 	 0.102776 	 0.146856 	 0.148212
  123 	 0.019282 	 0.141567 	 0.148274
  124 	 0.069393 	 0.146620 	 0.148274
  125 	 0.001567 	 0.146606 	 0.148244
  126 	 0.000049 	 0.141903 	 0.148276
  127 	 0.102544 	 0.147366 	 0.148276
  128 	 0.000392 	 0.144508 	 0.148276
  129 	 0.000049 	 0.141394 	 0.148277
  130 	 0.001567 	 0.145085 	 0.148284
  131 	 0.042215 	 0.145111 	 0.148284
  132 	 0.089790 	 0.146876 	 0.148284
  133 	 0.000784 	 0.146301 	 0.148284
  134 	 0.027129 	 0.144920 	 0.148289
  135 	 0.124592 	 0.147897 	 0.148289
  136 	 0.000392 	 0.142462 	 0.148289
  137 	 0.013766 	 0.145718 	 0.148289
  138 	 0.013768 	 0.144621 	 0.148289
  139 	 0.000098 	 0.145756 	 0.148289
  140 	 0.012454 	 0.144849 	 0.148292
  141 	 0.019259 	 0.146333 	 0.148292
  142 	 0.042265 	 0.144427 	 0.148292
  143 	 0.009598 	 0.145597 	 0.148292
  144 	 0.006929 	 0.144522 	 0.148292
  145 	 0.009598 	 0.144041 	 0.148292
  146 	 0.009598 	 0.143180 	 0.148292
  147 	 0.042267 	 0.145938 	 0.148292
  148 	 0.064102 	 0.144682 	 0.148292
  149 	 0.001567 	 0.144393 	 0.148299
  150 	 0.012455 	 0.144377 	 0.148299
  151 	 0.012455 	 0.145388 	 0.148299
  152 	 0.003132 	 0.144806 	 0.148299
  153 	 0.000784 	 0.143848 	 0.148299
  154 	 0.009486 	 0.146558 	 0.148299
  155 	 0.000196 	 0.141294 	 0.148299
  156 	 0.006260 	 0.146266 	 0.148308
  157 	 0.006933 	 0.144488 	 0.148299
  158 	 0.042572 	 0.146745 	 0.148303
  159 	 0.000098 	 0.143548 	 0.148303
  160 	 0.003134 	 0.144640 	 0.148308
  161 	 0.069624 	 0.147287 	 0.148308
  162 	 0.000784 	 0.143921 	 0.148308
  163 	 0.018516 	 0.145565 	 0.148308
  164 	 0.001567 	 0.140656 	 0.148308
  165 	 0.000196 	 0.141872 	 0.148308
  166 	 0.000049 	 0.144365 	 0.148308
  167 	 0.102346 	 0.147371 	 0.148308
  168 	 0.000392 	 0.141683 	 0.148308
  169 	 0.000196 	 0.142200 	 0.148332
  170 	 0.000098 	 0.143034 	 0.148332
  171 	 0.000784 	 0.142773 	 0.148332
  172 	 0.000098 	 0.146572 	 0.148332
  173 	 0.125872 	 0.147938 	 0.148332
  174 	 0.000392 	 0.142909 	 0.148332
  175 	 0.000196 	 0.140653 	 0.148332
  176 	 0.006258 	 0.142393 	 0.148332
  177 	 0.000098 	 0.144099 	 0.148332
  178 	 0.003133 	 0.144288 	 0.148332
  179 	 0.000784 	 0.144912 	 0.148332
  180 	 0.001567 	 0.145104 	 0.148332
  181 	 0.000098 	 0.142191 	 0.148332
  182 	 0.042590 	 0.146119 	 0.148332
  183 	 0.012467 	 0.142098 	 0.148332
  184 	 0.001567 	 0.144618 	 0.148332
  185 	 0.003133 	 0.143531 	 0.148332
  186 	 0.037321 	 0.145094 	 0.148332
  187 	 0.009493 	 0.146728 	 0.148333
  188 	 0.000049 	 0.143459 	 0.148333
  189 	 0.001567 	 0.144566 	 0.148333
  190 	 0.035578 	 0.144685 	 0.148333
  191 	 0.018533 	 0.144879 	 0.148333
  192 	 0.051366 	 0.146902 	 0.148333
  193 	 0.003133 	 0.145429 	 0.148333
  194 	 0.063806 	 0.146460 	 0.148333
  195 	 0.013755 	 0.142950 	 0.148333
  196 	 0.006932 	 0.144570 	 0.148333
  197 	 0.009493 	 0.142329 	 0.148333
  198 	 0.000784 	 0.141574 	 0.148333
  199 	 0.136010 	 0.148127 	 0.148333
  200 	 0.000098 	 0.139360 	 0.148333
  201 	 0.009603 	 0.144602 	 0.148333
  202 	 0.003133 	 0.144831 	 0.148333
  203 	 0.035577 	 0.144120 	 0.148333
  204 	 0.000098 	 0.142673 	 0.148333
  205 	 0.006932 	 0.143413 	 0.148333
  206 	 0.018533 	 0.144967 	 0.148333
  207 	 0.003133 	 0.145645 	 0.148333
  208 	 0.146655 	 0.148258 	 0.148333
  209 	 0.125761 	 0.148017 	 0.148333
  210 	 0.009493 	 0.142648 	 0.148333
  211 	 0.000196 	 0.140317 	 0.148333
  212 	 0.000392 	 0.139175 	 0.148333
  213 	 0.000049 	 0.139682 	 0.148333
  214 	 0.001567 	 0.140388 	 0.148333
  215 	 0.047105 	 0.147179 	 0.148333
  216 	 0.000049 	 0.145340 	 0.148333
  217 	 0.006932 	 0.142213 	 0.148333
  218 	 0.000392 	 0.142357 	 0.148333
  219 	 0.000784 	 0.141340 	 0.148333
  220 	 0.000098 	 0.144938 	 0.148333
  221 	 0.006258 	 0.142473 	 0.148333
  222 	 0.000196 	 0.141968 	 0.148333
  223 	 0.000049 	 0.144252 	 0.148333
  224 	 0.000784 	 0.143785 	 0.148333
  225 	 0.003061 	 0.142635 	 0.148333
  226 	 0.000098 	 0.144901 	 0.148333
  227 	 0.012467 	 0.144635 	 0.148333
  228 	 0.003133 	 0.143330 	 0.148333
  229 	 0.001567 	 0.143280 	 0.148333
  230 	 0.000049 	 0.144190 	 0.148333
  231 	 0.000784 	 0.143041 	 0.148333
  232 	 0.009607 	 0.145533 	 0.148333
  233 	 0.147998 	 0.148325 	 0.148333
  234 	 0.018631 	 0.144910 	 0.148333
  235 	 0.001567 	 0.142457 	 0.148333
  236 	 0.006932 	 0.145616 	 0.148333
  237 	 0.000098 	 0.146837 	 0.148333
  238 	 0.001567 	 0.144802 	 0.148333
  239 	 0.037322 	 0.144261 	 0.148333
  240 	 0.000098 	 0.145244 	 0.148333
  241 	 0.000196 	 0.140654 	 0.148333
  242 	 0.000196 	 0.141868 	 0.148333
  243 	 0.000392 	 0.146519 	 0.148333
  244 	 0.009493 	 0.145540 	 0.148333
  245 	 0.000049 	 0.145248 	 0.148333
  246 	 0.000784 	 0.146752 	 0.148333
  247 	 0.018631 	 0.143766 	 0.148333
  248 	 0.018533 	 0.144240 	 0.148333
  249 	 0.001567 	 0.143656 	 0.148333
  250 	 0.000098 	 0.141164 	 0.148333
  251 	 0.001567 	 0.142713 	 0.148333
  252 	 0.000784 	 0.145327 	 0.148333
  253 	 0.006932 	 0.144521 	 0.148333
  254 	 0.000196 	 0.144053 	 0.148333
  255 	 0.090250 	 0.147610 	 0.148333
  256 	 0.102562 	 0.147856 	 0.148333
  257 	 0.006932 	 0.144883 	 0.148333
  258 	 0.009607 	 0.145313 	 0.148333
  259 	 0.000392 	 0.141154 	 0.148333
  260 	 0.000049 	 0.140485 	 0.148333
  261 	 0.000049 	 0.143861 	 0.148333
  262 	 0.042460 	 0.144826 	 0.148333
  263 	 0.000049 	 0.145714 	 0.148333
  264 	 0.000098 	 0.141930 	 0.148333
  265 	 0.000098 	 0.141420 	 0.148333
  266 	 0.000098 	 0.141536 	 0.148333
  267 	 0.001567 	 0.141507 	 0.148333
  268 	 0.115218 	 0.147986 	 0.148333
  269 	 0.000098 	 0.145140 	 0.148333
  270 	 0.116501 	 0.147850 	 0.148333
  271 	 0.000098 	 0.142721 	 0.148333
  272 	 0.047105 	 0.145834 	 0.148333
  273 	 0.000098 	 0.142607 	 0.148333
  274 	 0.003133 	 0.145872 	 0.148333
  275 	 0.006932 	 0.146013 	 0.148333
  276 	 0.003133 	 0.144766 	 0.148333
  277 	 0.036177 	 0.146186 	 0.148333
  278 	 0.000784 	 0.143945 	 0.148333
  279 	 0.000098 	 0.141200 	 0.148333
  280 	 0.000098 	 0.143861 	 0.148333
  281 	 0.013755 	 0.142512 	 0.148333
  282 	 0.000196 	 0.145368 	 0.148333
  283 	 0.009493 	 0.146633 	 0.148333
  284 	 0.018533 	 0.145940 	 0.148333
  285 	 0.006932 	 0.143638 	 0.148333
  286 	 0.089780 	 0.147616 	 0.148333
  287 	 0.000392 	 0.140631 	 0.148333
  288 	 0.000098 	 0.138665 	 0.148333
  289 	 0.140050 	 0.148160 	 0.148333
  290 	 0.013755 	 0.140099 	 0.148333
  291 	 0.000196 	 0.143227 	 0.148333
  292 	 0.000196 	 0.143606 	 0.148333
  293 	 0.000049 	 0.140136 	 0.148333
  294 	 0.000049 	 0.143688 	 0.148333
  295 	 0.082695 	 0.147476 	 0.148333
  296 	 0.001567 	 0.144431 	 0.148333
  297 	 0.000707 	 0.141962 	 0.148333
  298 	 0.000049 	 0.143682 	 0.148333
  299 	 0.001567 	 0.140601 	 0.148333
  300 	 0.000098 	 0.144599 	 0.148333
  301 	 0.000196 	 0.146157 	 0.148333
  302 	 0.000098 	 0.141509 	 0.148333
  303 	 0.003133 	 0.139477 	 0.148333
  304 	 0.051364 	 0.144231 	 0.148333
  305 	 0.009607 	 0.143835 	 0.148333
  306 	 0.000098 	 0.141572 	 0.148333
  307 	 0.000196 	 0.144588 	 0.148333
  308 	 0.000049 	 0.143751 	 0.148333
  309 	 0.024857 	 0.146869 	 0.148333
  310 	 0.013755 	 0.145266 	 0.148333
  311 	 0.115218 	 0.147963 	 0.148333
  312 	 0.019292 	 0.145772 	 0.148333
  313 	 0.005655 	 0.143953 	 0.148333
  314 	 0.013755 	 0.146171 	 0.148333
  315 	 0.009493 	 0.145406 	 0.148333
  316 	 0.009607 	 0.139851 	 0.148333
  317 	 0.000392 	 0.138656 	 0.148333
  318 	 0.000049 	 0.142658 	 0.148333
  319 	 0.006932 	 0.144438 	 0.148333
  320 	 0.000196 	 0.146749 	 0.148333
  321 	 0.000049 	 0.142141 	 0.148333
  322 	 0.000098 	 0.146850 	 0.148333
  323 	 0.006932 	 0.140522 	 0.148333
  324 	 0.024857 	 0.145141 	 0.148333
  325 	 0.009493 	 0.140379 	 0.148333
  326 	 0.001567 	 0.144060 	 0.148333
  327 	 0.001567 	 0.145099 	 0.148333
  328 	 0.000392 	 0.142523 	 0.148333
  329 	 0.000049 	 0.137460 	 0.148333
  330 	 0.140050 	 0.148245 	 0.148333
  331 	 0.035577 	 0.144966 	 0.148333
  332 	 0.009493 	 0.144780 	 0.148333
  333 	 0.042460 	 0.146955 	 0.148333
  334 	 0.003126 	 0.143886 	 0.148333
  335 	 0.009607 	 0.145872 	 0.148333
  336 	 0.000196 	 0.145081 	 0.148333
  337 	 0.069422 	 0.146796 	 0.148333
  338 	 0.006257 	 0.140287 	 0.148333
  339 	 0.024857 	 0.144957 	 0.148333
  340 	 0.000049 	 0.146765 	 0.148333
  341 	 0.035577 	 0.143441 	 0.148333
  342 	 0.009493 	 0.144414 	 0.148333
  343 	 0.006258 	 0.144385 	 0.148333
  344 	 0.000784 	 0.143920 	 0.148333
  345 	 0.003133 	 0.142688 	 0.148333
  346 	 0.009490 	 0.143898 	 0.148333
  347 	 0.063804 	 0.147370 	 0.148333
  348 	 0.001567 	 0.144795 	 0.148333
  349 	 0.000196 	 0.143799 	 0.148333
  350 	 0.006932 	 0.145881 	 0.148333
  351 	 0.001567 	 0.141547 	 0.148333
  352 	 0.000196 	 0.142255 	 0.148333
  353 	 0.006932 	 0.143891 	 0.148333
  354 	 0.003133 	 0.144391 	 0.148333
  355 	 0.019292 	 0.146656 	 0.148333
  356 	 0.102562 	 0.147452 	 0.148333
  357 	 0.009607 	 0.146529 	 0.148333
  358 	 0.000196 	 0.144109 	 0.148333
  359 	 0.001567 	 0.143543 	 0.148333
  360 	 0.009607 	 0.143359 	 0.148333
  361 	 0.018034 	 0.143625 	 0.148333
  362 	 0.000049 	 0.145372 	 0.148333
  363 	 0.012467 	 0.145991 	 0.148333
  364 	 0.000049 	 0.145010 	 0.148333
  365 	 0.006932 	 0.143327 	 0.148333
  366 	 0.000392 	 0.145262 	 0.148333
  367 	 0.000098 	 0.143665 	 0.148333
  368 	 0.000098 	 0.138347 	 0.148333
  369 	 0.018631 	 0.144835 	 0.148333
  370 	 0.102562 	 0.147246 	 0.148333
  371 	 0.038263 	 0.145188 	 0.148333
  372 	 0.116483 	 0.147791 	 0.148333
  373 	 0.000196 	 0.146228 	 0.148333
  374 	 0.042460 	 0.145545 	 0.148333
  375 	 0.009607 	 0.143096 	 0.148333
  376 	 0.000049 	 0.142995 	 0.148333
  377 	 0.012467 	 0.144400 	 0.148333
  378 	 0.115218 	 0.147676 	 0.148333
  379 	 0.000098 	 0.144320 	 0.148333
  380 	 0.009607 	 0.145817 	 0.148333
  381 	 0.018631 	 0.143113 	 0.148333
  382 	 0.000196 	 0.143692 	 0.148333
  383 	 0.009493 	 0.145628 	 0.148333
  384 	 0.000049 	 0.143204 	 0.148333
  385 	 0.019292 	 0.145948 	 0.148333
  386 	 0.000784 	 0.144549 	 0.148333
  387 	 0.000098 	 0.143287 	 0.148333
  388 	 0.019292 	 0.146258 	 0.148333
  389 	 0.006258 	 0.145058 	 0.148333
  390 	 0.000392 	 0.144491 	 0.148333
  391 	 0.009607 	 0.145832 	 0.148333
  392 	 0.018631 	 0.145039 	 0.148333
  393 	 0.000049 	 0.143986 	 0.148333
  394 	 0.042460 	 0.146700 	 0.148333
  395 	 0.012467 	 0.144408 	 0.148333
  396 	 0.018631 	 0.145230 	 0.148333
  397 	 0.000049 	 0.143995 	 0.148333
  398 	 0.098763 	 0.146958 	 0.148333
  399 	 0.012467 	 0.146174 	 0.148333
  400 	 0.000784 	 0.143552 	 0.148333
  401 	 0.000392 	 0.144219 	 0.148333
  402 	 0.000098 	 0.144143 	 0.148333
  403 	 0.000784 	 0.142013 	 0.148333
  404 	 0.095077 	 0.147477 	 0.148333
  405 	 0.006258 	 0.141968 	 0.148333
  406 	 0.042460 	 0.146625 	 0.148333
  407 	 0.037322 	 0.145407 	 0.148333
  408 	 0.000784 	 0.142973 	 0.148333
  409 	 0.001567 	 0.143745 	 0.148333
  410 	 0.051364 	 0.147127 	 0.148333
  411 	 0.006258 	 0.146308 	 0.148333
  412 	 0.018533 	 0.145385 	 0.148333
  413 	 0.000098 	 0.143974 	 0.148333
  414 	 0.001567 	 0.145267 	 0.148333
  415 	 0.000392 	 0.141026 	 0.148333
  416 	 0.000784 	 0.144149 	 0.148333
  417 	 0.000049 	 0.142884 	 0.148333
  418 	 0.000784 	 0.145960 	 0.148333
  419 	 0.000098 	 0.138619 	 0.148333
  420 	 0.000392 	 0.139481 	 0.148333
  421 	 0.018631 	 0.145766 	 0.148333
  422 	 0.003133 	 0.144621 	 0.148333
  423 	 0.013755 	 0.144787 	 0.148333
  424 	 0.113640 	 0.147615 	 0.148333
  425 	 0.042460 	 0.145846 	 0.148333
  426 	 0.000784 	 0.140235 	 0.148333
  427 	 0.000392 	 0.139941 	 0.148333
  428 	 0.009493 	 0.144537 	 0.148333
  429 	 0.035577 	 0.145714 	 0.148333
  430 	 0.013755 	 0.144663 	 0.148333
  431 	 0.009493 	 0.143882 	 0.148333
  432 	 0.003133 	 0.146275 	 0.148333
  433 	 0.009607 	 0.142801 	 0.148333
  434 	 0.006680 	 0.144117 	 0.148333
  435 	 0.003133 	 0.146674 	 0.148333
  436 	 0.000393 	 0.145617 	 0.148333
  437 	 0.018533 	 0.142609 	 0.148333
  438 	 0.018533 	 0.143442 	 0.148333
  439 	 0.000049 	 0.143471 	 0.148333
  440 	 0.000392 	 0.144570 	 0.148333
  441 	 0.000049 	 0.145330 	 0.148333
  442 	 0.018533 	 0.143463 	 0.148333
  443 	 0.000784 	 0.141560 	 0.148333
  444 	 0.063804 	 0.147485 	 0.148333
  445 	 0.000196 	 0.141880 	 0.148333
  446 	 0.013755 	 0.144691 	 0.148333
  447 	 0.000392 	 0.144431 	 0.148333
  448 	 0.037322 	 0.146956 	 0.148333
  449 	 0.000397 	 0.141659 	 0.148333
  450 	 0.000049 	 0.144784 	 0.148333
  451 	 0.012467 	 0.144160 	 0.148333
  452 	 0.000098 	 0.143603 	 0.148333
  453 	 0.000098 	 0.139672 	 0.148333
  454 	 0.009607 	 0.145961 	 0.148333
  455 	 0.018533 	 0.145523 	 0.148333
  456 	 0.003133 	 0.144077 	 0.148333
  457 	 0.009085 	 0.145716 	 0.148333
  458 	 0.123984 	 0.148070 	 0.148333
  459 	 0.006258 	 0.144563 	 0.148333
  460 	 0.082695 	 0.145991 	 0.148333
  461 	 0.000392 	 0.144002 	 0.148333
  462 	 0.000196 	 0.140655 	 0.148333
  463 	 0.000098 	 0.142040 	 0.148333
  464 	 0.000314 	 0.144145 	 0.148333
  465 	 0.090250 	 0.147137 	 0.148333
  466 	 0.000196 	 0.140463 	 0.148333
  467 	 0.009607 	 0.145560 	 0.148333
  468 	 0.000784 	 0.139944 	 0.148333
  469 	 0.024857 	 0.144238 	 0.148333
  470 	 0.001567 	 0.142929 	 0.148333
  471 	 0.009607 	 0.145473 	 0.148333
  472 	 0.024857 	 0.145572 	 0.148333
  473 	 0.009493 	 0.145434 	 0.148333
  474 	 0.009493 	 0.144604 	 0.148333
  475 	 0.000392 	 0.141466 	 0.148333
  476 	 0.001567 	 0.144317 	 0.148333
  477 	 0.006258 	 0.145432 	 0.148333
  478 	 0.000784 	 0.144424 	 0.148333
  479 	 0.000196 	 0.145084 	 0.148333
  480 	 0.000196 	 0.141402 	 0.148333
  481 	 0.013755 	 0.144593 	 0.148333
  482 	 0.000784 	 0.144106 	 0.148333
  483 	 0.006258 	 0.143722 	 0.148333
  484 	 0.000098 	 0.144173 	 0.148333
  485 	 0.013755 	 0.145318 	 0.148333
  486 	 0.000049 	 0.138267 	 0.148333
  487 	 0.000196 	 0.141855 	 0.148333
  488 	 0.000784 	 0.146029 	 0.148333
  489 	 0.035577 	 0.146722 	 0.148333
  490 	 0.000098 	 0.139468 	 0.148333
  491 	 0.018533 	 0.146540 	 0.148333
  492 	 0.003133 	 0.142373 	 0.148333
  493 	 0.003133 	 0.140199 	 0.148333
  494 	 0.000392 	 0.145614 	 0.148333
  495 	 0.136010 	 0.148177 	 0.148333
  496 	 0.001567 	 0.142868 	 0.148333
  497 	 0.125761 	 0.148035 	 0.148333
  498 	 0.035577 	 0.147035 	 0.148333
  499 	 0.018631 	 0.143068 	 0.148333
 