   0 	 0.000051 	 0.000629 	 0.016005
    1 	 0.000092 	 0.001020 	 0.035907
    2 	 0.000148 	 0.001133 	 0.016315
    3 	 0.000052 	 0.001953 	 0.016217
    4 	 0.000160 	 0.004181 	 0.026043
    5 	 0.002024 	 0.007070 	 0.027544
    6 	 0.002972 	 0.010218 	 0.033141
    7 	 0.002903 	 0.011963 	 0.033141
    8 	 0.003738 	 0.014107 	 0.035116
    9 	 0.004163 	 0.016336 	 0.035116
   10 	 0.000049 	 0.019111 	 0.034056
   11 	 0.000393 	 0.020739 	 0.040442
   12 	 0.006807 	 0.024740 	 0.040442
   13 	 0.005960 	 0.026310 	 0.040442
   14 	 0.002955 	 0.027806 	 0.042043
   15 	 0.005888 	 0.028833 	 0.042043
   16 	 0.005608 	 0.028157 	 0.042165
   17 	 0.000196 	 0.027780 	 0.046455
   18 	 0.006633 	 0.030584 	 0.048654
   19 	 0.000098 	 0.027134 	 0.043191
   20 	 0.006138 	 0.031509 	 0.048781
   21 	 0.000391 	 0.031056 	 0.048781
   22 	 0.005791 	 0.033184 	 0.048781
   23 	 0.000199 	 0.034913 	 0.051429
   24 	 0.000098 	 0.042273 	 0.062833
   25 	 0.000391 	 0.043842 	 0.062932
   26 	 0.007853 	 0.046096 	 0.063512
   27 	 0.000392 	 0.049822 	 0.063691
   28 	 0.000788 	 0.051880 	 0.068238
   29 	 0.000392 	 0.054087 	 0.067448
   30 	 0.041425 	 0.060752 	 0.067448
   31 	 0.000098 	 0.060686 	 0.070412
   32 	 0.016534 	 0.062717 	 0.070412
   33 	 0.009362 	 0.064136 	 0.070487
   34 	 0.009827 	 0.066332 	 0.074575
   35 	 0.016506 	 0.067264 	 0.074810
   36 	 0.000196 	 0.068394 	 0.079578
   37 	 0.000391 	 0.070206 	 0.079586
   38 	 0.064011 	 0.072961 	 0.081672
   39 	 0.007010 	 0.072832 	 0.082802
   40 	 0.018598 	 0.076295 	 0.082398
   41 	 0.056178 	 0.079608 	 0.082398
   42 	 0.033650 	 0.079370 	 0.082831
   43 	 0.070808 	 0.081110 	 0.083980
   44 	 0.000196 	 0.080206 	 0.086528
   45 	 0.012121 	 0.081412 	 0.086528
   46 	 0.000783 	 0.080023 	 0.086812
   47 	 0.078346 	 0.083501 	 0.091041
   48 	 0.012409 	 0.084102 	 0.092389
   49 	 0.006258 	 0.084869 	 0.092430
   50 	 0.000196 	 0.087102 	 0.092961
   51 	 0.000098 	 0.086157 	 0.094034
   52 	 0.064993 	 0.089546 	 0.094034
   53 	 0.009694 	 0.088920 	 0.094034
   54 	 0.006782 	 0.088583 	 0.094034
   55 	 0.079658 	 0.091290 	 0.094094
   56 	 0.047202 	 0.090670 	 0.094183
   57 	 0.009888 	 0.091550 	 0.094223
   58 	 0.039033 	 0.091412 	 0.094223
   59 	 0.000049 	 0.089566 	 0.094275
   60 	 0.000049 	 0.088729 	 0.094738
   61 	 0.003102 	 0.091840 	 0.094742
   62 	 0.017108 	 0.092747 	 0.094899
   63 	 0.011902 	 0.091729 	 0.095064
   64 	 0.003097 	 0.093590 	 0.095571
   65 	 0.050035 	 0.093614 	 0.095571
   66 	 0.000391 	 0.091911 	 0.095763
   67 	 0.018991 	 0.093627 	 0.096737
   68 	 0.035866 	 0.094478 	 0.096737
   69 	 0.022782 	 0.093496 	 0.096737
   70 	 0.035261 	 0.094231 	 0.096791
   71 	 0.000098 	 0.092722 	 0.097686
   72 	 0.048806 	 0.095477 	 0.097686
   73 	 0.000196 	 0.094087 	 0.097686
   74 	 0.042900 	 0.095386 	 0.097796
   75 	 0.000782 	 0.095836 	 0.097796
   76 	 0.000098 	 0.095101 	 0.097796
   77 	 0.017121 	 0.094494 	 0.097796
   78 	 0.000196 	 0.093696 	 0.098566
   79 	 0.000396 	 0.091303 	 0.098693
   80 	 0.000098 	 0.095140 	 0.098503
   81 	 0.093955 	 0.097764 	 0.098503
   82 	 0.003103 	 0.094768 	 0.098739
   83 	 0.009897 	 0.096218 	 0.098739
   84 	 0.026784 	 0.095969 	 0.098849
   85 	 0.018685 	 0.096138 	 0.098912
   86 	 0.000391 	 0.096605 	 0.099208
   87 	 0.006138 	 0.096143 	 0.099208
   88 	 0.000098 	 0.091994 	 0.099208
   89 	 0.000782 	 0.097842 	 0.098975
   90 	 0.000049 	 0.095147 	 0.099066
   91 	 0.001560 	 0.097170 	 0.098936
   92 	 0.000196 	 0.097811 	 0.098927
   93 	 0.035988 	 0.098044 	 0.098927
   94 	 0.000049 	 0.096194 	 0.098966
   95 	 0.035737 	 0.097371 	 0.098969
   96 	 0.001560 	 0.096088 	 0.098977
   97 	 0.018705 	 0.097025 	 0.098977
   98 	 0.040077 	 0.098131 	 0.098981
   99 	 0.000196 	 0.094265 	 0.098996
  100 	 0.000391 	 0.093984 	 0.099007
  101 	 0.000049 	 0.095531 	 0.099007
  102 	 0.000782 	 0.095764 	 0.099017
  103 	 0.006138 	 0.097034 	 0.099027
  104 	 0.011969 	 0.096734 	 0.099071
  105 	 0.006892 	 0.096210 	 0.099071
  106 	 0.068829 	 0.098607 	 0.099071
  107 	 0.000098 	 0.096256 	 0.099071
  108 	 0.000782 	 0.096580 	 0.099079
  109 	 0.035480 	 0.096753 	 0.099104
  110 	 0.026983 	 0.097854 	 0.099104
  111 	 0.000782 	 0.097461 	 0.099104
  112 	 0.017086 	 0.097183 	 0.099104
  113 	 0.006892 	 0.098129 	 0.099097
  114 	 0.000049 	 0.094236 	 0.099097
  115 	 0.018650 	 0.098085 	 0.099109
  116 	 0.000049 	 0.096711 	 0.099581
  117 	 0.000782 	 0.096014 	 0.099581
  118 	 0.000049 	 0.096261 	 0.099218
  119 	 0.000391 	 0.092740 	 0.099218
  120 	 0.000391 	 0.097899 	 0.099304
  121 	 0.000391 	 0.096895 	 0.099304
  122 	 0.080953 	 0.098935 	 0.099304
  123 	 0.006119 	 0.096115 	 0.099316
  124 	 0.022419 	 0.097431 	 0.099339
  125 	 0.013837 	 0.098021 	 0.099339
  126 	 0.006889 	 0.098156 	 0.099339
  127 	 0.000049 	 0.095796 	 0.099571
  128 	 0.018603 	 0.097212 	 0.099571
  129 	 0.000098 	 0.097380 	 0.099601
  130 	 0.018606 	 0.097787 	 0.099602
  131 	 0.000049 	 0.093108 	 0.099601
  132 	 0.000782 	 0.097369 	 0.099601
  133 	 0.006890 	 0.096582 	 0.099601
  134 	 0.017157 	 0.098090 	 0.099601
  135 	 0.000098 	 0.098383 	 0.099616
  136 	 0.000049 	 0.093936 	 0.099619
  137 	 0.000782 	 0.096971 	 0.099619
  138 	 0.000049 	 0.098008 	 0.099632
  139 	 0.000392 	 0.096414 	 0.099637
  140 	 0.090294 	 0.099482 	 0.099637
  141 	 0.011990 	 0.098543 	 0.099637
  142 	 0.013756 	 0.096844 	 0.099637
  143 	 0.000098 	 0.094714 	 0.099642
  144 	 0.000391 	 0.097138 	 0.099642
  145 	 0.000782 	 0.096306 	 0.099645
  146 	 0.017150 	 0.098798 	 0.099645
  147 	 0.013775 	 0.097677 	 0.099645
  148 	 0.018725 	 0.098434 	 0.099645
  149 	 0.011982 	 0.098670 	 0.099649
  150 	 0.000391 	 0.097111 	 0.099653
  151 	 0.000049 	 0.095048 	 0.099653
  152 	 0.000196 	 0.095489 	 0.099653
  153 	 0.000782 	 0.093542 	 0.099653
  154 	 0.000196 	 0.097370 	 0.099653
  155 	 0.000049 	 0.097590 	 0.099656
  156 	 0.069260 	 0.098814 	 0.099656
  157 	 0.009891 	 0.098063 	 0.099656
  158 	 0.011986 	 0.096925 	 0.099656
  159 	 0.000098 	 0.094658 	 0.099656
  160 	 0.022694 	 0.098002 	 0.099656
  161 	 0.035533 	 0.098791 	 0.099656
  162 	 0.026878 	 0.098406 	 0.099656
  163 	 0.022694 	 0.098591 	 0.099656
  164 	 0.000049 	 0.097700 	 0.099656
  165 	 0.000196 	 0.097933 	 0.099656
  166 	 0.000782 	 0.097832 	 0.099656
  167 	 0.000098 	 0.096642 	 0.099656
  168 	 0.009891 	 0.098230 	 0.099656
  169 	 0.013773 	 0.098196 	 0.099656
  170 	 0.000391 	 0.097389 	 0.099656
  171 	 0.083425 	 0.099293 	 0.099656
  172 	 0.000391 	 0.093349 	 0.099656
  173 	 0.000391 	 0.095914 	 0.099656
  174 	 0.009480 	 0.098527 	 0.099656
  175 	 0.000196 	 0.094317 	 0.099656
  176 	 0.035658 	 0.098200 	 0.099656
  177 	 0.000049 	 0.097435 	 0.099656
  178 	 0.018734 	 0.098561 	 0.099656
  179 	 0.026878 	 0.098699 	 0.099656
  180 	 0.004025 	 0.096537 	 0.099659
  181 	 0.000782 	 0.097695 	 0.099656
  182 	 0.003104 	 0.096617 	 0.099656
  183 	 0.000391 	 0.096599 	 0.099656
  184 	 0.000391 	 0.097003 	 0.099656
  185 	 0.001560 	 0.096149 	 0.099659
  186 	 0.006139 	 0.096792 	 0.099659
  187 	 0.000782 	 0.097895 	 0.099659
  188 	 0.000391 	 0.097136 	 0.099659
  189 	 0.003104 	 0.097756 	 0.099659
  190 	 0.000391 	 0.095789 	 0.099659
  191 	 0.000196 	 0.092921 	 0.099659
  192 	 0.000782 	 0.097914 	 0.099659
  193 	 0.000196 	 0.097219 	 0.099659
  194 	 0.001560 	 0.098301 	 0.099659
  195 	 0.000049 	 0.094145 	 0.099659
  196 	 0.000196 	 0.096424 	 0.099659
  197 	 0.009480 	 0.097723 	 0.099659
  198 	 0.034308 	 0.097885 	 0.099659
  199 	 0.001560 	 0.095444 	 0.099659
  200 	 0.000196 	 0.096766 	 0.099659
  201 	 0.000391 	 0.097506 	 0.099659
  202 	 0.018734 	 0.097332 	 0.099659
  203 	 0.000049 	 0.096475 	 0.099659
  204 	 0.009480 	 0.097464 	 0.099659
  205 	 0.000049 	 0.097164 	 0.099659
  206 	 0.000391 	 0.097414 	 0.099659
  207 	 0.000391 	 0.095575 	 0.099659
  208 	 0.043012 	 0.098771 	 0.099659
  209 	 0.035540 	 0.098201 	 0.099659
  210 	 0.000782 	 0.097587 	 0.099659
  211 	 0.017146 	 0.098457 	 0.099659
  212 	 0.000196 	 0.092842 	 0.099659
  213 	 0.048975 	 0.098094 	 0.099659
  214 	 0.084457 	 0.099443 	 0.099659
  215 	 0.000049 	 0.097301 	 0.099659
  216 	 0.011986 	 0.098592 	 0.099659
  217 	 0.000098 	 0.098660 	 0.099659
  218 	 0.017146 	 0.098291 	 0.099659
  219 	 0.006139 	 0.098301 	 0.099659
  220 	 0.018734 	 0.098227 	 0.099659
  221 	 0.000049 	 0.095193 	 0.099659
  222 	 0.040237 	 0.097777 	 0.099659
  223 	 0.000196 	 0.098354 	 0.099659
  224 	 0.000782 	 0.097545 	 0.099659
  225 	 0.000196 	 0.096735 	 0.099659
  226 	 0.009891 	 0.097630 	 0.099659
  227 	 0.000049 	 0.095978 	 0.099659
  228 	 0.000782 	 0.093073 	 0.099659
  229 	 0.000098 	 0.098194 	 0.099659
  230 	 0.000049 	 0.094992 	 0.099659
  231 	 0.000049 	 0.095604 	 0.099659
  232 	 0.003104 	 0.097151 	 0.099659
  233 	 0.013773 	 0.098005 	 0.099659
  234 	 0.000049 	 0.095634 	 0.099659
  235 	 0.017146 	 0.097757 	 0.099659
  236 	 0.000049 	 0.097097 	 0.099659
  237 	 0.011986 	 0.098570 	 0.099659
  238 	 0.000391 	 0.097660 	 0.099659
  239 	 0.009891 	 0.097048 	 0.099659
  240 	 0.018734 	 0.097239 	 0.099659
  241 	 0.009891 	 0.096524 	 0.099659
  242 	 0.001560 	 0.097559 	 0.099659
  243 	 0.006139 	 0.096981 	 0.099659
  244 	 0.018734 	 0.097776 	 0.099659
  245 	 0.006166 	 0.098256 	 0.099659
  246 	 0.000098 	 0.097676 	 0.099659
  247 	 0.040237 	 0.098581 	 0.099659
  248 	 0.000049 	 0.092285 	 0.099659
  249 	 0.035540 	 0.098290 	 0.099659
  250 	 0.000049 	 0.098426 	 0.099659
  251 	 0.000391 	 0.095014 	 0.099659
  252 	 0.000049 	 0.095871 	 0.099659
  253 	 0.040033 	 0.097933 	 0.099659
  254 	 0.000196 	 0.095406 	 0.099659
  255 	 0.011986 	 0.097563 	 0.099659
  256 	 0.000049 	 0.096311 	 0.099659
  257 	 0.000049 	 0.097590 	 0.099659
  258 	 0.060820 	 0.098896 	 0.099659
  259 	 0.009480 	 0.096326 	 0.099659
  260 	 0.040237 	 0.098841 	 0.099659
  261 	 0.000049 	 0.097319 	 0.099659
  262 	 0.011986 	 0.098326 	 0.099659
  263 	 0.000782 	 0.096257 	 0.099659
  264 	 0.001560 	 0.096229 	 0.099659
  265 	 0.040237 	 0.098809 	 0.099659
  266 	 0.006900 	 0.097954 	 0.099659
  267 	 0.018734 	 0.098450 	 0.099659
  268 	 0.000391 	 0.095890 	 0.099659
  269 	 0.000049 	 0.094860 	 0.099659
  270 	 0.000196 	 0.097073 	 0.099659
  271 	 0.009496 	 0.096974 	 0.099659
  272 	 0.003104 	 0.095352 	 0.099659
  273 	 0.009891 	 0.097366 	 0.099659
  274 	 0.013773 	 0.097990 	 0.099659
  275 	 0.000049 	 0.095053 	 0.099659
  276 	 0.000782 	 0.096784 	 0.099659
  277 	 0.006139 	 0.097500 	 0.099659
  278 	 0.000391 	 0.094959 	 0.099659
  279 	 0.003055 	 0.097929 	 0.099659
  280 	 0.000098 	 0.093934 	 0.099659
  281 	 0.017146 	 0.097666 	 0.099659
  282 	 0.006139 	 0.096677 	 0.099659
  283 	 0.000049 	 0.098530 	 0.099659
  284 	 0.012011 	 0.097187 	 0.099659
  285 	 0.000049 	 0.095916 	 0.099659
  286 	 0.001560 	 0.094781 	 0.099659
  287 	 0.040237 	 0.098461 	 0.099659
  288 	 0.000098 	 0.097516 	 0.099659
  289 	 0.011986 	 0.098715 	 0.099659
  290 	 0.000098 	 0.094826 	 0.099659
  291 	 0.013773 	 0.096627 	 0.099659
  292 	 0.000393 	 0.097507 	 0.099659
  293 	 0.009891 	 0.098301 	 0.099659
  294 	 0.094591 	 0.099571 	 0.099659
  295 	 0.006139 	 0.096386 	 0.099659
  296 	 0.006900 	 0.096119 	 0.099659
  297 	 0.006139 	 0.097576 	 0.099659
  298 	 0.013773 	 0.096595 	 0.099659
  299 	 0.000098 	 0.097777 	 0.099659
  300 	 0.012874 	 0.094989 	 0.099659
  301 	 0.009480 	 0.097830 	 0.099659
  302 	 0.003104 	 0.098254 	 0.099659
  303 	 0.000782 	 0.096631 	 0.099659
  304 	 0.000049 	 0.098481 	 0.099659
  305 	 0.035656 	 0.098519 	 0.099659
  306 	 0.000049 	 0.095581 	 0.099659
  307 	 0.026879 	 0.098133 	 0.099659
  308 	 0.000196 	 0.095313 	 0.099659
  309 	 0.000391 	 0.096444 	 0.099659
  310 	 0.000782 	 0.097135 	 0.099659
  311 	 0.000098 	 0.091625 	 0.099659
  312 	 0.018734 	 0.098834 	 0.099659
  313 	 0.000391 	 0.095724 	 0.099659
  314 	 0.001560 	 0.098066 	 0.099659
  315 	 0.094591 	 0.099599 	 0.099659
  316 	 0.049794 	 0.098734 	 0.099659
  317 	 0.009480 	 0.095712 	 0.099659
  318 	 0.018734 	 0.098759 	 0.099659
  319 	 0.009885 	 0.097733 	 0.099659
  320 	 0.026879 	 0.097900 	 0.099659
  321 	 0.000196 	 0.096719 	 0.099659
  322 	 0.009480 	 0.096226 	 0.099659
  323 	 0.009891 	 0.096710 	 0.099659
  324 	 0.000391 	 0.097288 	 0.099659
  325 	 0.000049 	 0.095912 	 0.099659
  326 	 0.000049 	 0.097616 	 0.099659
  327 	 0.003104 	 0.097920 	 0.099659
  328 	 0.011986 	 0.097698 	 0.099659
  329 	 0.000098 	 0.096570 	 0.099659
  330 	 0.006139 	 0.097596 	 0.099659
  331 	 0.084457 	 0.099192 	 0.099659
  332 	 0.000391 	 0.096651 	 0.099659
  333 	 0.006139 	 0.097706 	 0.099659
  334 	 0.017146 	 0.098544 	 0.099659
  335 	 0.060820 	 0.098516 	 0.099659
  336 	 0.011986 	 0.096792 	 0.099659
  337 	 0.000098 	 0.094523 	 0.099659
  338 	 0.043012 	 0.099067 	 0.099659
  339 	 0.026879 	 0.098329 	 0.099659
  340 	 0.022693 	 0.098725 	 0.099659
  341 	 0.011986 	 0.098572 	 0.099659
  342 	 0.009480 	 0.098157 	 0.099659
  343 	 0.000391 	 0.097267 	 0.099659
  344 	 0.011986 	 0.098773 	 0.099659
  345 	 0.006139 	 0.097165 	 0.099659
  346 	 0.006900 	 0.096602 	 0.099659
  347 	 0.026879 	 0.097672 	 0.099659
  348 	 0.018734 	 0.098236 	 0.099659
  349 	 0.001560 	 0.097517 	 0.099659
  350 	 0.000049 	 0.093569 	 0.099659
  351 	 0.000098 	 0.093923 	 0.099659
  352 	 0.000049 	 0.095310 	 0.099659
  353 	 0.000098 	 0.096466 	 0.099659
  354 	 0.043012 	 0.098669 	 0.099659
  355 	 0.035656 	 0.097857 	 0.099659
  356 	 0.009891 	 0.097303 	 0.099659
  357 	 0.035540 	 0.098872 	 0.099659
  358 	 0.000782 	 0.096305 	 0.099659
  359 	 0.018734 	 0.097056 	 0.099659
  360 	 0.006139 	 0.098406 	 0.099659
  361 	 0.022693 	 0.098756 	 0.099659
  362 	 0.003104 	 0.096773 	 0.099659
  363 	 0.003104 	 0.097904 	 0.099659
  364 	 0.000098 	 0.096721 	 0.099659
  365 	 0.097879 	 0.099630 	 0.099659
  366 	 0.018734 	 0.097548 	 0.099659
  367 	 0.000049 	 0.092551 	 0.099659
  368 	 0.011986 	 0.097711 	 0.099659
  369 	 0.035656 	 0.099000 	 0.099659
  370 	 0.000782 	 0.098632 	 0.099659
  371 	 0.000049 	 0.093769 	 0.099659
  372 	 0.012261 	 0.097053 	 0.099659
  373 	 0.003104 	 0.098164 	 0.099659
  374 	 0.006900 	 0.097137 	 0.099659
  375 	 0.009480 	 0.098270 	 0.099659
  376 	 0.011986 	 0.098596 	 0.099659
  377 	 0.022693 	 0.096035 	 0.099659
  378 	 0.003104 	 0.096153 	 0.099659
  379 	 0.000049 	 0.095814 	 0.099659
  380 	 0.006900 	 0.097550 	 0.099659
  381 	 0.026879 	 0.098284 	 0.099659
  382 	 0.018734 	 0.097541 	 0.099659
  383 	 0.000196 	 0.096511 	 0.099659
  384 	 0.000782 	 0.097135 	 0.099659
  385 	 0.017113 	 0.098092 	 0.099659
  386 	 0.000196 	 0.094982 	 0.099659
  387 	 0.000196 	 0.096530 	 0.099659
  388 	 0.000098 	 0.097721 	 0.099659
  389 	 0.035656 	 0.097986 	 0.099659
  390 	 0.000391 	 0.097778 	 0.099659
  391 	 0.000098 	 0.096426 	 0.099659
  392 	 0.083603 	 0.099368 	 0.099659
  393 	 0.001560 	 0.097752 	 0.099659
  394 	 0.040237 	 0.099013 	 0.099659
  395 	 0.000049 	 0.098160 	 0.099659
  396 	 0.011986 	 0.097049 	 0.099659
  397 	 0.000391 	 0.095256 	 0.099659
  398 	 0.000049 	 0.098005 	 0.099659
  399 	 0.000196 	 0.096797 	 0.099659
  400 	 0.040237 	 0.098813 	 0.099659
  401 	 0.018734 	 0.097433 	 0.099659
  402 	 0.006139 	 0.097478 	 0.099659
  403 	 0.007010 	 0.097468 	 0.099659
  404 	 0.018734 	 0.097589 	 0.099659
  405 	 0.017146 	 0.096789 	 0.099659
  406 	 0.000196 	 0.095741 	 0.099659
  407 	 0.022693 	 0.097245 	 0.099659
  408 	 0.001560 	 0.093503 	 0.099659
  409 	 0.000049 	 0.096308 	 0.099659
  410 	 0.003104 	 0.096815 	 0.099659
  411 	 0.000196 	 0.098076 	 0.099659
  412 	 0.000098 	 0.096600 	 0.099659
  413 	 0.006139 	 0.095527 	 0.099659
  414 	 0.000196 	 0.095379 	 0.099659
  415 	 0.006139 	 0.095732 	 0.099659
  416 	 0.000098 	 0.096534 	 0.099659
  417 	 0.013632 	 0.097977 	 0.099659
  418 	 0.000782 	 0.097585 	 0.099659
  419 	 0.043012 	 0.098581 	 0.099659
  420 	 0.043012 	 0.099023 	 0.099659
  421 	 0.000391 	 0.096320 	 0.099659
  422 	 0.013773 	 0.097085 	 0.099659
  423 	 0.000098 	 0.094606 	 0.099659
  424 	 0.006139 	 0.097543 	 0.099659
  425 	 0.009891 	 0.095843 	 0.099659
  426 	 0.006900 	 0.096361 	 0.099659
  427 	 0.048975 	 0.098882 	 0.099659
  428 	 0.001560 	 0.096295 	 0.099659
  429 	 0.009891 	 0.097757 	 0.099659
  430 	 0.060404 	 0.099228 	 0.099659
  431 	 0.009480 	 0.096234 	 0.099659
  432 	 0.011986 	 0.097382 	 0.099659
  433 	 0.006900 	 0.097276 	 0.099659
  434 	 0.009891 	 0.095812 	 0.099659
  435 	 0.000098 	 0.096607 	 0.099659
  436 	 0.000782 	 0.096398 	 0.099659
  437 	 0.040033 	 0.097657 	 0.099659
  438 	 0.022693 	 0.098704 	 0.099659
  439 	 0.000049 	 0.094235 	 0.099659
  440 	 0.000391 	 0.093752 	 0.099659
  441 	 0.001560 	 0.095904 	 0.099659
  442 	 0.006900 	 0.096826 	 0.099659
  443 	 0.009492 	 0.096125 	 0.099659
  444 	 0.009480 	 0.097297 	 0.099659
  445 	 0.000098 	 0.095214 	 0.099659
  446 	 0.006900 	 0.095332 	 0.099659
  447 	 0.040237 	 0.098335 	 0.099659
  448 	 0.018734 	 0.098556 	 0.099659
  449 	 0.022693 	 0.097725 	 0.099659
  450 	 0.000401 	 0.097519 	 0.099659
  451 	 0.003104 	 0.098684 	 0.099659
  452 	 0.000782 	 0.097019 	 0.099659
  453 	 0.000782 	 0.096019 	 0.099659
  454 	 0.000196 	 0.097549 	 0.099659
  455 	 0.000098 	 0.098256 	 0.099659
  456 	 0.000098 	 0.094717 	 0.099659
  457 	 0.000049 	 0.094547 	 0.099659
  458 	 0.006139 	 0.097972 	 0.099659
  459 	 0.043012 	 0.098220 	 0.099659
  460 	 0.001560 	 0.095925 	 0.099659
  461 	 0.049794 	 0.097973 	 0.099659
  462 	 0.018733 	 0.096649 	 0.099659
  463 	 0.000098 	 0.094470 	 0.099659
  464 	 0.001560 	 0.098259 	 0.099659
  465 	 0.000782 	 0.095065 	 0.099659
  466 	 0.000196 	 0.095494 	 0.099659
  467 	 0.000196 	 0.093466 	 0.099659
  468 	 0.048975 	 0.097833 	 0.099659
  469 	 0.003104 	 0.098507 	 0.099659
  470 	 0.018734 	 0.098139 	 0.099659
  471 	 0.006139 	 0.098717 	 0.099659
  472 	 0.026879 	 0.098104 	 0.099659
  473 	 0.000195 	 0.095970 	 0.099659
  474 	 0.000782 	 0.095211 	 0.099659
  475 	 0.049794 	 0.098573 	 0.099659
  476 	 0.017146 	 0.097874 	 0.099659
  477 	 0.040033 	 0.097917 	 0.099659
  478 	 0.000391 	 0.095401 	 0.099659
  479 	 0.003104 	 0.098690 	 0.099659
  480 	 0.091492 	 0.099508 	 0.099659
  481 	 0.000196 	 0.097371 	 0.099659
  482 	 0.000196 	 0.096612 	 0.099659
  483 	 0.000782 	 0.096465 	 0.099659
  484 	 0.060820 	 0.099145 	 0.099659
  485 	 0.095163 	 0.099606 	 0.099659
  486 	 0.000098 	 0.090639 	 0.099659
  487 	 0.000196 	 0.095747 	 0.099659
  488 	 0.025477 	 0.098726 	 0.099659
  489 	 0.000782 	 0.096394 	 0.099659
  490 	 0.003104 	 0.098058 	 0.099659
  491 	 0.001560 	 0.095084 	 0.099659
  492 	 0.003104 	 0.097646 	 0.099659
  493 	 0.048975 	 0.098557 	 0.099659
  494 	 0.013988 	 0.095604 	 0.099659
  495 	 0.000098 	 0.094663 	 0.099659
  496 	 0.009480 	 0.097368 	 0.099659
  497 	 0.060688 	 0.099113 	 0.099659
  498 	 0.000098 	 0.094919 	 0.099659
  499 	 0.017103 	 0.097257 	 0.099659
 