   0 	 0.000049 	 0.000199 	 0.002773
    1 	 0.000101 	 0.000269 	 0.002750
    2 	 0.000148 	 0.000366 	 0.002750
    3 	 0.000050 	 0.000504 	 0.002732
    4 	 0.000115 	 0.000690 	 0.002732
    5 	 0.000152 	 0.001012 	 0.002952
    6 	 0.000630 	 0.001283 	 0.003016
    7 	 0.001056 	 0.001726 	 0.003200
    8 	 0.000539 	 0.002072 	 0.003200
    9 	 0.000095 	 0.002323 	 0.003955
   10 	 0.000209 	 0.002593 	 0.004814
   11 	 0.000050 	 0.002867 	 0.004437
   12 	 0.000104 	 0.003218 	 0.006732
   13 	 0.002409 	 0.003803 	 0.007818
   14 	 0.003098 	 0.004334 	 0.007820
   15 	 0.000049 	 0.004700 	 0.007965
   16 	 0.003228 	 0.005665 	 0.007981
   17 	 0.000096 	 0.006201 	 0.009016
   18 	 0.000049 	 0.007106 	 0.009016
   19 	 0.007433 	 0.007984 	 0.009033
   20 	 0.006255 	 0.008154 	 0.009170
   21 	 0.005855 	 0.008335 	 0.009073
   22 	 0.006045 	 0.008737 	 0.009064
   23 	 0.004993 	 0.008839 	 0.009253
   24 	 0.004954 	 0.008854 	 0.009217
   25 	 0.008065 	 0.009032 	 0.010788
   26 	 0.004244 	 0.009061 	 0.010887
   27 	 0.000752 	 0.009036 	 0.009316
   28 	 0.000194 	 0.009082 	 0.010756
   29 	 0.000097 	 0.009164 	 0.010756
   30 	 0.004182 	 0.009295 	 0.010766
   31 	 0.000194 	 0.009317 	 0.010999
   32 	 0.000383 	 0.009632 	 0.011136
   33 	 0.000049 	 0.010039 	 0.011136
   34 	 0.000049 	 0.010647 	 0.011148
   35 	 0.000049 	 0.010614 	 0.011315
   36 	 0.010476 	 0.010881 	 0.011315
   37 	 0.005061 	 0.010921 	 0.011315
   38 	 0.000049 	 0.010999 	 0.011354
   39 	 0.011129 	 0.011235 	 0.011511
   40 	 0.010854 	 0.011286 	 0.011511
   41 	 0.009310 	 0.011279 	 0.011521
   42 	 0.003280 	 0.011137 	 0.011521
   43 	 0.008170 	 0.011307 	 0.011560
   44 	 0.000754 	 0.011185 	 0.011570
   45 	 0.000764 	 0.011301 	 0.011570
   46 	 0.000387 	 0.011283 	 0.012739
   47 	 0.007861 	 0.011491 	 0.013617
   48 	 0.008905 	 0.011574 	 0.013763
   49 	 0.003552 	 0.011548 	 0.013903
   50 	 0.000049 	 0.011705 	 0.013915
   51 	 0.000195 	 0.011763 	 0.013915
   52 	 0.011073 	 0.012622 	 0.013979
   53 	 0.000388 	 0.013330 	 0.013979
   54 	 0.000389 	 0.013565 	 0.013979
   55 	 0.000389 	 0.013503 	 0.013960
   56 	 0.010119 	 0.013795 	 0.013978
   57 	 0.010718 	 0.013817 	 0.013968
   58 	 0.000049 	 0.013285 	 0.013979
   59 	 0.000098 	 0.013807 	 0.013987
   60 	 0.000388 	 0.013493 	 0.013987
   61 	 0.011532 	 0.013879 	 0.014078
   62 	 0.006570 	 0.013885 	 0.014078
   63 	 0.005087 	 0.013860 	 0.014092
   64 	 0.011810 	 0.013919 	 0.014092
   65 	 0.012790 	 0.013971 	 0.014106
   66 	 0.013546 	 0.013996 	 0.014111
   67 	 0.000195 	 0.013878 	 0.014114
   68 	 0.000098 	 0.013797 	 0.014120
   69 	 0.000098 	 0.013778 	 0.014120
   70 	 0.000195 	 0.013768 	 0.014121
   71 	 0.001505 	 0.013793 	 0.014122
   72 	 0.009535 	 0.014037 	 0.014157
   73 	 0.006295 	 0.013854 	 0.014128
   74 	 0.000049 	 0.013787 	 0.014258
   75 	 0.000049 	 0.013814 	 0.014263
   76 	 0.000195 	 0.013709 	 0.014263
   77 	 0.005252 	 0.013990 	 0.014265
   78 	 0.010888 	 0.014111 	 0.014304
   79 	 0.012751 	 0.014187 	 0.014311
   80 	 0.014126 	 0.014259 	 0.014312
   81 	 0.000388 	 0.014001 	 0.014312
   82 	 0.000049 	 0.013913 	 0.014325
   83 	 0.001506 	 0.013987 	 0.014320
   84 	 0.012963 	 0.014262 	 0.014328
   85 	 0.012908 	 0.014264 	 0.014327
   86 	 0.000049 	 0.013823 	 0.014327
   87 	 0.006652 	 0.014184 	 0.014328
   88 	 0.000768 	 0.014167 	 0.014328
   89 	 0.013875 	 0.014315 	 0.014336
   90 	 0.000388 	 0.013992 	 0.014336
   91 	 0.000098 	 0.014133 	 0.014336
   92 	 0.006239 	 0.014201 	 0.014337
   93 	 0.000195 	 0.014043 	 0.014337
   94 	 0.013739 	 0.014314 	 0.014337
   95 	 0.013832 	 0.014322 	 0.014338
   96 	 0.012073 	 0.014309 	 0.014338
   97 	 0.000195 	 0.013997 	 0.014338
   98 	 0.000098 	 0.014111 	 0.014338
   99 	 0.000768 	 0.014178 	 0.014338
  100 	 0.013834 	 0.014328 	 0.014338
  101 	 0.013834 	 0.014324 	 0.014339
  102 	 0.000049 	 0.013959 	 0.014339
  103 	 0.003319 	 0.013956 	 0.014341
  104 	 0.000049 	 0.014166 	 0.014341
  105 	 0.000049 	 0.014091 	 0.014341
  106 	 0.000195 	 0.014110 	 0.014342
  107 	 0.000388 	 0.013930 	 0.014343
  108 	 0.003318 	 0.014215 	 0.014343
  109 	 0.006233 	 0.014240 	 0.014344
  110 	 0.000098 	 0.014157 	 0.014344
  111 	 0.006234 	 0.014181 	 0.014344
  112 	 0.000195 	 0.014076 	 0.014345
  113 	 0.012725 	 0.014316 	 0.014345
  114 	 0.000768 	 0.014159 	 0.014345
  115 	 0.000768 	 0.014085 	 0.014345
  116 	 0.000098 	 0.014187 	 0.014345
  117 	 0.012073 	 0.014298 	 0.014346
  118 	 0.003319 	 0.014144 	 0.014346
  119 	 0.000195 	 0.013970 	 0.014346
  120 	 0.000745 	 0.014200 	 0.014347
  121 	 0.008088 	 0.014225 	 0.014347
  122 	 0.000098 	 0.014184 	 0.014347
  123 	 0.000098 	 0.014091 	 0.014347
  124 	 0.000098 	 0.013926 	 0.014347
  125 	 0.000098 	 0.013953 	 0.014347
  126 	 0.000388 	 0.014205 	 0.014350
  127 	 0.000195 	 0.014169 	 0.014350
  128 	 0.006644 	 0.014267 	 0.014347
  129 	 0.003320 	 0.014233 	 0.014347
  130 	 0.011772 	 0.014315 	 0.014347
  131 	 0.008339 	 0.014279 	 0.014347
  132 	 0.001502 	 0.014100 	 0.014347
  133 	 0.001503 	 0.014216 	 0.014347
  134 	 0.008120 	 0.014243 	 0.014350
  135 	 0.006645 	 0.014226 	 0.014350
  136 	 0.000768 	 0.014009 	 0.014350
  137 	 0.000195 	 0.014176 	 0.014350
  138 	 0.014224 	 0.014344 	 0.014350
  139 	 0.013753 	 0.014340 	 0.014350
  140 	 0.001502 	 0.014190 	 0.014350
  141 	 0.000098 	 0.013922 	 0.014350
  142 	 0.014037 	 0.014345 	 0.014350
  143 	 0.006287 	 0.014260 	 0.014350
  144 	 0.013095 	 0.014331 	 0.014350
  145 	 0.003316 	 0.014191 	 0.014350
  146 	 0.000098 	 0.014099 	 0.014350
  147 	 0.000768 	 0.014197 	 0.014350
  148 	 0.000049 	 0.014049 	 0.014350
  149 	 0.001503 	 0.014150 	 0.014350
  150 	 0.013736 	 0.014343 	 0.014350
  151 	 0.014223 	 0.014349 	 0.014350
  152 	 0.012990 	 0.014331 	 0.014350
  153 	 0.008350 	 0.014202 	 0.014351
  154 	 0.014197 	 0.014347 	 0.014351
  155 	 0.011785 	 0.014316 	 0.014351
  156 	 0.012670 	 0.014301 	 0.014351
  157 	 0.001503 	 0.014185 	 0.014351
  158 	 0.000768 	 0.014048 	 0.014351
  159 	 0.000195 	 0.014024 	 0.014351
  160 	 0.000765 	 0.014153 	 0.014351
  161 	 0.000768 	 0.014098 	 0.014351
  162 	 0.011785 	 0.014316 	 0.014351
  163 	 0.012748 	 0.014315 	 0.014351
  164 	 0.012669 	 0.014316 	 0.014351
  165 	 0.008133 	 0.014273 	 0.014351
  166 	 0.000388 	 0.014194 	 0.014351
  167 	 0.005123 	 0.014258 	 0.014351
  168 	 0.000388 	 0.014158 	 0.014351
  169 	 0.013895 	 0.014331 	 0.014351
  170 	 0.006241 	 0.014236 	 0.014351
  171 	 0.010912 	 0.014311 	 0.014351
  172 	 0.006241 	 0.014045 	 0.014351
  173 	 0.009972 	 0.014280 	 0.014351
  174 	 0.009561 	 0.014288 	 0.014351
  175 	 0.009972 	 0.014244 	 0.014351
  176 	 0.009972 	 0.014290 	 0.014351
  177 	 0.012748 	 0.014320 	 0.014351
  178 	 0.014256 	 0.014348 	 0.014351
  179 	 0.003316 	 0.014099 	 0.014351
  180 	 0.006653 	 0.014175 	 0.014351
  181 	 0.001503 	 0.014222 	 0.014351
  182 	 0.006653 	 0.014251 	 0.014351
  183 	 0.001503 	 0.014175 	 0.014351
  184 	 0.011786 	 0.014307 	 0.014351
  185 	 0.003316 	 0.014211 	 0.014351
  186 	 0.013721 	 0.014335 	 0.014351
  187 	 0.000768 	 0.014205 	 0.014351
  188 	 0.000049 	 0.014113 	 0.014351
  189 	 0.012669 	 0.014332 	 0.014351
  190 	 0.005123 	 0.014191 	 0.014351
  191 	 0.000388 	 0.013826 	 0.014351
  192 	 0.001503 	 0.014101 	 0.014351
  193 	 0.003316 	 0.014149 	 0.014351
  194 	 0.000049 	 0.014114 	 0.014351
  195 	 0.013070 	 0.014327 	 0.014351
  196 	 0.000388 	 0.014196 	 0.014351
  197 	 0.008133 	 0.014262 	 0.014351
  198 	 0.006241 	 0.014173 	 0.014351
  199 	 0.000098 	 0.013922 	 0.014351
  200 	 0.000098 	 0.014080 	 0.014351
  201 	 0.000049 	 0.013937 	 0.014351
  202 	 0.005123 	 0.014048 	 0.014351
  203 	 0.000388 	 0.014021 	 0.014351
  204 	 0.012924 	 0.014319 	 0.014351
  205 	 0.008350 	 0.014239 	 0.014351
  206 	 0.000049 	 0.013916 	 0.014351
  207 	 0.000098 	 0.014190 	 0.014351
  208 	 0.009972 	 0.014293 	 0.014351
  209 	 0.014040 	 0.014345 	 0.014351
  210 	 0.012070 	 0.014305 	 0.014351
  211 	 0.014348 	 0.014350 	 0.014351
  212 	 0.008350 	 0.014251 	 0.014351
  213 	 0.014040 	 0.014346 	 0.014351
  214 	 0.008350 	 0.014225 	 0.014351
  215 	 0.000768 	 0.013961 	 0.014351
  216 	 0.000049 	 0.014164 	 0.014351
  217 	 0.000049 	 0.014183 	 0.014351
  218 	 0.000098 	 0.014054 	 0.014351
  219 	 0.003316 	 0.014181 	 0.014351
  220 	 0.005123 	 0.014085 	 0.014351
  221 	 0.000098 	 0.013897 	 0.014351
  222 	 0.012087 	 0.014311 	 0.014351
  223 	 0.000098 	 0.014015 	 0.014351
  224 	 0.000098 	 0.014036 	 0.014351
  225 	 0.014233 	 0.014348 	 0.014351
  226 	 0.013958 	 0.014343 	 0.014351
  227 	 0.001503 	 0.014221 	 0.014351
  228 	 0.001503 	 0.014177 	 0.014351
  229 	 0.000098 	 0.014071 	 0.014351
  230 	 0.008133 	 0.014288 	 0.014351
  231 	 0.003316 	 0.014172 	 0.014351
  232 	 0.000049 	 0.014191 	 0.014351
  233 	 0.003316 	 0.014188 	 0.014351
  234 	 0.013482 	 0.014330 	 0.014351
  235 	 0.008736 	 0.014284 	 0.014351
  236 	 0.000195 	 0.014094 	 0.014351
  237 	 0.011785 	 0.014316 	 0.014351
  238 	 0.008133 	 0.014282 	 0.014351
  239 	 0.009972 	 0.014302 	 0.014351
  240 	 0.012087 	 0.014320 	 0.014351
  241 	 0.000195 	 0.014192 	 0.014351
  242 	 0.000098 	 0.013941 	 0.014351
  243 	 0.008133 	 0.014195 	 0.014351
  244 	 0.010912 	 0.014261 	 0.014351
  245 	 0.006241 	 0.014182 	 0.014351
  246 	 0.003317 	 0.014159 	 0.014351
  247 	 0.012938 	 0.014316 	 0.014351
  248 	 0.012990 	 0.014325 	 0.014351
  249 	 0.000768 	 0.014045 	 0.014351
  250 	 0.005123 	 0.014224 	 0.014351
  251 	 0.000388 	 0.014053 	 0.014351
  252 	 0.000768 	 0.013991 	 0.014351
  253 	 0.001503 	 0.014196 	 0.014351
  254 	 0.012938 	 0.014334 	 0.014351
  255 	 0.005011 	 0.014147 	 0.014351
  256 	 0.008350 	 0.014263 	 0.014351
  257 	 0.005123 	 0.014143 	 0.014351
  258 	 0.001503 	 0.014193 	 0.014351
  259 	 0.001503 	 0.014177 	 0.014351
  260 	 0.008133 	 0.014186 	 0.014351
  261 	 0.005123 	 0.014238 	 0.014351
  262 	 0.008133 	 0.014271 	 0.014351
  263 	 0.000049 	 0.014139 	 0.014351
  264 	 0.012087 	 0.014305 	 0.014351
  265 	 0.000098 	 0.013941 	 0.014351
  266 	 0.009561 	 0.014297 	 0.014351
  267 	 0.000195 	 0.014045 	 0.014351
  268 	 0.000098 	 0.014157 	 0.014351
  269 	 0.001503 	 0.014220 	 0.014351
  270 	 0.013070 	 0.014321 	 0.014351
  271 	 0.008133 	 0.014203 	 0.014351
  272 	 0.000195 	 0.013999 	 0.014351
  273 	 0.000098 	 0.014178 	 0.014351
  274 	 0.000195 	 0.014208 	 0.014351
  275 	 0.000098 	 0.014172 	 0.014351
  276 	 0.014040 	 0.014345 	 0.014351
  277 	 0.000768 	 0.014195 	 0.014351
  278 	 0.013842 	 0.014344 	 0.014351
  279 	 0.000195 	 0.014033 	 0.014351
  280 	 0.006653 	 0.014250 	 0.014351
  281 	 0.000049 	 0.014188 	 0.014351
  282 	 0.000388 	 0.014197 	 0.014351
  283 	 0.013842 	 0.014343 	 0.014351
  284 	 0.008133 	 0.014182 	 0.014351
  285 	 0.006241 	 0.014198 	 0.014351
  286 	 0.009561 	 0.014240 	 0.014351
  287 	 0.000049 	 0.014040 	 0.014351
  288 	 0.000098 	 0.014097 	 0.014351
  289 	 0.014197 	 0.014345 	 0.014351
  290 	 0.012087 	 0.014325 	 0.014351
  291 	 0.003316 	 0.014124 	 0.014351
  292 	 0.000098 	 0.013969 	 0.014351
  293 	 0.000049 	 0.013966 	 0.014351
  294 	 0.013752 	 0.014336 	 0.014351
  295 	 0.008133 	 0.014247 	 0.014351
  296 	 0.000768 	 0.014133 	 0.014351
  297 	 0.006241 	 0.014189 	 0.014351
  298 	 0.000768 	 0.014180 	 0.014351
  299 	 0.005123 	 0.014020 	 0.014351
  300 	 0.000098 	 0.013875 	 0.014351
  301 	 0.003316 	 0.014141 	 0.014351
  302 	 0.006241 	 0.014215 	 0.014351
  303 	 0.000388 	 0.014207 	 0.014351
  304 	 0.005123 	 0.014144 	 0.014351
  305 	 0.003316 	 0.014140 	 0.014351
  306 	 0.000049 	 0.014128 	 0.014351
  307 	 0.009561 	 0.014282 	 0.014351
  308 	 0.000388 	 0.014055 	 0.014351
  309 	 0.001503 	 0.014203 	 0.014351
  310 	 0.012748 	 0.014333 	 0.014351
  311 	 0.000049 	 0.014137 	 0.014351
  312 	 0.005123 	 0.014132 	 0.014351
  313 	 0.013721 	 0.014342 	 0.014351
  314 	 0.008133 	 0.014246 	 0.014351
  315 	 0.003316 	 0.014232 	 0.014351
  316 	 0.001503 	 0.014074 	 0.014351
  317 	 0.012748 	 0.014302 	 0.014351
  318 	 0.013070 	 0.014329 	 0.014351
  319 	 0.003316 	 0.014051 	 0.014351
  320 	 0.009561 	 0.014298 	 0.014351
  321 	 0.003316 	 0.014189 	 0.014351
  322 	 0.000768 	 0.014211 	 0.014351
  323 	 0.005123 	 0.014145 	 0.014351
  324 	 0.009561 	 0.014261 	 0.014351
  325 	 0.006241 	 0.014247 	 0.014351
  326 	 0.012087 	 0.014312 	 0.014351
  327 	 0.005123 	 0.014123 	 0.014351
  328 	 0.000768 	 0.014108 	 0.014351
  329 	 0.001503 	 0.014210 	 0.014351
  330 	 0.000098 	 0.014128 	 0.014351
  331 	 0.000195 	 0.014132 	 0.014351
  332 	 0.000049 	 0.013817 	 0.014351
  333 	 0.012747 	 0.014325 	 0.014351
  334 	 0.009561 	 0.014271 	 0.014351
  335 	 0.000195 	 0.014146 	 0.014351
  336 	 0.010912 	 0.014294 	 0.014351
  337 	 0.000049 	 0.013758 	 0.014351
  338 	 0.006235 	 0.014258 	 0.014351
  339 	 0.013752 	 0.014339 	 0.014351
  340 	 0.001503 	 0.014111 	 0.014351
  341 	 0.000049 	 0.014003 	 0.014351
  342 	 0.014154 	 0.014346 	 0.014351
  343 	 0.012087 	 0.014313 	 0.014351
  344 	 0.011785 	 0.014301 	 0.014351
  345 	 0.000388 	 0.014114 	 0.014351
  346 	 0.001503 	 0.013975 	 0.014351
  347 	 0.000195 	 0.014133 	 0.014351
  348 	 0.012087 	 0.014308 	 0.014351
  349 	 0.000098 	 0.014101 	 0.014351
  350 	 0.000098 	 0.014087 	 0.014351
  351 	 0.008133 	 0.014272 	 0.014351
  352 	 0.000098 	 0.013999 	 0.014351
  353 	 0.001338 	 0.014176 	 0.014351
  354 	 0.009561 	 0.014301 	 0.014351
  355 	 0.000049 	 0.014048 	 0.014351
  356 	 0.000768 	 0.014122 	 0.014351
  357 	 0.014228 	 0.014348 	 0.014351
  358 	 0.003316 	 0.014162 	 0.014351
  359 	 0.012087 	 0.014309 	 0.014351
  360 	 0.000049 	 0.014200 	 0.014351
  361 	 0.000098 	 0.014172 	 0.014351
  362 	 0.003316 	 0.014182 	 0.014351
  363 	 0.005661 	 0.014260 	 0.014351
  364 	 0.000049 	 0.013914 	 0.014351
  365 	 0.000049 	 0.013861 	 0.014351
  366 	 0.000195 	 0.014042 	 0.014351
  367 	 0.012087 	 0.014313 	 0.014351
  368 	 0.000388 	 0.013767 	 0.014351
  369 	 0.011785 	 0.014312 	 0.014351
  370 	 0.000768 	 0.014021 	 0.014351
  371 	 0.012087 	 0.014306 	 0.014351
  372 	 0.000098 	 0.014106 	 0.014351
  373 	 0.013893 	 0.014344 	 0.014351
  374 	 0.001503 	 0.014088 	 0.014351
  375 	 0.009561 	 0.014295 	 0.014351
  376 	 0.013895 	 0.014342 	 0.014351
  377 	 0.008133 	 0.014228 	 0.014351
  378 	 0.000768 	 0.014214 	 0.014351
  379 	 0.000098 	 0.013933 	 0.014351
  380 	 0.014169 	 0.014346 	 0.014351
  381 	 0.001503 	 0.014120 	 0.014351
  382 	 0.012669 	 0.014318 	 0.014351
  383 	 0.009972 	 0.014223 	 0.014351
  384 	 0.001503 	 0.013899 	 0.014351
  385 	 0.000098 	 0.014197 	 0.014379
  386 	 0.000768 	 0.014211 	 0.014379
  387 	 0.013530 	 0.014327 	 0.014379
  388 	 0.009561 	 0.014298 	 0.014379
  389 	 0.000768 	 0.014117 	 0.014379
  390 	 0.006653 	 0.014275 	 0.014379
  391 	 0.000049 	 0.014147 	 0.014425
  392 	 0.000098 	 0.014056 	 0.014425
  393 	 0.012285 	 0.014345 	 0.014425
  394 	 0.013978 	 0.014375 	 0.014448
  395 	 0.000049 	 0.014221 	 0.014448
  396 	 0.000049 	 0.013870 	 0.014448
  397 	 0.000098 	 0.014093 	 0.014448
  398 	 0.005046 	 0.014289 	 0.014448
  399 	 0.000098 	 0.014215 	 0.014448
  400 	 0.005785 	 0.014091 	 0.014448
  401 	 0.008073 	 0.014302 	 0.014448
  402 	 0.000195 	 0.014273 	 0.014452
  403 	 0.006562 	 0.014333 	 0.014452
  404 	 0.008011 	 0.014354 	 0.014448
  405 	 0.012807 	 0.014406 	 0.014448
  406 	 0.009286 	 0.014384 	 0.014448
  407 	 0.008011 	 0.014305 	 0.014448
  408 	 0.008068 	 0.014322 	 0.014448
  409 	 0.005058 	 0.014328 	 0.014448
  410 	 0.013046 	 0.014433 	 0.014448
  411 	 0.000049 	 0.014230 	 0.014448
  412 	 0.009440 	 0.014397 	 0.014448
  413 	 0.011005 	 0.014385 	 0.014448
  414 	 0.000195 	 0.013794 	 0.014448
  415 	 0.000049 	 0.014095 	 0.014448
  416 	 0.014116 	 0.014440 	 0.014449
  417 	 0.006562 	 0.014363 	 0.014449
  418 	 0.001496 	 0.014225 	 0.014449
  419 	 0.012807 	 0.014428 	 0.014449
  420 	 0.000766 	 0.014274 	 0.014449
  421 	 0.000388 	 0.013935 	 0.014449
  422 	 0.009879 	 0.014356 	 0.014449
  423 	 0.000766 	 0.013991 	 0.014449
  424 	 0.006566 	 0.014326 	 0.014449
  425 	 0.000049 	 0.014236 	 0.014449
  426 	 0.000195 	 0.014051 	 0.014449
  427 	 0.011833 	 0.014412 	 0.014449
  428 	 0.000049 	 0.014253 	 0.014449
  429 	 0.011706 	 0.014395 	 0.014449
  430 	 0.013534 	 0.014437 	 0.014449
  431 	 0.000766 	 0.014311 	 0.014449
  432 	 0.013053 	 0.014424 	 0.014449
  433 	 0.014364 	 0.014447 	 0.014449
  434 	 0.003354 	 0.014301 	 0.014449
  435 	 0.000388 	 0.013946 	 0.014449
  436 	 0.009899 	 0.014367 	 0.014449
  437 	 0.014112 	 0.014445 	 0.014449
  438 	 0.006568 	 0.014358 	 0.014449
  439 	 0.000388 	 0.014015 	 0.014449
  440 	 0.009449 	 0.014361 	 0.014449
  441 	 0.001496 	 0.014319 	 0.014449
  442 	 0.012813 	 0.014418 	 0.014449
  443 	 0.013366 	 0.014438 	 0.014449
  444 	 0.006198 	 0.014365 	 0.014449
  445 	 0.005063 	 0.014310 	 0.014449
  446 	 0.012612 	 0.014422 	 0.014449
  447 	 0.009899 	 0.014386 	 0.014449
  448 	 0.001496 	 0.014318 	 0.014449
  449 	 0.000195 	 0.014131 	 0.014449
  450 	 0.000766 	 0.014081 	 0.014449
  451 	 0.012612 	 0.014423 	 0.014449
  452 	 0.009449 	 0.014377 	 0.014449
  453 	 0.000766 	 0.014273 	 0.014449
  454 	 0.000098 	 0.014221 	 0.014449
  455 	 0.006568 	 0.014319 	 0.014449
  456 	 0.000766 	 0.013880 	 0.014449
  457 	 0.011701 	 0.014388 	 0.014449
  458 	 0.001496 	 0.014318 	 0.014449
  459 	 0.000098 	 0.014101 	 0.014449
  460 	 0.000195 	 0.014296 	 0.014449
  461 	 0.003354 	 0.014142 	 0.014449
  462 	 0.000388 	 0.014276 	 0.014449
  463 	 0.000098 	 0.014207 	 0.014449
  464 	 0.000388 	 0.014025 	 0.014449
  465 	 0.008078 	 0.014287 	 0.014449
  466 	 0.000049 	 0.014214 	 0.014452
  467 	 0.006198 	 0.014299 	 0.014452
  468 	 0.000195 	 0.014292 	 0.014452
  469 	 0.013968 	 0.014438 	 0.014452
  470 	 0.000766 	 0.014309 	 0.014452
  471 	 0.013754 	 0.014439 	 0.014452
  472 	 0.000388 	 0.014285 	 0.014452
  473 	 0.008060 	 0.014284 	 0.014452
  474 	 0.009486 	 0.014395 	 0.014452
  475 	 0.000049 	 0.014286 	 0.014452
  476 	 0.000049 	 0.014296 	 0.014452
  477 	 0.000768 	 0.014293 	 0.014452
  478 	 0.014348 	 0.014451 	 0.014452
  479 	 0.009980 	 0.014405 	 0.014452
  480 	 0.000049 	 0.014198 	 0.014452
  481 	 0.013325 	 0.014430 	 0.014452
  482 	 0.011761 	 0.014422 	 0.014452
  483 	 0.008117 	 0.014278 	 0.014452
  484 	 0.012791 	 0.014421 	 0.014452
  485 	 0.005083 	 0.014321 	 0.014452
  486 	 0.000195 	 0.014207 	 0.014452
  487 	 0.008117 	 0.014373 	 0.014452
  488 	 0.000049 	 0.014163 	 0.014452
  489 	 0.000098 	 0.014154 	 0.014452
  490 	 0.000098 	 0.014279 	 0.014452
  491 	 0.003343 	 0.014259 	 0.014452
  492 	 0.000388 	 0.014234 	 0.014452
  493 	 0.012652 	 0.014419 	 0.014452
  494 	 0.008117 	 0.014387 	 0.014452
  495 	 0.000767 	 0.014285 	 0.014452
  496 	 0.009980 	 0.014378 	 0.014452
  497 	 0.003758 	 0.014257 	 0.014452
  498 	 0.000049 	 0.014304 	 0.014452
  499 	 0.012652 	 0.014414 	 0.014452
 