   0 	 0.000049 	 0.000239 	 0.002603
    1 	 0.000052 	 0.000386 	 0.003971
    2 	 0.000081 	 0.001012 	 0.016609
    3 	 0.000087 	 0.001619 	 0.016609
    4 	 0.000052 	 0.002480 	 0.016677
    5 	 0.000654 	 0.004964 	 0.025557
    6 	 0.000731 	 0.008961 	 0.035024
    7 	 0.005472 	 0.011744 	 0.025940
    8 	 0.005850 	 0.013760 	 0.031383
    9 	 0.007541 	 0.016521 	 0.050940
   10 	 0.006287 	 0.017620 	 0.041571
   11 	 0.007208 	 0.021335 	 0.047765
   12 	 0.001493 	 0.025522 	 0.047765
   13 	 0.009090 	 0.027137 	 0.045466
   14 	 0.000197 	 0.028410 	 0.048704
   15 	 0.005324 	 0.029605 	 0.073132
   16 	 0.011588 	 0.033995 	 0.066633
   17 	 0.007214 	 0.034165 	 0.075101
   18 	 0.000807 	 0.034888 	 0.062045
   19 	 0.008805 	 0.037262 	 0.062045
   20 	 0.000393 	 0.040788 	 0.086247
   21 	 0.012063 	 0.042440 	 0.086104
   22 	 0.000196 	 0.047048 	 0.086776
   23 	 0.006625 	 0.048082 	 0.086774
   24 	 0.000390 	 0.057058 	 0.087105
   25 	 0.000049 	 0.058267 	 0.108794
   26 	 0.000391 	 0.065160 	 0.108794
   27 	 0.001570 	 0.068532 	 0.108794
   28 	 0.009408 	 0.074945 	 0.108794
   29 	 0.006964 	 0.078642 	 0.116838
   30 	 0.000391 	 0.084200 	 0.121342
   31 	 0.000098 	 0.090624 	 0.121342
   32 	 0.017652 	 0.099055 	 0.132319
   33 	 0.019049 	 0.102102 	 0.132319
   34 	 0.000196 	 0.102831 	 0.132319
   35 	 0.006187 	 0.111238 	 0.133894
   36 	 0.000049 	 0.109232 	 0.132487
   37 	 0.000056 	 0.106567 	 0.132911
   38 	 0.012913 	 0.117024 	 0.133894
   39 	 0.007084 	 0.127184 	 0.138021
   40 	 0.003157 	 0.129634 	 0.139649
   41 	 0.009439 	 0.131381 	 0.139898
   42 	 0.019065 	 0.133340 	 0.143837
   43 	 0.000098 	 0.133526 	 0.144923
   44 	 0.000098 	 0.133372 	 0.144946
   45 	 0.003155 	 0.137616 	 0.149416
   46 	 0.006345 	 0.138202 	 0.151986
   47 	 0.018912 	 0.141550 	 0.152419
   48 	 0.018612 	 0.135956 	 0.152419
   49 	 0.000784 	 0.143123 	 0.152419
   50 	 0.006914 	 0.144907 	 0.153535
   51 	 0.000392 	 0.147252 	 0.154167
   52 	 0.000049 	 0.144221 	 0.155158
   53 	 0.012320 	 0.149259 	 0.156861
   54 	 0.003133 	 0.146411 	 0.156929
   55 	 0.000098 	 0.147744 	 0.158298
   56 	 0.009577 	 0.151419 	 0.158731
   57 	 0.000098 	 0.149857 	 0.158810
   58 	 0.000196 	 0.147111 	 0.160055
   59 	 0.000049 	 0.150209 	 0.160058
   60 	 0.000392 	 0.152439 	 0.160376
   61 	 0.100372 	 0.157495 	 0.160567
   62 	 0.000098 	 0.154187 	 0.161095
   63 	 0.009646 	 0.151515 	 0.163101
   64 	 0.068432 	 0.158114 	 0.165537
   65 	 0.003145 	 0.159638 	 0.165537
   66 	 0.013510 	 0.155803 	 0.167964
   67 	 0.049640 	 0.160898 	 0.168224
   68 	 0.000098 	 0.159279 	 0.168224
   69 	 0.000049 	 0.156304 	 0.168367
   70 	 0.000392 	 0.160059 	 0.169049
   71 	 0.001568 	 0.163034 	 0.169049
   72 	 0.000196 	 0.162253 	 0.168604
   73 	 0.000049 	 0.162458 	 0.168641
   74 	 0.000392 	 0.163130 	 0.168805
   75 	 0.006953 	 0.164860 	 0.168805
   76 	 0.000392 	 0.164814 	 0.169164
   77 	 0.003129 	 0.165422 	 0.169574
   78 	 0.006266 	 0.163892 	 0.169748
   79 	 0.006957 	 0.165229 	 0.169748
   80 	 0.047879 	 0.166511 	 0.170416
   81 	 0.003136 	 0.161138 	 0.171298
   82 	 0.000392 	 0.163719 	 0.171466
   83 	 0.000392 	 0.164197 	 0.171466
   84 	 0.006954 	 0.165730 	 0.171466
   85 	 0.006264 	 0.166236 	 0.171466
   86 	 0.000049 	 0.167084 	 0.171466
   87 	 0.009534 	 0.166810 	 0.171540
   88 	 0.108396 	 0.170049 	 0.171540
   89 	 0.026687 	 0.168493 	 0.171540
   90 	 0.107474 	 0.169553 	 0.171628
   91 	 0.000049 	 0.165062 	 0.171628
   92 	 0.006279 	 0.168017 	 0.171636
   93 	 0.000049 	 0.169314 	 0.171636
   94 	 0.000196 	 0.166957 	 0.171820
   95 	 0.006279 	 0.163774 	 0.171820
   96 	 0.012560 	 0.169008 	 0.171820
   97 	 0.019144 	 0.168053 	 0.171820
   98 	 0.101161 	 0.170105 	 0.171942
   99 	 0.000049 	 0.163447 	 0.171942
  100 	 0.012554 	 0.168775 	 0.171894
  101 	 0.009567 	 0.168754 	 0.171894
  102 	 0.142620 	 0.171257 	 0.171948
  103 	 0.000196 	 0.162726 	 0.172153
  104 	 0.036601 	 0.168991 	 0.172172
  105 	 0.019187 	 0.170069 	 0.172172
  106 	 0.000392 	 0.166938 	 0.172172
  107 	 0.067231 	 0.169118 	 0.172237
  108 	 0.000392 	 0.166341 	 0.172237
  109 	 0.000049 	 0.167913 	 0.172237
  110 	 0.003138 	 0.169658 	 0.172237
  111 	 0.000049 	 0.166666 	 0.172237
  112 	 0.000049 	 0.168926 	 0.172270
  113 	 0.013625 	 0.169928 	 0.172302
  114 	 0.006972 	 0.168835 	 0.172318
  115 	 0.000098 	 0.164529 	 0.172318
  116 	 0.003139 	 0.166537 	 0.172318
  117 	 0.000392 	 0.167939 	 0.172327
  118 	 0.024617 	 0.166952 	 0.172388
  119 	 0.026634 	 0.170349 	 0.172400
  120 	 0.076745 	 0.169197 	 0.172413
  121 	 0.036505 	 0.169703 	 0.172413
  122 	 0.036523 	 0.169378 	 0.172421
  123 	 0.000392 	 0.168097 	 0.172430
  124 	 0.000098 	 0.165153 	 0.172430
  125 	 0.009537 	 0.169510 	 0.172426
  126 	 0.006971 	 0.165405 	 0.172435
  127 	 0.000049 	 0.166745 	 0.172440
  128 	 0.003139 	 0.169397 	 0.172440
  129 	 0.000196 	 0.170249 	 0.172449
  130 	 0.006971 	 0.167565 	 0.172452
  131 	 0.009537 	 0.170310 	 0.172457
  132 	 0.003139 	 0.168792 	 0.172457
  133 	 0.000392 	 0.168177 	 0.172457
  134 	 0.009538 	 0.166196 	 0.172463
  135 	 0.144908 	 0.171968 	 0.172463
  136 	 0.000098 	 0.169309 	 0.172463
  137 	 0.000196 	 0.167724 	 0.172463
  138 	 0.001569 	 0.162914 	 0.172463
  139 	 0.003089 	 0.163082 	 0.172463
  140 	 0.001569 	 0.166722 	 0.172466
  141 	 0.019115 	 0.167830 	 0.172466
  142 	 0.013623 	 0.169632 	 0.172466
  143 	 0.001569 	 0.166362 	 0.172466
  144 	 0.018522 	 0.166743 	 0.172466
  145 	 0.048968 	 0.169850 	 0.172466
  146 	 0.000098 	 0.166138 	 0.172466
  147 	 0.003139 	 0.166774 	 0.172467
  148 	 0.024611 	 0.170079 	 0.172467
  149 	 0.000196 	 0.168661 	 0.172467
  150 	 0.006281 	 0.166367 	 0.172467
  151 	 0.006281 	 0.168867 	 0.172467
  152 	 0.171680 	 0.172454 	 0.172467
  153 	 0.000098 	 0.164691 	 0.172467
  154 	 0.036596 	 0.169160 	 0.172467
  155 	 0.001569 	 0.167862 	 0.172467
  156 	 0.018519 	 0.167879 	 0.172467
  157 	 0.000196 	 0.167238 	 0.172467
  158 	 0.170073 	 0.172441 	 0.172467
  159 	 0.000196 	 0.164118 	 0.172467
  160 	 0.000771 	 0.164324 	 0.172467
  161 	 0.006281 	 0.165867 	 0.172467
  162 	 0.003139 	 0.167612 	 0.172467
  163 	 0.000392 	 0.165356 	 0.172467
  164 	 0.000392 	 0.164394 	 0.172467
  165 	 0.101819 	 0.170787 	 0.172467
  166 	 0.111121 	 0.171802 	 0.172467
  167 	 0.000049 	 0.165650 	 0.172467
  168 	 0.000049 	 0.168644 	 0.172467
  169 	 0.000098 	 0.169500 	 0.172467
  170 	 0.001569 	 0.165886 	 0.172467
  171 	 0.000392 	 0.168396 	 0.172467
  172 	 0.024609 	 0.167447 	 0.172467
  173 	 0.000392 	 0.163143 	 0.172467
  174 	 0.000392 	 0.161081 	 0.172467
  175 	 0.003138 	 0.165992 	 0.172467
  176 	 0.000196 	 0.167816 	 0.172467
  177 	 0.000098 	 0.170344 	 0.172467
  178 	 0.077079 	 0.170591 	 0.172467
  179 	 0.000196 	 0.166639 	 0.172467
  180 	 0.067729 	 0.168800 	 0.172467
  181 	 0.012567 	 0.170865 	 0.172467
  182 	 0.000098 	 0.165352 	 0.172467
  183 	 0.003269 	 0.168106 	 0.172467
  184 	 0.163560 	 0.172271 	 0.172467
  185 	 0.000098 	 0.166665 	 0.172467
  186 	 0.018776 	 0.166835 	 0.172468
  187 	 0.018776 	 0.168214 	 0.172468
  188 	 0.013621 	 0.167645 	 0.172468
  189 	 0.077079 	 0.170727 	 0.172468
  190 	 0.000196 	 0.167367 	 0.172468
  191 	 0.000097 	 0.170436 	 0.172468
  192 	 0.000049 	 0.162001 	 0.172468
  193 	 0.019110 	 0.169993 	 0.172468
  194 	 0.003139 	 0.168051 	 0.172468
  195 	 0.006973 	 0.167934 	 0.172468
  196 	 0.003139 	 0.169733 	 0.172468
  197 	 0.006282 	 0.165946 	 0.172468
  198 	 0.003139 	 0.168913 	 0.172468
  199 	 0.000784 	 0.167105 	 0.172468
  200 	 0.011946 	 0.170589 	 0.172468
  201 	 0.006973 	 0.166136 	 0.172468
  202 	 0.000049 	 0.166746 	 0.172468
  203 	 0.012567 	 0.167707 	 0.172468
  204 	 0.000098 	 0.162542 	 0.172468
  205 	 0.003139 	 0.167838 	 0.172468
  206 	 0.003139 	 0.166572 	 0.172468
  207 	 0.006973 	 0.167888 	 0.172468
  208 	 0.018777 	 0.167634 	 0.172468
  209 	 0.009539 	 0.170046 	 0.172468
  210 	 0.018777 	 0.169563 	 0.172468
  211 	 0.001569 	 0.163118 	 0.172468
  212 	 0.000098 	 0.166813 	 0.172468
  213 	 0.006282 	 0.169320 	 0.172468
  214 	 0.000196 	 0.164081 	 0.172468
  215 	 0.003139 	 0.164751 	 0.172468
  216 	 0.026633 	 0.167890 	 0.172468
  217 	 0.000784 	 0.163179 	 0.172468
  218 	 0.000049 	 0.167925 	 0.172468
  219 	 0.170962 	 0.172449 	 0.172468
  220 	 0.001569 	 0.169115 	 0.172468
  221 	 0.000784 	 0.169523 	 0.172468
  222 	 0.000784 	 0.169314 	 0.172468
  223 	 0.001569 	 0.167953 	 0.172468
  224 	 0.109916 	 0.171532 	 0.172468
  225 	 0.106804 	 0.169957 	 0.172468
  226 	 0.067075 	 0.171176 	 0.172468
  227 	 0.167153 	 0.172375 	 0.172468
  228 	 0.000098 	 0.167041 	 0.172468
  229 	 0.006282 	 0.166331 	 0.172468
  230 	 0.000098 	 0.166953 	 0.172468
  231 	 0.000392 	 0.166375 	 0.172468
  232 	 0.000049 	 0.167265 	 0.172468
  233 	 0.000196 	 0.169068 	 0.172468
  234 	 0.000392 	 0.165974 	 0.172468
  235 	 0.000098 	 0.165763 	 0.172468
  236 	 0.001569 	 0.162204 	 0.172468
  237 	 0.012567 	 0.167734 	 0.172468
  238 	 0.002954 	 0.163213 	 0.172468
  239 	 0.018777 	 0.169627 	 0.172468
  240 	 0.006972 	 0.166811 	 0.172468
  241 	 0.000196 	 0.167612 	 0.172468
  242 	 0.000049 	 0.165107 	 0.172468
  243 	 0.018518 	 0.169720 	 0.172468
  244 	 0.090752 	 0.170135 	 0.172468
  245 	 0.009532 	 0.167248 	 0.172468
  246 	 0.000049 	 0.167598 	 0.172468
  247 	 0.000196 	 0.162571 	 0.172468
  248 	 0.000391 	 0.164107 	 0.172468
  249 	 0.000783 	 0.165210 	 0.172468
  250 	 0.006282 	 0.170167 	 0.172468
  251 	 0.000196 	 0.164629 	 0.172468
  252 	 0.009539 	 0.168462 	 0.172468
  253 	 0.018634 	 0.168673 	 0.172468
  254 	 0.000049 	 0.162489 	 0.172468
  255 	 0.019110 	 0.167002 	 0.172468
  256 	 0.003139 	 0.164048 	 0.172468
  257 	 0.006282 	 0.165845 	 0.172468
  258 	 0.000049 	 0.168280 	 0.172468
  259 	 0.018518 	 0.164577 	 0.172468
  260 	 0.000784 	 0.163043 	 0.172468
  261 	 0.000049 	 0.164438 	 0.172468
  262 	 0.000098 	 0.167737 	 0.172468
  263 	 0.003139 	 0.167182 	 0.172468
  264 	 0.010404 	 0.164202 	 0.172468
  265 	 0.003292 	 0.165721 	 0.172468
  266 	 0.000098 	 0.170313 	 0.172468
  267 	 0.000784 	 0.167573 	 0.172468
  268 	 0.000098 	 0.168509 	 0.172468
  269 	 0.000049 	 0.161654 	 0.172468
  270 	 0.043484 	 0.171029 	 0.172468
  271 	 0.000098 	 0.164478 	 0.172468
  272 	 0.000196 	 0.167678 	 0.172468
  273 	 0.009539 	 0.167485 	 0.172468
  274 	 0.144652 	 0.171808 	 0.172468
  275 	 0.000392 	 0.162884 	 0.172468
  276 	 0.001569 	 0.168446 	 0.172468
  277 	 0.009556 	 0.162149 	 0.172468
  278 	 0.000196 	 0.169627 	 0.172468
  279 	 0.018518 	 0.165387 	 0.172468
  280 	 0.000392 	 0.167978 	 0.172468
  281 	 0.000392 	 0.168093 	 0.172468
  282 	 0.000392 	 0.162926 	 0.172468
  283 	 0.000196 	 0.163417 	 0.172468
  284 	 0.000784 	 0.169350 	 0.172468
  285 	 0.065701 	 0.170589 	 0.172468
  286 	 0.000049 	 0.170044 	 0.172468
  287 	 0.001569 	 0.169601 	 0.172468
  288 	 0.018518 	 0.169896 	 0.172468
  289 	 0.111121 	 0.171153 	 0.172468
  290 	 0.003139 	 0.168600 	 0.172468
  291 	 0.000098 	 0.166194 	 0.172468
  292 	 0.000049 	 0.165713 	 0.172468
  293 	 0.133442 	 0.171710 	 0.172468
  294 	 0.001569 	 0.167577 	 0.172468
  295 	 0.009539 	 0.168798 	 0.172468
  296 	 0.024608 	 0.170789 	 0.172468
  297 	 0.006282 	 0.168578 	 0.172468
  298 	 0.009556 	 0.166093 	 0.172468
  299 	 0.000098 	 0.164241 	 0.172468
  300 	 0.106804 	 0.171609 	 0.172468
  301 	 0.000049 	 0.167648 	 0.172468
  302 	 0.001568 	 0.165631 	 0.172468
  303 	 0.024608 	 0.168519 	 0.172468
  304 	 0.000098 	 0.160528 	 0.172468
  305 	 0.001569 	 0.163720 	 0.172468
  306 	 0.006282 	 0.168291 	 0.172468
  307 	 0.000784 	 0.166770 	 0.172468
  308 	 0.000196 	 0.167052 	 0.172468
  309 	 0.000049 	 0.166711 	 0.172468
  310 	 0.000098 	 0.163222 	 0.172468
  311 	 0.000392 	 0.168435 	 0.172468
  312 	 0.003139 	 0.170206 	 0.172468
  313 	 0.036596 	 0.168190 	 0.172468
  314 	 0.024608 	 0.169187 	 0.172468
  315 	 0.003139 	 0.166146 	 0.172468
  316 	 0.000392 	 0.168247 	 0.172468
  317 	 0.000049 	 0.166408 	 0.172468
  318 	 0.013621 	 0.168992 	 0.172468
  319 	 0.003139 	 0.166226 	 0.172468
  320 	 0.036599 	 0.166855 	 0.172468
  321 	 0.000098 	 0.164747 	 0.172468
  322 	 0.006282 	 0.169290 	 0.172468
  323 	 0.000196 	 0.167374 	 0.172468
  324 	 0.000049 	 0.161706 	 0.172468
  325 	 0.006973 	 0.167618 	 0.172468
  326 	 0.000392 	 0.167427 	 0.172468
  327 	 0.006973 	 0.168586 	 0.172468
  328 	 0.001569 	 0.165526 	 0.172468
  329 	 0.000784 	 0.166654 	 0.172468
  330 	 0.123811 	 0.171392 	 0.172468
  331 	 0.003139 	 0.165854 	 0.172468
  332 	 0.009539 	 0.166591 	 0.172468
  333 	 0.109916 	 0.170883 	 0.172468
  334 	 0.036599 	 0.169428 	 0.172468
  335 	 0.000784 	 0.165114 	 0.172468
  336 	 0.036244 	 0.169447 	 0.172468
  337 	 0.001569 	 0.168094 	 0.172468
  338 	 0.009556 	 0.166303 	 0.172468
  339 	 0.000784 	 0.165547 	 0.172468
  340 	 0.113547 	 0.171820 	 0.172468
  341 	 0.000098 	 0.166169 	 0.172468
  342 	 0.000784 	 0.167327 	 0.172468
  343 	 0.018518 	 0.169648 	 0.172468
  344 	 0.006973 	 0.165022 	 0.172468
  345 	 0.001569 	 0.168529 	 0.172468
  346 	 0.000049 	 0.166699 	 0.172468
  347 	 0.006282 	 0.169111 	 0.172468
  348 	 0.000196 	 0.164557 	 0.172468
  349 	 0.000784 	 0.167100 	 0.172468
  350 	 0.009556 	 0.167433 	 0.172468
  351 	 0.003139 	 0.168393 	 0.172468
  352 	 0.001569 	 0.165575 	 0.172468
  353 	 0.000098 	 0.164323 	 0.172468
  354 	 0.050239 	 0.169606 	 0.172468
  355 	 0.009556 	 0.168933 	 0.172468
  356 	 0.000794 	 0.165200 	 0.172468
  357 	 0.006973 	 0.166218 	 0.172468
  358 	 0.000098 	 0.167815 	 0.172468
  359 	 0.000098 	 0.162777 	 0.172468
  360 	 0.000049 	 0.164748 	 0.172468
  361 	 0.003139 	 0.168809 	 0.172468
  362 	 0.001569 	 0.165458 	 0.172468
  363 	 0.003139 	 0.165306 	 0.172468
  364 	 0.000049 	 0.169525 	 0.172468
  365 	 0.000098 	 0.168068 	 0.172468
  366 	 0.006282 	 0.167447 	 0.172468
  367 	 0.067732 	 0.170171 	 0.172468
  368 	 0.036070 	 0.170384 	 0.172468
  369 	 0.006973 	 0.163126 	 0.172468
  370 	 0.038274 	 0.170343 	 0.172468
  371 	 0.001569 	 0.165398 	 0.172468
  372 	 0.140761 	 0.171809 	 0.172468
  373 	 0.001569 	 0.163806 	 0.172468
  374 	 0.000098 	 0.168414 	 0.172468
  375 	 0.000196 	 0.167836 	 0.172468
  376 	 0.012567 	 0.165541 	 0.172468
  377 	 0.000098 	 0.166900 	 0.172468
  378 	 0.000784 	 0.162706 	 0.172468
  379 	 0.036599 	 0.170124 	 0.172468
  380 	 0.009539 	 0.169707 	 0.172468
  381 	 0.003139 	 0.168274 	 0.172468
  382 	 0.019110 	 0.166846 	 0.172468
  383 	 0.012567 	 0.167994 	 0.172468
  384 	 0.000098 	 0.162590 	 0.172468
  385 	 0.000392 	 0.164487 	 0.172468
  386 	 0.077082 	 0.170776 	 0.172468
  387 	 0.024608 	 0.167159 	 0.172468
  388 	 0.000196 	 0.166475 	 0.172468
  389 	 0.000392 	 0.165539 	 0.172468
  390 	 0.048998 	 0.169164 	 0.172468
  391 	 0.000049 	 0.167441 	 0.172468
  392 	 0.000098 	 0.166668 	 0.172468
  393 	 0.003134 	 0.164843 	 0.172468
  394 	 0.018777 	 0.169027 	 0.172468
  395 	 0.006973 	 0.165114 	 0.172468
  396 	 0.000196 	 0.164023 	 0.172468
  397 	 0.024608 	 0.169630 	 0.172468
  398 	 0.145274 	 0.172196 	 0.172468
  399 	 0.003139 	 0.169239 	 0.172468
  400 	 0.000049 	 0.161153 	 0.172468
  401 	 0.145190 	 0.172001 	 0.172468
  402 	 0.001569 	 0.168321 	 0.172468
  403 	 0.000049 	 0.163872 	 0.172468
  404 	 0.000098 	 0.165120 	 0.172468
  405 	 0.001569 	 0.162692 	 0.172468
  406 	 0.048994 	 0.169911 	 0.172468
  407 	 0.003139 	 0.165591 	 0.172468
  408 	 0.006973 	 0.164855 	 0.172468
  409 	 0.038274 	 0.169488 	 0.172468
  410 	 0.000783 	 0.164970 	 0.172468
  411 	 0.109916 	 0.170720 	 0.172468
  412 	 0.000098 	 0.167546 	 0.172468
  413 	 0.000196 	 0.167193 	 0.172468
  414 	 0.000392 	 0.167165 	 0.172468
  415 	 0.019110 	 0.166035 	 0.172468
  416 	 0.000196 	 0.167814 	 0.172468
  417 	 0.000098 	 0.168768 	 0.172468
  418 	 0.120297 	 0.171917 	 0.172468
  419 	 0.001569 	 0.164457 	 0.172468
  420 	 0.001569 	 0.165757 	 0.172468
  421 	 0.000098 	 0.168469 	 0.172468
  422 	 0.000049 	 0.163778 	 0.172468
  423 	 0.009556 	 0.170839 	 0.172468
  424 	 0.003139 	 0.164069 	 0.172468
  425 	 0.000049 	 0.165074 	 0.172468
  426 	 0.000049 	 0.161624 	 0.172468
  427 	 0.003139 	 0.167275 	 0.172468
  428 	 0.036599 	 0.169932 	 0.172468
  429 	 0.000196 	 0.165363 	 0.172468
  430 	 0.012567 	 0.170360 	 0.172468
  431 	 0.018835 	 0.168038 	 0.172468
  432 	 0.000196 	 0.169661 	 0.172468
  433 	 0.065811 	 0.170875 	 0.172468
  434 	 0.006282 	 0.168186 	 0.172468
  435 	 0.003139 	 0.165602 	 0.172468
  436 	 0.001569 	 0.168529 	 0.172468
  437 	 0.036599 	 0.164176 	 0.172468
  438 	 0.024608 	 0.165019 	 0.172468
  439 	 0.003139 	 0.167362 	 0.172468
  440 	 0.000049 	 0.162044 	 0.172468
  441 	 0.038274 	 0.171015 	 0.172468
  442 	 0.048998 	 0.169183 	 0.172468
  443 	 0.001569 	 0.167148 	 0.172468
  444 	 0.006958 	 0.167316 	 0.172468
  445 	 0.000098 	 0.162788 	 0.172468
  446 	 0.012567 	 0.169921 	 0.172468
  447 	 0.036599 	 0.169489 	 0.172468
  448 	 0.000196 	 0.166118 	 0.172468
  449 	 0.000392 	 0.169047 	 0.172468
  450 	 0.000098 	 0.170139 	 0.172468
  451 	 0.003139 	 0.165112 	 0.172468
  452 	 0.009539 	 0.170629 	 0.172468
  453 	 0.009556 	 0.168332 	 0.172468
  454 	 0.001569 	 0.162981 	 0.172468
  455 	 0.013621 	 0.170527 	 0.172468
  456 	 0.019260 	 0.167586 	 0.172468
  457 	 0.000098 	 0.163577 	 0.172468
  458 	 0.013621 	 0.169281 	 0.172468
  459 	 0.043484 	 0.167253 	 0.172468
  460 	 0.003139 	 0.168968 	 0.172468
  461 	 0.006973 	 0.166893 	 0.172468
  462 	 0.026633 	 0.168039 	 0.172468
  463 	 0.003139 	 0.164898 	 0.172468
  464 	 0.006973 	 0.168674 	 0.172468
  465 	 0.000392 	 0.170081 	 0.172468
  466 	 0.038274 	 0.170157 	 0.172468
  467 	 0.050239 	 0.170375 	 0.172468
  468 	 0.006282 	 0.168071 	 0.172468
  469 	 0.012567 	 0.168272 	 0.172468
  470 	 0.018518 	 0.168237 	 0.172468
  471 	 0.026633 	 0.168728 	 0.172468
  472 	 0.019110 	 0.169036 	 0.172468
  473 	 0.003139 	 0.166963 	 0.172468
  474 	 0.000196 	 0.167239 	 0.172468
  475 	 0.012567 	 0.164348 	 0.172468
  476 	 0.000049 	 0.165732 	 0.172468
  477 	 0.162566 	 0.172343 	 0.172468
  478 	 0.000049 	 0.168352 	 0.172468
  479 	 0.000196 	 0.163995 	 0.172468
  480 	 0.145274 	 0.171951 	 0.172468
  481 	 0.000392 	 0.166723 	 0.172468
  482 	 0.000392 	 0.169797 	 0.172468
  483 	 0.018518 	 0.169759 	 0.172468
  484 	 0.026633 	 0.167789 	 0.172468
  485 	 0.036599 	 0.170544 	 0.172468
  486 	 0.036599 	 0.168088 	 0.172468
  487 	 0.000098 	 0.165074 	 0.172468
  488 	 0.000049 	 0.167929 	 0.172468
  489 	 0.000392 	 0.166136 	 0.172468
  490 	 0.000196 	 0.167450 	 0.172468
  491 	 0.144652 	 0.172065 	 0.172468
  492 	 0.000049 	 0.168557 	 0.172468
  493 	 0.077082 	 0.170695 	 0.172468
  494 	 0.000196 	 0.165310 	 0.172468
  495 	 0.067732 	 0.170993 	 0.172468
  496 	 0.000049 	 0.168290 	 0.172468
  497 	 0.000196 	 0.164339 	 0.172468
  498 	 0.006973 	 0.169507 	 0.172468
  499 	 0.024608 	 0.168436 	 0.172468
 