   0 	 0.000049 	 0.000320 	 0.009712
    1 	 0.000099 	 0.000517 	 0.005066
    2 	 0.000058 	 0.000947 	 0.013584
    3 	 0.000051 	 0.001683 	 0.018125
    4 	 0.000326 	 0.003603 	 0.018125
    5 	 0.001860 	 0.006694 	 0.034726
    6 	 0.000877 	 0.009152 	 0.034726
    7 	 0.000370 	 0.011580 	 0.035575
    8 	 0.004225 	 0.013902 	 0.033223
    9 	 0.004441 	 0.014489 	 0.030644
   10 	 0.001661 	 0.014577 	 0.050278
   11 	 0.000049 	 0.015351 	 0.050278
   12 	 0.000098 	 0.015865 	 0.050278
   13 	 0.007306 	 0.017901 	 0.050601
   14 	 0.003062 	 0.018678 	 0.054971
   15 	 0.000780 	 0.019205 	 0.069459
   16 	 0.008763 	 0.020344 	 0.072899
   17 	 0.009004 	 0.022460 	 0.072899
   18 	 0.007634 	 0.025972 	 0.072899
   19 	 0.001531 	 0.027804 	 0.059460
   20 	 0.010844 	 0.032900 	 0.056993
   21 	 0.000197 	 0.039242 	 0.069015
   22 	 0.011587 	 0.048104 	 0.084045
   23 	 0.014148 	 0.051358 	 0.084045
   24 	 0.009842 	 0.053207 	 0.091600
   25 	 0.011304 	 0.055628 	 0.074261
   26 	 0.004106 	 0.059043 	 0.077394
   27 	 0.038024 	 0.063944 	 0.077380
   28 	 0.028977 	 0.067071 	 0.077380
   29 	 0.000782 	 0.068290 	 0.091944
   30 	 0.000049 	 0.068865 	 0.091944
   31 	 0.006067 	 0.072873 	 0.095728
   32 	 0.009489 	 0.077881 	 0.095980
   33 	 0.000196 	 0.078899 	 0.095980
   34 	 0.000049 	 0.081476 	 0.109962
   35 	 0.008991 	 0.085895 	 0.105908
   36 	 0.006470 	 0.093698 	 0.107314
   37 	 0.013238 	 0.096246 	 0.124339
   38 	 0.074462 	 0.099820 	 0.127188
   39 	 0.000196 	 0.099653 	 0.127188
   40 	 0.000049 	 0.103417 	 0.127188
   41 	 0.090383 	 0.111818 	 0.127703
   42 	 0.000049 	 0.115301 	 0.131362
   43 	 0.003120 	 0.121525 	 0.137250
   44 	 0.000783 	 0.123742 	 0.138410
   45 	 0.001565 	 0.125722 	 0.139135
   46 	 0.000392 	 0.124619 	 0.139135
   47 	 0.000784 	 0.130578 	 0.139148
   48 	 0.006279 	 0.131035 	 0.139161
   49 	 0.003139 	 0.133907 	 0.139161
   50 	 0.013579 	 0.135087 	 0.140832
   51 	 0.001570 	 0.136947 	 0.140832
   52 	 0.034704 	 0.138152 	 0.141016
   53 	 0.089251 	 0.138327 	 0.141463
   54 	 0.000098 	 0.137600 	 0.143214
   55 	 0.035195 	 0.136571 	 0.143263
   56 	 0.000098 	 0.137944 	 0.143263
   57 	 0.000098 	 0.135468 	 0.143263
   58 	 0.022078 	 0.140388 	 0.148302
   59 	 0.000392 	 0.138761 	 0.148342
   60 	 0.000049 	 0.134371 	 0.150124
   61 	 0.003133 	 0.139683 	 0.150265
   62 	 0.128067 	 0.146760 	 0.150704
   63 	 0.000405 	 0.146221 	 0.157572
   64 	 0.000098 	 0.144712 	 0.158048
   65 	 0.003139 	 0.148133 	 0.157982
   66 	 0.000049 	 0.147040 	 0.157836
   67 	 0.130766 	 0.152310 	 0.158048
   68 	 0.018821 	 0.151083 	 0.158048
   69 	 0.000392 	 0.152028 	 0.158252
   70 	 0.000098 	 0.153851 	 0.158252
   71 	 0.000783 	 0.153244 	 0.158284
   72 	 0.003128 	 0.155936 	 0.158490
   73 	 0.007021 	 0.153941 	 0.160129
   74 	 0.000049 	 0.152050 	 0.160129
   75 	 0.000392 	 0.156233 	 0.160680
   76 	 0.036808 	 0.154968 	 0.160519
   77 	 0.009479 	 0.153474 	 0.160603
   78 	 0.107493 	 0.158407 	 0.161137
   79 	 0.070612 	 0.159309 	 0.161137
   80 	 0.000392 	 0.157266 	 0.161499
   81 	 0.000392 	 0.155645 	 0.161512
   82 	 0.119711 	 0.160450 	 0.161932
   83 	 0.000098 	 0.155829 	 0.161684
   84 	 0.018430 	 0.158458 	 0.162536
   85 	 0.000049 	 0.157695 	 0.162536
   86 	 0.006268 	 0.156062 	 0.162536
   87 	 0.044598 	 0.158920 	 0.162571
   88 	 0.009542 	 0.158844 	 0.162883
   89 	 0.024742 	 0.160570 	 0.164366
   90 	 0.000196 	 0.158132 	 0.164733
   91 	 0.006266 	 0.157452 	 0.164733
   92 	 0.000196 	 0.157781 	 0.164788
   93 	 0.019224 	 0.158238 	 0.164991
   94 	 0.000098 	 0.162247 	 0.164991
   95 	 0.013517 	 0.159270 	 0.164991
   96 	 0.018961 	 0.161233 	 0.165173
   97 	 0.000098 	 0.156785 	 0.165162
   98 	 0.037740 	 0.162034 	 0.165162
   99 	 0.048956 	 0.163565 	 0.165216
  100 	 0.007003 	 0.159999 	 0.165525
  101 	 0.000049 	 0.160457 	 0.165525
  102 	 0.000392 	 0.162543 	 0.165525
  103 	 0.019070 	 0.160057 	 0.165539
  104 	 0.026372 	 0.161539 	 0.165539
  105 	 0.149442 	 0.165017 	 0.166417
  106 	 0.000049 	 0.160748 	 0.166162
  107 	 0.018500 	 0.159898 	 0.166162
  108 	 0.048218 	 0.163718 	 0.166162
  109 	 0.000784 	 0.160224 	 0.166334
  110 	 0.000049 	 0.159371 	 0.166162
  111 	 0.000049 	 0.159748 	 0.166365
  112 	 0.000049 	 0.158350 	 0.166365
  113 	 0.068171 	 0.162551 	 0.166365
  114 	 0.012463 	 0.162560 	 0.166524
  115 	 0.019026 	 0.161321 	 0.166465
  116 	 0.013531 	 0.162771 	 0.166455
  117 	 0.000049 	 0.157803 	 0.166586
  118 	 0.000196 	 0.162882 	 0.166586
  119 	 0.049169 	 0.165254 	 0.166586
  120 	 0.037055 	 0.163441 	 0.166586
  121 	 0.019050 	 0.162681 	 0.166633
  122 	 0.000049 	 0.160407 	 0.166715
  123 	 0.000392 	 0.161630 	 0.166781
  124 	 0.018562 	 0.163907 	 0.166781
  125 	 0.009530 	 0.164661 	 0.166781
  126 	 0.019039 	 0.159092 	 0.166781
  127 	 0.013530 	 0.163168 	 0.166946
  128 	 0.001567 	 0.163733 	 0.166946
  129 	 0.000784 	 0.158274 	 0.167079
  130 	 0.006258 	 0.158067 	 0.167079
  131 	 0.003133 	 0.162801 	 0.167079
  132 	 0.006259 	 0.163413 	 0.167079
  133 	 0.000049 	 0.159260 	 0.167079
  134 	 0.018904 	 0.162817 	 0.167100
  135 	 0.037270 	 0.164722 	 0.167100
  136 	 0.007008 	 0.161797 	 0.167100
  137 	 0.000392 	 0.164287 	 0.167100
  138 	 0.000392 	 0.153233 	 0.167100
  139 	 0.009520 	 0.162010 	 0.167112
  140 	 0.018633 	 0.161449 	 0.167112
  141 	 0.048560 	 0.164932 	 0.167112
  142 	 0.024492 	 0.165585 	 0.167112
  143 	 0.049283 	 0.165470 	 0.167151
  144 	 0.000049 	 0.160070 	 0.167151
  145 	 0.001567 	 0.162081 	 0.167151
  146 	 0.066721 	 0.164001 	 0.167151
  147 	 0.012426 	 0.162541 	 0.167175
  148 	 0.000392 	 0.163461 	 0.167175
  149 	 0.001567 	 0.160884 	 0.167184
  150 	 0.001567 	 0.162094 	 0.167184
  151 	 0.009518 	 0.161695 	 0.167188
  152 	 0.000098 	 0.162675 	 0.167188
  153 	 0.000196 	 0.160995 	 0.167208
  154 	 0.000196 	 0.164369 	 0.167208
  155 	 0.000784 	 0.162619 	 0.167208
  156 	 0.026150 	 0.164483 	 0.167212
  157 	 0.009517 	 0.163758 	 0.167212
  158 	 0.007007 	 0.161445 	 0.167222
  159 	 0.069487 	 0.164650 	 0.167222
  160 	 0.006247 	 0.163314 	 0.167222
  161 	 0.018917 	 0.163010 	 0.167222
  162 	 0.024506 	 0.164500 	 0.167222
  163 	 0.112220 	 0.166455 	 0.168315
  164 	 0.000392 	 0.162991 	 0.168315
  165 	 0.044425 	 0.164754 	 0.168315
  166 	 0.081451 	 0.165875 	 0.168354
  167 	 0.009510 	 0.161234 	 0.168329
  168 	 0.000098 	 0.165671 	 0.168881
  169 	 0.038704 	 0.166562 	 0.168881
  170 	 0.000784 	 0.166002 	 0.168881
  171 	 0.039249 	 0.166433 	 0.168930
  172 	 0.123228 	 0.167557 	 0.168930
  173 	 0.026540 	 0.165490 	 0.168930
  174 	 0.000049 	 0.161563 	 0.168991
  175 	 0.009599 	 0.165754 	 0.168991
  176 	 0.003140 	 0.161925 	 0.170042
  177 	 0.000049 	 0.163069 	 0.169017
  178 	 0.105467 	 0.167377 	 0.169017
  179 	 0.006986 	 0.166005 	 0.169039
  180 	 0.000098 	 0.160078 	 0.169039
  181 	 0.038836 	 0.167613 	 0.169042
  182 	 0.000196 	 0.161733 	 0.169064
  183 	 0.001568 	 0.164397 	 0.169100
  184 	 0.000784 	 0.165269 	 0.169115
  185 	 0.000098 	 0.157188 	 0.169079
  186 	 0.038712 	 0.166867 	 0.169098
  187 	 0.024904 	 0.166981 	 0.169098
  188 	 0.000392 	 0.164281 	 0.169977
  189 	 0.155413 	 0.168864 	 0.169098
  190 	 0.038056 	 0.164987 	 0.169098
  191 	 0.121669 	 0.167708 	 0.169232
  192 	 0.001568 	 0.161426 	 0.169232
  193 	 0.012521 	 0.167019 	 0.169232
  194 	 0.000049 	 0.164032 	 0.169232
  195 	 0.000098 	 0.161296 	 0.169232
  196 	 0.000392 	 0.162619 	 0.169232
  197 	 0.000049 	 0.163998 	 0.169239
  198 	 0.000784 	 0.163099 	 0.169878
  199 	 0.038467 	 0.166378 	 0.169878
  200 	 0.000392 	 0.163606 	 0.169878
  201 	 0.000098 	 0.159904 	 0.169878
  202 	 0.001568 	 0.162282 	 0.169919
  203 	 0.000196 	 0.163126 	 0.169919
  204 	 0.000784 	 0.162234 	 0.169919
  205 	 0.000784 	 0.166686 	 0.169919
  206 	 0.000196 	 0.158504 	 0.169919
  207 	 0.036468 	 0.167618 	 0.169968
  208 	 0.000049 	 0.156313 	 0.169919
  209 	 0.000784 	 0.166102 	 0.169919
  210 	 0.026196 	 0.166811 	 0.169919
  211 	 0.009501 	 0.166361 	 0.169919
  212 	 0.000392 	 0.167605 	 0.169919
  213 	 0.006256 	 0.162920 	 0.169919
  214 	 0.048768 	 0.167543 	 0.169987
  215 	 0.000049 	 0.167974 	 0.170003
  216 	 0.000049 	 0.159009 	 0.170003
  217 	 0.000784 	 0.162937 	 0.170201
  218 	 0.009498 	 0.165945 	 0.170201
  219 	 0.005229 	 0.165526 	 0.170201
  220 	 0.036963 	 0.167154 	 0.170201
  221 	 0.009528 	 0.167106 	 0.170201
  222 	 0.065612 	 0.168030 	 0.170201
  223 	 0.153562 	 0.169778 	 0.170204
  224 	 0.000098 	 0.159521 	 0.170204
  225 	 0.002812 	 0.164785 	 0.170204
  226 	 0.006266 	 0.166807 	 0.170204
  227 	 0.000392 	 0.165673 	 0.170217
  228 	 0.120621 	 0.168890 	 0.170217
  229 	 0.001568 	 0.165325 	 0.170222
  230 	 0.006268 	 0.165379 	 0.170222
  231 	 0.106310 	 0.169342 	 0.170232
  232 	 0.001568 	 0.162242 	 0.170232
  233 	 0.012481 	 0.165278 	 0.170232
  234 	 0.000784 	 0.157878 	 0.170232
  235 	 0.064846 	 0.167851 	 0.170232
  236 	 0.000392 	 0.167189 	 0.170232
  237 	 0.000049 	 0.167719 	 0.170232
  238 	 0.003135 	 0.163045 	 0.170232
  239 	 0.042809 	 0.167904 	 0.170232
  240 	 0.000049 	 0.166405 	 0.170232
  241 	 0.038479 	 0.167843 	 0.170232
  242 	 0.000049 	 0.164986 	 0.170232
  243 	 0.000784 	 0.166494 	 0.170235
  244 	 0.012507 	 0.163682 	 0.170235
  245 	 0.000049 	 0.165117 	 0.170235
  246 	 0.000196 	 0.167084 	 0.170235
  247 	 0.000196 	 0.163499 	 0.170235
  248 	 0.026289 	 0.163476 	 0.170235
  249 	 0.000098 	 0.161110 	 0.170235
  250 	 0.000049 	 0.157864 	 0.170235
  251 	 0.000781 	 0.168333 	 0.170235
  252 	 0.108856 	 0.168999 	 0.170235
  253 	 0.000098 	 0.164844 	 0.170235
  254 	 0.026289 	 0.168408 	 0.170235
  255 	 0.000098 	 0.163525 	 0.170235
  256 	 0.000784 	 0.161731 	 0.170235
  257 	 0.006998 	 0.165119 	 0.170235
  258 	 0.000784 	 0.161874 	 0.170235
  259 	 0.009475 	 0.165340 	 0.170235
  260 	 0.064999 	 0.167686 	 0.170235
  261 	 0.000196 	 0.163062 	 0.170237
  262 	 0.064999 	 0.167958 	 0.170237
  263 	 0.000098 	 0.162899 	 0.170237
  264 	 0.018450 	 0.165858 	 0.170237
  265 	 0.000784 	 0.162548 	 0.170237
  266 	 0.000098 	 0.164683 	 0.170237
  267 	 0.120611 	 0.168907 	 0.170237
  268 	 0.000392 	 0.163910 	 0.170237
  269 	 0.007108 	 0.166373 	 0.170237
  270 	 0.006996 	 0.165996 	 0.170237
  271 	 0.000049 	 0.163351 	 0.170237
  272 	 0.006996 	 0.165842 	 0.170237
  273 	 0.071693 	 0.169060 	 0.170237
  274 	 0.009472 	 0.166445 	 0.170237
  275 	 0.019104 	 0.165521 	 0.170237
  276 	 0.001568 	 0.165555 	 0.170237
  277 	 0.019104 	 0.167367 	 0.170237
  278 	 0.001568 	 0.165600 	 0.170237
  279 	 0.019104 	 0.167258 	 0.170237
  280 	 0.019101 	 0.163589 	 0.170237
  281 	 0.036453 	 0.166458 	 0.170237
  282 	 0.006997 	 0.168517 	 0.170237
  283 	 0.000196 	 0.166716 	 0.170237
  284 	 0.001568 	 0.162126 	 0.170237
  285 	 0.000098 	 0.167705 	 0.170237
  286 	 0.000392 	 0.164610 	 0.170237
  287 	 0.012510 	 0.167347 	 0.170237
  288 	 0.009473 	 0.164589 	 0.170237
  289 	 0.019076 	 0.166895 	 0.170237
  290 	 0.000049 	 0.159737 	 0.170237
  291 	 0.006997 	 0.165556 	 0.170237
  292 	 0.026299 	 0.165910 	 0.170237
  293 	 0.018454 	 0.167548 	 0.170237
  294 	 0.000392 	 0.163665 	 0.170237
  295 	 0.006997 	 0.165927 	 0.170237
  296 	 0.003135 	 0.162436 	 0.170237
  297 	 0.000196 	 0.166368 	 0.170237
  298 	 0.006267 	 0.166050 	 0.170237
  299 	 0.000098 	 0.161524 	 0.170237
  300 	 0.013532 	 0.165175 	 0.170237
  301 	 0.026299 	 0.167131 	 0.170237
  302 	 0.000098 	 0.164108 	 0.170237
  303 	 0.009473 	 0.164653 	 0.170237
  304 	 0.018454 	 0.164293 	 0.170237
  305 	 0.009473 	 0.167620 	 0.170237
  306 	 0.000098 	 0.163479 	 0.170237
  307 	 0.000049 	 0.162197 	 0.170237
  308 	 0.000196 	 0.161709 	 0.170237
  309 	 0.084733 	 0.168435 	 0.170237
  310 	 0.013532 	 0.167858 	 0.170237
  311 	 0.153756 	 0.169921 	 0.170237
  312 	 0.019101 	 0.166636 	 0.170237
  313 	 0.000784 	 0.159645 	 0.170237
  314 	 0.001568 	 0.164141 	 0.170237
  315 	 0.001568 	 0.162187 	 0.170237
  316 	 0.000196 	 0.164391 	 0.170237
  317 	 0.037817 	 0.168687 	 0.170237
  318 	 0.000196 	 0.165388 	 0.170237
  319 	 0.106294 	 0.168756 	 0.170237
  320 	 0.037817 	 0.167029 	 0.170237
  321 	 0.000196 	 0.164185 	 0.170237
  322 	 0.000392 	 0.163047 	 0.170237
  323 	 0.000049 	 0.163162 	 0.170237
  324 	 0.000049 	 0.158704 	 0.170237
  325 	 0.000049 	 0.166866 	 0.170237
  326 	 0.009555 	 0.164219 	 0.170237
  327 	 0.003135 	 0.164251 	 0.170237
  328 	 0.143295 	 0.169648 	 0.170237
  329 	 0.084733 	 0.169040 	 0.170237
  330 	 0.000196 	 0.163936 	 0.170237
  331 	 0.000784 	 0.165073 	 0.170237
  332 	 0.061815 	 0.167274 	 0.170237
  333 	 0.000098 	 0.163117 	 0.170237
  334 	 0.024820 	 0.166856 	 0.170237
  335 	 0.001568 	 0.164411 	 0.170237
  336 	 0.006997 	 0.165753 	 0.170237
  337 	 0.000784 	 0.165565 	 0.170237
  338 	 0.000098 	 0.163146 	 0.170237
  339 	 0.064895 	 0.168675 	 0.170237
  340 	 0.000196 	 0.162296 	 0.170237
  341 	 0.000098 	 0.166085 	 0.170237
  342 	 0.012510 	 0.167465 	 0.170237
  343 	 0.012510 	 0.166585 	 0.170237
  344 	 0.000049 	 0.162110 	 0.170237
  345 	 0.117819 	 0.169616 	 0.170237
  346 	 0.000784 	 0.163808 	 0.170237
  347 	 0.006267 	 0.163282 	 0.170237
  348 	 0.012510 	 0.164023 	 0.170237
  349 	 0.024820 	 0.167259 	 0.170237
  350 	 0.001568 	 0.163315 	 0.170237
  351 	 0.067656 	 0.166839 	 0.170237
  352 	 0.048119 	 0.165562 	 0.170237
  353 	 0.000098 	 0.165495 	 0.170237
  354 	 0.009555 	 0.164556 	 0.170237
  355 	 0.000098 	 0.161056 	 0.170237
  356 	 0.048119 	 0.167011 	 0.170237
  357 	 0.000784 	 0.164024 	 0.170237
  358 	 0.012510 	 0.162576 	 0.170237
  359 	 0.000098 	 0.165759 	 0.170237
  360 	 0.012510 	 0.165559 	 0.170237
  361 	 0.000049 	 0.160309 	 0.170237
  362 	 0.009555 	 0.162824 	 0.170237
  363 	 0.000049 	 0.162026 	 0.170237
  364 	 0.018454 	 0.168522 	 0.170237
  365 	 0.003135 	 0.166176 	 0.170237
  366 	 0.000049 	 0.165005 	 0.170237
  367 	 0.001568 	 0.158890 	 0.170237
  368 	 0.000196 	 0.159569 	 0.170237
  369 	 0.009473 	 0.165553 	 0.170237
  370 	 0.067656 	 0.169073 	 0.170237
  371 	 0.104012 	 0.169470 	 0.170237
  372 	 0.009555 	 0.167557 	 0.170237
  373 	 0.019101 	 0.165800 	 0.170237
  374 	 0.000049 	 0.167421 	 0.170237
  375 	 0.000049 	 0.158659 	 0.170237
  376 	 0.012510 	 0.164986 	 0.170237
  377 	 0.001568 	 0.165912 	 0.170237
  378 	 0.000196 	 0.161032 	 0.170237
  379 	 0.025490 	 0.165654 	 0.170237
  380 	 0.019101 	 0.167932 	 0.170237
  381 	 0.019101 	 0.164559 	 0.170237
  382 	 0.000196 	 0.166139 	 0.170237
  383 	 0.013534 	 0.165651 	 0.170237
  384 	 0.000098 	 0.162384 	 0.170237
  385 	 0.001568 	 0.167996 	 0.170237
  386 	 0.006997 	 0.165736 	 0.170237
  387 	 0.006267 	 0.164867 	 0.170237
  388 	 0.084733 	 0.168587 	 0.170237
  389 	 0.000196 	 0.164449 	 0.170237
  390 	 0.000098 	 0.165098 	 0.170237
  391 	 0.048119 	 0.167434 	 0.170237
  392 	 0.000049 	 0.165669 	 0.170237
  393 	 0.064895 	 0.168368 	 0.170237
  394 	 0.018454 	 0.166162 	 0.170237
  395 	 0.000196 	 0.162488 	 0.170237
  396 	 0.024820 	 0.165744 	 0.170237
  397 	 0.003135 	 0.166000 	 0.170237
  398 	 0.000049 	 0.163502 	 0.170237
  399 	 0.071655 	 0.168218 	 0.170237
  400 	 0.009555 	 0.165380 	 0.170237
  401 	 0.018454 	 0.165569 	 0.170237
  402 	 0.078786 	 0.168266 	 0.170237
  403 	 0.122368 	 0.169369 	 0.170237
  404 	 0.013532 	 0.166124 	 0.170237
  405 	 0.118150 	 0.169555 	 0.170237
  406 	 0.006267 	 0.166016 	 0.170237
  407 	 0.003135 	 0.165087 	 0.170237
  408 	 0.000049 	 0.160861 	 0.170237
  409 	 0.106294 	 0.169561 	 0.170237
  410 	 0.117819 	 0.168851 	 0.170237
  411 	 0.001568 	 0.161830 	 0.170237
  412 	 0.024820 	 0.167713 	 0.170237
  413 	 0.037817 	 0.166076 	 0.170237
  414 	 0.018454 	 0.167686 	 0.170237
  415 	 0.048119 	 0.166412 	 0.170237
  416 	 0.018766 	 0.167619 	 0.170237
  417 	 0.015278 	 0.163203 	 0.170237
  418 	 0.000098 	 0.166539 	 0.170406
  419 	 0.006997 	 0.166446 	 0.170406
  420 	 0.006997 	 0.166312 	 0.170406
  421 	 0.166855 	 0.170097 	 0.170406
  422 	 0.003135 	 0.167053 	 0.170406
  423 	 0.042799 	 0.166941 	 0.170406
  424 	 0.006997 	 0.161361 	 0.170406
  425 	 0.009555 	 0.164134 	 0.170406
  426 	 0.003135 	 0.164530 	 0.170406
  427 	 0.000049 	 0.163934 	 0.170406
  428 	 0.000049 	 0.164976 	 0.170676
  429 	 0.006242 	 0.162824 	 0.170676
  430 	 0.001566 	 0.162466 	 0.170676
  431 	 0.000196 	 0.166224 	 0.170738
  432 	 0.013488 	 0.164091 	 0.170676
  433 	 0.009514 	 0.166983 	 0.170676
  434 	 0.000196 	 0.164013 	 0.170732
  435 	 0.001567 	 0.168138 	 0.170732
  436 	 0.000784 	 0.167452 	 0.170733
  437 	 0.000049 	 0.165567 	 0.170733
  438 	 0.013465 	 0.168883 	 0.170733
  439 	 0.024529 	 0.168010 	 0.170853
  440 	 0.000098 	 0.163598 	 0.170853
  441 	 0.000049 	 0.166641 	 0.170894
  442 	 0.009517 	 0.166901 	 0.170894
  443 	 0.018582 	 0.166073 	 0.170923
  444 	 0.000392 	 0.158477 	 0.170923
  445 	 0.000049 	 0.162570 	 0.170923
  446 	 0.010162 	 0.165693 	 0.170944
  447 	 0.018940 	 0.165953 	 0.170954
  448 	 0.018906 	 0.164879 	 0.170954
  449 	 0.003132 	 0.166042 	 0.170954
  450 	 0.003132 	 0.164470 	 0.171000
  451 	 0.000049 	 0.159653 	 0.171015
  452 	 0.000098 	 0.166053 	 0.171000
  453 	 0.048781 	 0.168745 	 0.171000
  454 	 0.147874 	 0.170581 	 0.171000
  455 	 0.013493 	 0.164307 	 0.171024
  456 	 0.006257 	 0.166288 	 0.171024
  457 	 0.007008 	 0.166506 	 0.171024
  458 	 0.000049 	 0.161070 	 0.171024
  459 	 0.000098 	 0.164021 	 0.171024
  460 	 0.000196 	 0.165466 	 0.171024
  461 	 0.018968 	 0.166312 	 0.171024
  462 	 0.000049 	 0.164193 	 0.171024
  463 	 0.024674 	 0.165153 	 0.171024
  464 	 0.007007 	 0.164933 	 0.171024
  465 	 0.037069 	 0.168113 	 0.171024
  466 	 0.038219 	 0.168436 	 0.171024
  467 	 0.038219 	 0.167645 	 0.171024
  468 	 0.037332 	 0.167177 	 0.171024
  469 	 0.018974 	 0.167691 	 0.171024
  470 	 0.003133 	 0.166391 	 0.171024
  471 	 0.006258 	 0.164805 	 0.171047
  472 	 0.000049 	 0.162032 	 0.171047
  473 	 0.037069 	 0.168479 	 0.171047
  474 	 0.024520 	 0.166105 	 0.171047
  475 	 0.000196 	 0.157820 	 0.171047
  476 	 0.000049 	 0.162464 	 0.171047
  477 	 0.000098 	 0.162423 	 0.171047
  478 	 0.000392 	 0.168247 	 0.171047
  479 	 0.000196 	 0.162876 	 0.171047
  480 	 0.000392 	 0.164954 	 0.171047
  481 	 0.000049 	 0.162997 	 0.171047
  482 	 0.026120 	 0.167171 	 0.171047
  483 	 0.000392 	 0.164636 	 0.171047
  484 	 0.000196 	 0.165423 	 0.171047
  485 	 0.009529 	 0.163968 	 0.171047
  486 	 0.003132 	 0.164290 	 0.171047
  487 	 0.003132 	 0.167033 	 0.171047
  488 	 0.018937 	 0.167960 	 0.171047
  489 	 0.043399 	 0.167275 	 0.171047
  490 	 0.001567 	 0.168454 	 0.171047
  491 	 0.007011 	 0.165398 	 0.171047
  492 	 0.000098 	 0.165714 	 0.171047
  493 	 0.000196 	 0.159937 	 0.171047
  494 	 0.000196 	 0.162387 	 0.171047
  495 	 0.007011 	 0.168718 	 0.171047
  496 	 0.007011 	 0.164782 	 0.171047
  497 	 0.000098 	 0.161220 	 0.171047
  498 	 0.000784 	 0.164023 	 0.171047
  499 	 0.000196 	 0.167268 	 0.171047
 