   0 	 0.000049 	 0.000353 	 0.009360
    1 	 0.000111 	 0.000724 	 0.012864
    2 	 0.000054 	 0.001064 	 0.012864
    3 	 0.000050 	 0.001807 	 0.012926
    4 	 0.000880 	 0.003173 	 0.018569
    5 	 0.000050 	 0.004315 	 0.020124
    6 	 0.000050 	 0.005458 	 0.020124
    7 	 0.000050 	 0.006171 	 0.019188
    8 	 0.000049 	 0.007054 	 0.019188
    9 	 0.000463 	 0.008151 	 0.022999
   10 	 0.000100 	 0.010109 	 0.024749
   11 	 0.000389 	 0.011541 	 0.024749
   12 	 0.000195 	 0.013220 	 0.030773
   13 	 0.002202 	 0.016251 	 0.025900
   14 	 0.000383 	 0.015809 	 0.027139
   15 	 0.000049 	 0.020117 	 0.034351
   16 	 0.000805 	 0.018596 	 0.033354
   17 	 0.009139 	 0.022615 	 0.033679
   18 	 0.010373 	 0.025644 	 0.038448
   19 	 0.001504 	 0.026743 	 0.037142
   20 	 0.000049 	 0.028361 	 0.038448
   21 	 0.000388 	 0.028848 	 0.038457
   22 	 0.013959 	 0.031587 	 0.042906
   23 	 0.012645 	 0.035184 	 0.043009
   24 	 0.000098 	 0.035843 	 0.042906
   25 	 0.014662 	 0.037305 	 0.045903
   26 	 0.015451 	 0.038159 	 0.045903
   27 	 0.014549 	 0.037950 	 0.045905
   28 	 0.001567 	 0.036737 	 0.045903
   29 	 0.014822 	 0.038701 	 0.046591
   30 	 0.008953 	 0.039591 	 0.046958
   31 	 0.000098 	 0.039769 	 0.047525
   32 	 0.011428 	 0.042192 	 0.047582
   33 	 0.001539 	 0.042502 	 0.047584
   34 	 0.000196 	 0.043932 	 0.048063
   35 	 0.006718 	 0.045169 	 0.048103
   36 	 0.001556 	 0.046471 	 0.048103
   37 	 0.013636 	 0.047349 	 0.048392
   38 	 0.001552 	 0.045632 	 0.048392
   39 	 0.000177 	 0.047054 	 0.048392
   40 	 0.000391 	 0.046285 	 0.048816
   41 	 0.011305 	 0.047286 	 0.048496
   42 	 0.000098 	 0.046938 	 0.048496
   43 	 0.000196 	 0.047025 	 0.048611
   44 	 0.009076 	 0.047347 	 0.048611
   45 	 0.000391 	 0.047626 	 0.048733
   46 	 0.000098 	 0.047402 	 0.048840
   47 	 0.038546 	 0.048440 	 0.048840
   48 	 0.000196 	 0.046849 	 0.048979
   49 	 0.009129 	 0.047528 	 0.048861
   50 	 0.013431 	 0.048382 	 0.048982
   51 	 0.032799 	 0.048478 	 0.049384
   52 	 0.044688 	 0.048752 	 0.049771
   53 	 0.031976 	 0.048407 	 0.049771
   54 	 0.006446 	 0.047362 	 0.049242
   55 	 0.000781 	 0.048128 	 0.049241
   56 	 0.003081 	 0.048187 	 0.049288
   57 	 0.006425 	 0.048649 	 0.049288
   58 	 0.048990 	 0.049182 	 0.049288
   59 	 0.000196 	 0.047709 	 0.049582
   60 	 0.011424 	 0.048106 	 0.049582
   61 	 0.035758 	 0.049020 	 0.051712
   62 	 0.000196 	 0.048946 	 0.051712
   63 	 0.018362 	 0.049335 	 0.051713
   64 	 0.006802 	 0.048769 	 0.051885
   65 	 0.000781 	 0.049078 	 0.051804
   66 	 0.000049 	 0.050440 	 0.051804
   67 	 0.000098 	 0.049863 	 0.051885
   68 	 0.001556 	 0.050319 	 0.051885
   69 	 0.041659 	 0.051516 	 0.051958
   70 	 0.006419 	 0.051105 	 0.052511
   71 	 0.001553 	 0.050439 	 0.052511
   72 	 0.000098 	 0.050431 	 0.052511
   73 	 0.042706 	 0.051705 	 0.052511
   74 	 0.000196 	 0.049588 	 0.052028
   75 	 0.000049 	 0.050026 	 0.052103
   76 	 0.018126 	 0.051610 	 0.052173
   77 	 0.049091 	 0.051951 	 0.052261
   78 	 0.000780 	 0.050484 	 0.052272
   79 	 0.000780 	 0.051023 	 0.052275
   80 	 0.000390 	 0.051062 	 0.052463
   81 	 0.002856 	 0.051319 	 0.052463
   82 	 0.006808 	 0.050712 	 0.052342
   83 	 0.016586 	 0.051668 	 0.052420
   84 	 0.003079 	 0.051351 	 0.052534
   85 	 0.000098 	 0.050469 	 0.052534
   86 	 0.000049 	 0.051595 	 0.053213
   87 	 0.000196 	 0.051315 	 0.053213
   88 	 0.000196 	 0.050176 	 0.053213
   89 	 0.000098 	 0.051308 	 0.053213
   90 	 0.013631 	 0.051430 	 0.053327
   91 	 0.018698 	 0.052176 	 0.053327
   92 	 0.000391 	 0.052504 	 0.053353
   93 	 0.000782 	 0.052524 	 0.053353
   94 	 0.000391 	 0.051267 	 0.053363
   95 	 0.003092 	 0.051836 	 0.053363
   96 	 0.011671 	 0.052132 	 0.053375
   97 	 0.016786 	 0.052825 	 0.053375
   98 	 0.001559 	 0.052227 	 0.053407
   99 	 0.000196 	 0.052541 	 0.053427
  100 	 0.016984 	 0.052780 	 0.053427
  101 	 0.018428 	 0.052988 	 0.053427
  102 	 0.000098 	 0.051991 	 0.053427
  103 	 0.003087 	 0.052295 	 0.053445
  104 	 0.003087 	 0.052033 	 0.053452
  105 	 0.000196 	 0.052790 	 0.053452
  106 	 0.000781 	 0.051943 	 0.053474
  107 	 0.027530 	 0.052971 	 0.053475
  108 	 0.009008 	 0.052364 	 0.053490
  109 	 0.021165 	 0.052929 	 0.053490
  110 	 0.000049 	 0.052233 	 0.053715
  111 	 0.016982 	 0.053036 	 0.053716
  112 	 0.032574 	 0.053213 	 0.053715
  113 	 0.011743 	 0.053045 	 0.054200
  114 	 0.003096 	 0.051474 	 0.054200
  115 	 0.006797 	 0.052844 	 0.054200
  116 	 0.000391 	 0.052191 	 0.054217
  117 	 0.000391 	 0.052760 	 0.054217
  118 	 0.031796 	 0.053707 	 0.054217
  119 	 0.011671 	 0.053051 	 0.054217
  120 	 0.000196 	 0.052286 	 0.054217
  121 	 0.011671 	 0.053762 	 0.054217
  122 	 0.009296 	 0.053373 	 0.054218
  123 	 0.000391 	 0.053242 	 0.054226
  124 	 0.018270 	 0.053796 	 0.054226
  125 	 0.016871 	 0.053755 	 0.054229
  126 	 0.000781 	 0.052810 	 0.054232
  127 	 0.000391 	 0.052939 	 0.054232
  128 	 0.000049 	 0.052921 	 0.054234
  129 	 0.024458 	 0.053898 	 0.054236
  130 	 0.009037 	 0.053272 	 0.054255
  131 	 0.000049 	 0.053487 	 0.054255
  132 	 0.044866 	 0.054101 	 0.054255
  133 	 0.018427 	 0.053873 	 0.054264
  134 	 0.000781 	 0.052245 	 0.054264
  135 	 0.000391 	 0.053243 	 0.054264
  136 	 0.009071 	 0.053005 	 0.054265
  137 	 0.018225 	 0.053431 	 0.054265
  138 	 0.000391 	 0.052601 	 0.054274
  139 	 0.006844 	 0.053048 	 0.054265
  140 	 0.009061 	 0.053007 	 0.054265
  141 	 0.018404 	 0.053837 	 0.054288
  142 	 0.009270 	 0.053372 	 0.054306
  143 	 0.049664 	 0.054150 	 0.054306
  144 	 0.006385 	 0.053379 	 0.054307
  145 	 0.000781 	 0.053058 	 0.054307
  146 	 0.000391 	 0.053227 	 0.054307
  147 	 0.000391 	 0.052987 	 0.054307
  148 	 0.000789 	 0.053369 	 0.054307
  149 	 0.009040 	 0.052440 	 0.054309
  150 	 0.000391 	 0.053722 	 0.054309
  151 	 0.053858 	 0.054301 	 0.054313
  152 	 0.000098 	 0.052798 	 0.054309
  153 	 0.000098 	 0.052658 	 0.054328
  154 	 0.000049 	 0.053759 	 0.054328
  155 	 0.050316 	 0.054250 	 0.054328
  156 	 0.000049 	 0.053296 	 0.054328
  157 	 0.049240 	 0.054203 	 0.054328
  158 	 0.018281 	 0.053817 	 0.054328
  159 	 0.001557 	 0.053199 	 0.054328
  160 	 0.018281 	 0.053508 	 0.054328
  161 	 0.045358 	 0.054162 	 0.054329
  162 	 0.000049 	 0.053197 	 0.054335
  163 	 0.000196 	 0.052192 	 0.054335
  164 	 0.032166 	 0.053978 	 0.054335
  165 	 0.000196 	 0.053201 	 0.054335
  166 	 0.009288 	 0.053063 	 0.054335
  167 	 0.045592 	 0.054185 	 0.054337
  168 	 0.034562 	 0.054004 	 0.054339
  169 	 0.024530 	 0.053990 	 0.054339
  170 	 0.006383 	 0.053072 	 0.054341
  171 	 0.001558 	 0.052822 	 0.054341
  172 	 0.034551 	 0.053780 	 0.054341
  173 	 0.006377 	 0.053831 	 0.054341
  174 	 0.033484 	 0.054060 	 0.054341
  175 	 0.045600 	 0.054184 	 0.054341
  176 	 0.000391 	 0.052825 	 0.054341
  177 	 0.009054 	 0.053213 	 0.054341
  178 	 0.005312 	 0.053536 	 0.054342
  179 	 0.009048 	 0.053105 	 0.054342
  180 	 0.009295 	 0.053347 	 0.054342
  181 	 0.034408 	 0.053803 	 0.054342
  182 	 0.000391 	 0.052638 	 0.054342
  183 	 0.000391 	 0.053341 	 0.054343
  184 	 0.045519 	 0.054203 	 0.054343
  185 	 0.024440 	 0.053681 	 0.054343
  186 	 0.018308 	 0.053686 	 0.054343
  187 	 0.000049 	 0.052612 	 0.054343
  188 	 0.050285 	 0.054249 	 0.054343
  189 	 0.045498 	 0.054204 	 0.054343
  190 	 0.000049 	 0.053112 	 0.054343
  191 	 0.001557 	 0.053243 	 0.054343
  192 	 0.006850 	 0.053493 	 0.054343
  193 	 0.000049 	 0.053230 	 0.054343
  194 	 0.009295 	 0.053209 	 0.054343
  195 	 0.050288 	 0.054283 	 0.054343
  196 	 0.013513 	 0.053790 	 0.054343
  197 	 0.000196 	 0.053598 	 0.054343
  198 	 0.053105 	 0.054321 	 0.054343
  199 	 0.000391 	 0.052579 	 0.054343
  200 	 0.000391 	 0.052219 	 0.054343
  201 	 0.016928 	 0.053592 	 0.054343
  202 	 0.006391 	 0.053710 	 0.054343
  203 	 0.003092 	 0.053367 	 0.054343
  204 	 0.009297 	 0.053617 	 0.054343
  205 	 0.009048 	 0.053576 	 0.054343
  206 	 0.048697 	 0.054249 	 0.054343
  207 	 0.000781 	 0.052778 	 0.054343
  208 	 0.000391 	 0.051949 	 0.054343
  209 	 0.000098 	 0.053117 	 0.054343
  210 	 0.018307 	 0.053747 	 0.054343
  211 	 0.000098 	 0.052871 	 0.054343
  212 	 0.006850 	 0.053118 	 0.054343
  213 	 0.000049 	 0.052684 	 0.054343
  214 	 0.009293 	 0.053268 	 0.054343
  215 	 0.045501 	 0.054092 	 0.054343
  216 	 0.000196 	 0.053773 	 0.054343
  217 	 0.000391 	 0.053406 	 0.054343
  218 	 0.000098 	 0.051990 	 0.054343
  219 	 0.000196 	 0.053314 	 0.054343
  220 	 0.000781 	 0.053043 	 0.054343
  221 	 0.013515 	 0.053823 	 0.054343
  222 	 0.000098 	 0.052486 	 0.054343
  223 	 0.009296 	 0.053667 	 0.054343
  224 	 0.013515 	 0.053867 	 0.054343
  225 	 0.018307 	 0.053183 	 0.054343
  226 	 0.050762 	 0.054295 	 0.054343
  227 	 0.000391 	 0.053026 	 0.054343
  228 	 0.011674 	 0.053266 	 0.054343
  229 	 0.052131 	 0.054314 	 0.054343
  230 	 0.000049 	 0.052801 	 0.054343
  231 	 0.003092 	 0.052820 	 0.054343
  232 	 0.053351 	 0.054318 	 0.054343
  233 	 0.006850 	 0.053544 	 0.054344
  234 	 0.009047 	 0.052910 	 0.054344
  235 	 0.000391 	 0.052766 	 0.054344
  236 	 0.033397 	 0.054055 	 0.054344
  237 	 0.000391 	 0.052834 	 0.054344
  238 	 0.003092 	 0.053265 	 0.054344
  239 	 0.000391 	 0.053661 	 0.054344
  240 	 0.018305 	 0.053626 	 0.054344
  241 	 0.000781 	 0.053681 	 0.054344
  242 	 0.000781 	 0.053644 	 0.054344
  243 	 0.006392 	 0.053516 	 0.054344
  244 	 0.011673 	 0.053562 	 0.054344
  245 	 0.001557 	 0.053197 	 0.054344
  246 	 0.000391 	 0.053179 	 0.054344
  247 	 0.013516 	 0.053695 	 0.054344
  248 	 0.000196 	 0.053275 	 0.054344
  249 	 0.000391 	 0.052196 	 0.054344
  250 	 0.052282 	 0.054320 	 0.054344
  251 	 0.000098 	 0.053069 	 0.054344
  252 	 0.000098 	 0.051089 	 0.054344
  253 	 0.043594 	 0.054152 	 0.054344
  254 	 0.009046 	 0.053356 	 0.054344
  255 	 0.006392 	 0.053729 	 0.054344
  256 	 0.048726 	 0.054269 	 0.054344
  257 	 0.000196 	 0.053241 	 0.054344
  258 	 0.000196 	 0.053238 	 0.054344
  259 	 0.013516 	 0.053808 	 0.054344
  260 	 0.000781 	 0.052627 	 0.054344
  261 	 0.000781 	 0.053394 	 0.054344
  262 	 0.000391 	 0.052490 	 0.054344
  263 	 0.000196 	 0.052279 	 0.054344
  264 	 0.000391 	 0.053527 	 0.054344
  265 	 0.000391 	 0.051217 	 0.054344
  266 	 0.006850 	 0.053026 	 0.054344
  267 	 0.009046 	 0.053314 	 0.054344
  268 	 0.000098 	 0.053225 	 0.054344
  269 	 0.000196 	 0.052918 	 0.054344
  270 	 0.000098 	 0.053025 	 0.054344
  271 	 0.000196 	 0.052945 	 0.054344
  272 	 0.018305 	 0.053881 	 0.054344
  273 	 0.009297 	 0.053269 	 0.054344
  274 	 0.011673 	 0.053093 	 0.054344
  275 	 0.001557 	 0.052659 	 0.054344
  276 	 0.000781 	 0.053760 	 0.054344
  277 	 0.000781 	 0.052472 	 0.054344
  278 	 0.011673 	 0.053423 	 0.054344
  279 	 0.011673 	 0.053498 	 0.054344
  280 	 0.019211 	 0.053772 	 0.054344
  281 	 0.000391 	 0.053381 	 0.054344
  282 	 0.000098 	 0.053689 	 0.054344
  283 	 0.006392 	 0.052950 	 0.054344
  284 	 0.000049 	 0.052048 	 0.054344
  285 	 0.000196 	 0.052816 	 0.054344
  286 	 0.009046 	 0.052662 	 0.054344
  287 	 0.000049 	 0.053683 	 0.054344
  288 	 0.033392 	 0.054106 	 0.054344
  289 	 0.049331 	 0.054269 	 0.054344
  290 	 0.009297 	 0.052991 	 0.054344
  291 	 0.001557 	 0.053424 	 0.054344
  292 	 0.000781 	 0.052204 	 0.054344
  293 	 0.032056 	 0.054033 	 0.054344
  294 	 0.006392 	 0.053730 	 0.054344
  295 	 0.000098 	 0.053754 	 0.054344
  296 	 0.000781 	 0.052929 	 0.054344
  297 	 0.021084 	 0.053611 	 0.054344
  298 	 0.000391 	 0.052201 	 0.054344
  299 	 0.009046 	 0.052665 	 0.054344
  300 	 0.000049 	 0.053750 	 0.054344
  301 	 0.009046 	 0.053873 	 0.054344
  302 	 0.021084 	 0.054000 	 0.054344
  303 	 0.034371 	 0.053989 	 0.054344
  304 	 0.018305 	 0.053609 	 0.054344
  305 	 0.021084 	 0.053945 	 0.054344
  306 	 0.016922 	 0.053092 	 0.054344
  307 	 0.000098 	 0.052512 	 0.054344
  308 	 0.000781 	 0.052609 	 0.054344
  309 	 0.000196 	 0.051947 	 0.054344
  310 	 0.003092 	 0.053053 	 0.054344
  311 	 0.006392 	 0.053326 	 0.054344
  312 	 0.006850 	 0.052981 	 0.054344
  313 	 0.000196 	 0.052467 	 0.054344
  314 	 0.000781 	 0.052477 	 0.054344
  315 	 0.000098 	 0.052852 	 0.054344
  316 	 0.000098 	 0.053534 	 0.054344
  317 	 0.000098 	 0.053779 	 0.054344
  318 	 0.003092 	 0.053457 	 0.054344
  319 	 0.011673 	 0.053827 	 0.054344
  320 	 0.052993 	 0.054307 	 0.054344
  321 	 0.000049 	 0.052717 	 0.054344
  322 	 0.000098 	 0.052917 	 0.054344
  323 	 0.000781 	 0.052685 	 0.054344
  324 	 0.000049 	 0.052722 	 0.054344
  325 	 0.000196 	 0.052531 	 0.054344
  326 	 0.003092 	 0.052293 	 0.054344
  327 	 0.009046 	 0.053014 	 0.054344
  328 	 0.000049 	 0.053209 	 0.054344
  329 	 0.006850 	 0.053612 	 0.054344
  330 	 0.000391 	 0.052618 	 0.054344
  331 	 0.000098 	 0.051970 	 0.054344
  332 	 0.000391 	 0.053698 	 0.054344
  333 	 0.000196 	 0.053187 	 0.054344
  334 	 0.000098 	 0.052413 	 0.054344
  335 	 0.018305 	 0.053435 	 0.054344
  336 	 0.006392 	 0.053521 	 0.054344
  337 	 0.000049 	 0.053322 	 0.054344
  338 	 0.000781 	 0.052263 	 0.054344
  339 	 0.016932 	 0.053122 	 0.054344
  340 	 0.003092 	 0.053255 	 0.054344
  341 	 0.000098 	 0.053796 	 0.054344
  342 	 0.016922 	 0.053862 	 0.054344
  343 	 0.046368 	 0.054146 	 0.054344
  344 	 0.011673 	 0.053718 	 0.054344
  345 	 0.001557 	 0.052885 	 0.054344
  346 	 0.009297 	 0.053349 	 0.054344
  347 	 0.003092 	 0.053750 	 0.054344
  348 	 0.001557 	 0.053065 	 0.054344
  349 	 0.006392 	 0.053728 	 0.054344
  350 	 0.013516 	 0.053372 	 0.054344
  351 	 0.011673 	 0.053393 	 0.054344
  352 	 0.006850 	 0.053396 	 0.054344
  353 	 0.000391 	 0.053252 	 0.054344
  354 	 0.018305 	 0.053538 	 0.054344
  355 	 0.001557 	 0.053223 	 0.054344
  356 	 0.000098 	 0.053394 	 0.054344
  357 	 0.000049 	 0.052904 	 0.054344
  358 	 0.006392 	 0.052774 	 0.054344
  359 	 0.000098 	 0.053130 	 0.054344
  360 	 0.001557 	 0.052479 	 0.054344
  361 	 0.000391 	 0.052908 	 0.054344
  362 	 0.053351 	 0.054329 	 0.054344
  363 	 0.021084 	 0.053863 	 0.054344
  364 	 0.000049 	 0.052555 	 0.054344
  365 	 0.033392 	 0.054031 	 0.054344
  366 	 0.000098 	 0.053149 	 0.054344
  367 	 0.009297 	 0.052924 	 0.054344
  368 	 0.013516 	 0.052855 	 0.054344
  369 	 0.000098 	 0.052525 	 0.054344
  370 	 0.000098 	 0.051956 	 0.054344
  371 	 0.033392 	 0.054064 	 0.054344
  372 	 0.052993 	 0.054327 	 0.054344
  373 	 0.000196 	 0.052592 	 0.054344
  374 	 0.043594 	 0.054147 	 0.054344
  375 	 0.051820 	 0.054306 	 0.054344
  376 	 0.000049 	 0.053013 	 0.054344
  377 	 0.000049 	 0.052062 	 0.054344
  378 	 0.000391 	 0.053382 	 0.054344
  379 	 0.006392 	 0.053593 	 0.054344
  380 	 0.000098 	 0.052720 	 0.054344
  381 	 0.016922 	 0.053073 	 0.054344
  382 	 0.000049 	 0.052712 	 0.054344
  383 	 0.003092 	 0.053166 	 0.054344
  384 	 0.001558 	 0.052014 	 0.054344
  385 	 0.001557 	 0.052976 	 0.054344
  386 	 0.043594 	 0.054130 	 0.054344
  387 	 0.032056 	 0.053986 	 0.054344
  388 	 0.000391 	 0.053163 	 0.054344
  389 	 0.028647 	 0.054063 	 0.054344
  390 	 0.009046 	 0.053590 	 0.054344
  391 	 0.000196 	 0.052808 	 0.054344
  392 	 0.016922 	 0.053955 	 0.054344
  393 	 0.000781 	 0.053808 	 0.054344
  394 	 0.000098 	 0.052652 	 0.054344
  395 	 0.000391 	 0.053369 	 0.054344
  396 	 0.000781 	 0.053291 	 0.054344
  397 	 0.009046 	 0.053052 	 0.054344
  398 	 0.016922 	 0.053851 	 0.054344
  399 	 0.009046 	 0.052984 	 0.054344
  400 	 0.045465 	 0.054251 	 0.054344
  401 	 0.038286 	 0.053991 	 0.054344
  402 	 0.001557 	 0.053041 	 0.054344
  403 	 0.000196 	 0.052211 	 0.054344
  404 	 0.034371 	 0.054005 	 0.054344
  405 	 0.021084 	 0.053820 	 0.054344
  406 	 0.009046 	 0.053019 	 0.054344
  407 	 0.000781 	 0.053376 	 0.054344
  408 	 0.000098 	 0.053442 	 0.054344
  409 	 0.000196 	 0.053496 	 0.054344
  410 	 0.018305 	 0.053760 	 0.054344
  411 	 0.000391 	 0.053232 	 0.054344
  412 	 0.006392 	 0.053696 	 0.054344
  413 	 0.000196 	 0.053758 	 0.054344
  414 	 0.048726 	 0.054232 	 0.054344
  415 	 0.046368 	 0.054194 	 0.054344
  416 	 0.046368 	 0.054209 	 0.054344
  417 	 0.009046 	 0.053569 	 0.054344
  418 	 0.001557 	 0.051874 	 0.054344
  419 	 0.018305 	 0.052858 	 0.054344
  420 	 0.000196 	 0.052340 	 0.054344
  421 	 0.028647 	 0.053756 	 0.054344
  422 	 0.029671 	 0.053755 	 0.054344
  423 	 0.043127 	 0.054149 	 0.054344
  424 	 0.000049 	 0.053771 	 0.054344
  425 	 0.000098 	 0.050505 	 0.054344
  426 	 0.000098 	 0.052715 	 0.054344
  427 	 0.000049 	 0.053324 	 0.054344
  428 	 0.003092 	 0.053382 	 0.054344
  429 	 0.006850 	 0.053559 	 0.054344
  430 	 0.028656 	 0.054025 	 0.054344
  431 	 0.021084 	 0.053968 	 0.054344
  432 	 0.000196 	 0.052205 	 0.054344
  433 	 0.006392 	 0.052427 	 0.054344
  434 	 0.048726 	 0.054140 	 0.054344
  435 	 0.013516 	 0.053541 	 0.054344
  436 	 0.006850 	 0.053855 	 0.054344
  437 	 0.000049 	 0.052939 	 0.054344
  438 	 0.006392 	 0.053086 	 0.054344
  439 	 0.000391 	 0.053237 	 0.054344
  440 	 0.000049 	 0.052130 	 0.054344
  441 	 0.000196 	 0.053250 	 0.054344
  442 	 0.000391 	 0.052357 	 0.054344
  443 	 0.013524 	 0.053039 	 0.054344
  444 	 0.042894 	 0.054157 	 0.054344
  445 	 0.018305 	 0.053231 	 0.054344
  446 	 0.043127 	 0.054225 	 0.054344
  447 	 0.000196 	 0.052350 	 0.054344
  448 	 0.006850 	 0.053369 	 0.054344
  449 	 0.021084 	 0.053987 	 0.054344
  450 	 0.009051 	 0.053876 	 0.054344
  451 	 0.018305 	 0.053937 	 0.054344
  452 	 0.000391 	 0.053690 	 0.054344
  453 	 0.001557 	 0.052597 	 0.054344
  454 	 0.000098 	 0.053035 	 0.054344
  455 	 0.000196 	 0.053007 	 0.054344
  456 	 0.000049 	 0.053117 	 0.054344
  457 	 0.000391 	 0.053043 	 0.054344
  458 	 0.003092 	 0.052748 	 0.054344
  459 	 0.000196 	 0.053253 	 0.054344
  460 	 0.009297 	 0.053866 	 0.054344
  461 	 0.054156 	 0.054341 	 0.054344
  462 	 0.000098 	 0.053182 	 0.054344
  463 	 0.000049 	 0.052599 	 0.054344
  464 	 0.032056 	 0.054074 	 0.054344
  465 	 0.003092 	 0.053251 	 0.054344
  466 	 0.016753 	 0.053885 	 0.054344
  467 	 0.013516 	 0.053264 	 0.054344
  468 	 0.028647 	 0.053995 	 0.054344
  469 	 0.000196 	 0.051680 	 0.054344
  470 	 0.018305 	 0.053753 	 0.054344
  471 	 0.000391 	 0.052949 	 0.054344
  472 	 0.000196 	 0.052409 	 0.054344
  473 	 0.032056 	 0.053892 	 0.054344
  474 	 0.011673 	 0.052303 	 0.054344
  475 	 0.052122 	 0.054279 	 0.054344
  476 	 0.009297 	 0.053061 	 0.054344
  477 	 0.000391 	 0.053271 	 0.054344
  478 	 0.006392 	 0.053718 	 0.054344
  479 	 0.000049 	 0.052138 	 0.054344
  480 	 0.000049 	 0.052510 	 0.054344
  481 	 0.000049 	 0.053765 	 0.054344
  482 	 0.033392 	 0.054132 	 0.054344
  483 	 0.018305 	 0.053940 	 0.054344
  484 	 0.006850 	 0.053098 	 0.054344
  485 	 0.000049 	 0.053566 	 0.054344
  486 	 0.006850 	 0.053823 	 0.054344
  487 	 0.000781 	 0.053236 	 0.054344
  488 	 0.001557 	 0.053036 	 0.054344
  489 	 0.000049 	 0.051942 	 0.054344
  490 	 0.000049 	 0.053169 	 0.054344
  491 	 0.000196 	 0.053210 	 0.054344
  492 	 0.000098 	 0.052880 	 0.054344
  493 	 0.000781 	 0.052438 	 0.054344
  494 	 0.000098 	 0.052969 	 0.054344
  495 	 0.043127 	 0.054205 	 0.054344
  496 	 0.006850 	 0.053332 	 0.054344
  497 	 0.009297 	 0.053618 	 0.054344
  498 	 0.000196 	 0.052484 	 0.054344
  499 	 0.009046 	 0.052243 	 0.054344
 