   0 	 0.000049 	 0.000380 	 0.005975
    1 	 0.000060 	 0.000770 	 0.006055
    2 	 0.000121 	 0.001092 	 0.007569
    3 	 0.000097 	 0.002259 	 0.021465
    4 	 0.000049 	 0.003180 	 0.018202
    5 	 0.000095 	 0.005637 	 0.018202
    6 	 0.000098 	 0.008509 	 0.033674
    7 	 0.000100 	 0.011479 	 0.033675
    8 	 0.003990 	 0.013979 	 0.037554
    9 	 0.000193 	 0.018458 	 0.053725
   10 	 0.003146 	 0.023331 	 0.043308
   11 	 0.000098 	 0.029014 	 0.040356
   12 	 0.000393 	 0.031058 	 0.037385
   13 	 0.000196 	 0.033369 	 0.039250
   14 	 0.000394 	 0.033433 	 0.037772
   15 	 0.006326 	 0.034689 	 0.038826
   16 	 0.000196 	 0.035017 	 0.039658
   17 	 0.000049 	 0.035516 	 0.039997
   18 	 0.008881 	 0.037321 	 0.058144
   19 	 0.030424 	 0.039207 	 0.058144
   20 	 0.026158 	 0.039898 	 0.075406
   21 	 0.000098 	 0.041556 	 0.075406
   22 	 0.000392 	 0.041699 	 0.075406
   23 	 0.000392 	 0.044860 	 0.075404
   24 	 0.005811 	 0.046987 	 0.075373
   25 	 0.000391 	 0.049061 	 0.075373
   26 	 0.000195 	 0.055348 	 0.075997
   27 	 0.017795 	 0.061934 	 0.076240
   28 	 0.009118 	 0.070483 	 0.076240
   29 	 0.013095 	 0.072482 	 0.076240
   30 	 0.000049 	 0.073549 	 0.076798
   31 	 0.009199 	 0.074698 	 0.077714
   32 	 0.033439 	 0.074901 	 0.078334
   33 	 0.019556 	 0.075281 	 0.078508
   34 	 0.018731 	 0.075785 	 0.083497
   35 	 0.019629 	 0.076622 	 0.083497
   36 	 0.000392 	 0.075146 	 0.080355
   37 	 0.000391 	 0.074138 	 0.084949
   38 	 0.030690 	 0.079613 	 0.084949
   39 	 0.000049 	 0.078571 	 0.085326
   40 	 0.000392 	 0.079041 	 0.085326
   41 	 0.003126 	 0.080795 	 0.085250
   42 	 0.000392 	 0.081525 	 0.085348
   43 	 0.052821 	 0.084137 	 0.085384
   44 	 0.045356 	 0.084316 	 0.085547
   45 	 0.003119 	 0.081850 	 0.086030
   46 	 0.003119 	 0.082544 	 0.086030
   47 	 0.009367 	 0.082385 	 0.086030
   48 	 0.012230 	 0.082414 	 0.085783
   49 	 0.000783 	 0.083267 	 0.085977
   50 	 0.046098 	 0.084452 	 0.085994
   51 	 0.028776 	 0.084596 	 0.086421
   52 	 0.073232 	 0.085683 	 0.086376
   53 	 0.003122 	 0.084344 	 0.086501
   54 	 0.046456 	 0.085676 	 0.086577
   55 	 0.009378 	 0.084826 	 0.086867
   56 	 0.024931 	 0.084497 	 0.087030
   57 	 0.012201 	 0.085375 	 0.087183
   58 	 0.000098 	 0.084922 	 0.087183
   59 	 0.045633 	 0.085686 	 0.087183
   60 	 0.006214 	 0.084115 	 0.087348
   61 	 0.034007 	 0.085365 	 0.087204
   62 	 0.009389 	 0.084665 	 0.087448
   63 	 0.009283 	 0.085076 	 0.087485
   64 	 0.013119 	 0.085203 	 0.087534
   65 	 0.018989 	 0.085875 	 0.087534
   66 	 0.009388 	 0.085473 	 0.087541
   67 	 0.035797 	 0.086466 	 0.087606
   68 	 0.033485 	 0.085847 	 0.087606
   69 	 0.000196 	 0.085712 	 0.087679
   70 	 0.033101 	 0.085712 	 0.087650
   71 	 0.000392 	 0.085387 	 0.087723
   72 	 0.000098 	 0.083686 	 0.087704
   73 	 0.018794 	 0.085628 	 0.087742
   74 	 0.005829 	 0.084427 	 0.087745
   75 	 0.012245 	 0.086882 	 0.087822
   76 	 0.079272 	 0.087454 	 0.087912
   77 	 0.000196 	 0.085615 	 0.087912
   78 	 0.001565 	 0.083509 	 0.087912
   79 	 0.003123 	 0.086049 	 0.087915
   80 	 0.000196 	 0.085449 	 0.087958
   81 	 0.000783 	 0.085433 	 0.087958
   82 	 0.000049 	 0.085394 	 0.087966
   83 	 0.007074 	 0.085366 	 0.088002
   84 	 0.074817 	 0.087619 	 0.088002
   85 	 0.000098 	 0.086314 	 0.088002
   86 	 0.000392 	 0.085072 	 0.088022
   87 	 0.000783 	 0.084189 	 0.088022
   88 	 0.009445 	 0.085557 	 0.088041
   89 	 0.012302 	 0.085910 	 0.088041
   90 	 0.054947 	 0.087540 	 0.088041
   91 	 0.041321 	 0.087555 	 0.088051
   92 	 0.000049 	 0.084368 	 0.088053
   93 	 0.000784 	 0.084327 	 0.088053
   94 	 0.018651 	 0.087342 	 0.088053
   95 	 0.087033 	 0.088026 	 0.088062
   96 	 0.000392 	 0.084422 	 0.088062
   97 	 0.000392 	 0.085676 	 0.088066
   98 	 0.000781 	 0.086779 	 0.088072
   99 	 0.000784 	 0.085981 	 0.088072
  100 	 0.000098 	 0.084365 	 0.088073
  101 	 0.003128 	 0.086181 	 0.088077
  102 	 0.000196 	 0.086207 	 0.088077
  103 	 0.000098 	 0.081541 	 0.088080
  104 	 0.003128 	 0.083993 	 0.088080
  105 	 0.000049 	 0.083891 	 0.088077
  106 	 0.000196 	 0.083975 	 0.088080
  107 	 0.024437 	 0.087082 	 0.088080
  108 	 0.029415 	 0.086481 	 0.088222
  109 	 0.018822 	 0.086862 	 0.088222
  110 	 0.000049 	 0.082865 	 0.088225
  111 	 0.009415 	 0.086477 	 0.088225
  112 	 0.000098 	 0.083411 	 0.088225
  113 	 0.000392 	 0.081247 	 0.088225
  114 	 0.044448 	 0.087684 	 0.088225
  115 	 0.006237 	 0.084980 	 0.089640
  116 	 0.000196 	 0.085452 	 0.089640
  117 	 0.000784 	 0.086535 	 0.089640
  118 	 0.000784 	 0.085681 	 0.089640
  119 	 0.018803 	 0.086886 	 0.089640
  120 	 0.000783 	 0.084638 	 0.089640
  121 	 0.000392 	 0.087688 	 0.089640
  122 	 0.006219 	 0.086599 	 0.089640
  123 	 0.007070 	 0.087005 	 0.089662
  124 	 0.003124 	 0.086832 	 0.089662
  125 	 0.000049 	 0.086870 	 0.089662
  126 	 0.000392 	 0.086963 	 0.089666
  127 	 0.024670 	 0.088639 	 0.089666
  128 	 0.009313 	 0.088639 	 0.089686
  129 	 0.001565 	 0.086583 	 0.089686
  130 	 0.009315 	 0.087977 	 0.089686
  131 	 0.001565 	 0.088631 	 0.089686
  132 	 0.085989 	 0.089616 	 0.089686
  133 	 0.000783 	 0.087089 	 0.089686
  134 	 0.001566 	 0.087496 	 0.089704
  135 	 0.000098 	 0.086683 	 0.089704
  136 	 0.013109 	 0.088166 	 0.089704
  137 	 0.085986 	 0.089598 	 0.089704
  138 	 0.003125 	 0.087257 	 0.089705
  139 	 0.044794 	 0.088293 	 0.089705
  140 	 0.007081 	 0.087313 	 0.089705
  141 	 0.013088 	 0.087090 	 0.089705
  142 	 0.000098 	 0.085943 	 0.089706
  143 	 0.000098 	 0.085118 	 0.089706
  144 	 0.077370 	 0.089550 	 0.089706
  145 	 0.000098 	 0.086937 	 0.089707
  146 	 0.006229 	 0.088858 	 0.089707
  147 	 0.055950 	 0.089077 	 0.089707
  148 	 0.073686 	 0.089226 	 0.089707
  149 	 0.009473 	 0.087743 	 0.089707
  150 	 0.088770 	 0.089688 	 0.089707
  151 	 0.000049 	 0.088621 	 0.089707
  152 	 0.000098 	 0.087910 	 0.089707
  153 	 0.009335 	 0.086715 	 0.089707
  154 	 0.000049 	 0.087486 	 0.089707
  155 	 0.012318 	 0.088043 	 0.089707
  156 	 0.000098 	 0.087095 	 0.089707
  157 	 0.000098 	 0.087893 	 0.089707
  158 	 0.001566 	 0.086543 	 0.089707
  159 	 0.003127 	 0.088138 	 0.089707
  160 	 0.044788 	 0.089111 	 0.089707
  161 	 0.000783 	 0.088459 	 0.089707
  162 	 0.000098 	 0.088163 	 0.089707
  163 	 0.000196 	 0.084604 	 0.089707
  164 	 0.000049 	 0.084852 	 0.089707
  165 	 0.000783 	 0.087325 	 0.089707
  166 	 0.000097 	 0.085559 	 0.089707
  167 	 0.018646 	 0.088746 	 0.089707
  168 	 0.009335 	 0.086440 	 0.089707
  169 	 0.000392 	 0.086739 	 0.089707
  170 	 0.000098 	 0.086691 	 0.089707
  171 	 0.000098 	 0.086454 	 0.089707
  172 	 0.012318 	 0.088221 	 0.089707
  173 	 0.007081 	 0.087973 	 0.089707
  174 	 0.001566 	 0.087322 	 0.089707
  175 	 0.000196 	 0.085189 	 0.089707
  176 	 0.086154 	 0.089616 	 0.089707
  177 	 0.018646 	 0.087809 	 0.089707
  178 	 0.068199 	 0.089371 	 0.089707
  179 	 0.000783 	 0.087929 	 0.089707
  180 	 0.033865 	 0.087985 	 0.089707
  181 	 0.000098 	 0.087952 	 0.089707
  182 	 0.018867 	 0.088818 	 0.089707
  183 	 0.009335 	 0.087093 	 0.089707
  184 	 0.001566 	 0.087840 	 0.089707
  185 	 0.010906 	 0.087495 	 0.089707
  186 	 0.000049 	 0.086819 	 0.089707
  187 	 0.000049 	 0.088038 	 0.089707
  188 	 0.000049 	 0.087688 	 0.089707
  189 	 0.013088 	 0.088471 	 0.089707
  190 	 0.000392 	 0.088135 	 0.089708
  191 	 0.000049 	 0.086289 	 0.089708
  192 	 0.000783 	 0.087070 	 0.089708
  193 	 0.009335 	 0.087167 	 0.089708
  194 	 0.000049 	 0.085153 	 0.089708
  195 	 0.000098 	 0.086379 	 0.089708
  196 	 0.000783 	 0.086981 	 0.089708
  197 	 0.000098 	 0.086346 	 0.089708
  198 	 0.001566 	 0.087152 	 0.089708
  199 	 0.000196 	 0.088687 	 0.089708
  200 	 0.012318 	 0.088915 	 0.089708
  201 	 0.000196 	 0.087927 	 0.089708
  202 	 0.000049 	 0.086524 	 0.089708
  203 	 0.086727 	 0.089628 	 0.089708
  204 	 0.001566 	 0.087020 	 0.089708
  205 	 0.035094 	 0.089054 	 0.089708
  206 	 0.003128 	 0.088689 	 0.089708
  207 	 0.008431 	 0.087440 	 0.089708
  208 	 0.000392 	 0.086908 	 0.089708
  209 	 0.013087 	 0.088896 	 0.089708
  210 	 0.000049 	 0.086953 	 0.089708
  211 	 0.000049 	 0.086803 	 0.089708
  212 	 0.000049 	 0.088785 	 0.089708
  213 	 0.013087 	 0.087303 	 0.089708
  214 	 0.001566 	 0.086650 	 0.089708
  215 	 0.015923 	 0.086141 	 0.089708
  216 	 0.044992 	 0.089127 	 0.089708
  217 	 0.058051 	 0.089372 	 0.089708
  218 	 0.000392 	 0.087555 	 0.089708
  219 	 0.000392 	 0.087073 	 0.089708
  220 	 0.000392 	 0.085371 	 0.089708
  221 	 0.000196 	 0.086973 	 0.089708
  222 	 0.018645 	 0.088931 	 0.089708
  223 	 0.001566 	 0.088682 	 0.089708
  224 	 0.000369 	 0.086961 	 0.089708
  225 	 0.000049 	 0.088594 	 0.089708
  226 	 0.003127 	 0.087431 	 0.089708
  227 	 0.000196 	 0.087743 	 0.089708
  228 	 0.018645 	 0.087305 	 0.089708
  229 	 0.006229 	 0.088638 	 0.089708
  230 	 0.000098 	 0.087662 	 0.089708
  231 	 0.033866 	 0.088173 	 0.089708
  232 	 0.001566 	 0.086851 	 0.089708
  233 	 0.035062 	 0.089157 	 0.089708
  234 	 0.000098 	 0.087142 	 0.089708
  235 	 0.003127 	 0.086798 	 0.089708
  236 	 0.000098 	 0.086134 	 0.089708
  237 	 0.000783 	 0.086570 	 0.089708
  238 	 0.035062 	 0.088933 	 0.089708
  239 	 0.000392 	 0.086073 	 0.089708
  240 	 0.000049 	 0.085103 	 0.089708
  241 	 0.088204 	 0.089677 	 0.089708
  242 	 0.000049 	 0.087117 	 0.089708
  243 	 0.024557 	 0.088514 	 0.089708
  244 	 0.003127 	 0.087544 	 0.089708
  245 	 0.018645 	 0.088394 	 0.089708
  246 	 0.009335 	 0.086423 	 0.089708
  247 	 0.007081 	 0.087550 	 0.089708
  248 	 0.000392 	 0.086908 	 0.089708
  249 	 0.018645 	 0.088938 	 0.089708
  250 	 0.012287 	 0.088404 	 0.089708
  251 	 0.000783 	 0.088149 	 0.089708
  252 	 0.000049 	 0.087458 	 0.089708
  253 	 0.000392 	 0.088410 	 0.089708
  254 	 0.000783 	 0.086588 	 0.089708
  255 	 0.009474 	 0.087638 	 0.089708
  256 	 0.000049 	 0.085280 	 0.089708
  257 	 0.044785 	 0.088344 	 0.089708
  258 	 0.086278 	 0.089628 	 0.089708
  259 	 0.012318 	 0.087076 	 0.089708
  260 	 0.012318 	 0.088912 	 0.089708
  261 	 0.018645 	 0.087592 	 0.089708
  262 	 0.018645 	 0.087946 	 0.089708
  263 	 0.083498 	 0.089580 	 0.089708
  264 	 0.000783 	 0.087925 	 0.089708
  265 	 0.001566 	 0.087592 	 0.089708
  266 	 0.000392 	 0.086117 	 0.089708
  267 	 0.003127 	 0.087577 	 0.089708
  268 	 0.007081 	 0.088738 	 0.089708
  269 	 0.009474 	 0.088905 	 0.089708
  270 	 0.000196 	 0.086203 	 0.089708
  271 	 0.013087 	 0.088128 	 0.089708
  272 	 0.013087 	 0.087723 	 0.089708
  273 	 0.001566 	 0.085529 	 0.089708
  274 	 0.007081 	 0.087302 	 0.089708
  275 	 0.006229 	 0.085531 	 0.089708
  276 	 0.000196 	 0.085964 	 0.089708
  277 	 0.000392 	 0.088090 	 0.089708
  278 	 0.001566 	 0.086177 	 0.089708
  279 	 0.000196 	 0.087321 	 0.089708
  280 	 0.001566 	 0.086481 	 0.089708
  281 	 0.001566 	 0.086737 	 0.089708
  282 	 0.000196 	 0.086657 	 0.089708
  283 	 0.000098 	 0.085888 	 0.089708
  284 	 0.000783 	 0.087114 	 0.089708
  285 	 0.009474 	 0.087827 	 0.089708
  286 	 0.000392 	 0.088014 	 0.089708
  287 	 0.033866 	 0.088315 	 0.089708
  288 	 0.018866 	 0.088911 	 0.089708
  289 	 0.003127 	 0.087312 	 0.089708
  290 	 0.007081 	 0.087272 	 0.089708
  291 	 0.018645 	 0.087411 	 0.089708
  292 	 0.003127 	 0.088012 	 0.089708
  293 	 0.000196 	 0.087010 	 0.089708
  294 	 0.000196 	 0.085832 	 0.089708
  295 	 0.035062 	 0.087872 	 0.089708
  296 	 0.061108 	 0.089400 	 0.089708
  297 	 0.000392 	 0.085085 	 0.089708
  298 	 0.006229 	 0.087711 	 0.089708
  299 	 0.018645 	 0.088682 	 0.089708
  300 	 0.000098 	 0.086287 	 0.089708
  301 	 0.029197 	 0.088451 	 0.089708
  302 	 0.000783 	 0.087107 	 0.089708
  303 	 0.006229 	 0.087371 	 0.089708
  304 	 0.000098 	 0.088134 	 0.089708
  305 	 0.029197 	 0.087274 	 0.089708
  306 	 0.000098 	 0.086685 	 0.089708
  307 	 0.000049 	 0.086681 	 0.089708
  308 	 0.000392 	 0.087534 	 0.089708
  309 	 0.018866 	 0.088304 	 0.089708
  310 	 0.024557 	 0.087612 	 0.089708
  311 	 0.007081 	 0.086468 	 0.089708
  312 	 0.003127 	 0.086433 	 0.089708
  313 	 0.006229 	 0.088405 	 0.089708
  314 	 0.000392 	 0.087476 	 0.089708
  315 	 0.044785 	 0.089232 	 0.089708
  316 	 0.001566 	 0.086773 	 0.089708
  317 	 0.018645 	 0.088870 	 0.089708
  318 	 0.000196 	 0.088449 	 0.089708
  319 	 0.013087 	 0.088104 	 0.089708
  320 	 0.001566 	 0.088060 	 0.089708
  321 	 0.000049 	 0.088533 	 0.089708
  322 	 0.009474 	 0.088533 	 0.089708
  323 	 0.081881 	 0.089505 	 0.089708
  324 	 0.012318 	 0.086948 	 0.089708
  325 	 0.000392 	 0.086983 	 0.089708
  326 	 0.012313 	 0.088845 	 0.089708
  327 	 0.000392 	 0.086790 	 0.089708
  328 	 0.041655 	 0.089137 	 0.089708
  329 	 0.018866 	 0.087765 	 0.089708
  330 	 0.012080 	 0.086061 	 0.089708
  331 	 0.001566 	 0.088219 	 0.089708
  332 	 0.012318 	 0.088758 	 0.089708
  333 	 0.018866 	 0.088799 	 0.089708
  334 	 0.000049 	 0.085063 	 0.089708
  335 	 0.003127 	 0.087628 	 0.089708
  336 	 0.001556 	 0.088229 	 0.089708
  337 	 0.007081 	 0.087591 	 0.089708
  338 	 0.006229 	 0.085776 	 0.089708
  339 	 0.055565 	 0.089221 	 0.089708
  340 	 0.013087 	 0.087469 	 0.089708
  341 	 0.000196 	 0.086413 	 0.089708
  342 	 0.006301 	 0.088578 	 0.089708
  343 	 0.000049 	 0.087696 	 0.089708
  344 	 0.035062 	 0.089137 	 0.089708
  345 	 0.009335 	 0.087627 	 0.089708
  346 	 0.000049 	 0.086726 	 0.089708
  347 	 0.000783 	 0.088675 	 0.089708
  348 	 0.007081 	 0.088134 	 0.089708
  349 	 0.055565 	 0.089070 	 0.089708
  350 	 0.018866 	 0.088381 	 0.089708
  351 	 0.006229 	 0.088112 	 0.089708
  352 	 0.003127 	 0.086490 	 0.089708
  353 	 0.000392 	 0.087690 	 0.089708
  354 	 0.055954 	 0.089213 	 0.089708
  355 	 0.003127 	 0.087593 	 0.089708
  356 	 0.000049 	 0.087307 	 0.089708
  357 	 0.018866 	 0.088470 	 0.089708
  358 	 0.055565 	 0.089175 	 0.089708
  359 	 0.000392 	 0.086699 	 0.089708
  360 	 0.000049 	 0.088089 	 0.089708
  361 	 0.035062 	 0.089012 	 0.089708
  362 	 0.044785 	 0.088238 	 0.089708
  363 	 0.003127 	 0.087190 	 0.089708
  364 	 0.024556 	 0.086696 	 0.089708
  365 	 0.000196 	 0.088451 	 0.089708
  366 	 0.086278 	 0.089637 	 0.089708
  367 	 0.041655 	 0.088525 	 0.089708
  368 	 0.000196 	 0.087359 	 0.089708
  369 	 0.000049 	 0.088558 	 0.089708
  370 	 0.041655 	 0.088558 	 0.089708
  371 	 0.000196 	 0.087830 	 0.089708
  372 	 0.012318 	 0.087136 	 0.089708
  373 	 0.018975 	 0.088297 	 0.089708
  374 	 0.000049 	 0.087931 	 0.089708
  375 	 0.000392 	 0.084616 	 0.089708
  376 	 0.000049 	 0.088199 	 0.089708
  377 	 0.000098 	 0.086709 	 0.089708
  378 	 0.055954 	 0.089066 	 0.089708
  379 	 0.000783 	 0.088175 	 0.089708
  380 	 0.000196 	 0.087826 	 0.089708
  381 	 0.000196 	 0.086886 	 0.089708
  382 	 0.001556 	 0.086691 	 0.089708
  383 	 0.003127 	 0.086961 	 0.089708
  384 	 0.000098 	 0.088176 	 0.089708
  385 	 0.000098 	 0.087697 	 0.089708
  386 	 0.001566 	 0.087466 	 0.089708
  387 	 0.006229 	 0.088112 	 0.089708
  388 	 0.000049 	 0.087043 	 0.089708
  389 	 0.000049 	 0.088782 	 0.089708
  390 	 0.024557 	 0.088454 	 0.089708
  391 	 0.000098 	 0.086794 	 0.089708
  392 	 0.000196 	 0.087717 	 0.089708
  393 	 0.001566 	 0.088083 	 0.089708
  394 	 0.000392 	 0.088750 	 0.089708
  395 	 0.041655 	 0.088563 	 0.089708
  396 	 0.009335 	 0.088417 	 0.089708
  397 	 0.001566 	 0.083195 	 0.089708
  398 	 0.009473 	 0.088157 	 0.089708
  399 	 0.003127 	 0.087543 	 0.089708
  400 	 0.035062 	 0.089123 	 0.089708
  401 	 0.000049 	 0.087178 	 0.089708
  402 	 0.000196 	 0.087799 	 0.089708
  403 	 0.000049 	 0.088654 	 0.089708
  404 	 0.000098 	 0.086880 	 0.089708
  405 	 0.035094 	 0.088359 	 0.089708
  406 	 0.000098 	 0.087850 	 0.089708
  407 	 0.007081 	 0.087941 	 0.089708
  408 	 0.000098 	 0.087844 	 0.089708
  409 	 0.000098 	 0.087434 	 0.089708
  410 	 0.000098 	 0.085071 	 0.089708
  411 	 0.018645 	 0.088978 	 0.089708
  412 	 0.006229 	 0.087015 	 0.089708
  413 	 0.072553 	 0.089309 	 0.089708
  414 	 0.018645 	 0.088854 	 0.089708
  415 	 0.018645 	 0.088532 	 0.089708
  416 	 0.001566 	 0.087860 	 0.089708
  417 	 0.000196 	 0.084981 	 0.089708
  418 	 0.000392 	 0.088032 	 0.089708
  419 	 0.000098 	 0.085783 	 0.089708
  420 	 0.018645 	 0.087824 	 0.089708
  421 	 0.000098 	 0.086613 	 0.089708
  422 	 0.077272 	 0.089258 	 0.089708
  423 	 0.009474 	 0.088418 	 0.089708
  424 	 0.009474 	 0.086918 	 0.089708
  425 	 0.000098 	 0.087247 	 0.089708
  426 	 0.033866 	 0.087783 	 0.089708
  427 	 0.018645 	 0.086450 	 0.089708
  428 	 0.000098 	 0.087972 	 0.089708
  429 	 0.072553 	 0.089335 	 0.089708
  430 	 0.088295 	 0.089693 	 0.089708
  431 	 0.006229 	 0.086948 	 0.089708
  432 	 0.000098 	 0.087090 	 0.089708
  433 	 0.000049 	 0.087137 	 0.089708
  434 	 0.012318 	 0.087284 	 0.089708
  435 	 0.003127 	 0.084766 	 0.089708
  436 	 0.044992 	 0.089057 	 0.089708
  437 	 0.013087 	 0.088245 	 0.089708
  438 	 0.018931 	 0.088379 	 0.089708
  439 	 0.007081 	 0.088466 	 0.089708
  440 	 0.006229 	 0.088021 	 0.089708
  441 	 0.003127 	 0.088064 	 0.089708
  442 	 0.000783 	 0.087104 	 0.089708
  443 	 0.009335 	 0.088012 	 0.089708
  444 	 0.000196 	 0.087292 	 0.089708
  445 	 0.009474 	 0.088116 	 0.089708
  446 	 0.007081 	 0.088585 	 0.089708
  447 	 0.009474 	 0.087628 	 0.089708
  448 	 0.009474 	 0.087513 	 0.089708
  449 	 0.076575 	 0.089433 	 0.089708
  450 	 0.073699 	 0.089077 	 0.089708
  451 	 0.009437 	 0.088683 	 0.089708
  452 	 0.000049 	 0.088795 	 0.089708
  453 	 0.009474 	 0.087513 	 0.089708
  454 	 0.012318 	 0.088007 	 0.089708
  455 	 0.007081 	 0.087650 	 0.089708
  456 	 0.000783 	 0.087732 	 0.089708
  457 	 0.012318 	 0.088467 	 0.089708
  458 	 0.000098 	 0.087706 	 0.089708
  459 	 0.033866 	 0.088363 	 0.089708
  460 	 0.000783 	 0.085207 	 0.089708
  461 	 0.000196 	 0.086224 	 0.089708
  462 	 0.001566 	 0.087004 	 0.089708
  463 	 0.000049 	 0.087205 	 0.089708
  464 	 0.009474 	 0.087506 	 0.089708
  465 	 0.009335 	 0.088882 	 0.089708
  466 	 0.000783 	 0.087535 	 0.089708
  467 	 0.009474 	 0.088227 	 0.089708
  468 	 0.024557 	 0.087935 	 0.089708
  469 	 0.013087 	 0.088133 	 0.089708
  470 	 0.000049 	 0.085822 	 0.089708
  471 	 0.073699 	 0.089462 	 0.089708
  472 	 0.000392 	 0.088470 	 0.089708
  473 	 0.009335 	 0.087932 	 0.089708
  474 	 0.029197 	 0.087858 	 0.089708
  475 	 0.006229 	 0.086666 	 0.089708
  476 	 0.012318 	 0.088345 	 0.089708
  477 	 0.006229 	 0.088182 	 0.089708
  478 	 0.006229 	 0.087271 	 0.089708
  479 	 0.000783 	 0.088283 	 0.089708
  480 	 0.006229 	 0.088361 	 0.089708
  481 	 0.007081 	 0.088469 	 0.089708
  482 	 0.003127 	 0.086880 	 0.089708
  483 	 0.007081 	 0.088013 	 0.089708
  484 	 0.077272 	 0.089536 	 0.089708
  485 	 0.000049 	 0.085138 	 0.089708
  486 	 0.001566 	 0.087950 	 0.089708
  487 	 0.000196 	 0.088283 	 0.089708
  488 	 0.012318 	 0.088025 	 0.089708
  489 	 0.000098 	 0.087671 	 0.089708
  490 	 0.000392 	 0.087845 	 0.089708
  491 	 0.009474 	 0.088103 	 0.089708
  492 	 0.001566 	 0.087418 	 0.089708
  493 	 0.012318 	 0.086728 	 0.089708
  494 	 0.060980 	 0.088835 	 0.089708
  495 	 0.000049 	 0.087408 	 0.089708
  496 	 0.000049 	 0.087502 	 0.089708
  497 	 0.000783 	 0.088149 	 0.089708
  498 	 0.000196 	 0.086541 	 0.089708
  499 	 0.033866 	 0.088599 	 0.089708
 