   0 	 0.000051 	 0.000207 	 0.003810
    1 	 0.000091 	 0.000325 	 0.003810
    2 	 0.000058 	 0.000553 	 0.003876
    3 	 0.000052 	 0.000999 	 0.006206
    4 	 0.000123 	 0.001820 	 0.018934
    5 	 0.000050 	 0.004164 	 0.029769
    6 	 0.000641 	 0.006747 	 0.036698
    7 	 0.003281 	 0.010033 	 0.036698
    8 	 0.004604 	 0.013540 	 0.036714
    9 	 0.000197 	 0.015906 	 0.036714
   10 	 0.005611 	 0.019903 	 0.037199
   11 	 0.007419 	 0.023986 	 0.039404
   12 	 0.000196 	 0.026389 	 0.039404
   13 	 0.000098 	 0.029615 	 0.039404
   14 	 0.014217 	 0.034351 	 0.039447
   15 	 0.030767 	 0.036593 	 0.039727
   16 	 0.000196 	 0.036219 	 0.039727
   17 	 0.022031 	 0.037873 	 0.039980
   18 	 0.000049 	 0.036831 	 0.040123
   19 	 0.008575 	 0.039058 	 0.040382
   20 	 0.006842 	 0.038807 	 0.040530
   21 	 0.000780 	 0.039374 	 0.040757
   22 	 0.000779 	 0.039729 	 0.041099
   23 	 0.000196 	 0.038978 	 0.040949
   24 	 0.000049 	 0.038982 	 0.041261
   25 	 0.000781 	 0.040151 	 0.041261
   26 	 0.000098 	 0.040124 	 0.041282
   27 	 0.008996 	 0.040263 	 0.041330
   28 	 0.006407 	 0.040240 	 0.041330
   29 	 0.000098 	 0.040257 	 0.041341
   30 	 0.000098 	 0.039821 	 0.041583
   31 	 0.001553 	 0.040508 	 0.042313
   32 	 0.000391 	 0.040450 	 0.042021
   33 	 0.000098 	 0.040995 	 0.042209
   34 	 0.003069 	 0.041051 	 0.042340
   35 	 0.000098 	 0.039849 	 0.042340
   36 	 0.000098 	 0.040349 	 0.042464
   37 	 0.030631 	 0.041972 	 0.042464
   38 	 0.040730 	 0.042185 	 0.042475
   39 	 0.013186 	 0.041480 	 0.043192
   40 	 0.006478 	 0.041679 	 0.043192
   41 	 0.000391 	 0.040938 	 0.043192
   42 	 0.002895 	 0.041684 	 0.043199
   43 	 0.035788 	 0.042450 	 0.043199
   44 	 0.003068 	 0.041584 	 0.043460
   45 	 0.001554 	 0.041718 	 0.043535
   46 	 0.018382 	 0.042222 	 0.044124
   47 	 0.000777 	 0.042351 	 0.044208
   48 	 0.015029 	 0.042932 	 0.044208
   49 	 0.018382 	 0.042886 	 0.044524
   50 	 0.001545 	 0.043027 	 0.044657
   51 	 0.000049 	 0.042511 	 0.045085
   52 	 0.001552 	 0.043320 	 0.046999
   53 	 0.000196 	 0.043301 	 0.048008
   54 	 0.006413 	 0.044160 	 0.048008
   55 	 0.009271 	 0.044308 	 0.047127
   56 	 0.013346 	 0.044420 	 0.047131
   57 	 0.003101 	 0.043937 	 0.048010
   58 	 0.017726 	 0.044642 	 0.048010
   59 	 0.041560 	 0.045640 	 0.048010
   60 	 0.012987 	 0.045298 	 0.048010
   61 	 0.014757 	 0.046120 	 0.048143
   62 	 0.000393 	 0.045892 	 0.048010
   63 	 0.021500 	 0.047065 	 0.051889
   64 	 0.000049 	 0.046648 	 0.052542
   65 	 0.009538 	 0.047191 	 0.052542
   66 	 0.000196 	 0.047035 	 0.052468
   67 	 0.001549 	 0.047549 	 0.051931
   68 	 0.000779 	 0.048139 	 0.052542
   69 	 0.000196 	 0.048268 	 0.052542
   70 	 0.038518 	 0.049465 	 0.052542
   71 	 0.020751 	 0.050148 	 0.052542
   72 	 0.027800 	 0.050684 	 0.052542
   73 	 0.006531 	 0.050390 	 0.052750
   74 	 0.000391 	 0.049650 	 0.052831
   75 	 0.000098 	 0.049766 	 0.053121
   76 	 0.000196 	 0.051039 	 0.053143
   77 	 0.006793 	 0.050628 	 0.053997
   78 	 0.001552 	 0.050870 	 0.053997
   79 	 0.040204 	 0.052318 	 0.054312
   80 	 0.017479 	 0.052378 	 0.054312
   81 	 0.003190 	 0.051829 	 0.054300
   82 	 0.000098 	 0.052284 	 0.054338
   83 	 0.000392 	 0.052106 	 0.054348
   84 	 0.000049 	 0.053068 	 0.054350
   85 	 0.018172 	 0.053249 	 0.054413
   86 	 0.000782 	 0.053506 	 0.054350
   87 	 0.000098 	 0.053074 	 0.054436
   88 	 0.000196 	 0.053428 	 0.054436
   89 	 0.024801 	 0.053943 	 0.054486
   90 	 0.008603 	 0.052099 	 0.054557
   91 	 0.000098 	 0.052185 	 0.054574
   92 	 0.049657 	 0.054332 	 0.054625
   93 	 0.013369 	 0.053628 	 0.054678
   94 	 0.000049 	 0.053259 	 0.054681
   95 	 0.000196 	 0.053695 	 0.054738
   96 	 0.009323 	 0.053598 	 0.054738
   97 	 0.001561 	 0.053063 	 0.054734
   98 	 0.042427 	 0.054439 	 0.054734
   99 	 0.000392 	 0.053783 	 0.054775
  100 	 0.030549 	 0.054465 	 0.054775
  101 	 0.006307 	 0.052806 	 0.054775
  102 	 0.000783 	 0.054062 	 0.054794
  103 	 0.000195 	 0.053134 	 0.054794
  104 	 0.009264 	 0.053582 	 0.054794
  105 	 0.000196 	 0.053606 	 0.054808
  106 	 0.009264 	 0.054126 	 0.054899
  107 	 0.011930 	 0.054296 	 0.054913
  108 	 0.000783 	 0.053560 	 0.054938
  109 	 0.006333 	 0.053590 	 0.054958
  110 	 0.000392 	 0.052172 	 0.054982
  111 	 0.000782 	 0.053753 	 0.054983
  112 	 0.013288 	 0.053398 	 0.054982
  113 	 0.006931 	 0.053086 	 0.054982
  114 	 0.003105 	 0.053980 	 0.055009
  115 	 0.000196 	 0.052287 	 0.054997
  116 	 0.000049 	 0.053632 	 0.055001
  117 	 0.000392 	 0.053584 	 0.055010
  118 	 0.000782 	 0.054291 	 0.055050
  119 	 0.021596 	 0.054255 	 0.055044
  120 	 0.000049 	 0.054365 	 0.055021
  121 	 0.033303 	 0.054763 	 0.055039
  122 	 0.000894 	 0.053303 	 0.055038
  123 	 0.000392 	 0.053800 	 0.055041
  124 	 0.018145 	 0.054233 	 0.055026
  125 	 0.000098 	 0.052827 	 0.055030
  126 	 0.000782 	 0.053312 	 0.055026
  127 	 0.000098 	 0.053578 	 0.055044
  128 	 0.021606 	 0.054452 	 0.055044
  129 	 0.032610 	 0.054799 	 0.055046
  130 	 0.018191 	 0.054563 	 0.055062
  131 	 0.000196 	 0.054008 	 0.055080
  132 	 0.000782 	 0.054493 	 0.055062
  133 	 0.017528 	 0.053894 	 0.055080
  134 	 0.001561 	 0.053916 	 0.055080
  135 	 0.054781 	 0.055043 	 0.055080
  136 	 0.025148 	 0.054718 	 0.055090
  137 	 0.001561 	 0.053070 	 0.055090
  138 	 0.030250 	 0.054782 	 0.055179
  139 	 0.000196 	 0.052903 	 0.055109
  140 	 0.000782 	 0.053340 	 0.055109
  141 	 0.033779 	 0.054713 	 0.055109
  142 	 0.025119 	 0.054615 	 0.055109
  143 	 0.009225 	 0.054400 	 0.055111
  144 	 0.009224 	 0.054558 	 0.055111
  145 	 0.050633 	 0.054989 	 0.055118
  146 	 0.040030 	 0.054697 	 0.055118
  147 	 0.000196 	 0.053506 	 0.055118
  148 	 0.006934 	 0.054174 	 0.055119
  149 	 0.045975 	 0.055014 	 0.055119
  150 	 0.040518 	 0.054766 	 0.055119
  151 	 0.045875 	 0.055001 	 0.055123
  152 	 0.018460 	 0.054583 	 0.055130
  153 	 0.011946 	 0.054221 	 0.055131
  154 	 0.017600 	 0.054423 	 0.055131
  155 	 0.006933 	 0.054106 	 0.055249
  156 	 0.001562 	 0.054584 	 0.055249
  157 	 0.000098 	 0.053674 	 0.055251
  158 	 0.054541 	 0.055135 	 0.055258
  159 	 0.021889 	 0.054625 	 0.055261
  160 	 0.000392 	 0.054161 	 0.055265
  161 	 0.000098 	 0.054469 	 0.055265
  162 	 0.000196 	 0.052948 	 0.055265
  163 	 0.031865 	 0.054973 	 0.055265
  164 	 0.044068 	 0.054964 	 0.055265
  165 	 0.000049 	 0.054536 	 0.055269
  166 	 0.031800 	 0.054942 	 0.055272
  167 	 0.009341 	 0.053929 	 0.055270
  168 	 0.000392 	 0.054481 	 0.055271
  169 	 0.006339 	 0.053950 	 0.055271
  170 	 0.042805 	 0.055033 	 0.055274
  171 	 0.045353 	 0.055087 	 0.055275
  172 	 0.054905 	 0.055267 	 0.055275
  173 	 0.000782 	 0.054705 	 0.055276
  174 	 0.031256 	 0.054987 	 0.055276
  175 	 0.006339 	 0.054380 	 0.055278
  176 	 0.000049 	 0.054115 	 0.055278
  177 	 0.000098 	 0.053381 	 0.055278
  178 	 0.025177 	 0.054779 	 0.055279
  179 	 0.000392 	 0.054427 	 0.055278
  180 	 0.000392 	 0.053730 	 0.055278
  181 	 0.050859 	 0.055129 	 0.055278
  182 	 0.025173 	 0.054895 	 0.055280
  183 	 0.006908 	 0.053933 	 0.055280
  184 	 0.000393 	 0.054083 	 0.055280
  185 	 0.000196 	 0.053775 	 0.055281
  186 	 0.001561 	 0.054684 	 0.055281
  187 	 0.013319 	 0.054656 	 0.055281
  188 	 0.000196 	 0.054112 	 0.055281
  189 	 0.009197 	 0.052952 	 0.055281
  190 	 0.011856 	 0.054581 	 0.055281
  191 	 0.006908 	 0.054263 	 0.055281
  192 	 0.000782 	 0.054238 	 0.055282
  193 	 0.000782 	 0.054723 	 0.055282
  194 	 0.039915 	 0.054982 	 0.055282
  195 	 0.001561 	 0.052921 	 0.055282
  196 	 0.000049 	 0.054580 	 0.055282
  197 	 0.009342 	 0.054678 	 0.055282
  198 	 0.000392 	 0.054606 	 0.055282
  199 	 0.006907 	 0.053760 	 0.055282
  200 	 0.000392 	 0.054066 	 0.055282
  201 	 0.006338 	 0.054029 	 0.055282
  202 	 0.003105 	 0.053867 	 0.055282
  203 	 0.000098 	 0.053630 	 0.055282
  204 	 0.039911 	 0.055116 	 0.055282
  205 	 0.018192 	 0.054496 	 0.055282
  206 	 0.006338 	 0.053122 	 0.055282
  207 	 0.033613 	 0.054771 	 0.055282
  208 	 0.000196 	 0.054148 	 0.055282
  209 	 0.000049 	 0.053753 	 0.055282
  210 	 0.000049 	 0.054196 	 0.055282
  211 	 0.000782 	 0.054214 	 0.055282
  212 	 0.006907 	 0.054207 	 0.055282
  213 	 0.006338 	 0.053081 	 0.055282
  214 	 0.000049 	 0.053037 	 0.055282
  215 	 0.000196 	 0.053571 	 0.055282
  216 	 0.048192 	 0.055207 	 0.055282
  217 	 0.045311 	 0.055065 	 0.055282
  218 	 0.042868 	 0.054953 	 0.055282
  219 	 0.000196 	 0.054233 	 0.055282
  220 	 0.000098 	 0.053089 	 0.055282
  221 	 0.017447 	 0.054874 	 0.055282
  222 	 0.009199 	 0.054730 	 0.055282
  223 	 0.042868 	 0.055056 	 0.055282
  224 	 0.000196 	 0.052989 	 0.055282
  225 	 0.031848 	 0.054958 	 0.055282
  226 	 0.000098 	 0.054317 	 0.055282
  227 	 0.009341 	 0.054532 	 0.055282
  228 	 0.000782 	 0.054413 	 0.055282
  229 	 0.011858 	 0.054230 	 0.055282
  230 	 0.009341 	 0.054299 	 0.055282
  231 	 0.000049 	 0.053791 	 0.055282
  232 	 0.009249 	 0.054569 	 0.055282
  233 	 0.006907 	 0.054321 	 0.055282
  234 	 0.000049 	 0.053177 	 0.055282
  235 	 0.000196 	 0.054568 	 0.055282
  236 	 0.000049 	 0.053608 	 0.055282
  237 	 0.054137 	 0.055262 	 0.055282
  238 	 0.039911 	 0.054713 	 0.055282
  239 	 0.031848 	 0.054536 	 0.055282
  240 	 0.000392 	 0.054171 	 0.055282
  241 	 0.000049 	 0.054719 	 0.055282
  242 	 0.012207 	 0.054606 	 0.055282
  243 	 0.031847 	 0.054837 	 0.055282
  244 	 0.053165 	 0.055242 	 0.055282
  245 	 0.003105 	 0.053184 	 0.055282
  246 	 0.018192 	 0.054702 	 0.055282
  247 	 0.003105 	 0.054238 	 0.055282
  248 	 0.000392 	 0.053503 	 0.055282
  249 	 0.000196 	 0.053921 	 0.055282
  250 	 0.000196 	 0.053443 	 0.055282
  251 	 0.000196 	 0.053671 	 0.055282
  252 	 0.013322 	 0.054495 	 0.055282
  253 	 0.003105 	 0.053828 	 0.055282
  254 	 0.000049 	 0.053189 	 0.055282
  255 	 0.006338 	 0.054334 	 0.055282
  256 	 0.000392 	 0.053838 	 0.055282
  257 	 0.000196 	 0.053672 	 0.055282
  258 	 0.000196 	 0.054032 	 0.055282
  259 	 0.000782 	 0.053924 	 0.055282
  260 	 0.003105 	 0.053819 	 0.055282
  261 	 0.000098 	 0.052956 	 0.055282
  262 	 0.021666 	 0.054552 	 0.055282
  263 	 0.000049 	 0.053058 	 0.055282
  264 	 0.018192 	 0.054807 	 0.055282
  265 	 0.000049 	 0.053133 	 0.055282
  266 	 0.045433 	 0.055145 	 0.055282
  267 	 0.009341 	 0.054776 	 0.055282
  268 	 0.000196 	 0.052556 	 0.055282
  269 	 0.001561 	 0.053777 	 0.055282
  270 	 0.053643 	 0.055246 	 0.055282
  271 	 0.000049 	 0.053617 	 0.055282
  272 	 0.000392 	 0.054490 	 0.055282
  273 	 0.000392 	 0.052872 	 0.055282
  274 	 0.000196 	 0.054577 	 0.055282
  275 	 0.000049 	 0.054097 	 0.055282
  276 	 0.031848 	 0.054813 	 0.055282
  277 	 0.000098 	 0.053817 	 0.055282
  278 	 0.000098 	 0.053792 	 0.055282
  279 	 0.000098 	 0.054094 	 0.055282
  280 	 0.001561 	 0.054389 	 0.055282
  281 	 0.000049 	 0.054434 	 0.055282
  282 	 0.011858 	 0.054762 	 0.055282
  283 	 0.000049 	 0.052985 	 0.055282
  284 	 0.012467 	 0.054708 	 0.055282
  285 	 0.003105 	 0.054053 	 0.055282
  286 	 0.011858 	 0.053990 	 0.055282
  287 	 0.003105 	 0.054174 	 0.055282
  288 	 0.033613 	 0.054912 	 0.055282
  289 	 0.003105 	 0.054757 	 0.055282
  290 	 0.006907 	 0.054256 	 0.055282
  291 	 0.006338 	 0.053658 	 0.055282
  292 	 0.031707 	 0.054617 	 0.055282
  293 	 0.009341 	 0.054651 	 0.055282
  294 	 0.017845 	 0.054811 	 0.055282
  295 	 0.021666 	 0.054670 	 0.055282
  296 	 0.050920 	 0.055225 	 0.055282
  297 	 0.006907 	 0.053913 	 0.055282
  298 	 0.009199 	 0.053840 	 0.055282
  299 	 0.006907 	 0.053913 	 0.055282
  300 	 0.025163 	 0.054863 	 0.055282
  301 	 0.000049 	 0.054113 	 0.055282
  302 	 0.031848 	 0.054740 	 0.055282
  303 	 0.011858 	 0.054412 	 0.055282
  304 	 0.006907 	 0.054306 	 0.055282
  305 	 0.017447 	 0.054484 	 0.055282
  306 	 0.040243 	 0.055122 	 0.055282
  307 	 0.017442 	 0.054890 	 0.055282
  308 	 0.000392 	 0.053663 	 0.055282
  309 	 0.000392 	 0.053822 	 0.055282
  310 	 0.011858 	 0.053744 	 0.055282
  311 	 0.009341 	 0.054748 	 0.055282
  312 	 0.044100 	 0.055109 	 0.055282
  313 	 0.000391 	 0.054240 	 0.055282
  314 	 0.011858 	 0.054314 	 0.055282
  315 	 0.006319 	 0.054134 	 0.055282
  316 	 0.050719 	 0.055226 	 0.055282
  317 	 0.003105 	 0.054657 	 0.055282
  318 	 0.009207 	 0.053921 	 0.055282
  319 	 0.000392 	 0.053916 	 0.055282
  320 	 0.000098 	 0.054239 	 0.055282
  321 	 0.000098 	 0.053846 	 0.055282
  322 	 0.000049 	 0.053180 	 0.055282
  323 	 0.000782 	 0.054204 	 0.055282
  324 	 0.042830 	 0.055058 	 0.055282
  325 	 0.018192 	 0.054906 	 0.055282
  326 	 0.000392 	 0.054450 	 0.055282
  327 	 0.003105 	 0.053022 	 0.055282
  328 	 0.000098 	 0.054080 	 0.055282
  329 	 0.013322 	 0.054101 	 0.055282
  330 	 0.000392 	 0.052757 	 0.055282
  331 	 0.000098 	 0.054019 	 0.055282
  332 	 0.001560 	 0.053370 	 0.055282
  333 	 0.000049 	 0.053681 	 0.055282
  334 	 0.006338 	 0.054405 	 0.055282
  335 	 0.017447 	 0.054898 	 0.055282
  336 	 0.030022 	 0.054483 	 0.055282
  337 	 0.000392 	 0.053848 	 0.055282
  338 	 0.040243 	 0.055115 	 0.055282
  339 	 0.000049 	 0.052567 	 0.055282
  340 	 0.009341 	 0.054762 	 0.055282
  341 	 0.009341 	 0.054267 	 0.055282
  342 	 0.000098 	 0.053679 	 0.055282
  343 	 0.000782 	 0.054209 	 0.055282
  344 	 0.006338 	 0.054699 	 0.055282
  345 	 0.000782 	 0.053422 	 0.055282
  346 	 0.000098 	 0.053524 	 0.055282
  347 	 0.000782 	 0.053678 	 0.055282
  348 	 0.018192 	 0.054883 	 0.055282
  349 	 0.006907 	 0.053736 	 0.055282
  350 	 0.018192 	 0.054626 	 0.055282
  351 	 0.000098 	 0.053972 	 0.055282
  352 	 0.011858 	 0.054553 	 0.055282
  353 	 0.000782 	 0.053589 	 0.055282
  354 	 0.042868 	 0.055153 	 0.055282
  355 	 0.033613 	 0.054806 	 0.055282
  356 	 0.021666 	 0.054630 	 0.055282
  357 	 0.000098 	 0.053838 	 0.055282
  358 	 0.000759 	 0.054021 	 0.055282
  359 	 0.009341 	 0.053927 	 0.055282
  360 	 0.000196 	 0.052780 	 0.055282
  361 	 0.003105 	 0.054459 	 0.055282
  362 	 0.009341 	 0.053748 	 0.055282
  363 	 0.000392 	 0.054535 	 0.055282
  364 	 0.040243 	 0.055083 	 0.055282
  365 	 0.000098 	 0.054449 	 0.055282
  366 	 0.000196 	 0.054033 	 0.055282
  367 	 0.006907 	 0.053997 	 0.055282
  368 	 0.003105 	 0.054006 	 0.055282
  369 	 0.003103 	 0.054261 	 0.055282
  370 	 0.000098 	 0.053963 	 0.055282
  371 	 0.000196 	 0.053692 	 0.055282
  372 	 0.000098 	 0.054504 	 0.055282
  373 	 0.000196 	 0.053468 	 0.055282
  374 	 0.031848 	 0.054855 	 0.055282
  375 	 0.025163 	 0.054653 	 0.055282
  376 	 0.000098 	 0.052785 	 0.055282
  377 	 0.006338 	 0.053620 	 0.055282
  378 	 0.006907 	 0.054540 	 0.055282
  379 	 0.000196 	 0.052298 	 0.055282
  380 	 0.021657 	 0.054575 	 0.055282
  381 	 0.045433 	 0.055105 	 0.055282
  382 	 0.011858 	 0.054383 	 0.055282
  383 	 0.000049 	 0.054178 	 0.055282
  384 	 0.000392 	 0.053017 	 0.055282
  385 	 0.017447 	 0.054271 	 0.055282
  386 	 0.006338 	 0.053306 	 0.055282
  387 	 0.000392 	 0.054250 	 0.055282
  388 	 0.009199 	 0.054322 	 0.055282
  389 	 0.051457 	 0.055232 	 0.055282
  390 	 0.006338 	 0.054019 	 0.055282
  391 	 0.030022 	 0.054421 	 0.055282
  392 	 0.039911 	 0.055013 	 0.055282
  393 	 0.000098 	 0.054605 	 0.055282
  394 	 0.055114 	 0.055278 	 0.055282
  395 	 0.006338 	 0.053413 	 0.055282
  396 	 0.000392 	 0.054392 	 0.055282
  397 	 0.009199 	 0.053900 	 0.055282
  398 	 0.000196 	 0.054459 	 0.055282
  399 	 0.009341 	 0.054489 	 0.055282
  400 	 0.044100 	 0.055033 	 0.055282
  401 	 0.000782 	 0.054514 	 0.055282
  402 	 0.009341 	 0.054536 	 0.055282
  403 	 0.000049 	 0.053287 	 0.055282
  404 	 0.000196 	 0.053287 	 0.055282
  405 	 0.000098 	 0.054353 	 0.055282
  406 	 0.030022 	 0.054677 	 0.055282
  407 	 0.006907 	 0.054043 	 0.055282
  408 	 0.003105 	 0.054300 	 0.055282
  409 	 0.000196 	 0.054276 	 0.055282
  410 	 0.003105 	 0.054476 	 0.055282
  411 	 0.003105 	 0.054240 	 0.055282
  412 	 0.017447 	 0.054877 	 0.055282
  413 	 0.013322 	 0.054528 	 0.055282
  414 	 0.000782 	 0.054491 	 0.055282
  415 	 0.000392 	 0.053554 	 0.055282
  416 	 0.013322 	 0.054356 	 0.055282
  417 	 0.000196 	 0.054662 	 0.055282
  418 	 0.025163 	 0.054740 	 0.055282
  419 	 0.000196 	 0.054702 	 0.055282
  420 	 0.050499 	 0.055231 	 0.055282
  421 	 0.006338 	 0.054350 	 0.055282
  422 	 0.051457 	 0.055238 	 0.055282
  423 	 0.000098 	 0.053475 	 0.055282
  424 	 0.000098 	 0.053489 	 0.055282
  425 	 0.000049 	 0.053478 	 0.055282
  426 	 0.033613 	 0.055037 	 0.055282
  427 	 0.000098 	 0.053571 	 0.055282
  428 	 0.017447 	 0.054748 	 0.055282
  429 	 0.001561 	 0.053816 	 0.055282
  430 	 0.000049 	 0.053037 	 0.055282
  431 	 0.003105 	 0.053317 	 0.055282
  432 	 0.031848 	 0.055028 	 0.055282
  433 	 0.017447 	 0.054776 	 0.055282
  434 	 0.025163 	 0.054944 	 0.055282
  435 	 0.003105 	 0.053987 	 0.055282
  436 	 0.000782 	 0.054134 	 0.055282
  437 	 0.000392 	 0.054675 	 0.055282
  438 	 0.003105 	 0.054250 	 0.055282
  439 	 0.000049 	 0.053689 	 0.055282
  440 	 0.001561 	 0.054659 	 0.055282
  441 	 0.009341 	 0.054808 	 0.055282
  442 	 0.000782 	 0.054465 	 0.055282
  443 	 0.001561 	 0.053637 	 0.055282
  444 	 0.000049 	 0.053855 	 0.055282
  445 	 0.048734 	 0.055209 	 0.055282
  446 	 0.009199 	 0.054261 	 0.055282
  447 	 0.042868 	 0.055104 	 0.055282
  448 	 0.044106 	 0.055132 	 0.055282
  449 	 0.001561 	 0.052786 	 0.055282
  450 	 0.000196 	 0.053953 	 0.055282
  451 	 0.000098 	 0.054512 	 0.055282
  452 	 0.000392 	 0.054014 	 0.055282
  453 	 0.000196 	 0.054561 	 0.055282
  454 	 0.001561 	 0.053858 	 0.055282
  455 	 0.009199 	 0.054664 	 0.055282
  456 	 0.040243 	 0.055126 	 0.055282
  457 	 0.051457 	 0.055227 	 0.055282
  458 	 0.000392 	 0.054079 	 0.055282
  459 	 0.051464 	 0.055239 	 0.055282
  460 	 0.009341 	 0.053769 	 0.055282
  461 	 0.031848 	 0.054733 	 0.055282
  462 	 0.013322 	 0.053572 	 0.055282
  463 	 0.000049 	 0.054719 	 0.055282
  464 	 0.033613 	 0.055030 	 0.055282
  465 	 0.044926 	 0.054972 	 0.055282
  466 	 0.001561 	 0.054398 	 0.055282
  467 	 0.009199 	 0.054403 	 0.055282
  468 	 0.000392 	 0.053331 	 0.055282
  469 	 0.031848 	 0.054955 	 0.055282
  470 	 0.000098 	 0.053256 	 0.055282
  471 	 0.002915 	 0.054708 	 0.055282
  472 	 0.017447 	 0.054495 	 0.055282
  473 	 0.013322 	 0.054208 	 0.055282
  474 	 0.009199 	 0.054644 	 0.055282
  475 	 0.000392 	 0.054537 	 0.055282
  476 	 0.006907 	 0.053845 	 0.055282
  477 	 0.054099 	 0.055258 	 0.055282
  478 	 0.031848 	 0.054652 	 0.055282
  479 	 0.045311 	 0.055128 	 0.055282
  480 	 0.030022 	 0.054896 	 0.055282
  481 	 0.000098 	 0.054712 	 0.055282
  482 	 0.000392 	 0.054474 	 0.055282
  483 	 0.000098 	 0.053513 	 0.055282
  484 	 0.000392 	 0.053494 	 0.055282
  485 	 0.042963 	 0.055129 	 0.055282
  486 	 0.011858 	 0.054366 	 0.055282
  487 	 0.021649 	 0.054712 	 0.055282
  488 	 0.009341 	 0.054363 	 0.055282
  489 	 0.009193 	 0.054261 	 0.055282
  490 	 0.017450 	 0.054842 	 0.055282
  491 	 0.009199 	 0.054185 	 0.055282
  492 	 0.000049 	 0.054652 	 0.055282
  493 	 0.006907 	 0.054522 	 0.055282
  494 	 0.021666 	 0.054826 	 0.055282
  495 	 0.009199 	 0.053325 	 0.055282
  496 	 0.000392 	 0.054345 	 0.055282
  497 	 0.006907 	 0.054443 	 0.055282
  498 	 0.000196 	 0.054194 	 0.055282
  499 	 0.011858 	 0.054574 	 0.055282
 