   0 	 0.000049 	 0.000282 	 0.008041
    1 	 0.000094 	 0.000290 	 0.002727
    2 	 0.000060 	 0.000515 	 0.002891
    3 	 0.000273 	 0.000825 	 0.003333
    4 	 0.000092 	 0.001536 	 0.020400
    5 	 0.000303 	 0.001991 	 0.005213
    6 	 0.001447 	 0.002701 	 0.005925
    7 	 0.002255 	 0.003409 	 0.009756
    8 	 0.002814 	 0.004013 	 0.014411
    9 	 0.002960 	 0.004553 	 0.016899
   10 	 0.003355 	 0.005271 	 0.016899
   11 	 0.003695 	 0.006048 	 0.019840
   12 	 0.000097 	 0.007049 	 0.019840
   13 	 0.004423 	 0.007862 	 0.019840
   14 	 0.000404 	 0.008303 	 0.020000
   15 	 0.003452 	 0.010178 	 0.026675
   16 	 0.001647 	 0.013312 	 0.031336
   17 	 0.003454 	 0.017128 	 0.037644
   18 	 0.011748 	 0.021408 	 0.037808
   19 	 0.015167 	 0.024502 	 0.037808
   20 	 0.011134 	 0.029237 	 0.038189
   21 	 0.006172 	 0.031250 	 0.038189
   22 	 0.000049 	 0.033867 	 0.038189
   23 	 0.001570 	 0.036534 	 0.038404
   24 	 0.000049 	 0.037484 	 0.038649
   25 	 0.017191 	 0.037691 	 0.041490
   26 	 0.037609 	 0.038227 	 0.042935
   27 	 0.000786 	 0.037003 	 0.041490
   28 	 0.007212 	 0.037985 	 0.042840
   29 	 0.006003 	 0.038687 	 0.043996
   30 	 0.010628 	 0.039227 	 0.044001
   31 	 0.000098 	 0.037880 	 0.044586
   32 	 0.006201 	 0.040221 	 0.044586
   33 	 0.002966 	 0.041078 	 0.044593
   34 	 0.003098 	 0.042964 	 0.045985
   35 	 0.000196 	 0.042937 	 0.045727
   36 	 0.006200 	 0.043063 	 0.045985
   37 	 0.012510 	 0.043785 	 0.045985
   38 	 0.037725 	 0.044468 	 0.046365
   39 	 0.042185 	 0.044830 	 0.046751
   40 	 0.012018 	 0.044162 	 0.049197
   41 	 0.000049 	 0.043616 	 0.053782
   42 	 0.020701 	 0.045604 	 0.053782
   43 	 0.000392 	 0.045977 	 0.054276
   44 	 0.028429 	 0.046326 	 0.054280
   45 	 0.003084 	 0.046858 	 0.055951
   46 	 0.000098 	 0.047766 	 0.055642
   47 	 0.000196 	 0.050245 	 0.055166
   48 	 0.023623 	 0.053444 	 0.056911
   49 	 0.037405 	 0.054233 	 0.056388
   50 	 0.037405 	 0.054476 	 0.057241
   51 	 0.000391 	 0.053613 	 0.057598
   52 	 0.006870 	 0.054984 	 0.058602
   53 	 0.006026 	 0.055463 	 0.058602
   54 	 0.000098 	 0.055090 	 0.058602
   55 	 0.006054 	 0.056422 	 0.058822
   56 	 0.038894 	 0.057690 	 0.058822
   57 	 0.000098 	 0.057921 	 0.059224
   58 	 0.000098 	 0.056737 	 0.059461
   59 	 0.023596 	 0.058243 	 0.059461
   60 	 0.010245 	 0.057764 	 0.059484
   61 	 0.000098 	 0.057656 	 0.059961
   62 	 0.036373 	 0.058979 	 0.059961
   63 	 0.000049 	 0.056471 	 0.060233
   64 	 0.020029 	 0.058780 	 0.060858
   65 	 0.054050 	 0.059525 	 0.060875
   66 	 0.000392 	 0.058689 	 0.060871
   67 	 0.009144 	 0.059541 	 0.061039
   68 	 0.016319 	 0.059922 	 0.062015
   69 	 0.013098 	 0.060150 	 0.062015
   70 	 0.000392 	 0.059150 	 0.062015
   71 	 0.039333 	 0.060568 	 0.062196
   72 	 0.000782 	 0.060696 	 0.062196
   73 	 0.000098 	 0.059231 	 0.062196
   74 	 0.000098 	 0.059746 	 0.062106
   75 	 0.039206 	 0.061598 	 0.062127
   76 	 0.011958 	 0.061036 	 0.062462
   77 	 0.000049 	 0.060517 	 0.062489
   78 	 0.000782 	 0.060245 	 0.062489
   79 	 0.013206 	 0.061591 	 0.062496
   80 	 0.000098 	 0.060563 	 0.062583
   81 	 0.000049 	 0.060368 	 0.062690
   82 	 0.000098 	 0.059617 	 0.062787
   83 	 0.055812 	 0.062372 	 0.062810
   84 	 0.002231 	 0.060120 	 0.062810
   85 	 0.000098 	 0.061987 	 0.062810
   86 	 0.041958 	 0.062357 	 0.062810
   87 	 0.000049 	 0.061474 	 0.062810
   88 	 0.057716 	 0.062599 	 0.062877
   89 	 0.013260 	 0.062045 	 0.062888
   90 	 0.000392 	 0.060778 	 0.062900
   91 	 0.009047 	 0.061415 	 0.062901
   92 	 0.003107 	 0.061566 	 0.063007
   93 	 0.000196 	 0.061447 	 0.063111
   94 	 0.000196 	 0.061050 	 0.063168
   95 	 0.013260 	 0.062275 	 0.063111
   96 	 0.000098 	 0.061478 	 0.063347
   97 	 0.000783 	 0.060788 	 0.063347
   98 	 0.000196 	 0.061299 	 0.063347
   99 	 0.016651 	 0.062570 	 0.063665
  100 	 0.000392 	 0.061683 	 0.063665
  101 	 0.000392 	 0.061132 	 0.063671
  102 	 0.012686 	 0.061389 	 0.063750
  103 	 0.009115 	 0.062226 	 0.063754
  104 	 0.003116 	 0.061605 	 0.063813
  105 	 0.006976 	 0.062827 	 0.063923
  106 	 0.000196 	 0.060829 	 0.063923
  107 	 0.000049 	 0.062693 	 0.064011
  108 	 0.012033 	 0.061998 	 0.064011
  109 	 0.044753 	 0.063655 	 0.064084
  110 	 0.001563 	 0.062574 	 0.064084
  111 	 0.001563 	 0.063001 	 0.064172
  112 	 0.037612 	 0.063655 	 0.064172
  113 	 0.058196 	 0.063960 	 0.064176
  114 	 0.000783 	 0.061872 	 0.064176
  115 	 0.019219 	 0.063600 	 0.064243
  116 	 0.024285 	 0.063465 	 0.064243
  117 	 0.000098 	 0.063324 	 0.064243
  118 	 0.016593 	 0.063109 	 0.064250
  119 	 0.044506 	 0.063802 	 0.064249
  120 	 0.000783 	 0.061226 	 0.064254
  121 	 0.000098 	 0.062485 	 0.064327
  122 	 0.028352 	 0.063478 	 0.064327
  123 	 0.001562 	 0.062594 	 0.064327
  124 	 0.006165 	 0.061340 	 0.064327
  125 	 0.009088 	 0.063005 	 0.064328
  126 	 0.003112 	 0.063019 	 0.064332
  127 	 0.013223 	 0.063016 	 0.064333
  128 	 0.050347 	 0.064018 	 0.064333
  129 	 0.012044 	 0.062892 	 0.064337
  130 	 0.020604 	 0.063579 	 0.064333
  131 	 0.012043 	 0.062868 	 0.064333
  132 	 0.000098 	 0.061336 	 0.064333
  133 	 0.020604 	 0.063799 	 0.064333
  134 	 0.003114 	 0.062367 	 0.064335
  135 	 0.001563 	 0.062884 	 0.064335
  136 	 0.003114 	 0.062524 	 0.064335
  137 	 0.006979 	 0.063735 	 0.064338
  138 	 0.059548 	 0.064235 	 0.064338
  139 	 0.000196 	 0.061831 	 0.064338
  140 	 0.000196 	 0.062786 	 0.064338
  141 	 0.006171 	 0.061858 	 0.064340
  142 	 0.001563 	 0.062599 	 0.064340
  143 	 0.000392 	 0.062570 	 0.064340
  144 	 0.000049 	 0.061454 	 0.064341
  145 	 0.000196 	 0.063510 	 0.064341
  146 	 0.012044 	 0.063407 	 0.064341
  147 	 0.000049 	 0.062480 	 0.064341
  148 	 0.003114 	 0.063535 	 0.064341
  149 	 0.000196 	 0.062294 	 0.064341
  150 	 0.001563 	 0.063326 	 0.064341
  151 	 0.000392 	 0.062204 	 0.064341
  152 	 0.006979 	 0.063705 	 0.064341
  153 	 0.000098 	 0.062423 	 0.064343
  154 	 0.059290 	 0.064224 	 0.064380
  155 	 0.013572 	 0.063449 	 0.064380
  156 	 0.028253 	 0.063935 	 0.064380
  157 	 0.000392 	 0.063025 	 0.064380
  158 	 0.000196 	 0.062006 	 0.064380
  159 	 0.000196 	 0.062642 	 0.064382
  160 	 0.000783 	 0.061219 	 0.064383
  161 	 0.052339 	 0.064218 	 0.064383
  162 	 0.012055 	 0.063485 	 0.064383
  163 	 0.000196 	 0.063310 	 0.064383
  164 	 0.016573 	 0.063038 	 0.064383
  165 	 0.016574 	 0.063611 	 0.064383
  166 	 0.024339 	 0.063163 	 0.064383
  167 	 0.000392 	 0.061166 	 0.064383
  168 	 0.012055 	 0.062909 	 0.064383
  169 	 0.024370 	 0.063694 	 0.064383
  170 	 0.006983 	 0.063638 	 0.064383
  171 	 0.003319 	 0.063169 	 0.064383
  172 	 0.000196 	 0.061766 	 0.064383
  173 	 0.020631 	 0.063454 	 0.064383
  174 	 0.036020 	 0.063923 	 0.064383
  175 	 0.003115 	 0.063092 	 0.064390
  176 	 0.000098 	 0.062672 	 0.064390
  177 	 0.006983 	 0.063122 	 0.064390
  178 	 0.019267 	 0.062786 	 0.064390
  179 	 0.037540 	 0.063993 	 0.064390
  180 	 0.000196 	 0.062707 	 0.064390
  181 	 0.009107 	 0.062641 	 0.064390
  182 	 0.000049 	 0.062855 	 0.064390
  183 	 0.000049 	 0.062139 	 0.064390
  184 	 0.003217 	 0.062837 	 0.064390
  185 	 0.041718 	 0.064098 	 0.064390
  186 	 0.009106 	 0.063370 	 0.064390
  187 	 0.000392 	 0.063628 	 0.064390
  188 	 0.001563 	 0.062269 	 0.064390
  189 	 0.020629 	 0.063184 	 0.064390
  190 	 0.000098 	 0.062936 	 0.064390
  191 	 0.000049 	 0.061329 	 0.064390
  192 	 0.006174 	 0.062709 	 0.064390
  193 	 0.019269 	 0.063693 	 0.064390
  194 	 0.006982 	 0.062730 	 0.064390
  195 	 0.000196 	 0.062527 	 0.064390
  196 	 0.006982 	 0.063688 	 0.064390
  197 	 0.058494 	 0.064301 	 0.064390
  198 	 0.044880 	 0.064190 	 0.064390
  199 	 0.003115 	 0.062922 	 0.064390
  200 	 0.016575 	 0.063046 	 0.064390
  201 	 0.000049 	 0.062775 	 0.064390
  202 	 0.000049 	 0.060938 	 0.064390
  203 	 0.000783 	 0.063187 	 0.064390
  204 	 0.012054 	 0.063537 	 0.064390
  205 	 0.000049 	 0.062370 	 0.064390
  206 	 0.006174 	 0.063467 	 0.064390
  207 	 0.000783 	 0.063526 	 0.064390
  208 	 0.000049 	 0.063648 	 0.064390
  209 	 0.001563 	 0.062775 	 0.064390
  210 	 0.016772 	 0.063805 	 0.064390
  211 	 0.000392 	 0.062457 	 0.064390
  212 	 0.000098 	 0.061479 	 0.064390
  213 	 0.003115 	 0.063728 	 0.064390
  214 	 0.028259 	 0.063417 	 0.064390
  215 	 0.000049 	 0.061917 	 0.064390
  216 	 0.028259 	 0.063239 	 0.064390
  217 	 0.000392 	 0.063538 	 0.064390
  218 	 0.016607 	 0.063729 	 0.064390
  219 	 0.024372 	 0.063479 	 0.064390
  220 	 0.061541 	 0.064330 	 0.064390
  221 	 0.037553 	 0.063996 	 0.064390
  222 	 0.063784 	 0.064376 	 0.064390
  223 	 0.000783 	 0.063000 	 0.064390
  224 	 0.061541 	 0.064312 	 0.064390
  225 	 0.006174 	 0.063237 	 0.064390
  226 	 0.010017 	 0.062618 	 0.064390
  227 	 0.000098 	 0.062222 	 0.064390
  228 	 0.012054 	 0.063587 	 0.064390
  229 	 0.000196 	 0.063194 	 0.064390
  230 	 0.000049 	 0.062644 	 0.064390
  231 	 0.001563 	 0.062342 	 0.064390
  232 	 0.000783 	 0.063287 	 0.064390
  233 	 0.000196 	 0.063378 	 0.064390
  234 	 0.000392 	 0.062304 	 0.064390
  235 	 0.000098 	 0.063005 	 0.064390
  236 	 0.009106 	 0.063330 	 0.064390
  237 	 0.000392 	 0.062251 	 0.064390
  238 	 0.000098 	 0.061388 	 0.064390
  239 	 0.006174 	 0.062735 	 0.064390
  240 	 0.000392 	 0.063045 	 0.064390
  241 	 0.058494 	 0.064264 	 0.064390
  242 	 0.000049 	 0.061609 	 0.064390
  243 	 0.024341 	 0.063571 	 0.064390
  244 	 0.052352 	 0.064139 	 0.064390
  245 	 0.000049 	 0.061828 	 0.064390
  246 	 0.009106 	 0.063438 	 0.064390
  247 	 0.016575 	 0.063564 	 0.064390
  248 	 0.006982 	 0.063128 	 0.064390
  249 	 0.001563 	 0.063629 	 0.064390
  250 	 0.055335 	 0.064229 	 0.064390
  251 	 0.006174 	 0.063420 	 0.064390
  252 	 0.055335 	 0.064108 	 0.064390
  253 	 0.037555 	 0.063827 	 0.064390
  254 	 0.000098 	 0.062259 	 0.064390
  255 	 0.003115 	 0.063004 	 0.064390
  256 	 0.013211 	 0.062761 	 0.064390
  257 	 0.000049 	 0.063017 	 0.064390
  258 	 0.000098 	 0.061999 	 0.064390
  259 	 0.000783 	 0.062667 	 0.064390
  260 	 0.003115 	 0.062302 	 0.064390
  261 	 0.055335 	 0.064242 	 0.064390
  262 	 0.040587 	 0.064084 	 0.064390
  263 	 0.063784 	 0.064383 	 0.064390
  264 	 0.063328 	 0.064354 	 0.064390
  265 	 0.010017 	 0.063126 	 0.064390
  266 	 0.000196 	 0.062879 	 0.064390
  267 	 0.000049 	 0.062978 	 0.064390
  268 	 0.009106 	 0.062371 	 0.064390
  269 	 0.024372 	 0.063597 	 0.064390
  270 	 0.000392 	 0.062679 	 0.064390
  271 	 0.006982 	 0.063374 	 0.064390
  272 	 0.054909 	 0.064120 	 0.064390
  273 	 0.000392 	 0.061577 	 0.064390
  274 	 0.000049 	 0.061616 	 0.064390
  275 	 0.006982 	 0.063494 	 0.064390
  276 	 0.019269 	 0.063586 	 0.064390
  277 	 0.000196 	 0.061069 	 0.064390
  278 	 0.000049 	 0.061667 	 0.064390
  279 	 0.010017 	 0.063321 	 0.064390
  280 	 0.024341 	 0.063919 	 0.064390
  281 	 0.000392 	 0.062853 	 0.064390
  282 	 0.041150 	 0.063993 	 0.064390
  283 	 0.000392 	 0.061530 	 0.064390
  284 	 0.000196 	 0.061754 	 0.064390
  285 	 0.000049 	 0.062353 	 0.064390
  286 	 0.000098 	 0.061918 	 0.064390
  287 	 0.020629 	 0.063675 	 0.064390
  288 	 0.000392 	 0.063210 	 0.064390
  289 	 0.010017 	 0.063136 	 0.064390
  290 	 0.010017 	 0.063808 	 0.064390
  291 	 0.000098 	 0.063368 	 0.064390
  292 	 0.006174 	 0.062969 	 0.064390
  293 	 0.020629 	 0.063525 	 0.064390
  294 	 0.016575 	 0.063770 	 0.064390
  295 	 0.028259 	 0.063715 	 0.064390
  296 	 0.000196 	 0.063085 	 0.064390
  297 	 0.000049 	 0.063549 	 0.064390
  298 	 0.000196 	 0.062770 	 0.064390
  299 	 0.024341 	 0.063873 	 0.064390
  300 	 0.003115 	 0.063742 	 0.064390
  301 	 0.003115 	 0.062680 	 0.064390
  302 	 0.052352 	 0.064265 	 0.064390
  303 	 0.000392 	 0.063077 	 0.064390
  304 	 0.063033 	 0.064362 	 0.064390
  305 	 0.041718 	 0.063857 	 0.064390
  306 	 0.000098 	 0.062666 	 0.064390
  307 	 0.000098 	 0.061938 	 0.064390
  308 	 0.006174 	 0.063662 	 0.064390
  309 	 0.001563 	 0.062796 	 0.064390
  310 	 0.000783 	 0.063249 	 0.064390
  311 	 0.000098 	 0.062387 	 0.064390
  312 	 0.024341 	 0.063249 	 0.064390
  313 	 0.041718 	 0.063903 	 0.064390
  314 	 0.012054 	 0.062526 	 0.064390
  315 	 0.000196 	 0.062101 	 0.064390
  316 	 0.000098 	 0.061363 	 0.064390
  317 	 0.003115 	 0.063162 	 0.064390
  318 	 0.003115 	 0.062920 	 0.064390
  319 	 0.001563 	 0.062859 	 0.064390
  320 	 0.000049 	 0.062633 	 0.064390
  321 	 0.003115 	 0.062077 	 0.064390
  322 	 0.010017 	 0.063321 	 0.064390
  323 	 0.012054 	 0.062289 	 0.064390
  324 	 0.009106 	 0.063597 	 0.064390
  325 	 0.040587 	 0.064136 	 0.064390
  326 	 0.000049 	 0.062614 	 0.064390
  327 	 0.010017 	 0.063179 	 0.064390
  328 	 0.024341 	 0.063258 	 0.064390
  329 	 0.006174 	 0.063003 	 0.064390
  330 	 0.001563 	 0.062720 	 0.064390
  331 	 0.000392 	 0.062854 	 0.064390
  332 	 0.000783 	 0.063104 	 0.064390
  333 	 0.001563 	 0.063429 	 0.064390
  334 	 0.012054 	 0.063603 	 0.064390
  335 	 0.000783 	 0.062045 	 0.064390
  336 	 0.000392 	 0.063182 	 0.064390
  337 	 0.003115 	 0.063396 	 0.064390
  338 	 0.006174 	 0.063186 	 0.064390
  339 	 0.062697 	 0.064354 	 0.064390
  340 	 0.013211 	 0.063725 	 0.064390
  341 	 0.020629 	 0.063656 	 0.064390
  342 	 0.000196 	 0.063702 	 0.064390
  343 	 0.016575 	 0.063137 	 0.064390
  344 	 0.003115 	 0.061666 	 0.064390
  345 	 0.001563 	 0.063493 	 0.064390
  346 	 0.016575 	 0.063149 	 0.064390
  347 	 0.000098 	 0.063010 	 0.064390
  348 	 0.006174 	 0.062563 	 0.064390
  349 	 0.000049 	 0.062203 	 0.064390
  350 	 0.016575 	 0.063186 	 0.064390
  351 	 0.016575 	 0.063819 	 0.064390
  352 	 0.000049 	 0.062055 	 0.064390
  353 	 0.000783 	 0.061675 	 0.064390
  354 	 0.000783 	 0.063231 	 0.064390
  355 	 0.000049 	 0.062897 	 0.064390
  356 	 0.000392 	 0.063035 	 0.064390
  357 	 0.006982 	 0.061901 	 0.064390
  358 	 0.019269 	 0.063362 	 0.064390
  359 	 0.000098 	 0.059688 	 0.064390
  360 	 0.000098 	 0.062670 	 0.064390
  361 	 0.000049 	 0.061980 	 0.064390
  362 	 0.003115 	 0.062173 	 0.064390
  363 	 0.000196 	 0.063670 	 0.064390
  364 	 0.000783 	 0.063368 	 0.064390
  365 	 0.000049 	 0.062317 	 0.064390
  366 	 0.000196 	 0.063594 	 0.064390
  367 	 0.000392 	 0.062047 	 0.064390
  368 	 0.024341 	 0.063531 	 0.064390
  369 	 0.000196 	 0.062445 	 0.064390
  370 	 0.054909 	 0.064285 	 0.064390
  371 	 0.001563 	 0.062252 	 0.064390
  372 	 0.041718 	 0.063800 	 0.064390
  373 	 0.001563 	 0.063270 	 0.064390
  374 	 0.006174 	 0.063559 	 0.064390
  375 	 0.000392 	 0.063720 	 0.064390
  376 	 0.000783 	 0.062364 	 0.064390
  377 	 0.020629 	 0.063856 	 0.064390
  378 	 0.041718 	 0.063774 	 0.064390
  379 	 0.003114 	 0.062527 	 0.064390
  380 	 0.064225 	 0.064388 	 0.064390
  381 	 0.000049 	 0.063682 	 0.064390
  382 	 0.000783 	 0.061748 	 0.064390
  383 	 0.000098 	 0.063032 	 0.064390
  384 	 0.010017 	 0.063551 	 0.064390
  385 	 0.000196 	 0.062151 	 0.064390
  386 	 0.059312 	 0.064211 	 0.064390
  387 	 0.050665 	 0.064124 	 0.064390
  388 	 0.000783 	 0.063661 	 0.064390
  389 	 0.012054 	 0.063699 	 0.064390
  390 	 0.001563 	 0.061997 	 0.064390
  391 	 0.009106 	 0.062703 	 0.064390
  392 	 0.006174 	 0.063310 	 0.064390
  393 	 0.037538 	 0.063820 	 0.064390
  394 	 0.000049 	 0.060862 	 0.064390
  395 	 0.000196 	 0.063059 	 0.064390
  396 	 0.000049 	 0.061844 	 0.064390
  397 	 0.016575 	 0.062614 	 0.064390
  398 	 0.000196 	 0.063287 	 0.064390
  399 	 0.024341 	 0.063752 	 0.064390
  400 	 0.052352 	 0.064195 	 0.064390
  401 	 0.006174 	 0.063518 	 0.064390
  402 	 0.044880 	 0.064132 	 0.064390
  403 	 0.000049 	 0.063083 	 0.064390
  404 	 0.000049 	 0.062125 	 0.064390
  405 	 0.000049 	 0.063368 	 0.064390
  406 	 0.003116 	 0.063671 	 0.064390
  407 	 0.000098 	 0.061494 	 0.064390
  408 	 0.012054 	 0.062701 	 0.064390
  409 	 0.053140 	 0.064222 	 0.064390
  410 	 0.013211 	 0.063726 	 0.064390
  411 	 0.003115 	 0.062786 	 0.064390
  412 	 0.006982 	 0.062544 	 0.064390
  413 	 0.020629 	 0.063622 	 0.064390
  414 	 0.020629 	 0.063845 	 0.064390
  415 	 0.020629 	 0.063474 	 0.064390
  416 	 0.010017 	 0.063606 	 0.064390
  417 	 0.001563 	 0.062623 	 0.064390
  418 	 0.012075 	 0.063271 	 0.064390
  419 	 0.006982 	 0.063779 	 0.064390
  420 	 0.019269 	 0.063791 	 0.064390
  421 	 0.059601 	 0.064333 	 0.064390
  422 	 0.000196 	 0.063644 	 0.064390
  423 	 0.001563 	 0.063183 	 0.064390
  424 	 0.000783 	 0.063654 	 0.064390
  425 	 0.000783 	 0.062945 	 0.064390
  426 	 0.028259 	 0.063860 	 0.064390
  427 	 0.001563 	 0.062669 	 0.064390
  428 	 0.000049 	 0.062243 	 0.064390
  429 	 0.020629 	 0.063620 	 0.064390
  430 	 0.006174 	 0.062902 	 0.064390
  431 	 0.000049 	 0.062800 	 0.064390
  432 	 0.003115 	 0.062942 	 0.064390
  433 	 0.006174 	 0.063048 	 0.064390
  434 	 0.000049 	 0.062251 	 0.064390
  435 	 0.060522 	 0.064295 	 0.064390
  436 	 0.009106 	 0.063400 	 0.064390
  437 	 0.006982 	 0.062189 	 0.064390
  438 	 0.001543 	 0.062388 	 0.064390
  439 	 0.000196 	 0.061766 	 0.064390
  440 	 0.006174 	 0.062941 	 0.064390
  441 	 0.000783 	 0.062649 	 0.064390
  442 	 0.006982 	 0.063667 	 0.064390
  443 	 0.000196 	 0.062396 	 0.064390
  444 	 0.000098 	 0.062557 	 0.064390
  445 	 0.000098 	 0.063363 	 0.064390
  446 	 0.001563 	 0.063172 	 0.064390
  447 	 0.005939 	 0.062723 	 0.064390
  448 	 0.001563 	 0.063359 	 0.064390
  449 	 0.006174 	 0.061814 	 0.064390
  450 	 0.000049 	 0.062289 	 0.064390
  451 	 0.024341 	 0.063619 	 0.064390
  452 	 0.003115 	 0.063178 	 0.064390
  453 	 0.000049 	 0.062302 	 0.064390
  454 	 0.024386 	 0.063659 	 0.064390
  455 	 0.044880 	 0.063906 	 0.064390
  456 	 0.024341 	 0.063902 	 0.064390
  457 	 0.000098 	 0.061925 	 0.064390
  458 	 0.000049 	 0.062896 	 0.064390
  459 	 0.000049 	 0.062847 	 0.064390
  460 	 0.000196 	 0.062188 	 0.064390
  461 	 0.000097 	 0.062890 	 0.064390
  462 	 0.009106 	 0.063655 	 0.064390
  463 	 0.009106 	 0.063827 	 0.064390
  464 	 0.001563 	 0.062622 	 0.064390
  465 	 0.000196 	 0.062604 	 0.064390
  466 	 0.000196 	 0.062412 	 0.064390
  467 	 0.000196 	 0.063063 	 0.064390
  468 	 0.050665 	 0.064091 	 0.064390
  469 	 0.041718 	 0.064111 	 0.064390
  470 	 0.003115 	 0.063736 	 0.064390
  471 	 0.006174 	 0.062509 	 0.064390
  472 	 0.000783 	 0.063586 	 0.064390
  473 	 0.012054 	 0.063510 	 0.064390
  474 	 0.006982 	 0.063171 	 0.064390
  475 	 0.024372 	 0.063382 	 0.064390
  476 	 0.006982 	 0.063322 	 0.064390
  477 	 0.054909 	 0.064243 	 0.064390
  478 	 0.000049 	 0.062373 	 0.064390
  479 	 0.000098 	 0.063476 	 0.064390
  480 	 0.024372 	 0.063169 	 0.064390
  481 	 0.000392 	 0.062901 	 0.064390
  482 	 0.010017 	 0.063643 	 0.064390
  483 	 0.016575 	 0.063875 	 0.064390
  484 	 0.000196 	 0.062598 	 0.064390
  485 	 0.037565 	 0.064046 	 0.064390
  486 	 0.058494 	 0.064211 	 0.064390
  487 	 0.003115 	 0.062616 	 0.064390
  488 	 0.024372 	 0.063386 	 0.064390
  489 	 0.001563 	 0.062638 	 0.064390
  490 	 0.052352 	 0.064148 	 0.064390
  491 	 0.000392 	 0.063142 	 0.064390
  492 	 0.028259 	 0.063653 	 0.064390
  493 	 0.000196 	 0.063457 	 0.064390
  494 	 0.012054 	 0.062718 	 0.064390
  495 	 0.006982 	 0.063599 	 0.064390
  496 	 0.052352 	 0.064190 	 0.064390
  497 	 0.000196 	 0.062332 	 0.064390
  498 	 0.000783 	 0.063136 	 0.064390
  499 	 0.052352 	 0.064025 	 0.064390
 