   0 	 0.000049 	 0.000507 	 0.010150
    1 	 0.000101 	 0.001434 	 0.036979
    2 	 0.000223 	 0.002247 	 0.039386
    3 	 0.000175 	 0.003692 	 0.036979
    4 	 0.001340 	 0.007506 	 0.037008
    5 	 0.000097 	 0.009972 	 0.030415
    6 	 0.000049 	 0.013565 	 0.048769
    7 	 0.001467 	 0.017722 	 0.038889
    8 	 0.007661 	 0.021083 	 0.055931
    9 	 0.000373 	 0.025100 	 0.055931
   10 	 0.004579 	 0.030147 	 0.059363
   11 	 0.008999 	 0.031294 	 0.059363
   12 	 0.000393 	 0.031211 	 0.059363
   13 	 0.000775 	 0.032680 	 0.059075
   14 	 0.000392 	 0.031377 	 0.065970
   15 	 0.007904 	 0.033585 	 0.065970
   16 	 0.007924 	 0.036955 	 0.065970
   17 	 0.000196 	 0.039295 	 0.065970
   18 	 0.005213 	 0.041394 	 0.065970
   19 	 0.000783 	 0.042156 	 0.063820
   20 	 0.000775 	 0.044895 	 0.058777
   21 	 0.003164 	 0.049148 	 0.060593
   22 	 0.001570 	 0.051651 	 0.060593
   23 	 0.000196 	 0.052565 	 0.060593
   24 	 0.000391 	 0.055676 	 0.061770
   25 	 0.007174 	 0.057037 	 0.062850
   26 	 0.000782 	 0.057062 	 0.061863
   27 	 0.000391 	 0.059082 	 0.065207
   28 	 0.003137 	 0.059510 	 0.065207
   29 	 0.000098 	 0.060062 	 0.064876
   30 	 0.041975 	 0.060961 	 0.068862
   31 	 0.012287 	 0.060942 	 0.068862
   32 	 0.000184 	 0.061680 	 0.067511
   33 	 0.048387 	 0.063353 	 0.069440
   34 	 0.006214 	 0.063343 	 0.071385
   35 	 0.000392 	 0.064016 	 0.071845
   36 	 0.000783 	 0.064193 	 0.071953
   37 	 0.003094 	 0.066204 	 0.071845
   38 	 0.009145 	 0.068222 	 0.071845
   39 	 0.021727 	 0.069091 	 0.073477
   40 	 0.011780 	 0.068797 	 0.073477
   41 	 0.009192 	 0.070492 	 0.073577
   42 	 0.023773 	 0.071519 	 0.073600
   43 	 0.007051 	 0.071819 	 0.073897
   44 	 0.000098 	 0.072036 	 0.074393
   45 	 0.037781 	 0.072997 	 0.074470
   46 	 0.000098 	 0.071034 	 0.075402
   47 	 0.000049 	 0.072326 	 0.081469
   48 	 0.001565 	 0.072689 	 0.076761
   49 	 0.006759 	 0.072403 	 0.078629
   50 	 0.000196 	 0.073681 	 0.078629
   51 	 0.000049 	 0.072955 	 0.081529
   52 	 0.001563 	 0.073430 	 0.081529
   53 	 0.018332 	 0.076117 	 0.082850
   54 	 0.045489 	 0.078104 	 0.089944
   55 	 0.000098 	 0.077027 	 0.090892
   56 	 0.006258 	 0.077743 	 0.093390
   57 	 0.000784 	 0.080610 	 0.093390
   58 	 0.000098 	 0.079959 	 0.093981
   59 	 0.001567 	 0.081142 	 0.093981
   60 	 0.020535 	 0.082941 	 0.093981
   61 	 0.000049 	 0.084821 	 0.093981
   62 	 0.003082 	 0.088595 	 0.093981
   63 	 0.003084 	 0.092303 	 0.095640
   64 	 0.009599 	 0.091433 	 0.096200
   65 	 0.000781 	 0.092272 	 0.096918
   66 	 0.020073 	 0.092619 	 0.106343
   67 	 0.009505 	 0.092399 	 0.106343
   68 	 0.001556 	 0.094191 	 0.106471
   69 	 0.000781 	 0.096321 	 0.107795
   70 	 0.000391 	 0.096331 	 0.106596
   71 	 0.000049 	 0.096201 	 0.107727
   72 	 0.018447 	 0.103918 	 0.118567
   73 	 0.000783 	 0.104440 	 0.118567
   74 	 0.087847 	 0.106857 	 0.116930
   75 	 0.087764 	 0.107315 	 0.123852
   76 	 0.006238 	 0.106430 	 0.126857
   77 	 0.068698 	 0.108581 	 0.127092
   78 	 0.018705 	 0.109916 	 0.127092
   79 	 0.011932 	 0.115414 	 0.127092
   80 	 0.019289 	 0.120945 	 0.127092
   81 	 0.067594 	 0.124252 	 0.127233
   82 	 0.000196 	 0.123331 	 0.127233
   83 	 0.006191 	 0.124135 	 0.127475
   84 	 0.001563 	 0.124374 	 0.127475
   85 	 0.000049 	 0.123182 	 0.127666
   86 	 0.000783 	 0.122292 	 0.127734
   87 	 0.019045 	 0.125730 	 0.128933
   88 	 0.000392 	 0.122563 	 0.128933
   89 	 0.001564 	 0.124923 	 0.128634
   90 	 0.000196 	 0.121326 	 0.128959
   91 	 0.013320 	 0.126533 	 0.128933
   92 	 0.000783 	 0.124033 	 0.128960
   93 	 0.007007 	 0.124597 	 0.129601
   94 	 0.042502 	 0.126000 	 0.130096
   95 	 0.007008 	 0.126785 	 0.130349
   96 	 0.000049 	 0.125379 	 0.131438
   97 	 0.001565 	 0.126204 	 0.131438
   98 	 0.001565 	 0.127135 	 0.132381
   99 	 0.000783 	 0.124215 	 0.132381
  100 	 0.009397 	 0.124980 	 0.132942
  101 	 0.046603 	 0.129659 	 0.132977
  102 	 0.001565 	 0.128910 	 0.132977
  103 	 0.123438 	 0.131647 	 0.132977
  104 	 0.009374 	 0.130817 	 0.133079
  105 	 0.042209 	 0.131177 	 0.133433
  106 	 0.013375 	 0.129905 	 0.133433
  107 	 0.012310 	 0.129917 	 0.133433
  108 	 0.009395 	 0.130409 	 0.133530
  109 	 0.006212 	 0.129139 	 0.133530
  110 	 0.012276 	 0.130477 	 0.133579
  111 	 0.000783 	 0.129224 	 0.133589
  112 	 0.000196 	 0.126540 	 0.133681
  113 	 0.018937 	 0.128976 	 0.134394
  114 	 0.000196 	 0.129597 	 0.134394
  115 	 0.000392 	 0.127461 	 0.134394
  116 	 0.000196 	 0.128189 	 0.134462
  117 	 0.041933 	 0.132303 	 0.134518
  118 	 0.000783 	 0.130313 	 0.134518
  119 	 0.000783 	 0.130525 	 0.134513
  120 	 0.012352 	 0.130145 	 0.134513
  121 	 0.000049 	 0.131610 	 0.134513
  122 	 0.086490 	 0.133865 	 0.134557
  123 	 0.018618 	 0.131301 	 0.134557
  124 	 0.000098 	 0.131174 	 0.134731
  125 	 0.000392 	 0.131329 	 0.134731
  126 	 0.001565 	 0.131126 	 0.134731
  127 	 0.003125 	 0.133162 	 0.134774
  128 	 0.000049 	 0.131416 	 0.134788
  129 	 0.001565 	 0.131335 	 0.134788
  130 	 0.000098 	 0.127592 	 0.134788
  131 	 0.000049 	 0.129713 	 0.134788
  132 	 0.003124 	 0.131800 	 0.134798
  133 	 0.000196 	 0.130112 	 0.134798
  134 	 0.000098 	 0.127581 	 0.134796
  135 	 0.000098 	 0.131843 	 0.134796
  136 	 0.000098 	 0.129239 	 0.134796
  137 	 0.000098 	 0.131060 	 0.134796
  138 	 0.049368 	 0.133860 	 0.134805
  139 	 0.025880 	 0.131881 	 0.134805
  140 	 0.019828 	 0.130865 	 0.134805
  141 	 0.047216 	 0.131939 	 0.134805
  142 	 0.040459 	 0.133218 	 0.134805
  143 	 0.009285 	 0.130354 	 0.134805
  144 	 0.000783 	 0.131288 	 0.134805
  145 	 0.000049 	 0.130123 	 0.134805
  146 	 0.001565 	 0.129998 	 0.134808
  147 	 0.009401 	 0.130378 	 0.134808
  148 	 0.000098 	 0.132025 	 0.134808
  149 	 0.012329 	 0.133345 	 0.134808
  150 	 0.001565 	 0.130169 	 0.134808
  151 	 0.000049 	 0.130408 	 0.134808
  152 	 0.019829 	 0.130978 	 0.134810
  153 	 0.087291 	 0.133541 	 0.134814
  154 	 0.001565 	 0.129219 	 0.134814
  155 	 0.000392 	 0.133422 	 0.134810
  156 	 0.018237 	 0.130938 	 0.134810
  157 	 0.000098 	 0.131155 	 0.134810
  158 	 0.000392 	 0.130905 	 0.134813
  159 	 0.006224 	 0.129888 	 0.134813
  160 	 0.000783 	 0.132749 	 0.134813
  161 	 0.000049 	 0.128800 	 0.134813
  162 	 0.037173 	 0.131866 	 0.134813
  163 	 0.003125 	 0.132246 	 0.134813
  164 	 0.000049 	 0.130310 	 0.134813
  165 	 0.049427 	 0.133510 	 0.134815
  166 	 0.006223 	 0.128993 	 0.134813
  167 	 0.009287 	 0.131325 	 0.134818
  168 	 0.000196 	 0.126472 	 0.134818
  169 	 0.009287 	 0.131127 	 0.134818
  170 	 0.000196 	 0.131202 	 0.134818
  171 	 0.087601 	 0.134063 	 0.134818
  172 	 0.000783 	 0.131829 	 0.134818
  173 	 0.000196 	 0.125279 	 0.134818
  174 	 0.000098 	 0.132910 	 0.134818
  175 	 0.000392 	 0.131419 	 0.134818
  176 	 0.000377 	 0.128356 	 0.134818
  177 	 0.000098 	 0.128038 	 0.134818
  178 	 0.000049 	 0.126803 	 0.134819
  179 	 0.000392 	 0.129562 	 0.134819
  180 	 0.001565 	 0.129247 	 0.134819
  181 	 0.006223 	 0.127931 	 0.134820
  182 	 0.003124 	 0.127428 	 0.134819
  183 	 0.000392 	 0.132764 	 0.134821
  184 	 0.003124 	 0.133479 	 0.134821
  185 	 0.024044 	 0.132641 	 0.134821
  186 	 0.013437 	 0.131029 	 0.134821
  187 	 0.006223 	 0.132161 	 0.134821
  188 	 0.009400 	 0.133547 	 0.134821
  189 	 0.001565 	 0.132483 	 0.134821
  190 	 0.009287 	 0.133539 	 0.134821
  191 	 0.000049 	 0.129518 	 0.134821
  192 	 0.000098 	 0.129874 	 0.134821
  193 	 0.000377 	 0.132958 	 0.134821
  194 	 0.000098 	 0.129232 	 0.134821
  195 	 0.076544 	 0.132727 	 0.134821
  196 	 0.064070 	 0.132385 	 0.134821
  197 	 0.070299 	 0.133337 	 0.134821
  198 	 0.001565 	 0.131163 	 0.134821
  199 	 0.025871 	 0.131462 	 0.134821
  200 	 0.000049 	 0.130175 	 0.134821
  201 	 0.047188 	 0.133752 	 0.134821
  202 	 0.047188 	 0.133565 	 0.134821
  203 	 0.006223 	 0.130644 	 0.134821
  204 	 0.076551 	 0.133894 	 0.134821
  205 	 0.000392 	 0.130797 	 0.134821
  206 	 0.000098 	 0.129743 	 0.134821
  207 	 0.003125 	 0.130017 	 0.134821
  208 	 0.076551 	 0.133457 	 0.134821
  209 	 0.058467 	 0.133441 	 0.134821
  210 	 0.000098 	 0.130347 	 0.134821
  211 	 0.007012 	 0.133396 	 0.134821
  212 	 0.000049 	 0.126749 	 0.134821
  213 	 0.001565 	 0.130189 	 0.134821
  214 	 0.003125 	 0.130953 	 0.134821
  215 	 0.000196 	 0.131226 	 0.134821
  216 	 0.012327 	 0.127698 	 0.134821
  217 	 0.037190 	 0.132828 	 0.134821
  218 	 0.047192 	 0.133449 	 0.134821
  219 	 0.009400 	 0.130954 	 0.134821
  220 	 0.001565 	 0.129332 	 0.134821
  221 	 0.006223 	 0.130469 	 0.134821
  222 	 0.013439 	 0.132115 	 0.134821
  223 	 0.037850 	 0.133368 	 0.134821
  224 	 0.000049 	 0.128826 	 0.134821
  225 	 0.000783 	 0.130844 	 0.134821
  226 	 0.009286 	 0.130657 	 0.134821
  227 	 0.000049 	 0.128299 	 0.134821
  228 	 0.078755 	 0.133686 	 0.134821
  229 	 0.019822 	 0.133081 	 0.134821
  230 	 0.000098 	 0.127519 	 0.134821
  231 	 0.000049 	 0.126395 	 0.134821
  232 	 0.047192 	 0.133160 	 0.134821
  233 	 0.000392 	 0.132028 	 0.134821
  234 	 0.007012 	 0.132002 	 0.134821
  235 	 0.000098 	 0.130255 	 0.134821
  236 	 0.000098 	 0.128873 	 0.134821
  237 	 0.000392 	 0.128981 	 0.134821
  238 	 0.013439 	 0.132733 	 0.134821
  239 	 0.042014 	 0.133132 	 0.134821
  240 	 0.013439 	 0.130166 	 0.134821
  241 	 0.050344 	 0.132759 	 0.134821
  242 	 0.000392 	 0.128769 	 0.134821
  243 	 0.107016 	 0.134079 	 0.134821
  244 	 0.009400 	 0.127737 	 0.134821
  245 	 0.037190 	 0.131218 	 0.134821
  246 	 0.006223 	 0.130692 	 0.134821
  247 	 0.006223 	 0.130098 	 0.134821
  248 	 0.001565 	 0.129937 	 0.134821
  249 	 0.000392 	 0.132631 	 0.134821
  250 	 0.000783 	 0.129960 	 0.134821
  251 	 0.110266 	 0.134372 	 0.134821
  252 	 0.009286 	 0.129187 	 0.134821
  253 	 0.009286 	 0.133556 	 0.134821
  254 	 0.040434 	 0.131554 	 0.134821
  255 	 0.074214 	 0.133953 	 0.134821
  256 	 0.009400 	 0.132634 	 0.134821
  257 	 0.000196 	 0.129980 	 0.134821
  258 	 0.000783 	 0.130166 	 0.134821
  259 	 0.000196 	 0.129445 	 0.134821
  260 	 0.000783 	 0.130138 	 0.134821
  261 	 0.018951 	 0.131357 	 0.134821
  262 	 0.000049 	 0.130399 	 0.134821
  263 	 0.001565 	 0.132358 	 0.134821
  264 	 0.000392 	 0.131545 	 0.134821
  265 	 0.000049 	 0.132294 	 0.134821
  266 	 0.006810 	 0.129598 	 0.134821
  267 	 0.024050 	 0.130017 	 0.134821
  268 	 0.012327 	 0.131428 	 0.134821
  269 	 0.006223 	 0.129872 	 0.134821
  270 	 0.104610 	 0.134097 	 0.134821
  271 	 0.000392 	 0.128067 	 0.134821
  272 	 0.009286 	 0.132245 	 0.134821
  273 	 0.000049 	 0.132205 	 0.134821
  274 	 0.000392 	 0.131722 	 0.134821
  275 	 0.074193 	 0.132954 	 0.134821
  276 	 0.013439 	 0.132634 	 0.134821
  277 	 0.019822 	 0.130708 	 0.134821
  278 	 0.000196 	 0.131728 	 0.134821
  279 	 0.009286 	 0.130219 	 0.134821
  280 	 0.001565 	 0.133254 	 0.134821
  281 	 0.003121 	 0.132089 	 0.134821
  282 	 0.000392 	 0.131866 	 0.134821
  283 	 0.027960 	 0.133568 	 0.134821
  284 	 0.000196 	 0.130505 	 0.134821
  285 	 0.000098 	 0.125494 	 0.134821
  286 	 0.119958 	 0.134386 	 0.134821
  287 	 0.000783 	 0.128659 	 0.134821
  288 	 0.009391 	 0.130326 	 0.134821
  289 	 0.000196 	 0.128373 	 0.134821
  290 	 0.000098 	 0.130650 	 0.134821
  291 	 0.074214 	 0.133806 	 0.134821
  292 	 0.000049 	 0.130332 	 0.134821
  293 	 0.018951 	 0.130142 	 0.134821
  294 	 0.001565 	 0.129216 	 0.134821
  295 	 0.009400 	 0.129985 	 0.134821
  296 	 0.000783 	 0.129033 	 0.134821
  297 	 0.009286 	 0.131073 	 0.134821
  298 	 0.000783 	 0.128777 	 0.134821
  299 	 0.040434 	 0.132196 	 0.134821
  300 	 0.018951 	 0.133219 	 0.134821
  301 	 0.000098 	 0.130917 	 0.134821
  302 	 0.012327 	 0.131993 	 0.134821
  303 	 0.001565 	 0.130063 	 0.134821
  304 	 0.000783 	 0.132047 	 0.134821
  305 	 0.000049 	 0.123034 	 0.134821
  306 	 0.000049 	 0.130853 	 0.134821
  307 	 0.003125 	 0.132982 	 0.134821
  308 	 0.000392 	 0.133186 	 0.134821
  309 	 0.000049 	 0.127807 	 0.134821
  310 	 0.000783 	 0.129722 	 0.134821
  311 	 0.074193 	 0.132886 	 0.134821
  312 	 0.000783 	 0.128121 	 0.134821
  313 	 0.000392 	 0.130021 	 0.134821
  314 	 0.001565 	 0.132511 	 0.134821
  315 	 0.025872 	 0.131749 	 0.134821
  316 	 0.001565 	 0.128350 	 0.134821
  317 	 0.003125 	 0.130959 	 0.134821
  318 	 0.000098 	 0.132867 	 0.134821
  319 	 0.009400 	 0.131201 	 0.134821
  320 	 0.003125 	 0.131830 	 0.134821
  321 	 0.009400 	 0.130441 	 0.134821
  322 	 0.001565 	 0.131066 	 0.134821
  323 	 0.042014 	 0.132903 	 0.134821
  324 	 0.000784 	 0.130993 	 0.134821
  325 	 0.000098 	 0.129028 	 0.134821
  326 	 0.000196 	 0.127536 	 0.134821
  327 	 0.019822 	 0.133398 	 0.134821
  328 	 0.006223 	 0.129288 	 0.134821
  329 	 0.000783 	 0.128917 	 0.134821
  330 	 0.006223 	 0.132261 	 0.134821
  331 	 0.000392 	 0.131069 	 0.134821
  332 	 0.000196 	 0.128861 	 0.134821
  333 	 0.000098 	 0.131268 	 0.134821
  334 	 0.000098 	 0.127589 	 0.134821
  335 	 0.013439 	 0.128388 	 0.134821
  336 	 0.000392 	 0.129503 	 0.134821
  337 	 0.000779 	 0.127805 	 0.134821
  338 	 0.000098 	 0.131133 	 0.134821
  339 	 0.018951 	 0.133052 	 0.134821
  340 	 0.009400 	 0.129527 	 0.134821
  341 	 0.000783 	 0.130336 	 0.134821
  342 	 0.000098 	 0.132110 	 0.134821
  343 	 0.000049 	 0.127808 	 0.134821
  344 	 0.013439 	 0.132151 	 0.134821
  345 	 0.128632 	 0.134676 	 0.134821
  346 	 0.006223 	 0.129964 	 0.134821
  347 	 0.000098 	 0.124231 	 0.134821
  348 	 0.049398 	 0.132798 	 0.134821
  349 	 0.000783 	 0.131482 	 0.134821
  350 	 0.000049 	 0.127842 	 0.134821
  351 	 0.000392 	 0.132302 	 0.134821
  352 	 0.013439 	 0.130645 	 0.134821
  353 	 0.001565 	 0.131609 	 0.134821
  354 	 0.007012 	 0.130516 	 0.134821
  355 	 0.040441 	 0.132896 	 0.134821
  356 	 0.064076 	 0.133768 	 0.134821
  357 	 0.000783 	 0.129770 	 0.134821
  358 	 0.000784 	 0.131053 	 0.134821
  359 	 0.074193 	 0.133341 	 0.134821
  360 	 0.003125 	 0.133136 	 0.134821
  361 	 0.042014 	 0.133177 	 0.134821
  362 	 0.000196 	 0.129830 	 0.134821
  363 	 0.007012 	 0.132486 	 0.134821
  364 	 0.024050 	 0.132913 	 0.134821
  365 	 0.000196 	 0.129084 	 0.134821
  366 	 0.001557 	 0.132040 	 0.134821
  367 	 0.001565 	 0.127467 	 0.134821
  368 	 0.012327 	 0.132363 	 0.134821
  369 	 0.013439 	 0.130770 	 0.134821
  370 	 0.019822 	 0.131504 	 0.134821
  371 	 0.000049 	 0.127830 	 0.134821
  372 	 0.103899 	 0.134243 	 0.134821
  373 	 0.009400 	 0.132038 	 0.134821
  374 	 0.009400 	 0.127883 	 0.134821
  375 	 0.000196 	 0.131011 	 0.134821
  376 	 0.037216 	 0.132404 	 0.134821
  377 	 0.019822 	 0.131739 	 0.134821
  378 	 0.013439 	 0.133320 	 0.134821
  379 	 0.000049 	 0.127604 	 0.134821
  380 	 0.076551 	 0.133826 	 0.134821
  381 	 0.000098 	 0.132147 	 0.134821
  382 	 0.024050 	 0.133660 	 0.134821
  383 	 0.018951 	 0.133206 	 0.134821
  384 	 0.000196 	 0.130427 	 0.134821
  385 	 0.037190 	 0.131600 	 0.134821
  386 	 0.049398 	 0.133933 	 0.134821
  387 	 0.009400 	 0.131417 	 0.134821
  388 	 0.006223 	 0.132210 	 0.134821
  389 	 0.000196 	 0.129995 	 0.134821
  390 	 0.009286 	 0.132099 	 0.134821
  391 	 0.019822 	 0.131380 	 0.134821
  392 	 0.000049 	 0.129987 	 0.134821
  393 	 0.012327 	 0.133271 	 0.134821
  394 	 0.000098 	 0.133042 	 0.134821
  395 	 0.000392 	 0.129693 	 0.134821
  396 	 0.000783 	 0.132591 	 0.134821
  397 	 0.001565 	 0.129282 	 0.134821
  398 	 0.000099 	 0.129690 	 0.134821
  399 	 0.000098 	 0.129515 	 0.134821
  400 	 0.018951 	 0.130401 	 0.134821
  401 	 0.019822 	 0.131148 	 0.134821
  402 	 0.093599 	 0.134279 	 0.134821
  403 	 0.104610 	 0.134376 	 0.134821
  404 	 0.000049 	 0.128160 	 0.134821
  405 	 0.000098 	 0.129096 	 0.134821
  406 	 0.012327 	 0.130696 	 0.134821
  407 	 0.018951 	 0.133614 	 0.134821
  408 	 0.000392 	 0.132363 	 0.134821
  409 	 0.000392 	 0.128118 	 0.134821
  410 	 0.000049 	 0.131989 	 0.134821
  411 	 0.000196 	 0.132462 	 0.134821
  412 	 0.000783 	 0.130911 	 0.134821
  413 	 0.000098 	 0.128294 	 0.134821
  414 	 0.000196 	 0.127263 	 0.134821
  415 	 0.028201 	 0.132072 	 0.134821
  416 	 0.000049 	 0.128925 	 0.134821
  417 	 0.007012 	 0.132705 	 0.134821
  418 	 0.000392 	 0.129212 	 0.134821
  419 	 0.007012 	 0.130758 	 0.134821
  420 	 0.003115 	 0.131258 	 0.134821
  421 	 0.000098 	 0.131253 	 0.134821
  422 	 0.025872 	 0.131639 	 0.134821
  423 	 0.000392 	 0.128968 	 0.134821
  424 	 0.000098 	 0.130078 	 0.134821
  425 	 0.000783 	 0.128783 	 0.134821
  426 	 0.000098 	 0.130827 	 0.134821
  427 	 0.000196 	 0.131210 	 0.134821
  428 	 0.024050 	 0.133505 	 0.134821
  429 	 0.001565 	 0.131393 	 0.134821
  430 	 0.000049 	 0.131426 	 0.134821
  431 	 0.007012 	 0.130049 	 0.134821
  432 	 0.009286 	 0.131125 	 0.134821
  433 	 0.001565 	 0.126862 	 0.134821
  434 	 0.019822 	 0.131768 	 0.134821
  435 	 0.000392 	 0.129072 	 0.134821
  436 	 0.009286 	 0.130579 	 0.134821
  437 	 0.000196 	 0.129027 	 0.134821
  438 	 0.000049 	 0.129774 	 0.134821
  439 	 0.019822 	 0.131307 	 0.134821
  440 	 0.000196 	 0.130554 	 0.134821
  441 	 0.000783 	 0.128850 	 0.134821
  442 	 0.000049 	 0.128967 	 0.134821
  443 	 0.040434 	 0.133573 	 0.134821
  444 	 0.000049 	 0.125062 	 0.134821
  445 	 0.000783 	 0.132732 	 0.134821
  446 	 0.024050 	 0.132279 	 0.134821
  447 	 0.019822 	 0.131680 	 0.134821
  448 	 0.012327 	 0.129640 	 0.134821
  449 	 0.024050 	 0.133712 	 0.134821
  450 	 0.000783 	 0.127390 	 0.134821
  451 	 0.023615 	 0.132802 	 0.134821
  452 	 0.040434 	 0.132698 	 0.134821
  453 	 0.001565 	 0.132110 	 0.134821
  454 	 0.001565 	 0.131889 	 0.134821
  455 	 0.000049 	 0.129575 	 0.134821
  456 	 0.019822 	 0.131055 	 0.134821
  457 	 0.006223 	 0.126563 	 0.134821
  458 	 0.009286 	 0.129403 	 0.134821
  459 	 0.000049 	 0.131816 	 0.134821
  460 	 0.000783 	 0.128017 	 0.134821
  461 	 0.000196 	 0.129410 	 0.134821
  462 	 0.000098 	 0.130526 	 0.134821
  463 	 0.128491 	 0.134692 	 0.134821
  464 	 0.006223 	 0.131850 	 0.134821
  465 	 0.012327 	 0.131914 	 0.134821
  466 	 0.000049 	 0.129971 	 0.134821
  467 	 0.013439 	 0.131797 	 0.134821
  468 	 0.000392 	 0.128966 	 0.134821
  469 	 0.000049 	 0.131382 	 0.134821
  470 	 0.003125 	 0.130798 	 0.134821
  471 	 0.000196 	 0.132561 	 0.134821
  472 	 0.007012 	 0.131225 	 0.134821
  473 	 0.001565 	 0.131732 	 0.134821
  474 	 0.000196 	 0.129452 	 0.134821
  475 	 0.006223 	 0.132353 	 0.134821
  476 	 0.000392 	 0.130056 	 0.134821
  477 	 0.012327 	 0.132649 	 0.134821
  478 	 0.000098 	 0.128662 	 0.134821
  479 	 0.000783 	 0.130254 	 0.134821
  480 	 0.006223 	 0.129351 	 0.134821
  481 	 0.013439 	 0.131503 	 0.134821
  482 	 0.012327 	 0.129858 	 0.134821
  483 	 0.009286 	 0.130735 	 0.134821
  484 	 0.000196 	 0.129680 	 0.134821
  485 	 0.040434 	 0.131392 	 0.134821
  486 	 0.000196 	 0.129894 	 0.134821
  487 	 0.000196 	 0.128958 	 0.134821
  488 	 0.076551 	 0.134119 	 0.134821
  489 	 0.019822 	 0.133517 	 0.134821
  490 	 0.012326 	 0.128978 	 0.134821
  491 	 0.012327 	 0.131255 	 0.134821
  492 	 0.000392 	 0.129187 	 0.134821
  493 	 0.000196 	 0.127357 	 0.134821
  494 	 0.107016 	 0.134433 	 0.134821
  495 	 0.003125 	 0.132230 	 0.134821
  496 	 0.000196 	 0.131358 	 0.134821
  497 	 0.000049 	 0.130081 	 0.134821
  498 	 0.003125 	 0.129570 	 0.134821
  499 	 0.003125 	 0.132062 	 0.134821
 