   0 	 0.000049 	 0.000200 	 0.002673
    1 	 0.000053 	 0.000321 	 0.002673
    2 	 0.000174 	 0.000662 	 0.003235
    3 	 0.000105 	 0.001098 	 0.006760
    4 	 0.000702 	 0.001725 	 0.008874
    5 	 0.000197 	 0.002620 	 0.013523
    6 	 0.000181 	 0.003466 	 0.014258
    7 	 0.001800 	 0.004590 	 0.014838
    8 	 0.000049 	 0.006089 	 0.017702
    9 	 0.002233 	 0.008607 	 0.022745
   10 	 0.000392 	 0.010921 	 0.022745
   11 	 0.000385 	 0.013795 	 0.027087
   12 	 0.000098 	 0.015737 	 0.027087
   13 	 0.000098 	 0.017174 	 0.027087
   14 	 0.003041 	 0.019173 	 0.030617
   15 	 0.017072 	 0.020796 	 0.030644
   16 	 0.002932 	 0.023598 	 0.030639
   17 	 0.012444 	 0.026318 	 0.030531
   18 	 0.000049 	 0.027091 	 0.030531
   19 	 0.000049 	 0.027959 	 0.034986
   20 	 0.001542 	 0.028895 	 0.034986
   21 	 0.010659 	 0.030118 	 0.034986
   22 	 0.000784 	 0.030700 	 0.034993
   23 	 0.000049 	 0.030905 	 0.037312
   24 	 0.024439 	 0.032493 	 0.037322
   25 	 0.028949 	 0.032836 	 0.037322
   26 	 0.000196 	 0.032613 	 0.037322
   27 	 0.000049 	 0.032426 	 0.037322
   28 	 0.014149 	 0.033502 	 0.040046
   29 	 0.030069 	 0.034498 	 0.039911
   30 	 0.000098 	 0.035234 	 0.039204
   31 	 0.000786 	 0.036842 	 0.039244
   32 	 0.003178 	 0.037154 	 0.039255
   33 	 0.036671 	 0.038365 	 0.039266
   34 	 0.011298 	 0.038334 	 0.045266
   35 	 0.000781 	 0.038772 	 0.039349
   36 	 0.003130 	 0.038495 	 0.039400
   37 	 0.006300 	 0.038346 	 0.039521
   38 	 0.001572 	 0.038858 	 0.045351
   39 	 0.000049 	 0.038577 	 0.046727
   40 	 0.000196 	 0.038402 	 0.046656
   41 	 0.001575 	 0.039587 	 0.046656
   42 	 0.029753 	 0.041201 	 0.046818
   43 	 0.001558 	 0.041976 	 0.046833
   44 	 0.000196 	 0.045019 	 0.049433
   45 	 0.000098 	 0.046009 	 0.049745
   46 	 0.043515 	 0.046624 	 0.047083
   47 	 0.000782 	 0.045230 	 0.047158
   48 	 0.000781 	 0.045269 	 0.047173
   49 	 0.000391 	 0.045861 	 0.047075
   50 	 0.027255 	 0.046563 	 0.049444
   51 	 0.000782 	 0.046421 	 0.049444
   52 	 0.003099 	 0.046335 	 0.049444
   53 	 0.032522 	 0.047240 	 0.049463
   54 	 0.011598 	 0.047582 	 0.050105
   55 	 0.000098 	 0.048248 	 0.051159
   56 	 0.000099 	 0.048372 	 0.051694
   57 	 0.000098 	 0.048551 	 0.051694
   58 	 0.000098 	 0.048689 	 0.051798
   59 	 0.000098 	 0.050178 	 0.052918
   60 	 0.003153 	 0.050074 	 0.051798
   61 	 0.000196 	 0.050317 	 0.051798
   62 	 0.000098 	 0.051069 	 0.052629
   63 	 0.044611 	 0.051604 	 0.052937
   64 	 0.045308 	 0.051627 	 0.053051
   65 	 0.019782 	 0.051464 	 0.053051
   66 	 0.009589 	 0.051029 	 0.053051
   67 	 0.001567 	 0.050011 	 0.053051
   68 	 0.049987 	 0.052387 	 0.053051
   69 	 0.006185 	 0.051755 	 0.053195
   70 	 0.007188 	 0.051658 	 0.053051
   71 	 0.000098 	 0.050257 	 0.053125
   72 	 0.007196 	 0.051497 	 0.054489
   73 	 0.000049 	 0.052239 	 0.053168
   74 	 0.052197 	 0.053050 	 0.053175
   75 	 0.007276 	 0.051942 	 0.053326
   76 	 0.012277 	 0.052715 	 0.053326
   77 	 0.000784 	 0.051389 	 0.053312
   78 	 0.001568 	 0.051885 	 0.053366
   79 	 0.000392 	 0.051506 	 0.053362
   80 	 0.037042 	 0.052876 	 0.053544
   81 	 0.008930 	 0.051432 	 0.053591
   82 	 0.000392 	 0.052317 	 0.053591
   83 	 0.003132 	 0.052758 	 0.053591
   84 	 0.000784 	 0.052093 	 0.053591
   85 	 0.000392 	 0.051508 	 0.053591
   86 	 0.012289 	 0.052562 	 0.053615
   87 	 0.000392 	 0.052072 	 0.053606
   88 	 0.001566 	 0.052745 	 0.053606
   89 	 0.052173 	 0.053565 	 0.053627
   90 	 0.009640 	 0.053099 	 0.054593
   91 	 0.012290 	 0.053105 	 0.054593
   92 	 0.028492 	 0.053338 	 0.054593
   93 	 0.006412 	 0.052991 	 0.054885
   94 	 0.000049 	 0.051443 	 0.054893
   95 	 0.003122 	 0.052451 	 0.054893
   96 	 0.000049 	 0.053000 	 0.054893
   97 	 0.000196 	 0.053056 	 0.056630
   98 	 0.035276 	 0.054650 	 0.056630
   99 	 0.000098 	 0.053601 	 0.056630
  100 	 0.000049 	 0.053826 	 0.056702
  101 	 0.003157 	 0.053671 	 0.057380
  102 	 0.000391 	 0.053993 	 0.057380
  103 	 0.003157 	 0.054598 	 0.058234
  104 	 0.000779 	 0.054765 	 0.063416
  105 	 0.037884 	 0.057128 	 0.064083
  106 	 0.011293 	 0.057119 	 0.064223
  107 	 0.009935 	 0.058234 	 0.065134
  108 	 0.050209 	 0.060445 	 0.065134
  109 	 0.003072 	 0.061844 	 0.065298
  110 	 0.000049 	 0.063050 	 0.065298
  111 	 0.000782 	 0.063826 	 0.065630
  112 	 0.006119 	 0.063710 	 0.065761
  113 	 0.001564 	 0.063852 	 0.065761
  114 	 0.000098 	 0.062559 	 0.065761
  115 	 0.029453 	 0.064446 	 0.065761
  116 	 0.000196 	 0.063208 	 0.065761
  117 	 0.000392 	 0.064409 	 0.065761
  118 	 0.000392 	 0.063083 	 0.065761
  119 	 0.000098 	 0.062039 	 0.065771
  120 	 0.000049 	 0.065099 	 0.065784
  121 	 0.009352 	 0.063816 	 0.065790
  122 	 0.000049 	 0.064599 	 0.065790
  123 	 0.000098 	 0.064138 	 0.065791
  124 	 0.029588 	 0.064649 	 0.065792
  125 	 0.000049 	 0.064085 	 0.065796
  126 	 0.018601 	 0.064046 	 0.065796
  127 	 0.018581 	 0.064901 	 0.065965
  128 	 0.000783 	 0.064501 	 0.065965
  129 	 0.003122 	 0.062365 	 0.065827
  130 	 0.039698 	 0.065508 	 0.065940
  131 	 0.000049 	 0.064091 	 0.065940
  132 	 0.029968 	 0.064929 	 0.065941
  133 	 0.018695 	 0.064408 	 0.065979
  134 	 0.000783 	 0.064929 	 0.065979
  135 	 0.003122 	 0.064840 	 0.065979
  136 	 0.000098 	 0.064779 	 0.065980
  137 	 0.009683 	 0.064418 	 0.066006
  138 	 0.003123 	 0.064409 	 0.065980
  139 	 0.000196 	 0.062983 	 0.065980
  140 	 0.056053 	 0.065698 	 0.065980
  141 	 0.012183 	 0.065310 	 0.065986
  142 	 0.000196 	 0.063877 	 0.065986
  143 	 0.000392 	 0.063785 	 0.065987
  144 	 0.034355 	 0.065268 	 0.065987
  145 	 0.009681 	 0.065002 	 0.066010
  146 	 0.029682 	 0.065331 	 0.066010
  147 	 0.009674 	 0.064687 	 0.066015
  148 	 0.030052 	 0.065048 	 0.066015
  149 	 0.003123 	 0.064680 	 0.066106
  150 	 0.018730 	 0.065231 	 0.066015
  151 	 0.000392 	 0.064781 	 0.066015
  152 	 0.023893 	 0.064860 	 0.066015
  153 	 0.003123 	 0.064793 	 0.066015
  154 	 0.000098 	 0.063418 	 0.066019
  155 	 0.000783 	 0.063518 	 0.066019
  156 	 0.038770 	 0.065164 	 0.066019
  157 	 0.000049 	 0.063572 	 0.066019
  158 	 0.000196 	 0.063299 	 0.066019
  159 	 0.000783 	 0.064198 	 0.066019
  160 	 0.000049 	 0.063547 	 0.066019
  161 	 0.018732 	 0.065194 	 0.066019
  162 	 0.000049 	 0.063413 	 0.066019
  163 	 0.000049 	 0.063867 	 0.066019
  164 	 0.000196 	 0.064586 	 0.066019
  165 	 0.000049 	 0.064173 	 0.066019
  166 	 0.001565 	 0.065337 	 0.066019
  167 	 0.000098 	 0.064782 	 0.066022
  168 	 0.009687 	 0.064052 	 0.066022
  169 	 0.009321 	 0.064197 	 0.066022
  170 	 0.006206 	 0.064199 	 0.066022
  171 	 0.000098 	 0.064608 	 0.066022
  172 	 0.000392 	 0.064151 	 0.066022
  173 	 0.000392 	 0.063965 	 0.066022
  174 	 0.017208 	 0.065381 	 0.066022
  175 	 0.018732 	 0.064726 	 0.066022
  176 	 0.000049 	 0.064724 	 0.066022
  177 	 0.000196 	 0.062987 	 0.066022
  178 	 0.009321 	 0.065309 	 0.066022
  179 	 0.007165 	 0.064728 	 0.066022
  180 	 0.003123 	 0.063333 	 0.066143
  181 	 0.000783 	 0.064080 	 0.066143
  182 	 0.000049 	 0.064623 	 0.066143
  183 	 0.000049 	 0.064476 	 0.066143
  184 	 0.000196 	 0.064003 	 0.066143
  185 	 0.006231 	 0.064957 	 0.066143
  186 	 0.012632 	 0.065460 	 0.066143
  187 	 0.000392 	 0.065295 	 0.066143
  188 	 0.000784 	 0.063921 	 0.066147
  189 	 0.000049 	 0.063098 	 0.066147
  190 	 0.000049 	 0.063888 	 0.066147
  191 	 0.039556 	 0.065667 	 0.066158
  192 	 0.034832 	 0.065786 	 0.066158
  193 	 0.056872 	 0.065915 	 0.066158
  194 	 0.007194 	 0.065096 	 0.066158
  195 	 0.009678 	 0.065076 	 0.066152
  196 	 0.065248 	 0.066138 	 0.066152
  197 	 0.000392 	 0.065060 	 0.066153
  198 	 0.000196 	 0.064512 	 0.066155
  199 	 0.001566 	 0.063812 	 0.066155
  200 	 0.000049 	 0.064963 	 0.066155
  201 	 0.023663 	 0.065323 	 0.066155
  202 	 0.023663 	 0.065359 	 0.066155
  203 	 0.030475 	 0.065677 	 0.066155
  204 	 0.017351 	 0.064472 	 0.066155
  205 	 0.017351 	 0.065563 	 0.066155
  206 	 0.000783 	 0.063502 	 0.066155
  207 	 0.001566 	 0.063892 	 0.066155
  208 	 0.003128 	 0.064631 	 0.066156
  209 	 0.001566 	 0.064290 	 0.066156
  210 	 0.039441 	 0.065754 	 0.066156
  211 	 0.000049 	 0.064376 	 0.066156
  212 	 0.000784 	 0.064274 	 0.066156
  213 	 0.000049 	 0.065242 	 0.066156
  214 	 0.006227 	 0.064677 	 0.066156
  215 	 0.057465 	 0.065705 	 0.066158
  216 	 0.006226 	 0.064968 	 0.066163
  217 	 0.006226 	 0.064151 	 0.066163
  218 	 0.012258 	 0.063828 	 0.066163
  219 	 0.009289 	 0.065001 	 0.066163
  220 	 0.006226 	 0.065474 	 0.066163
  221 	 0.030142 	 0.064892 	 0.066163
  222 	 0.030442 	 0.065692 	 0.066163
  223 	 0.018867 	 0.065559 	 0.066164
  224 	 0.018867 	 0.064827 	 0.066164
  225 	 0.000392 	 0.064813 	 0.066164
  226 	 0.006226 	 0.064512 	 0.066164
  227 	 0.000784 	 0.062985 	 0.066164
  228 	 0.000098 	 0.064928 	 0.066164
  229 	 0.007187 	 0.064024 	 0.066164
  230 	 0.058591 	 0.065989 	 0.066164
  231 	 0.000098 	 0.064329 	 0.066164
  232 	 0.009300 	 0.064346 	 0.066164
  233 	 0.039269 	 0.065685 	 0.066164
  234 	 0.000098 	 0.064917 	 0.066164
  235 	 0.001566 	 0.064027 	 0.066164
  236 	 0.012239 	 0.064818 	 0.066164
  237 	 0.000196 	 0.063100 	 0.066164
  238 	 0.000784 	 0.064704 	 0.066164
  239 	 0.000196 	 0.063415 	 0.066164
  240 	 0.000784 	 0.064162 	 0.066164
  241 	 0.012614 	 0.065458 	 0.066164
  242 	 0.012614 	 0.064895 	 0.066164
  243 	 0.000392 	 0.064166 	 0.066164
  244 	 0.000049 	 0.064054 	 0.066164
  245 	 0.000196 	 0.063291 	 0.066164
  246 	 0.012242 	 0.065188 	 0.066164
  247 	 0.010983 	 0.064308 	 0.066164
  248 	 0.009300 	 0.065146 	 0.066164
  249 	 0.009300 	 0.064057 	 0.066164
  250 	 0.001566 	 0.064718 	 0.066164
  251 	 0.003127 	 0.064764 	 0.066164
  252 	 0.030349 	 0.065266 	 0.066164
  253 	 0.017312 	 0.065292 	 0.066164
  254 	 0.039269 	 0.065322 	 0.066164
  255 	 0.009300 	 0.065384 	 0.066164
  256 	 0.009710 	 0.064865 	 0.066164
  257 	 0.000049 	 0.062157 	 0.066164
  258 	 0.001566 	 0.063827 	 0.066164
  259 	 0.036129 	 0.065743 	 0.066164
  260 	 0.030349 	 0.065249 	 0.066164
  261 	 0.000049 	 0.062982 	 0.066164
  262 	 0.012239 	 0.065561 	 0.066164
  263 	 0.000098 	 0.063620 	 0.066164
  264 	 0.001566 	 0.063630 	 0.066164
  265 	 0.001566 	 0.064228 	 0.066164
  266 	 0.000196 	 0.065002 	 0.066164
  267 	 0.036852 	 0.065642 	 0.066164
  268 	 0.000196 	 0.062508 	 0.066164
  269 	 0.000196 	 0.065366 	 0.066164
  270 	 0.017312 	 0.064966 	 0.066164
  271 	 0.003127 	 0.064620 	 0.066164
  272 	 0.030070 	 0.065704 	 0.066164
  273 	 0.000392 	 0.065302 	 0.066164
  274 	 0.000196 	 0.064971 	 0.066164
  275 	 0.000098 	 0.063766 	 0.066164
  276 	 0.012614 	 0.064514 	 0.066164
  277 	 0.000392 	 0.064509 	 0.066164
  278 	 0.023757 	 0.065364 	 0.066164
  279 	 0.000392 	 0.065037 	 0.066164
  280 	 0.000784 	 0.063449 	 0.066164
  281 	 0.000392 	 0.064174 	 0.066164
  282 	 0.012239 	 0.064987 	 0.066164
  283 	 0.000392 	 0.063948 	 0.066164
  284 	 0.007187 	 0.064653 	 0.066164
  285 	 0.018820 	 0.065499 	 0.066164
  286 	 0.034555 	 0.065598 	 0.066164
  287 	 0.009277 	 0.065215 	 0.066164
  288 	 0.007187 	 0.064917 	 0.066164
  289 	 0.000098 	 0.064523 	 0.066164
  290 	 0.001566 	 0.064732 	 0.066164
  291 	 0.018820 	 0.065160 	 0.066164
  292 	 0.061956 	 0.066071 	 0.066164
  293 	 0.000049 	 0.063255 	 0.066164
  294 	 0.006221 	 0.064591 	 0.066164
  295 	 0.017312 	 0.065248 	 0.066164
  296 	 0.030070 	 0.065322 	 0.066164
  297 	 0.000196 	 0.064459 	 0.066164
  298 	 0.009652 	 0.064359 	 0.066164
  299 	 0.064364 	 0.066141 	 0.066164
  300 	 0.000392 	 0.063747 	 0.066164
  301 	 0.006221 	 0.064997 	 0.066164
  302 	 0.009300 	 0.064660 	 0.066164
  303 	 0.000392 	 0.064036 	 0.066164
  304 	 0.036129 	 0.065813 	 0.066164
  305 	 0.009300 	 0.063889 	 0.066164
  306 	 0.057561 	 0.065905 	 0.066164
  307 	 0.012239 	 0.065246 	 0.066164
  308 	 0.047661 	 0.065812 	 0.066164
  309 	 0.018820 	 0.065231 	 0.066164
  310 	 0.009707 	 0.065511 	 0.066164
  311 	 0.000784 	 0.063978 	 0.066164
  312 	 0.003127 	 0.063959 	 0.066164
  313 	 0.006221 	 0.064353 	 0.066164
  314 	 0.039269 	 0.065865 	 0.066164
  315 	 0.006221 	 0.065031 	 0.066164
  316 	 0.000098 	 0.064277 	 0.066164
  317 	 0.003127 	 0.063300 	 0.066164
  318 	 0.012239 	 0.064633 	 0.066164
  319 	 0.012239 	 0.065079 	 0.066164
  320 	 0.009652 	 0.065180 	 0.066164
  321 	 0.003127 	 0.064560 	 0.066164
  322 	 0.000392 	 0.063811 	 0.066164
  323 	 0.007187 	 0.065021 	 0.066164
  324 	 0.000098 	 0.063976 	 0.066164
  325 	 0.017312 	 0.065057 	 0.066164
  326 	 0.009652 	 0.064946 	 0.066164
  327 	 0.012239 	 0.065569 	 0.066164
  328 	 0.030349 	 0.065696 	 0.066164
  329 	 0.000098 	 0.063913 	 0.066164
  330 	 0.012614 	 0.064849 	 0.066164
  331 	 0.012614 	 0.065558 	 0.066164
  332 	 0.018820 	 0.065402 	 0.066164
  333 	 0.034555 	 0.065660 	 0.066164
  334 	 0.000784 	 0.064135 	 0.066164
  335 	 0.000098 	 0.064009 	 0.066164
  336 	 0.007187 	 0.064141 	 0.066164
  337 	 0.023757 	 0.065736 	 0.066164
  338 	 0.003127 	 0.063778 	 0.066164
  339 	 0.009300 	 0.065133 	 0.066164
  340 	 0.000784 	 0.065419 	 0.066164
  341 	 0.000392 	 0.064763 	 0.066164
  342 	 0.000784 	 0.064631 	 0.066164
  343 	 0.003127 	 0.065434 	 0.066164
  344 	 0.009652 	 0.065282 	 0.066164
  345 	 0.018820 	 0.065426 	 0.066164
  346 	 0.000392 	 0.065316 	 0.066164
  347 	 0.036852 	 0.065473 	 0.066164
  348 	 0.000098 	 0.064434 	 0.066164
  349 	 0.009652 	 0.064820 	 0.066164
  350 	 0.000392 	 0.063405 	 0.066164
  351 	 0.000049 	 0.063792 	 0.066164
  352 	 0.000196 	 0.064271 	 0.066164
  353 	 0.001566 	 0.063725 	 0.066164
  354 	 0.006221 	 0.065453 	 0.066164
  355 	 0.000049 	 0.063887 	 0.066164
  356 	 0.017312 	 0.064615 	 0.066164
  357 	 0.047661 	 0.065756 	 0.066164
  358 	 0.036129 	 0.065738 	 0.066164
  359 	 0.009652 	 0.065363 	 0.066164
  360 	 0.007187 	 0.063695 	 0.066164
  361 	 0.012239 	 0.064691 	 0.066164
  362 	 0.018820 	 0.064462 	 0.066164
  363 	 0.018820 	 0.064810 	 0.066164
  364 	 0.000098 	 0.064118 	 0.066164
  365 	 0.047661 	 0.065518 	 0.066164
  366 	 0.009300 	 0.064828 	 0.066164
  367 	 0.000784 	 0.065404 	 0.066164
  368 	 0.000784 	 0.064371 	 0.066164
  369 	 0.064470 	 0.066135 	 0.066164
  370 	 0.003127 	 0.064226 	 0.066164
  371 	 0.003127 	 0.064100 	 0.066164
  372 	 0.003127 	 0.065043 	 0.066164
  373 	 0.012614 	 0.064375 	 0.066164
  374 	 0.023757 	 0.064834 	 0.066164
  375 	 0.000098 	 0.065008 	 0.066164
  376 	 0.000049 	 0.064918 	 0.066164
  377 	 0.023757 	 0.065364 	 0.066164
  378 	 0.001566 	 0.064366 	 0.066164
  379 	 0.007187 	 0.064191 	 0.066164
  380 	 0.003127 	 0.064820 	 0.066164
  381 	 0.000196 	 0.063969 	 0.066164
  382 	 0.009652 	 0.064527 	 0.066164
  383 	 0.023748 	 0.065650 	 0.066164
  384 	 0.000392 	 0.063346 	 0.066164
  385 	 0.000196 	 0.062836 	 0.066164
  386 	 0.003127 	 0.064736 	 0.066164
  387 	 0.000196 	 0.064256 	 0.066164
  388 	 0.000392 	 0.064553 	 0.066164
  389 	 0.000098 	 0.063215 	 0.066164
  390 	 0.030070 	 0.065239 	 0.066164
  391 	 0.001566 	 0.064388 	 0.066164
  392 	 0.000196 	 0.063549 	 0.066164
  393 	 0.000098 	 0.065487 	 0.066164
  394 	 0.017312 	 0.064625 	 0.066164
  395 	 0.058591 	 0.065962 	 0.066164
  396 	 0.034555 	 0.065740 	 0.066164
  397 	 0.012614 	 0.065079 	 0.066164
  398 	 0.030070 	 0.065676 	 0.066164
  399 	 0.001566 	 0.064429 	 0.066164
  400 	 0.009300 	 0.065559 	 0.066164
  401 	 0.009300 	 0.064832 	 0.066164
  402 	 0.009652 	 0.063986 	 0.066164
  403 	 0.000049 	 0.063449 	 0.066164
  404 	 0.000392 	 0.063391 	 0.066164
  405 	 0.000098 	 0.064794 	 0.066164
  406 	 0.012239 	 0.065492 	 0.066164
  407 	 0.039269 	 0.065806 	 0.066164
  408 	 0.023757 	 0.065221 	 0.066164
  409 	 0.047661 	 0.065869 	 0.066164
  410 	 0.009297 	 0.064278 	 0.066164
  411 	 0.047661 	 0.065971 	 0.066164
  412 	 0.003127 	 0.065225 	 0.066164
  413 	 0.049035 	 0.065837 	 0.066164
  414 	 0.012239 	 0.063774 	 0.066164
  415 	 0.016584 	 0.065135 	 0.066164
  416 	 0.009652 	 0.064555 	 0.066164
  417 	 0.000049 	 0.064328 	 0.066164
  418 	 0.036129 	 0.065509 	 0.066164
  419 	 0.003127 	 0.065025 	 0.066164
  420 	 0.000049 	 0.064655 	 0.066164
  421 	 0.007187 	 0.064765 	 0.066164
  422 	 0.009300 	 0.064524 	 0.066164
  423 	 0.001566 	 0.065076 	 0.066164
  424 	 0.000049 	 0.065350 	 0.066164
  425 	 0.000392 	 0.064542 	 0.066164
  426 	 0.018960 	 0.065397 	 0.066164
  427 	 0.003127 	 0.065513 	 0.066164
  428 	 0.003127 	 0.063791 	 0.066164
  429 	 0.000784 	 0.065495 	 0.066164
  430 	 0.007225 	 0.064155 	 0.066164
  431 	 0.017312 	 0.064988 	 0.066164
  432 	 0.003127 	 0.064046 	 0.066164
  433 	 0.000196 	 0.063541 	 0.066164
  434 	 0.006221 	 0.064560 	 0.066164
  435 	 0.018820 	 0.065570 	 0.066164
  436 	 0.009652 	 0.065033 	 0.066164
  437 	 0.007187 	 0.064277 	 0.066164
  438 	 0.000049 	 0.063487 	 0.066164
  439 	 0.000392 	 0.064458 	 0.066164
  440 	 0.000049 	 0.062611 	 0.066164
  441 	 0.000784 	 0.064695 	 0.066164
  442 	 0.000049 	 0.065256 	 0.066164
  443 	 0.012614 	 0.064430 	 0.066164
  444 	 0.009652 	 0.063841 	 0.066164
  445 	 0.018820 	 0.064898 	 0.066164
  446 	 0.000392 	 0.065146 	 0.066164
  447 	 0.000392 	 0.063093 	 0.066164
  448 	 0.000098 	 0.063261 	 0.066164
  449 	 0.000392 	 0.065454 	 0.066164
  450 	 0.001568 	 0.065518 	 0.066164
  451 	 0.000784 	 0.064338 	 0.066164
  452 	 0.006221 	 0.064486 	 0.066164
  453 	 0.001566 	 0.064301 	 0.066164
  454 	 0.006226 	 0.065460 	 0.066164
  455 	 0.030349 	 0.065493 	 0.066164
  456 	 0.001566 	 0.064117 	 0.066164
  457 	 0.001566 	 0.064645 	 0.066164
  458 	 0.047661 	 0.065776 	 0.066164
  459 	 0.000392 	 0.063997 	 0.066164
  460 	 0.009652 	 0.065513 	 0.066164
  461 	 0.012614 	 0.065154 	 0.066164
  462 	 0.056604 	 0.065988 	 0.066164
  463 	 0.034555 	 0.065676 	 0.066164
  464 	 0.006221 	 0.064420 	 0.066164
  465 	 0.000098 	 0.063570 	 0.066164
  466 	 0.000049 	 0.065433 	 0.066164
  467 	 0.006221 	 0.065134 	 0.066164
  468 	 0.060372 	 0.065996 	 0.066164
  469 	 0.036129 	 0.065493 	 0.066164
  470 	 0.003127 	 0.063891 	 0.066164
  471 	 0.000392 	 0.064598 	 0.066164
  472 	 0.000049 	 0.062752 	 0.066164
  473 	 0.000049 	 0.063580 	 0.066164
  474 	 0.030088 	 0.065163 	 0.066164
  475 	 0.001567 	 0.062918 	 0.066164
  476 	 0.000196 	 0.064868 	 0.066164
  477 	 0.030070 	 0.065074 	 0.066164
  478 	 0.012614 	 0.064988 	 0.066164
  479 	 0.000196 	 0.064144 	 0.066164
  480 	 0.000196 	 0.064445 	 0.066164
  481 	 0.000392 	 0.063756 	 0.066164
  482 	 0.009652 	 0.065450 	 0.066164
  483 	 0.012239 	 0.064778 	 0.066164
  484 	 0.000196 	 0.065121 	 0.066164
  485 	 0.023757 	 0.065157 	 0.066164
  486 	 0.009652 	 0.064696 	 0.066164
  487 	 0.000392 	 0.063648 	 0.066164
  488 	 0.000392 	 0.065133 	 0.066164
  489 	 0.000098 	 0.064326 	 0.066164
  490 	 0.000196 	 0.065102 	 0.066164
  491 	 0.000784 	 0.063896 	 0.066164
  492 	 0.000196 	 0.063628 	 0.066164
  493 	 0.017312 	 0.064812 	 0.066164
  494 	 0.018820 	 0.065360 	 0.066164
  495 	 0.009652 	 0.064773 	 0.066164
  496 	 0.009652 	 0.064967 	 0.066164
  497 	 0.000049 	 0.064088 	 0.066164
  498 	 0.000196 	 0.065267 	 0.066164
  499 	 0.009652 	 0.065294 	 0.066164
 