   0 	 0.000049 	 0.000329 	 0.004574
    1 	 0.000056 	 0.001086 	 0.020934
    2 	 0.000172 	 0.001441 	 0.015315
    3 	 0.000050 	 0.002489 	 0.024152
    4 	 0.000101 	 0.004879 	 0.024452
    5 	 0.000049 	 0.006931 	 0.024152
    6 	 0.003100 	 0.010841 	 0.034203
    7 	 0.003754 	 0.014897 	 0.034445
    8 	 0.000751 	 0.016775 	 0.033803
    9 	 0.000049 	 0.017342 	 0.029964
   10 	 0.001568 	 0.020937 	 0.030512
   11 	 0.000049 	 0.023406 	 0.030512
   12 	 0.017803 	 0.025099 	 0.030708
   13 	 0.000390 	 0.024191 	 0.029964
   14 	 0.000049 	 0.024801 	 0.031771
   15 	 0.000049 	 0.026100 	 0.033359
   16 	 0.001540 	 0.025244 	 0.033629
   17 	 0.012543 	 0.026531 	 0.033629
   18 	 0.011498 	 0.027284 	 0.033834
   19 	 0.001535 	 0.028214 	 0.033842
   20 	 0.005691 	 0.028149 	 0.033971
   21 	 0.011166 	 0.030523 	 0.034660
   22 	 0.006480 	 0.031663 	 0.034691
   23 	 0.013808 	 0.033220 	 0.035668
   24 	 0.011387 	 0.033698 	 0.037657
   25 	 0.001565 	 0.033608 	 0.036758
   26 	 0.008864 	 0.034069 	 0.037271
   27 	 0.007868 	 0.035015 	 0.038725
   28 	 0.010025 	 0.035993 	 0.038462
   29 	 0.000049 	 0.036076 	 0.038593
   30 	 0.026103 	 0.037001 	 0.041322
   31 	 0.000390 	 0.036790 	 0.041963
   32 	 0.000098 	 0.037812 	 0.042190
   33 	 0.000049 	 0.038223 	 0.042190
   34 	 0.037688 	 0.040174 	 0.042128
   35 	 0.039267 	 0.041202 	 0.042241
   36 	 0.000049 	 0.040931 	 0.044493
   37 	 0.011869 	 0.041189 	 0.044986
   38 	 0.007084 	 0.041293 	 0.044986
   39 	 0.000196 	 0.041630 	 0.044986
   40 	 0.000049 	 0.041277 	 0.045834
   41 	 0.021538 	 0.043416 	 0.045830
   42 	 0.000391 	 0.043445 	 0.045830
   43 	 0.001556 	 0.044176 	 0.046385
   44 	 0.011303 	 0.044673 	 0.046385
   45 	 0.000098 	 0.044555 	 0.046385
   46 	 0.044823 	 0.045567 	 0.046417
   47 	 0.006224 	 0.045057 	 0.046433
   48 	 0.000098 	 0.044916 	 0.046863
   49 	 0.045130 	 0.046125 	 0.047249
   50 	 0.009654 	 0.045640 	 0.047530
   51 	 0.003117 	 0.045245 	 0.047530
   52 	 0.000098 	 0.045520 	 0.048201
   53 	 0.000049 	 0.045550 	 0.048162
   54 	 0.016160 	 0.046600 	 0.048305
   55 	 0.009243 	 0.046861 	 0.048319
   56 	 0.006181 	 0.046376 	 0.048936
   57 	 0.037294 	 0.047863 	 0.049079
   58 	 0.022143 	 0.047693 	 0.049186
   59 	 0.000049 	 0.046012 	 0.049296
   60 	 0.011782 	 0.048055 	 0.049296
   61 	 0.000098 	 0.047288 	 0.049361
   62 	 0.000196 	 0.047483 	 0.049361
   63 	 0.000196 	 0.047547 	 0.049298
   64 	 0.016505 	 0.048319 	 0.049372
   65 	 0.006968 	 0.048363 	 0.049372
   66 	 0.000196 	 0.048377 	 0.049376
   67 	 0.000196 	 0.047430 	 0.049548
   68 	 0.000783 	 0.048339 	 0.049548
   69 	 0.006294 	 0.047770 	 0.049549
   70 	 0.035210 	 0.049142 	 0.049549
   71 	 0.016308 	 0.048705 	 0.049580
   72 	 0.000049 	 0.047895 	 0.049580
   73 	 0.009908 	 0.049069 	 0.049580
   74 	 0.046221 	 0.049474 	 0.049582
   75 	 0.000098 	 0.047635 	 0.049585
   76 	 0.000098 	 0.047316 	 0.049587
   77 	 0.000049 	 0.047972 	 0.049627
   78 	 0.009309 	 0.048586 	 0.049627
   79 	 0.022096 	 0.049247 	 0.049629
   80 	 0.000392 	 0.047065 	 0.049641
   81 	 0.000392 	 0.047763 	 0.049662
   82 	 0.019608 	 0.048966 	 0.049664
   83 	 0.043758 	 0.049570 	 0.049664
   84 	 0.021981 	 0.049352 	 0.049720
   85 	 0.000196 	 0.048003 	 0.049728
   86 	 0.000783 	 0.047134 	 0.049735
   87 	 0.000392 	 0.048725 	 0.049778
   88 	 0.000049 	 0.048387 	 0.049795
   89 	 0.000049 	 0.047439 	 0.049795
   90 	 0.044263 	 0.049650 	 0.049795
   91 	 0.025059 	 0.049370 	 0.049795
   92 	 0.049684 	 0.049769 	 0.049797
   93 	 0.013097 	 0.049405 	 0.049848
   94 	 0.009231 	 0.049319 	 0.049857
   95 	 0.000196 	 0.049220 	 0.049847
   96 	 0.021683 	 0.049496 	 0.049847
   97 	 0.039140 	 0.049716 	 0.049848
   98 	 0.027021 	 0.049468 	 0.049863
   99 	 0.001565 	 0.048634 	 0.049863
  100 	 0.006962 	 0.049019 	 0.049863
  101 	 0.000049 	 0.047433 	 0.049879
  102 	 0.006257 	 0.048844 	 0.049864
  103 	 0.016392 	 0.049225 	 0.049864
  104 	 0.000098 	 0.048955 	 0.049865
  105 	 0.006954 	 0.048821 	 0.049875
  106 	 0.000098 	 0.048864 	 0.049884
  107 	 0.000098 	 0.048480 	 0.049885
  108 	 0.009837 	 0.049240 	 0.049897
  109 	 0.009600 	 0.048542 	 0.049899
  110 	 0.001564 	 0.049197 	 0.049899
  111 	 0.012026 	 0.049259 	 0.049902
  112 	 0.006262 	 0.049341 	 0.049901
  113 	 0.019550 	 0.049321 	 0.049902
  114 	 0.000196 	 0.046876 	 0.049902
  115 	 0.013014 	 0.049057 	 0.049902
  116 	 0.000097 	 0.048686 	 0.049904
  117 	 0.006263 	 0.048699 	 0.049904
  118 	 0.012020 	 0.048954 	 0.049904
  119 	 0.013011 	 0.049522 	 0.049904
  120 	 0.030006 	 0.049471 	 0.049904
  121 	 0.027141 	 0.049295 	 0.049904
  122 	 0.034823 	 0.049461 	 0.049904
  123 	 0.016461 	 0.049245 	 0.049904
  124 	 0.000196 	 0.047817 	 0.049909
  125 	 0.000783 	 0.048555 	 0.049909
  126 	 0.021961 	 0.049443 	 0.049909
  127 	 0.000098 	 0.049247 	 0.049909
  128 	 0.000392 	 0.049277 	 0.049909
  129 	 0.019536 	 0.049503 	 0.049910
  130 	 0.000049 	 0.048465 	 0.049910
  131 	 0.017651 	 0.049393 	 0.049910
  132 	 0.047787 	 0.049883 	 0.049942
  133 	 0.046733 	 0.049876 	 0.049942
  134 	 0.000196 	 0.048498 	 0.049942
  135 	 0.000783 	 0.049097 	 0.049943
  136 	 0.021965 	 0.049568 	 0.049944
  137 	 0.027176 	 0.049540 	 0.049944
  138 	 0.000049 	 0.049309 	 0.049944
  139 	 0.000783 	 0.049033 	 0.049944
  140 	 0.047429 	 0.049911 	 0.049944
  141 	 0.033054 	 0.049550 	 0.049944
  142 	 0.000049 	 0.048511 	 0.049944
  143 	 0.003119 	 0.048951 	 0.049944
  144 	 0.006956 	 0.049069 	 0.049945
  145 	 0.000783 	 0.048772 	 0.049945
  146 	 0.011997 	 0.049124 	 0.049945
  147 	 0.000783 	 0.049279 	 0.049945
  148 	 0.046430 	 0.049905 	 0.049946
  149 	 0.000049 	 0.048142 	 0.049946
  150 	 0.025304 	 0.049604 	 0.049946
  151 	 0.000196 	 0.047202 	 0.049946
  152 	 0.009272 	 0.049327 	 0.049946
  153 	 0.041363 	 0.049848 	 0.049946
  154 	 0.000049 	 0.049070 	 0.049946
  155 	 0.017617 	 0.049276 	 0.049946
  156 	 0.003119 	 0.048612 	 0.049946
  157 	 0.003119 	 0.049011 	 0.049946
  158 	 0.000049 	 0.047137 	 0.049946
  159 	 0.006267 	 0.048884 	 0.049946
  160 	 0.003119 	 0.048735 	 0.049946
  161 	 0.000098 	 0.048947 	 0.049946
  162 	 0.013020 	 0.049503 	 0.049946
  163 	 0.000392 	 0.048195 	 0.049946
  164 	 0.000392 	 0.048828 	 0.049946
  165 	 0.000783 	 0.049408 	 0.049946
  166 	 0.000196 	 0.049013 	 0.049946
  167 	 0.000783 	 0.049056 	 0.049946
  168 	 0.000098 	 0.048592 	 0.049946
  169 	 0.049050 	 0.049923 	 0.049946
  170 	 0.019487 	 0.049626 	 0.049946
  171 	 0.012005 	 0.049256 	 0.049946
  172 	 0.037706 	 0.049465 	 0.049946
  173 	 0.000049 	 0.048537 	 0.049946
  174 	 0.001564 	 0.048971 	 0.049946
  175 	 0.034736 	 0.049707 	 0.049946
  176 	 0.004879 	 0.049268 	 0.049946
  177 	 0.033127 	 0.049676 	 0.049946
  178 	 0.000783 	 0.048994 	 0.049946
  179 	 0.019486 	 0.049562 	 0.049946
  180 	 0.006957 	 0.049099 	 0.049946
  181 	 0.006957 	 0.049511 	 0.049946
  182 	 0.013025 	 0.048510 	 0.049946
  183 	 0.029941 	 0.049724 	 0.049946
  184 	 0.000783 	 0.048169 	 0.049946
  185 	 0.000783 	 0.048614 	 0.049946
  186 	 0.000049 	 0.049022 	 0.049946
  187 	 0.047451 	 0.049854 	 0.049946
  188 	 0.038934 	 0.049822 	 0.049946
  189 	 0.029921 	 0.049631 	 0.049946
  190 	 0.001577 	 0.049459 	 0.049946
  191 	 0.001564 	 0.048801 	 0.049946
  192 	 0.001564 	 0.049094 	 0.049946
  193 	 0.000392 	 0.049442 	 0.049946
  194 	 0.012000 	 0.049394 	 0.049946
  195 	 0.037737 	 0.049670 	 0.049946
  196 	 0.013028 	 0.049191 	 0.049946
  197 	 0.009814 	 0.048973 	 0.049946
  198 	 0.041357 	 0.049781 	 0.049946
  199 	 0.016503 	 0.049387 	 0.049946
  200 	 0.007049 	 0.048977 	 0.049946
  201 	 0.016503 	 0.049508 	 0.049946
  202 	 0.000049 	 0.048506 	 0.049946
  203 	 0.017606 	 0.049252 	 0.049946
  204 	 0.000783 	 0.049128 	 0.049946
  205 	 0.000392 	 0.048696 	 0.049946
  206 	 0.000196 	 0.048729 	 0.049946
  207 	 0.000194 	 0.049003 	 0.049946
  208 	 0.000049 	 0.048577 	 0.049946
  209 	 0.047462 	 0.049887 	 0.049946
  210 	 0.001411 	 0.048540 	 0.049946
  211 	 0.006268 	 0.049494 	 0.049946
  212 	 0.000098 	 0.049294 	 0.049946
  213 	 0.009818 	 0.049510 	 0.049946
  214 	 0.033079 	 0.049767 	 0.049946
  215 	 0.000098 	 0.049089 	 0.049946
  216 	 0.025321 	 0.049505 	 0.049946
  217 	 0.001564 	 0.049451 	 0.049946
  218 	 0.034731 	 0.049589 	 0.049946
  219 	 0.009277 	 0.049331 	 0.049946
  220 	 0.012004 	 0.049308 	 0.049946
  221 	 0.001564 	 0.049350 	 0.049946
  222 	 0.000049 	 0.049301 	 0.049946
  223 	 0.000196 	 0.048651 	 0.049946
  224 	 0.021920 	 0.049663 	 0.049946
  225 	 0.046789 	 0.049857 	 0.049946
  226 	 0.000098 	 0.049171 	 0.049946
  227 	 0.000098 	 0.048060 	 0.049946
  228 	 0.006267 	 0.049487 	 0.049946
  229 	 0.000098 	 0.049404 	 0.049946
  230 	 0.043916 	 0.049870 	 0.049946
  231 	 0.000049 	 0.049143 	 0.049946
  232 	 0.013025 	 0.049170 	 0.049946
  233 	 0.021920 	 0.049189 	 0.049946
  234 	 0.000098 	 0.049355 	 0.049946
  235 	 0.000049 	 0.049111 	 0.049946
  236 	 0.012004 	 0.049449 	 0.049946
  237 	 0.025321 	 0.049627 	 0.049946
  238 	 0.000098 	 0.049284 	 0.049946
  239 	 0.000049 	 0.047484 	 0.049946
  240 	 0.000392 	 0.049007 	 0.049946
  241 	 0.019483 	 0.049336 	 0.049946
  242 	 0.034726 	 0.049760 	 0.049946
  243 	 0.000098 	 0.048706 	 0.049946
  244 	 0.000783 	 0.048772 	 0.049946
  245 	 0.000049 	 0.049013 	 0.049946
  246 	 0.001564 	 0.046956 	 0.049946
  247 	 0.012004 	 0.049130 	 0.049946
  248 	 0.000196 	 0.049058 	 0.049946
  249 	 0.009277 	 0.049050 	 0.049946
  250 	 0.012004 	 0.049492 	 0.049946
  251 	 0.000098 	 0.048269 	 0.049946
  252 	 0.009817 	 0.049203 	 0.049946
  253 	 0.000049 	 0.049238 	 0.049946
  254 	 0.000049 	 0.048804 	 0.049946
  255 	 0.009277 	 0.049479 	 0.049946
  256 	 0.006267 	 0.049315 	 0.049946
  257 	 0.006267 	 0.049356 	 0.049946
  258 	 0.000098 	 0.049136 	 0.049946
  259 	 0.000049 	 0.049420 	 0.049946
  260 	 0.000049 	 0.048723 	 0.049946
  261 	 0.000098 	 0.048727 	 0.049946
  262 	 0.000392 	 0.048774 	 0.049946
  263 	 0.006267 	 0.049250 	 0.049946
  264 	 0.000392 	 0.048395 	 0.049946
  265 	 0.019483 	 0.049210 	 0.049946
  266 	 0.019483 	 0.048997 	 0.049946
  267 	 0.048807 	 0.049908 	 0.049946
  268 	 0.044329 	 0.049889 	 0.049946
  269 	 0.000783 	 0.049091 	 0.049946
  270 	 0.000098 	 0.048633 	 0.049946
  271 	 0.019483 	 0.049336 	 0.049946
  272 	 0.000049 	 0.049179 	 0.049946
  273 	 0.033111 	 0.049735 	 0.049946
  274 	 0.001564 	 0.048618 	 0.049946
  275 	 0.000098 	 0.048405 	 0.049946
  276 	 0.037716 	 0.049747 	 0.049946
  277 	 0.000783 	 0.049050 	 0.049946
  278 	 0.000049 	 0.048798 	 0.049946
  279 	 0.003125 	 0.048766 	 0.049946
  280 	 0.000049 	 0.047682 	 0.049946
  281 	 0.009277 	 0.049264 	 0.049946
  282 	 0.001564 	 0.048440 	 0.049946
  283 	 0.006267 	 0.048684 	 0.049946
  284 	 0.017614 	 0.049526 	 0.049946
  285 	 0.027223 	 0.049705 	 0.049946
  286 	 0.033111 	 0.049756 	 0.049946
  287 	 0.037716 	 0.049715 	 0.049946
  288 	 0.000098 	 0.048909 	 0.049946
  289 	 0.049871 	 0.049944 	 0.049946
  290 	 0.006958 	 0.049379 	 0.049946
  291 	 0.000098 	 0.049289 	 0.049946
  292 	 0.000098 	 0.048157 	 0.049946
  293 	 0.001564 	 0.048544 	 0.049946
  294 	 0.000098 	 0.047781 	 0.049946
  295 	 0.044329 	 0.049774 	 0.049946
  296 	 0.000392 	 0.049139 	 0.049946
  297 	 0.000098 	 0.048933 	 0.049946
  298 	 0.021918 	 0.049454 	 0.049946
  299 	 0.000392 	 0.048814 	 0.049946
  300 	 0.006267 	 0.048483 	 0.049946
  301 	 0.012004 	 0.049031 	 0.049946
  302 	 0.047736 	 0.049922 	 0.049946
  303 	 0.009817 	 0.049480 	 0.049946
  304 	 0.009277 	 0.048949 	 0.049946
  305 	 0.006267 	 0.048870 	 0.049946
  306 	 0.000392 	 0.048243 	 0.049946
  307 	 0.000098 	 0.047657 	 0.049946
  308 	 0.000392 	 0.047999 	 0.049946
  309 	 0.000098 	 0.048277 	 0.049946
  310 	 0.013025 	 0.048752 	 0.049946
  311 	 0.000049 	 0.048505 	 0.049946
  312 	 0.027223 	 0.049618 	 0.049946
  313 	 0.049420 	 0.049934 	 0.049946
  314 	 0.019483 	 0.049143 	 0.049946
  315 	 0.012004 	 0.048746 	 0.049946
  316 	 0.006267 	 0.048177 	 0.049946
  317 	 0.000196 	 0.048628 	 0.049946
  318 	 0.006267 	 0.049355 	 0.049946
  319 	 0.006944 	 0.048085 	 0.049946
  320 	 0.012004 	 0.048828 	 0.049946
  321 	 0.000049 	 0.048981 	 0.049946
  322 	 0.019501 	 0.049575 	 0.049946
  323 	 0.000098 	 0.047624 	 0.049946
  324 	 0.000783 	 0.048420 	 0.049946
  325 	 0.036460 	 0.049680 	 0.049946
  326 	 0.000049 	 0.049120 	 0.049946
  327 	 0.000392 	 0.049295 	 0.049946
  328 	 0.000783 	 0.048728 	 0.049946
  329 	 0.000098 	 0.048937 	 0.049946
  330 	 0.009817 	 0.048246 	 0.049946
  331 	 0.000049 	 0.048642 	 0.049946
  332 	 0.029943 	 0.049693 	 0.049946
  333 	 0.009277 	 0.049125 	 0.049946
  334 	 0.012004 	 0.048708 	 0.049946
  335 	 0.000098 	 0.048562 	 0.049946
  336 	 0.013025 	 0.049235 	 0.049946
  337 	 0.006267 	 0.048923 	 0.049946
  338 	 0.000049 	 0.047962 	 0.049946
  339 	 0.001564 	 0.048346 	 0.049946
  340 	 0.001564 	 0.049289 	 0.049946
  341 	 0.000196 	 0.047027 	 0.049946
  342 	 0.025319 	 0.049352 	 0.049946
  343 	 0.000196 	 0.048703 	 0.049946
  344 	 0.000196 	 0.049448 	 0.049946
  345 	 0.012004 	 0.048875 	 0.049946
  346 	 0.017614 	 0.049368 	 0.049946
  347 	 0.000196 	 0.048901 	 0.049946
  348 	 0.027223 	 0.049477 	 0.049946
  349 	 0.036460 	 0.049661 	 0.049946
  350 	 0.000392 	 0.048617 	 0.049946
  351 	 0.021918 	 0.048990 	 0.049946
  352 	 0.009277 	 0.049420 	 0.049946
  353 	 0.001564 	 0.048763 	 0.049946
  354 	 0.000196 	 0.048680 	 0.049946
  355 	 0.006957 	 0.048945 	 0.049946
  356 	 0.009817 	 0.048751 	 0.049946
  357 	 0.000098 	 0.048412 	 0.049946
  358 	 0.009277 	 0.048853 	 0.049946
  359 	 0.021918 	 0.049309 	 0.049946
  360 	 0.041383 	 0.049730 	 0.049946
  361 	 0.012004 	 0.049522 	 0.049946
  362 	 0.003118 	 0.047894 	 0.049946
  363 	 0.019457 	 0.049405 	 0.049946
  364 	 0.006267 	 0.048667 	 0.049946
  365 	 0.000049 	 0.048544 	 0.049946
  366 	 0.000049 	 0.048578 	 0.049946
  367 	 0.017614 	 0.049288 	 0.049946
  368 	 0.016496 	 0.049451 	 0.049946
  369 	 0.003125 	 0.049108 	 0.049946
  370 	 0.017614 	 0.049261 	 0.049946
  371 	 0.000049 	 0.048204 	 0.049946
  372 	 0.041383 	 0.049605 	 0.049946
  373 	 0.001564 	 0.049410 	 0.049946
  374 	 0.000098 	 0.048962 	 0.049946
  375 	 0.000196 	 0.048195 	 0.049946
  376 	 0.000783 	 0.049380 	 0.049946
  377 	 0.027223 	 0.049628 	 0.049946
  378 	 0.047451 	 0.049874 	 0.049946
  379 	 0.017614 	 0.049261 	 0.049946
  380 	 0.033111 	 0.049556 	 0.049946
  381 	 0.003118 	 0.048669 	 0.049946
  382 	 0.000196 	 0.048927 	 0.049946
  383 	 0.047451 	 0.049898 	 0.049946
  384 	 0.009277 	 0.048995 	 0.049946
  385 	 0.006957 	 0.048089 	 0.049946
  386 	 0.000392 	 0.048821 	 0.049946
  387 	 0.006267 	 0.049419 	 0.049946
  388 	 0.009817 	 0.049208 	 0.049946
  389 	 0.006267 	 0.049475 	 0.049946
  390 	 0.003118 	 0.049448 	 0.049946
  391 	 0.000783 	 0.048204 	 0.049946
  392 	 0.006267 	 0.048031 	 0.049946
  393 	 0.001564 	 0.048821 	 0.049946
  394 	 0.000392 	 0.048337 	 0.049946
  395 	 0.047201 	 0.049890 	 0.049946
  396 	 0.021918 	 0.049184 	 0.049946
  397 	 0.000049 	 0.048210 	 0.049946
  398 	 0.000049 	 0.048534 	 0.049946
  399 	 0.000049 	 0.048443 	 0.049946
  400 	 0.019483 	 0.049561 	 0.049946
  401 	 0.003118 	 0.048297 	 0.049946
  402 	 0.000049 	 0.048053 	 0.049946
  403 	 0.000097 	 0.048769 	 0.049946
  404 	 0.037716 	 0.049800 	 0.049946
  405 	 0.043468 	 0.049799 	 0.049946
  406 	 0.000392 	 0.049329 	 0.049946
  407 	 0.037716 	 0.049812 	 0.049946
  408 	 0.012004 	 0.049097 	 0.049946
  409 	 0.006957 	 0.049035 	 0.049946
  410 	 0.000196 	 0.048748 	 0.049946
  411 	 0.047724 	 0.049906 	 0.049946
  412 	 0.000098 	 0.048639 	 0.049946
  413 	 0.000196 	 0.048143 	 0.049946
  414 	 0.003118 	 0.049474 	 0.049946
  415 	 0.033111 	 0.049722 	 0.049946
  416 	 0.012004 	 0.049469 	 0.049946
  417 	 0.017614 	 0.049305 	 0.049946
  418 	 0.000049 	 0.047220 	 0.049946
  419 	 0.000783 	 0.048388 	 0.049946
  420 	 0.009277 	 0.049487 	 0.049946
  421 	 0.000098 	 0.048596 	 0.049946
  422 	 0.006253 	 0.049396 	 0.049946
  423 	 0.000196 	 0.049172 	 0.049946
  424 	 0.009817 	 0.049317 	 0.049946
  425 	 0.006267 	 0.049447 	 0.049946
  426 	 0.000098 	 0.049375 	 0.049946
  427 	 0.022033 	 0.049580 	 0.049946
  428 	 0.000098 	 0.048682 	 0.049946
  429 	 0.009817 	 0.049194 	 0.049946
  430 	 0.000784 	 0.049316 	 0.049946
  431 	 0.000783 	 0.049166 	 0.049946
  432 	 0.000392 	 0.048421 	 0.049946
  433 	 0.001564 	 0.049328 	 0.049946
  434 	 0.000783 	 0.048874 	 0.049946
  435 	 0.003118 	 0.048934 	 0.049946
  436 	 0.016496 	 0.048256 	 0.049946
  437 	 0.027223 	 0.049419 	 0.049946
  438 	 0.021918 	 0.049490 	 0.049946
  439 	 0.006318 	 0.049039 	 0.049946
  440 	 0.009817 	 0.048859 	 0.049946
  441 	 0.034726 	 0.049744 	 0.049946
  442 	 0.000049 	 0.047869 	 0.049946
  443 	 0.048807 	 0.049916 	 0.049946
  444 	 0.047451 	 0.049884 	 0.049946
  445 	 0.025319 	 0.049652 	 0.049946
  446 	 0.006957 	 0.049487 	 0.049946
  447 	 0.000783 	 0.049432 	 0.049946
  448 	 0.033347 	 0.049268 	 0.049946
  449 	 0.006267 	 0.048697 	 0.049946
  450 	 0.009277 	 0.049247 	 0.049946
  451 	 0.000392 	 0.049326 	 0.049946
  452 	 0.044329 	 0.049887 	 0.049946
  453 	 0.000098 	 0.048567 	 0.049946
  454 	 0.010754 	 0.049311 	 0.049946
  455 	 0.015480 	 0.048799 	 0.049946
  456 	 0.049935 	 0.049946 	 0.049946
  457 	 0.006267 	 0.048276 	 0.049946
  458 	 0.017614 	 0.049251 	 0.049946
  459 	 0.034726 	 0.049674 	 0.049946
  460 	 0.019483 	 0.049440 	 0.049946
  461 	 0.000196 	 0.048582 	 0.049946
  462 	 0.016496 	 0.049001 	 0.049946
  463 	 0.036460 	 0.049801 	 0.049946
  464 	 0.025319 	 0.049627 	 0.049946
  465 	 0.017614 	 0.049438 	 0.049946
  466 	 0.000098 	 0.047567 	 0.049946
  467 	 0.006957 	 0.049086 	 0.049946
  468 	 0.000049 	 0.047455 	 0.049946
  469 	 0.025319 	 0.049686 	 0.049946
  470 	 0.006957 	 0.049458 	 0.049946
  471 	 0.000196 	 0.048021 	 0.049946
  472 	 0.036460 	 0.049664 	 0.049946
  473 	 0.000783 	 0.048827 	 0.049946
  474 	 0.000392 	 0.048812 	 0.049946
  475 	 0.000098 	 0.049402 	 0.049946
  476 	 0.012004 	 0.048956 	 0.049946
  477 	 0.033111 	 0.049691 	 0.049946
  478 	 0.021918 	 0.049448 	 0.049946
  479 	 0.000196 	 0.048784 	 0.049946
  480 	 0.012004 	 0.048746 	 0.049946
  481 	 0.000196 	 0.047984 	 0.049946
  482 	 0.003143 	 0.048872 	 0.049946
  483 	 0.000783 	 0.049303 	 0.049946
  484 	 0.019483 	 0.049629 	 0.049946
  485 	 0.006120 	 0.049287 	 0.049946
  486 	 0.000392 	 0.048532 	 0.049946
  487 	 0.027223 	 0.049636 	 0.049946
  488 	 0.000783 	 0.048762 	 0.049946
  489 	 0.000098 	 0.049285 	 0.049946
  490 	 0.049407 	 0.049940 	 0.049946
  491 	 0.000049 	 0.047900 	 0.049946
  492 	 0.037716 	 0.049766 	 0.049946
  493 	 0.016496 	 0.049368 	 0.049946
  494 	 0.013025 	 0.049565 	 0.049946
  495 	 0.017614 	 0.049308 	 0.049946
  496 	 0.009816 	 0.048820 	 0.049946
  497 	 0.019995 	 0.049499 	 0.049946
  498 	 0.000392 	 0.048880 	 0.049946
  499 	 0.000783 	 0.049318 	 0.049946
 