   0 	 0.000050 	 0.000192 	 0.002882
    1 	 0.000093 	 0.000324 	 0.003058
    2 	 0.000061 	 0.000619 	 0.009528
    3 	 0.000055 	 0.000746 	 0.007002
    4 	 0.000458 	 0.001116 	 0.007002
    5 	 0.000092 	 0.001738 	 0.008849
    6 	 0.000050 	 0.002858 	 0.014585
    7 	 0.001390 	 0.004645 	 0.016377
    8 	 0.003228 	 0.006927 	 0.016377
    9 	 0.000097 	 0.008821 	 0.015835
   10 	 0.000193 	 0.009989 	 0.016090
   11 	 0.001413 	 0.010813 	 0.016630
   12 	 0.004779 	 0.012148 	 0.018526
   13 	 0.006244 	 0.013243 	 0.018333
   14 	 0.002852 	 0.014863 	 0.018500
   15 	 0.000049 	 0.015203 	 0.018797
   16 	 0.013332 	 0.016737 	 0.018907
   17 	 0.010599 	 0.017383 	 0.019157
   18 	 0.000049 	 0.017434 	 0.019157
   19 	 0.011971 	 0.018418 	 0.019602
   20 	 0.001540 	 0.018078 	 0.019602
   21 	 0.011761 	 0.018743 	 0.019518
   22 	 0.000196 	 0.018455 	 0.019689
   23 	 0.011049 	 0.018748 	 0.020123
   24 	 0.000196 	 0.018651 	 0.020281
   25 	 0.018552 	 0.019438 	 0.020737
   26 	 0.000779 	 0.019365 	 0.021028
   27 	 0.000098 	 0.019273 	 0.020765
   28 	 0.006150 	 0.019549 	 0.020887
   29 	 0.012598 	 0.020163 	 0.021015
   30 	 0.000098 	 0.019524 	 0.021363
   31 	 0.000781 	 0.020119 	 0.021508
   32 	 0.007026 	 0.020216 	 0.021590
   33 	 0.017144 	 0.021053 	 0.021554
   34 	 0.000098 	 0.020962 	 0.022007
   35 	 0.013657 	 0.021236 	 0.022409
   36 	 0.000391 	 0.021341 	 0.022580
   37 	 0.009196 	 0.021682 	 0.023102
   38 	 0.018239 	 0.022012 	 0.023102
   39 	 0.012983 	 0.021940 	 0.022864
   40 	 0.013380 	 0.022224 	 0.022865
   41 	 0.000391 	 0.022188 	 0.023675
   42 	 0.019849 	 0.022672 	 0.023814
   43 	 0.013964 	 0.022752 	 0.023974
   44 	 0.000098 	 0.022793 	 0.023978
   45 	 0.022607 	 0.023438 	 0.024029
   46 	 0.000782 	 0.023156 	 0.024002
   47 	 0.006460 	 0.023622 	 0.024112
   48 	 0.013102 	 0.023776 	 0.024112
   49 	 0.008401 	 0.023761 	 0.024440
   50 	 0.000391 	 0.023500 	 0.024440
   51 	 0.000196 	 0.023767 	 0.024572
   52 	 0.023185 	 0.024128 	 0.024572
   53 	 0.000196 	 0.023583 	 0.024743
   54 	 0.023874 	 0.024373 	 0.024965
   55 	 0.000049 	 0.024102 	 0.024965
   56 	 0.014390 	 0.024226 	 0.024965
   57 	 0.001538 	 0.024191 	 0.025112
   58 	 0.000799 	 0.024222 	 0.025112
   59 	 0.000774 	 0.024348 	 0.025384
   60 	 0.000098 	 0.024369 	 0.025384
   61 	 0.024485 	 0.024981 	 0.025405
   62 	 0.020184 	 0.025007 	 0.025452
   63 	 0.020360 	 0.025084 	 0.025542
   64 	 0.000098 	 0.024831 	 0.025601
   65 	 0.000098 	 0.025096 	 0.025578
   66 	 0.000049 	 0.025128 	 0.025578
   67 	 0.000098 	 0.025100 	 0.025578
   68 	 0.000098 	 0.024904 	 0.025583
   69 	 0.025330 	 0.025540 	 0.025594
   70 	 0.008980 	 0.025188 	 0.025610
   71 	 0.002999 	 0.025327 	 0.025667
   72 	 0.020132 	 0.025525 	 0.025666
   73 	 0.007918 	 0.025404 	 0.025666
   74 	 0.001535 	 0.025296 	 0.025666
   75 	 0.001535 	 0.024888 	 0.025704
   76 	 0.021072 	 0.025572 	 0.025700
   77 	 0.000777 	 0.025392 	 0.025700
   78 	 0.000098 	 0.025328 	 0.025784
   79 	 0.006810 	 0.025273 	 0.025796
   80 	 0.000196 	 0.025296 	 0.025800
   81 	 0.015578 	 0.025547 	 0.025807
   82 	 0.021045 	 0.025666 	 0.025876
   83 	 0.000196 	 0.025417 	 0.025880
   84 	 0.001534 	 0.025482 	 0.025902
   85 	 0.001537 	 0.025456 	 0.025902
   86 	 0.015451 	 0.025575 	 0.025909
   87 	 0.015166 	 0.025732 	 0.025909
   88 	 0.000049 	 0.025166 	 0.025925
   89 	 0.001539 	 0.025604 	 0.025929
   90 	 0.000049 	 0.025458 	 0.025929
   91 	 0.000098 	 0.025342 	 0.025935
   92 	 0.006540 	 0.025704 	 0.025939
   93 	 0.025438 	 0.025920 	 0.025946
   94 	 0.000776 	 0.025286 	 0.025949
   95 	 0.001536 	 0.025259 	 0.025950
   96 	 0.000390 	 0.025427 	 0.025993
   97 	 0.006836 	 0.025713 	 0.025997
   98 	 0.006549 	 0.025694 	 0.026006
   99 	 0.000776 	 0.025428 	 0.026012
  100 	 0.006828 	 0.025607 	 0.026012
  101 	 0.015239 	 0.025865 	 0.026021
  102 	 0.000776 	 0.025289 	 0.026021
  103 	 0.000049 	 0.025469 	 0.026021
  104 	 0.006596 	 0.025127 	 0.026024
  105 	 0.000098 	 0.025342 	 0.026025
  106 	 0.001535 	 0.025755 	 0.026025
  107 	 0.002999 	 0.025539 	 0.026026
  108 	 0.000776 	 0.025768 	 0.026026
  109 	 0.024918 	 0.026012 	 0.026028
  110 	 0.025654 	 0.026019 	 0.026029
  111 	 0.006841 	 0.025660 	 0.026030
  112 	 0.013064 	 0.025723 	 0.026034
  113 	 0.021521 	 0.025932 	 0.026035
  114 	 0.015609 	 0.025899 	 0.026036
  115 	 0.015393 	 0.025888 	 0.026036
  116 	 0.006585 	 0.025271 	 0.026036
  117 	 0.006585 	 0.025614 	 0.026036
  118 	 0.025860 	 0.026025 	 0.026036
  119 	 0.000196 	 0.025465 	 0.026037
  120 	 0.000390 	 0.024938 	 0.026046
  121 	 0.007965 	 0.025795 	 0.026046
  122 	 0.000390 	 0.025629 	 0.026046
  123 	 0.000775 	 0.025546 	 0.026046
  124 	 0.000196 	 0.025185 	 0.026049
  125 	 0.006581 	 0.025479 	 0.026049
  126 	 0.000098 	 0.025499 	 0.026049
  127 	 0.015389 	 0.025902 	 0.026049
  128 	 0.013112 	 0.025801 	 0.026049
  129 	 0.012682 	 0.025907 	 0.026049
  130 	 0.022118 	 0.025988 	 0.026049
  131 	 0.000802 	 0.025534 	 0.026049
  132 	 0.000776 	 0.025646 	 0.026049
  133 	 0.024640 	 0.026018 	 0.026049
  134 	 0.021516 	 0.025982 	 0.026049
  135 	 0.000776 	 0.025350 	 0.026049
  136 	 0.003005 	 0.025782 	 0.026049
  137 	 0.000098 	 0.025189 	 0.026049
  138 	 0.000098 	 0.025477 	 0.026049
  139 	 0.001537 	 0.025273 	 0.026051
  140 	 0.006580 	 0.025847 	 0.026049
  141 	 0.000049 	 0.025749 	 0.026049
  142 	 0.022159 	 0.026001 	 0.026049
  143 	 0.000049 	 0.025430 	 0.026050
  144 	 0.008953 	 0.025682 	 0.026050
  145 	 0.015369 	 0.025910 	 0.026050
  146 	 0.012674 	 0.025639 	 0.026050
  147 	 0.000776 	 0.025414 	 0.026050
  148 	 0.000390 	 0.025654 	 0.026051
  149 	 0.000049 	 0.025637 	 0.026051
  150 	 0.001537 	 0.025451 	 0.026051
  151 	 0.000196 	 0.025547 	 0.026051
  152 	 0.013105 	 0.025848 	 0.026051
  153 	 0.001537 	 0.025487 	 0.026051
  154 	 0.007970 	 0.025643 	 0.026051
  155 	 0.012674 	 0.025582 	 0.026051
  156 	 0.003004 	 0.025471 	 0.026051
  157 	 0.001537 	 0.025785 	 0.026051
  158 	 0.025469 	 0.026033 	 0.026051
  159 	 0.000049 	 0.025465 	 0.026051
  160 	 0.012674 	 0.025866 	 0.026051
  161 	 0.024908 	 0.026027 	 0.026051
  162 	 0.000098 	 0.025532 	 0.026051
  163 	 0.000390 	 0.025748 	 0.026051
  164 	 0.006584 	 0.025822 	 0.026051
  165 	 0.003004 	 0.025448 	 0.026051
  166 	 0.020632 	 0.025938 	 0.026051
  167 	 0.022864 	 0.025980 	 0.026051
  168 	 0.003004 	 0.025696 	 0.026051
  169 	 0.000390 	 0.025479 	 0.026051
  170 	 0.015773 	 0.025774 	 0.026051
  171 	 0.000095 	 0.024872 	 0.026051
  172 	 0.022151 	 0.025938 	 0.026051
  173 	 0.015387 	 0.025866 	 0.026051
  174 	 0.003004 	 0.025610 	 0.026051
  175 	 0.022865 	 0.025998 	 0.026052
  176 	 0.006837 	 0.025835 	 0.026052
  177 	 0.000098 	 0.025735 	 0.026052
  178 	 0.001537 	 0.025573 	 0.026052
  179 	 0.000390 	 0.025397 	 0.026052
  180 	 0.000098 	 0.025536 	 0.026052
  181 	 0.000196 	 0.025721 	 0.026052
  182 	 0.000098 	 0.025128 	 0.026052
  183 	 0.015391 	 0.025878 	 0.026052
  184 	 0.021522 	 0.025987 	 0.026052
  185 	 0.008943 	 0.025834 	 0.026052
  186 	 0.025209 	 0.026041 	 0.026052
  187 	 0.000049 	 0.025456 	 0.026053
  188 	 0.025608 	 0.026047 	 0.026053
  189 	 0.025912 	 0.026050 	 0.026053
  190 	 0.013105 	 0.025831 	 0.026053
  191 	 0.024663 	 0.026013 	 0.026053
  192 	 0.000196 	 0.025321 	 0.026053
  193 	 0.025686 	 0.026045 	 0.026053
  194 	 0.000098 	 0.025237 	 0.026053
  195 	 0.025838 	 0.026049 	 0.026053
  196 	 0.003004 	 0.025722 	 0.026053
  197 	 0.000049 	 0.025736 	 0.026053
  198 	 0.000196 	 0.025364 	 0.026053
  199 	 0.000196 	 0.025504 	 0.026053
  200 	 0.015769 	 0.025846 	 0.026053
  201 	 0.007683 	 0.025701 	 0.026053
  202 	 0.024166 	 0.026003 	 0.026053
  203 	 0.000196 	 0.025718 	 0.026053
  204 	 0.001537 	 0.025643 	 0.026053
  205 	 0.024173 	 0.026014 	 0.026053
  206 	 0.000390 	 0.025598 	 0.026053
  207 	 0.006890 	 0.025705 	 0.026053
  208 	 0.006581 	 0.025728 	 0.026053
  209 	 0.015782 	 0.025895 	 0.026053
  210 	 0.003004 	 0.025755 	 0.026053
  211 	 0.006838 	 0.025613 	 0.026053
  212 	 0.007973 	 0.025543 	 0.026053
  213 	 0.000049 	 0.025622 	 0.026053
  214 	 0.025368 	 0.026045 	 0.026053
  215 	 0.016396 	 0.025863 	 0.026053
  216 	 0.022865 	 0.025992 	 0.026053
  217 	 0.025681 	 0.026048 	 0.026053
  218 	 0.006583 	 0.025787 	 0.026053
  219 	 0.006583 	 0.025267 	 0.026053
  220 	 0.000098 	 0.025705 	 0.026053
  221 	 0.015380 	 0.025928 	 0.026053
  222 	 0.013108 	 0.025710 	 0.026053
  223 	 0.007971 	 0.025625 	 0.026053
  224 	 0.000776 	 0.025306 	 0.026053
  225 	 0.001537 	 0.025452 	 0.026053
  226 	 0.023417 	 0.026010 	 0.026053
  227 	 0.007971 	 0.025784 	 0.026053
  228 	 0.000196 	 0.025605 	 0.026053
  229 	 0.003004 	 0.025813 	 0.026053
  230 	 0.000384 	 0.025454 	 0.026053
  231 	 0.000049 	 0.024531 	 0.026053
  232 	 0.000098 	 0.025571 	 0.026053
  233 	 0.025193 	 0.026028 	 0.026053
  234 	 0.000196 	 0.025611 	 0.026053
  235 	 0.025972 	 0.026052 	 0.026053
  236 	 0.019813 	 0.025936 	 0.026053
  237 	 0.007642 	 0.025814 	 0.026053
  238 	 0.000759 	 0.025658 	 0.026053
  239 	 0.025693 	 0.026049 	 0.026053
  240 	 0.000196 	 0.025760 	 0.026053
  241 	 0.000049 	 0.025536 	 0.026053
  242 	 0.007971 	 0.025824 	 0.026053
  243 	 0.012999 	 0.025540 	 0.026053
  244 	 0.007971 	 0.025568 	 0.026053
  245 	 0.006837 	 0.025638 	 0.026053
  246 	 0.007971 	 0.025601 	 0.026053
  247 	 0.000776 	 0.025601 	 0.026053
  248 	 0.022865 	 0.025998 	 0.026053
  249 	 0.000384 	 0.025584 	 0.026053
  250 	 0.013108 	 0.025879 	 0.026053
  251 	 0.007971 	 0.025696 	 0.026053
  252 	 0.000098 	 0.025775 	 0.026053
  253 	 0.000390 	 0.025524 	 0.026053
  254 	 0.013108 	 0.025856 	 0.026053
  255 	 0.015382 	 0.025887 	 0.026053
  256 	 0.000776 	 0.025689 	 0.026053
  257 	 0.008948 	 0.025879 	 0.026053
  258 	 0.008948 	 0.025849 	 0.026053
  259 	 0.015380 	 0.025836 	 0.026053
  260 	 0.006583 	 0.025797 	 0.026053
  261 	 0.000098 	 0.025690 	 0.026053
  262 	 0.025678 	 0.026048 	 0.026053
  263 	 0.001537 	 0.025688 	 0.026053
  264 	 0.023595 	 0.025990 	 0.026053
  265 	 0.023417 	 0.026022 	 0.026053
  266 	 0.006837 	 0.025828 	 0.026053
  267 	 0.000098 	 0.024765 	 0.026053
  268 	 0.000098 	 0.025048 	 0.026053
  269 	 0.015776 	 0.025900 	 0.026053
  270 	 0.025941 	 0.026048 	 0.026053
  271 	 0.000098 	 0.025495 	 0.026053
  272 	 0.015382 	 0.025868 	 0.026053
  273 	 0.012674 	 0.025802 	 0.026053
  274 	 0.000390 	 0.025508 	 0.026053
  275 	 0.008948 	 0.025685 	 0.026053
  276 	 0.007971 	 0.025622 	 0.026053
  277 	 0.015776 	 0.025856 	 0.026053
  278 	 0.012674 	 0.025911 	 0.026053
  279 	 0.000098 	 0.025532 	 0.026053
  280 	 0.007971 	 0.025849 	 0.026053
  281 	 0.007971 	 0.025742 	 0.026053
  282 	 0.023417 	 0.026010 	 0.026053
  283 	 0.000049 	 0.025617 	 0.026053
  284 	 0.015380 	 0.025741 	 0.026053
  285 	 0.000098 	 0.025495 	 0.026053
  286 	 0.001537 	 0.025497 	 0.026053
  287 	 0.012674 	 0.025600 	 0.026053
  288 	 0.022865 	 0.026015 	 0.026053
  289 	 0.007971 	 0.025637 	 0.026053
  290 	 0.007971 	 0.025617 	 0.026053
  291 	 0.000049 	 0.025411 	 0.026053
  292 	 0.019813 	 0.025969 	 0.026053
  293 	 0.000390 	 0.025324 	 0.026053
  294 	 0.008948 	 0.025741 	 0.026053
  295 	 0.024909 	 0.026032 	 0.026053
  296 	 0.003004 	 0.025138 	 0.026053
  297 	 0.003004 	 0.025713 	 0.026053
  298 	 0.007971 	 0.025638 	 0.026053
  299 	 0.000196 	 0.025040 	 0.026053
  300 	 0.025693 	 0.026048 	 0.026053
  301 	 0.024654 	 0.026029 	 0.026053
  302 	 0.000390 	 0.025714 	 0.026053
  303 	 0.000196 	 0.025153 	 0.026053
  304 	 0.025609 	 0.026040 	 0.026053
  305 	 0.013108 	 0.025907 	 0.026053
  306 	 0.022154 	 0.025996 	 0.026053
  307 	 0.000196 	 0.025563 	 0.026053
  308 	 0.015776 	 0.025923 	 0.026053
  309 	 0.000049 	 0.025452 	 0.026053
  310 	 0.006627 	 0.025704 	 0.026053
  311 	 0.000049 	 0.025792 	 0.026053
  312 	 0.000049 	 0.025602 	 0.026053
  313 	 0.018412 	 0.025880 	 0.026053
  314 	 0.012674 	 0.025759 	 0.026053
  315 	 0.012674 	 0.025611 	 0.026053
  316 	 0.000776 	 0.025662 	 0.026053
  317 	 0.000098 	 0.025536 	 0.026053
  318 	 0.000196 	 0.025475 	 0.026053
  319 	 0.000390 	 0.025733 	 0.026053
  320 	 0.006837 	 0.025572 	 0.026053
  321 	 0.000196 	 0.025460 	 0.026053
  322 	 0.000390 	 0.025639 	 0.026053
  323 	 0.015382 	 0.025862 	 0.026053
  324 	 0.007971 	 0.025697 	 0.026053
  325 	 0.006837 	 0.025664 	 0.026053
  326 	 0.000196 	 0.025410 	 0.026053
  327 	 0.012999 	 0.025779 	 0.026053
  328 	 0.006583 	 0.025322 	 0.026053
  329 	 0.012999 	 0.025727 	 0.026053
  330 	 0.000196 	 0.025380 	 0.026053
  331 	 0.025999 	 0.026051 	 0.026053
  332 	 0.000776 	 0.025414 	 0.026053
  333 	 0.012674 	 0.025905 	 0.026053
  334 	 0.000049 	 0.025586 	 0.026053
  335 	 0.000049 	 0.025078 	 0.026053
  336 	 0.001537 	 0.025550 	 0.026053
  337 	 0.012999 	 0.025838 	 0.026053
  338 	 0.001537 	 0.025611 	 0.026053
  339 	 0.000776 	 0.025311 	 0.026053
  340 	 0.006837 	 0.025721 	 0.026053
  341 	 0.020635 	 0.025978 	 0.026053
  342 	 0.012674 	 0.025836 	 0.026053
  343 	 0.024265 	 0.026021 	 0.026053
  344 	 0.006837 	 0.025648 	 0.026053
  345 	 0.000390 	 0.025329 	 0.026053
  346 	 0.003004 	 0.025673 	 0.026053
  347 	 0.006837 	 0.025814 	 0.026053
  348 	 0.000049 	 0.024969 	 0.026053
  349 	 0.000098 	 0.025191 	 0.026053
  350 	 0.006583 	 0.025423 	 0.026053
  351 	 0.012555 	 0.025853 	 0.026053
  352 	 0.000196 	 0.025693 	 0.026053
  353 	 0.007971 	 0.025629 	 0.026053
  354 	 0.000049 	 0.025726 	 0.026053
  355 	 0.000776 	 0.025705 	 0.026053
  356 	 0.021509 	 0.025910 	 0.026053
  357 	 0.000049 	 0.025729 	 0.026053
  358 	 0.013108 	 0.025786 	 0.026053
  359 	 0.007971 	 0.025796 	 0.026053
  360 	 0.000196 	 0.025327 	 0.026053
  361 	 0.015776 	 0.025941 	 0.026053
  362 	 0.000098 	 0.025575 	 0.026053
  363 	 0.000776 	 0.025585 	 0.026053
  364 	 0.000049 	 0.025366 	 0.026053
  365 	 0.000390 	 0.025782 	 0.026053
  366 	 0.000776 	 0.025340 	 0.026053
  367 	 0.015776 	 0.025867 	 0.026053
  368 	 0.020524 	 0.025997 	 0.026053
  369 	 0.020635 	 0.025952 	 0.026053
  370 	 0.021509 	 0.025964 	 0.026053
  371 	 0.020635 	 0.025988 	 0.026053
  372 	 0.006583 	 0.025799 	 0.026053
  373 	 0.015380 	 0.025623 	 0.026053
  374 	 0.006834 	 0.025696 	 0.026053
  375 	 0.000390 	 0.025385 	 0.026053
  376 	 0.000776 	 0.025136 	 0.026053
  377 	 0.007971 	 0.025865 	 0.026053
  378 	 0.012999 	 0.025765 	 0.026053
  379 	 0.000049 	 0.025246 	 0.026053
  380 	 0.000196 	 0.025411 	 0.026053
  381 	 0.020635 	 0.025947 	 0.026053
  382 	 0.000196 	 0.025518 	 0.026053
  383 	 0.000776 	 0.024785 	 0.026053
  384 	 0.025370 	 0.026042 	 0.026053
  385 	 0.012999 	 0.025614 	 0.026053
  386 	 0.024654 	 0.026038 	 0.026053
  387 	 0.000390 	 0.025433 	 0.026053
  388 	 0.000049 	 0.025299 	 0.026053
  389 	 0.012999 	 0.025643 	 0.026053
  390 	 0.000196 	 0.025393 	 0.026053
  391 	 0.008948 	 0.025671 	 0.026053
  392 	 0.000049 	 0.025318 	 0.026053
  393 	 0.012999 	 0.025894 	 0.026053
  394 	 0.000828 	 0.025253 	 0.026053
  395 	 0.003004 	 0.025654 	 0.026053
  396 	 0.012999 	 0.025868 	 0.026053
  397 	 0.015380 	 0.025762 	 0.026053
  398 	 0.000390 	 0.025612 	 0.026053
  399 	 0.012674 	 0.025869 	 0.026053
  400 	 0.006583 	 0.025818 	 0.026053
  401 	 0.006583 	 0.025624 	 0.026053
  402 	 0.023595 	 0.026015 	 0.026053
  403 	 0.025972 	 0.026051 	 0.026053
  404 	 0.006583 	 0.025720 	 0.026053
  405 	 0.022865 	 0.026012 	 0.026053
  406 	 0.001407 	 0.025649 	 0.026053
  407 	 0.000196 	 0.025743 	 0.026053
  408 	 0.008948 	 0.025837 	 0.026053
  409 	 0.015382 	 0.025882 	 0.026053
  410 	 0.008948 	 0.025839 	 0.026053
  411 	 0.000776 	 0.025591 	 0.026053
  412 	 0.000049 	 0.025270 	 0.026053
  413 	 0.024170 	 0.026027 	 0.026053
  414 	 0.000049 	 0.025427 	 0.026053
  415 	 0.007971 	 0.025799 	 0.026053
  416 	 0.006583 	 0.025838 	 0.026053
  417 	 0.000098 	 0.025557 	 0.026053
  418 	 0.000776 	 0.025570 	 0.026053
  419 	 0.015788 	 0.025817 	 0.026053
  420 	 0.003004 	 0.025731 	 0.026053
  421 	 0.012674 	 0.025708 	 0.026053
  422 	 0.000049 	 0.025545 	 0.026053
  423 	 0.015776 	 0.025949 	 0.026053
  424 	 0.018412 	 0.025962 	 0.026053
  425 	 0.000049 	 0.025068 	 0.026053
  426 	 0.021506 	 0.025995 	 0.026053
  427 	 0.025951 	 0.026050 	 0.026053
  428 	 0.000196 	 0.025489 	 0.026053
  429 	 0.000196 	 0.025716 	 0.026053
  430 	 0.000049 	 0.025613 	 0.026053
  431 	 0.007971 	 0.025594 	 0.026053
  432 	 0.012992 	 0.025864 	 0.026053
  433 	 0.008948 	 0.025625 	 0.026053
  434 	 0.003004 	 0.025617 	 0.026053
  435 	 0.006078 	 0.025224 	 0.026053
  436 	 0.001537 	 0.025595 	 0.026053
  437 	 0.000390 	 0.025515 	 0.026053
  438 	 0.001535 	 0.025572 	 0.026053
  439 	 0.000049 	 0.025539 	 0.026053
  440 	 0.008948 	 0.025638 	 0.026053
  441 	 0.000098 	 0.025442 	 0.026053
  442 	 0.001537 	 0.025426 	 0.026053
  443 	 0.000098 	 0.025510 	 0.026053
  444 	 0.000049 	 0.025421 	 0.026053
  445 	 0.000196 	 0.025794 	 0.026053
  446 	 0.001537 	 0.025726 	 0.026053
  447 	 0.000776 	 0.025772 	 0.026053
  448 	 0.025834 	 0.026049 	 0.026053
  449 	 0.025609 	 0.026042 	 0.026053
  450 	 0.015380 	 0.025926 	 0.026053
  451 	 0.012674 	 0.025713 	 0.026053
  452 	 0.024654 	 0.026038 	 0.026053
  453 	 0.012999 	 0.025886 	 0.026053
  454 	 0.000049 	 0.025025 	 0.026053
  455 	 0.015776 	 0.025882 	 0.026053
  456 	 0.001537 	 0.025751 	 0.026053
  457 	 0.000390 	 0.025344 	 0.026053
  458 	 0.000098 	 0.025413 	 0.026053
  459 	 0.000776 	 0.025589 	 0.026053
  460 	 0.024909 	 0.026035 	 0.026053
  461 	 0.020635 	 0.025974 	 0.026053
  462 	 0.021506 	 0.025978 	 0.026053
  463 	 0.000049 	 0.024978 	 0.026053
  464 	 0.006583 	 0.025777 	 0.026053
  465 	 0.000196 	 0.025135 	 0.026053
  466 	 0.000390 	 0.025756 	 0.026053
  467 	 0.000098 	 0.025416 	 0.026053
  468 	 0.020635 	 0.025981 	 0.026053
  469 	 0.000049 	 0.025603 	 0.026053
  470 	 0.000049 	 0.025500 	 0.026053
  471 	 0.012998 	 0.025786 	 0.026053
  472 	 0.000776 	 0.025751 	 0.026053
  473 	 0.012999 	 0.025845 	 0.026053
  474 	 0.025631 	 0.026042 	 0.026053
  475 	 0.000196 	 0.025459 	 0.026053
  476 	 0.000196 	 0.024904 	 0.026053
  477 	 0.012674 	 0.025830 	 0.026053
  478 	 0.000049 	 0.025586 	 0.026053
  479 	 0.007971 	 0.025818 	 0.026053
  480 	 0.000390 	 0.025388 	 0.026053
  481 	 0.000098 	 0.025023 	 0.026053
  482 	 0.000389 	 0.025745 	 0.026053
  483 	 0.019813 	 0.025976 	 0.026053
  484 	 0.000776 	 0.025595 	 0.026053
  485 	 0.020524 	 0.025964 	 0.026053
  486 	 0.012999 	 0.025851 	 0.026053
  487 	 0.007971 	 0.025706 	 0.026053
  488 	 0.001537 	 0.025611 	 0.026053
  489 	 0.015776 	 0.025885 	 0.026053
  490 	 0.006583 	 0.025439 	 0.026053
  491 	 0.006837 	 0.025784 	 0.026053
  492 	 0.000196 	 0.025306 	 0.026053
  493 	 0.015382 	 0.025930 	 0.026053
  494 	 0.024654 	 0.026031 	 0.026053
  495 	 0.015372 	 0.025646 	 0.026053
  496 	 0.023417 	 0.026009 	 0.026053
  497 	 0.000196 	 0.024860 	 0.026053
  498 	 0.006583 	 0.025830 	 0.026053
  499 	 0.000098 	 0.025397 	 0.026053
 