   0 	 0.000049 	 0.000258 	 0.003968
    1 	 0.000092 	 0.000392 	 0.003969
    2 	 0.000206 	 0.000743 	 0.004244
    3 	 0.000231 	 0.001209 	 0.005934
    4 	 0.000475 	 0.001594 	 0.005934
    5 	 0.001001 	 0.002084 	 0.006414
    6 	 0.000051 	 0.002565 	 0.005935
    7 	 0.000096 	 0.003346 	 0.005943
    8 	 0.000187 	 0.003944 	 0.006414
    9 	 0.002470 	 0.004822 	 0.006414
   10 	 0.003425 	 0.005672 	 0.007652
   11 	 0.004941 	 0.005986 	 0.007652
   12 	 0.001271 	 0.006210 	 0.008754
   13 	 0.000097 	 0.006542 	 0.008755
   14 	 0.000373 	 0.007181 	 0.008827
   15 	 0.000097 	 0.007757 	 0.011009
   16 	 0.004659 	 0.008240 	 0.011792
   17 	 0.000380 	 0.008490 	 0.011607
   18 	 0.000381 	 0.008669 	 0.011357
   19 	 0.005869 	 0.008987 	 0.011357
   20 	 0.000768 	 0.009109 	 0.011357
   21 	 0.008713 	 0.009537 	 0.011786
   22 	 0.008698 	 0.010070 	 0.011417
   23 	 0.010730 	 0.011012 	 0.011654
   24 	 0.000194 	 0.011091 	 0.011966
   25 	 0.000775 	 0.011262 	 0.012440
   26 	 0.010403 	 0.011655 	 0.012458
   27 	 0.000049 	 0.011574 	 0.012556
   28 	 0.011536 	 0.012000 	 0.012635
   29 	 0.006428 	 0.012123 	 0.012635
   30 	 0.007166 	 0.012278 	 0.012674
   31 	 0.007356 	 0.012378 	 0.012750
   32 	 0.000758 	 0.012434 	 0.013945
   33 	 0.000098 	 0.012373 	 0.014015
   34 	 0.007670 	 0.012626 	 0.013945
   35 	 0.000098 	 0.012520 	 0.014025
   36 	 0.001475 	 0.012512 	 0.014025
   37 	 0.007372 	 0.012858 	 0.013974
   38 	 0.000195 	 0.013030 	 0.014059
   39 	 0.010664 	 0.013632 	 0.014055
   40 	 0.000773 	 0.013676 	 0.014151
   41 	 0.001520 	 0.013739 	 0.014151
   42 	 0.000098 	 0.013601 	 0.014180
   43 	 0.000049 	 0.013646 	 0.014270
   44 	 0.000098 	 0.013669 	 0.014270
   45 	 0.013711 	 0.014111 	 0.014513
   46 	 0.000049 	 0.013936 	 0.014567
   47 	 0.000389 	 0.013818 	 0.014567
   48 	 0.013994 	 0.014220 	 0.014567
   49 	 0.000049 	 0.014132 	 0.014570
   50 	 0.000762 	 0.014070 	 0.014620
   51 	 0.000195 	 0.014111 	 0.014652
   52 	 0.014091 	 0.014482 	 0.014757
   53 	 0.000761 	 0.014440 	 0.014764
   54 	 0.010693 	 0.014535 	 0.014764
   55 	 0.000098 	 0.014366 	 0.014794
   56 	 0.006323 	 0.014588 	 0.014794
   57 	 0.003393 	 0.014490 	 0.014796
   58 	 0.013941 	 0.014757 	 0.014806
   59 	 0.000049 	 0.014488 	 0.014806
   60 	 0.007912 	 0.014720 	 0.014806
   61 	 0.005024 	 0.014614 	 0.014809
   62 	 0.005024 	 0.014568 	 0.015569
   63 	 0.000049 	 0.014433 	 0.015569
   64 	 0.000195 	 0.014613 	 0.015569
   65 	 0.003385 	 0.014786 	 0.015569
   66 	 0.005195 	 0.014876 	 0.015582
   67 	 0.000049 	 0.015010 	 0.015582
   68 	 0.000388 	 0.015218 	 0.015587
   69 	 0.006360 	 0.015342 	 0.015598
   70 	 0.003317 	 0.015443 	 0.015604
   71 	 0.015049 	 0.015572 	 0.015604
   72 	 0.000769 	 0.015391 	 0.015609
   73 	 0.001494 	 0.015385 	 0.015609
   74 	 0.000195 	 0.014905 	 0.015616
   75 	 0.000049 	 0.015441 	 0.015616
   76 	 0.012436 	 0.015570 	 0.015616
   77 	 0.000388 	 0.015445 	 0.015618
   78 	 0.009853 	 0.015554 	 0.015618
   79 	 0.008265 	 0.015540 	 0.015620
   80 	 0.004406 	 0.015256 	 0.015621
   81 	 0.013959 	 0.015591 	 0.015621
   82 	 0.000098 	 0.015388 	 0.015621
   83 	 0.004307 	 0.015491 	 0.015622
   84 	 0.012189 	 0.015583 	 0.015622
   85 	 0.003360 	 0.015375 	 0.015622
   86 	 0.000767 	 0.015298 	 0.015622
   87 	 0.001499 	 0.015355 	 0.015622
   88 	 0.001499 	 0.015223 	 0.015645
   89 	 0.011294 	 0.015571 	 0.015645
   90 	 0.000049 	 0.015263 	 0.015675
   91 	 0.005121 	 0.015489 	 0.015675
   92 	 0.000388 	 0.015477 	 0.015698
   93 	 0.011295 	 0.015592 	 0.015697
   94 	 0.000049 	 0.014896 	 0.015697
   95 	 0.001499 	 0.015306 	 0.015697
   96 	 0.015535 	 0.015649 	 0.015698
   97 	 0.000388 	 0.015487 	 0.015698
   98 	 0.000195 	 0.015379 	 0.015701
   99 	 0.000049 	 0.015500 	 0.015702
  100 	 0.006744 	 0.015515 	 0.015702
  101 	 0.003413 	 0.015298 	 0.015702
  102 	 0.000195 	 0.015503 	 0.015702
  103 	 0.014776 	 0.015686 	 0.015703
  104 	 0.008270 	 0.015613 	 0.015703
  105 	 0.003354 	 0.015358 	 0.015707
  106 	 0.000049 	 0.015528 	 0.015707
  107 	 0.001500 	 0.015450 	 0.015707
  108 	 0.000195 	 0.015539 	 0.015707
  109 	 0.005134 	 0.015486 	 0.015707
  110 	 0.012116 	 0.015628 	 0.015707
  111 	 0.014505 	 0.015666 	 0.015707
  112 	 0.012116 	 0.015659 	 0.015707
  113 	 0.000049 	 0.015191 	 0.015707
  114 	 0.000049 	 0.015449 	 0.015707
  115 	 0.013534 	 0.015628 	 0.015707
  116 	 0.015604 	 0.015705 	 0.015707
  117 	 0.000767 	 0.015554 	 0.015710
  118 	 0.001501 	 0.015209 	 0.015712
  119 	 0.015444 	 0.015703 	 0.015712
  120 	 0.005143 	 0.015526 	 0.015712
  121 	 0.000768 	 0.015468 	 0.015712
  122 	 0.000049 	 0.015534 	 0.015712
  123 	 0.000195 	 0.015322 	 0.015712
  124 	 0.012155 	 0.015636 	 0.015714
  125 	 0.000195 	 0.015479 	 0.015714
  126 	 0.003349 	 0.015441 	 0.015714
  127 	 0.015175 	 0.015706 	 0.015714
  128 	 0.006288 	 0.015571 	 0.015714
  129 	 0.000388 	 0.015431 	 0.015714
  130 	 0.009891 	 0.015640 	 0.015714
  131 	 0.000767 	 0.015410 	 0.015714
  132 	 0.015290 	 0.015704 	 0.015714
  133 	 0.012151 	 0.015624 	 0.015714
  134 	 0.015174 	 0.015707 	 0.015714
  135 	 0.000195 	 0.015429 	 0.015714
  136 	 0.000195 	 0.015379 	 0.015714
  137 	 0.000098 	 0.015548 	 0.015714
  138 	 0.014879 	 0.015703 	 0.015714
  139 	 0.000195 	 0.015306 	 0.015714
  140 	 0.000097 	 0.015398 	 0.015714
  141 	 0.015451 	 0.015706 	 0.015714
  142 	 0.010279 	 0.015600 	 0.015714
  143 	 0.000195 	 0.015443 	 0.015714
  144 	 0.006287 	 0.015580 	 0.015714
  145 	 0.011384 	 0.015635 	 0.015714
  146 	 0.012461 	 0.015653 	 0.015714
  147 	 0.001501 	 0.015551 	 0.015714
  148 	 0.006287 	 0.015575 	 0.015714
  149 	 0.014504 	 0.015687 	 0.015714
  150 	 0.001501 	 0.015400 	 0.015716
  151 	 0.001501 	 0.015542 	 0.015716
  152 	 0.000049 	 0.015522 	 0.015716
  153 	 0.012146 	 0.015631 	 0.015716
  154 	 0.014043 	 0.015688 	 0.015716
  155 	 0.000388 	 0.015321 	 0.015716
  156 	 0.011381 	 0.015584 	 0.015716
  157 	 0.010281 	 0.015640 	 0.015716
  158 	 0.012155 	 0.015639 	 0.015716
  159 	 0.000767 	 0.015542 	 0.015716
  160 	 0.008163 	 0.015636 	 0.015716
  161 	 0.000098 	 0.015367 	 0.015716
  162 	 0.000388 	 0.015536 	 0.015716
  163 	 0.011384 	 0.015650 	 0.015716
  164 	 0.000767 	 0.015280 	 0.015716
  165 	 0.009890 	 0.015634 	 0.015716
  166 	 0.013502 	 0.015680 	 0.015716
  167 	 0.000049 	 0.015458 	 0.015716
  168 	 0.000388 	 0.015448 	 0.015716
  169 	 0.015293 	 0.015711 	 0.015716
  170 	 0.013539 	 0.015674 	 0.015716
  171 	 0.014044 	 0.015670 	 0.015716
  172 	 0.000767 	 0.015516 	 0.015716
  173 	 0.013188 	 0.015684 	 0.015716
  174 	 0.000098 	 0.015526 	 0.015716
  175 	 0.001501 	 0.015477 	 0.015716
  176 	 0.015176 	 0.015710 	 0.015716
  177 	 0.000098 	 0.015516 	 0.015716
  178 	 0.014507 	 0.015700 	 0.015716
  179 	 0.000767 	 0.015504 	 0.015716
  180 	 0.000049 	 0.014887 	 0.015716
  181 	 0.003351 	 0.015552 	 0.015716
  182 	 0.012160 	 0.015676 	 0.015716
  183 	 0.000049 	 0.015558 	 0.015716
  184 	 0.000195 	 0.015408 	 0.015716
  185 	 0.015613 	 0.015715 	 0.015716
  186 	 0.009882 	 0.015555 	 0.015716
  187 	 0.000049 	 0.015161 	 0.015716
  188 	 0.000195 	 0.015557 	 0.015716
  189 	 0.000098 	 0.015170 	 0.015716
  190 	 0.000767 	 0.015291 	 0.015716
  191 	 0.010268 	 0.015650 	 0.015716
  192 	 0.005197 	 0.015559 	 0.015716
  193 	 0.014528 	 0.015704 	 0.015716
  194 	 0.000049 	 0.015388 	 0.015716
  195 	 0.000097 	 0.015340 	 0.015716
  196 	 0.012454 	 0.015679 	 0.015716
  197 	 0.015450 	 0.015711 	 0.015716
  198 	 0.000767 	 0.015279 	 0.015716
  199 	 0.006741 	 0.015594 	 0.015716
  200 	 0.000388 	 0.015342 	 0.015716
  201 	 0.005141 	 0.015501 	 0.015716
  202 	 0.003352 	 0.015485 	 0.015716
  203 	 0.012131 	 0.015665 	 0.015716
  204 	 0.000049 	 0.015387 	 0.015716
  205 	 0.008280 	 0.015496 	 0.015716
  206 	 0.000195 	 0.015502 	 0.015716
  207 	 0.012131 	 0.015667 	 0.015716
  208 	 0.006283 	 0.015608 	 0.015716
  209 	 0.014792 	 0.015707 	 0.015716
  210 	 0.006283 	 0.015540 	 0.015716
  211 	 0.008058 	 0.015556 	 0.015716
  212 	 0.000767 	 0.015462 	 0.015716
  213 	 0.000766 	 0.015446 	 0.015716
  214 	 0.001500 	 0.015571 	 0.015716
  215 	 0.000388 	 0.015377 	 0.015716
  216 	 0.000195 	 0.015417 	 0.015716
  217 	 0.012131 	 0.015646 	 0.015716
  218 	 0.014792 	 0.015690 	 0.015716
  219 	 0.000388 	 0.015412 	 0.015716
  220 	 0.008280 	 0.015589 	 0.015716
  221 	 0.000767 	 0.015509 	 0.015716
  222 	 0.000388 	 0.015563 	 0.015716
  223 	 0.008152 	 0.015569 	 0.015716
  224 	 0.005141 	 0.015504 	 0.015716
  225 	 0.000388 	 0.015540 	 0.015716
  226 	 0.000098 	 0.015247 	 0.015716
  227 	 0.000049 	 0.015533 	 0.015716
  228 	 0.000049 	 0.015277 	 0.015716
  229 	 0.015173 	 0.015704 	 0.015716
  230 	 0.011375 	 0.015662 	 0.015716
  231 	 0.012131 	 0.015654 	 0.015716
  232 	 0.012131 	 0.015664 	 0.015716
  233 	 0.009882 	 0.015608 	 0.015716
  234 	 0.000049 	 0.015404 	 0.015716
  235 	 0.006741 	 0.015624 	 0.015716
  236 	 0.014524 	 0.015704 	 0.015716
  237 	 0.001500 	 0.015550 	 0.015716
  238 	 0.000767 	 0.015489 	 0.015716
  239 	 0.014039 	 0.015682 	 0.015716
  240 	 0.006741 	 0.015561 	 0.015716
  241 	 0.011375 	 0.015658 	 0.015716
  242 	 0.006741 	 0.015620 	 0.015716
  243 	 0.000195 	 0.015347 	 0.015716
  244 	 0.000388 	 0.015488 	 0.015716
  245 	 0.015299 	 0.015708 	 0.015716
  246 	 0.000388 	 0.015448 	 0.015716
  247 	 0.003352 	 0.015401 	 0.015716
  248 	 0.000098 	 0.015456 	 0.015716
  249 	 0.000388 	 0.015269 	 0.015716
  250 	 0.000098 	 0.015430 	 0.015716
  251 	 0.013528 	 0.015685 	 0.015716
  252 	 0.014039 	 0.015695 	 0.015716
  253 	 0.000098 	 0.015526 	 0.015716
  254 	 0.000098 	 0.015388 	 0.015716
  255 	 0.000195 	 0.015443 	 0.015716
  256 	 0.000388 	 0.015281 	 0.015716
  257 	 0.000195 	 0.015345 	 0.015716
  258 	 0.000049 	 0.015487 	 0.015716
  259 	 0.008152 	 0.015561 	 0.015716
  260 	 0.000098 	 0.015308 	 0.015716
  261 	 0.000387 	 0.015346 	 0.015716
  262 	 0.008152 	 0.015632 	 0.015716
  263 	 0.000767 	 0.015495 	 0.015716
  264 	 0.014878 	 0.015704 	 0.015716
  265 	 0.005141 	 0.015607 	 0.015716
  266 	 0.000767 	 0.015393 	 0.015716
  267 	 0.000195 	 0.015488 	 0.015716
  268 	 0.012454 	 0.015646 	 0.015716
  269 	 0.000195 	 0.015395 	 0.015716
  270 	 0.000195 	 0.015418 	 0.015716
  271 	 0.000049 	 0.015346 	 0.015716
  272 	 0.000195 	 0.015478 	 0.015716
  273 	 0.000388 	 0.015296 	 0.015716
  274 	 0.000098 	 0.015400 	 0.015716
  275 	 0.000388 	 0.015393 	 0.015716
  276 	 0.001500 	 0.015511 	 0.015716
  277 	 0.000049 	 0.015291 	 0.015716
  278 	 0.000098 	 0.015464 	 0.015716
  279 	 0.015682 	 0.015716 	 0.015716
  280 	 0.000098 	 0.015511 	 0.015716
  281 	 0.006283 	 0.015408 	 0.015716
  282 	 0.001500 	 0.015441 	 0.015716
  283 	 0.009882 	 0.015654 	 0.015716
  284 	 0.000049 	 0.015362 	 0.015716
  285 	 0.015613 	 0.015715 	 0.015716
  286 	 0.012228 	 0.015630 	 0.015716
  287 	 0.000098 	 0.015436 	 0.015716
  288 	 0.005141 	 0.015596 	 0.015716
  289 	 0.012454 	 0.015658 	 0.015716
  290 	 0.003352 	 0.015556 	 0.015716
  291 	 0.011375 	 0.015619 	 0.015716
  292 	 0.001500 	 0.015415 	 0.015716
  293 	 0.011375 	 0.015643 	 0.015716
  294 	 0.003352 	 0.015487 	 0.015716
  295 	 0.005141 	 0.015463 	 0.015716
  296 	 0.000195 	 0.015555 	 0.015716
  297 	 0.009882 	 0.015656 	 0.015716
  298 	 0.000049 	 0.015284 	 0.015716
  299 	 0.015560 	 0.015714 	 0.015716
  300 	 0.012131 	 0.015675 	 0.015716
  301 	 0.001500 	 0.015465 	 0.015716
  302 	 0.008152 	 0.015600 	 0.015716
  303 	 0.003374 	 0.015537 	 0.015716
  304 	 0.005141 	 0.015570 	 0.015716
  305 	 0.001500 	 0.015568 	 0.015716
  306 	 0.000098 	 0.015416 	 0.015716
  307 	 0.011375 	 0.015662 	 0.015716
  308 	 0.015693 	 0.015716 	 0.015716
  309 	 0.000388 	 0.015534 	 0.015716
  310 	 0.000195 	 0.015500 	 0.015716
  311 	 0.006283 	 0.015617 	 0.015716
  312 	 0.010268 	 0.015618 	 0.015716
  313 	 0.003940 	 0.015585 	 0.015716
  314 	 0.000767 	 0.015524 	 0.015716
  315 	 0.005141 	 0.015580 	 0.015716
  316 	 0.000098 	 0.015548 	 0.015716
  317 	 0.006741 	 0.015614 	 0.015716
  318 	 0.000195 	 0.015549 	 0.015716
  319 	 0.014039 	 0.015695 	 0.015716
  320 	 0.006283 	 0.015519 	 0.015716
  321 	 0.000098 	 0.015308 	 0.015716
  322 	 0.009882 	 0.015539 	 0.015716
  323 	 0.000195 	 0.015488 	 0.015716
  324 	 0.000195 	 0.015428 	 0.015716
  325 	 0.003352 	 0.015522 	 0.015716
  326 	 0.003352 	 0.015525 	 0.015716
  327 	 0.000767 	 0.015500 	 0.015716
  328 	 0.001500 	 0.015423 	 0.015716
  329 	 0.005141 	 0.015582 	 0.015716
  330 	 0.013528 	 0.015677 	 0.015716
  331 	 0.000098 	 0.015520 	 0.015716
  332 	 0.000049 	 0.015414 	 0.015716
  333 	 0.014524 	 0.015704 	 0.015716
  334 	 0.008280 	 0.015584 	 0.015716
  335 	 0.009882 	 0.015623 	 0.015716
  336 	 0.000767 	 0.015554 	 0.015716
  337 	 0.006283 	 0.015604 	 0.015716
  338 	 0.000049 	 0.015415 	 0.015716
  339 	 0.000049 	 0.015453 	 0.015716
  340 	 0.009882 	 0.015609 	 0.015716
  341 	 0.013675 	 0.015690 	 0.015716
  342 	 0.000388 	 0.015507 	 0.015716
  343 	 0.000049 	 0.015259 	 0.015716
  344 	 0.000767 	 0.015437 	 0.015716
  345 	 0.003230 	 0.015559 	 0.015716
  346 	 0.000098 	 0.015454 	 0.015716
  347 	 0.013675 	 0.015685 	 0.015716
  348 	 0.000049 	 0.015547 	 0.015716
  349 	 0.005141 	 0.015578 	 0.015716
  350 	 0.015665 	 0.015715 	 0.015716
  351 	 0.000195 	 0.015292 	 0.015716
  352 	 0.008280 	 0.015619 	 0.015716
  353 	 0.012131 	 0.015624 	 0.015716
  354 	 0.008152 	 0.015573 	 0.015716
  355 	 0.000049 	 0.015155 	 0.015716
  356 	 0.000049 	 0.015509 	 0.015716
  357 	 0.006290 	 0.015563 	 0.015716
  358 	 0.014039 	 0.015699 	 0.015716
  359 	 0.012131 	 0.015662 	 0.015716
  360 	 0.000049 	 0.015501 	 0.015716
  361 	 0.014039 	 0.015664 	 0.015716
  362 	 0.001500 	 0.015473 	 0.015716
  363 	 0.006741 	 0.015602 	 0.015716
  364 	 0.000098 	 0.015459 	 0.015716
  365 	 0.011375 	 0.015667 	 0.015716
  366 	 0.000098 	 0.015327 	 0.015716
  367 	 0.000388 	 0.015514 	 0.015716
  368 	 0.001500 	 0.015488 	 0.015716
  369 	 0.000388 	 0.015399 	 0.015716
  370 	 0.008280 	 0.015619 	 0.015716
  371 	 0.000049 	 0.015495 	 0.015716
  372 	 0.000195 	 0.015463 	 0.015716
  373 	 0.000049 	 0.015382 	 0.015716
  374 	 0.005141 	 0.015550 	 0.015716
  375 	 0.000195 	 0.015353 	 0.015716
  376 	 0.003367 	 0.015472 	 0.015716
  377 	 0.015451 	 0.015712 	 0.015716
  378 	 0.000049 	 0.015471 	 0.015716
  379 	 0.000098 	 0.015448 	 0.015716
  380 	 0.000388 	 0.015525 	 0.015716
  381 	 0.009882 	 0.015613 	 0.015716
  382 	 0.000195 	 0.015509 	 0.015716
  383 	 0.006283 	 0.015579 	 0.015716
  384 	 0.001500 	 0.015561 	 0.015716
  385 	 0.000388 	 0.015359 	 0.015716
  386 	 0.000098 	 0.015206 	 0.015716
  387 	 0.014524 	 0.015698 	 0.015716
  388 	 0.000767 	 0.015471 	 0.015716
  389 	 0.001500 	 0.015448 	 0.015716
  390 	 0.006283 	 0.015494 	 0.015716
  391 	 0.000049 	 0.015105 	 0.015716
  392 	 0.005141 	 0.015492 	 0.015716
  393 	 0.000195 	 0.015559 	 0.015716
  394 	 0.014032 	 0.015697 	 0.015716
  395 	 0.000195 	 0.015365 	 0.015716
  396 	 0.000388 	 0.015428 	 0.015716
  397 	 0.000049 	 0.015441 	 0.015716
  398 	 0.003352 	 0.015585 	 0.015716
  399 	 0.003352 	 0.015495 	 0.015716
  400 	 0.006425 	 0.015532 	 0.015716
  401 	 0.000098 	 0.015440 	 0.015716
  402 	 0.000388 	 0.015350 	 0.015716
  403 	 0.000388 	 0.015550 	 0.015716
  404 	 0.000767 	 0.015405 	 0.015716
  405 	 0.000049 	 0.015276 	 0.015716
  406 	 0.013494 	 0.015692 	 0.015716
  407 	 0.011375 	 0.015636 	 0.015716
  408 	 0.000388 	 0.015384 	 0.015716
  409 	 0.000049 	 0.015398 	 0.015716
  410 	 0.009882 	 0.015655 	 0.015716
  411 	 0.000195 	 0.015428 	 0.015716
  412 	 0.001500 	 0.015562 	 0.015716
  413 	 0.008152 	 0.015636 	 0.015716
  414 	 0.000049 	 0.015403 	 0.015716
  415 	 0.000195 	 0.015330 	 0.015716
  416 	 0.000195 	 0.015544 	 0.015716
  417 	 0.001499 	 0.015572 	 0.015716
  418 	 0.000388 	 0.015517 	 0.015716
  419 	 0.000098 	 0.015402 	 0.015716
  420 	 0.000388 	 0.015562 	 0.015716
  421 	 0.013528 	 0.015640 	 0.015716
  422 	 0.015389 	 0.015711 	 0.015716
  423 	 0.001491 	 0.015491 	 0.015716
  424 	 0.014390 	 0.015694 	 0.015716
  425 	 0.003352 	 0.015466 	 0.015716
  426 	 0.001500 	 0.015336 	 0.015716
  427 	 0.005142 	 0.015533 	 0.015716
  428 	 0.000195 	 0.015493 	 0.015716
  429 	 0.005141 	 0.015532 	 0.015716
  430 	 0.000195 	 0.015405 	 0.015716
  431 	 0.015299 	 0.015706 	 0.015716
  432 	 0.000049 	 0.015380 	 0.015716
  433 	 0.014524 	 0.015694 	 0.015716
  434 	 0.000388 	 0.015455 	 0.015716
  435 	 0.015023 	 0.015708 	 0.015716
  436 	 0.001500 	 0.015395 	 0.015716
  437 	 0.012131 	 0.015675 	 0.015716
  438 	 0.000049 	 0.015538 	 0.015716
  439 	 0.000098 	 0.015503 	 0.015716
  440 	 0.010268 	 0.015602 	 0.015716
  441 	 0.009882 	 0.015612 	 0.015716
  442 	 0.015023 	 0.015681 	 0.015716
  443 	 0.000195 	 0.015339 	 0.015716
  444 	 0.003357 	 0.015592 	 0.015716
  445 	 0.005141 	 0.015519 	 0.015716
  446 	 0.000049 	 0.015370 	 0.015716
  447 	 0.012131 	 0.015661 	 0.015716
  448 	 0.000767 	 0.015524 	 0.015716
  449 	 0.001500 	 0.015428 	 0.015716
  450 	 0.011375 	 0.015642 	 0.015716
  451 	 0.014817 	 0.015704 	 0.015716
  452 	 0.003352 	 0.015343 	 0.015716
  453 	 0.003352 	 0.015441 	 0.015716
  454 	 0.000098 	 0.015512 	 0.015716
  455 	 0.003352 	 0.015549 	 0.015716
  456 	 0.001500 	 0.015569 	 0.015716
  457 	 0.014792 	 0.015702 	 0.015716
  458 	 0.006741 	 0.015552 	 0.015716
  459 	 0.000388 	 0.015347 	 0.015716
  460 	 0.003352 	 0.015390 	 0.015716
  461 	 0.015023 	 0.015708 	 0.015716
  462 	 0.000767 	 0.015539 	 0.015716
  463 	 0.011375 	 0.015659 	 0.015716
  464 	 0.014601 	 0.015702 	 0.015716
  465 	 0.003347 	 0.015589 	 0.015716
  466 	 0.000767 	 0.015565 	 0.015716
  467 	 0.000049 	 0.015328 	 0.015716
  468 	 0.014878 	 0.015703 	 0.015716
  469 	 0.006741 	 0.015594 	 0.015716
  470 	 0.001500 	 0.015553 	 0.015716
  471 	 0.001497 	 0.015298 	 0.015716
  472 	 0.000767 	 0.015567 	 0.015716
  473 	 0.006283 	 0.015444 	 0.015716
  474 	 0.005109 	 0.015565 	 0.015716
  475 	 0.009882 	 0.015598 	 0.015716
  476 	 0.001500 	 0.015518 	 0.015716
  477 	 0.001500 	 0.015476 	 0.015716
  478 	 0.000195 	 0.015535 	 0.015716
  479 	 0.013675 	 0.015683 	 0.015716
  480 	 0.006283 	 0.015602 	 0.015716
  481 	 0.011375 	 0.015644 	 0.015716
  482 	 0.008152 	 0.015560 	 0.015716
  483 	 0.006283 	 0.015475 	 0.015716
  484 	 0.009882 	 0.015643 	 0.015716
  485 	 0.003352 	 0.015478 	 0.015716
  486 	 0.000767 	 0.015533 	 0.015716
  487 	 0.015389 	 0.015713 	 0.015716
  488 	 0.000049 	 0.015097 	 0.015716
  489 	 0.000388 	 0.015289 	 0.015716
  490 	 0.010268 	 0.015588 	 0.015716
  491 	 0.005369 	 0.015573 	 0.015716
  492 	 0.000388 	 0.015420 	 0.015716
  493 	 0.000767 	 0.015556 	 0.015716
  494 	 0.014039 	 0.015695 	 0.015716
  495 	 0.012131 	 0.015641 	 0.015716
  496 	 0.008280 	 0.015591 	 0.015716
  497 	 0.000767 	 0.015447 	 0.015716
  498 	 0.008152 	 0.015447 	 0.015716
  499 	 0.008280 	 0.015636 	 0.015716
 