   0 	 -18.000000 	 0.000000 	 19.000000
    1 	 0.000000 	 0.010000 	 1.000000
    2 	 1.000000 	 1.000000 	 1.000000
    3 	 1.000000 	 1.000000 	 1.000000
    4 	 1.000000 	 1.000000 	 1.000000
    5 	 1.000000 	 1.000000 	 1.000000
    6 	 1.000000 	 1.000000 	 1.000000
    7 	 1.000000 	 1.000000 	 1.000000
    8 	 1.000000 	 1.000000 	 1.000000
    9 	 1.000000 	 1.000000 	 1.000000
   10 	 1.000000 	 1.000000 	 1.000000
   11 	 1.000000 	 1.000000 	 1.000000
   12 	 1.000000 	 1.010000 	 2.000000
   13 	 1.000000 	 1.020000 	 2.000000
   14 	 1.000000 	 1.040000 	 2.000000
   15 	 1.000000 	 1.030000 	 2.000000
   16 	 1.000000 	 1.070000 	 2.000000
   17 	 1.000000 	 1.130000 	 2.000000
   18 	 1.000000 	 1.220000 	 2.000000
   19 	 1.000000 	 1.490000 	 2.000000
   20 	 1.000000 	 1.630000 	 2.000000
   21 	 1.000000 	 1.770000 	 2.000000
   22 	 1.000000 	 1.910000 	 2.000000
   23 	 -2.000000 	 1.930000 	 2.000000
   24 	 1.000000 	 1.960000 	 2.000000
   25 	 1.000000 	 1.970000 	 2.000000
   26 	 1.000000 	 1.980000 	 2.000000
   27 	 1.000000 	 1.990000 	 2.000000
   28 	 1.000000 	 1.990000 	 2.000000
   29 	 1.000000 	 1.980000 	 2.000000
   30 	 2.000000 	 2.000000 	 2.000000
   31 	 2.000000 	 2.000000 	 2.000000
   32 	 2.000000 	 2.000000 	 2.000000
   33 	 2.000000 	 2.000000 	 2.000000
   34 	 2.000000 	 2.000000 	 2.000000
   35 	 2.000000 	 2.000000 	 2.000000
   36 	 2.000000 	 2.000000 	 2.000000
   37 	 2.000000 	 2.000000 	 2.000000
   38 	 2.000000 	 2.000000 	 2.000000
   39 	 -2.000000 	 2.010000 	 6.000000
   40 	 2.000000 	 2.040000 	 6.000000
   41 	 2.000000 	 2.040000 	 6.000000
   42 	 2.000000 	 2.200000 	 6.000000
   43 	 2.000000 	 2.600000 	 6.000000
   44 	 2.000000 	 3.400000 	 6.000000
   45 	 2.000000 	 4.760000 	 6.000000
   46 	 2.000000 	 5.520000 	 6.000000
   47 	 2.000000 	 5.900000 	 8.000000
   48 	 2.000000 	 5.960000 	 6.000000
   49 	 6.000000 	 6.000000 	 6.000000
   50 	 2.000000 	 5.960000 	 6.000000
   51 	 4.000000 	 5.980000 	 6.000000
   52 	 4.000000 	 5.980000 	 6.000000
   53 	 6.000000 	 6.040000 	 10.000000
   54 	 6.000000 	 6.040000 	 10.000000
   55 	 6.000000 	 6.080000 	 10.000000
   56 	 6.000000 	 6.280000 	 10.000000
   57 	 6.000000 	 6.530000 	 10.000000
   58 	 6.000000 	 7.010000 	 10.000000
   59 	 2.000000 	 7.200000 	 10.000000
   60 	 6.000000 	 7.640000 	 10.000000
   61 	 6.000000 	 7.680000 	 10.000000
   62 	 6.000000 	 8.440000 	 10.000000
   63 	 6.000000 	 9.160000 	 10.000000
   64 	 6.000000 	 9.320000 	 10.000000
   65 	 6.000000 	 9.400000 	 10.000000
   66 	 6.000000 	 9.520000 	 10.000000
   67 	 6.000000 	 9.620000 	 10.000000
   68 	 6.000000 	 9.500000 	 10.000000
   69 	 6.000000 	 9.540000 	 10.000000
   70 	 6.000000 	 9.840000 	 10.000000
   71 	 6.000000 	 9.880000 	 10.000000
   72 	 8.000000 	 9.900000 	 10.000000
   73 	 8.000000 	 9.920000 	 10.000000
   74 	 8.000000 	 9.940000 	 10.000000
   75 	 8.000000 	 9.980000 	 10.000000
   76 	 8.000000 	 10.000000 	 12.000000
   77 	 8.000000 	 10.000000 	 12.000000
   78 	 8.000000 	 10.080000 	 12.000000
   79 	 8.000000 	 10.080000 	 12.000000
   80 	 8.000000 	 10.180000 	 12.000000
   81 	 10.000000 	 10.160000 	 12.000000
   82 	 10.000000 	 10.240000 	 12.000000
   83 	 10.000000 	 10.380000 	 12.000000
   84 	 10.000000 	 10.460000 	 12.000000
   85 	 10.000000 	 10.480000 	 12.000000
   86 	 10.000000 	 10.500000 	 12.000000
   87 	 10.000000 	 10.660000 	 12.000000
   88 	 10.000000 	 10.760000 	 12.000000
   89 	 10.000000 	 11.040000 	 12.000000
   90 	 10.000000 	 11.170000 	 13.000000
   91 	 10.000000 	 11.380000 	 12.000000
   92 	 10.000000 	 11.460000 	 12.000000
   93 	 10.000000 	 11.520000 	 12.000000
   94 	 10.000000 	 11.620000 	 12.000000
   95 	 10.000000 	 11.800000 	 12.000000
   96 	 10.000000 	 11.880000 	 12.000000
   97 	 10.000000 	 11.920000 	 12.000000
   98 	 10.000000 	 11.950000 	 13.000000
   99 	 10.000000 	 11.920000 	 12.000000
 