   0 	 -14.000000 	 0.330000 	 16.000000
    1 	 0.000000 	 7.140000 	 14.000000
    2 	 -1.000000 	 9.640000 	 16.000000
    3 	 3.000000 	 11.080000 	 16.000000
    4 	 0.000000 	 11.340000 	 18.000000
    5 	 3.000000 	 12.310000 	 18.000000
    6 	 7.000000 	 12.570000 	 18.000000
    7 	 8.000000 	 12.850000 	 18.000000
    8 	 9.000000 	 12.960000 	 19.000000
    9 	 11.000000 	 13.180000 	 18.000000
   10 	 11.000000 	 13.230000 	 18.000000
   11 	 11.000000 	 13.520000 	 18.000000
   12 	 11.000000 	 13.600000 	 18.000000
   13 	 11.000000 	 13.750000 	 18.000000
   14 	 12.000000 	 14.120000 	 18.000000
   15 	 11.000000 	 14.250000 	 18.000000
   16 	 11.000000 	 14.270000 	 18.000000
   17 	 9.000000 	 14.540000 	 19.000000
   18 	 9.000000 	 14.640000 	 19.000000
   19 	 9.000000 	 14.950000 	 19.000000
   20 	 9.000000 	 15.210000 	 19.000000
   21 	 12.000000 	 15.900000 	 19.000000
   22 	 12.000000 	 16.170000 	 19.000000
   23 	 12.000000 	 16.060000 	 19.000000
   24 	 12.000000 	 16.370000 	 19.000000
   25 	 12.000000 	 16.510000 	 19.000000
   26 	 12.000000 	 16.730000 	 19.000000
   27 	 12.000000 	 16.880000 	 19.000000
   28 	 12.000000 	 17.000000 	 19.000000
   29 	 12.000000 	 17.000000 	 19.000000
   30 	 12.000000 	 16.870000 	 19.000000
   31 	 15.000000 	 17.330000 	 19.000000
   32 	 15.000000 	 17.430000 	 19.000000
   33 	 15.000000 	 17.340000 	 19.000000
   34 	 15.000000 	 17.340000 	 19.000000
   35 	 15.000000 	 17.340000 	 19.000000
   36 	 15.000000 	 17.540000 	 19.000000
   37 	 15.000000 	 17.810000 	 19.000000
   38 	 15.000000 	 17.750000 	 19.000000
   39 	 15.000000 	 17.700000 	 19.000000
   40 	 15.000000 	 17.810000 	 19.000000
   41 	 15.000000 	 17.920000 	 19.000000
   42 	 15.000000 	 18.050000 	 19.000000
   43 	 15.000000 	 18.200000 	 19.000000
   44 	 12.000000 	 18.040000 	 19.000000
   45 	 15.000000 	 18.110000 	 19.000000
   46 	 15.000000 	 18.130000 	 19.000000
   47 	 15.000000 	 18.130000 	 19.000000
   48 	 15.000000 	 18.110000 	 19.000000
   49 	 14.000000 	 18.180000 	 19.000000
   50 	 14.000000 	 18.240000 	 19.000000
   51 	 14.000000 	 18.180000 	 19.000000
   52 	 14.000000 	 18.230000 	 19.000000
   53 	 16.000000 	 18.330000 	 19.000000
   54 	 16.000000 	 18.310000 	 19.000000
   55 	 16.000000 	 18.340000 	 19.000000
   56 	 15.000000 	 18.340000 	 19.000000
   57 	 16.000000 	 18.410000 	 19.000000
   58 	 16.000000 	 18.440000 	 20.000000
   59 	 14.000000 	 18.400000 	 19.000000
   60 	 16.000000 	 18.380000 	 19.000000
   61 	 16.000000 	 18.370000 	 19.000000
   62 	 13.000000 	 18.380000 	 19.000000
   63 	 13.000000 	 18.420000 	 19.000000
   64 	 13.000000 	 18.310000 	 19.000000
   65 	 18.000000 	 18.520000 	 19.000000
   66 	 18.000000 	 18.600000 	 19.000000
   67 	 18.000000 	 18.660000 	 19.000000
   68 	 18.000000 	 18.700000 	 19.000000
   69 	 18.000000 	 18.720000 	 20.000000
   70 	 16.000000 	 18.720000 	 20.000000
   71 	 15.000000 	 18.600000 	 19.000000
   72 	 16.000000 	 18.680000 	 19.000000
   73 	 16.000000 	 18.720000 	 19.000000
   74 	 17.000000 	 18.800000 	 21.000000
   75 	 18.000000 	 18.820000 	 21.000000
   76 	 18.000000 	 18.930000 	 21.000000
   77 	 18.000000 	 18.940000 	 21.000000
   78 	 18.000000 	 18.960000 	 21.000000
   79 	 18.000000 	 18.970000 	 21.000000
   80 	 18.000000 	 18.990000 	 21.000000
   81 	 18.000000 	 18.950000 	 21.000000
   82 	 18.000000 	 18.960000 	 21.000000
   83 	 18.000000 	 18.960000 	 22.000000
   84 	 18.000000 	 18.860000 	 20.000000
   85 	 18.000000 	 18.870000 	 19.000000
   86 	 18.000000 	 18.870000 	 19.000000
   87 	 18.000000 	 18.860000 	 19.000000
   88 	 18.000000 	 18.860000 	 19.000000
   89 	 18.000000 	 18.900000 	 20.000000
   90 	 18.000000 	 18.960000 	 19.000000
   91 	 17.000000 	 18.960000 	 19.000000
   92 	 18.000000 	 18.980000 	 19.000000
   93 	 18.000000 	 18.990000 	 19.000000
   94 	 18.000000 	 18.990000 	 19.000000
   95 	 18.000000 	 18.990000 	 19.000000
   96 	 18.000000 	 18.990000 	 19.000000
   97 	 19.000000 	 19.000000 	 19.000000
   98 	 19.000000 	 19.000000 	 19.000000
   99 	 19.000000 	 19.000000 	 19.000000
 