   0 	 -13.000000 	 0.160000 	 13.000000
    1 	 -3.000000 	 5.010000 	 12.000000
    2 	 0.000000 	 6.140000 	 13.000000
    3 	 -7.000000 	 6.630000 	 18.000000
    4 	 -1.000000 	 7.730000 	 18.000000
    5 	 1.000000 	 8.430000 	 18.000000
    6 	 0.000000 	 10.060000 	 20.000000
    7 	 5.000000 	 12.120000 	 20.000000
    8 	 6.000000 	 13.930000 	 20.000000
    9 	 7.000000 	 15.670000 	 20.000000
   10 	 7.000000 	 16.370000 	 20.000000
   11 	 10.000000 	 16.730000 	 20.000000
   12 	 10.000000 	 16.910000 	 20.000000
   13 	 10.000000 	 17.480000 	 20.000000
   14 	 10.000000 	 17.790000 	 20.000000
   15 	 12.000000 	 17.970000 	 20.000000
   16 	 14.000000 	 18.040000 	 21.000000
   17 	 15.000000 	 18.170000 	 20.000000
   18 	 15.000000 	 18.140000 	 21.000000
   19 	 16.000000 	 18.210000 	 21.000000
   20 	 16.000000 	 18.120000 	 21.000000
   21 	 16.000000 	 18.000000 	 21.000000
   22 	 16.000000 	 18.020000 	 21.000000
   23 	 16.000000 	 18.070000 	 21.000000
   24 	 14.000000 	 18.010000 	 20.000000
   25 	 16.000000 	 18.300000 	 20.000000
   26 	 16.000000 	 18.210000 	 21.000000
   27 	 16.000000 	 18.400000 	 21.000000
   28 	 16.000000 	 18.350000 	 21.000000
   29 	 16.000000 	 18.180000 	 21.000000
   30 	 16.000000 	 18.330000 	 21.000000
   31 	 16.000000 	 18.170000 	 21.000000
   32 	 16.000000 	 18.140000 	 20.000000
   33 	 16.000000 	 18.040000 	 20.000000
   34 	 16.000000 	 18.020000 	 20.000000
   35 	 16.000000 	 18.150000 	 21.000000
   36 	 16.000000 	 18.180000 	 21.000000
   37 	 16.000000 	 18.240000 	 21.000000
   38 	 16.000000 	 18.400000 	 21.000000
   39 	 16.000000 	 18.490000 	 21.000000
   40 	 16.000000 	 18.570000 	 21.000000
   41 	 16.000000 	 18.440000 	 21.000000
   42 	 16.000000 	 18.520000 	 21.000000
   43 	 16.000000 	 18.590000 	 21.000000
   44 	 16.000000 	 18.880000 	 21.000000
   45 	 15.000000 	 18.880000 	 21.000000
   46 	 15.000000 	 18.780000 	 21.000000
   47 	 18.000000 	 18.710000 	 21.000000
   48 	 18.000000 	 18.640000 	 21.000000
   49 	 18.000000 	 18.740000 	 21.000000
   50 	 18.000000 	 18.780000 	 21.000000
   51 	 17.000000 	 18.860000 	 21.000000
   52 	 17.000000 	 18.800000 	 21.000000
   53 	 17.000000 	 19.010000 	 21.000000
   54 	 17.000000 	 19.110000 	 21.000000
   55 	 18.000000 	 19.250000 	 21.000000
   56 	 17.000000 	 19.210000 	 21.000000
   57 	 17.000000 	 19.330000 	 21.000000
   58 	 17.000000 	 19.400000 	 21.000000
   59 	 17.000000 	 19.230000 	 21.000000
   60 	 17.000000 	 19.400000 	 21.000000
   61 	 17.000000 	 19.410000 	 21.000000
   62 	 17.000000 	 19.290000 	 21.000000
   63 	 17.000000 	 19.250000 	 21.000000
   64 	 17.000000 	 19.300000 	 21.000000
   65 	 18.000000 	 19.400000 	 21.000000
   66 	 18.000000 	 19.480000 	 21.000000
   67 	 18.000000 	 19.610000 	 21.000000
   68 	 18.000000 	 19.600000 	 21.000000
   69 	 18.000000 	 19.680000 	 21.000000
   70 	 18.000000 	 19.810000 	 21.000000
   71 	 18.000000 	 19.860000 	 21.000000
   72 	 19.000000 	 19.960000 	 21.000000
   73 	 19.000000 	 19.910000 	 21.000000
   74 	 19.000000 	 19.820000 	 21.000000
   75 	 19.000000 	 19.910000 	 21.000000
   76 	 19.000000 	 19.950000 	 21.000000
   77 	 19.000000 	 19.980000 	 21.000000
   78 	 19.000000 	 19.990000 	 21.000000
   79 	 19.000000 	 20.030000 	 21.000000
   80 	 19.000000 	 19.980000 	 21.000000
   81 	 19.000000 	 19.990000 	 21.000000
   82 	 19.000000 	 20.010000 	 21.000000
   83 	 19.000000 	 20.020000 	 21.000000
   84 	 19.000000 	 20.020000 	 21.000000
   85 	 19.000000 	 20.040000 	 21.000000
   86 	 19.000000 	 20.050000 	 21.000000
   87 	 19.000000 	 20.010000 	 21.000000
   88 	 20.000000 	 20.070000 	 21.000000
   89 	 20.000000 	 20.020000 	 21.000000
   90 	 20.000000 	 20.010000 	 21.000000
   91 	 20.000000 	 20.010000 	 21.000000
   92 	 20.000000 	 20.010000 	 21.000000
   93 	 20.000000 	 20.010000 	 21.000000
   94 	 20.000000 	 20.020000 	 21.000000
   95 	 20.000000 	 20.030000 	 21.000000
   96 	 20.000000 	 20.020000 	 21.000000
   97 	 20.000000 	 20.000000 	 20.000000
   98 	 20.000000 	 20.000000 	 20.000000
   99 	 20.000000 	 20.000000 	 20.000000
 