   0 	 -15.000000 	 0.120000 	 13.000000
    1 	 2.000000 	 9.820000 	 18.000000
    2 	 9.000000 	 9.930000 	 18.000000
    3 	 2.000000 	 10.150000 	 18.000000
    4 	 2.000000 	 10.690000 	 18.000000
    5 	 2.000000 	 12.000000 	 18.000000
    6 	 1.000000 	 12.870000 	 18.000000
    7 	 5.000000 	 13.840000 	 18.000000
    8 	 8.000000 	 14.700000 	 19.000000
    9 	 6.000000 	 15.400000 	 19.000000
   10 	 6.000000 	 16.030000 	 19.000000
   11 	 9.000000 	 16.770000 	 19.000000
   12 	 11.000000 	 17.110000 	 19.000000
   13 	 11.000000 	 17.470000 	 19.000000
   14 	 11.000000 	 17.620000 	 19.000000
   15 	 14.000000 	 17.890000 	 19.000000
   16 	 14.000000 	 17.980000 	 19.000000
   17 	 17.000000 	 17.990000 	 19.000000
   18 	 17.000000 	 17.870000 	 19.000000
   19 	 17.000000 	 17.940000 	 19.000000
   20 	 16.000000 	 17.970000 	 21.000000
   21 	 17.000000 	 18.020000 	 21.000000
   22 	 17.000000 	 18.060000 	 21.000000
   23 	 14.000000 	 18.020000 	 21.000000
   24 	 17.000000 	 17.940000 	 19.000000
   25 	 16.000000 	 17.930000 	 20.000000
   26 	 17.000000 	 18.050000 	 21.000000
   27 	 17.000000 	 18.030000 	 20.000000
   28 	 17.000000 	 18.030000 	 21.000000
   29 	 17.000000 	 18.040000 	 21.000000
   30 	 17.000000 	 18.010000 	 21.000000
   31 	 17.000000 	 18.180000 	 21.000000
   32 	 17.000000 	 18.250000 	 21.000000
   33 	 17.000000 	 18.260000 	 21.000000
   34 	 17.000000 	 18.220000 	 21.000000
   35 	 18.000000 	 18.300000 	 21.000000
   36 	 18.000000 	 18.220000 	 21.000000
   37 	 18.000000 	 18.220000 	 21.000000
   38 	 18.000000 	 18.250000 	 21.000000
   39 	 18.000000 	 18.250000 	 21.000000
   40 	 17.000000 	 18.180000 	 21.000000
   41 	 18.000000 	 18.300000 	 21.000000
   42 	 18.000000 	 18.210000 	 21.000000
   43 	 18.000000 	 18.240000 	 21.000000
   44 	 18.000000 	 18.330000 	 21.000000
   45 	 17.000000 	 18.380000 	 21.000000
   46 	 18.000000 	 18.420000 	 21.000000
   47 	 18.000000 	 18.450000 	 21.000000
   48 	 18.000000 	 18.670000 	 21.000000
   49 	 18.000000 	 18.730000 	 21.000000
   50 	 18.000000 	 18.940000 	 21.000000
   51 	 18.000000 	 18.950000 	 21.000000
   52 	 18.000000 	 18.980000 	 21.000000
   53 	 18.000000 	 18.980000 	 21.000000
   54 	 18.000000 	 18.760000 	 21.000000
   55 	 18.000000 	 18.660000 	 21.000000
   56 	 18.000000 	 18.640000 	 21.000000
   57 	 16.000000 	 18.650000 	 21.000000
   58 	 16.000000 	 18.650000 	 21.000000
   59 	 18.000000 	 18.810000 	 21.000000
   60 	 18.000000 	 18.660000 	 21.000000
   61 	 18.000000 	 18.850000 	 21.000000
   62 	 18.000000 	 19.120000 	 21.000000
   63 	 18.000000 	 19.180000 	 21.000000
   64 	 18.000000 	 19.310000 	 21.000000
   65 	 18.000000 	 19.640000 	 21.000000
   66 	 18.000000 	 19.710000 	 21.000000
   67 	 16.000000 	 19.470000 	 21.000000
   68 	 16.000000 	 19.860000 	 21.000000
   69 	 16.000000 	 20.100000 	 21.000000
   70 	 16.000000 	 20.140000 	 21.000000
   71 	 16.000000 	 20.130000 	 21.000000
   72 	 16.000000 	 20.060000 	 21.000000
   73 	 13.000000 	 19.880000 	 21.000000
   74 	 16.000000 	 20.080000 	 21.000000
   75 	 16.000000 	 20.140000 	 21.000000
   76 	 16.000000 	 20.220000 	 21.000000
   77 	 16.000000 	 20.370000 	 21.000000
   78 	 16.000000 	 20.480000 	 21.000000
   79 	 16.000000 	 20.440000 	 21.000000
   80 	 16.000000 	 20.520000 	 21.000000
   81 	 16.000000 	 20.620000 	 21.000000
   82 	 18.000000 	 20.640000 	 21.000000
   83 	 17.000000 	 20.750000 	 21.000000
   84 	 17.000000 	 20.760000 	 21.000000
   85 	 18.000000 	 20.790000 	 21.000000
   86 	 18.000000 	 20.800000 	 21.000000
   87 	 18.000000 	 20.800000 	 21.000000
   88 	 18.000000 	 20.660000 	 21.000000
   89 	 18.000000 	 20.660000 	 21.000000
   90 	 18.000000 	 20.770000 	 21.000000
   91 	 19.000000 	 20.860000 	 21.000000
   92 	 19.000000 	 20.780000 	 21.000000
   93 	 19.000000 	 20.780000 	 21.000000
   94 	 19.000000 	 20.810000 	 21.000000
   95 	 19.000000 	 20.830000 	 21.000000
   96 	 19.000000 	 20.820000 	 21.000000
   97 	 19.000000 	 20.800000 	 21.000000
   98 	 18.000000 	 20.720000 	 21.000000
   99 	 17.000000 	 20.700000 	 21.000000
 