   0 	 -12.000000 	 0.190000 	 12.000000
    1 	 0.000000 	 7.570000 	 14.000000
    2 	 3.000000 	 9.360000 	 16.000000
    3 	 2.000000 	 10.630000 	 16.000000
    4 	 3.000000 	 11.140000 	 16.000000
    5 	 4.000000 	 11.510000 	 16.000000
    6 	 4.000000 	 11.960000 	 17.000000
    7 	 6.000000 	 12.590000 	 17.000000
    8 	 7.000000 	 13.030000 	 18.000000
    9 	 10.000000 	 13.070000 	 18.000000
   10 	 10.000000 	 13.170000 	 18.000000
   11 	 9.000000 	 13.820000 	 18.000000
   12 	 9.000000 	 14.280000 	 18.000000
   13 	 9.000000 	 14.610000 	 18.000000
   14 	 9.000000 	 14.620000 	 18.000000
   15 	 9.000000 	 15.280000 	 18.000000
   16 	 9.000000 	 15.600000 	 18.000000
   17 	 9.000000 	 15.860000 	 18.000000
   18 	 9.000000 	 16.140000 	 18.000000
   19 	 9.000000 	 16.230000 	 18.000000
   20 	 12.000000 	 16.740000 	 18.000000
   21 	 12.000000 	 16.700000 	 18.000000
   22 	 12.000000 	 17.020000 	 18.000000
   23 	 12.000000 	 17.070000 	 18.000000
   24 	 15.000000 	 17.210000 	 18.000000
   25 	 15.000000 	 17.190000 	 18.000000
   26 	 15.000000 	 17.460000 	 18.000000
   27 	 14.000000 	 17.490000 	 18.000000
   28 	 16.000000 	 17.600000 	 18.000000
   29 	 16.000000 	 17.600000 	 18.000000
   30 	 16.000000 	 17.490000 	 18.000000
   31 	 16.000000 	 17.500000 	 18.000000
   32 	 14.000000 	 17.590000 	 18.000000
   33 	 16.000000 	 17.650000 	 18.000000
   34 	 13.000000 	 17.490000 	 18.000000
   35 	 13.000000 	 17.430000 	 18.000000
   36 	 13.000000 	 17.470000 	 18.000000
   37 	 13.000000 	 17.560000 	 18.000000
   38 	 13.000000 	 17.440000 	 18.000000
   39 	 13.000000 	 17.490000 	 18.000000
   40 	 15.000000 	 17.630000 	 18.000000
   41 	 15.000000 	 17.600000 	 18.000000
   42 	 15.000000 	 17.690000 	 18.000000
   43 	 14.000000 	 17.580000 	 19.000000
   44 	 15.000000 	 17.550000 	 19.000000
   45 	 15.000000 	 17.720000 	 19.000000
   46 	 15.000000 	 17.760000 	 19.000000
   47 	 15.000000 	 17.840000 	 19.000000
   48 	 15.000000 	 17.920000 	 19.000000
   49 	 17.000000 	 17.970000 	 19.000000
   50 	 17.000000 	 17.960000 	 19.000000
   51 	 17.000000 	 17.970000 	 19.000000
   52 	 17.000000 	 17.970000 	 19.000000
   53 	 14.000000 	 17.960000 	 19.000000
   54 	 14.000000 	 17.990000 	 19.000000
   55 	 17.000000 	 17.980000 	 19.000000
   56 	 17.000000 	 18.060000 	 19.000000
   57 	 17.000000 	 18.060000 	 19.000000
   58 	 17.000000 	 18.050000 	 19.000000
   59 	 18.000000 	 18.100000 	 19.000000
   60 	 18.000000 	 18.050000 	 19.000000
   61 	 18.000000 	 18.040000 	 19.000000
   62 	 16.000000 	 18.040000 	 19.000000
   63 	 16.000000 	 18.040000 	 19.000000
   64 	 18.000000 	 18.080000 	 19.000000
   65 	 18.000000 	 18.100000 	 19.000000
   66 	 13.000000 	 18.050000 	 19.000000
   67 	 17.000000 	 18.060000 	 19.000000
   68 	 17.000000 	 18.050000 	 19.000000
   69 	 17.000000 	 18.060000 	 19.000000
   70 	 17.000000 	 18.090000 	 19.000000
   71 	 18.000000 	 18.100000 	 19.000000
   72 	 18.000000 	 18.060000 	 19.000000
   73 	 14.000000 	 18.090000 	 19.000000
   74 	 18.000000 	 18.120000 	 19.000000
   75 	 18.000000 	 18.120000 	 19.000000
   76 	 18.000000 	 18.140000 	 19.000000
   77 	 14.000000 	 18.100000 	 19.000000
   78 	 14.000000 	 18.040000 	 19.000000
   79 	 13.000000 	 18.020000 	 19.000000
   80 	 13.000000 	 18.120000 	 19.000000
   81 	 13.000000 	 18.050000 	 19.000000
   82 	 14.000000 	 18.110000 	 19.000000
   83 	 14.000000 	 18.270000 	 19.000000
   84 	 15.000000 	 18.300000 	 19.000000
   85 	 13.000000 	 18.250000 	 19.000000
   86 	 15.000000 	 18.350000 	 19.000000
   87 	 15.000000 	 18.310000 	 19.000000
   88 	 17.000000 	 18.350000 	 19.000000
   89 	 17.000000 	 18.370000 	 19.000000
   90 	 18.000000 	 18.390000 	 19.000000
   91 	 18.000000 	 18.340000 	 19.000000
   92 	 14.000000 	 18.320000 	 19.000000
   93 	 15.000000 	 18.260000 	 19.000000
   94 	 18.000000 	 18.370000 	 19.000000
   95 	 18.000000 	 18.350000 	 19.000000
   96 	 18.000000 	 18.400000 	 19.000000
   97 	 18.000000 	 18.330000 	 19.000000
   98 	 18.000000 	 18.350000 	 19.000000
   99 	 18.000000 	 18.370000 	 19.000000
 