   0 	 -1.000000 	 343597383.658999 	 4294967296.000000
    1 	 -1.000000 	 3521873182.717500 	 4294967296.000000
    2 	 -1.000000 	 3693671874.554905 	 4294967296.000000
    3 	 -1.000000 	 3607772528.640000 	 4294967296.000000
    4 	 -1.000000 	 3693671874.555000 	 4294967296.000000
    5 	 -1.000000 	 3736621547.527833 	 4294967296.000000
    6 	 -1.000000 	 3393024163.848334 	 4294967296.000000
    7 	 -1.000000 	 3607772528.621167 	 4294967296.000000
    8 	 -1.000000 	 3865470566.400000 	 4294967296.000000
    9 	 -1.000000 	 3951369912.320000 	 4294967296.000000
   10 	 -1.000000 	 3650722201.610000 	 4294967296.000000
   11 	 -1.000000 	 4123168604.160000 	 4294967296.000000
   12 	 -1.000000 	 3951369912.320000 	 4294967296.000000
   13 	 -1.000000 	 3607772528.640000 	 4294967296.000000
   14 	 -1.000000 	 3865470566.401666 	 4294967296.000000
   15 	 -1.000000 	 3865470566.400834 	 4294967296.000000
   16 	 -1.000000 	 3994319585.270000 	 4294967296.000000
   17 	 -1.000000 	 3521873182.711666 	 4294967296.000000
   18 	 -1.000000 	 3822520893.437500 	 4294967296.000000
   19 	 -0.333333 	 4166118277.130000 	 4294967296.000000
   20 	 -1.000000 	 4080218931.190000 	 4294967296.000000
   21 	 -0.500000 	 3521873182.742167 	 4294967296.000000
   22 	 -1.000000 	 3693671874.540000 	 4294967296.000000
   23 	 -1.000000 	 3736621547.510000 	 4294967296.000000
   24 	 -1.000000 	 3779571220.481667 	 4294967296.000000
   25 	 -1.000000 	 3693671874.560000 	 4294967296.000000
   26 	 -1.000000 	 3951369912.320000 	 4294967296.000000
   27 	 -0.500000 	 4123168604.153333 	 4294967296.000000
   28 	 -1.000000 	 3822520893.450000 	 4294967296.000000
   29 	 -1.000000 	 3951369912.320000 	 4294967296.000000
   30 	 -1.000000 	 4037269258.240000 	 4294967296.000000
   31 	 -0.333333 	 4123168604.180000 	 4294967296.000000
   32 	 -1.000000 	 4037269258.240000 	 4294967296.000000
   33 	 -1.000000 	 3693671874.560000 	 4294967296.000000
   34 	 1.000000 	 4252017623.050000 	 4294967296.000000
   35 	 -1.000000 	 3994319585.270000 	 4294967296.000000
   36 	 -1.000000 	 4123168604.160000 	 4294967296.000000
   37 	 -1.000000 	 3951369912.300000 	 4294967296.000000
   38 	 -1.000000 	 4209067950.075000 	 4294967296.000000
   39 	 -1.000000 	 4080218931.190000 	 4294967296.000000
   40 	 -1.000000 	 4080218931.210000 	 4294967296.000000
   41 	 -1.000000 	 4037269258.240000 	 4294967296.000000
   42 	 -1.000000 	 4209067950.080000 	 4294967296.000000
   43 	 -1.000000 	 4123168604.160000 	 4294967296.000000
   44 	 4294967296.000000 	 4294967296.000000 	 4294967296.000000
   45 	 -1.000000 	 3865470566.393333 	 4294967296.000000
   46 	 -0.250000 	 4252017623.037500 	 4294967296.000000
   47 	 -1.000000 	 4252017623.030000 	 4294967296.000000
   48 	 -1.000000 	 4252017623.030000 	 4294967296.000000
   49 	 4294967296.000000 	 4294967296.000000 	 4294967296.000000
   50 	 -1.000000 	 4166118277.110000 	 4294967296.000000
   51 	 -1.000000 	 4080218931.190000 	 4294967296.000000
   52 	 -1.000000 	 4123168604.160000 	 4294967296.000000
   53 	 -1.000000 	 4037269258.215000 	 4294967296.000000
   54 	 -1.000000 	 4166118277.110000 	 4294967296.000000
   55 	 -1.000000 	 4166118277.110000 	 4294967296.000000
   56 	 -1.000000 	 4209067950.080000 	 4294967296.000000
   57 	 -1.000000 	 4080218931.210000 	 4294967296.000000
   58 	 -1.000000 	 4166118277.110000 	 4294967296.000000
   59 	 -1.000000 	 4123168604.160000 	 4294967296.000000
   60 	 -1.000000 	 4252017623.030000 	 4294967296.000000
   61 	 4294967296.000000 	 4294967296.000000 	 4294967296.000000
   62 	 4294967296.000000 	 4294967296.000000 	 4294967296.000000
   63 	 -1.000000 	 4209067950.080000 	 4294967296.000000
   64 	 4294967296.000000 	 4294967296.000000 	 4294967296.000000
   65 	 4294967296.000000 	 4294967296.000000 	 4294967296.000000
   66 	 4294967296.000000 	 4294967296.000000 	 4294967296.000000
   67 	 -1.000000 	 4252017623.030000 	 4294967296.000000
   68 	 4294967296.000000 	 4294967296.000000 	 4294967296.000000
   69 	 4294967296.000000 	 4294967296.000000 	 4294967296.000000
   70 	 4294967296.000000 	 4294967296.000000 	 4294967296.000000
   71 	 4294967296.000000 	 4294967296.000000 	 4294967296.000000
   72 	 4294967296.000000 	 4294967296.000000 	 4294967296.000000
   73 	 4294967296.000000 	 4294967296.000000 	 4294967296.000000
   74 	 -1.000000 	 4209067950.080000 	 4294967296.000000
   75 	 4294967296.000000 	 4294967296.000000 	 4294967296.000000
   76 	 4294967296.000000 	 4294967296.000000 	 4294967296.000000
   77 	 4294967296.000000 	 4294967296.000000 	 4294967296.000000
   78 	 4294967296.000000 	 4294967296.000000 	 4294967296.000000
   79 	 0.333333 	 4252017623.043333 	 4294967296.000000
   80 	 -1.000000 	 4209067950.080000 	 4294967296.000000
   81 	 4294967296.000000 	 4294967296.000000 	 4294967296.000000
   82 	 4294967296.000000 	 4294967296.000000 	 4294967296.000000
   83 	 -1.000000 	 4252017623.030000 	 4294967296.000000
   84 	 -1.000000 	 4252017623.030000 	 4294967296.000000
   85 	 4294967296.000000 	 4294967296.000000 	 4294967296.000000
   86 	 -1.000000 	 4209067950.080000 	 4294967296.000000
   87 	 4294967296.000000 	 4294967296.000000 	 4294967296.000000
   88 	 -0.333333 	 4252017623.036666 	 4294967296.000000
   89 	 4294967296.000000 	 4294967296.000000 	 4294967296.000000
   90 	 4294967296.000000 	 4294967296.000000 	 4294967296.000000
   91 	 4294967296.000000 	 4294967296.000000 	 4294967296.000000
   92 	 1.000000 	 4252017623.050000 	 4294967296.000000
   93 	 4294967296.000000 	 4294967296.000000 	 4294967296.000000
   94 	 4294967296.000000 	 4294967296.000000 	 4294967296.000000
   95 	 -0.250000 	 4252017623.037500 	 4294967296.000000
   96 	 4294967296.000000 	 4294967296.000000 	 4294967296.000000
   97 	 4294967296.000000 	 4294967296.000000 	 4294967296.000000
   98 	 4294967296.000000 	 4294967296.000000 	 4294967296.000000
   99 	 4294967296.000000 	 4294967296.000000 	 4294967296.000000
 