   0 	 -11.000000 	 0.640000 	 12.000000
    1 	 1.000000 	 7.420000 	 15.000000
    2 	 1.000000 	 8.300000 	 15.000000
    3 	 2.000000 	 9.090000 	 14.000000
    4 	 4.000000 	 10.200000 	 15.000000
    5 	 5.000000 	 10.380000 	 15.000000
    6 	 4.000000 	 10.720000 	 16.000000
    7 	 2.000000 	 11.150000 	 18.000000
    8 	 6.000000 	 11.700000 	 18.000000
    9 	 6.000000 	 12.610000 	 19.000000
   10 	 7.000000 	 13.620000 	 19.000000
   11 	 7.000000 	 14.110000 	 19.000000
   12 	 9.000000 	 14.690000 	 20.000000
   13 	 9.000000 	 15.260000 	 20.000000
   14 	 9.000000 	 15.700000 	 20.000000
   15 	 9.000000 	 16.090000 	 20.000000
   16 	 9.000000 	 16.420000 	 20.000000
   17 	 8.000000 	 16.460000 	 20.000000
   18 	 8.000000 	 17.090000 	 20.000000
   19 	 8.000000 	 17.090000 	 20.000000
   20 	 8.000000 	 17.380000 	 20.000000
   21 	 15.000000 	 17.850000 	 20.000000
   22 	 15.000000 	 17.760000 	 20.000000
   23 	 15.000000 	 17.740000 	 20.000000
   24 	 15.000000 	 17.760000 	 20.000000
   25 	 15.000000 	 17.820000 	 21.000000
   26 	 15.000000 	 17.920000 	 20.000000
   27 	 14.000000 	 17.780000 	 21.000000
   28 	 15.000000 	 17.920000 	 21.000000
   29 	 15.000000 	 18.070000 	 21.000000
   30 	 15.000000 	 18.300000 	 20.000000
   31 	 12.000000 	 18.380000 	 21.000000
   32 	 15.000000 	 18.540000 	 21.000000
   33 	 15.000000 	 18.690000 	 21.000000
   34 	 15.000000 	 18.930000 	 21.000000
   35 	 15.000000 	 19.080000 	 21.000000
   36 	 13.000000 	 19.260000 	 21.000000
   37 	 15.000000 	 19.160000 	 21.000000
   38 	 12.000000 	 19.100000 	 21.000000
   39 	 12.000000 	 19.040000 	 21.000000
   40 	 12.000000 	 19.110000 	 21.000000
   41 	 15.000000 	 19.260000 	 21.000000
   42 	 15.000000 	 19.200000 	 21.000000
   43 	 18.000000 	 19.430000 	 21.000000
   44 	 18.000000 	 19.440000 	 21.000000
   45 	 16.000000 	 19.410000 	 21.000000
   46 	 18.000000 	 19.740000 	 21.000000
   47 	 18.000000 	 19.880000 	 21.000000
   48 	 18.000000 	 19.800000 	 21.000000
   49 	 18.000000 	 19.750000 	 21.000000
   50 	 18.000000 	 19.710000 	 21.000000
   51 	 18.000000 	 19.720000 	 21.000000
   52 	 15.000000 	 19.650000 	 21.000000
   53 	 18.000000 	 19.840000 	 21.000000
   54 	 19.000000 	 19.890000 	 21.000000
   55 	 19.000000 	 20.050000 	 21.000000
   56 	 19.000000 	 20.160000 	 21.000000
   57 	 16.000000 	 20.190000 	 21.000000
   58 	 16.000000 	 20.150000 	 21.000000
   59 	 15.000000 	 20.160000 	 21.000000
   60 	 15.000000 	 20.290000 	 21.000000
   61 	 15.000000 	 20.290000 	 21.000000
   62 	 15.000000 	 20.400000 	 22.000000
   63 	 15.000000 	 20.390000 	 21.000000
   64 	 16.000000 	 20.430000 	 21.000000
   65 	 17.000000 	 20.610000 	 22.000000
   66 	 17.000000 	 20.640000 	 22.000000
   67 	 14.000000 	 20.480000 	 21.000000
   68 	 17.000000 	 20.610000 	 21.000000
   69 	 17.000000 	 20.660000 	 22.000000
   70 	 17.000000 	 20.760000 	 22.000000
   71 	 17.000000 	 20.720000 	 23.000000
   72 	 20.000000 	 20.860000 	 23.000000
   73 	 18.000000 	 20.830000 	 23.000000
   74 	 20.000000 	 20.830000 	 23.000000
   75 	 20.000000 	 20.830000 	 23.000000
   76 	 20.000000 	 20.770000 	 23.000000
   77 	 20.000000 	 20.780000 	 23.000000
   78 	 20.000000 	 20.810000 	 23.000000
   79 	 16.000000 	 20.910000 	 23.000000
   80 	 19.000000 	 21.040000 	 23.000000
   81 	 19.000000 	 21.050000 	 23.000000
   82 	 19.000000 	 20.990000 	 23.000000
   83 	 19.000000 	 21.050000 	 23.000000
   84 	 19.000000 	 21.170000 	 23.000000
   85 	 20.000000 	 21.180000 	 23.000000
   86 	 20.000000 	 21.300000 	 23.000000
   87 	 20.000000 	 21.570000 	 23.000000
   88 	 20.000000 	 21.770000 	 23.000000
   89 	 20.000000 	 21.860000 	 23.000000
   90 	 20.000000 	 21.980000 	 23.000000
   91 	 18.000000 	 21.990000 	 23.000000
   92 	 18.000000 	 21.990000 	 23.000000
   93 	 18.000000 	 22.110000 	 23.000000
   94 	 20.000000 	 22.130000 	 23.000000
   95 	 19.000000 	 22.190000 	 23.000000
   96 	 19.000000 	 22.230000 	 23.000000
   97 	 19.000000 	 22.210000 	 23.000000
   98 	 20.000000 	 22.470000 	 23.000000
   99 	 20.000000 	 22.410000 	 23.000000
 