   0 	 -17.000000 	 0.150000 	 16.000000
    1 	 1.000000 	 13.590000 	 16.000000
    2 	 2.000000 	 15.450000 	 17.000000
    3 	 2.000000 	 15.310000 	 17.000000
    4 	 12.000000 	 15.970000 	 17.000000
    5 	 15.000000 	 15.990000 	 16.000000
    6 	 15.000000 	 15.990000 	 17.000000
    7 	 15.000000 	 15.990000 	 17.000000
    8 	 15.000000 	 15.980000 	 16.000000
    9 	 15.000000 	 15.990000 	 16.000000
   10 	 15.000000 	 15.990000 	 16.000000
   11 	 16.000000 	 16.000000 	 16.000000
   12 	 16.000000 	 16.000000 	 16.000000
   13 	 16.000000 	 16.000000 	 16.000000
   14 	 16.000000 	 16.000000 	 16.000000
   15 	 16.000000 	 16.000000 	 16.000000
   16 	 16.000000 	 16.000000 	 16.000000
   17 	 16.000000 	 16.000000 	 16.000000
   18 	 16.000000 	 16.000000 	 16.000000
   19 	 16.000000 	 16.000000 	 16.000000
   20 	 12.000000 	 15.930000 	 16.000000
   21 	 16.000000 	 16.000000 	 16.000000
   22 	 16.000000 	 16.000000 	 16.000000
   23 	 16.000000 	 16.000000 	 16.000000
   24 	 16.000000 	 16.000000 	 16.000000
   25 	 12.000000 	 15.920000 	 16.000000
   26 	 12.000000 	 15.960000 	 16.000000
   27 	 16.000000 	 16.000000 	 16.000000
   28 	 12.000000 	 15.960000 	 16.000000
   29 	 14.000000 	 15.980000 	 16.000000
   30 	 12.000000 	 15.960000 	 16.000000
   31 	 12.000000 	 15.920000 	 16.000000
   32 	 12.000000 	 15.960000 	 16.000000
   33 	 12.000000 	 15.960000 	 16.000000
   34 	 12.000000 	 15.880000 	 16.000000
   35 	 12.000000 	 15.880000 	 16.000000
   36 	 16.000000 	 16.000000 	 16.000000
   37 	 16.000000 	 16.000000 	 16.000000
   38 	 16.000000 	 16.000000 	 16.000000
   39 	 16.000000 	 16.000000 	 16.000000
   40 	 16.000000 	 16.000000 	 16.000000
   41 	 16.000000 	 16.000000 	 16.000000
   42 	 16.000000 	 16.000000 	 16.000000
   43 	 16.000000 	 16.000000 	 16.000000
   44 	 16.000000 	 16.000000 	 16.000000
   45 	 13.000000 	 15.970000 	 16.000000
   46 	 13.000000 	 15.970000 	 16.000000
   47 	 13.000000 	 15.970000 	 16.000000
   48 	 16.000000 	 16.000000 	 16.000000
   49 	 15.000000 	 15.990000 	 16.000000
   50 	 16.000000 	 16.000000 	 16.000000
   51 	 12.000000 	 15.940000 	 16.000000
   52 	 13.000000 	 15.950000 	 16.000000
   53 	 13.000000 	 15.940000 	 16.000000
   54 	 13.000000 	 15.960000 	 16.000000
   55 	 16.000000 	 16.000000 	 16.000000
   56 	 16.000000 	 16.000000 	 16.000000
   57 	 16.000000 	 16.000000 	 16.000000
   58 	 16.000000 	 16.000000 	 16.000000
   59 	 16.000000 	 16.000000 	 16.000000
   60 	 16.000000 	 16.000000 	 16.000000
   61 	 16.000000 	 16.000000 	 16.000000
   62 	 16.000000 	 16.000000 	 16.000000
   63 	 12.000000 	 15.920000 	 16.000000
   64 	 12.000000 	 15.920000 	 16.000000
   65 	 16.000000 	 16.000000 	 16.000000
   66 	 16.000000 	 16.000000 	 16.000000
   67 	 16.000000 	 16.000000 	 16.000000
   68 	 16.000000 	 16.000000 	 16.000000
   69 	 16.000000 	 16.000000 	 16.000000
   70 	 16.000000 	 16.000000 	 16.000000
   71 	 16.000000 	 16.000000 	 16.000000
   72 	 16.000000 	 16.000000 	 16.000000
   73 	 16.000000 	 16.000000 	 16.000000
   74 	 16.000000 	 16.000000 	 16.000000
   75 	 16.000000 	 16.010000 	 17.000000
   76 	 16.000000 	 16.010000 	 17.000000
   77 	 16.000000 	 16.010000 	 17.000000
   78 	 16.000000 	 16.010000 	 17.000000
   79 	 16.000000 	 16.020000 	 18.000000
   80 	 16.000000 	 16.040000 	 18.000000
   81 	 16.000000 	 16.060000 	 18.000000
   82 	 16.000000 	 16.020000 	 18.000000
   83 	 16.000000 	 16.000000 	 16.000000
   84 	 16.000000 	 16.000000 	 16.000000
   85 	 16.000000 	 16.000000 	 16.000000
   86 	 16.000000 	 16.000000 	 16.000000
   87 	 14.000000 	 15.980000 	 16.000000
   88 	 16.000000 	 16.000000 	 16.000000
   89 	 16.000000 	 16.000000 	 16.000000
   90 	 16.000000 	 16.000000 	 16.000000
   91 	 16.000000 	 16.000000 	 16.000000
   92 	 16.000000 	 16.000000 	 16.000000
   93 	 16.000000 	 16.000000 	 16.000000
   94 	 16.000000 	 16.000000 	 16.000000
   95 	 12.000000 	 15.960000 	 16.000000
   96 	 16.000000 	 16.000000 	 16.000000
   97 	 16.000000 	 16.000000 	 16.000000
   98 	 15.000000 	 15.990000 	 16.000000
   99 	 15.000000 	 15.990000 	 16.000000
 