   0 	 -1.000000 	 300647710.717317 	 4294967296.000000
    1 	 -1.000000 	 3435973836.799096 	 4294967296.000000
    2 	 -1.000000 	 3564822855.662500 	 4294967296.000000
    3 	 -1.000000 	 3865470566.400000 	 4294967296.000000
    4 	 -0.500000 	 3951369912.320000 	 4294967296.000000
    5 	 -0.500000 	 4037269258.240000 	 4294967296.000000
    6 	 -1.000000 	 3822520893.430000 	 4294967296.000000
    7 	 -0.500000 	 3908420239.370000 	 4294967296.000000
    8 	 -1.000000 	 3736621547.522500 	 4294967296.000000
    9 	 -0.333333 	 4209067950.081666 	 4294967296.000000
   10 	 -0.333333 	 3951369912.319166 	 4294967296.000000
   11 	 -1.000000 	 4209067950.075000 	 4294967296.000000
   12 	 -0.250000 	 4037269258.240000 	 4294967296.000000
   13 	 -1.000000 	 3779571220.485000 	 4294967296.000000
   14 	 -1.000000 	 3564822855.678595 	 4294967296.000000
   15 	 -0.500000 	 3951369912.319167 	 4294967296.000000
   16 	 -0.500000 	 4080218931.202500 	 4294967296.000000
   17 	 4294967296.000000 	 4294967296.000000 	 4294967296.000000
   18 	 4294967296.000000 	 4294967296.000000 	 4294967296.000000
   19 	 -1.000000 	 4209067950.080000 	 4294967296.000000
   20 	 4294967296.000000 	 4294967296.000000 	 4294967296.000000
   21 	 -0.333333 	 4209067950.079167 	 4294967296.000000
   22 	 4294967296.000000 	 4294967296.000000 	 4294967296.000000
   23 	 4294967296.000000 	 4294967296.000000 	 4294967296.000000
   24 	 -0.333333 	 4166118277.122500 	 4294967296.000000
   25 	 1.000000 	 4252017623.050000 	 4294967296.000000
   26 	 4294967296.000000 	 4294967296.000000 	 4294967296.000000
   27 	 4294967296.000000 	 4294967296.000000 	 4294967296.000000
   28 	 4294967296.000000 	 4294967296.000000 	 4294967296.000000
   29 	 4294967296.000000 	 4294967296.000000 	 4294967296.000000
   30 	 4294967296.000000 	 4294967296.000000 	 4294967296.000000
   31 	 4294967296.000000 	 4294967296.000000 	 4294967296.000000
   32 	 4294967296.000000 	 4294967296.000000 	 4294967296.000000
   33 	 -1.000000 	 4252017623.030000 	 4294967296.000000
   34 	 4294967296.000000 	 4294967296.000000 	 4294967296.000000
   35 	 4294967296.000000 	 4294967296.000000 	 4294967296.000000
   36 	 -1.000000 	 4252017623.030000 	 4294967296.000000
   37 	 -1.000000 	 4252017623.030000 	 4294967296.000000
   38 	 4294967296.000000 	 4294967296.000000 	 4294967296.000000
   39 	 4294967296.000000 	 4294967296.000000 	 4294967296.000000
   40 	 4294967296.000000 	 4294967296.000000 	 4294967296.000000
   41 	 4294967296.000000 	 4294967296.000000 	 4294967296.000000
   42 	 4294967296.000000 	 4294967296.000000 	 4294967296.000000
   43 	 4294967296.000000 	 4294967296.000000 	 4294967296.000000
   44 	 -0.250000 	 4252017623.037500 	 4294967296.000000
   45 	 4294967296.000000 	 4294967296.000000 	 4294967296.000000
   46 	 1.000000 	 4252017623.050000 	 4294967296.000000
   47 	 -0.200000 	 4252017623.038000 	 4294967296.000000
   48 	 4294967296.000000 	 4294967296.000000 	 4294967296.000000
   49 	 -0.333333 	 4252017623.036667 	 4294967296.000000
   50 	 4294967296.000000 	 4294967296.000000 	 4294967296.000000
   51 	 -0.333333 	 4252017623.036667 	 4294967296.000000
   52 	 4294967296.000000 	 4294967296.000000 	 4294967296.000000
   53 	 1.000000 	 4252017623.050000 	 4294967296.000000
   54 	 4294967296.000000 	 4294967296.000000 	 4294967296.000000
   55 	 4294967296.000000 	 4294967296.000000 	 4294967296.000000
   56 	 0.500000 	 4252017623.045000 	 4294967296.000000
   57 	 4294967296.000000 	 4294967296.000000 	 4294967296.000000
   58 	 4294967296.000000 	 4294967296.000000 	 4294967296.000000
   59 	 4294967296.000000 	 4294967296.000000 	 4294967296.000000
   60 	 4294967296.000000 	 4294967296.000000 	 4294967296.000000
   61 	 4294967296.000000 	 4294967296.000000 	 4294967296.000000
   62 	 4294967296.000000 	 4294967296.000000 	 4294967296.000000
   63 	 4294967296.000000 	 4294967296.000000 	 4294967296.000000
   64 	 4294967296.000000 	 4294967296.000000 	 4294967296.000000
   65 	 4294967296.000000 	 4294967296.000000 	 4294967296.000000
   66 	 4294967296.000000 	 4294967296.000000 	 4294967296.000000
   67 	 4294967296.000000 	 4294967296.000000 	 4294967296.000000
   68 	 4294967296.000000 	 4294967296.000000 	 4294967296.000000
   69 	 4294967296.000000 	 4294967296.000000 	 4294967296.000000
   70 	 4294967296.000000 	 4294967296.000000 	 4294967296.000000
   71 	 4294967296.000000 	 4294967296.000000 	 4294967296.000000
   72 	 -1.000000 	 4252017623.030000 	 4294967296.000000
   73 	 4294967296.000000 	 4294967296.000000 	 4294967296.000000
   74 	 -0.500000 	 4209067950.077500 	 4294967296.000000
   75 	 4294967296.000000 	 4294967296.000000 	 4294967296.000000
   76 	 4294967296.000000 	 4294967296.000000 	 4294967296.000000
   77 	 4294967296.000000 	 4294967296.000000 	 4294967296.000000
   78 	 4294967296.000000 	 4294967296.000000 	 4294967296.000000
   79 	 4294967296.000000 	 4294967296.000000 	 4294967296.000000
   80 	 4294967296.000000 	 4294967296.000000 	 4294967296.000000
   81 	 4294967296.000000 	 4294967296.000000 	 4294967296.000000
   82 	 4294967296.000000 	 4294967296.000000 	 4294967296.000000
   83 	 4294967296.000000 	 4294967296.000000 	 4294967296.000000
   84 	 4294967296.000000 	 4294967296.000000 	 4294967296.000000
   85 	 4294967296.000000 	 4294967296.000000 	 4294967296.000000
   86 	 4294967296.000000 	 4294967296.000000 	 4294967296.000000
   87 	 4294967296.000000 	 4294967296.000000 	 4294967296.000000
   88 	 4294967296.000000 	 4294967296.000000 	 4294967296.000000
   89 	 4294967296.000000 	 4294967296.000000 	 4294967296.000000
   90 	 4294967296.000000 	 4294967296.000000 	 4294967296.000000
   91 	 4294967296.000000 	 4294967296.000000 	 4294967296.000000
   92 	 4294967296.000000 	 4294967296.000000 	 4294967296.000000
   93 	 4294967296.000000 	 4294967296.000000 	 4294967296.000000
   94 	 4294967296.000000 	 4294967296.000000 	 4294967296.000000
   95 	 -0.500000 	 4252017623.035000 	 4294967296.000000
   96 	 4294967296.000000 	 4294967296.000000 	 4294967296.000000
   97 	 1.000000 	 4252017623.050000 	 4294967296.000000
   98 	 4294967296.000000 	 4294967296.000000 	 4294967296.000000
   99 	 4294967296.000000 	 4294967296.000000 	 4294967296.000000
 