   0 	 -1.000000 	 343597383.713955 	 4294967296.000000
    1 	 -1.000000 	 3779571220.478250 	 4294967296.000000
    2 	 -1.000000 	 3478923509.755500 	 4294967296.000000
    3 	 -1.000000 	 3221225472.035666 	 4294967296.000000
    4 	 -1.000000 	 3435973836.779667 	 4294967296.000000
    5 	 -0.250000 	 3908420239.379762 	 4294967296.000000
    6 	 -1.000000 	 3435973836.802091 	 4294967296.000000
    7 	 -0.500000 	 3951369912.325000 	 4294967296.000000
    8 	 -0.333333 	 3951369912.320000 	 4294967296.000000
    9 	 -1.000000 	 3607772528.638333 	 4294967296.000000
   10 	 -1.000000 	 3478923509.750000 	 4294967296.000000
   11 	 -1.000000 	 3435973836.820000 	 4294967296.000000
   12 	 -1.000000 	 3779571220.460000 	 4294967296.000000
   13 	 -1.000000 	 3736621547.522500 	 4294967296.000000
   14 	 -0.142857 	 4209067950.080000 	 4294967296.000000
   15 	 -1.000000 	 3908420239.368333 	 4294967296.000000
   16 	 -1.000000 	 3650722201.595091 	 4294967296.000000
   17 	 -1.000000 	 3951369912.320000 	 4294967296.000000
   18 	 -1.000000 	 3865470566.400000 	 4294967296.000000
   19 	 -1.000000 	 3779571220.479166 	 4294967296.000000
   20 	 -0.500000 	 3994319585.294166 	 4294967296.000000
   21 	 -1.000000 	 3822520893.443333 	 4294967296.000000
   22 	 -1.000000 	 3822520893.455655 	 4294967296.000000
   23 	 -1.000000 	 3865470566.400000 	 4294967296.000000
   24 	 -1.000000 	 4037269258.240000 	 4294967296.000000
   25 	 -1.000000 	 4123168604.160000 	 4294967296.000000
   26 	 -0.500000 	 3865470566.400833 	 4294967296.000000
   27 	 -1.000000 	 3951369912.300000 	 4294967296.000000
   28 	 -1.000000 	 3951369912.320000 	 4294967296.000000
   29 	 -1.000000 	 3951369912.325000 	 4294967296.000000
   30 	 -1.000000 	 4037269258.239167 	 4294967296.000000
   31 	 -1.000000 	 4080218931.190064 	 4294967296.000000
   32 	 -1.000000 	 3435973836.799500 	 4294967296.000000
   33 	 -0.500000 	 3951369912.337000 	 4294967296.000000
   34 	 -1.000000 	 4123168604.155000 	 4294967296.000000
   35 	 -0.250000 	 4209067950.080000 	 4294967296.000000
   36 	 -1.000000 	 4037269258.240000 	 4294967296.000000
   37 	 -1.000000 	 4209067950.080000 	 4294967296.000000
   38 	 -1.000000 	 4123168604.160000 	 4294967296.000000
   39 	 -0.250000 	 4080218931.197639 	 4294967296.000000
   40 	 -1.000000 	 4166118277.110000 	 4294967296.000000
   41 	 -0.500000 	 3908420239.368571 	 4294967296.000000
   42 	 -1.000000 	 4037269258.240000 	 4294967296.000000
   43 	 -1.000000 	 4037269258.240000 	 4294967296.000000
   44 	 -1.000000 	 3865470566.400000 	 4294967296.000000
   45 	 -1.000000 	 4037269258.240000 	 4294967296.000000
   46 	 -1.000000 	 4037269258.240000 	 4294967296.000000
   47 	 -1.000000 	 3822520893.430139 	 4294967296.000000
   48 	 -1.000000 	 4037269258.220000 	 4294967296.000000
   49 	 -1.000000 	 4209067950.080000 	 4294967296.000000
   50 	 -0.500000 	 4123168604.165000 	 4294967296.000000
   51 	 -0.500000 	 4037269258.240000 	 4294967296.000000
   52 	 -1.000000 	 4123168604.160000 	 4294967296.000000
   53 	 -0.333333 	 4166118277.122500 	 4294967296.000000
   54 	 4294967296.000000 	 4294967296.000000 	 4294967296.000000
   55 	 -0.500000 	 4209067950.080000 	 4294967296.000000
   56 	 -1.000000 	 4123168604.160000 	 4294967296.000000
   57 	 4294967296.000000 	 4294967296.000000 	 4294967296.000000
   58 	 -1.000000 	 3779571220.481667 	 4294967296.000000
   59 	 -0.333333 	 4209067950.080000 	 4294967296.000000
   60 	 -0.500000 	 4166118277.115500 	 4294967296.000000
   61 	 4294967296.000000 	 4294967296.000000 	 4294967296.000000
   62 	 -1.000000 	 4209067950.080000 	 4294967296.000000
   63 	 1.000000 	 4252017623.050000 	 4294967296.000000
   64 	 -1.000000 	 3994319585.270000 	 4294967296.000000
   65 	 -0.200000 	 4123168604.160000 	 4294967296.000000
   66 	 -1.000000 	 4080218931.200000 	 4294967296.000000
   67 	 -0.500000 	 4209067950.085000 	 4294967296.000000
   68 	 -1.000000 	 4252017623.030000 	 4294967296.000000
   69 	 -0.200000 	 4209067950.080000 	 4294967296.000000
   70 	 -0.250000 	 4252017623.037500 	 4294967296.000000
   71 	 -1.000000 	 4209067950.080000 	 4294967296.000000
   72 	 0.250000 	 4252017623.042500 	 4294967296.000000
   73 	 -1.000000 	 4209067950.080000 	 4294967296.000000
   74 	 4294967296.000000 	 4294967296.000000 	 4294967296.000000
   75 	 4294967296.000000 	 4294967296.000000 	 4294967296.000000
   76 	 4294967296.000000 	 4294967296.000000 	 4294967296.000000
   77 	 -1.000000 	 4209067950.080000 	 4294967296.000000
   78 	 0.500000 	 4252017623.045000 	 4294967296.000000
   79 	 4294967296.000000 	 4294967296.000000 	 4294967296.000000
   80 	 4294967296.000000 	 4294967296.000000 	 4294967296.000000
   81 	 4294967296.000000 	 4294967296.000000 	 4294967296.000000
   82 	 4294967296.000000 	 4294967296.000000 	 4294967296.000000
   83 	 4294967296.000000 	 4294967296.000000 	 4294967296.000000
   84 	 4294967296.000000 	 4294967296.000000 	 4294967296.000000
   85 	 4294967296.000000 	 4294967296.000000 	 4294967296.000000
   86 	 -1.000000 	 4252017623.030000 	 4294967296.000000
   87 	 -1.000000 	 4166118277.125000 	 4294967296.000000
   88 	 -1.000000 	 4252017623.030000 	 4294967296.000000
   89 	 4294967296.000000 	 4294967296.000000 	 4294967296.000000
   90 	 4294967296.000000 	 4294967296.000000 	 4294967296.000000
   91 	 1.000000 	 4252017623.050000 	 4294967296.000000
   92 	 -1.000000 	 4166118277.110000 	 4294967296.000000
   93 	 -1.000000 	 4209067950.080000 	 4294967296.000000
   94 	 4294967296.000000 	 4294967296.000000 	 4294967296.000000
   95 	 4294967296.000000 	 4294967296.000000 	 4294967296.000000
   96 	 4294967296.000000 	 4294967296.000000 	 4294967296.000000
   97 	 4294967296.000000 	 4294967296.000000 	 4294967296.000000
   98 	 4294967296.000000 	 4294967296.000000 	 4294967296.000000
   99 	 4294967296.000000 	 4294967296.000000 	 4294967296.000000
 