   0 	 -15.000000 	 -0.420000 	 13.000000
    1 	 5.000000 	 5.000000 	 5.000000
    2 	 5.000000 	 5.000000 	 5.000000
    3 	 5.000000 	 5.000000 	 5.000000
    4 	 5.000000 	 5.000000 	 5.000000
    5 	 5.000000 	 5.000000 	 5.000000
    6 	 5.000000 	 5.000000 	 5.000000
    7 	 5.000000 	 5.000000 	 5.000000
    8 	 5.000000 	 5.000000 	 5.000000
    9 	 5.000000 	 5.000000 	 5.000000
   10 	 5.000000 	 5.000000 	 5.000000
   11 	 5.000000 	 5.000000 	 5.000000
   12 	 5.000000 	 5.000000 	 5.000000
   13 	 5.000000 	 5.000000 	 5.000000
   14 	 5.000000 	 5.000000 	 5.000000
   15 	 5.000000 	 5.000000 	 5.000000
   16 	 5.000000 	 5.000000 	 5.000000
   17 	 5.000000 	 5.000000 	 5.000000
   18 	 5.000000 	 5.000000 	 5.000000
   19 	 5.000000 	 5.000000 	 5.000000
   20 	 5.000000 	 5.000000 	 5.000000
   21 	 5.000000 	 5.000000 	 5.000000
   22 	 5.000000 	 5.040000 	 9.000000
   23 	 5.000000 	 5.040000 	 9.000000
   24 	 5.000000 	 5.080000 	 9.000000
   25 	 5.000000 	 5.120000 	 9.000000
   26 	 5.000000 	 5.160000 	 9.000000
   27 	 5.000000 	 5.280000 	 9.000000
   28 	 5.000000 	 5.400000 	 9.000000
   29 	 5.000000 	 5.680000 	 9.000000
   30 	 5.000000 	 6.360000 	 9.000000
   31 	 5.000000 	 7.320000 	 9.000000
   32 	 5.000000 	 7.850000 	 10.000000
   33 	 5.000000 	 8.200000 	 9.000000
   34 	 5.000000 	 8.440000 	 9.000000
   35 	 5.000000 	 8.680000 	 9.000000
   36 	 5.000000 	 8.800000 	 9.000000
   37 	 5.000000 	 8.840000 	 9.000000
   38 	 5.000000 	 8.870000 	 9.000000
   39 	 5.000000 	 8.850000 	 9.000000
   40 	 5.000000 	 8.920000 	 9.000000
   41 	 5.000000 	 8.900000 	 9.000000
   42 	 5.000000 	 8.890000 	 9.000000
   43 	 8.000000 	 8.960000 	 9.000000
   44 	 8.000000 	 8.960000 	 9.000000
   45 	 8.000000 	 8.950000 	 9.000000
   46 	 8.000000 	 8.980000 	 9.000000
   47 	 8.000000 	 8.990000 	 9.000000
   48 	 8.000000 	 8.980000 	 9.000000
   49 	 7.000000 	 9.010000 	 13.000000
   50 	 7.000000 	 9.050000 	 13.000000
   51 	 9.000000 	 9.070000 	 13.000000
   52 	 9.000000 	 9.200000 	 13.000000
   53 	 9.000000 	 9.400000 	 13.000000
   54 	 9.000000 	 9.730000 	 13.000000
   55 	 9.000000 	 9.900000 	 13.000000
   56 	 9.000000 	 10.140000 	 13.000000
   57 	 9.000000 	 10.300000 	 13.000000
   58 	 9.000000 	 10.390000 	 13.000000
   59 	 9.000000 	 10.770000 	 13.000000
   60 	 9.000000 	 11.010000 	 13.000000
   61 	 9.000000 	 11.470000 	 16.000000
   62 	 9.000000 	 11.560000 	 16.000000
   63 	 9.000000 	 11.740000 	 16.000000
   64 	 9.000000 	 11.590000 	 16.000000
   65 	 9.000000 	 11.810000 	 16.000000
   66 	 9.000000 	 11.880000 	 16.000000
   67 	 9.000000 	 12.250000 	 16.000000
   68 	 9.000000 	 12.320000 	 16.000000
   69 	 9.000000 	 12.410000 	 16.000000
   70 	 9.000000 	 12.560000 	 16.000000
   71 	 9.000000 	 12.750000 	 16.000000
   72 	 9.000000 	 13.060000 	 16.000000
   73 	 9.000000 	 13.300000 	 16.000000
   74 	 7.000000 	 13.720000 	 16.000000
   75 	 9.000000 	 13.870000 	 16.000000
   76 	 9.000000 	 14.420000 	 16.000000
   77 	 9.000000 	 15.010000 	 16.000000
   78 	 9.000000 	 15.250000 	 16.000000
   79 	 9.000000 	 15.270000 	 16.000000
   80 	 12.000000 	 15.380000 	 16.000000
   81 	 12.000000 	 15.720000 	 16.000000
   82 	 12.000000 	 15.830000 	 16.000000
   83 	 12.000000 	 15.930000 	 16.000000
   84 	 12.000000 	 15.900000 	 16.000000
   85 	 12.000000 	 15.840000 	 16.000000
   86 	 12.000000 	 15.800000 	 16.000000
   87 	 12.000000 	 15.870000 	 16.000000
   88 	 12.000000 	 15.900000 	 16.000000
   89 	 13.000000 	 15.970000 	 16.000000
   90 	 13.000000 	 15.970000 	 16.000000
   91 	 13.000000 	 15.950000 	 16.000000
   92 	 14.000000 	 15.970000 	 17.000000
   93 	 14.000000 	 15.900000 	 16.000000
   94 	 14.000000 	 15.900000 	 16.000000
   95 	 12.000000 	 15.840000 	 16.000000
   96 	 14.000000 	 15.900000 	 16.000000
   97 	 14.000000 	 15.990000 	 17.000000
   98 	 14.000000 	 15.990000 	 17.000000
   99 	 14.000000 	 15.970000 	 17.000000
 