   0 	 -1.000000 	 386547056.570331 	 4294967296.000000
    1 	 -1.000000 	 4037269258.240000 	 4294967296.000000
    2 	 -1.000000 	 3264175144.960833 	 4294967296.000000
    3 	 -1.000000 	 3435973836.813833 	 4294967296.000000
    4 	 -1.000000 	 3435973836.806905 	 4294967296.000000
    5 	 -0.500000 	 3693671874.561071 	 4294967296.000000
    6 	 -1.000000 	 3435973836.805833 	 4294967296.000000
    7 	 -0.500000 	 3994319585.284167 	 4294967296.000000
    8 	 -1.000000 	 3607772528.657500 	 4294967296.000000
    9 	 -1.000000 	 3951369912.325000 	 4294967296.000000
   10 	 -0.500000 	 3865470566.405333 	 4294967296.000000
   11 	 -1.000000 	 4123168604.147500 	 4294967296.000000
   12 	 -1.000000 	 3693671874.556806 	 4294967296.000000
   13 	 -1.000000 	 3521873182.705000 	 4294967296.000000
   14 	 -1.000000 	 3650722201.595000 	 4294967296.000000
   15 	 -0.250000 	 4209067950.080000 	 4294967296.000000
   16 	 -1.000000 	 3564822855.685972 	 4294967296.000000
   17 	 -1.000000 	 3350074490.865000 	 4294967296.000000
   18 	 -1.000000 	 3951369912.320333 	 4294967296.000000
   19 	 -1.000000 	 3822520893.437500 	 4294967296.000000
   20 	 -1.000000 	 3908420239.355333 	 4294967296.000000
   21 	 -1.000000 	 3779571220.481666 	 4294967296.000000
   22 	 -1.000000 	 3693671874.559166 	 4294967296.000000
   23 	 -1.000000 	 4037269258.241167 	 4294967296.000000
   24 	 -0.500000 	 3779571220.480000 	 4294967296.000000
   25 	 -1.000000 	 3822520893.430738 	 4294967296.000000
   26 	 -1.000000 	 3779571220.462667 	 4294967296.000000
   27 	 -0.500000 	 3564822855.679334 	 4294967296.000000
   28 	 -1.000000 	 3822520893.430833 	 4294967296.000000
   29 	 -0.333333 	 4209067950.080000 	 4294967296.000000
   30 	 -0.500000 	 3607772528.642896 	 4294967296.000000
   31 	 -1.000000 	 3607772528.641305 	 4294967296.000000
   32 	 -0.250000 	 3865470566.400667 	 4294967296.000000
   33 	 -1.000000 	 3822520893.432167 	 4294967296.000000
   34 	 -0.200000 	 4123168604.160139 	 4294967296.000000
   35 	 -0.500000 	 3478923509.768334 	 4294967296.000000
   36 	 -0.500000 	 3736621547.530834 	 4294967296.000000
   37 	 -1.000000 	 4037269258.220000 	 4294967296.000000
   38 	 -1.000000 	 3822520893.440833 	 4294967296.000000
   39 	 -1.000000 	 3908420239.350167 	 4294967296.000000
   40 	 -1.000000 	 3865470566.385679 	 4294967296.000000
   41 	 -1.000000 	 3908420239.345000 	 4294967296.000000
   42 	 -0.500000 	 3779571220.480000 	 4294967296.000000
   43 	 -0.500000 	 3951369912.321666 	 4294967296.000000
   44 	 -0.500000 	 3994319585.290000 	 4294967296.000000
   45 	 -0.500000 	 3865470566.405833 	 4294967296.000000
   46 	 -1.000000 	 3822520893.436666 	 4294967296.000000
   47 	 -1.000000 	 3908420239.351805 	 4294967296.000000
   48 	 -0.500000 	 3951369912.320000 	 4294967296.000000
   49 	 -0.500000 	 3779571220.479822 	 4294967296.000000
   50 	 -1.000000 	 3779571220.470000 	 4294967296.000000
   51 	 -0.500000 	 3865470566.400000 	 4294967296.000000
   52 	 -1.000000 	 3951369912.315000 	 4294967296.000000
   53 	 -0.500000 	 3865470566.400000 	 4294967296.000000
   54 	 -0.500000 	 3779571220.482500 	 4294967296.000000
   55 	 -0.500000 	 3908420239.370000 	 4294967296.000000
   56 	 -1.000000 	 3951369912.315333 	 4294967296.000000
   57 	 -1.000000 	 4209067950.071667 	 4294967296.000000
   58 	 4294967296.000000 	 4294967296.000000 	 4294967296.000000
   59 	 -1.000000 	 4166118277.110000 	 4294967296.000000
   60 	 -0.500000 	 4209067950.080000 	 4294967296.000000
   61 	 -0.500000 	 4037269258.245139 	 4294967296.000000
   62 	 4294967296.000000 	 4294967296.000000 	 4294967296.000000
   63 	 4294967296.000000 	 4294967296.000000 	 4294967296.000000
   64 	 4294967296.000000 	 4294967296.000000 	 4294967296.000000
   65 	 4294967296.000000 	 4294967296.000000 	 4294967296.000000
   66 	 4294967296.000000 	 4294967296.000000 	 4294967296.000000
   67 	 -0.111111 	 4209067950.080139 	 4294967296.000000
   68 	 4294967296.000000 	 4294967296.000000 	 4294967296.000000
   69 	 -0.500000 	 4166118277.123333 	 4294967296.000000
   70 	 -0.333333 	 4123168604.161845 	 4294967296.000000
   71 	 4294967296.000000 	 4294967296.000000 	 4294967296.000000
   72 	 4294967296.000000 	 4294967296.000000 	 4294967296.000000
   73 	 4294967296.000000 	 4294967296.000000 	 4294967296.000000
   74 	 4294967296.000000 	 4294967296.000000 	 4294967296.000000
   75 	 0.250000 	 4252017623.042500 	 4294967296.000000
   76 	 4294967296.000000 	 4294967296.000000 	 4294967296.000000
   77 	 1.000000 	 4252017623.050000 	 4294967296.000000
   78 	 1.000000 	 4252017623.050000 	 4294967296.000000
   79 	 4294967296.000000 	 4294967296.000000 	 4294967296.000000
   80 	 -0.250000 	 4252017623.037500 	 4294967296.000000
   81 	 4294967296.000000 	 4294967296.000000 	 4294967296.000000
   82 	 4294967296.000000 	 4294967296.000000 	 4294967296.000000
   83 	 4294967296.000000 	 4294967296.000000 	 4294967296.000000
   84 	 4294967296.000000 	 4294967296.000000 	 4294967296.000000
   85 	 4294967296.000000 	 4294967296.000000 	 4294967296.000000
   86 	 4294967296.000000 	 4294967296.000000 	 4294967296.000000
   87 	 1.000000 	 4252017623.050000 	 4294967296.000000
   88 	 4294967296.000000 	 4294967296.000000 	 4294967296.000000
   89 	 4294967296.000000 	 4294967296.000000 	 4294967296.000000
   90 	 4294967296.000000 	 4294967296.000000 	 4294967296.000000
   91 	 4294967296.000000 	 4294967296.000000 	 4294967296.000000
   92 	 4294967296.000000 	 4294967296.000000 	 4294967296.000000
   93 	 4294967296.000000 	 4294967296.000000 	 4294967296.000000
   94 	 4294967296.000000 	 4294967296.000000 	 4294967296.000000
   95 	 4294967296.000000 	 4294967296.000000 	 4294967296.000000
   96 	 4294967296.000000 	 4294967296.000000 	 4294967296.000000
   97 	 4294967296.000000 	 4294967296.000000 	 4294967296.000000
   98 	 4294967296.000000 	 4294967296.000000 	 4294967296.000000
   99 	 4294967296.000000 	 4294967296.000000 	 4294967296.000000
 