   0 	 -1.000000 	 343597383.592873 	 4294967296.000000
    1 	 -1.000000 	 3521873182.736333 	 4294967296.000000
    2 	 -1.000000 	 3393024163.848694 	 4294967296.000000
    3 	 -1.000000 	 3307124817.912500 	 4294967296.000000
    4 	 -1.000000 	 3865470566.415000 	 4294967296.000000
    5 	 -1.000000 	 3521873182.722833 	 4294967296.000000
    6 	 -1.000000 	 3393024163.826667 	 4294967296.000000
    7 	 -0.500000 	 4080218931.210000 	 4294967296.000000
    8 	 -0.500000 	 3779571220.491667 	 4294967296.000000
    9 	 -1.000000 	 3221225472.001666 	 4294967296.000000
   10 	 -1.000000 	 3908420239.350000 	 4294967296.000000
   11 	 -1.000000 	 3650722201.602500 	 4294967296.000000
   12 	 -1.000000 	 3822520893.425666 	 4294967296.000000
   13 	 -1.000000 	 3564822855.671167 	 4294967296.000000
   14 	 -0.500000 	 3779571220.479666 	 4294967296.000000
   15 	 -1.000000 	 3478923509.751151 	 4294967296.000000
   16 	 -1.000000 	 3865470566.400000 	 4294967296.000000
   17 	 -1.000000 	 3650722201.590000 	 4294967296.000000
   18 	 -1.000000 	 3650722201.585833 	 4294967296.000000
   19 	 -0.500000 	 3951369912.320000 	 4294967296.000000
   20 	 -1.000000 	 3951369912.320000 	 4294967296.000000
   21 	 -1.000000 	 3521873182.724500 	 4294967296.000000
   22 	 -1.000000 	 3822520893.429909 	 4294967296.000000
   23 	 -1.000000 	 4123168604.140000 	 4294967296.000000
   24 	 -1.000000 	 3779571220.485000 	 4294967296.000000
   25 	 -0.250000 	 4166118277.117500 	 4294967296.000000
   26 	 -0.250000 	 3865470566.400500 	 4294967296.000000
   27 	 -1.000000 	 4166118277.109909 	 4294967296.000000
   28 	 -0.500000 	 4123168604.160000 	 4294967296.000000
   29 	 -0.250000 	 4080218931.210000 	 4294967296.000000
   30 	 -1.000000 	 4209067950.080000 	 4294967296.000000
   31 	 -0.250000 	 4080218931.197500 	 4294967296.000000
   32 	 -0.500000 	 4123168604.158334 	 4294967296.000000
   33 	 -0.333333 	 4123168604.159667 	 4294967296.000000
   34 	 -0.250000 	 4209067950.080000 	 4294967296.000000
   35 	 1.000000 	 4252017623.050000 	 4294967296.000000
   36 	 4294967296.000000 	 4294967296.000000 	 4294967296.000000
   37 	 4294967296.000000 	 4294967296.000000 	 4294967296.000000
   38 	 4294967296.000000 	 4294967296.000000 	 4294967296.000000
   39 	 4294967296.000000 	 4294967296.000000 	 4294967296.000000
   40 	 4294967296.000000 	 4294967296.000000 	 4294967296.000000
   41 	 4294967296.000000 	 4294967296.000000 	 4294967296.000000
   42 	 4294967296.000000 	 4294967296.000000 	 4294967296.000000
   43 	 0.250000 	 4252017623.042500 	 4294967296.000000
   44 	 1.000000 	 4252017623.050000 	 4294967296.000000
   45 	 4294967296.000000 	 4294967296.000000 	 4294967296.000000
   46 	 4294967296.000000 	 4294967296.000000 	 4294967296.000000
   47 	 4294967296.000000 	 4294967296.000000 	 4294967296.000000
   48 	 4294967296.000000 	 4294967296.000000 	 4294967296.000000
   49 	 4294967296.000000 	 4294967296.000000 	 4294967296.000000
   50 	 4294967296.000000 	 4294967296.000000 	 4294967296.000000
   51 	 4294967296.000000 	 4294967296.000000 	 4294967296.000000
   52 	 1.000000 	 4252017623.050000 	 4294967296.000000
   53 	 4294967296.000000 	 4294967296.000000 	 4294967296.000000
   54 	 4294967296.000000 	 4294967296.000000 	 4294967296.000000
   55 	 4294967296.000000 	 4294967296.000000 	 4294967296.000000
   56 	 4294967296.000000 	 4294967296.000000 	 4294967296.000000
   57 	 4294967296.000000 	 4294967296.000000 	 4294967296.000000
   58 	 4294967296.000000 	 4294967296.000000 	 4294967296.000000
   59 	 4294967296.000000 	 4294967296.000000 	 4294967296.000000
   60 	 4294967296.000000 	 4294967296.000000 	 4294967296.000000
   61 	 4294967296.000000 	 4294967296.000000 	 4294967296.000000
   62 	 4294967296.000000 	 4294967296.000000 	 4294967296.000000
   63 	 4294967296.000000 	 4294967296.000000 	 4294967296.000000
   64 	 0.250000 	 4209067950.092500 	 4294967296.000000
   65 	 4294967296.000000 	 4294967296.000000 	 4294967296.000000
   66 	 4294967296.000000 	 4294967296.000000 	 4294967296.000000
   67 	 4294967296.000000 	 4294967296.000000 	 4294967296.000000
   68 	 4294967296.000000 	 4294967296.000000 	 4294967296.000000
   69 	 0.250000 	 4209067950.085834 	 4294967296.000000
   70 	 1.000000 	 4252017623.050000 	 4294967296.000000
   71 	 4294967296.000000 	 4294967296.000000 	 4294967296.000000
   72 	 4294967296.000000 	 4294967296.000000 	 4294967296.000000
   73 	 4294967296.000000 	 4294967296.000000 	 4294967296.000000
   74 	 4294967296.000000 	 4294967296.000000 	 4294967296.000000
   75 	 4294967296.000000 	 4294967296.000000 	 4294967296.000000
   76 	 4294967296.000000 	 4294967296.000000 	 4294967296.000000
   77 	 4294967296.000000 	 4294967296.000000 	 4294967296.000000
   78 	 4294967296.000000 	 4294967296.000000 	 4294967296.000000
   79 	 4294967296.000000 	 4294967296.000000 	 4294967296.000000
   80 	 4294967296.000000 	 4294967296.000000 	 4294967296.000000
   81 	 4294967296.000000 	 4294967296.000000 	 4294967296.000000
   82 	 4294967296.000000 	 4294967296.000000 	 4294967296.000000
   83 	 4294967296.000000 	 4294967296.000000 	 4294967296.000000
   84 	 4294967296.000000 	 4294967296.000000 	 4294967296.000000
   85 	 4294967296.000000 	 4294967296.000000 	 4294967296.000000
   86 	 4294967296.000000 	 4294967296.000000 	 4294967296.000000
   87 	 4294967296.000000 	 4294967296.000000 	 4294967296.000000
   88 	 4294967296.000000 	 4294967296.000000 	 4294967296.000000
   89 	 4294967296.000000 	 4294967296.000000 	 4294967296.000000
   90 	 4294967296.000000 	 4294967296.000000 	 4294967296.000000
   91 	 4294967296.000000 	 4294967296.000000 	 4294967296.000000
   92 	 4294967296.000000 	 4294967296.000000 	 4294967296.000000
   93 	 4294967296.000000 	 4294967296.000000 	 4294967296.000000
   94 	 4294967296.000000 	 4294967296.000000 	 4294967296.000000
   95 	 4294967296.000000 	 4294967296.000000 	 4294967296.000000
   96 	 4294967296.000000 	 4294967296.000000 	 4294967296.000000
   97 	 4294967296.000000 	 4294967296.000000 	 4294967296.000000
   98 	 4294967296.000000 	 4294967296.000000 	 4294967296.000000
   99 	 4294967296.000000 	 4294967296.000000 	 4294967296.000000
 