   0 	 -16.000000 	 -1.390000 	 12.000000
    1 	 -9.000000 	 -7.920000 	 3.000000
    2 	 -9.000000 	 -9.000000 	 -9.000000
    3 	 -9.000000 	 -9.000000 	 -9.000000
    4 	 -9.000000 	 -9.000000 	 -9.000000
    5 	 -9.000000 	 -9.000000 	 -9.000000
    6 	 -9.000000 	 -9.000000 	 -9.000000
    7 	 -9.000000 	 -8.960000 	 -5.000000
    8 	 -10.000000 	 -8.980000 	 -6.000000
    9 	 -9.000000 	 -9.000000 	 -9.000000
   10 	 -9.000000 	 -9.000000 	 -9.000000
   11 	 -9.000000 	 -8.950000 	 -4.000000
   12 	 -10.000000 	 -9.010000 	 -9.000000
   13 	 -9.000000 	 -8.960000 	 -5.000000
   14 	 -9.000000 	 -9.000000 	 -9.000000
   15 	 -9.000000 	 -8.960000 	 -5.000000
   16 	 -9.000000 	 -9.000000 	 -9.000000
   17 	 -9.000000 	 -9.000000 	 -9.000000
   18 	 -9.000000 	 -9.000000 	 -9.000000
   19 	 -9.000000 	 -9.000000 	 -9.000000
   20 	 -9.000000 	 -9.000000 	 -9.000000
   21 	 -9.000000 	 -9.000000 	 -9.000000
   22 	 -9.000000 	 -9.000000 	 -9.000000
   23 	 -9.000000 	 -9.000000 	 -9.000000
   24 	 -9.000000 	 -9.000000 	 -9.000000
   25 	 -9.000000 	 -9.000000 	 -9.000000
   26 	 -9.000000 	 -9.000000 	 -9.000000
   27 	 -9.000000 	 -8.960000 	 -5.000000
   28 	 -9.000000 	 -9.000000 	 -9.000000
   29 	 -9.000000 	 -9.000000 	 -9.000000
   30 	 -9.000000 	 -9.000000 	 -9.000000
   31 	 -9.000000 	 -9.000000 	 -9.000000
   32 	 -9.000000 	 -9.000000 	 -9.000000
   33 	 -9.000000 	 -9.000000 	 -9.000000
   34 	 -9.000000 	 -9.000000 	 -9.000000
   35 	 -9.000000 	 -9.000000 	 -9.000000
   36 	 -9.000000 	 -9.000000 	 -9.000000
   37 	 -9.000000 	 -9.000000 	 -9.000000
   38 	 -9.000000 	 -9.000000 	 -9.000000
   39 	 -9.000000 	 -9.000000 	 -9.000000
   40 	 -9.000000 	 -9.000000 	 -9.000000
   41 	 -9.000000 	 -9.000000 	 -9.000000
   42 	 -9.000000 	 -9.000000 	 -9.000000
   43 	 -10.000000 	 -9.010000 	 -9.000000
   44 	 -9.000000 	 -9.000000 	 -9.000000
   45 	 -9.000000 	 -9.000000 	 -9.000000
   46 	 -11.000000 	 -9.020000 	 -9.000000
   47 	 -9.000000 	 -9.000000 	 -9.000000
   48 	 -9.000000 	 -9.000000 	 -9.000000
   49 	 -9.000000 	 -9.000000 	 -9.000000
   50 	 -9.000000 	 -9.000000 	 -9.000000
   51 	 -9.000000 	 -9.000000 	 -9.000000
   52 	 -9.000000 	 -9.000000 	 -9.000000
   53 	 -9.000000 	 -9.000000 	 -9.000000
   54 	 -9.000000 	 -9.000000 	 -9.000000
   55 	 -9.000000 	 -9.000000 	 -9.000000
   56 	 -9.000000 	 -8.990000 	 -8.000000
   57 	 -9.000000 	 -9.000000 	 -9.000000
   58 	 -9.000000 	 -9.000000 	 -9.000000
   59 	 -9.000000 	 -9.000000 	 -9.000000
   60 	 -9.000000 	 -9.000000 	 -9.000000
   61 	 -9.000000 	 -8.990000 	 -8.000000
   62 	 -9.000000 	 -9.000000 	 -9.000000
   63 	 -9.000000 	 -9.000000 	 -9.000000
   64 	 -10.000000 	 -9.010000 	 -9.000000
   65 	 -9.000000 	 -8.990000 	 -8.000000
   66 	 -9.000000 	 -9.000000 	 -9.000000
   67 	 -9.000000 	 -9.000000 	 -9.000000
   68 	 -9.000000 	 -9.000000 	 -9.000000
   69 	 -9.000000 	 -9.000000 	 -9.000000
   70 	 -9.000000 	 -9.000000 	 -9.000000
   71 	 -9.000000 	 -8.990000 	 -8.000000
   72 	 -9.000000 	 -8.960000 	 -5.000000
   73 	 -9.000000 	 -8.990000 	 -8.000000
   74 	 -9.000000 	 -9.000000 	 -9.000000
   75 	 -9.000000 	 -9.000000 	 -9.000000
   76 	 -9.000000 	 -9.000000 	 -9.000000
   77 	 -9.000000 	 -9.000000 	 -9.000000
   78 	 -10.000000 	 -9.010000 	 -9.000000
   79 	 -9.000000 	 -9.000000 	 -9.000000
   80 	 -9.000000 	 -9.000000 	 -9.000000
   81 	 -10.000000 	 -9.010000 	 -9.000000
   82 	 -9.000000 	 -9.000000 	 -9.000000
   83 	 -9.000000 	 -9.000000 	 -9.000000
   84 	 -9.000000 	 -9.000000 	 -9.000000
   85 	 -9.000000 	 -9.000000 	 -9.000000
   86 	 -9.000000 	 -9.000000 	 -9.000000
   87 	 -9.000000 	 -9.000000 	 -9.000000
   88 	 -9.000000 	 -9.000000 	 -9.000000
   89 	 -9.000000 	 -9.000000 	 -9.000000
   90 	 -9.000000 	 -9.000000 	 -9.000000
   91 	 -10.000000 	 -9.010000 	 -9.000000
   92 	 -9.000000 	 -9.000000 	 -9.000000
   93 	 -9.000000 	 -8.980000 	 -7.000000
   94 	 -9.000000 	 -9.000000 	 -9.000000
   95 	 -9.000000 	 -9.000000 	 -9.000000
   96 	 -9.000000 	 -9.000000 	 -9.000000
   97 	 -9.000000 	 -9.000000 	 -9.000000
   98 	 -12.000000 	 -9.030000 	 -9.000000
   99 	 -9.000000 	 -9.000000 	 -9.000000
 