   0 	 -13.000000 	 0.230000 	 12.000000
    1 	 1.000000 	 7.280000 	 12.000000
    2 	 0.000000 	 7.800000 	 14.000000
    3 	 1.000000 	 8.340000 	 15.000000
    4 	 4.000000 	 9.610000 	 15.000000
    5 	 2.000000 	 10.130000 	 15.000000
    6 	 5.000000 	 11.580000 	 16.000000
    7 	 7.000000 	 12.130000 	 16.000000
    8 	 7.000000 	 12.840000 	 17.000000
    9 	 7.000000 	 13.130000 	 17.000000
   10 	 7.000000 	 13.650000 	 16.000000
   11 	 7.000000 	 13.950000 	 16.000000
   12 	 7.000000 	 14.350000 	 16.000000
   13 	 7.000000 	 14.580000 	 16.000000
   14 	 8.000000 	 14.940000 	 16.000000
   15 	 11.000000 	 15.200000 	 17.000000
   16 	 14.000000 	 15.440000 	 17.000000
   17 	 14.000000 	 15.460000 	 17.000000
   18 	 14.000000 	 15.520000 	 17.000000
   19 	 13.000000 	 15.650000 	 17.000000
   20 	 13.000000 	 15.580000 	 17.000000
   21 	 13.000000 	 15.680000 	 17.000000
   22 	 13.000000 	 15.620000 	 17.000000
   23 	 13.000000 	 15.700000 	 17.000000
   24 	 9.000000 	 15.640000 	 17.000000
   25 	 13.000000 	 15.680000 	 17.000000
   26 	 13.000000 	 15.690000 	 17.000000
   27 	 13.000000 	 15.660000 	 17.000000
   28 	 13.000000 	 15.780000 	 17.000000
   29 	 14.000000 	 15.830000 	 17.000000
   30 	 13.000000 	 15.840000 	 17.000000
   31 	 13.000000 	 15.920000 	 17.000000
   32 	 13.000000 	 15.910000 	 17.000000
   33 	 15.000000 	 16.040000 	 19.000000
   34 	 15.000000 	 16.050000 	 17.000000
   35 	 14.000000 	 15.950000 	 18.000000
   36 	 14.000000 	 16.080000 	 17.000000
   37 	 13.000000 	 16.140000 	 18.000000
   38 	 13.000000 	 16.080000 	 17.000000
   39 	 13.000000 	 16.040000 	 17.000000
   40 	 13.000000 	 16.150000 	 17.000000
   41 	 13.000000 	 16.230000 	 17.000000
   42 	 12.000000 	 16.250000 	 19.000000
   43 	 12.000000 	 16.250000 	 17.000000
   44 	 15.000000 	 16.430000 	 17.000000
   45 	 15.000000 	 16.460000 	 17.000000
   46 	 15.000000 	 16.440000 	 17.000000
   47 	 15.000000 	 16.430000 	 17.000000
   48 	 15.000000 	 16.580000 	 17.000000
   49 	 15.000000 	 16.570000 	 17.000000
   50 	 15.000000 	 16.570000 	 17.000000
   51 	 15.000000 	 16.670000 	 17.000000
   52 	 15.000000 	 16.590000 	 17.000000
   53 	 15.000000 	 16.720000 	 17.000000
   54 	 14.000000 	 16.690000 	 17.000000
   55 	 14.000000 	 16.780000 	 17.000000
   56 	 14.000000 	 16.790000 	 17.000000
   57 	 14.000000 	 16.760000 	 17.000000
   58 	 14.000000 	 16.780000 	 17.000000
   59 	 14.000000 	 16.820000 	 17.000000
   60 	 14.000000 	 16.840000 	 17.000000
   61 	 16.000000 	 16.910000 	 17.000000
   62 	 16.000000 	 16.980000 	 17.000000
   63 	 16.000000 	 16.970000 	 17.000000
   64 	 15.000000 	 16.920000 	 17.000000
   65 	 15.000000 	 16.910000 	 17.000000
   66 	 15.000000 	 16.890000 	 17.000000
   67 	 15.000000 	 16.930000 	 17.000000
   68 	 15.000000 	 16.890000 	 17.000000
   69 	 15.000000 	 16.920000 	 17.000000
   70 	 15.000000 	 16.940000 	 17.000000
   71 	 17.000000 	 17.000000 	 17.000000
   72 	 17.000000 	 17.000000 	 17.000000
   73 	 17.000000 	 17.000000 	 17.000000
   74 	 17.000000 	 17.000000 	 17.000000
   75 	 17.000000 	 17.000000 	 17.000000
   76 	 16.000000 	 16.990000 	 17.000000
   77 	 16.000000 	 16.980000 	 17.000000
   78 	 13.000000 	 16.940000 	 17.000000
   79 	 17.000000 	 17.000000 	 17.000000
   80 	 17.000000 	 17.000000 	 17.000000
   81 	 13.000000 	 16.960000 	 17.000000
   82 	 16.000000 	 16.990000 	 17.000000
   83 	 17.000000 	 17.000000 	 17.000000
   84 	 17.000000 	 17.000000 	 17.000000
   85 	 16.000000 	 16.990000 	 17.000000
   86 	 16.000000 	 16.970000 	 17.000000
   87 	 17.000000 	 17.000000 	 17.000000
   88 	 17.000000 	 17.010000 	 18.000000
   89 	 17.000000 	 17.010000 	 18.000000
   90 	 17.000000 	 17.010000 	 18.000000
   91 	 17.000000 	 17.020000 	 18.000000
   92 	 17.000000 	 17.010000 	 18.000000
   93 	 17.000000 	 17.020000 	 18.000000
   94 	 17.000000 	 17.010000 	 18.000000
   95 	 17.000000 	 17.000000 	 17.000000
   96 	 17.000000 	 17.000000 	 17.000000
   97 	 17.000000 	 17.000000 	 17.000000
   98 	 17.000000 	 17.000000 	 17.000000
   99 	 17.000000 	 17.000000 	 17.000000
 