   0 	 -1.000000 	 214748364.775942 	 4294967296.000000
    1 	 -1.000000 	 1116691497.036516 	 4294967296.000000
    2 	 -1.000000 	 1846835937.310405 	 4294967296.000000
    3 	 -1.000000 	 1245540515.868500 	 4294967296.000000
    4 	 -1.000000 	 1202590842.910929 	 4294967296.000000
    5 	 -1.000000 	 2018634629.132714 	 4294967296.000000
    6 	 -1.000000 	 1675037245.462314 	 4294967296.000000
    7 	 -1.000000 	 2362232012.814833 	 4294967296.000000
    8 	 -1.000000 	 3049426780.195833 	 4294967296.000000
    9 	 -1.000000 	 2834678415.363810 	 4294967296.000000
   10 	 -1.000000 	 2963527434.220100 	 4294967296.000000
   11 	 -1.000000 	 3135326126.101166 	 4294967296.000000
   12 	 -1.000000 	 3049426780.207167 	 4294967296.000000
   13 	 -1.000000 	 3049426780.156833 	 4294967296.000000
   14 	 -1.000000 	 2791728742.407667 	 4294967296.000000
   15 	 -1.000000 	 3135326126.161333 	 4294967296.000000
   16 	 -1.000000 	 2920577761.284500 	 4294967296.000000
   17 	 -1.000000 	 2834678415.374834 	 4294967296.000000
   18 	 -1.000000 	 3006477107.172333 	 4294967296.000000
   19 	 -1.000000 	 2576980377.634762 	 4294967296.000000
   20 	 -1.000000 	 3135326126.132833 	 4294967296.000000
   21 	 -1.000000 	 3049426780.185667 	 4294967296.000000
   22 	 -1.000000 	 3178275799.020334 	 4294967296.000000
   23 	 -1.000000 	 2877628088.328334 	 4294967296.000000
   24 	 -1.000000 	 3178275798.996000 	 4294967296.000000
   25 	 -1.000000 	 3264175144.975262 	 4294967296.000000
   26 	 -1.000000 	 3650722201.645000 	 4294967296.000000
   27 	 -1.000000 	 3178275799.037667 	 4294967296.000000
   28 	 -1.000000 	 3435973836.779167 	 4294967296.000000
   29 	 -1.000000 	 3393024163.905833 	 4294967296.000000
   30 	 -1.000000 	 2963527434.174500 	 4294967296.000000
   31 	 -1.000000 	 3092376453.162000 	 4294967296.000000
   32 	 -1.000000 	 3393024163.772833 	 4294967296.000000
   33 	 -1.000000 	 3264175144.981500 	 4294967296.000000
   34 	 -1.000000 	 3779571220.461500 	 4294967296.000000
   35 	 -1.000000 	 3607772528.615905 	 4294967296.000000
   36 	 -1.000000 	 3435973836.774000 	 4294967296.000000
   37 	 -1.000000 	 3478923509.761167 	 4294967296.000000
   38 	 -1.000000 	 3435973836.827000 	 4294967296.000000
   39 	 -1.000000 	 3264175144.964833 	 4294967296.000000
   40 	 -1.000000 	 3307124817.941500 	 4294967296.000000
   41 	 -1.000000 	 3264175144.938834 	 4294967296.000000
   42 	 -1.000000 	 3564822855.698905 	 4294967296.000000
   43 	 -1.000000 	 2920577761.235333 	 4294967296.000000
   44 	 -1.000000 	 3264175144.961999 	 4294967296.000000
   45 	 -1.000000 	 2791728742.389000 	 4294967296.000000
   46 	 -1.000000 	 2920577761.295499 	 4294967296.000000
   47 	 -1.000000 	 3564822855.668834 	 4294967296.000000
   48 	 -1.000000 	 2920577761.245928 	 4294967296.000000
   49 	 -1.000000 	 3650722201.595000 	 4294967296.000000
   50 	 -1.000000 	 3350074490.830000 	 4294967296.000000
   51 	 -1.000000 	 3135326126.117500 	 4294967296.000000
   52 	 -1.000000 	 3521873182.699250 	 4294967296.000000
   53 	 -1.000000 	 3350074490.857500 	 4294967296.000000
   54 	 -1.000000 	 3264175144.913333 	 4294967296.000000
   55 	 -1.000000 	 3006477107.152333 	 4294967296.000000
   56 	 -1.000000 	 3393024163.833333 	 4294967296.000000
   57 	 -1.000000 	 3435973836.843166 	 4294967296.000000
   58 	 -1.000000 	 3607772528.634166 	 4294967296.000000
   59 	 -1.000000 	 3951369912.321167 	 4294967296.000000
   60 	 -1.000000 	 3049426780.106000 	 4294967296.000000
   61 	 -1.000000 	 3435973836.794166 	 4294967296.000000
   62 	 -1.000000 	 3521873182.710833 	 4294967296.000000
   63 	 -1.000000 	 3307124817.860333 	 4294967296.000000
   64 	 -1.000000 	 3350074490.863905 	 4294967296.000000
   65 	 -1.000000 	 3307124817.930500 	 4294967296.000000
   66 	 -1.000000 	 3350074490.917167 	 4294967296.000000
   67 	 -1.000000 	 3350074490.911666 	 4294967296.000000
   68 	 -1.000000 	 3478923509.790834 	 4294967296.000000
   69 	 -1.000000 	 3393024163.847333 	 4294967296.000000
   70 	 -1.000000 	 3350074490.853000 	 4294967296.000000
   71 	 -1.000000 	 3264175144.943501 	 4294967296.000000
   72 	 -1.000000 	 3221225471.985333 	 4294967296.000000
   73 	 -1.000000 	 3564822855.692500 	 4294967296.000000
   74 	 -1.000000 	 3779571220.414166 	 4294967296.000000
   75 	 -1.000000 	 3564822855.710000 	 4294967296.000000
   76 	 -1.000000 	 3435973836.812834 	 4294967296.000000
   77 	 -1.000000 	 3350074490.907595 	 4294967296.000000
   78 	 -1.000000 	 3350074490.818667 	 4294967296.000000
   79 	 -1.000000 	 3221225472.002167 	 4294967296.000000
   80 	 -1.000000 	 3607772528.610167 	 4294967296.000000
   81 	 -1.000000 	 3350074490.879333 	 4294967296.000000
   82 	 -1.000000 	 3435973836.832500 	 4294967296.000000
   83 	 -1.000000 	 3264175144.919501 	 4294967296.000000
   84 	 -1.000000 	 2920577761.221905 	 4294967296.000000
   85 	 -1.000000 	 3264175144.972667 	 4294967296.000000
   86 	 -1.000000 	 3393024163.890833 	 4294967296.000000
   87 	 -1.000000 	 3049426780.135428 	 4294967296.000000
   88 	 -1.000000 	 3264175145.004000 	 4294967296.000000
   89 	 -1.000000 	 3221225471.982833 	 4294967296.000000
   90 	 -1.000000 	 3564822855.682833 	 4294967296.000000
   91 	 -1.000000 	 3393024163.823500 	 4294967296.000000
   92 	 -1.000000 	 3478923509.769250 	 4294967296.000000
   93 	 -1.000000 	 3393024163.813667 	 4294967296.000000
   94 	 -1.000000 	 3006477107.143666 	 4294967296.000000
   95 	 -1.000000 	 3478923509.734000 	 4294967296.000000
   96 	 -1.000000 	 3607772528.624500 	 4294967296.000000
   97 	 -1.000000 	 3564822855.701666 	 4294967296.000000
   98 	 -1.000000 	 3350074490.835000 	 4294967296.000000
   99 	 -1.000000 	 3393024163.818833 	 4294967296.000000
 