   0 	 -1.000000 	 214748364.827727 	 4294967296.000000
    1 	 -1.000000 	 1331439861.798444 	 4294967296.000000
    2 	 -1.000000 	 1889785610.230361 	 4294967296.000000
    3 	 -1.000000 	 1417339207.667651 	 4294967296.000000
    4 	 -1.000000 	 2619930050.550032 	 4294967296.000000
    5 	 -1.000000 	 2748779069.405833 	 4294967296.000000
    6 	 -1.000000 	 3822520893.410000 	 4294967296.000000
    7 	 -1.000000 	 3264175144.937500 	 4294967296.000000
    8 	 -1.000000 	 3650722201.592500 	 4294967296.000000
    9 	 -1.000000 	 3650722201.560833 	 4294967296.000000
   10 	 -1.000000 	 3307124817.896250 	 4294967296.000000
   11 	 -1.000000 	 3822520893.389167 	 4294967296.000000
   12 	 -1.000000 	 3178275798.915000 	 4294967296.000000
   13 	 -1.000000 	 3607772528.604166 	 4294967296.000000
   14 	 -0.500000 	 3693671874.548333 	 4294967296.000000
   15 	 -1.000000 	 3478923509.759667 	 4294967296.000000
   16 	 -1.000000 	 3435973836.749167 	 4294967296.000000
   17 	 -1.000000 	 3822520893.440833 	 4294967296.000000
   18 	 -1.000000 	 3478923509.716667 	 4294967296.000000
   19 	 -1.000000 	 3650722201.600250 	 4294967296.000000
   20 	 -1.000000 	 3221225471.950834 	 4294967296.000000
   21 	 -1.000000 	 3435973836.760500 	 4294967296.000000
   22 	 -1.000000 	 3307124817.884167 	 4294967296.000000
   23 	 -1.000000 	 2834678415.335833 	 4294967296.000000
   24 	 -1.000000 	 3478923509.760000 	 4294967296.000000
   25 	 -1.000000 	 3607772528.659166 	 4294967296.000000
   26 	 -1.000000 	 3393024163.852500 	 4294967296.000000
   27 	 -1.000000 	 3435973836.756666 	 4294967296.000000
   28 	 -1.000000 	 3178275799.033750 	 4294967296.000000
   29 	 -1.000000 	 3264175144.956095 	 4294967296.000000
   30 	 -1.000000 	 3564822855.692500 	 4294967296.000000
   31 	 -1.000000 	 3779571220.470833 	 4294967296.000000
   32 	 -1.000000 	 3307124817.893334 	 4294967296.000000
   33 	 -1.000000 	 3693671874.606667 	 4294967296.000000
   34 	 -0.500000 	 3736621547.531904 	 4294967296.000000
   35 	 -1.000000 	 3178275799.006250 	 4294967296.000000
   36 	 -1.000000 	 3264175144.961999 	 4294967296.000000
   37 	 -1.000000 	 3264175144.951500 	 4294967296.000000
   38 	 -1.000000 	 3178275799.012000 	 4294967296.000000
   39 	 -1.000000 	 3350074490.867000 	 4294967296.000000
   40 	 -1.000000 	 3521873182.702666 	 4294967296.000000
   41 	 -1.000000 	 3607772528.651667 	 4294967296.000000
   42 	 -1.000000 	 3478923509.760001 	 4294967296.000000
   43 	 -1.000000 	 3607772528.632500 	 4294967296.000000
   44 	 -1.000000 	 3521873182.708334 	 4294967296.000000
   45 	 -1.000000 	 3435973836.720738 	 4294967296.000000
   46 	 -1.000000 	 3393024163.831667 	 4294967296.000000
   47 	 -1.000000 	 3178275799.082001 	 4294967296.000000
   48 	 -1.000000 	 3307124817.897501 	 4294967296.000000
   49 	 -1.000000 	 3350074490.829667 	 4294967296.000000
   50 	 -1.000000 	 3135326126.065000 	 4294967296.000000
   51 	 -1.000000 	 3521873182.725833 	 4294967296.000000
   52 	 -1.000000 	 3221225471.958834 	 4294967296.000000
   53 	 -1.000000 	 3650722201.596667 	 4294967296.000000
   54 	 -1.000000 	 3693671874.507500 	 4294967296.000000
   55 	 -1.000000 	 3564822855.682500 	 4294967296.000000
   56 	 -1.000000 	 3478923509.787500 	 4294967296.000000
   57 	 -1.000000 	 3650722201.607500 	 4294967296.000000
   58 	 -1.000000 	 3607772528.644167 	 4294967296.000000
   59 	 -1.000000 	 3650722201.611111 	 4294967296.000000
   60 	 -1.000000 	 3307124817.925500 	 4294967296.000000
   61 	 -1.000000 	 3350074490.867500 	 4294967296.000000
   62 	 -1.000000 	 3521873182.687500 	 4294967296.000000
   63 	 -1.000000 	 3350074490.877167 	 4294967296.000000
   64 	 -1.000000 	 3393024163.795905 	 4294967296.000000
   65 	 -1.000000 	 3736621547.485500 	 4294967296.000000
   66 	 -1.000000 	 3650722201.588000 	 4294967296.000000
   67 	 -1.000000 	 3393024163.807333 	 4294967296.000000
   68 	 -1.000000 	 3350074490.869167 	 4294967296.000000
   69 	 -1.000000 	 3264175144.970083 	 4294967296.000000
   70 	 -1.000000 	 3135326126.011667 	 4294967296.000000
   71 	 -1.000000 	 3350074490.846333 	 4294967296.000000
   72 	 -1.000000 	 3478923509.738833 	 4294967296.000000
   73 	 -1.000000 	 3393024163.867500 	 4294967296.000000
   74 	 -1.000000 	 3521873182.714167 	 4294967296.000000
   75 	 -1.000000 	 3435973836.777500 	 4294967296.000000
   76 	 -1.000000 	 3822520893.421666 	 4294967296.000000
   77 	 -1.000000 	 3521873182.732500 	 4294967296.000000
   78 	 -1.000000 	 3350074490.860834 	 4294967296.000000
   79 	 -1.000000 	 3607772528.580500 	 4294967296.000000
   80 	 -1.000000 	 3393024163.818072 	 4294967296.000000
   81 	 -1.000000 	 3564822855.666999 	 4294967296.000000
   82 	 -1.000000 	 3350074490.863833 	 4294967296.000000
   83 	 -1.000000 	 3650722201.606666 	 4294967296.000000
   84 	 -1.000000 	 3307124817.898334 	 4294967296.000000
   85 	 -1.000000 	 3478923509.772166 	 4294967296.000000
   86 	 -1.000000 	 3650722201.602167 	 4294967296.000000
   87 	 -1.000000 	 3521873182.720001 	 4294967296.000000
   88 	 -1.000000 	 3393024163.802738 	 4294967296.000000
   89 	 -1.000000 	 3521873182.677500 	 4294967296.000000
   90 	 -1.000000 	 3435973836.772833 	 4294967296.000000
   91 	 -1.000000 	 3650722201.614166 	 4294967296.000000
   92 	 -1.000000 	 3521873182.755167 	 4294967296.000000
   93 	 -1.000000 	 3478923509.770000 	 4294967296.000000
   94 	 -1.000000 	 3307124817.863334 	 4294967296.000000
   95 	 -1.000000 	 3393024163.879166 	 4294967296.000000
   96 	 -1.000000 	 3478923509.770500 	 4294967296.000000
   97 	 -1.000000 	 3607772528.626999 	 4294967296.000000
   98 	 -1.000000 	 3693671874.555834 	 4294967296.000000
   99 	 -1.000000 	 3779571220.492501 	 4294967296.000000
 