   0 	 -1.000000 	 214748364.869084 	 4294967296.000000
    1 	 -1.000000 	 1288490188.773738 	 4294967296.000000
    2 	 -1.000000 	 1503238553.655893 	 4294967296.000000
    3 	 -1.000000 	 1589137899.500916 	 4294967296.000000
    4 	 -1.000000 	 1546188226.467726 	 4294967296.000000
    5 	 -1.000000 	 1331439861.743072 	 4294967296.000000
    6 	 -1.000000 	 2018634629.078262 	 4294967296.000000
    7 	 -1.000000 	 2276332666.857500 	 4294967296.000000
    8 	 -1.000000 	 3006477107.105167 	 4294967296.000000
    9 	 -1.000000 	 2791728742.354429 	 4294967296.000000
   10 	 -1.000000 	 3006477107.235000 	 4294967296.000000
   11 	 -1.000000 	 2576980377.569000 	 4294967296.000000
   12 	 -1.000000 	 2791728742.393334 	 4294967296.000000
   13 	 -1.000000 	 3264175144.952333 	 4294967296.000000
   14 	 -1.000000 	 3435973836.760071 	 4294967296.000000
   15 	 -1.000000 	 3435973836.810416 	 4294967296.000000
   16 	 -1.000000 	 3135326126.088667 	 4294967296.000000
   17 	 -1.000000 	 3178275799.087167 	 4294967296.000000
   18 	 -1.000000 	 2705829396.443666 	 4294967296.000000
   19 	 -0.500000 	 3521873182.743001 	 4294967296.000000
   20 	 -1.000000 	 3135326126.039166 	 4294967296.000000
   21 	 -1.000000 	 3178275799.000667 	 4294967296.000000
   22 	 -1.000000 	 3521873182.755834 	 4294967296.000000
   23 	 -1.000000 	 3264175144.995000 	 4294967296.000000
   24 	 -1.000000 	 3006477107.154333 	 4294967296.000000
   25 	 -1.000000 	 3393024163.831833 	 4294967296.000000
   26 	 -1.000000 	 3049426780.155000 	 4294967296.000000
   27 	 -1.000000 	 3135326126.106666 	 4294967296.000000
   28 	 -1.000000 	 3049426780.140333 	 4294967296.000000
   29 	 -1.000000 	 3006477107.257500 	 4294967296.000000
   30 	 -1.000000 	 2963527434.260500 	 4294967296.000000
   31 	 -1.000000 	 3221225472.053334 	 4294967296.000000
   32 	 -1.000000 	 3178275799.035333 	 4294967296.000000
   33 	 -1.000000 	 3049426780.153333 	 4294967296.000000
   34 	 -1.000000 	 3135326126.013334 	 4294967296.000000
   35 	 -1.000000 	 3307124817.981666 	 4294967296.000000
   36 	 -1.000000 	 3049426780.151834 	 4294967296.000000
   37 	 -1.000000 	 3178275799.074500 	 4294967296.000000
   38 	 -1.000000 	 3006477107.275834 	 4294967296.000000
   39 	 -1.000000 	 3478923509.771666 	 4294967296.000000
   40 	 -1.000000 	 3307124817.971167 	 4294967296.000000
   41 	 -1.000000 	 3350074490.933928 	 4294967296.000000
   42 	 -1.000000 	 3135326126.129762 	 4294967296.000000
   43 	 -1.000000 	 3264175144.997000 	 4294967296.000000
   44 	 -1.000000 	 3350074490.930929 	 4294967296.000000
   45 	 -1.000000 	 3650722201.621500 	 4294967296.000000
   46 	 -1.000000 	 3693671874.578750 	 4294967296.000000
   47 	 -1.000000 	 3135326126.135500 	 4294967296.000000
   48 	 -0.500000 	 3865470566.417833 	 4294967296.000000
   49 	 -1.000000 	 3435973836.800000 	 4294967296.000000
   50 	 -1.000000 	 3564822855.696167 	 4294967296.000000
   51 	 -1.000000 	 3393024163.905238 	 4294967296.000000
   52 	 -1.000000 	 3521873182.709167 	 4294967296.000000
   53 	 -1.000000 	 3393024163.908334 	 4294967296.000000
   54 	 -1.000000 	 3435973836.854167 	 4294967296.000000
   55 	 -1.000000 	 3435973836.808500 	 4294967296.000000
   56 	 -1.000000 	 3564822855.737928 	 4294967296.000000
   57 	 -1.000000 	 3693671874.568333 	 4294967296.000000
   58 	 -1.000000 	 3350074490.903501 	 4294967296.000000
   59 	 -1.000000 	 3779571220.485416 	 4294967296.000000
   60 	 -0.500000 	 3650722201.648751 	 4294967296.000000
   61 	 -1.000000 	 3736621547.563072 	 4294967296.000000
   62 	 -1.000000 	 3135326126.154000 	 4294967296.000000
   63 	 -1.000000 	 3521873182.740334 	 4294967296.000000
   64 	 -1.000000 	 3693671874.553334 	 4294967296.000000
   65 	 -0.500000 	 3307124818.013667 	 4294967296.000000
   66 	 -1.000000 	 3264175144.986762 	 4294967296.000000
   67 	 -1.000000 	 3478923509.820333 	 4294967296.000000
   68 	 -1.000000 	 3435973836.859167 	 4294967296.000000
   69 	 -1.000000 	 3564822855.745000 	 4294967296.000000
   70 	 -1.000000 	 3564822855.685417 	 4294967296.000000
   71 	 -1.000000 	 3350074490.934500 	 4294967296.000000
   72 	 -1.000000 	 3393024163.894666 	 4294967296.000000
   73 	 -1.000000 	 3736621547.525000 	 4294967296.000000
   74 	 -0.500000 	 3736621547.562334 	 4294967296.000000
   75 	 -1.000000 	 3264175145.007417 	 4294967296.000000
   76 	 -1.000000 	 3607772528.710833 	 4294967296.000000
   77 	 -1.000000 	 3307124817.949166 	 4294967296.000000
   78 	 -1.000000 	 3350074490.876167 	 4294967296.000000
   79 	 -1.000000 	 3350074490.898333 	 4294967296.000000
   80 	 -1.000000 	 3350074490.988667 	 4294967296.000000
   81 	 -1.000000 	 3564822855.664667 	 4294967296.000000
   82 	 -1.000000 	 3307124817.954166 	 4294967296.000000
   83 	 -1.000000 	 3564822855.701167 	 4294967296.000000
   84 	 -1.000000 	 3135326126.106999 	 4294967296.000000
   85 	 -1.000000 	 3521873182.772833 	 4294967296.000000
   86 	 -1.000000 	 3521873182.742000 	 4294967296.000000
   87 	 -1.000000 	 3350074490.874738 	 4294967296.000000
   88 	 -1.000000 	 3478923509.740667 	 4294967296.000000
   89 	 -1.000000 	 3307124817.915500 	 4294967296.000000
   90 	 -1.000000 	 3264175144.943916 	 4294967296.000000
   91 	 -1.000000 	 3264175145.000000 	 4294967296.000000
   92 	 -1.000000 	 3521873182.743000 	 4294967296.000000
   93 	 -1.000000 	 3435973836.803333 	 4294967296.000000
   94 	 -1.000000 	 3478923509.768500 	 4294967296.000000
   95 	 -1.000000 	 3221225472.037833 	 4294967296.000000
   96 	 -1.000000 	 3307124817.997000 	 4294967296.000000
   97 	 -1.000000 	 3650722201.614833 	 4294967296.000000
   98 	 -1.000000 	 3521873182.747000 	 4294967296.000000
   99 	 -1.000000 	 3607772528.668333 	 4294967296.000000
 