   0 	 -1.000000 	 300647710.755293 	 4294967296.000000
    1 	 -1.000000 	 1331439861.752429 	 4294967296.000000
    2 	 -1.000000 	 1675037245.433945 	 4294967296.000000
    3 	 -1.000000 	 1202590842.882274 	 4294967296.000000
    4 	 -1.000000 	 1717986918.432595 	 4294967296.000000
    5 	 -1.000000 	 1503238553.582333 	 4294967296.000000
    6 	 -1.000000 	 1632087572.427433 	 4294967296.000000
    7 	 -1.000000 	 1675037245.392834 	 4294967296.000000
    8 	 -1.000000 	 1846835937.219500 	 4294967296.000000
    9 	 -1.000000 	 2748779069.413750 	 4294967296.000000
   10 	 -1.000000 	 2190433320.944750 	 4294967296.000000
   11 	 -1.000000 	 2920577761.271667 	 4294967296.000000
   12 	 -1.000000 	 3178275798.993334 	 4294967296.000000
   13 	 -1.000000 	 3221225472.039667 	 4294967296.000000
   14 	 -1.000000 	 3393024163.836667 	 4294967296.000000
   15 	 -1.000000 	 3006477107.196666 	 4294967296.000000
   16 	 -1.000000 	 3307124817.871167 	 4294967296.000000
   17 	 -1.000000 	 3135326126.083071 	 4294967296.000000
   18 	 -1.000000 	 3264175144.944166 	 4294967296.000000
   19 	 -1.000000 	 3307124817.937500 	 4294967296.000000
   20 	 -1.000000 	 3135326126.027167 	 4294967296.000000
   21 	 -1.000000 	 3521873182.710500 	 4294967296.000000
   22 	 -0.500000 	 3178275799.104666 	 4294967296.000000
   23 	 -1.000000 	 3307124817.840833 	 4294967296.000000
   24 	 -1.000000 	 3264175144.905595 	 4294967296.000000
   25 	 -1.000000 	 3350074490.850834 	 4294967296.000000
   26 	 -1.000000 	 3478923509.730000 	 4294967296.000000
   27 	 -1.000000 	 3736621547.471667 	 4294967296.000000
   28 	 -1.000000 	 3092376453.160000 	 4294967296.000000
   29 	 -1.000000 	 3693671874.477833 	 4294967296.000000
   30 	 -1.000000 	 3650722201.570833 	 4294967296.000000
   31 	 -1.000000 	 3607772528.610167 	 4294967296.000000
   32 	 -1.000000 	 3521873182.690000 	 4294967296.000000
   33 	 -1.000000 	 3736621547.520000 	 4294967296.000000
   34 	 -1.000000 	 3478923509.801333 	 4294967296.000000
   35 	 -1.000000 	 3521873182.741333 	 4294967296.000000
   36 	 -1.000000 	 3435973836.742500 	 4294967296.000000
   37 	 -1.000000 	 3350074490.924167 	 4294967296.000000
   38 	 -1.000000 	 3779571220.487833 	 4294967296.000000
   39 	 -1.000000 	 3435973836.764166 	 4294967296.000000
   40 	 -1.000000 	 3435973836.771666 	 4294967296.000000
   41 	 -0.500000 	 3521873182.726445 	 4294967296.000000
   42 	 -1.000000 	 3650722201.612500 	 4294967296.000000
   43 	 -1.000000 	 3393024163.876667 	 4294967296.000000
   44 	 -1.000000 	 3521873182.771666 	 4294967296.000000
   45 	 -1.000000 	 3564822855.706666 	 4294967296.000000
   46 	 -1.000000 	 3564822855.677833 	 4294967296.000000
   47 	 -1.000000 	 3350074490.838333 	 4294967296.000000
   48 	 -1.000000 	 3521873182.650000 	 4294967296.000000
   49 	 -1.000000 	 3478923509.774166 	 4294967296.000000
   50 	 -1.000000 	 3478923509.753333 	 4294967296.000000
   51 	 -1.000000 	 3693671874.580333 	 4294967296.000000
   52 	 -1.000000 	 3650722201.594166 	 4294967296.000000
   53 	 -1.000000 	 3650722201.626667 	 4294967296.000000
   54 	 -1.000000 	 3435973836.801000 	 4294967296.000000
   55 	 -1.000000 	 3307124817.909166 	 4294967296.000000
   56 	 -1.000000 	 3478923509.752500 	 4294967296.000000
   57 	 -1.000000 	 3822520893.425000 	 4294967296.000000
   58 	 -1.000000 	 3393024163.810834 	 4294967296.000000
   59 	 -1.000000 	 3435973836.838333 	 4294967296.000000
   60 	 -1.000000 	 3521873182.739167 	 4294967296.000000
   61 	 -1.000000 	 3521873182.748334 	 4294967296.000000
   62 	 -1.000000 	 3478923509.806667 	 4294967296.000000
   63 	 -1.000000 	 3736621547.542500 	 4294967296.000000
   64 	 -1.000000 	 3521873182.680417 	 4294967296.000000
   65 	 -1.000000 	 3350074490.867500 	 4294967296.000000
   66 	 -1.000000 	 3478923509.760001 	 4294967296.000000
   67 	 -1.000000 	 3521873182.762500 	 4294967296.000000
   68 	 -1.000000 	 3350074490.868333 	 4294967296.000000
   69 	 -1.000000 	 3822520893.456666 	 4294967296.000000
   70 	 -1.000000 	 3435973836.799500 	 4294967296.000000
   71 	 -1.000000 	 3393024163.832083 	 4294967296.000000
   72 	 -1.000000 	 3264175144.933889 	 4294967296.000000
   73 	 -1.000000 	 3607772528.597500 	 4294967296.000000
   74 	 -1.000000 	 3435973836.805834 	 4294967296.000000
   75 	 -1.000000 	 3393024163.834833 	 4294967296.000000
   76 	 -1.000000 	 3350074490.855834 	 4294967296.000000
   77 	 -1.000000 	 3521873182.693334 	 4294967296.000000
   78 	 -1.000000 	 3564822855.652833 	 4294967296.000000
   79 	 -1.000000 	 3607772528.621333 	 4294967296.000000
   80 	 -1.000000 	 3393024163.799167 	 4294967296.000000
   81 	 -1.000000 	 3393024163.839167 	 4294967296.000000
   82 	 -1.000000 	 3221225472.022000 	 4294967296.000000
   83 	 -1.000000 	 3221225472.000000 	 4294967296.000000
   84 	 -1.000000 	 3221225471.956667 	 4294967296.000000
   85 	 -1.000000 	 3350074490.937500 	 4294967296.000000
   86 	 -1.000000 	 3564822855.583333 	 4294967296.000000
   87 	 -1.000000 	 3478923509.742500 	 4294967296.000000
   88 	 -1.000000 	 3478923509.723334 	 4294967296.000000
   89 	 -1.000000 	 3564822855.649166 	 4294967296.000000
   90 	 -1.000000 	 3521873182.755000 	 4294967296.000000
   91 	 -1.000000 	 3307124817.898750 	 4294967296.000000
   92 	 -1.000000 	 3435973836.799667 	 4294967296.000000
   93 	 -1.000000 	 3779571220.449166 	 4294967296.000000
   94 	 -1.000000 	 3264175145.041666 	 4294967296.000000
   95 	 -1.000000 	 3650722201.550000 	 4294967296.000000
   96 	 -1.000000 	 3478923509.716666 	 4294967296.000000
   97 	 -1.000000 	 3350074490.868834 	 4294967296.000000
   98 	 -1.000000 	 3307124817.940834 	 4294967296.000000
   99 	 -1.000000 	 3607772528.646667 	 4294967296.000000
 