   0 	 -1.000000 	 429496729.544793 	 4294967296.000000
    1 	 -1.000000 	 901943132.133555 	 4294967296.000000
    2 	 -1.000000 	 1503238553.604072 	 4294967296.000000
    3 	 -1.000000 	 1460288880.643084 	 4294967296.000000
    4 	 -1.000000 	 1331439861.725286 	 4294967296.000000
    5 	 -1.000000 	 1503238553.625417 	 4294967296.000000
    6 	 -1.000000 	 1073741824.010833 	 4294967296.000000
    7 	 -1.000000 	 1846835937.327167 	 4294967296.000000
    8 	 -1.000000 	 1503238553.595834 	 4294967296.000000
    9 	 -1.000000 	 1803886264.359349 	 4294967296.000000
   10 	 -1.000000 	 2104533975.069738 	 4294967296.000000
   11 	 -1.000000 	 2147483647.975000 	 4294967296.000000
   12 	 -1.000000 	 2619930050.620238 	 4294967296.000000
   13 	 -1.000000 	 3049426780.164500 	 4294967296.000000
   14 	 -1.000000 	 3221225471.964917 	 4294967296.000000
   15 	 -1.000000 	 3006477107.246666 	 4294967296.000000
   16 	 -1.000000 	 3135326126.072263 	 4294967296.000000
   17 	 -1.000000 	 3350074490.876166 	 4294967296.000000
   18 	 -1.000000 	 3607772528.656667 	 4294967296.000000
   19 	 -1.000000 	 3393024163.864583 	 4294967296.000000
   20 	 -1.000000 	 3307124817.981500 	 4294967296.000000
   21 	 -0.500000 	 3865470566.418666 	 4294967296.000000
   22 	 -1.000000 	 3607772528.622500 	 4294967296.000000
   23 	 -1.000000 	 3478923509.762834 	 4294967296.000000
   24 	 -1.000000 	 3435973836.808666 	 4294967296.000000
   25 	 -1.000000 	 3350074490.925333 	 4294967296.000000
   26 	 -1.000000 	 3521873182.771666 	 4294967296.000000
   27 	 -1.000000 	 3135326126.065833 	 4294967296.000000
   28 	 -1.000000 	 3264175144.911167 	 4294967296.000000
   29 	 -1.000000 	 3779571220.472833 	 4294967296.000000
   30 	 -1.000000 	 3350074490.875333 	 4294967296.000000
   31 	 -1.000000 	 3822520893.449167 	 4294967296.000000
   32 	 -1.000000 	 3264175144.937611 	 4294967296.000000
   33 	 -1.000000 	 3435973836.838334 	 4294967296.000000
   34 	 -1.000000 	 3264175144.949166 	 4294967296.000000
   35 	 -1.000000 	 3521873182.727500 	 4294967296.000000
   36 	 -1.000000 	 3393024163.872833 	 4294967296.000000
   37 	 -1.000000 	 3564822855.706333 	 4294967296.000000
   38 	 -1.000000 	 3350074490.909167 	 4294967296.000000
   39 	 -1.000000 	 3521873182.693666 	 4294967296.000000
   40 	 -1.000000 	 3521873182.697501 	 4294967296.000000
   41 	 -1.000000 	 3607772528.650000 	 4294967296.000000
   42 	 -1.000000 	 3350074490.885000 	 4294967296.000000
   43 	 -1.000000 	 3478923509.758667 	 4294967296.000000
   44 	 -1.000000 	 3865470566.387833 	 4294967296.000000
   45 	 -1.000000 	 3221225471.971428 	 4294967296.000000
   46 	 -1.000000 	 3478923509.748667 	 4294967296.000000
   47 	 -1.000000 	 3393024163.870333 	 4294967296.000000
   48 	 -1.000000 	 3607772528.630834 	 4294967296.000000
   49 	 -1.000000 	 3350074490.884000 	 4294967296.000000
   50 	 -1.000000 	 3478923509.764166 	 4294967296.000000
   51 	 -1.000000 	 3478923509.770834 	 4294967296.000000
   52 	 -1.000000 	 3350074490.822738 	 4294967296.000000
   53 	 -1.000000 	 3478923509.799999 	 4294967296.000000
   54 	 -1.000000 	 3350074490.868333 	 4294967296.000000
   55 	 -1.000000 	 3307124817.977500 	 4294967296.000000
   56 	 -1.000000 	 3693671874.541166 	 4294967296.000000
   57 	 -1.000000 	 3521873182.784166 	 4294967296.000000
   58 	 -1.000000 	 3435973836.812167 	 4294967296.000000
   59 	 -1.000000 	 3564822855.651167 	 4294967296.000000
   60 	 -1.000000 	 3350074490.862833 	 4294967296.000000
   61 	 -1.000000 	 3307124817.908011 	 4294967296.000000
   62 	 -1.000000 	 3435973836.802917 	 4294967296.000000
   63 	 -1.000000 	 3435973836.804500 	 4294967296.000000
   64 	 -1.000000 	 3564822855.714166 	 4294967296.000000
   65 	 -1.000000 	 3350074490.835000 	 4294967296.000000
   66 	 -1.000000 	 3822520893.429167 	 4294967296.000000
   67 	 -1.000000 	 3435973836.799166 	 4294967296.000000
   68 	 -1.000000 	 3521873182.705833 	 4294967296.000000
   69 	 -1.000000 	 3307124817.982500 	 4294967296.000000
   70 	 -1.000000 	 3478923509.804262 	 4294967296.000000
   71 	 -1.000000 	 3307124817.895416 	 4294967296.000000
   72 	 -1.000000 	 3393024163.777833 	 4294967296.000000
   73 	 -1.000000 	 3264175144.920000 	 4294967296.000000
   74 	 -1.000000 	 3478923509.782500 	 4294967296.000000
   75 	 -1.000000 	 3350074490.879500 	 4294967296.000000
   76 	 -1.000000 	 3650722201.605833 	 4294967296.000000
   77 	 -1.000000 	 3350074490.848833 	 4294967296.000000
   78 	 -1.000000 	 3350074490.910000 	 4294967296.000000
   79 	 -1.000000 	 3564822855.681167 	 4294967296.000000
   80 	 -1.000000 	 3521873182.759166 	 4294967296.000000
   81 	 -1.000000 	 3135326126.120000 	 4294967296.000000
   82 	 -1.000000 	 3264175144.984167 	 4294967296.000000
   83 	 -1.000000 	 3564822855.674999 	 4294967296.000000
   84 	 -1.000000 	 3350074490.877500 	 4294967296.000000
   85 	 -1.000000 	 3350074490.846333 	 4294967296.000000
   86 	 -1.000000 	 3135326126.097166 	 4294967296.000000
   87 	 -1.000000 	 3178275799.015833 	 4294967296.000000
   88 	 -1.000000 	 3779571220.495834 	 4294967296.000000
   89 	 -1.000000 	 3693671874.572833 	 4294967296.000000
   90 	 -1.000000 	 3350074490.891166 	 4294967296.000000
   91 	 -1.000000 	 3478923509.749167 	 4294967296.000000
   92 	 -1.000000 	 3607772528.577834 	 4294967296.000000
   93 	 -0.500000 	 3650722201.625334 	 4294967296.000000
   94 	 -1.000000 	 3607772528.655834 	 4294967296.000000
   95 	 -1.000000 	 3221225471.987000 	 4294967296.000000
   96 	 -1.000000 	 3521873182.681667 	 4294967296.000000
   97 	 -1.000000 	 3478923509.750833 	 4294967296.000000
   98 	 -1.000000 	 3393024163.906667 	 4294967296.000000
   99 	 -1.000000 	 3264175144.919666 	 4294967296.000000
 