   0 	 -1.000000 	 386547056.570331 	 4294967296.000000
    1 	 -1.000000 	 901943132.194317 	 4294967296.000000
    2 	 -1.000000 	 1202590842.823818 	 4294967296.000000
    3 	 -1.000000 	 1717986918.423194 	 4294967296.000000
    4 	 -1.000000 	 1417339207.656500 	 4294967296.000000
    5 	 -1.000000 	 1803886264.348667 	 4294967296.000000
    6 	 -1.000000 	 2018634629.139694 	 4294967296.000000
    7 	 -1.000000 	 1589137899.575238 	 4294967296.000000
    8 	 -1.000000 	 2920577761.301845 	 4294967296.000000
    9 	 -1.000000 	 2448131358.695262 	 4294967296.000000
   10 	 -1.000000 	 2834678415.380000 	 4294967296.000000
   11 	 -1.000000 	 3435973836.812500 	 4294967296.000000
   12 	 -1.000000 	 3135326126.009166 	 4294967296.000000
   13 	 -1.000000 	 3350074490.879084 	 4294967296.000000
   14 	 -1.000000 	 3264175144.924500 	 4294967296.000000
   15 	 -1.000000 	 3006477107.134166 	 4294967296.000000
   16 	 -1.000000 	 3478923509.789166 	 4294967296.000000
   17 	 -1.000000 	 3564822855.696428 	 4294967296.000000
   18 	 -1.000000 	 3564822855.694167 	 4294967296.000000
   19 	 -1.000000 	 3607772528.559667 	 4294967296.000000
   20 	 -1.000000 	 3521873182.719666 	 4294967296.000000
   21 	 -1.000000 	 3607772528.650000 	 4294967296.000000
   22 	 -1.000000 	 3736621547.496166 	 4294967296.000000
   23 	 -1.000000 	 3435973836.833334 	 4294967296.000000
   24 	 -1.000000 	 3564822855.641666 	 4294967296.000000
   25 	 -1.000000 	 3564822855.687500 	 4294967296.000000
   26 	 -1.000000 	 3307124817.915000 	 4294967296.000000
   27 	 -1.000000 	 3521873182.690500 	 4294967296.000000
   28 	 -1.000000 	 3650722201.596666 	 4294967296.000000
   29 	 -1.000000 	 3607772528.661667 	 4294967296.000000
   30 	 -1.000000 	 3435973836.781667 	 4294967296.000000
   31 	 -1.000000 	 3607772528.653667 	 4294967296.000000
   32 	 -1.000000 	 3521873182.692500 	 4294967296.000000
   33 	 -1.000000 	 3908420239.330834 	 4294967296.000000
   34 	 -1.000000 	 3693671874.580000 	 4294967296.000000
   35 	 -1.000000 	 3564822855.680834 	 4294967296.000000
   36 	 -1.000000 	 3607772528.650333 	 4294967296.000000
   37 	 -1.000000 	 3478923509.748333 	 4294967296.000000
   38 	 -1.000000 	 3564822855.693071 	 4294967296.000000
   39 	 -1.000000 	 3264175144.936666 	 4294967296.000000
   40 	 -1.000000 	 3607772528.602500 	 4294967296.000000
   41 	 -1.000000 	 3350074490.834167 	 4294967296.000000
   42 	 -1.000000 	 3564822855.648167 	 4294967296.000000
   43 	 -1.000000 	 3564822855.643571 	 4294967296.000000
   44 	 -1.000000 	 3650722201.583667 	 4294967296.000000
   45 	 -1.000000 	 3435973836.803333 	 4294967296.000000
   46 	 -1.000000 	 3865470566.391666 	 4294967296.000000
   47 	 -1.000000 	 3221225471.976999 	 4294967296.000000
   48 	 -1.000000 	 3307124817.950001 	 4294967296.000000
   49 	 -1.000000 	 3435973836.787833 	 4294967296.000000
   50 	 -1.000000 	 3435973836.795833 	 4294967296.000000
   51 	 -1.000000 	 3521873182.786666 	 4294967296.000000
   52 	 -1.000000 	 3393024163.812167 	 4294967296.000000
   53 	 -1.000000 	 3736621547.505000 	 4294967296.000000
   54 	 -1.000000 	 3435973836.771571 	 4294967296.000000
   55 	 -1.000000 	 3564822855.630000 	 4294967296.000000
   56 	 -1.000000 	 3393024163.840833 	 4294967296.000000
   57 	 -1.000000 	 3779571220.473000 	 4294967296.000000
   58 	 -1.000000 	 3350074490.859500 	 4294967296.000000
   59 	 -1.000000 	 3607772528.615833 	 4294967296.000000
   60 	 -1.000000 	 3350074490.890834 	 4294967296.000000
   61 	 -1.000000 	 3564822855.644166 	 4294967296.000000
   62 	 -1.000000 	 3693671874.521666 	 4294967296.000000
   63 	 -1.000000 	 3736621547.510834 	 4294967296.000000
   64 	 -1.000000 	 3650722201.577833 	 4294967296.000000
   65 	 -1.000000 	 3736621547.454167 	 4294967296.000000
   66 	 -1.000000 	 3607772528.640333 	 4294967296.000000
   67 	 -1.000000 	 3307124817.860000 	 4294967296.000000
   68 	 -1.000000 	 3607772528.613667 	 4294967296.000000
   69 	 -1.000000 	 3607772528.636667 	 4294967296.000000
   70 	 -1.000000 	 3435973836.822500 	 4294967296.000000
   71 	 -1.000000 	 3178275799.095416 	 4294967296.000000
   72 	 -1.000000 	 3435973836.829000 	 4294967296.000000
   73 	 -1.000000 	 3521873182.717583 	 4294967296.000000
   74 	 -1.000000 	 3393024163.839999 	 4294967296.000000
   75 	 -1.000000 	 3135326126.049500 	 4294967296.000000
   76 	 -1.000000 	 3478923509.773333 	 4294967296.000000
   77 	 -1.000000 	 3350074490.902334 	 4294967296.000000
   78 	 -1.000000 	 3478923509.772500 	 4294967296.000000
   79 	 -1.000000 	 3478923509.738667 	 4294967296.000000
   80 	 -1.000000 	 3435973836.740834 	 4294967296.000000
   81 	 -0.500000 	 3908420239.372500 	 4294967296.000000
   82 	 -1.000000 	 3478923509.770334 	 4294967296.000000
   83 	 -1.000000 	 3393024163.830000 	 4294967296.000000
   84 	 -1.000000 	 3607772528.628333 	 4294967296.000000
   85 	 -1.000000 	 3736621547.550834 	 4294967296.000000
   86 	 -1.000000 	 3393024163.826667 	 4294967296.000000
   87 	 -1.000000 	 3564822855.677500 	 4294967296.000000
   88 	 -1.000000 	 3393024163.817500 	 4294967296.000000
   89 	 -1.000000 	 3564822855.661667 	 4294967296.000000
   90 	 -1.000000 	 3350074490.864667 	 4294967296.000000
   91 	 -1.000000 	 3350074490.897500 	 4294967296.000000
   92 	 -1.000000 	 3779571220.513334 	 4294967296.000000
   93 	 -1.000000 	 3393024163.856666 	 4294967296.000000
   94 	 -1.000000 	 3521873182.712833 	 4294967296.000000
   95 	 -1.000000 	 3435973836.780833 	 4294967296.000000
   96 	 -1.000000 	 3435973836.818334 	 4294967296.000000
   97 	 -1.000000 	 3521873182.720834 	 4294967296.000000
   98 	 -1.000000 	 3607772528.663239 	 4294967296.000000
   99 	 -1.000000 	 3478923509.758333 	 4294967296.000000
 