   0 	 -1.000000 	 343597383.713955 	 4294967296.000000
    1 	 -1.000000 	 1288490188.813428 	 4294967296.000000
    2 	 -1.000000 	 1417339207.747856 	 4294967296.000000
    3 	 -1.000000 	 1159641169.952314 	 4294967296.000000
    4 	 -1.000000 	 1932735283.186127 	 4294967296.000000
    5 	 -1.000000 	 2018634629.133389 	 4294967296.000000
    6 	 -1.000000 	 2190433320.943334 	 4294967296.000000
    7 	 -1.000000 	 2319282339.873389 	 4294967296.000000
    8 	 -1.000000 	 2319282339.854500 	 4294967296.000000
    9 	 -1.000000 	 3178275799.031666 	 4294967296.000000
   10 	 -1.000000 	 3435973836.794500 	 4294967296.000000
   11 	 -1.000000 	 3350074490.930667 	 4294967296.000000
   12 	 -1.000000 	 3006477107.196429 	 4294967296.000000
   13 	 -1.000000 	 3478923509.740000 	 4294967296.000000
   14 	 -1.000000 	 3006477107.211111 	 4294967296.000000
   15 	 -1.000000 	 3006477107.198833 	 4294967296.000000
   16 	 -1.000000 	 3221225472.037166 	 4294967296.000000
   17 	 -1.000000 	 3264175144.968166 	 4294967296.000000
   18 	 -1.000000 	 3092376453.231166 	 4294967296.000000
   19 	 -1.000000 	 3135326126.096000 	 4294967296.000000
   20 	 -1.000000 	 3607772528.623167 	 4294967296.000000
   21 	 -1.000000 	 3435973836.862501 	 4294967296.000000
   22 	 -1.000000 	 3264175144.964500 	 4294967296.000000
   23 	 -1.000000 	 3350074490.905333 	 4294967296.000000
   24 	 -1.000000 	 3435973836.829500 	 4294967296.000000
   25 	 -1.000000 	 3350074490.918000 	 4294967296.000000
   26 	 -1.000000 	 3178275799.016167 	 4294967296.000000
   27 	 -1.000000 	 3307124817.847833 	 4294967296.000000
   28 	 -1.000000 	 3435973836.725333 	 4294967296.000000
   29 	 -1.000000 	 3564822855.724000 	 4294967296.000000
   30 	 -1.000000 	 3650722201.652500 	 4294967296.000000
   31 	 -1.000000 	 3307124817.959500 	 4294967296.000000
   32 	 -1.000000 	 3521873182.710000 	 4294967296.000000
   33 	 -1.000000 	 3264175144.998833 	 4294967296.000000
   34 	 -1.000000 	 3393024163.815333 	 4294967296.000000
   35 	 -1.000000 	 3221225471.971929 	 4294967296.000000
   36 	 -1.000000 	 3521873182.687667 	 4294967296.000000
   37 	 -1.000000 	 3135326126.044242 	 4294967296.000000
   38 	 -1.000000 	 3221225471.966500 	 4294967296.000000
   39 	 -1.000000 	 3478923509.746666 	 4294967296.000000
   40 	 -1.000000 	 3564822855.688667 	 4294967296.000000
   41 	 -1.000000 	 3478923509.747000 	 4294967296.000000
   42 	 -1.000000 	 3521873182.739500 	 4294967296.000000
   43 	 -1.000000 	 3521873182.713250 	 4294967296.000000
   44 	 -1.000000 	 3307124817.896167 	 4294967296.000000
   45 	 -1.000000 	 3393024163.835000 	 4294967296.000000
   46 	 -1.000000 	 3393024163.827000 	 4294967296.000000
   47 	 -1.000000 	 3478923509.746334 	 4294967296.000000
   48 	 -1.000000 	 3350074490.858334 	 4294967296.000000
   49 	 -1.000000 	 3650722201.538667 	 4294967296.000000
   50 	 -1.000000 	 3435973836.805833 	 4294967296.000000
   51 	 -1.000000 	 3478923509.814166 	 4294967296.000000
   52 	 -1.000000 	 3135326126.085738 	 4294967296.000000
   53 	 -1.000000 	 3650722201.550833 	 4294967296.000000
   54 	 -1.000000 	 3521873182.733667 	 4294967296.000000
   55 	 -1.000000 	 3478923509.814500 	 4294967296.000000
   56 	 -1.000000 	 3135326126.193167 	 4294967296.000000
   57 	 -1.000000 	 3521873182.683667 	 4294967296.000000
   58 	 -1.000000 	 3307124817.923333 	 4294967296.000000
   59 	 -1.000000 	 3607772528.649166 	 4294967296.000000
   60 	 -1.000000 	 3393024163.784000 	 4294967296.000000
   61 	 -1.000000 	 3393024163.769166 	 4294967296.000000
   62 	 -1.000000 	 3264175144.958333 	 4294967296.000000
   63 	 -1.000000 	 3822520893.425000 	 4294967296.000000
   64 	 -1.000000 	 3307124817.888166 	 4294967296.000000
   65 	 -1.000000 	 3135326126.064167 	 4294967296.000000
   66 	 -1.000000 	 3135326126.077500 	 4294967296.000000
   67 	 -1.000000 	 3350074490.835333 	 4294967296.000000
   68 	 -1.000000 	 3307124817.944999 	 4294967296.000000
   69 	 -1.000000 	 3650722201.608334 	 4294967296.000000
   70 	 -1.000000 	 3435973836.824167 	 4294967296.000000
   71 	 -1.000000 	 3393024163.814167 	 4294967296.000000
   72 	 -1.000000 	 3607772528.693666 	 4294967296.000000
   73 	 -1.000000 	 3435973836.770333 	 4294967296.000000
   74 	 -1.000000 	 3307124817.874167 	 4294967296.000000
   75 	 -1.000000 	 3521873182.672500 	 4294967296.000000
   76 	 -1.000000 	 3521873182.727500 	 4294967296.000000
   77 	 -1.000000 	 3307124817.932500 	 4294967296.000000
   78 	 -1.000000 	 3478923509.751167 	 4294967296.000000
   79 	 -1.000000 	 3693671874.553667 	 4294967296.000000
   80 	 -1.000000 	 3521873182.759999 	 4294967296.000000
   81 	 -1.000000 	 3264175144.923334 	 4294967296.000000
   82 	 -1.000000 	 3350074490.910333 	 4294967296.000000
   83 	 -1.000000 	 3307124817.922595 	 4294967296.000000
   84 	 -1.000000 	 3049426780.080834 	 4294967296.000000
   85 	 -1.000000 	 3693671874.577500 	 4294967296.000000
   86 	 -1.000000 	 3350074490.885000 	 4294967296.000000
   87 	 -1.000000 	 3350074490.915834 	 4294967296.000000
   88 	 -1.000000 	 3607772528.593334 	 4294967296.000000
   89 	 -1.000000 	 3693671874.530000 	 4294967296.000000
   90 	 -1.000000 	 3135326126.170333 	 4294967296.000000
   91 	 -1.000000 	 3221225471.965000 	 4294967296.000000
   92 	 -1.000000 	 3393024163.819251 	 4294967296.000000
   93 	 -1.000000 	 3264175144.947000 	 4294967296.000000
   94 	 -1.000000 	 3736621547.517500 	 4294967296.000000
   95 	 -1.000000 	 3435973836.734166 	 4294967296.000000
   96 	 -1.000000 	 3650722201.601667 	 4294967296.000000
   97 	 -1.000000 	 3435973836.764405 	 4294967296.000000
   98 	 -1.000000 	 3350074490.803667 	 4294967296.000000
   99 	 -1.000000 	 3736621547.567500 	 4294967296.000000
 