   0 	 -1.000000 	 343597383.582845 	 4294967296.000000
    1 	 -1.000000 	 1632087572.485167 	 4294967296.000000
    2 	 -1.000000 	 1202590842.836055 	 4294967296.000000
    3 	 -1.000000 	 1159641169.858984 	 4294967296.000000
    4 	 -1.000000 	 1589137899.546147 	 4294967296.000000
    5 	 -1.000000 	 1760936591.400424 	 4294967296.000000
    6 	 -1.000000 	 2319282339.840595 	 4294967296.000000
    7 	 -1.000000 	 2834678415.382833 	 4294967296.000000
    8 	 -1.000000 	 3049426780.137500 	 4294967296.000000
    9 	 -1.000000 	 3049426780.243334 	 4294967296.000000
   10 	 -1.000000 	 3307124817.919858 	 4294967296.000000
   11 	 -1.000000 	 3221225472.038667 	 4294967296.000000
   12 	 -1.000000 	 3650722201.600834 	 4294967296.000000
   13 	 -1.000000 	 3049426780.153334 	 4294967296.000000
   14 	 -1.000000 	 2791728742.343667 	 4294967296.000000
   15 	 -1.000000 	 3307124817.913333 	 4294967296.000000
   16 	 -1.000000 	 3521873182.685000 	 4294967296.000000
   17 	 -0.500000 	 3865470566.409667 	 4294967296.000000
   18 	 -1.000000 	 3135326126.115833 	 4294967296.000000
   19 	 -1.000000 	 3693671874.521166 	 4294967296.000000
   20 	 -1.000000 	 3521873182.708333 	 4294967296.000000
   21 	 -1.000000 	 3564822855.706250 	 4294967296.000000
   22 	 -0.500000 	 3779571220.515501 	 4294967296.000000
   23 	 -1.000000 	 3350074490.948667 	 4294967296.000000
   24 	 -1.000000 	 3435973836.823334 	 4294967296.000000
   25 	 -1.000000 	 3736621547.519166 	 4294967296.000000
   26 	 -1.000000 	 2963527434.249000 	 4294967296.000000
   27 	 -1.000000 	 3264175144.936667 	 4294967296.000000
   28 	 -1.000000 	 3521873182.702500 	 4294967296.000000
   29 	 -1.000000 	 3650722201.596666 	 4294967296.000000
   30 	 -1.000000 	 3307124817.919333 	 4294967296.000000
   31 	 -1.000000 	 3393024163.871667 	 4294967296.000000
   32 	 -1.000000 	 3221225471.990832 	 4294967296.000000
   33 	 -1.000000 	 3478923509.816167 	 4294967296.000000
   34 	 -1.000000 	 3264175144.962500 	 4294967296.000000
   35 	 -1.000000 	 3221225472.053000 	 4294967296.000000
   36 	 -1.000000 	 3607772528.587500 	 4294967296.000000
   37 	 -1.000000 	 2834678415.360917 	 4294967296.000000
   38 	 -1.000000 	 3607772528.666333 	 4294967296.000000
   39 	 -1.000000 	 3478923509.798000 	 4294967296.000000
   40 	 -1.000000 	 3307124818.017000 	 4294967296.000000
   41 	 -1.000000 	 3350074490.828000 	 4294967296.000000
   42 	 -1.000000 	 3006477107.247500 	 4294967296.000000
   43 	 -1.000000 	 3350074490.929166 	 4294967296.000000
   44 	 -1.000000 	 3607772528.686334 	 4294967296.000000
   45 	 -1.000000 	 3049426780.266333 	 4294967296.000000
   46 	 -1.000000 	 2834678415.399500 	 4294967296.000000
   47 	 -1.000000 	 3350074490.917417 	 4294967296.000000
   48 	 -1.000000 	 3393024163.873333 	 4294967296.000000
   49 	 -1.000000 	 3135326126.105834 	 4294967296.000000
   50 	 -1.000000 	 3650722201.588333 	 4294967296.000000
   51 	 -1.000000 	 3393024163.887500 	 4294967296.000000
   52 	 -1.000000 	 3564822855.691500 	 4294967296.000000
   53 	 -1.000000 	 3435973836.807500 	 4294967296.000000
   54 	 -1.000000 	 3478923509.775833 	 4294967296.000000
   55 	 -1.000000 	 3478923509.759167 	 4294967296.000000
   56 	 -1.000000 	 3650722201.673000 	 4294967296.000000
   57 	 -1.000000 	 3049426780.161334 	 4294967296.000000
   58 	 -1.000000 	 3650722201.564167 	 4294967296.000000
   59 	 -0.500000 	 3736621547.550167 	 4294967296.000000
   60 	 -1.000000 	 3178275799.053833 	 4294967296.000000
   61 	 -1.000000 	 3393024163.830333 	 4294967296.000000
   62 	 -1.000000 	 3393024163.870500 	 4294967296.000000
   63 	 -1.000000 	 3435973836.836333 	 4294967296.000000
   64 	 -1.000000 	 3693671874.615834 	 4294967296.000000
   65 	 -1.000000 	 3564822855.671667 	 4294967296.000000
   66 	 -1.000000 	 3951369912.342500 	 4294967296.000000
   67 	 -1.000000 	 3435973836.823333 	 4294967296.000000
   68 	 -1.000000 	 3521873182.726333 	 4294967296.000000
   69 	 -1.000000 	 3478923509.776167 	 4294967296.000000
   70 	 -1.000000 	 3693671874.595834 	 4294967296.000000
   71 	 -1.000000 	 3521873182.745500 	 4294967296.000000
   72 	 -1.000000 	 3221225472.015833 	 4294967296.000000
   73 	 -1.000000 	 3393024163.856333 	 4294967296.000000
   74 	 -1.000000 	 3607772528.585000 	 4294967296.000000
   75 	 -1.000000 	 3478923509.725833 	 4294967296.000000
   76 	 -1.000000 	 3521873182.739667 	 4294967296.000000
   77 	 -1.000000 	 3693671874.567500 	 4294967296.000000
   78 	 -1.000000 	 3478923509.779167 	 4294967296.000000
   79 	 -1.000000 	 3564822855.677167 	 4294967296.000000
   80 	 -1.000000 	 3521873182.709833 	 4294967296.000000
   81 	 -1.000000 	 3393024163.905500 	 4294967296.000000
   82 	 -1.000000 	 3693671874.562500 	 4294967296.000000
   83 	 -1.000000 	 3135326126.175167 	 4294967296.000000
   84 	 -1.000000 	 3607772528.729667 	 4294967296.000000
   85 	 -1.000000 	 3264175145.023333 	 4294967296.000000
   86 	 -1.000000 	 3521873182.703833 	 4294967296.000000
   87 	 -1.000000 	 3822520893.460000 	 4294967296.000000
   88 	 -1.000000 	 3178275799.060166 	 4294967296.000000
   89 	 -1.000000 	 3435973836.836667 	 4294967296.000000
   90 	 -1.000000 	 3221225471.993833 	 4294967296.000000
   91 	 -1.000000 	 3135326126.088833 	 4294967296.000000
   92 	 -1.000000 	 3521873182.698667 	 4294967296.000000
   93 	 -1.000000 	 3521873182.729667 	 4294967296.000000
   94 	 -1.000000 	 3607772528.668000 	 4294967296.000000
   95 	 -1.000000 	 3435973836.850000 	 4294967296.000000
   96 	 -1.000000 	 3393024163.882167 	 4294967296.000000
   97 	 -1.000000 	 3521873182.705429 	 4294967296.000000
   98 	 -1.000000 	 3693671874.595834 	 4294967296.000000
   99 	 -1.000000 	 3393024163.852500 	 4294967296.000000
 