   0 	 -1.000000 	 343597383.721053 	 4294967296.000000
    1 	 -1.000000 	 1374389534.731643 	 4294967296.000000
    2 	 -1.000000 	 1589137899.461667 	 4294967296.000000
    3 	 -1.000000 	 1374389534.705845 	 4294967296.000000
    4 	 -1.000000 	 1331439861.794666 	 4294967296.000000
    5 	 -1.000000 	 1116691496.926623 	 4294967296.000000
    6 	 -1.000000 	 1159641169.892928 	 4294967296.000000
    7 	 -1.000000 	 2104533975.061361 	 4294967296.000000
    8 	 -1.000000 	 1546188226.553750 	 4294967296.000000
    9 	 -1.000000 	 1632087572.475893 	 4294967296.000000
   10 	 -1.000000 	 2190433320.961167 	 4294967296.000000
   11 	 -1.000000 	 2233382993.938238 	 4294967296.000000
   12 	 -1.000000 	 3350074490.911666 	 4294967296.000000
   13 	 -1.000000 	 2705829396.442833 	 4294967296.000000
   14 	 -1.000000 	 3135326126.050667 	 4294967296.000000
   15 	 -1.000000 	 3264175144.944166 	 4294967296.000000
   16 	 -1.000000 	 2877628088.279916 	 4294967296.000000
   17 	 -1.000000 	 3049426780.115833 	 4294967296.000000
   18 	 -1.000000 	 3092376453.116750 	 4294967296.000000
   19 	 -1.000000 	 2920577761.255834 	 4294967296.000000
   20 	 -1.000000 	 3135326126.067834 	 4294967296.000000
   21 	 -1.000000 	 3307124817.951750 	 4294967296.000000
   22 	 -1.000000 	 3521873182.751666 	 4294967296.000000
   23 	 -1.000000 	 3521873182.741667 	 4294967296.000000
   24 	 -1.000000 	 3607772528.628333 	 4294967296.000000
   25 	 -1.000000 	 3092376453.061667 	 4294967296.000000
   26 	 -1.000000 	 3521873182.722833 	 4294967296.000000
   27 	 -1.000000 	 3650722201.603334 	 4294967296.000000
   28 	 -1.000000 	 3435973836.800416 	 4294967296.000000
   29 	 -1.000000 	 3478923509.748000 	 4294967296.000000
   30 	 -1.000000 	 3564822855.637500 	 4294967296.000000
   31 	 -1.000000 	 3393024163.860278 	 4294967296.000000
   32 	 -1.000000 	 3564822855.648334 	 4294967296.000000
   33 	 -1.000000 	 3521873182.717000 	 4294967296.000000
   34 	 -0.500000 	 3607772528.677500 	 4294967296.000000
   35 	 -1.000000 	 3693671874.520833 	 4294967296.000000
   36 	 -1.000000 	 3607772528.637917 	 4294967296.000000
   37 	 -1.000000 	 3650722201.570000 	 4294967296.000000
   38 	 -1.000000 	 3607772528.641667 	 4294967296.000000
   39 	 -1.000000 	 3521873182.692500 	 4294967296.000000
   40 	 -1.000000 	 3779571220.481333 	 4294967296.000000
   41 	 -1.000000 	 3822520893.443833 	 4294967296.000000
   42 	 -1.000000 	 3779571220.457500 	 4294967296.000000
   43 	 -1.000000 	 3564822855.685833 	 4294967296.000000
   44 	 -1.000000 	 3650722201.577833 	 4294967296.000000
   45 	 -1.000000 	 3521873182.665333 	 4294967296.000000
   46 	 -1.000000 	 3564822855.623833 	 4294967296.000000
   47 	 -1.000000 	 3478923509.785000 	 4294967296.000000
   48 	 -1.000000 	 3435973836.770667 	 4294967296.000000
   49 	 -1.000000 	 3822520893.443000 	 4294967296.000000
   50 	 -1.000000 	 3822520893.480834 	 4294967296.000000
   51 	 -1.000000 	 3049426780.107500 	 4294967296.000000
   52 	 -1.000000 	 3221225471.956167 	 4294967296.000000
   53 	 -1.000000 	 3693671874.554999 	 4294967296.000000
   54 	 -1.000000 	 3779571220.481167 	 4294967296.000000
   55 	 -1.000000 	 3178275799.050000 	 4294967296.000000
   56 	 -1.000000 	 3350074490.880155 	 4294967296.000000
   57 	 -1.000000 	 3607772528.691500 	 4294967296.000000
   58 	 -1.000000 	 3779571220.452500 	 4294967296.000000
   59 	 -1.000000 	 3650722201.588000 	 4294967296.000000
   60 	 -1.000000 	 3736621547.525333 	 4294967296.000000
   61 	 -1.000000 	 3693671874.512500 	 4294967296.000000
   62 	 -1.000000 	 3478923509.744667 	 4294967296.000000
   63 	 -1.000000 	 3693671874.523333 	 4294967296.000000
   64 	 -1.000000 	 3650722201.594166 	 4294967296.000000
   65 	 -1.000000 	 3564822855.592500 	 4294967296.000000
   66 	 -1.000000 	 3435973836.720833 	 4294967296.000000
   67 	 -1.000000 	 3822520893.417500 	 4294967296.000000
   68 	 -1.000000 	 3736621547.510834 	 4294967296.000000
   69 	 -1.000000 	 3393024163.801667 	 4294967296.000000
   70 	 -1.000000 	 3693671874.520334 	 4294967296.000000
   71 	 -1.000000 	 3736621547.530000 	 4294967296.000000
   72 	 -1.000000 	 3736621547.519262 	 4294967296.000000
   73 	 -1.000000 	 3650722201.564167 	 4294967296.000000
   74 	 -1.000000 	 3435973836.731667 	 4294967296.000000
   75 	 -1.000000 	 3779571220.493834 	 4294967296.000000
   76 	 -0.500000 	 3822520893.470167 	 4294967296.000000
   77 	 -1.000000 	 3607772528.594667 	 4294967296.000000
   78 	 -1.000000 	 3350074490.837166 	 4294967296.000000
   79 	 -0.500000 	 3865470566.405238 	 4294967296.000000
   80 	 -1.000000 	 3736621547.507500 	 4294967296.000000
   81 	 -0.500000 	 3607772528.660500 	 4294967296.000000
   82 	 -1.000000 	 3650722201.641667 	 4294967296.000000
   83 	 -1.000000 	 3779571220.480833 	 4294967296.000000
   84 	 -1.000000 	 3393024163.856430 	 4294967296.000000
   85 	 -1.000000 	 3736621547.527500 	 4294967296.000000
   86 	 -1.000000 	 3564822855.686667 	 4294967296.000000
   87 	 -1.000000 	 3822520893.424666 	 4294967296.000000
   88 	 -1.000000 	 3521873182.709833 	 4294967296.000000
   89 	 -0.500000 	 3865470566.375500 	 4294967296.000000
   90 	 -1.000000 	 3779571220.462000 	 4294967296.000000
   91 	 -1.000000 	 3435973836.801666 	 4294967296.000000
   92 	 -1.000000 	 3521873182.735333 	 4294967296.000000
   93 	 -1.000000 	 3779571220.484667 	 4294967296.000000
   94 	 -1.000000 	 3607772528.601333 	 4294967296.000000
   95 	 -1.000000 	 3607772528.602000 	 4294967296.000000
   96 	 -1.000000 	 3693671874.539167 	 4294967296.000000
   97 	 -1.000000 	 3650722201.579500 	 4294967296.000000
   98 	 -1.000000 	 3564822855.665000 	 4294967296.000000
   99 	 -1.000000 	 3264175144.968334 	 4294967296.000000
 