   0 	 -1.000000 	 472446402.472460 	 4294967296.000000
    1 	 -1.000000 	 858993459.170694 	 4294967296.000000
    2 	 -1.000000 	 901943132.159167 	 4294967296.000000
    3 	 -1.000000 	 1288490188.791071 	 4294967296.000000
    4 	 -1.000000 	 1503238553.642056 	 4294967296.000000
    5 	 -1.000000 	 901943132.136873 	 4294967296.000000
    6 	 -1.000000 	 2147483647.975289 	 4294967296.000000
    7 	 -1.000000 	 2791728742.381999 	 4294967296.000000
    8 	 -1.000000 	 2877628088.264167 	 4294967296.000000
    9 	 -1.000000 	 2920577761.215001 	 4294967296.000000
   10 	 -1.000000 	 3307124817.913334 	 4294967296.000000
   11 	 -1.000000 	 3478923509.760000 	 4294967296.000000
   12 	 -1.000000 	 3221225472.006833 	 4294967296.000000
   13 	 -1.000000 	 3178275799.058333 	 4294967296.000000
   14 	 -1.000000 	 3521873182.686166 	 4294967296.000000
   15 	 -1.000000 	 3178275799.021000 	 4294967296.000000
   16 	 -1.000000 	 3049426780.054095 	 4294967296.000000
   17 	 -1.000000 	 3178275799.052821 	 4294967296.000000
   18 	 -1.000000 	 3435973836.745333 	 4294967296.000000
   19 	 -1.000000 	 3607772528.605262 	 4294967296.000000
   20 	 -1.000000 	 3393024163.901667 	 4294967296.000000
   21 	 -1.000000 	 3264175144.962333 	 4294967296.000000
   22 	 -1.000000 	 3736621547.494167 	 4294967296.000000
   23 	 -1.000000 	 3307124817.938167 	 4294967296.000000
   24 	 -1.000000 	 3435973836.777500 	 4294967296.000000
   25 	 -1.000000 	 3564822855.661500 	 4294967296.000000
   26 	 -1.000000 	 3307124817.895000 	 4294967296.000000
   27 	 -1.000000 	 3521873182.716333 	 4294967296.000000
   28 	 -1.000000 	 3650722201.562500 	 4294967296.000000
   29 	 -1.000000 	 2920577761.296500 	 4294967296.000000
   30 	 -1.000000 	 3435973836.821333 	 4294967296.000000
   31 	 -1.000000 	 3221225471.996000 	 4294967296.000000
   32 	 -1.000000 	 3393024163.827001 	 4294967296.000000
   33 	 -1.000000 	 3951369912.300000 	 4294967296.000000
   34 	 -1.000000 	 3478923509.711667 	 4294967296.000000
   35 	 -1.000000 	 3393024163.846083 	 4294967296.000000
   36 	 -1.000000 	 3650722201.625000 	 4294967296.000000
   37 	 -1.000000 	 3092376453.139834 	 4294967296.000000
   38 	 -1.000000 	 3779571220.444833 	 4294967296.000000
   39 	 -1.000000 	 3521873182.756166 	 4294967296.000000
   40 	 -1.000000 	 3521873182.690000 	 4294967296.000000
   41 	 -1.000000 	 3478923509.706761 	 4294967296.000000
   42 	 -1.000000 	 3092376453.133667 	 4294967296.000000
   43 	 -1.000000 	 3307124817.871167 	 4294967296.000000
   44 	 -1.000000 	 3521873182.731571 	 4294967296.000000
   45 	 -1.000000 	 3521873182.683834 	 4294967296.000000
   46 	 -1.000000 	 3350074490.890333 	 4294967296.000000
   47 	 -1.000000 	 3607772528.621666 	 4294967296.000000
   48 	 -1.000000 	 3307124817.885001 	 4294967296.000000
   49 	 -1.000000 	 3393024163.777167 	 4294967296.000000
   50 	 -1.000000 	 3393024163.772501 	 4294967296.000000
   51 	 -1.000000 	 3521873182.733666 	 4294967296.000000
   52 	 -1.000000 	 3693671874.534666 	 4294967296.000000
   53 	 -1.000000 	 3478923509.740500 	 4294967296.000000
   54 	 -1.000000 	 3307124817.875500 	 4294967296.000000
   55 	 -1.000000 	 3650722201.621667 	 4294967296.000000
   56 	 -1.000000 	 3178275798.992167 	 4294967296.000000
   57 	 -1.000000 	 3521873182.739501 	 4294967296.000000
   58 	 -1.000000 	 3607772528.646428 	 4294967296.000000
   59 	 -1.000000 	 3478923509.711167 	 4294967296.000000
   60 	 -1.000000 	 3607772528.630500 	 4294967296.000000
   61 	 -1.000000 	 3650722201.610500 	 4294967296.000000
   62 	 -1.000000 	 3435973836.785499 	 4294967296.000000
   63 	 -1.000000 	 3650722201.637000 	 4294967296.000000
   64 	 -1.000000 	 3478923509.779333 	 4294967296.000000
   65 	 -1.000000 	 3736621547.502501 	 4294967296.000000
   66 	 -1.000000 	 3435973836.749000 	 4294967296.000000
   67 	 -1.000000 	 3478923509.736000 	 4294967296.000000
   68 	 -1.000000 	 3135326126.028334 	 4294967296.000000
   69 	 -1.000000 	 3478923509.762167 	 4294967296.000000
   70 	 -1.000000 	 3607772528.630167 	 4294967296.000000
   71 	 -1.000000 	 3307124817.897500 	 4294967296.000000
   72 	 -1.000000 	 3435973836.791666 	 4294967296.000000
   73 	 -1.000000 	 3264175144.929333 	 4294967296.000000
   74 	 -1.000000 	 3221225472.005500 	 4294967296.000000
   75 	 -1.000000 	 3393024163.790333 	 4294967296.000000
   76 	 -1.000000 	 3393024163.844667 	 4294967296.000000
   77 	 -1.000000 	 3393024163.839667 	 4294967296.000000
   78 	 -1.000000 	 3264175144.923333 	 4294967296.000000
   79 	 -1.000000 	 3564822855.679166 	 4294967296.000000
   80 	 -1.000000 	 3307124817.881000 	 4294967296.000000
   81 	 -1.000000 	 3435973836.785333 	 4294967296.000000
   82 	 -1.000000 	 3478923509.781239 	 4294967296.000000
   83 	 -1.000000 	 3435973836.784405 	 4294967296.000000
   84 	 -1.000000 	 3350074490.880000 	 4294967296.000000
   85 	 -1.000000 	 3393024163.872917 	 4294967296.000000
   86 	 -1.000000 	 3393024163.776334 	 4294967296.000000
   87 	 -1.000000 	 3779571220.464667 	 4294967296.000000
   88 	 -1.000000 	 3135326126.035000 	 4294967296.000000
   89 	 -1.000000 	 3435973836.784905 	 4294967296.000000
   90 	 -1.000000 	 3607772528.587834 	 4294967296.000000
   91 	 -1.000000 	 3693671874.541833 	 4294967296.000000
   92 	 -1.000000 	 3350074490.837166 	 4294967296.000000
   93 	 -1.000000 	 3350074490.889167 	 4294967296.000000
   94 	 -1.000000 	 3693671874.515834 	 4294967296.000000
   95 	 -1.000000 	 3350074490.871072 	 4294967296.000000
   96 	 -1.000000 	 3350074490.858904 	 4294967296.000000
   97 	 -1.000000 	 3350074490.802667 	 4294967296.000000
   98 	 -1.000000 	 3435973836.728749 	 4294967296.000000
   99 	 -1.000000 	 3650722201.561666 	 4294967296.000000
 