   0 	 -1.000000 	 214748364.888956 	 4294967296.000000
    1 	 -1.000000 	 1331439861.802127 	 4294967296.000000
    2 	 -1.000000 	 1202590842.888155 	 4294967296.000000
    3 	 -1.000000 	 1417339207.747797 	 4294967296.000000
    4 	 -1.000000 	 1460288880.656571 	 4294967296.000000
    5 	 -1.000000 	 1803886264.326627 	 4294967296.000000
    6 	 -1.000000 	 2448131358.754666 	 4294967296.000000
    7 	 -1.000000 	 1760936591.359667 	 4294967296.000000
    8 	 -1.000000 	 1460288880.679250 	 4294967296.000000
    9 	 -1.000000 	 2018634629.082944 	 4294967296.000000
   10 	 -1.000000 	 2276332666.881667 	 4294967296.000000
   11 	 -1.000000 	 2061584302.042345 	 4294967296.000000
   12 	 -1.000000 	 2147483648.000988 	 4294967296.000000
   13 	 -1.000000 	 2748779069.487999 	 4294967296.000000
   14 	 -1.000000 	 2791728742.415778 	 4294967296.000000
   15 	 -1.000000 	 2834678415.347833 	 4294967296.000000
   16 	 -1.000000 	 3092376453.142500 	 4294967296.000000
   17 	 -1.000000 	 3564822855.651667 	 4294967296.000000
   18 	 -1.000000 	 3393024163.885834 	 4294967296.000000
   19 	 -1.000000 	 3478923509.755001 	 4294967296.000000
   20 	 -1.000000 	 3350074490.818333 	 4294967296.000000
   21 	 -1.000000 	 3607772528.672000 	 4294967296.000000
   22 	 -1.000000 	 3393024163.825000 	 4294967296.000000
   23 	 -1.000000 	 3564822855.645834 	 4294967296.000000
   24 	 -1.000000 	 3478923509.812500 	 4294967296.000000
   25 	 -1.000000 	 3478923509.711167 	 4294967296.000000
   26 	 -1.000000 	 3135326126.015834 	 4294967296.000000
   27 	 -1.000000 	 3521873182.691666 	 4294967296.000000
   28 	 -1.000000 	 3478923509.743334 	 4294967296.000000
   29 	 -1.000000 	 3435973836.795833 	 4294967296.000000
   30 	 -1.000000 	 3350074490.876667 	 4294967296.000000
   31 	 -1.000000 	 3135326126.086500 	 4294967296.000000
   32 	 -1.000000 	 3307124817.893333 	 4294967296.000000
   33 	 -1.000000 	 3521873182.714999 	 4294967296.000000
   34 	 -1.000000 	 3393024163.809167 	 4294967296.000000
   35 	 -1.000000 	 3350074490.913833 	 4294967296.000000
   36 	 -1.000000 	 3221225471.972762 	 4294967296.000000
   37 	 -1.000000 	 3521873182.740000 	 4294967296.000000
   38 	 -1.000000 	 3393024163.776666 	 4294967296.000000
   39 	 -1.000000 	 3564822855.700000 	 4294967296.000000
   40 	 -1.000000 	 3521873182.684167 	 4294967296.000000
   41 	 -1.000000 	 3521873182.660000 	 4294967296.000000
   42 	 -1.000000 	 3478923509.763334 	 4294967296.000000
   43 	 -1.000000 	 3435973836.798750 	 4294967296.000000
   44 	 -1.000000 	 3393024163.862500 	 4294967296.000000
   45 	 -1.000000 	 3178275799.015000 	 4294967296.000000
   46 	 -1.000000 	 3307124817.912333 	 4294967296.000000
   47 	 -1.000000 	 3350074490.880000 	 4294967296.000000
   48 	 -1.000000 	 3521873182.699166 	 4294967296.000000
   49 	 -1.000000 	 3521873182.749167 	 4294967296.000000
   50 	 -1.000000 	 3393024163.786000 	 4294967296.000000
   51 	 -1.000000 	 3564822855.617500 	 4294967296.000000
   52 	 -1.000000 	 3350074490.883333 	 4294967296.000000
   53 	 -1.000000 	 3264175144.974166 	 4294967296.000000
   54 	 -1.000000 	 3264175144.940000 	 4294967296.000000
   55 	 -1.000000 	 3092376453.130000 	 4294967296.000000
   56 	 -1.000000 	 3350074490.924166 	 4294967296.000000
   57 	 -1.000000 	 3178275798.982500 	 4294967296.000000
   58 	 -1.000000 	 3478923509.668334 	 4294967296.000000
   59 	 -1.000000 	 3435973836.807500 	 4294967296.000000
   60 	 -1.000000 	 3478923509.717167 	 4294967296.000000
   61 	 -1.000000 	 3393024163.881666 	 4294967296.000000
   62 	 -1.000000 	 3049426780.130833 	 4294967296.000000
   63 	 -1.000000 	 3521873182.758928 	 4294967296.000000
   64 	 -1.000000 	 3178275799.032833 	 4294967296.000000
   65 	 -1.000000 	 3393024163.770000 	 4294967296.000000
   66 	 -1.000000 	 3521873182.715000 	 4294967296.000000
   67 	 -1.000000 	 3564822855.659167 	 4294967296.000000
   68 	 -1.000000 	 3736621547.535001 	 4294967296.000000
   69 	 -1.000000 	 3435973836.798333 	 4294967296.000000
   70 	 -1.000000 	 3521873182.682500 	 4294967296.000000
   71 	 -1.000000 	 3221225471.982500 	 4294967296.000000
   72 	 -1.000000 	 3350074490.872500 	 4294967296.000000
   73 	 -1.000000 	 3564822855.695833 	 4294967296.000000
   74 	 -1.000000 	 3178275799.073000 	 4294967296.000000
   75 	 -1.000000 	 3564822855.703333 	 4294967296.000000
   76 	 -1.000000 	 3393024163.810000 	 4294967296.000000
   77 	 -1.000000 	 3650722201.598334 	 4294967296.000000
   78 	 -1.000000 	 3135326126.079166 	 4294967296.000000
   79 	 -1.000000 	 3135326126.028750 	 4294967296.000000
   80 	 -1.000000 	 3650722201.614500 	 4294967296.000000
   81 	 -1.000000 	 3393024163.783095 	 4294967296.000000
   82 	 -1.000000 	 3650722201.572500 	 4294967296.000000
   83 	 -1.000000 	 3393024163.874167 	 4294967296.000000
   84 	 -1.000000 	 3521873182.681071 	 4294967296.000000
   85 	 -1.000000 	 3393024163.836334 	 4294967296.000000
   86 	 -1.000000 	 3865470566.390000 	 4294967296.000000
   87 	 -1.000000 	 3478923509.752917 	 4294967296.000000
   88 	 -1.000000 	 3350074490.892500 	 4294967296.000000
   89 	 -1.000000 	 3521873182.696667 	 4294967296.000000
   90 	 -1.000000 	 3307124817.962500 	 4294967296.000000
   91 	 -1.000000 	 3564822855.654584 	 4294967296.000000
   92 	 -1.000000 	 3521873182.683333 	 4294967296.000000
   93 	 -1.000000 	 3521873182.734262 	 4294967296.000000
   94 	 -1.000000 	 3393024163.835833 	 4294967296.000000
   95 	 -1.000000 	 3564822855.641334 	 4294967296.000000
   96 	 -1.000000 	 3607772528.635834 	 4294967296.000000
   97 	 -1.000000 	 3135326126.060834 	 4294967296.000000
   98 	 -1.000000 	 3435973836.860000 	 4294967296.000000
   99 	 -1.000000 	 3350074490.914166 	 4294967296.000000
 