   0 	 -1.000000 	 214748364.791467 	 4294967296.000000
    1 	 -1.000000 	 1932735283.188738 	 4294967296.000000
    2 	 -1.000000 	 1546188226.581829 	 4294967296.000000
    3 	 -1.000000 	 1675037245.496393 	 4294967296.000000
    4 	 -1.000000 	 1331439861.801024 	 4294967296.000000
    5 	 -1.000000 	 1417339207.719913 	 4294967296.000000
    6 	 -1.000000 	 1632087572.497290 	 4294967296.000000
    7 	 -1.000000 	 1975684956.146429 	 4294967296.000000
    8 	 -1.000000 	 2405181685.767167 	 4294967296.000000
    9 	 -1.000000 	 2576980377.634167 	 4294967296.000000
   10 	 -1.000000 	 2319282339.790417 	 4294967296.000000
   11 	 -1.000000 	 3006477107.168929 	 4294967296.000000
   12 	 -1.000000 	 3521873182.758333 	 4294967296.000000
   13 	 -1.000000 	 3521873182.689166 	 4294967296.000000
   14 	 -1.000000 	 3135326126.099166 	 4294967296.000000
   15 	 -1.000000 	 3264175144.980833 	 4294967296.000000
   16 	 -1.000000 	 3779571220.428334 	 4294967296.000000
   17 	 -1.000000 	 3736621547.532000 	 4294967296.000000
   18 	 -1.000000 	 3393024163.881166 	 4294967296.000000
   19 	 -1.000000 	 3350074490.904501 	 4294967296.000000
   20 	 -1.000000 	 3650722201.600833 	 4294967296.000000
   21 	 -1.000000 	 3736621547.585833 	 4294967296.000000
   22 	 -1.000000 	 3564822855.715000 	 4294967296.000000
   23 	 -1.000000 	 3006477107.175833 	 4294967296.000000
   24 	 -1.000000 	 3350074490.879333 	 4294967296.000000
   25 	 -1.000000 	 3178275798.981833 	 4294967296.000000
   26 	 -1.000000 	 3564822855.732500 	 4294967296.000000
   27 	 -1.000000 	 3264175144.950333 	 4294967296.000000
   28 	 -1.000000 	 3307124817.980000 	 4294967296.000000
   29 	 -1.000000 	 3393024163.868334 	 4294967296.000000
   30 	 -1.000000 	 2834678415.427333 	 4294967296.000000
   31 	 -1.000000 	 3350074490.943667 	 4294967296.000000
   32 	 -1.000000 	 3435973836.794499 	 4294967296.000000
   33 	 -1.000000 	 3564822855.750000 	 4294967296.000000
   34 	 -1.000000 	 3178275799.101500 	 4294967296.000000
   35 	 -1.000000 	 3478923509.738333 	 4294967296.000000
   36 	 -1.000000 	 3521873182.712429 	 4294967296.000000
   37 	 -1.000000 	 3350074490.925834 	 4294967296.000000
   38 	 -1.000000 	 3607772528.646667 	 4294967296.000000
   39 	 -1.000000 	 3521873182.686666 	 4294967296.000000
   40 	 -1.000000 	 3307124817.958334 	 4294967296.000000
   41 	 -1.000000 	 3264175145.017500 	 4294967296.000000
   42 	 -1.000000 	 3221225472.019000 	 4294967296.000000
   43 	 -1.000000 	 3350074490.921834 	 4294967296.000000
   44 	 -0.500000 	 3478923509.826667 	 4294967296.000000
   45 	 -1.000000 	 3650722201.624500 	 4294967296.000000
   46 	 -1.000000 	 3393024163.839500 	 4294967296.000000
   47 	 -1.000000 	 3435973836.790500 	 4294967296.000000
   48 	 -1.000000 	 3521873182.717833 	 4294967296.000000
   49 	 -1.000000 	 3564822855.712500 	 4294967296.000000
   50 	 -1.000000 	 3822520893.425239 	 4294967296.000000
   51 	 -1.000000 	 3435973836.799334 	 4294967296.000000
   52 	 -1.000000 	 3736621547.518667 	 4294967296.000000
   53 	 -1.000000 	 3564822855.710667 	 4294967296.000000
   54 	 -1.000000 	 3264175145.015666 	 4294967296.000000
   55 	 -1.000000 	 3650722201.636167 	 4294967296.000000
   56 	 -1.000000 	 3393024163.868834 	 4294967296.000000
   57 	 -1.000000 	 3178275799.085833 	 4294967296.000000
   58 	 -1.000000 	 3478923509.811333 	 4294967296.000000
   59 	 -1.000000 	 3350074490.915000 	 4294967296.000000
   60 	 -1.000000 	 3307124817.935000 	 4294967296.000000
   61 	 -1.000000 	 3307124818.043834 	 4294967296.000000
   62 	 -1.000000 	 3264175145.021167 	 4294967296.000000
   63 	 -1.000000 	 3435973836.811333 	 4294967296.000000
   64 	 -1.000000 	 3607772528.722499 	 4294967296.000000
   65 	 -1.000000 	 3564822855.677833 	 4294967296.000000
   66 	 -1.000000 	 3350074490.963834 	 4294967296.000000
   67 	 -1.000000 	 3221225472.042500 	 4294967296.000000
   68 	 -1.000000 	 3178275799.080501 	 4294967296.000000
   69 	 -1.000000 	 3435973836.834833 	 4294967296.000000
   70 	 -1.000000 	 3435973836.850333 	 4294967296.000000
   71 	 -1.000000 	 3607772528.735833 	 4294967296.000000
   72 	 -1.000000 	 3435973836.830834 	 4294967296.000000
   73 	 -1.000000 	 3435973836.896666 	 4294967296.000000
   74 	 -1.000000 	 3435973836.800334 	 4294967296.000000
   75 	 -1.000000 	 3564822855.719166 	 4294967296.000000
   76 	 -1.000000 	 3693671874.594167 	 4294967296.000000
   77 	 -1.000000 	 3350074490.913667 	 4294967296.000000
   78 	 -1.000000 	 3393024163.789738 	 4294967296.000000
   79 	 -1.000000 	 3049426780.147333 	 4294967296.000000
   80 	 -1.000000 	 3221225471.924166 	 4294967296.000000
   81 	 -1.000000 	 3650722201.641666 	 4294967296.000000
   82 	 -1.000000 	 3307124817.977000 	 4294967296.000000
   83 	 -1.000000 	 3350074490.908000 	 4294967296.000000
   84 	 -1.000000 	 3478923509.807833 	 4294967296.000000
   85 	 -1.000000 	 3478923509.775333 	 4294967296.000000
   86 	 -1.000000 	 3521873182.761499 	 4294967296.000000
   87 	 -1.000000 	 3350074490.906250 	 4294967296.000000
   88 	 -1.000000 	 3478923509.854500 	 4294967296.000000
   89 	 -1.000000 	 3564822855.725833 	 4294967296.000000
   90 	 -1.000000 	 3736621547.573333 	 4294967296.000000
   91 	 -1.000000 	 3521873182.730833 	 4294967296.000000
   92 	 -1.000000 	 3478923509.839499 	 4294967296.000000
   93 	 -1.000000 	 3607772528.686166 	 4294967296.000000
   94 	 -1.000000 	 3307124817.921500 	 4294967296.000000
   95 	 -1.000000 	 3393024163.844500 	 4294967296.000000
   96 	 -1.000000 	 3393024163.858666 	 4294967296.000000
   97 	 -1.000000 	 3478923509.721167 	 4294967296.000000
   98 	 -0.500000 	 3693671874.608334 	 4294967296.000000
   99 	 -1.000000 	 3650722201.585000 	 4294967296.000000
 