   0 	 1.000016 	 3.104159 	 10.048064
    1 	 1.001225 	 5.238993 	 10.290304
    2 	 1.001681 	 6.821356 	 10.290304
    3 	 1.112896 	 8.266213 	 10.290304
    4 	 1.772641 	 8.766346 	 10.290304
    5 	 4.481956 	 8.986971 	 10.290304
    6 	 1.624100 	 9.039279 	 10.290304
    7 	 1.408321 	 8.857237 	 10.290304
    8 	 1.471969 	 9.098598 	 10.278116
    9 	 1.324900 	 9.387445 	 10.290304
   10 	 1.772641 	 9.525556 	 10.290304
   11 	 1.935089 	 9.513256 	 10.272025
   12 	 3.948089 	 9.469024 	 10.284209
   13 	 1.458329 	 9.273044 	 10.284209
   14 	 1.974169 	 9.500097 	 10.284209
   15 	 1.919681 	 9.448417 	 10.290304
   16 	 1.908209 	 9.454791 	 10.290304
   17 	 1.900601 	 9.466381 	 10.290304
   18 	 1.690561 	 9.596242 	 10.290304
   19 	 4.896676 	 9.557184 	 10.284209
   20 	 1.879844 	 9.435620 	 10.259849
   21 	 1.793881 	 9.294048 	 10.278116
   22 	 4.108169 	 9.541102 	 10.235521
   23 	 4.888784 	 9.572910 	 10.265936
   24 	 4.632836 	 9.585582 	 10.265936
   25 	 1.793881 	 9.590113 	 10.290304
   26 	 4.651921 	 9.645584 	 10.253764
   27 	 1.819025 	 9.506911 	 10.241600
   28 	 3.122849 	 9.331960 	 10.278116
   29 	 1.421201 	 9.359899 	 10.247681
   30 	 1.438244 	 9.154312 	 10.284209
   31 	 1.602176 	 9.252169 	 10.290304
   32 	 4.853369 	 9.500127 	 10.290304
   33 	 4.606201 	 9.413787 	 10.259849
   34 	 1.958441 	 9.312991 	 10.265936
   35 	 1.564001 	 9.152223 	 10.278116
   36 	 4.258025 	 9.403859 	 10.290304
   37 	 1.565504 	 9.128435 	 10.265936
   38 	 4.625216 	 9.434611 	 10.265936
   39 	 4.613801 	 9.424844 	 10.168784
   40 	 1.762129 	 9.015137 	 10.168784
   41 	 1.952576 	 9.195363 	 10.229444
   42 	 1.469225 	 8.824298 	 10.193024
   43 	 4.644281 	 9.382686 	 10.193024
   44 	 7.990736 	 9.565549 	 10.193024
   45 	 1.881721 	 9.379334 	 10.259849
   46 	 1.135424 	 9.330410 	 10.193024
   47 	 1.429025 	 9.406323 	 10.193024
   48 	 1.767376 	 8.969618 	 10.193024
   49 	 1.767376 	 9.008718 	 10.174841
   50 	 1.509796 	 9.126189 	 10.211225
   51 	 6.513104 	 9.638572 	 10.235521
   52 	 1.819025 	 9.373264 	 10.284209
   53 	 1.962361 	 9.646797 	 10.217296
   54 	 1.962361 	 9.542312 	 10.211225
   55 	 1.974169 	 9.292654 	 10.211225
   56 	 1.786769 	 9.319538 	 10.211225
   57 	 1.822649 	 9.331817 	 10.211225
   58 	 1.835396 	 9.487299 	 10.211225
   59 	 4.606201 	 9.575805 	 10.205156
   60 	 1.605284 	 9.252494 	 10.205156
   61 	 1.605284 	 9.412662 	 10.241600
   62 	 1.605284 	 9.245056 	 10.241600
   63 	 1.960400 	 9.315884 	 10.241600
   64 	 1.944784 	 9.117360 	 10.223369
   65 	 1.822649 	 9.128773 	 10.168784
   66 	 2.868689 	 9.431933 	 10.168784
   67 	 1.913936 	 9.247621 	 10.186961
   68 	 1.516961 	 9.272646 	 10.186961
   69 	 1.725904 	 8.954052 	 10.186961
   70 	 4.504384 	 9.295951 	 10.186961
   71 	 1.722500 	 9.245284 	 10.186961
   72 	 1.427716 	 9.227464 	 10.186961
   73 	 1.133225 	 9.206761 	 10.259849
   74 	 1.006724 	 9.127919 	 10.235521
   75 	 4.759721 	 9.282605 	 10.259849
   76 	 3.125764 	 9.195683 	 10.259849
   77 	 4.485689 	 9.431035 	 10.259849
   78 	 4.485689 	 9.508661 	 10.186961
   79 	 1.765625 	 9.218229 	 10.253764
   80 	 1.724201 	 9.403785 	 10.253764
   81 	 4.363556 	 9.523348 	 10.253764
   82 	 1.893025 	 9.467249 	 10.253764
   83 	 4.606201 	 9.358034 	 10.259849
   84 	 1.518400 	 9.027269 	 10.186961
   85 	 1.881721 	 9.294853 	 10.265936
   86 	 1.477481 	 9.298504 	 10.265936
   87 	 4.880900 	 9.466667 	 10.217296
   88 	 4.880900 	 9.574473 	 10.272025
   89 	 4.984016 	 9.616896 	 10.272025
   90 	 1.316969 	 9.261417 	 10.284209
   91 	 1.896809 	 9.416240 	 10.284209
   92 	 4.845521 	 9.574792 	 10.284209
   93 	 1.720801 	 9.509509 	 10.284209
   94 	 1.707281 	 9.436008 	 10.211225
   95 	 1.744769 	 9.283041 	 10.211225
   96 	 1.609961 	 9.472128 	 10.235521
   97 	 1.613089 	 9.414748 	 10.235521
   98 	 1.974169 	 9.545929 	 10.235521
   99 	 4.367225 	 9.431963 	 10.247681
 