   0 	 0.321554 	 523.258638 	 3335.842335
    1 	 2.010120 	 1381.001919 	 3387.419352
    2 	 103.880499 	 1981.730048 	 3727.844684
    3 	 57.221541 	 2207.651725 	 3826.071315
    4 	 8.531546 	 2429.884306 	 3745.857350
    5 	 202.636565 	 2610.782711 	 3752.798717
    6 	 291.966029 	 2616.718434 	 3752.798717
    7 	 272.705487 	 2559.199963 	 3826.777246
    8 	 253.697051 	 2492.800954 	 3773.279928
    9 	 212.892214 	 2698.415774 	 3818.394470
   10 	 223.569957 	 2747.487244 	 3858.890313
   11 	 405.757046 	 2638.061762 	 3758.509096
   12 	 71.494763 	 2695.993193 	 3791.987710
   13 	 331.469185 	 2851.786980 	 3791.987710
   14 	 449.662431 	 2852.059708 	 3866.119259
   15 	 104.137204 	 2782.618667 	 3844.388035
   16 	 412.838807 	 2860.930469 	 3870.196209
   17 	 160.291420 	 2783.227374 	 3829.621134
   18 	 61.533016 	 2991.184658 	 3785.947244
   19 	 81.763838 	 2983.330228 	 3854.040566
   20 	 60.299891 	 2937.763554 	 3857.765791
   21 	 745.290547 	 3158.303969 	 3857.765791
   22 	 327.379100 	 3149.262005 	 3854.826770
   23 	 327.348496 	 3052.370569 	 3845.628024
   24 	 1069.171286 	 3201.071604 	 3829.251730
   25 	 739.675763 	 3195.225033 	 3830.372079
   26 	 228.857485 	 3144.243961 	 3885.021100
   27 	 408.994762 	 3249.931388 	 3880.037007
   28 	 295.926348 	 3237.474303 	 3862.735559
   29 	 643.998976 	 3161.991972 	 3857.648189
   30 	 427.036096 	 3201.816664 	 3885.021100
   31 	 5.698053 	 3186.258734 	 3885.021100
   32 	 345.229534 	 3350.540557 	 3885.021100
   33 	 455.110255 	 3372.757526 	 3885.021100
   34 	 332.287566 	 3249.303802 	 3885.021100
   35 	 34.051581 	 3281.164729 	 3885.021100
   36 	 296.226024 	 3298.863254 	 3881.282730
   37 	 337.622549 	 3302.555301 	 3881.282730
   38 	 792.706525 	 3370.267474 	 3885.021100
   39 	 500.356450 	 3445.207034 	 3885.021100
   40 	 11.363741 	 3342.212980 	 3863.860805
   41 	 384.565618 	 3351.878653 	 3885.021100
   42 	 1274.655129 	 3431.928673 	 3881.282730
   43 	 277.942981 	 3281.960176 	 3890.126478
   44 	 407.127101 	 3312.878166 	 3850.199650
   45 	 51.017546 	 3390.626216 	 3857.765791
   46 	 392.250797 	 3325.921371 	 3855.282108
   47 	 912.682833 	 3388.881177 	 3867.590775
   48 	 780.152861 	 3366.658013 	 3864.988705
   49 	 595.048570 	 3401.132328 	 3855.282108
   50 	 402.598288 	 3310.609998 	 3863.860805
   51 	 1081.861981 	 3360.775605 	 3856.068439
   52 	 192.518141 	 3359.487558 	 3872.566868
   53 	 381.456753 	 3395.485584 	 3885.021100
   54 	 69.938050 	 3287.398787 	 3885.021100
   55 	 330.068874 	 3319.192445 	 3868.834498
   56 	 856.030109 	 3412.617067 	 3860.250275
   57 	 372.767715 	 3322.905135 	 3887.514346
   58 	 267.671228 	 3502.188175 	 3887.514346
   59 	 89.932165 	 3409.351184 	 3863.745600
   60 	 816.547728 	 3497.070971 	 3868.952268
   61 	 359.867371 	 3410.228697 	 3868.952268
   62 	 742.281791 	 3399.721019 	 3880.154944
   63 	 354.290495 	 3470.983271 	 3872.684693
   64 	 889.548453 	 3421.519293 	 3867.590775
   65 	 839.989040 	 3475.951371 	 3866.119259
   66 	 1458.476689 	 3362.648170 	 3883.892769
   67 	 781.642120 	 3325.022610 	 3883.892769
   68 	 836.242619 	 3439.774263 	 3880.154944
   69 	 384.390682 	 3496.808958 	 3878.909402
   70 	 932.120043 	 3486.230262 	 3875.056114
   71 	 380.159107 	 3512.160424 	 3863.632884
   72 	 874.422814 	 3548.432561 	 3871.322545
   73 	 850.973056 	 3496.092038 	 3871.322545
   74 	 838.913696 	 3453.063376 	 3871.322545
   75 	 383.626818 	 3488.653497 	 3868.834498
   76 	 310.154782 	 3522.107452 	 3873.811391
   77 	 396.621689 	 3467.020114 	 3858.552379
   78 	 372.436638 	 3368.354229 	 3880.154944
   79 	 327.422100 	 3300.489969 	 3843.998034
   80 	 68.406265 	 3387.685923 	 3868.719220
   81 	 287.407885 	 3299.946157 	 3878.909402
   82 	 225.097200 	 3331.342813 	 3878.909402
   83 	 380.901112 	 3361.793424 	 3868.719220
   84 	 204.638046 	 3378.373693 	 3878.909402
   85 	 204.638046 	 3370.101273 	 3863.632884
   86 	 170.785946 	 3377.911319 	 3890.126478
   87 	 28.346781 	 3364.778196 	 3881.400686
   88 	 415.274420 	 3417.913863 	 3888.879336
   89 	 1137.785505 	 3449.897029 	 3877.664060
   90 	 375.654315 	 3456.450904 	 3868.952268
   91 	 396.834271 	 3541.352486 	 3891.373820
   92 	 378.669076 	 3395.084764 	 3875.173977
   93 	 315.937512 	 3387.835784 	 3878.909402
   94 	 346.867718 	 3382.876898 	 3891.373820
   95 	 416.812981 	 3264.905028 	 3878.909402
   96 	 186.413162 	 3233.976815 	 3891.373820
   97 	 848.521550 	 3254.496800 	 3863.745600
   98 	 391.380495 	 3255.261009 	 3868.719220
   99 	 407.073225 	 3304.872786 	 3861.492817
 