   0 	 0.092011 	 492.172716 	 2972.675536
    1 	 1.574903 	 1105.443558 	 3562.430479
    2 	 8.634930 	 1730.797315 	 3552.899085
    3 	 2.311856 	 1916.742035 	 3712.592105
    4 	 2.998378 	 2172.283895 	 3867.252468
    5 	 96.263206 	 2358.354513 	 3867.252468
    6 	 260.218686 	 2479.406218 	 3784.792264
    7 	 7.702748 	 2469.735331 	 3784.792264
    8 	 102.882956 	 2608.318385 	 3784.792264
    9 	 122.315030 	 2615.095858 	 3820.370526
   10 	 240.974618 	 2646.466615 	 3830.459456
   11 	 446.645694 	 2884.658392 	 3839.861835
   12 	 206.839085 	 2976.777085 	 3865.370658
   13 	 256.916209 	 3054.382329 	 3855.020213
   14 	 370.330406 	 3078.038752 	 3870.340069
   15 	 196.088965 	 3262.699524 	 3840.356416
   16 	 1153.487038 	 3330.664397 	 3845.104302
   17 	 375.408118 	 3253.271085 	 3845.104302
   18 	 216.954414 	 3237.257992 	 3835.201192
   19 	 362.099554 	 3228.372265 	 3850.060657
   20 	 271.141572 	 3262.602389 	 3860.084609
   21 	 343.235543 	 3268.768609 	 3860.084609
   22 	 815.104682 	 3254.854829 	 3870.230838
   23 	 392.072808 	 3265.541763 	 3845.866595
   24 	 101.671301 	 3309.692148 	 3829.874106
   25 	 344.891397 	 3318.067065 	 3874.412010
   26 	 1471.377124 	 3399.251710 	 3905.926227
   27 	 849.545856 	 3464.017952 	 3885.610755
   28 	 1232.203440 	 3336.849963 	 3850.266176
   29 	 330.792909 	 3378.549481 	 3885.730161
   30 	 415.539725 	 3339.389267 	 3845.104302
   31 	 369.926581 	 3431.882900 	 3860.295348
   32 	 924.509070 	 3461.137330 	 3855.020213
   33 	 446.000109 	 3411.456092 	 3855.020213
   34 	 330.979845 	 3265.604654 	 3850.060657
   35 	 824.275031 	 3390.663789 	 3853.985636
   36 	 927.141340 	 3411.894917 	 3853.985636
   37 	 106.915549 	 3313.545424 	 3855.121792
   38 	 364.301821 	 3360.140052 	 3855.020213
   39 	 392.268061 	 3238.071743 	 3860.084609
   40 	 208.962308 	 3362.422779 	 3850.266176
   41 	 208.673831 	 3338.810203 	 3855.020213
   42 	 347.126881 	 3315.992570 	 3885.730161
   43 	 851.968734 	 3460.004519 	 3850.266176
   44 	 1635.721282 	 3475.391487 	 3855.225856
   45 	 375.718400 	 3371.479322 	 3850.942311
   46 	 377.962507 	 3318.030956 	 3865.370658
   47 	 374.862085 	 3339.198468 	 3865.154816
   48 	 410.258361 	 3412.701865 	 3865.154816
   49 	 663.992861 	 3331.568598 	 3905.926227
   50 	 378.732794 	 3145.610988 	 3880.750868
   51 	 428.447275 	 3123.889805 	 3895.698346
   52 	 413.917513 	 3220.894130 	 3845.104302
   53 	 515.744867 	 3266.158189 	 3870.565997
   54 	 396.307557 	 3314.123338 	 3874.295259
   55 	 403.899288 	 3376.760904 	 3880.750868
   56 	 385.783740 	 3348.689273 	 3880.750868
   57 	 333.780130 	 3340.056654 	 3880.750868
   58 	 1492.829484 	 3446.130175 	 3890.959097
   59 	 370.426941 	 3409.616435 	 3845.985418
   60 	 1498.189560 	 3365.792557 	 3866.077881
   61 	 746.379967 	 3281.423424 	 3890.959097
   62 	 60.526428 	 3122.262300 	 3890.712653
   63 	 330.523936 	 3372.412331 	 3895.944940
   64 	 417.232711 	 3353.800267 	 3898.439062
   65 	 183.564760 	 3303.768379 	 3885.976454
   66 	 414.393126 	 3288.337080 	 3878.508489
   67 	 345.747416 	 3350.428315 	 3878.508489
   68 	 375.422500 	 3292.007123 	 3878.508489
   69 	 371.386446 	 3352.047890 	 3895.944940
   70 	 353.061524 	 3316.295555 	 3890.959097
   71 	 330.422500 	 3285.146032 	 3880.997011
   72 	 387.908900 	 3361.190032 	 3880.997011
   73 	 4.427967 	 3280.049254 	 3858.629116
   74 	 373.278930 	 3307.434606 	 3868.316636
   75 	 74.099678 	 3313.042370 	 3878.508489
   76 	 413.905067 	 3378.334292 	 3880.997011
   77 	 168.027848 	 3324.182149 	 3848.002918
   78 	 314.296720 	 3336.187501 	 3868.316636
   79 	 101.398601 	 3314.953368 	 3878.508489
   80 	 232.094153 	 3360.218437 	 3878.508489
   81 	 87.865388 	 3412.333937 	 3885.976454
   82 	 757.158355 	 3386.949207 	 3885.976454
   83 	 221.986835 	 3269.019188 	 3885.976454
   84 	 876.058092 	 3350.278137 	 3885.976454
   85 	 292.736151 	 3353.437215 	 3893.451619
   86 	 385.953578 	 3377.038194 	 3885.976454
   87 	 8.831120 	 3229.516629 	 3888.467376
   88 	 1249.724989 	 3446.010375 	 3903.429705
   89 	 1097.497616 	 3403.736539 	 3900.933984
   90 	 341.771600 	 3185.959884 	 3880.997011
   91 	 408.327501 	 3384.700306 	 3880.997011
   92 	 379.311460 	 3429.792703 	 3878.508489
   93 	 86.796928 	 3435.829146 	 3883.486332
   94 	 411.477597 	 3378.094622 	 3897.191901
   95 	 379.311460 	 3414.669379 	 3893.451619
   96 	 416.344400 	 3498.906638 	 3893.451619
   97 	 373.490000 	 3492.646818 	 3883.486332
   98 	 1690.539593 	 3506.219734 	 3897.191901
   99 	 385.942793 	 3412.703669 	 3897.191901
 