   0 	 0.127912 	 435.978585 	 3193.010968
    1 	 2.978889 	 1336.777534 	 3450.415321
    2 	 36.729162 	 1822.117668 	 3550.280292
    3 	 61.795840 	 2177.151029 	 3585.873505
    4 	 159.054790 	 2387.188811 	 3739.988742
    5 	 801.698820 	 2821.481665 	 3700.999789
    6 	 1238.779709 	 2877.955751 	 3717.715701
    7 	 342.370154 	 2885.359910 	 3705.862208
    8 	 262.378895 	 2894.819466 	 3720.078950
    9 	 812.623133 	 3074.189416 	 3800.052027
   10 	 241.932753 	 3016.557278 	 3756.792718
   11 	 693.039916 	 3122.667273 	 3809.154684
   12 	 703.582512 	 3189.669345 	 3809.154684
   13 	 252.415873 	 3114.253643 	 3809.154684
   14 	 785.195460 	 3178.600264 	 3761.225213
   15 	 623.018994 	 3141.989915 	 3734.957110
   16 	 208.982769 	 3169.074791 	 3739.598083
   17 	 363.101356 	 3255.857370 	 3799.613956
   18 	 329.780725 	 3071.192407 	 3734.713500
   19 	 218.962761 	 3125.552659 	 3772.652719
   20 	 828.274401 	 3178.242631 	 3838.624090
   21 	 243.605142 	 3095.490810 	 3746.179490
   22 	 586.273252 	 3174.639138 	 3760.637376
   23 	 270.664962 	 3228.537714 	 3740.819729
   24 	 190.265828 	 3171.566164 	 3780.851786
   25 	 382.030400 	 3183.638811 	 3788.693595
   26 	 269.936678 	 3075.475312 	 3864.240439
   27 	 14.655316 	 3218.017746 	 3869.323310
   28 	 198.642496 	 3267.375585 	 3869.323310
   29 	 323.272548 	 3269.291389 	 3856.907438
   30 	 1229.078656 	 3360.473693 	 3884.731293
   31 	 843.278124 	 3340.227598 	 3812.491760
   32 	 385.458165 	 3276.299466 	 3867.320042
   33 	 337.109031 	 3263.942589 	 3905.926227
   34 	 60.775156 	 3276.264451 	 3809.945116
   35 	 359.524469 	 3158.853888 	 3809.945116
   36 	 294.221714 	 3102.994783 	 3809.945116
   37 	 330.650550 	 3190.407071 	 3808.712211
   38 	 1560.363558 	 3307.455195 	 3889.713136
   39 	 269.729745 	 3258.145326 	 3879.506545
   40 	 609.766749 	 3202.656654 	 3879.506545
   41 	 401.081897 	 3135.436234 	 3834.169316
   42 	 362.455670 	 3079.619281 	 3820.014231
   43 	 1018.451781 	 3099.966675 	 3859.163394
   44 	 377.087636 	 3058.312717 	 3853.072611
   45 	 340.133443 	 3249.631444 	 3808.563298
   46 	 334.792900 	 3222.451109 	 3845.636392
   47 	 280.555419 	 3170.250977 	 3868.562403
   48 	 61.522689 	 3165.747281 	 3816.568729
   49 	 361.238656 	 3161.390889 	 3814.510209
   50 	 346.805924 	 3252.497145 	 3839.861835
   51 	 96.454666 	 3272.199445 	 3867.320042
   52 	 307.668266 	 3275.525357 	 3876.020768
   53 	 396.295604 	 3269.592519 	 3803.006017
   54 	 372.819976 	 3341.993346 	 3805.470164
   55 	 1066.588331 	 3379.683419 	 3807.935112
   56 	 88.480720 	 3210.970511 	 3861.111238
   57 	 812.333355 	 3282.466608 	 3845.416114
   58 	 331.378651 	 3334.602188 	 3868.438275
   59 	 810.923419 	 3302.024049 	 3860.746655
   60 	 324.525735 	 3162.543014 	 3813.964436
   61 	 326.273387 	 3117.836346 	 3827.546596
   62 	 61.242856 	 3163.347587 	 3807.330629
   63 	 1465.965341 	 3331.237209 	 3839.445043
   64 	 373.579398 	 3294.474797 	 3836.969904
   65 	 788.163533 	 3258.411970 	 3815.852546
   66 	 400.019616 	 3335.484874 	 3815.852546
   67 	 1536.349141 	 3356.452843 	 3819.731712
   68 	 1434.050836 	 3354.634717 	 3818.497220
   69 	 393.008810 	 3284.579540 	 3889.347270
   70 	 372.434403 	 3254.605408 	 3899.561820
   71 	 511.804939 	 3300.905666 	 3861.987960
   72 	 328.728199 	 3333.205455 	 3842.269849
   73 	 372.042725 	 3403.050694 	 3851.832741
   74 	 396.833842 	 3404.186249 	 3856.793421
   75 	 361.644178 	 3437.497693 	 3836.749861
   76 	 681.151188 	 3374.537796 	 3818.581050
   77 	 409.148218 	 3387.236685 	 3889.347270
   78 	 324.949807 	 3325.893753 	 3819.815554
   79 	 326.290560 	 3375.178079 	 3812.262508
   80 	 230.979285 	 3380.813446 	 3809.780101
   81 	 806.582008 	 3256.557322 	 3796.229421
   82 	 334.940754 	 3280.654396 	 3793.689610
   83 	 334.940754 	 3268.438809 	 3840.038704
   84 	 325.452506 	 3270.670294 	 3851.612295
   85 	 370.125170 	 3277.204828 	 3804.646719
   86 	 370.950910 	 3400.843801 	 3846.106723
   87 	 813.775834 	 3422.668877 	 3816.192875
   88 	 401.619357 	 3378.533230 	 3846.989140
   89 	 509.031116 	 3304.049403 	 3866.838536
   90 	 816.854380 	 3332.049873 	 3809.945116
   91 	 414.404973 	 3349.464048 	 3813.645030
   92 	 346.044688 	 3361.851150 	 3794.920078
   93 	 395.512627 	 3451.032296 	 3852.063120
   94 	 858.971943 	 3420.610665 	 3820.014231
   95 	 380.292856 	 3413.145263 	 3852.063120
   96 	 869.593281 	 3367.751483 	 3852.063120
   97 	 413.579789 	 3323.043295 	 3854.543130
   98 	 1264.071494 	 3345.835699 	 3884.606918
   99 	 399.771536 	 3282.371457 	 3884.606918
 