   0 	 0.056129 	 382.138342 	 2661.521574
    1 	 1.735151 	 1008.015887 	 3103.430314
    2 	 1.936925 	 1463.334625 	 3658.650458
    3 	 19.096661 	 1789.511312 	 3796.150746
    4 	 1.615625 	 2167.653658 	 3796.229421
    5 	 2.240313 	 2373.647253 	 3796.229421
    6 	 135.081317 	 2412.565925 	 3796.229421
    7 	 161.706399 	 2390.712786 	 3812.854167
    8 	 159.215069 	 2449.535884 	 3848.114332
    9 	 62.833054 	 2527.627535 	 3846.244100
   10 	 298.937018 	 2673.734256 	 3807.565691
   11 	 214.853637 	 2653.531792 	 3853.667273
   12 	 243.516828 	 2654.576662 	 3853.667273
   13 	 247.490000 	 2766.139497 	 3853.667273
   14 	 327.460244 	 2839.104919 	 3853.667273
   15 	 51.972646 	 3032.525436 	 3852.961130
   16 	 327.987465 	 2868.224049 	 3852.961130
   17 	 297.542941 	 2969.658814 	 3875.312680
   18 	 651.186188 	 3185.415449 	 3903.429705
   19 	 370.024100 	 3085.939715 	 3903.429705
   20 	 628.916630 	 3198.167061 	 3893.205100
   21 	 382.811600 	 3229.206489 	 3893.205100
   22 	 367.161587 	 3278.368229 	 3866.503529
   23 	 377.746327 	 3231.444663 	 3866.503529
   24 	 393.441563 	 3229.066869 	 3871.808884
   25 	 378.514331 	 3255.102131 	 3866.503529
   26 	 374.647102 	 3223.753714 	 3904.677866
   27 	 298.699562 	 3086.788202 	 3904.677866
   28 	 374.807968 	 3164.865755 	 3866.503529
   29 	 485.237748 	 3432.837681 	 3861.987960
   30 	 356.704132 	 3381.854404 	 3814.087728
   31 	 377.346992 	 3412.481553 	 3837.199860
   32 	 278.220834 	 3431.249857 	 3862.228566
   33 	 177.864654 	 3392.664755 	 3863.470108
   34 	 394.231214 	 3338.903664 	 3856.793421
   35 	 388.694417 	 3244.745443 	 3812.854167
   36 	 336.786851 	 3393.222842 	 3815.321488
   37 	 1219.054519 	 3514.299111 	 3843.273079
   38 	 752.714249 	 3399.454811 	 3832.615140
   39 	 372.337834 	 3354.617616 	 3837.439730
   40 	 397.406499 	 3404.794544 	 3842.514826
   41 	 284.919852 	 3399.224319 	 3837.439730
   42 	 11.370627 	 3426.625257 	 3894.698180
   43 	 330.049355 	 3515.902498 	 3895.944940
   44 	 910.629529 	 3412.929069 	 3894.698180
   45 	 403.986239 	 3362.037843 	 3894.698180
   46 	 401.021230 	 3337.282684 	 3883.240114
   47 	 296.493203 	 3440.275501 	 3881.995391
   48 	 773.893646 	 3389.429984 	 3884.485037
   49 	 374.647288 	 3330.666011 	 3881.995391
   50 	 91.679061 	 3266.088777 	 3887.221815
   51 	 385.965997 	 3298.838367 	 3883.240114
   52 	 937.999189 	 3429.361903 	 3888.101565
   53 	 374.650854 	 3337.086155 	 3822.483877
   54 	 1686.362229 	 3443.888664 	 3853.421957
   55 	 229.490920 	 3336.543731 	 3854.662081
   56 	 376.589442 	 3254.566342 	 3816.978081
   57 	 1663.506971 	 3455.583835 	 3853.667273
   58 	 207.251386 	 3378.322842 	 3863.594160
   59 	 203.205542 	 3308.033621 	 3863.594160
   60 	 213.865271 	 3247.511011 	 3863.594160
   61 	 389.481681 	 3214.900496 	 3838.207374
   62 	 330.777296 	 3273.242201 	 3819.037276
   63 	 380.533558 	 3304.996810 	 3825.198775
   64 	 370.405869 	 3307.880254 	 3863.912996
   65 	 511.230607 	 3295.420490 	 3822.604828
   66 	 205.868476 	 3275.630391 	 3825.198775
   67 	 498.758150 	 3349.826755 	 3843.273079
   68 	 382.809992 	 3366.876772 	 3849.583910
   69 	 388.978720 	 3290.322654 	 3847.345664
   70 	 290.578172 	 3285.762373 	 3880.400347
   71 	 89.167351 	 3356.882757 	 3865.482309
   72 	 322.483260 	 3257.331709 	 3857.264399
   73 	 814.279696 	 3379.685933 	 3857.264399
   74 	 1373.074410 	 3367.841732 	 3860.987224
   75 	 380.079290 	 3303.337136 	 3876.020768
   76 	 329.748715 	 3363.956398 	 3848.584806
   77 	 377.815742 	 3247.095333 	 3847.345664
   78 	 872.485490 	 3399.903108 	 3864.835920
   79 	 378.883293 	 3405.370674 	 3869.804964
   80 	 307.600100 	 3236.159009 	 3884.731293
   81 	 381.248391 	 3342.297462 	 3857.264399
   82 	 298.873413 	 3346.137028 	 3866.724379
   83 	 365.441107 	 3402.532308 	 3882.117235
   84 	 105.443795 	 3292.377373 	 3887.097402
   85 	 94.313794 	 3254.172810 	 3882.117235
   86 	 347.405963 	 3331.311380 	 3866.077881
   87 	 1592.739585 	 3495.011758 	 3888.467376
   88 	 307.600100 	 3414.580003 	 3869.209119
   89 	 327.786761 	 3348.109152 	 3857.264399
   90 	 1494.572908 	 3365.109870 	 3877.140268
   91 	 403.660140 	 3326.379259 	 3859.746082
   92 	 1.245649 	 3270.725847 	 3864.835920
   93 	 307.598880 	 3293.614012 	 3858.629116
   94 	 307.039701 	 3238.008315 	 3870.923559
   95 	 380.815434 	 3138.793644 	 3870.923559
   96 	 356.701215 	 3236.486401 	 3868.438275
   97 	 22.746796 	 3305.185524 	 3878.026320
   98 	 913.019104 	 3355.163119 	 3882.241572
   99 	 382.616637 	 3436.166769 	 3888.221007
 