   0 	 0.501261 	 465.284630 	 3058.400539
    1 	 1.357385 	 1302.423115 	 3664.600148
    2 	 244.112610 	 2017.679270 	 3664.600148
    3 	 46.879848 	 2035.945541 	 3664.600148
    4 	 187.589372 	 2423.140058 	 3683.972743
    5 	 75.126870 	 2465.344984 	 3754.498501
    6 	 43.974900 	 2480.790473 	 3809.576864
    7 	 111.142901 	 2736.342132 	 3818.798221
    8 	 16.230770 	 2653.183120 	 3730.503614
    9 	 285.189112 	 2735.905073 	 3808.547221
   10 	 283.415858 	 2712.666335 	 3809.945116
   11 	 113.907134 	 2643.311824 	 3756.648381
   12 	 767.359699 	 2879.330414 	 3770.427141
   13 	 243.647663 	 2911.834031 	 3789.778331
   14 	 255.256513 	 2929.496756 	 3793.459856
   15 	 75.049749 	 2743.592220 	 3810.120006
   16 	 269.021360 	 2715.873080 	 3850.060657
   17 	 220.603381 	 2687.507926 	 3850.060657
   18 	 325.767177 	 2605.369064 	 3850.060657
   19 	 88.267809 	 2903.404745 	 3850.060657
   20 	 811.740899 	 3023.093318 	 3850.060657
   21 	 448.242998 	 3244.503714 	 3879.506545
   22 	 94.487430 	 3152.810465 	 3885.730161
   23 	 326.305781 	 3049.279647 	 3848.821269
   24 	 552.598300 	 3266.469237 	 3858.947716
   25 	 346.960000 	 3052.866042 	 3817.901549
   26 	 373.608983 	 3052.868686 	 3890.959097
   27 	 371.475557 	 3181.137270 	 3831.133940
   28 	 20.632906 	 3154.146194 	 3821.248954
   29 	 427.981073 	 3213.540041 	 3821.248954
   30 	 576.844373 	 3297.941836 	 3846.548516
   31 	 365.043930 	 3367.761973 	 3890.712653
   32 	 279.114986 	 3324.623143 	 3821.248954
   33 	 884.346496 	 3339.334843 	 3835.201192
   34 	 1613.141536 	 3390.187362 	 3831.378579
   35 	 347.657716 	 3281.918239 	 3821.248954
   36 	 370.071603 	 3304.071970 	 3818.779708
   37 	 359.128382 	 3296.481213 	 3836.326022
   38 	 345.929568 	 3236.849515 	 3845.525013
   39 	 346.478241 	 3228.134350 	 3831.378579
   40 	 224.820831 	 3244.987752 	 3860.865697
   41 	 879.813586 	 3332.429617 	 3860.865697
   42 	 1613.090057 	 3401.503010 	 3849.947991
   43 	 801.450867 	 3419.536083 	 3839.333749
   44 	 830.645963 	 3393.733408 	 3859.624573
   45 	 907.968416 	 3362.869565 	 3877.018498
   46 	 223.333461 	 3440.191124 	 3881.995391
   47 	 901.322516 	 3376.602315 	 3866.838536
   48 	 345.846307 	 3405.975173 	 3857.922541
   49 	 397.012364 	 3418.758284 	 3878.262421
   50 	 887.122968 	 3396.703718 	 3878.262421
   51 	 411.435501 	 3418.938891 	 3868.080823
   52 	 345.846307 	 3408.185278 	 3821.248954
   53 	 401.610400 	 3514.833811 	 3868.080823
   54 	 395.814494 	 3480.385765 	 3850.707002
   55 	 239.536501 	 3357.928750 	 3846.989140
   56 	 395.421935 	 3387.671591 	 3853.667273
   57 	 586.001837 	 3423.167726 	 3853.186576
   58 	 397.510365 	 3420.372395 	 3853.186576
   59 	 347.708697 	 3453.508672 	 3867.320042
   60 	 371.949503 	 3367.302618 	 3857.142927
   61 	 881.758541 	 3425.031657 	 3873.051972
   62 	 416.754817 	 3312.445944 	 3853.186576
   63 	 290.630004 	 3320.625075 	 3864.590266
   64 	 890.518144 	 3368.287252 	 3864.590266
   65 	 1185.761879 	 3418.971488 	 3873.051972
   66 	 791.957888 	 3370.491284 	 3875.538746
   67 	 409.916665 	 3413.024732 	 3883.240114
   68 	 289.657463 	 3397.573802 	 3867.195933
   69 	 1502.085981 	 3474.451338 	 3882.117235
   70 	 1297.926479 	 3391.590566 	 3867.195933
   71 	 359.723095 	 3314.481652 	 3874.295259
   72 	 400.488665 	 3327.374477 	 3874.295259
   73 	 814.728997 	 3386.568279 	 3881.995391
   74 	 395.243630 	 3378.259535 	 3881.995391
   75 	 409.401105 	 3393.817285 	 3880.872693
   76 	 232.984801 	 3313.094724 	 3873.168705
   77 	 382.511789 	 3407.999058 	 3892.205258
   78 	 871.936847 	 3499.462730 	 3887.221815
   79 	 415.417476 	 3395.006166 	 3884.365650
   80 	 882.633217 	 3472.706828 	 3882.117235
   81 	 410.545629 	 3385.564439 	 3892.205258
   82 	 752.060721 	 3409.894470 	 3892.205258
   83 	 396.374596 	 3429.066434 	 3887.097402
   84 	 163.833880 	 3422.585591 	 3894.573653
   85 	 290.005824 	 3223.588210 	 3898.314478
   86 	 841.176654 	 3430.077198 	 3884.606918
   87 	 60.097501 	 3305.629825 	 3884.606918
   88 	 411.632356 	 3331.004817 	 3884.606918
   89 	 1934.711925 	 3491.513618 	 3882.117235
   90 	 1935.590270 	 3441.497342 	 3888.467376
   91 	 416.160661 	 3440.869831 	 3888.467376
   92 	 838.649981 	 3378.932635 	 3857.142927
   93 	 343.637221 	 3320.960090 	 3877.018498
   94 	 383.961271 	 3350.224241 	 3886.975484
   95 	 680.906072 	 3388.338289 	 3886.975484
   96 	 1667.640865 	 3439.920826 	 3886.975484
   97 	 98.937180 	 3342.228115 	 3891.958777
   98 	 364.856965 	 3376.896573 	 3881.759182
   99 	 276.769741 	 3453.700413 	 3866.612710
 