   0 	 0.602117 	 610.235940 	 3395.641459
    1 	 19.755219 	 1233.824124 	 3695.594006
    2 	 3.538320 	 1604.055102 	 3725.132549
    3 	 56.005897 	 1878.262754 	 3729.417933
    4 	 284.514661 	 2294.049586 	 3736.125201
    5 	 536.368905 	 2690.836989 	 3826.111588
    6 	 65.203525 	 2652.269912 	 3758.533071
    7 	 151.560836 	 2931.278510 	 3795.736738
    8 	 481.309815 	 3103.391762 	 3744.686241
    9 	 326.107069 	 3088.143888 	 3856.523850
   10 	 362.639038 	 3104.262365 	 3836.225723
   11 	 847.008966 	 3172.727234 	 3862.279788
   12 	 214.442579 	 3141.553530 	 3862.279788
   13 	 261.752014 	 3080.071260 	 3854.826770
   14 	 150.871014 	 3111.960162 	 3869.740007
   15 	 357.184061 	 3173.127533 	 3874.940745
   16 	 77.878285 	 3085.079790 	 3881.400686
   17 	 741.675240 	 3271.438946 	 3881.400686
   18 	 368.223690 	 3335.411953 	 3876.418918
   19 	 417.452116 	 3406.661012 	 3876.418918
   20 	 480.835372 	 3357.030886 	 3881.400686
   21 	 336.464539 	 3415.588901 	 3881.400686
   22 	 351.815276 	 3335.936082 	 3881.400686
   23 	 388.351096 	 3330.497453 	 3869.740007
   24 	 513.842939 	 3304.331858 	 3878.909402
   25 	 368.207205 	 3277.040168 	 3873.929235
   26 	 671.425694 	 3287.087331 	 3874.940745
   27 	 869.082830 	 3362.020238 	 3885.139111
   28 	 840.096464 	 3277.093564 	 3836.679981
   29 	 321.694163 	 3247.758867 	 3833.748983
   30 	 1198.781430 	 3361.065058 	 3825.447699
   31 	 1243.492150 	 3346.371161 	 3790.496683
   32 	 32.467521 	 3274.725101 	 3839.157664
   33 	 512.865358 	 3258.529818 	 3877.664060
   34 	 79.645535 	 3165.667200 	 3857.310309
   35 	 104.750135 	 3107.758190 	 3857.310309
   36 	 395.066298 	 3285.172066 	 3863.414922
   37 	 427.124890 	 3369.033437 	 3869.740007
   38 	 1590.029200 	 3358.153096 	 3873.583182
   39 	 77.533661 	 3237.602095 	 3868.496137
   40 	 641.606194 	 3386.806049 	 3861.037119
   41 	 310.869430 	 3317.133118 	 3866.347252
   42 	 515.614496 	 3381.216889 	 3868.496137
   43 	 401.131054 	 3396.720918 	 3878.909402
   44 	 1.432200 	 3271.160101 	 3886.385653
   45 	 361.085730 	 3269.042436 	 3866.008998
   46 	 621.725243 	 3302.508847 	 3868.496137
   47 	 320.781006 	 3319.774893 	 3868.496137
   48 	 378.153765 	 3317.321493 	 3868.496137
   49 	 419.837977 	 3334.363785 	 3868.496137
   50 	 401.778375 	 3357.807519 	 3878.676060
   51 	 414.762696 	 3343.536472 	 3854.826770
   52 	 388.912226 	 3197.352520 	 3859.794649
   53 	 417.025939 	 3340.005198 	 3859.794649
   54 	 945.147130 	 3353.622380 	 3867.252468
   55 	 318.251607 	 3307.937379 	 3869.963125
   56 	 224.232290 	 3386.019415 	 3869.963125
   57 	 404.831747 	 3415.342236 	 3869.740007
   58 	 764.547350 	 3493.253117 	 3887.632395
   59 	 379.480014 	 3416.470015 	 3887.632395
   60 	 383.417114 	 3472.409405 	 3885.139111
   61 	 416.772320 	 3508.739661 	 3877.430755
   62 	 897.219113 	 3486.982232 	 3877.430755
   63 	 401.826851 	 3472.258729 	 3877.664060
   64 	 384.990485 	 3406.708266 	 3887.632395
   65 	 237.078873 	 3415.648437 	 3877.664060
   66 	 384.011027 	 3394.106116 	 3885.021100
   67 	 309.729587 	 3356.317306 	 3890.126478
   68 	 317.582037 	 3397.127927 	 3888.879336
   69 	 384.396215 	 3391.420571 	 3878.909402
   70 	 307.481707 	 3472.868081 	 3878.909402
   71 	 414.124083 	 3455.519068 	 3877.664060
   72 	 330.078695 	 3344.800610 	 3872.228347
   73 	 416.772320 	 3384.965915 	 3885.139111
   74 	 390.489379 	 3409.964443 	 3880.154944
   75 	 924.988034 	 3492.811815 	 3878.909402
   76 	 401.802801 	 3335.950566 	 3869.963125
   77 	 417.255124 	 3521.403537 	 3872.228347
   78 	 332.803325 	 3376.497837 	 3880.154944
   79 	 318.282470 	 3328.213513 	 3876.418918
   80 	 64.383450 	 3308.735285 	 3872.451535
   81 	 393.228900 	 3400.475698 	 3881.167270
   82 	 415.957110 	 3455.285496 	 3870.984077
   83 	 87.267341 	 3409.367374 	 3870.984077
   84 	 757.067609 	 3514.592526 	 3870.984077
   85 	 306.203250 	 3325.549833 	 3870.984077
   86 	 311.405056 	 3276.042612 	 3870.984077
   87 	 909.727713 	 3459.047808 	 3881.167270
   88 	 830.572761 	 3447.998154 	 3882.413175
   89 	 328.513926 	 3463.895019 	 3881.400686
   90 	 647.527264 	 3465.864814 	 3881.400686
   91 	 347.536696 	 3414.157060 	 3880.154944
   92 	 395.213317 	 3473.363325 	 3882.413175
   93 	 407.056296 	 3458.562964 	 3876.072756
   94 	 407.143405 	 3417.648507 	 3867.475515
   95 	 320.901737 	 3454.874752 	 3871.207230
   96 	 850.796983 	 3401.148289 	 3879.921565
   97 	 913.403389 	 3338.825384 	 3882.646627
   98 	 233.903197 	 3296.204111 	 3859.686963
   99 	 105.563942 	 3282.710862 	 3881.167270
 