   0 	 1.001024 	 3.521939 	 10.096256
    1 	 1.033489 	 5.518565 	 10.096256
    2 	 1.003969 	 6.650326 	 10.229444
    3 	 1.099856 	 7.172689 	 10.229444
    4 	 1.025281 	 7.389459 	 10.217296
    5 	 3.187441 	 7.580340 	 10.229444
    6 	 2.920996 	 7.847078 	 10.060100
    7 	 1.032400 	 7.932740 	 10.259849
    8 	 1.917764 	 8.041964 	 10.048064
    9 	 1.499849 	 8.197436 	 10.241600
   10 	 1.715716 	 8.588873 	 10.241600
   11 	 3.211169 	 8.472414 	 10.241600
   12 	 3.211169 	 8.714627 	 10.241600
   13 	 1.799236 	 8.524910 	 10.241600
   14 	 1.640000 	 8.701881 	 10.241600
   15 	 1.640000 	 8.653404 	 10.241600
   16 	 3.496400 	 8.631289 	 10.241600
   17 	 1.532900 	 8.934493 	 10.241600
   18 	 1.815409 	 9.054612 	 10.241600
   19 	 1.974169 	 9.311989 	 10.290304
   20 	 1.861184 	 9.384441 	 10.241600
   21 	 1.708964 	 9.494770 	 10.290304
   22 	 6.914624 	 9.779639 	 10.253764
   23 	 4.621409 	 9.549155 	 10.265936
   24 	 4.671056 	 9.527132 	 10.290304
   25 	 1.662596 	 9.409873 	 10.290304
   26 	 1.906304 	 9.333460 	 10.253764
   27 	 1.857476 	 9.580677 	 10.253764
   28 	 7.140484 	 9.709934 	 10.253764
   29 	 1.817216 	 9.791877 	 10.253764
   30 	 5.064256 	 9.809583 	 10.253764
   31 	 3.972176 	 9.718678 	 10.241600
   32 	 1.984064 	 9.877546 	 10.290304
   33 	 3.985984 	 9.766227 	 10.284209
   34 	 6.017600 	 9.835121 	 10.241600
   35 	 8.551504 	 9.882253 	 10.241600
   36 	 4.920400 	 9.746943 	 10.241600
   37 	 4.936256 	 9.768480 	 10.241600
   38 	 1.883600 	 9.620052 	 10.241600
   39 	 4.984016 	 9.857257 	 10.241600
   40 	 1.831744 	 9.615321 	 10.290304
   41 	 1.640000 	 9.609836 	 10.290304
   42 	 5.048144 	 9.775388 	 10.290304
   43 	 1.937024 	 9.730220 	 10.290304
   44 	 7.210064 	 9.806860 	 10.290304
   45 	 5.064256 	 9.636522 	 10.290304
   46 	 4.932289 	 9.517410 	 10.284209
   47 	 1.815409 	 9.407615 	 10.284209
   48 	 1.802816 	 9.516394 	 10.265936
   49 	 1.802816 	 9.507405 	 10.259849
   50 	 1.831744 	 9.482281 	 10.265936
   51 	 1.657721 	 9.585102 	 10.284209
   52 	 7.230016 	 9.785064 	 10.290304
   53 	 1.984064 	 9.663198 	 10.290304
   54 	 6.569600 	 9.772525 	 10.290304
   55 	 1.004225 	 9.462438 	 10.290304
   56 	 4.936256 	 9.722813 	 10.290304
   57 	 4.857296 	 9.623710 	 10.290304
   58 	 1.001936 	 9.567538 	 10.290304
   59 	 1.861184 	 9.484901 	 10.290304
   60 	 1.692224 	 9.568429 	 10.290304
   61 	 1.013456 	 9.619699 	 10.290304
   62 	 1.565504 	 9.564766 	 10.290304
   63 	 1.913936 	 9.509964 	 10.290304
   64 	 1.802816 	 9.429235 	 10.290304
   65 	 1.795664 	 9.488273 	 10.290304
   66 	 1.921600 	 9.497979 	 10.290304
   67 	 1.915849 	 9.643898 	 10.290304
   68 	 4.667225 	 9.711740 	 10.290304
   69 	 1.760384 	 9.624917 	 10.290304
   70 	 1.850084 	 9.516778 	 10.290304
   71 	 1.950625 	 9.375918 	 10.290304
   72 	 1.984064 	 9.293731 	 10.290304
   73 	 4.097600 	 9.730218 	 10.290304
   74 	 1.913936 	 9.673296 	 10.290304
   75 	 1.915849 	 9.740551 	 10.290304
   76 	 1.588289 	 9.810112 	 10.290304
   77 	 1.919681 	 9.755393 	 10.272025
   78 	 1.910116 	 9.524647 	 10.265936
   79 	 4.713329 	 9.731610 	 10.265936
   80 	 4.932289 	 9.737801 	 10.290304
   81 	 4.936256 	 9.799775 	 10.284209
   82 	 1.915849 	 9.660364 	 10.284209
   83 	 1.802816 	 9.560631 	 10.247681
   84 	 1.946729 	 9.433297 	 10.241600
   85 	 4.869089 	 9.655583 	 10.284209
   86 	 4.924361 	 9.660269 	 10.284209
   87 	 1.915849 	 9.576481 	 10.284209
   88 	 1.919681 	 9.624770 	 10.278116
   89 	 1.797449 	 9.575262 	 10.278116
   90 	 1.915849 	 9.605952 	 10.241600
   91 	 1.921600 	 9.683105 	 10.247681
   92 	 1.915849 	 9.614476 	 10.247681
   93 	 1.589824 	 9.618988 	 10.241600
   94 	 1.802816 	 9.483815 	 10.290304
   95 	 1.793881 	 9.559872 	 10.290304
   96 	 1.801025 	 9.358493 	 10.290304
   97 	 1.330625 	 9.462883 	 10.290304
   98 	 4.433609 	 9.684398 	 10.290304
   99 	 6.602689 	 9.767202 	 10.290304
 