   0 	 1.000081 	 3.298287 	 9.561476
    1 	 1.040000 	 5.346237 	 10.102289
    2 	 1.014884 	 6.765797 	 9.886361
    3 	 1.009025 	 7.566307 	 10.150625
    4 	 1.006400 	 8.172209 	 10.150625
    5 	 1.885481 	 8.522022 	 10.247681
    6 	 1.383161 	 8.382897 	 10.265936
    7 	 1.130321 	 8.249310 	 10.265936
    8 	 1.204304 	 8.375750 	 10.144576
    9 	 1.346921 	 8.664165 	 10.144576
   10 	 1.762129 	 8.738116 	 10.144576
   11 	 4.034564 	 8.924115 	 10.259849
   12 	 6.978025 	 9.112529 	 10.272025
   13 	 1.431649 	 8.928588 	 10.272025
   14 	 1.431649 	 8.962678 	 10.272025
   15 	 3.493241 	 9.103875 	 10.272025
   16 	 1.826281 	 9.045679 	 10.284209
   17 	 4.161284 	 9.461079 	 10.278116
   18 	 4.161284 	 9.532937 	 10.278116
   19 	 1.765625 	 9.313287 	 10.284209
   20 	 4.621409 	 9.740187 	 10.284209
   21 	 4.732624 	 9.631696 	 10.284209
   22 	 1.831744 	 9.279891 	 10.290304
   23 	 1.802816 	 9.399352 	 10.290304
   24 	 1.765625 	 9.230178 	 10.284209
   25 	 1.739600 	 9.360855 	 10.284209
   26 	 4.610000 	 9.510779 	 10.284209
   27 	 1.822649 	 9.400404 	 10.284209
   28 	 4.326976 	 9.643466 	 10.290304
   29 	 4.489424 	 9.544980 	 10.290304
   30 	 1.484416 	 9.668174 	 10.290304
   31 	 7.310144 	 9.856072 	 10.290304
   32 	 1.649636 	 9.696706 	 10.290304
   33 	 1.857476 	 9.740505 	 10.290304
   34 	 1.857476 	 9.558552 	 10.290304
   35 	 5.064256 	 9.780917 	 10.290304
   36 	 1.857476 	 9.721711 	 10.290304
   37 	 1.001444 	 9.717673 	 10.290304
   38 	 1.859329 	 9.627762 	 10.265936
   39 	 1.824464 	 9.686202 	 10.265936
   40 	 3.910436 	 9.772415 	 10.265936
   41 	 1.992016 	 9.616627 	 10.290304
   42 	 1.774400 	 9.798471 	 10.290304
   43 	 1.853776 	 9.832555 	 10.265936
   44 	 1.633616 	 9.829390 	 10.265936
   45 	 1.535824 	 9.685310 	 10.290304
   46 	 1.921600 	 9.538380 	 10.265936
   47 	 3.062096 	 9.422010 	 10.241600
   48 	 1.988036 	 9.365047 	 10.259849
   49 	 1.980100 	 9.556282 	 10.278116
   50 	 3.696164 	 9.624431 	 10.278116
   51 	 4.936256 	 9.588325 	 10.278116
   52 	 5.056196 	 9.701960 	 10.265936
   53 	 5.056196 	 9.658097 	 10.290304
   54 	 1.976144 	 9.556281 	 10.290304
   55 	 8.043716 	 9.636936 	 10.253764
   56 	 1.230400 	 9.322131 	 10.253764
   57 	 4.097600 	 9.516322 	 10.241600
   58 	 1.630436 	 9.563672 	 10.241600
   59 	 4.625216 	 9.689186 	 10.241600
   60 	 1.737881 	 9.284637 	 10.241600
   61 	 1.744769 	 8.963521 	 10.284209
   62 	 3.954961 	 9.430425 	 10.290304
   63 	 5.044121 	 9.510131 	 10.290304
   64 	 1.185761 	 9.161164 	 10.241600
   65 	 6.373124 	 9.478813 	 10.284209
   66 	 2.885129 	 9.566211 	 10.284209
   67 	 1.708964 	 9.300692 	 10.290304
   68 	 1.972196 	 9.548235 	 10.284209
   69 	 1.910116 	 9.563104 	 10.241600
   70 	 1.210681 	 9.769157 	 10.241600
   71 	 1.870489 	 9.514522 	 10.241600
   72 	 1.893025 	 9.780387 	 10.241600
   73 	 1.950625 	 9.843982 	 10.290304
   74 	 1.938961 	 9.800230 	 10.290304
   75 	 1.972196 	 9.702216 	 10.290304
   76 	 4.493161 	 9.722483 	 10.284209
   77 	 4.493161 	 9.801300 	 10.284209
   78 	 1.940900 	 9.709174 	 10.284209
   79 	 1.744769 	 9.688096 	 10.290304
   80 	 3.241009 	 9.757971 	 10.290304
   81 	 1.946729 	 9.525908 	 10.278116
   82 	 1.714025 	 9.493747 	 10.278116
   83 	 1.606841 	 9.211879 	 10.278116
   84 	 1.952576 	 9.594009 	 10.278116
   85 	 4.992004 	 9.737878 	 10.278116
   86 	 1.980100 	 9.668986 	 10.247681
   87 	 7.056521 	 9.760144 	 10.284209
   88 	 1.952576 	 9.345780 	 10.284209
   89 	 1.495616 	 9.169406 	 10.259849
   90 	 4.790809 	 9.322083 	 10.247681
   91 	 1.970225 	 9.351679 	 10.247681
   92 	 1.919681 	 9.365556 	 10.265936
   93 	 1.859329 	 9.332158 	 10.290304
   94 	 2.172889 	 9.428921 	 10.290304
   95 	 4.583449 	 9.452940 	 10.290304
   96 	 1.974169 	 9.205653 	 10.284209
   97 	 4.541924 	 9.345173 	 10.284209
   98 	 4.560769 	 9.479442 	 10.284209
   99 	 1.929296 	 9.427660 	 10.290304
 