   0 	 1.091165 	 462.329262 	 3132.540912
    1 	 0.282421 	 1244.652113 	 3070.179749
    2 	 22.136150 	 2020.751273 	 3696.809764
    3 	 1.390255 	 2153.563388 	 3846.595515
    4 	 386.246071 	 2443.862816 	 3844.115432
    5 	 76.448981 	 2647.003498 	 3844.115432
    6 	 34.360417 	 2691.662954 	 3875.173977
    7 	 215.631146 	 2840.864677 	 3808.612462
    8 	 215.791378 	 2890.241643 	 3851.558082
    9 	 106.628114 	 3176.748636 	 3829.251730
   10 	 143.998756 	 3160.151084 	 3841.403910
   11 	 680.539519 	 3204.222535 	 3846.595515
   12 	 748.960357 	 3293.481143 	 3863.414922
   13 	 298.938564 	 3214.343639 	 3883.774777
   14 	 374.857590 	 3236.298621 	 3886.267623
   15 	 383.436514 	 3215.976962 	 3878.909402
   16 	 384.001428 	 3218.155262 	 3863.414922
   17 	 380.544774 	 3390.964805 	 3886.267623
   18 	 406.324009 	 3336.061352 	 3873.583182
   19 	 406.172162 	 3317.633019 	 3891.373820
   20 	 352.591915 	 3314.017994 	 3871.440351
   21 	 777.977835 	 3362.098438 	 3842.758311
   22 	 2199.909260 	 3504.840141 	 3844.388035
   23 	 354.153782 	 3443.268202 	 3846.595515
   24 	 938.353988 	 3504.711144 	 3888.879336
   25 	 333.913910 	 3324.722801 	 3873.811391
   26 	 407.459406 	 3346.747958 	 3855.960805
   27 	 99.359505 	 3323.913949 	 3855.960805
   28 	 100.546672 	 3331.770345 	 3863.978500
   29 	 189.534822 	 3336.110205 	 3883.774777
   30 	 409.013656 	 3338.499665 	 3861.037119
   31 	 921.225255 	 3365.496443 	 3874.827869
   32 	 404.480244 	 3346.807677 	 3851.558082
   33 	 381.255564 	 3290.527959 	 3887.514346
   34 	 189.663156 	 3355.933501 	 3873.929235
   35 	 87.646491 	 3396.327812 	 3865.103929
   36 	 896.095130 	 3530.969906 	 3870.196209
   37 	 872.589520 	 3505.372936 	 3887.632395
   38 	 877.184596 	 3509.469633 	 3844.115432
   39 	 847.602648 	 3476.747775 	 3836.335566
   40 	 382.193224 	 3484.518510 	 3874.827869
   41 	 887.561077 	 3459.842869 	 3876.072756
   42 	 349.085957 	 3512.342202 	 3846.478081
   43 	 355.478314 	 3429.051529 	 3856.994816
   44 	 390.987206 	 3458.124850 	 3854.719152
   45 	 405.382013 	 3436.676789 	 3857.202658
   46 	 910.842074 	 3468.472351 	 3824.071840
   47 	 905.429801 	 3417.323187 	 3851.213012
   48 	 247.969789 	 3305.908567 	 3848.731438
   49 	 357.700707 	 3383.568868 	 3877.317844
   50 	 407.467469 	 3438.780435 	 3854.511376
   51 	 416.178589 	 3450.653032 	 3866.119259
   52 	 82.913412 	 3484.166936 	 3871.207230
   53 	 896.413197 	 3488.063858 	 3878.791484
   54 	 414.653526 	 3327.428470 	 3869.850320
   55 	 342.443336 	 3441.792043 	 3877.430755
   56 	 398.574248 	 3431.361154 	 3873.696040
   57 	 416.955636 	 3369.876426 	 3872.451535
   58 	 815.017695 	 3429.142310 	 3854.719152
   59 	 2302.132808 	 3448.787715 	 3810.152851
   60 	 410.513490 	 3375.115691 	 3877.317844
   61 	 93.854356 	 3257.658548 	 3867.362746
   62 	 72.210623 	 3117.833037 	 3867.475515
   63 	 390.068836 	 3257.858088 	 3881.167270
   64 	 306.623814 	 3424.419105 	 3873.583182
   65 	 422.975078 	 3405.210360 	 3867.475515
   66 	 428.147524 	 3374.271206 	 3866.119259
   67 	 749.143772 	 3358.502775 	 3867.362746
   68 	 405.399762 	 3457.232242 	 3876.072756
   69 	 273.960476 	 3342.576004 	 3877.317844
   70 	 361.142383 	 3483.021007 	 3876.072756
   71 	 403.971288 	 3489.394126 	 3876.072756
   72 	 346.999872 	 3436.539906 	 3879.921565
   73 	 401.992223 	 3472.433465 	 3881.167270
   74 	 409.941572 	 3354.960533 	 3881.167270
   75 	 416.915085 	 3353.096987 	 3877.546161
   76 	 274.584909 	 3328.909875 	 3873.811391
   77 	 410.850726 	 3386.939796 	 3882.413175
   78 	 315.781810 	 3329.460995 	 3881.167270
   79 	 509.639735 	 3399.738385 	 3882.528653
   80 	 318.947787 	 3356.248255 	 3881.167270
   81 	 1390.434860 	 3438.013343 	 3878.676060
   82 	 404.465403 	 3323.218889 	 3872.684693
   83 	 1724.149354 	 3532.569381 	 3863.632884
   84 	 402.000976 	 3429.619332 	 3877.317844
   85 	 907.816900 	 3422.944133 	 3866.119259
   86 	 370.153194 	 3349.985127 	 3877.317844
   87 	 381.264256 	 3398.536870 	 3877.317844
   88 	 801.483893 	 3385.033007 	 3876.072756
   89 	 311.363576 	 3337.923509 	 3879.921565
   90 	 387.136804 	 3340.841951 	 3869.963125
   91 	 324.977191 	 3429.199895 	 3879.921565
   92 	 324.977191 	 3380.595269 	 3878.791484
   93 	 1720.797755 	 3514.756662 	 3873.583182
   94 	 859.691183 	 3465.034161 	 3874.827869
   95 	 420.147234 	 3450.239156 	 3879.921565
   96 	 102.855080 	 3342.949996 	 3882.528653
   97 	 850.031464 	 3397.105686 	 3879.921565
   98 	 390.306285 	 3227.107460 	 3877.317844
   99 	 663.128244 	 3405.968258 	 3869.963125
 