   0 	 0.222710 	 424.886504 	 3345.789725
    1 	 1.038179 	 1101.744497 	 3336.774374
    2 	 4.395110 	 1562.881661 	 3693.526164
    3 	 34.631733 	 1766.012655 	 3771.715937
    4 	 31.908610 	 1889.720910 	 3753.612171
    5 	 34.169294 	 2179.312529 	 3760.499315
    6 	 69.614903 	 2284.858984 	 3760.499315
    7 	 232.683349 	 2627.529131 	 3760.499315
    8 	 39.310073 	 2495.994638 	 3789.497068
    9 	 48.468655 	 2624.610937 	 3800.262157
   10 	 84.013696 	 2721.743526 	 3800.262157
   11 	 446.770423 	 3078.319733 	 3860.132636
   12 	 412.391939 	 3296.027830 	 3839.834918
   13 	 362.828904 	 3255.844673 	 3862.617882
   14 	 362.502630 	 3253.585669 	 3814.688304
   15 	 361.666741 	 3224.323460 	 3843.883120
   16 	 374.456942 	 3353.062807 	 3850.199650
   17 	 1551.661993 	 3363.742139 	 3850.199650
   18 	 348.940906 	 3406.148205 	 3853.807960
   19 	 1592.330756 	 3380.404720 	 3887.514346
   20 	 419.222750 	 3248.583161 	 3822.949940
   21 	 750.928905 	 3223.425703 	 3841.518788
   22 	 750.928905 	 3035.946122 	 3831.609802
   23 	 419.753185 	 3138.618405 	 3829.134556
   24 	 379.177926 	 3160.154602 	 3829.134556
   25 	 310.908204 	 3271.911373 	 3811.603822
   26 	 51.829055 	 3221.317329 	 3803.580605
   27 	 351.743685 	 3350.487939 	 3822.506379
   28 	 1518.133380 	 3423.364540 	 3851.558082
   29 	 337.822253 	 3255.670715 	 3836.447890
   30 	 406.966320 	 3341.947783 	 3844.485584
   31 	 93.259110 	 3321.681986 	 3847.168404
   32 	 370.807070 	 3413.414314 	 3847.168404
   33 	 389.208880 	 3318.749813 	 3844.485584
   34 	 667.338083 	 3343.586879 	 3845.928167
   35 	 78.374885 	 3332.903670 	 3847.168404
   36 	 694.468305 	 3345.813126 	 3799.119760
   37 	 367.769353 	 3373.260160 	 3877.664060
   38 	 720.447381 	 3439.940972 	 3833.434436
   39 	 783.176985 	 3288.148601 	 3853.269956
   40 	 343.747010 	 3209.563413 	 3855.752996
   41 	 343.774625 	 3207.085375 	 3805.545265
   42 	 370.026485 	 3240.909807 	 3799.051776
   43 	 370.029641 	 3222.242859 	 3802.750334
   44 	 342.098126 	 3268.388432 	 3877.430755
   45 	 392.564255 	 3271.743039 	 3855.855657
   46 	 829.165640 	 3319.764599 	 3859.686963
   47 	 296.426725 	 3346.426356 	 3880.037007
   48 	 340.452096 	 3331.329276 	 3870.078421
   49 	 250.017249 	 3283.642529 	 3853.269956
   50 	 508.034980 	 3261.210452 	 3853.269956
   51 	 79.928095 	 3271.694241 	 3849.546896
   52 	 792.695499 	 3274.149321 	 3849.546896
   53 	 693.795600 	 3253.289558 	 3854.614021
   54 	 365.239456 	 3255.561102 	 3854.614021
   55 	 321.390416 	 3193.820890 	 3868.719220
   56 	 414.684520 	 3169.988263 	 3809.138927
   57 	 877.398213 	 3289.801459 	 3880.037007
   58 	 939.395779 	 3362.147922 	 3862.502695
   59 	 415.153576 	 3184.968645 	 3806.832998
   60 	 415.064724 	 3310.514003 	 3791.879837
   61 	 1667.791256 	 3392.778079 	 3834.380378
   62 	 365.458299 	 3281.788790 	 3834.380378
   63 	 873.203092 	 3293.434737 	 3851.213012
   64 	 361.314534 	 3243.364263 	 3867.475515
   65 	 632.435923 	 3290.780797 	 3872.451535
   66 	 1634.921863 	 3403.894583 	 3882.413175
   67 	 886.092283 	 3373.521584 	 3877.430755
   68 	 412.678421 	 3297.981376 	 3877.430755
   69 	 362.637870 	 3274.836059 	 3877.430755
   70 	 358.518250 	 3222.152938 	 3877.430755
   71 	 351.766120 	 3288.798088 	 3877.430755
   72 	 292.903456 	 3352.352722 	 3843.883120
   73 	 933.334942 	 3292.780129 	 3856.291170
   74 	 828.711911 	 3310.763841 	 3869.850320
   75 	 394.397975 	 3311.945321 	 3872.566868
   76 	 763.567778 	 3397.110143 	 3872.566868
   77 	 391.912541 	 3258.022797 	 3871.094408
   78 	 415.624589 	 3389.462728 	 3887.632395
   79 	 365.137062 	 3315.924024 	 3871.440351
   80 	 1142.771020 	 3368.849792 	 3886.385653
   81 	 418.018602 	 3312.598444 	 3881.282730
   82 	 396.042320 	 3243.900776 	 3887.632395
   83 	 420.035466 	 3324.543051 	 3882.528653
   84 	 368.184927 	 3360.140791 	 3882.528653
   85 	 98.629365 	 3285.238131 	 3882.528653
   86 	 308.801594 	 3414.628610 	 3866.347252
   87 	 314.441030 	 3349.151426 	 3876.185650
   88 	 316.596044 	 3226.421174 	 3871.440351
   89 	 481.700503 	 3273.337461 	 3828.383729
   90 	 323.920754 	 3240.835837 	 3819.241570
   91 	 299.041660 	 3255.332516 	 3825.423186
   92 	 316.584201 	 3253.488273 	 3861.375159
   93 	 165.331456 	 3234.733425 	 3861.375159
   94 	 322.583905 	 3329.727517 	 3849.972125
   95 	 318.557830 	 3218.466539 	 3783.113274
   96 	 296.629756 	 3292.427719 	 3849.972125
   97 	 42.031289 	 3063.562016 	 3849.972125
   98 	 620.632530 	 3132.117889 	 3840.052228
   99 	 265.529299 	 3203.865116 	 3890.126478
 