   0 	 1.001369 	 3.443821 	 10.290304
    1 	 1.011449 	 5.135252 	 10.290304
    2 	 1.012769 	 7.074917 	 10.290304
    3 	 1.211600 	 8.356646 	 10.290304
    4 	 3.286144 	 8.842303 	 10.290304
    5 	 1.887364 	 9.033586 	 10.290304
    6 	 1.927369 	 8.962733 	 10.290304
    7 	 1.004900 	 9.440362 	 10.290304
    8 	 1.760384 	 9.716435 	 10.290304
    9 	 1.760384 	 9.648682 	 10.290304
   10 	 1.921600 	 9.473964 	 10.290304
   11 	 1.935089 	 9.643469 	 10.290304
   12 	 1.467856 	 9.487545 	 10.290304
   13 	 4.822025 	 9.773583 	 10.290304
   14 	 1.024025 	 9.719247 	 10.290304
   15 	 4.541924 	 9.738020 	 10.290304
   16 	 5.052169 	 9.682363 	 10.290304
   17 	 1.543169 	 9.565799 	 10.290304
   18 	 6.248681 	 9.706212 	 10.290304
   19 	 1.942841 	 9.522849 	 10.290304
   20 	 1.840889 	 9.459761 	 10.290304
   21 	 5.020025 	 9.867135 	 10.290304
   22 	 5.028049 	 9.778920 	 10.290304
   23 	 1.727609 	 9.842579 	 10.290304
   24 	 1.968256 	 9.712721 	 10.290304
   25 	 2.000000 	 9.717096 	 10.290304
   26 	 2.000000 	 9.721381 	 10.290304
   27 	 1.986049 	 9.629491 	 10.290304
   28 	 1.700569 	 9.693715 	 10.290304
   29 	 1.966289 	 9.683852 	 10.290304
   30 	 1.994009 	 9.744075 	 10.290304
   31 	 1.817216 	 9.655673 	 10.290304
   32 	 1.990025 	 9.659234 	 10.290304
   33 	 1.980100 	 9.508556 	 10.290304
   34 	 1.994009 	 9.701943 	 10.284209
   35 	 1.944784 	 9.674159 	 10.290304
   36 	 1.935089 	 9.649628 	 10.290304
   37 	 1.962361 	 9.697308 	 10.290304
   38 	 1.001764 	 9.505802 	 10.290304
   39 	 1.904401 	 9.663599 	 10.284209
   40 	 5.060225 	 9.915282 	 10.284209
   41 	 1.874225 	 9.800698 	 10.284209
   42 	 4.988009 	 9.842792 	 10.284209
   43 	 1.525625 	 9.797944 	 10.284209
   44 	 1.946729 	 9.654071 	 10.284209
   45 	 1.900601 	 9.628792 	 10.284209
   46 	 5.020025 	 9.870215 	 10.259849
   47 	 1.007921 	 9.835928 	 10.259849
   48 	 1.707281 	 9.721035 	 10.284209
   49 	 1.622521 	 9.513576 	 10.284209
   50 	 1.616225 	 9.462417 	 10.284209
   51 	 1.525625 	 9.320852 	 10.284209
   52 	 1.998001 	 9.384431 	 10.284209
   53 	 1.968256 	 9.504782 	 10.284209
   54 	 1.904401 	 9.464573 	 10.284209
   55 	 1.966289 	 9.696938 	 10.284209
   56 	 1.966289 	 9.598940 	 10.284209
   57 	 1.962361 	 9.584249 	 10.290304
   58 	 1.221841 	 9.737201 	 10.290304
   59 	 1.000576 	 9.700547 	 10.290304
   60 	 1.990025 	 9.789570 	 10.290304
   61 	 4.980025 	 9.703600 	 10.290304
   62 	 4.980025 	 9.730694 	 10.290304
   63 	 1.872356 	 9.455391 	 10.290304
   64 	 1.994009 	 9.520850 	 10.290304
   65 	 4.853369 	 9.714785 	 10.284209
   66 	 1.844561 	 9.670789 	 10.284209
   67 	 1.758641 	 9.769538 	 10.284209
   68 	 1.844561 	 9.677841 	 10.290304
   69 	 1.994009 	 9.818207 	 10.284209
   70 	 1.758641 	 9.721961 	 10.284209
   71 	 5.088484 	 9.825267 	 10.284209
   72 	 1.950625 	 9.582313 	 10.284209
   73 	 1.889249 	 9.799802 	 10.284209
   74 	 4.996001 	 9.743215 	 10.290304
   75 	 1.978121 	 9.529166 	 10.290304
   76 	 4.500641 	 9.792550 	 10.290304
   77 	 1.853776 	 9.744299 	 10.290304
   78 	 1.781456 	 9.830850 	 10.290304
   79 	 6.760000 	 9.908322 	 10.290304
   80 	 1.881721 	 9.731901 	 10.290304
   81 	 4.964081 	 9.821433 	 10.290304
   82 	 1.504100 	 9.445120 	 10.290304
   83 	 1.990025 	 9.434031 	 10.290304
   84 	 1.929296 	 9.233393 	 10.290304
   85 	 1.896809 	 9.286250 	 10.290304
   86 	 1.872356 	 9.601417 	 10.290304
   87 	 4.470769 	 9.525852 	 10.290304
   88 	 2.000000 	 9.579272 	 10.290304
   89 	 1.906304 	 9.513568 	 10.290304
   90 	 1.866761 	 9.529043 	 10.290304
   91 	 4.940225 	 9.665238 	 10.290304
   92 	 1.889249 	 9.573888 	 10.284209
   93 	 1.819025 	 9.602913 	 10.284209
   94 	 1.874225 	 9.750785 	 10.290304
   95 	 1.516961 	 9.688630 	 10.284209
   96 	 4.751969 	 9.814375 	 10.290304
   97 	 7.175225 	 9.874837 	 10.290304
   98 	 6.948721 	 9.853967 	 10.284209
   99 	 4.530641 	 9.811818 	 10.284209
 