   0 	 0.500377 	 465.991700 	 3398.955205
    1 	 0.021357 	 1483.095211 	 3606.992696
    2 	 2.027449 	 2060.610484 	 3635.900035
    3 	 185.441833 	 2266.403776 	 3826.077458
    4 	 126.598245 	 2465.542315 	 3675.283204
    5 	 174.112533 	 2562.487225 	 3781.958021
    6 	 167.279971 	 2568.753273 	 3818.394470
    7 	 264.138710 	 2486.379165 	 3758.415540
    8 	 211.670459 	 2763.304614 	 3847.380951
    9 	 161.227850 	 2823.682499 	 3869.209119
   10 	 124.860592 	 2607.830660 	 3884.248756
   11 	 96.000310 	 2668.386888 	 3816.882095
   12 	 268.963867 	 2719.842237 	 3846.444563
   13 	 344.399902 	 2814.527324 	 3869.323310
   14 	 104.348122 	 2692.944913 	 3869.323310
   15 	 218.907221 	 2879.556000 	 3830.899207
   16 	 191.255416 	 2671.508702 	 3857.310309
   17 	 171.043862 	 2653.884059 	 3751.076872
   18 	 333.394820 	 2850.574705 	 3837.918723
   19 	 18.782670 	 2807.554358 	 3829.785212
   20 	 204.062514 	 2692.516727 	 3836.969904
   21 	 238.488632 	 2615.005328 	 3742.492095
   22 	 167.646436 	 2834.580039 	 3787.470374
   23 	 417.846416 	 2925.457463 	 3792.394669
   24 	 333.468150 	 2814.015000 	 3844.511566
   25 	 231.959625 	 2722.416427 	 3815.077338
   26 	 274.496980 	 2648.127343 	 3759.824410
   27 	 219.448934 	 2862.441538 	 3786.640089
   28 	 194.089024 	 2802.307429 	 3797.890705
   29 	 16.423521 	 2818.089346 	 3849.961621
   30 	 74.756090 	 2888.264088 	 3829.785212
   31 	 335.849635 	 2833.622155 	 3862.887152
   32 	 369.574637 	 2923.246674 	 3789.098924
   33 	 119.847290 	 2908.625284 	 3847.683567
   34 	 351.450808 	 2995.826936 	 3852.745616
   35 	 886.087420 	 3086.837912 	 3842.627325
   36 	 369.696630 	 3112.117803 	 3828.729330
   37 	 74.824169 	 3066.296923 	 3857.602801
   38 	 356.959737 	 3165.061018 	 3856.362197
   39 	 357.509590 	 3195.762012 	 3853.881588
   40 	 290.359387 	 3328.842400 	 3849.961621
   41 	 404.715524 	 3253.865286 	 3838.624090
   42 	 348.374022 	 3212.608036 	 3827.313176
   43 	 370.081542 	 3097.656619 	 3835.962555
   44 	 370.788284 	 3150.591245 	 3857.813476
   45 	 568.565689 	 3136.560834 	 3870.682695
   46 	 852.758372 	 3260.071420 	 3847.483074
   47 	 361.795770 	 3208.087864 	 3847.483074
   48 	 400.775127 	 3324.179107 	 3849.961621
   49 	 383.126212 	 3377.877202 	 3900.809362
   50 	 804.004635 	 3383.708721 	 3890.593175
   51 	 368.412909 	 3331.682132 	 3886.856060
   52 	 658.824485 	 3328.214501 	 3881.876040
   53 	 407.452510 	 3352.861813 	 3886.856060
   54 	 275.561892 	 3379.181434 	 3890.593175
   55 	 420.705365 	 3300.574869 	 3888.101565
   56 	 318.643434 	 3378.135258 	 3889.347270
   57 	 314.287680 	 3519.200099 	 3888.101565
   58 	 1202.076139 	 3511.574167 	 3879.387230
   59 	 943.007710 	 3501.880734 	 3889.466730
   60 	 233.296410 	 3493.431898 	 3902.181744
   61 	 781.497927 	 3456.236776 	 3893.205100
   62 	 413.494615 	 3478.254823 	 3903.429705
   63 	 236.793085 	 3430.332070 	 3875.655515
   64 	 285.918743 	 3432.105598 	 3885.610755
   65 	 413.979744 	 3371.274843 	 3889.347270
   66 	 933.644711 	 3445.245778 	 3889.347270
   67 	 413.493765 	 3326.849651 	 3885.730161
   68 	 212.990905 	 3412.347133 	 3885.730161
   69 	 34.210413 	 3381.001053 	 3885.730161
   70 	 769.303772 	 3418.218806 	 3894.451623
   71 	 413.523373 	 3426.417066 	 3894.451623
   72 	 845.465521 	 3374.447370 	 3895.820395
   73 	 410.700183 	 3436.790181 	 3895.820395
   74 	 418.799680 	 3475.772971 	 3904.677866
   75 	 374.186292 	 3419.078111 	 3900.809362
   76 	 1641.862930 	 3409.958698 	 3894.573653
   77 	 195.878721 	 3318.098303 	 3899.561820
   78 	 420.018594 	 3339.839668 	 3900.809362
   79 	 430.689093 	 3464.055202 	 3885.610755
   80 	 104.424740 	 3374.452961 	 3883.120745
   81 	 404.605725 	 3413.973547 	 3895.698346
   82 	 338.209996 	 3401.111394 	 3895.698346
   83 	 101.004202 	 3375.482097 	 3894.451623
   84 	 418.671444 	 3491.841116 	 3894.451623
   85 	 387.120046 	 3370.269959 	 3884.365650
   86 	 387.588073 	 3429.918641 	 3889.347270
   87 	 359.663138 	 3461.532694 	 3884.365650
   88 	 411.502095 	 3387.222307 	 3884.365650
   89 	 93.008945 	 3309.631704 	 3884.365650
   90 	 1057.458186 	 3445.862113 	 3889.466730
   91 	 387.765348 	 3403.811193 	 3895.698346
   92 	 442.034286 	 3358.242503 	 3890.593175
   93 	 387.513148 	 3394.704583 	 3888.342944
   94 	 445.576591 	 3346.077728 	 3895.820395
   95 	 417.157636 	 3403.809993 	 3895.698346
   96 	 417.158409 	 3432.727933 	 3900.809362
   97 	 1496.818164 	 3391.629768 	 3900.933984
   98 	 934.978057 	 3374.188902 	 3881.876040
   99 	 411.878814 	 3340.197463 	 3883.003869
 