   0 	 1.325743 	 513.229552 	 3394.754184
    1 	 4.778100 	 1227.198119 	 3797.048395
    2 	 1.874385 	 1825.862605 	 3799.510603
    3 	 6.102715 	 2174.916747 	 3711.904325
    4 	 58.086100 	 2218.164227 	 3688.715311
    5 	 52.689720 	 2237.920906 	 3824.954324
    6 	 4.284889 	 2577.241235 	 3851.102960
    7 	 135.156996 	 2784.458440 	 3851.102960
    8 	 308.589722 	 2807.860808 	 3852.131348
    9 	 168.757236 	 2800.195565 	 3864.711850
   10 	 173.124670 	 2789.423309 	 3874.652984
   11 	 333.017150 	 3022.813443 	 3864.711850
   12 	 183.794384 	 2852.471889 	 3885.976454
   13 	 568.522922 	 2941.674748 	 3880.872693
   14 	 262.225784 	 2827.065845 	 3879.628351
   15 	 361.658458 	 2944.351901 	 3885.976454
   16 	 361.619620 	 3065.238884 	 3878.384209
   17 	 395.419600 	 3146.118129 	 3899.561820
   18 	 332.628998 	 3149.291461 	 3884.248756
   19 	 357.606416 	 3200.084547 	 3884.248756
   20 	 357.606416 	 3216.898875 	 3879.628351
   21 	 668.196961 	 3260.106952 	 3879.628351
   22 	 370.067128 	 3261.012751 	 3879.628351
   23 	 212.699800 	 3345.664616 	 3899.561820
   24 	 969.457520 	 3352.415950 	 3897.067336
   25 	 160.028894 	 3330.451763 	 3897.067336
   26 	 198.794825 	 3274.065884 	 3893.327111
   27 	 482.442688 	 3253.136365 	 3899.561820
   28 	 826.640468 	 3229.641913 	 3899.561820
   29 	 231.739608 	 3391.532108 	 3904.677866
   30 	 363.149323 	 3310.601870 	 3879.628351
   31 	 421.235636 	 3354.919961 	 3884.731293
   32 	 389.447025 	 3404.282858 	 3883.486332
   33 	 901.411928 	 3429.733295 	 3883.486332
   34 	 1.314640 	 3526.649023 	 3885.976454
   35 	 591.348146 	 3487.764351 	 3883.486332
   36 	 205.773280 	 3392.552185 	 3884.731293
   37 	 311.816900 	 3355.418247 	 3884.731293
   38 	 1680.273541 	 3497.540891 	 3884.731293
   39 	 415.222311 	 3465.876041 	 3884.731293
   40 	 400.879244 	 3406.705843 	 3880.997011
   41 	 218.660291 	 3419.494649 	 3885.976454
   42 	 376.344499 	 3379.054660 	 3885.976454
   43 	 1544.961015 	 3416.868959 	 3874.652984
   44 	 862.625920 	 3396.224754 	 3874.652984
   45 	 879.153756 	 3383.432789 	 3899.686423
   46 	 386.035872 	 3266.845729 	 3860.516030
   47 	 885.489617 	 3294.257434 	 3862.998770
   48 	 339.559225 	 3304.813130 	 3862.998770
   49 	 394.484680 	 3281.792461 	 3884.731293
   50 	 397.815743 	 3201.694140 	 3834.495564
   51 	 338.708795 	 3319.287671 	 3876.668137
   52 	 1540.994065 	 3398.079621 	 3876.668137
   53 	 835.402577 	 3293.337295 	 3855.441435
   54 	 359.314996 	 3245.395350 	 3855.441435
   55 	 396.533525 	 3275.716446 	 3866.612710
   56 	 296.230422 	 3269.016557 	 3866.612710
   57 	 245.771680 	 3239.440429 	 3875.424468
   58 	 894.559685 	 3354.105806 	 3890.712653
   59 	 80.126015 	 3301.793370 	 3860.516030
   60 	 740.827802 	 3209.789988 	 3878.384209
   61 	 288.640105 	 3187.309391 	 3888.101565
   62 	 299.464286 	 3140.082684 	 3811.376769
   63 	 380.631055 	 3177.780504 	 3834.384338
   64 	 906.067829 	 3283.072229 	 3895.820395
   65 	 155.503131 	 3239.160106 	 3834.384338
   66 	 401.093934 	 3332.178220 	 3835.732634
   67 	 384.929919 	 3251.092457 	 3840.682913
   68 	 388.302265 	 3335.509721 	 3874.180998
   69 	 388.854016 	 3289.837813 	 3856.023857
   70 	 1203.448695 	 3374.159877 	 3837.563383
   71 	 298.217600 	 3364.603307 	 3864.471170
   72 	 953.554922 	 3434.480082 	 3864.471170
   73 	 292.383460 	 3282.518340 	 3884.248756
   74 	 1580.469738 	 3429.948347 	 3904.677866
   75 	 1.463347 	 3408.010583 	 3879.628351
   76 	 339.299636 	 3383.744750 	 3879.628351
   77 	 380.963192 	 3277.886647 	 3864.835920
   78 	 17.457833 	 3274.630511 	 3900.809362
   79 	 333.465874 	 3137.030834 	 3900.809362
   80 	 325.601045 	 3249.656695 	 3851.946689
   81 	 608.942517 	 3379.076188 	 3880.872693
   82 	 337.051012 	 3317.688810 	 3865.596448
   83 	 337.259821 	 3448.521348 	 3879.156077
   84 	 397.413661 	 3409.973218 	 3879.156077
   85 	 421.090480 	 3412.466167 	 3883.486332
   86 	 212.216896 	 3373.091484 	 3883.486332
   87 	 381.423314 	 3250.868820 	 3861.871387
   88 	 566.396617 	 3250.748475 	 3870.682695
   89 	 393.256418 	 3293.153451 	 3870.682695
   90 	 647.469689 	 3384.317639 	 3870.451788
   91 	 916.035125 	 3411.245472 	 3889.466730
   92 	 316.961872 	 3318.409354 	 3868.316636
   93 	 212.990905 	 3253.268912 	 3870.801882
   94 	 223.304887 	 3352.457710 	 3861.645699
   95 	 99.852700 	 3334.110379 	 3870.801882
   96 	 105.792482 	 3371.396990 	 3875.312680
   97 	 1465.952794 	 3394.973987 	 3880.514695
   98 	 391.851242 	 3335.229456 	 3880.514695
   99 	 309.001300 	 3358.965462 	 3875.424468
 