   0 	 0.056085 	 546.019957 	 2874.442060
    1 	 2.827615 	 1307.290491 	 3118.156189
    2 	 23.132613 	 1837.150962 	 3338.569525
    3 	 3.539179 	 2086.598182 	 3547.060202
    4 	 86.957152 	 2208.425028 	 3547.060202
    5 	 231.798828 	 2317.911384 	 3741.567058
    6 	 226.227051 	 2308.644639 	 3788.977642
    7 	 395.014070 	 2517.180139 	 3788.977642
    8 	 94.136341 	 2532.374254 	 3788.864582
    9 	 5.194368 	 2579.489016 	 3788.864582
   10 	 556.851736 	 2806.887808 	 3788.864582
   11 	 876.525620 	 2914.959395 	 3822.285164
   12 	 153.548635 	 2898.419106 	 3808.676637
   13 	 294.436900 	 2929.311027 	 3866.838536
   14 	 237.605054 	 3064.471369 	 3870.682695
   15 	 277.036056 	 3127.549521 	 3877.140268
   16 	 376.609422 	 3020.195423 	 3856.793421
   17 	 302.170896 	 3200.835253 	 3831.490825
   18 	 328.691914 	 3208.408646 	 3856.362197
   19 	 284.254507 	 3330.615362 	 3897.067336
   20 	 381.259024 	 3239.435751 	 3893.327111
   21 	 328.175856 	 3281.354385 	 3888.467376
   22 	 188.971621 	 3275.538096 	 3900.933984
   23 	 376.536963 	 3401.837819 	 3900.809362
   24 	 1399.892843 	 3493.909246 	 3888.467376
   25 	 403.825141 	 3443.239103 	 3898.439062
   26 	 51.830070 	 3354.375107 	 3903.429705
   27 	 447.422819 	 3370.128500 	 3903.429705
   28 	 1242.867541 	 3532.371319 	 3905.926227
   29 	 18.396621 	 3467.500319 	 3899.561820
   30 	 798.112400 	 3450.128025 	 3899.686423
   31 	 239.277521 	 3440.952657 	 3905.926227
   32 	 912.490244 	 3485.209015 	 3903.429705
   33 	 22.914852 	 3496.677981 	 3905.926227
   34 	 885.248638 	 3503.052530 	 3905.926227
   35 	 405.516141 	 3493.782012 	 3895.944940
   36 	 235.340473 	 3290.148387 	 3905.926227
   37 	 407.497082 	 3399.707619 	 3905.926227
   38 	 535.500745 	 3415.647588 	 3905.926227
   39 	 63.368198 	 3454.440107 	 3900.809362
   40 	 406.629444 	 3454.785349 	 3888.467376
   41 	 655.323459 	 3411.503706 	 3893.451619
   42 	 398.550195 	 3411.530642 	 3900.933984
   43 	 354.882300 	 3389.509343 	 3900.809362
   44 	 319.394799 	 3330.631413 	 3890.593175
   45 	 248.988750 	 3316.082571 	 3890.834627
   46 	 348.446964 	 3329.312951 	 3895.944940
   47 	 362.813557 	 3451.867678 	 3903.429705
   48 	 307.758314 	 3265.225500 	 3885.610755
   49 	 357.898891 	 3317.767476 	 3885.976454
   50 	 403.401220 	 3275.704592 	 3903.429705
   51 	 750.976189 	 3368.016291 	 3899.686423
   52 	 219.446697 	 3308.238179 	 3904.677866
   53 	 919.075587 	 3432.628520 	 3894.573653
   54 	 955.524444 	 3505.720984 	 3888.342944
   55 	 100.996849 	 3375.069978 	 3889.347270
   56 	 997.629400 	 3451.314433 	 3893.327111
   57 	 418.494779 	 3491.481323 	 3893.327111
   58 	 97.570642 	 3481.004492 	 3893.327111
   59 	 915.183048 	 3480.614753 	 3890.834627
   60 	 289.131759 	 3520.297237 	 3893.327111
   61 	 313.593123 	 3404.902375 	 3904.677866
   62 	 360.479022 	 3413.452671 	 3904.677866
   63 	 1.085980 	 3370.088996 	 3900.809362
   64 	 306.570824 	 3335.977375 	 3899.561820
   65 	 522.986520 	 3374.093702 	 3897.067336
   66 	 397.422436 	 3269.428781 	 3884.731293
   67 	 622.309129 	 3401.587830 	 3899.561820
   68 	 1668.017261 	 3481.053258 	 3868.438275
   69 	 173.839468 	 3377.242500 	 3868.438275
   70 	 410.448160 	 3224.663754 	 3899.561820
   71 	 636.695905 	 3257.131247 	 3882.117235
   72 	 401.814914 	 3269.926311 	 3882.117235
   73 	 408.247173 	 3360.921701 	 3856.023857
   74 	 925.319305 	 3406.135084 	 3867.195933
   75 	 397.116052 	 3482.766858 	 3865.713075
   76 	 338.479478 	 3429.862096 	 3873.409642
   77 	 372.331286 	 3497.679455 	 3893.327111
   78 	 1862.542812 	 3580.268644 	 3893.327111
   79 	 405.409729 	 3474.646880 	 3888.467376
   80 	 385.292930 	 3517.512279 	 3888.467376
   81 	 417.788103 	 3410.818121 	 3869.680817
   82 	 1.202220 	 3406.698736 	 3878.384209
   83 	 310.787116 	 3394.629806 	 3863.229465
   84 	 861.554921 	 3386.986500 	 3898.314478
   85 	 403.912179 	 3453.547622 	 3899.561820
   86 	 630.655217 	 3446.733277 	 3858.505141
   87 	 753.113448 	 3348.721458 	 3863.348543
   88 	 395.525363 	 3216.847585 	 3850.942311
   89 	 251.463700 	 3195.887422 	 3879.506545
   90 	 517.887880 	 3204.992811 	 3879.506545
   91 	 635.187670 	 3405.917877 	 3850.942311
   92 	 124.912843 	 3365.918929 	 3850.942311
   93 	 397.876653 	 3343.593145 	 3868.988202
   94 	 400.817446 	 3249.960160 	 3860.404446
   95 	 537.774180 	 3297.709801 	 3871.582922
   96 	 400.234088 	 3258.272376 	 3835.302525
   97 	 397.899816 	 3320.945745 	 3858.505141
   98 	 372.707204 	 3440.485245 	 3860.987224
   99 	 407.486550 	 3498.618345 	 3845.866595
 