   0 	 1.283139 	 401.579722 	 2509.054494
    1 	 2.396254 	 1009.176733 	 3290.170436
    2 	 1.621674 	 1629.977313 	 3439.738465
    3 	 229.931649 	 2055.943939 	 3617.042877
    4 	 244.293639 	 2222.215158 	 3722.691937
    5 	 109.241005 	 2192.338041 	 3722.691937
    6 	 5.724960 	 2306.557826 	 3548.466018
    7 	 204.957811 	 2426.600969 	 3827.670356
    8 	 30.206393 	 2637.346183 	 3564.503611
    9 	 349.880775 	 2689.455318 	 3826.433268
   10 	 89.840516 	 2652.734862 	 3821.486920
   11 	 289.521952 	 2828.177739 	 3821.486920
   12 	 334.649278 	 2791.372570 	 3737.888590
   13 	 6.040760 	 2821.960229 	 3882.646627
   14 	 828.335105 	 2976.744871 	 3776.221310
   15 	 609.845525 	 2934.220908 	 3639.511230
   16 	 178.857849 	 2845.241452 	 3718.600285
   17 	 360.530397 	 2904.821372 	 3693.043979
   18 	 257.589277 	 2875.682596 	 3693.043979
   19 	 240.111355 	 3008.602469 	 3731.942212
   20 	 34.872979 	 3029.325709 	 3736.830283
   21 	 751.550317 	 3105.736515 	 3826.545450
   22 	 286.923905 	 3003.179943 	 3826.861957
   23 	 391.617750 	 3183.189652 	 3826.861957
   24 	 520.416005 	 3044.355407 	 3790.810267
   25 	 394.051219 	 3108.104834 	 3846.140681
   26 	 665.221307 	 3206.682232 	 3801.899327
   27 	 649.326609 	 3248.462314 	 3805.771190
   28 	 313.379645 	 3255.195455 	 3797.140575
   29 	 91.832070 	 3205.241123 	 3840.766771
   30 	 232.617449 	 3081.011375 	 3862.279788
   31 	 340.711988 	 3034.212260 	 3832.096542
   32 	 182.371993 	 3117.563573 	 3842.421072
   33 	 191.969590 	 3086.538080 	 3861.492817
   34 	 189.056025 	 3134.218352 	 3891.373820
   35 	 336.275280 	 3081.049310 	 3886.267623
   36 	 397.912686 	 3091.561583 	 3850.890312
   37 	 360.857131 	 3126.769588 	 3862.279788
   38 	 414.817795 	 3237.703975 	 3882.646627
   39 	 1125.104786 	 3336.985702 	 3891.373820
   40 	 403.807302 	 3310.231030 	 3888.879336
   41 	 206.864577 	 3257.377374 	 3891.373820
   42 	 415.124908 	 3359.999893 	 3886.385653
   43 	 363.678510 	 3279.206793 	 3862.066838
   44 	 319.472642 	 3319.189062 	 3890.126478
   45 	 342.146382 	 3395.966750 	 3890.126478
   46 	 417.602151 	 3343.279245 	 3890.126478
   47 	 420.723350 	 3346.984837 	 3890.126478
   48 	 420.055010 	 3422.948462 	 3882.646627
   49 	 1622.499669 	 3479.590147 	 3882.646627
   50 	 417.323769 	 3382.650396 	 3882.646627
   51 	 905.543735 	 3300.224821 	 3886.385653
   52 	 391.507693 	 3308.927845 	 3891.373820
   53 	 172.911420 	 3359.733079 	 3883.892769
   54 	 490.722405 	 3357.148249 	 3878.676060
   55 	 411.019623 	 3351.272170 	 3888.879336
   56 	 393.955335 	 3301.210304 	 3890.126478
   57 	 511.420044 	 3349.599398 	 3892.621362
   58 	 235.250167 	 3213.606909 	 3892.621362
   59 	 415.148894 	 3318.872603 	 3881.167270
   60 	 388.950977 	 3319.561872 	 3885.139111
   61 	 878.507236 	 3364.809082 	 3881.400686
   62 	 277.898604 	 3362.506826 	 3872.228347
   63 	 932.142061 	 3464.280660 	 3873.929235
   64 	 845.163328 	 3397.205253 	 3873.929235
   65 	 416.682229 	 3451.935119 	 3873.929235
   66 	 1262.458690 	 3451.591573 	 3873.929235
   67 	 871.100839 	 3444.212355 	 3863.745600
   68 	 849.727756 	 3356.493482 	 3872.451535
   69 	 367.855237 	 3332.698955 	 3874.940745
   70 	 379.394413 	 3174.355498 	 3874.940745
   71 	 332.920707 	 3204.368374 	 3866.232010
   72 	 412.361394 	 3415.445652 	 3891.373820
   73 	 410.741035 	 3358.545090 	 3891.373820
   74 	 212.320282 	 3434.857093 	 3857.533075
   75 	 895.853468 	 3382.805122 	 3865.901227
   76 	 1152.701820 	 3484.061029 	 3843.448295
   77 	 359.898721 	 3422.871597 	 3863.978500
   78 	 734.287655 	 3454.479563 	 3866.464984
   79 	 918.734961 	 3457.296461 	 3871.440351
   80 	 839.408426 	 3442.139709 	 3871.207230
   81 	 411.096394 	 3423.565750 	 3850.890312
   82 	 364.450175 	 3485.878392 	 3871.207230
   83 	 1077.252252 	 3528.659249 	 3849.649476
   84 	 309.400129 	 3491.741810 	 3862.279788
   85 	 357.716590 	 3471.975525 	 3878.909402
   86 	 408.181529 	 3528.415966 	 3888.879336
   87 	 824.082621 	 3559.352659 	 3871.207230
   88 	 354.472473 	 3514.530169 	 3876.185650
   89 	 413.721725 	 3379.400904 	 3883.892769
   90 	 374.093990 	 3339.151888 	 3874.940745
   91 	 880.781731 	 3313.228300 	 3872.451535
   92 	 403.838618 	 3392.031960 	 3872.451535
   93 	 391.467166 	 3335.904901 	 3877.430755
   94 	 391.095904 	 3345.795824 	 3875.173977
   95 	 375.455512 	 3399.086411 	 3873.929235
   96 	 399.443213 	 3368.669493 	 3870.984077
   97 	 843.022418 	 3442.499058 	 3862.066838
   98 	 375.759405 	 3393.130265 	 3860.824202
   99 	 419.244740 	 3455.843213 	 3875.056114
 