   0 	 1.006245 	 464.261482 	 2993.066763
    1 	 9.891985 	 1332.760881 	 3490.149662
    2 	 11.688080 	 1731.101929 	 3793.450018
    3 	 1.873313 	 1908.290797 	 3793.450018
    4 	 303.018805 	 2241.081825 	 3767.990795
    5 	 98.269931 	 2276.622020 	 3772.678778
    6 	 66.100131 	 2335.241643 	 3698.650189
    7 	 5.277689 	 2451.516559 	 3791.105321
    8 	 90.337834 	 2530.128599 	 3745.743065
    9 	 259.050724 	 2426.249544 	 3770.199228
   10 	 279.715651 	 2461.444215 	 3797.476470
   11 	 433.958199 	 2820.009921 	 3876.668137
   12 	 152.337345 	 2761.576153 	 3850.593072
   13 	 179.850139 	 2699.261550 	 3810.889276
   14 	 191.051970 	 2626.516724 	 3755.739097
   15 	 159.397456 	 2733.348946 	 3886.856060
   16 	 294.701689 	 2922.104588 	 3798.462681
   17 	 294.439737 	 2706.787695 	 3838.096100
   18 	 247.744646 	 2924.097489 	 3839.335074
   19 	 149.066923 	 2845.202505 	 3827.313176
   20 	 322.277467 	 2931.369365 	 3879.921565
   21 	 127.575083 	 2575.979531 	 3867.745766
   22 	 180.379312 	 2898.046652 	 3838.096096
   23 	 180.135585 	 2863.269116 	 3851.946689
   24 	 403.124654 	 2896.625157 	 3868.438275
   25 	 232.549035 	 2960.981687 	 3873.051972
   26 	 216.285871 	 3003.417626 	 3888.342944
   27 	 378.228211 	 3068.833091 	 3888.342944
   28 	 523.003813 	 3229.298967 	 3865.261493
   29 	 410.628717 	 3235.314024 	 3904.677866
   30 	 389.210036 	 3150.323156 	 3898.314478
   31 	 100.600400 	 3193.392172 	 3898.314478
   32 	 214.275308 	 3256.270384 	 3898.314478
   33 	 162.786870 	 3304.744084 	 3894.698180
   34 	 322.987962 	 3289.053981 	 3892.080769
   35 	 883.743500 	 3337.516721 	 3894.698180
   36 	 895.127330 	 3390.392206 	 3895.820395
   37 	 85.085638 	 3387.591676 	 3888.342944
   38 	 385.516969 	 3355.309063 	 3902.181744
   39 	 614.436247 	 3418.645752 	 3877.264528
   40 	 403.800677 	 3395.968540 	 3887.221815
   41 	 377.680716 	 3380.584342 	 3903.429705
   42 	 1.676211 	 3254.344475 	 3904.677866
   43 	 380.857663 	 3414.769723 	 3904.677866
   44 	 391.646459 	 3513.672875 	 3902.181744
   45 	 957.409132 	 3493.389484 	 3902.181744
   46 	 307.597719 	 3460.035459 	 3892.080769
   47 	 913.344116 	 3402.529197 	 3905.926227
   48 	 805.136725 	 3393.355087 	 3902.181744
   49 	 376.325115 	 3167.261311 	 3899.561820
   50 	 412.089182 	 3409.558561 	 3897.067336
   51 	 288.586765 	 3412.056936 	 3897.067336
   52 	 104.021025 	 3415.802938 	 3898.314478
   53 	 1458.006220 	 3406.496518 	 3904.677866
   54 	 280.221463 	 3344.894189 	 3898.314478
   55 	 379.716230 	 3269.261993 	 3822.249396
   56 	 662.849047 	 3323.867985 	 3851.832741
   57 	 420.427456 	 3277.154216 	 3847.224341
   58 	 669.656915 	 3310.665692 	 3818.900603
   59 	 621.235264 	 3356.404289 	 3841.594436
   60 	 381.785464 	 3411.447254 	 3898.314478
   61 	 876.236356 	 3345.902714 	 3877.140268
   62 	 414.920514 	 3320.363232 	 3895.944940
   63 	 333.465874 	 3260.817823 	 3894.698180
   64 	 291.426389 	 3270.550749 	 3889.588686
   65 	 391.108725 	 3276.178951 	 3864.711850
   66 	 693.291289 	 3288.685272 	 3885.730161
   67 	 1753.646901 	 3443.820473 	 3869.680817
   68 	 360.936844 	 3361.729836 	 3874.777207
   69 	 136.317937 	 3337.390554 	 3904.677866
   70 	 409.549029 	 3384.364125 	 3885.976454
   71 	 335.611979 	 3289.741581 	 3894.698180
   72 	 361.617623 	 3416.276614 	 3894.698180
   73 	 843.832040 	 3424.893588 	 3894.698180
   74 	 1711.628741 	 3506.027041 	 3893.451619
   75 	 285.138010 	 3433.423915 	 3893.451619
   76 	 285.138010 	 3418.665237 	 3904.677866
   77 	 304.335750 	 3417.220869 	 3883.486332
   78 	 402.822722 	 3437.667816 	 3903.429705
   79 	 440.162727 	 3383.375904 	 3898.314478
   80 	 385.160000 	 3393.853535 	 3898.314478
   81 	 409.748861 	 3351.112797 	 3892.080769
   82 	 409.442505 	 3290.919599 	 3882.117235
   83 	 153.144323 	 3320.455257 	 3903.429705
   84 	 100.424824 	 3392.926478 	 3899.561820
   85 	 411.473504 	 3451.649519 	 3904.677866
   86 	 854.958302 	 3461.571078 	 3888.467376
   87 	 419.696156 	 3482.794996 	 3894.573653
   88 	 383.984900 	 3397.966016 	 3898.314478
   89 	 409.863238 	 3394.229117 	 3898.314478
   90 	 495.701310 	 3400.398162 	 3898.314478
   91 	 522.534110 	 3336.226546 	 3898.314478
   92 	 1535.755123 	 3412.932403 	 3887.097402
   93 	 140.472235 	 3281.749098 	 3887.097402
   94 	 276.054314 	 3451.194969 	 3897.067336
   95 	 951.607140 	 3494.471716 	 3877.140268
   96 	 1522.546914 	 3488.264991 	 3899.561820
   97 	 374.763956 	 3405.485647 	 3897.067336
   98 	 313.934455 	 3519.030033 	 3887.097402
   99 	 318.519209 	 3537.862498 	 3897.067336
 