   0 	 0.731025 	 575.573904 	 3402.089124
    1 	 10.155325 	 1429.211668 	 3623.436196
    2 	 15.160097 	 2162.607213 	 3666.157878
    3 	 43.486470 	 2293.022809 	 3666.157878
    4 	 127.434221 	 2271.189548 	 3764.314311
    5 	 105.118024 	 2342.193865 	 3734.926210
    6 	 287.407885 	 2368.117820 	 3770.550416
    7 	 107.045555 	 2348.275898 	 3749.510694
    8 	 74.245389 	 2404.041130 	 3807.684546
    9 	 446.414939 	 2664.717150 	 3775.081870
   10 	 212.477621 	 2679.766457 	 3770.168834
   11 	 82.192558 	 2670.990240 	 3721.593616
   12 	 395.145450 	 2612.120667 	 3721.797850
   13 	 347.813776 	 2678.436901 	 3721.593616
   14 	 195.990030 	 2636.449699 	 3760.733456
   15 	 283.968400 	 2816.889669 	 3685.665136
   16 	 288.456567 	 2933.504911 	 3747.080018
   17 	 226.741359 	 2707.379921 	 3703.870940
   18 	 564.799289 	 3005.079078 	 3883.120745
   19 	 887.550564 	 3001.707999 	 3883.120745
   20 	 833.827600 	 2980.044871 	 3875.774775
   21 	 301.342440 	 2977.276408 	 3823.600505
   22 	 618.461204 	 3036.574241 	 3788.540176
   23 	 166.048590 	 2968.880386 	 3793.459856
   24 	 351.189631 	 3084.348700 	 3733.641668
   25 	 369.273685 	 3067.559650 	 3793.157426
   26 	 372.056628 	 3096.009778 	 3803.006017
   27 	 251.147989 	 3101.222549 	 3764.377563
   28 	 271.640554 	 3166.747308 	 3828.426832
   29 	 289.242116 	 3135.187129 	 3848.344605
   30 	 729.207315 	 3171.004576 	 3699.009787
   31 	 731.297996 	 3115.256403 	 3755.289633
   32 	 47.898947 	 3123.913763 	 3803.006017
   33 	 274.185858 	 3122.627698 	 3780.864688
   34 	 1397.840368 	 3175.549509 	 3788.436966
   35 	 1306.960049 	 3134.259394 	 3741.962816
   36 	 302.074911 	 3029.117441 	 3857.813476
   37 	 72.562564 	 3103.947561 	 3837.576883
   38 	 365.176379 	 3086.823547 	 3757.554821
   39 	 377.403200 	 3089.630008 	 3773.800336
   40 	 359.894398 	 3066.692374 	 3793.157426
   41 	 374.831902 	 3210.933166 	 3807.935112
   42 	 731.122631 	 3242.866990 	 3767.477111
   43 	 260.535825 	 3206.173995 	 3772.446846
   44 	 272.085838 	 3144.390898 	 3767.477111
   45 	 532.076861 	 3185.457571 	 3878.143125
   46 	 64.358986 	 3110.884298 	 3873.168705
   47 	 417.404214 	 3207.109773 	 3847.683567
   48 	 406.071959 	 3261.763179 	 3813.067050
   49 	 837.045134 	 3257.618818 	 3827.883500
   50 	 75.895399 	 3242.732555 	 3827.883500
   51 	 119.253889 	 3299.892256 	 3822.941483
   52 	 307.402525 	 3125.500012 	 3843.967155
   53 	 71.592535 	 3115.569434 	 3802.816485
   54 	 352.737602 	 3235.082870 	 3822.941483
   55 	 418.182314 	 3207.969794 	 3822.941483
   56 	 401.673720 	 3132.668553 	 3835.102336
   57 	 278.857928 	 3172.228984 	 3833.865362
   58 	 358.396914 	 3254.736217 	 3833.865362
   59 	 764.743870 	 3393.560117 	 3800.641105
   60 	 79.452198 	 3347.268870 	 3810.703936
   61 	 1468.717877 	 3390.961964 	 3851.401780
   62 	 476.821137 	 3424.714068 	 3853.985636
   63 	 195.995028 	 3265.331966 	 3797.151716
   64 	 370.266207 	 3310.953820 	 3814.004850
   65 	 326.008438 	 3305.842112 	 3834.169316
   66 	 325.300225 	 3269.095324 	 3890.959097
   67 	 1225.275916 	 3205.304880 	 3847.787536
   68 	 347.104836 	 3257.427834 	 3855.121792
   69 	 396.998357 	 3272.402188 	 3853.881588
   70 	 877.881210 	 3300.598299 	 3855.121792
   71 	 370.817559 	 3323.661935 	 3883.361977
   72 	 401.814914 	 3367.527761 	 3843.629439
   73 	 403.325655 	 3414.432536 	 3860.188736
   74 	 401.722435 	 3432.962614 	 3860.188736
   75 	 1688.471516 	 3467.342010 	 3862.998770
   76 	 315.664374 	 3308.204399 	 3845.205759
   77 	 317.837213 	 3374.091899 	 3871.047724
   78 	 1779.578417 	 3464.363227 	 3868.080823
   79 	 534.845793 	 3309.503262 	 3870.565997
   80 	 416.361874 	 3284.130384 	 3870.565997
   81 	 482.785343 	 3192.191277 	 3870.565997
   82 	 965.783595 	 3237.889650 	 3843.629439
   83 	 936.312276 	 3328.713209 	 3852.852131
   84 	 380.749089 	 3346.996657 	 3852.852131
   85 	 507.671406 	 3371.143356 	 3884.606918
   86 	 524.793385 	 3400.819704 	 3884.606918
   87 	 310.496881 	 3264.214436 	 3885.852060
   88 	 402.227495 	 3389.490628 	 3889.588686
   89 	 1673.795137 	 3465.324859 	 3853.543373
   90 	 384.800665 	 3309.744216 	 3850.266176
   91 	 830.071011 	 3376.291678 	 3894.698180
   92 	 102.511270 	 3385.204248 	 3885.852060
   93 	 943.620655 	 3518.695298 	 3885.852060
   94 	 364.844361 	 3467.800137 	 3885.852060
   95 	 377.353686 	 3392.748652 	 3875.424468
   96 	 1618.332872 	 3501.975678 	 3889.713136
   97 	 409.366230 	 3429.341299 	 3890.959097
   98 	 352.097905 	 3380.278086 	 3888.467376
   99 	 645.207797 	 3411.587883 	 3885.852060
 