   0 	 1.327591 	 583.114161 	 3627.797444
    1 	 1.135040 	 1479.486277 	 3638.633496
    2 	 0.658344 	 2023.898202 	 3684.075413
    3 	 239.049136 	 2352.920032 	 3684.507404
    4 	 14.794315 	 2557.286803 	 3837.149696
    5 	 191.939389 	 2678.303061 	 3837.149696
    6 	 467.706325 	 2855.883325 	 3857.420448
    7 	 188.483941 	 2875.736409 	 3862.502695
    8 	 185.723395 	 3095.562198 	 3873.583182
    9 	 290.486659 	 3121.967834 	 3873.583182
   10 	 417.588299 	 3335.582574 	 3859.007933
   11 	 400.722725 	 3347.291478 	 3850.687605
   12 	 464.609525 	 3304.301676 	 3868.606433
   13 	 391.874261 	 3193.330981 	 3848.621421
   14 	 945.740532 	 3317.643116 	 3872.338695
   15 	 298.617101 	 3299.183544 	 3872.338695
   16 	 298.617101 	 3211.539848 	 3868.952268
   17 	 407.272861 	 3152.792826 	 3868.952268
   18 	 383.615381 	 3149.358091 	 3858.339529
   19 	 320.926527 	 3219.690637 	 3868.496137
   20 	 142.899045 	 3277.727462 	 3850.687605
   21 	 158.504752 	 3327.984966 	 3856.068439
   22 	 429.270671 	 3416.849782 	 3871.207230
   23 	 683.402269 	 3422.119015 	 3867.362746
   24 	 730.145911 	 3312.779163 	 3860.929416
   25 	 684.013057 	 3288.105557 	 3888.879336
   26 	 160.285523 	 3229.473024 	 3861.492817
   27 	 410.704774 	 3307.645168 	 3870.196209
   28 	 266.107498 	 3179.888925 	 3872.684693
   29 	 362.850859 	 3248.813680 	 3856.178561
   30 	 719.270259 	 3286.697214 	 3855.049465
   31 	 870.401303 	 3336.558647 	 3874.940745
   32 	 76.279145 	 3298.752249 	 3853.807960
   33 	 1060.213678 	 3254.684281 	 3840.669269
   34 	 277.983029 	 3232.925222 	 3839.430080
   35 	 418.057851 	 3316.864132 	 3823.436113
   36 	 310.153513 	 3125.817911 	 3856.406266
   37 	 412.474555 	 3282.746171 	 3877.317844
   38 	 888.099701 	 3315.341147 	 3877.317844
   39 	 1543.094065 	 3443.601994 	 3880.037007
   40 	 414.761142 	 3310.924424 	 3891.373820
   41 	 317.147315 	 3396.623766 	 3880.037007
   42 	 391.111700 	 3398.767188 	 3882.528653
   43 	 327.123010 	 3285.276494 	 3885.021100
   44 	 327.123010 	 3266.737118 	 3890.126478
   45 	 362.809294 	 3332.767043 	 3865.103929
   46 	 418.616140 	 3336.857781 	 3852.681697
   47 	 911.028301 	 3251.263314 	 3868.952268
   48 	 315.782837 	 3207.116719 	 3887.632395
   49 	 603.479988 	 3242.154351 	 3890.126478
   50 	 936.480152 	 3191.166975 	 3890.126478
   51 	 114.714607 	 3253.399854 	 3865.221642
   52 	 6.287232 	 3132.492119 	 3872.228347
   53 	 773.220363 	 3192.133443 	 3872.228347
   54 	 1335.504781 	 3276.947437 	 3867.708526
   55 	 462.956028 	 3309.642921 	 3867.708526
   56 	 408.259308 	 3242.719883 	 3880.037007
   57 	 237.018378 	 3223.572321 	 3885.021100
   58 	 842.291220 	 3375.320283 	 3885.021100
   59 	 598.528880 	 3346.656854 	 3880.037007
   60 	 319.981958 	 3309.222732 	 3872.566868
   61 	 211.238907 	 3325.088094 	 3857.533075
   62 	 253.759654 	 3233.041475 	 3877.546161
   63 	 2180.206564 	 3428.541864 	 3882.413175
   64 	 371.105611 	 3280.079703 	 3872.684693
   65 	 244.162680 	 3293.305246 	 3873.811391
   66 	 815.675889 	 3467.263428 	 3887.514346
   67 	 1315.461864 	 3514.765832 	 3873.811391
   68 	 676.994919 	 3477.090649 	 3888.879336
   69 	 312.688307 	 3409.256316 	 3883.774777
   70 	 356.845737 	 3377.029104 	 3873.811391
   71 	 1039.027482 	 3431.823510 	 3868.834498
   72 	 1839.807535 	 3395.181173 	 3872.684693
   73 	 1663.303189 	 3450.608518 	 3886.267623
   74 	 228.898679 	 3352.207683 	 3881.282730
   75 	 921.124932 	 3495.361255 	 3881.282730
   76 	 652.804548 	 3521.688164 	 3866.347252
   77 	 384.782385 	 3467.567584 	 3888.879336
   78 	 97.426622 	 3204.695778 	 3890.126478
   79 	 199.794186 	 3331.441477 	 3878.791484
   80 	 413.417178 	 3484.733943 	 3890.126478
   81 	 404.005876 	 3391.889715 	 3876.301037
   82 	 293.828384 	 3282.044962 	 3875.173977
   83 	 227.937523 	 3426.163631 	 3875.173977
   84 	 311.830558 	 3303.324783 	 3875.056114
   85 	 396.016276 	 3342.068553 	 3880.154944
   86 	 378.530458 	 3391.516336 	 3891.373820
   87 	 394.299011 	 3279.030984 	 3880.154944
   88 	 72.937575 	 3299.579705 	 3881.400686
   89 	 411.528221 	 3510.357844 	 3882.528653
   90 	 411.113387 	 3531.129625 	 3886.267623
   91 	 411.064906 	 3455.377579 	 3883.892769
   92 	 368.066725 	 3480.656979 	 3883.892769
   93 	 359.729119 	 3526.917798 	 3892.621362
   94 	 1.392218 	 3435.355027 	 3892.621362
   95 	 409.595211 	 3456.981811 	 3892.621362
   96 	 415.450354 	 3458.289741 	 3888.879336
   97 	 391.459996 	 3474.554660 	 3891.373820
   98 	 897.103903 	 3566.402111 	 3886.385653
   99 	 443.680276 	 3476.368244 	 3878.791484
 