   0 	 0.034689 	 471.633263 	 2963.234835
    1 	 33.005196 	 1162.681892 	 3276.371262
    2 	 2.823376 	 1544.592475 	 3735.088794
    3 	 48.877618 	 1949.165818 	 3724.455766
    4 	 148.986607 	 2120.979139 	 3745.231333
    5 	 1.636263 	 2239.130551 	 3711.043551
    6 	 251.153648 	 2644.776982 	 3774.547233
    7 	 384.577610 	 2582.554361 	 3671.167332
    8 	 12.301583 	 2426.035158 	 3883.892769
    9 	 285.277606 	 2744.698949 	 3800.843469
   10 	 257.560541 	 2655.236465 	 3791.727951
   11 	 200.813440 	 2736.856547 	 3791.727951
   12 	 238.351373 	 2621.834872 	 3867.590775
   13 	 192.442629 	 2779.869492 	 3843.553277
   14 	 263.017295 	 3030.995117 	 3844.585616
   15 	 91.071153 	 2944.749232 	 3830.958596
   16 	 1077.445171 	 3061.568561 	 3813.181887
   17 	 386.284870 	 3092.020564 	 3795.913701
   18 	 366.843272 	 3108.522908 	 3796.729781
   19 	 91.101627 	 3006.896267 	 3785.648261
   20 	 116.423789 	 3001.713856 	 3793.219215
   21 	 340.787140 	 2987.983998 	 3847.065856
   22 	 13.405556 	 3021.881346 	 3881.167270
   23 	 386.243125 	 2997.883307 	 3878.676060
   24 	 76.166320 	 3070.841623 	 3873.583182
   25 	 330.065055 	 3088.596793 	 3794.265821
   26 	 102.893150 	 3176.095108 	 3815.535001
   27 	 378.401360 	 3217.747916 	 3875.173977
   28 	 727.235459 	 3193.167535 	 3886.267623
   29 	 408.355515 	 3207.862718 	 3886.267623
   30 	 424.917240 	 3174.619100 	 3872.451535
   31 	 398.150888 	 3225.309563 	 3890.126478
   32 	 301.923966 	 3107.820348 	 3890.126478
   33 	 501.814330 	 3111.375546 	 3864.988705
   34 	 1182.199795 	 3337.237790 	 3874.940745
   35 	 939.886881 	 3337.324354 	 3879.921565
   36 	 391.318012 	 3345.321445 	 3861.259990
   37 	 444.721683 	 3316.731390 	 3803.309552
   38 	 1578.226576 	 3380.677886 	 3803.309552
   39 	 413.847002 	 3297.718010 	 3871.207230
   40 	 373.054783 	 3293.246170 	 3878.676060
   41 	 299.415963 	 3259.285073 	 3878.676060
   42 	 294.901195 	 3268.666241 	 3878.676060
   43 	 211.238907 	 3251.553972 	 3878.676060
   44 	 400.848971 	 3277.095734 	 3878.676060
   45 	 334.334854 	 3277.913540 	 3878.676060
   46 	 411.652251 	 3356.147268 	 3879.921565
   47 	 394.013874 	 3414.837481 	 3892.621362
   48 	 222.146613 	 3309.444910 	 3880.154944
   49 	 895.819890 	 3406.631961 	 3875.056114
   50 	 295.496466 	 3216.157200 	 3875.056114
   51 	 932.989190 	 3369.679090 	 3881.167270
   52 	 296.157778 	 3431.733125 	 3878.676060
   53 	 417.731175 	 3393.487722 	 3881.167270
   54 	 1616.224125 	 3447.550309 	 3882.413175
   55 	 388.758748 	 3277.638975 	 3891.373820
   56 	 416.696323 	 3207.043283 	 3891.373820
   57 	 802.022967 	 3351.307237 	 3892.621362
   58 	 238.964186 	 3380.101180 	 3883.774777
   59 	 1675.339027 	 3428.739069 	 3888.879336
   60 	 397.019591 	 3355.046120 	 3879.921565
   61 	 1091.405929 	 3489.787284 	 3885.139111
   62 	 394.049673 	 3407.080941 	 3885.139111
   63 	 1.472239 	 3447.491703 	 3890.126478
   64 	 387.838636 	 3495.741117 	 3890.126478
   65 	 315.806267 	 3460.327994 	 3880.154944
   66 	 413.847002 	 3451.600133 	 3880.154944
   67 	 222.290514 	 3477.393329 	 3882.646627
   68 	 395.977545 	 3460.419907 	 3883.892769
   69 	 395.977545 	 3466.353568 	 3879.921565
   70 	 917.097396 	 3471.963206 	 3873.929235
   71 	 393.469563 	 3406.529285 	 3880.154944
   72 	 394.054054 	 3440.288599 	 3890.126478
   73 	 364.476496 	 3315.306122 	 3890.126478
   74 	 364.476496 	 3296.552682 	 3880.154944
   75 	 305.384672 	 3285.495649 	 3872.451535
   76 	 397.024384 	 3205.437282 	 3890.126478
   77 	 90.714827 	 3300.569764 	 3879.921565
   78 	 350.832383 	 3300.040339 	 3880.154944
   79 	 217.124880 	 3416.993757 	 3891.373820
   80 	 1691.607056 	 3538.342624 	 3890.126478
   81 	 378.915990 	 3483.877675 	 3890.126478
   82 	 863.922839 	 3433.091906 	 3867.475515
   83 	 360.507287 	 3533.619417 	 3873.929235
   84 	 370.064753 	 3519.123162 	 3877.317844
   85 	 870.486416 	 3515.410588 	 3892.621362
   86 	 725.979536 	 3539.941753 	 3874.827869
   87 	 998.157456 	 3421.513737 	 3864.657974
   88 	 1150.748623 	 3437.767120 	 3881.400686
   89 	 289.494226 	 3394.210053 	 3882.646627
   90 	 484.288516 	 3399.497103 	 3877.664060
   91 	 405.426551 	 3316.596621 	 3874.827869
   92 	 281.296109 	 3328.312800 	 3885.021100
   93 	 371.953145 	 3342.454264 	 3887.514346
   94 	 296.845380 	 3510.142470 	 3886.267623
   95 	 308.690116 	 3433.179317 	 3883.774777
   96 	 1719.968468 	 3515.064682 	 3878.909402
   97 	 404.208803 	 3486.334354 	 3891.373820
   98 	 1354.254341 	 3483.490511 	 3885.139111
   99 	 403.406002 	 3394.864465 	 3881.400686
 