   0 	 1.000289 	 3.295014 	 10.132484
    1 	 1.006400 	 5.873286 	 10.217296
    2 	 1.000121 	 7.163369 	 10.217296
    3 	 1.002809 	 7.430502 	 10.229444
    4 	 1.000121 	 7.447484 	 10.174841
    5 	 3.550409 	 8.104794 	 10.180900
    6 	 1.329476 	 8.488399 	 10.290304
    7 	 1.741321 	 8.560205 	 10.290304
    8 	 1.842724 	 8.854161 	 10.290304
    9 	 1.426409 	 9.106785 	 10.290304
   10 	 5.056196 	 9.452030 	 10.290304
   11 	 1.891136 	 9.076859 	 10.290304
   12 	 4.418801 	 9.298389 	 10.290304
   13 	 1.840889 	 9.304926 	 10.290304
   14 	 4.564544 	 9.573424 	 10.290304
   15 	 1.425104 	 9.477820 	 10.290304
   16 	 4.094081 	 9.686277 	 10.290304
   17 	 1.980100 	 9.450527 	 10.290304
   18 	 1.538756 	 9.439345 	 10.290304
   19 	 1.538756 	 9.444534 	 10.290304
   20 	 1.876096 	 9.525809 	 10.290304
   21 	 1.996004 	 9.471054 	 10.290304
   22 	 3.842596 	 9.707160 	 10.290304
   23 	 1.900601 	 9.550684 	 10.290304
   24 	 3.111209 	 9.658849 	 10.290304
   25 	 1.765625 	 9.557155 	 10.290304
   26 	 1.883600 	 9.602153 	 10.290304
   27 	 1.913936 	 9.717232 	 10.290304
   28 	 1.913936 	 9.811839 	 10.290304
   29 	 1.988036 	 9.744034 	 10.290304
   30 	 4.404025 	 9.706290 	 10.290304
   31 	 1.902500 	 9.688571 	 10.290304
   32 	 1.225625 	 9.762534 	 10.290304
   33 	 1.837225 	 9.821457 	 10.290304
   34 	 5.072324 	 9.881882 	 10.290304
   35 	 4.976036 	 9.742084 	 10.290304
   36 	 1.990025 	 9.690584 	 10.290304
   37 	 1.915849 	 9.475088 	 10.290304
   38 	 1.902500 	 9.338642 	 10.290304
   39 	 4.076516 	 9.572051 	 10.290304
   40 	 4.062500 	 9.599317 	 10.284209
   41 	 1.024025 	 9.367816 	 10.290304
   42 	 1.736164 	 9.484589 	 10.284209
   43 	 5.036081 	 9.760161 	 10.290304
   44 	 6.987809 	 9.763664 	 10.290304
   45 	 4.583449 	 9.559149 	 10.290304
   46 	 1.986049 	 9.344537 	 10.290304
   47 	 4.810304 	 9.599143 	 10.284209
   48 	 4.810304 	 9.681061 	 10.290304
   49 	 1.919681 	 9.395415 	 10.290304
   50 	 4.265249 	 9.682056 	 10.284209
   51 	 1.982081 	 9.686336 	 10.284209
   52 	 1.984064 	 9.802644 	 10.290304
   53 	 1.992016 	 9.760661 	 10.290304
   54 	 1.480249 	 9.597317 	 10.290304
   55 	 1.927369 	 9.623667 	 10.290304
   56 	 1.992016 	 9.835184 	 10.290304
   57 	 1.980100 	 9.684884 	 10.290304
   58 	 1.896809 	 9.593809 	 10.290304
   59 	 1.001089 	 9.510865 	 10.290304
   60 	 1.896809 	 9.666919 	 10.290304
   61 	 1.974169 	 9.648620 	 10.290304
   62 	 1.974169 	 9.725207 	 10.290304
   63 	 1.904401 	 9.756585 	 10.290304
   64 	 1.002209 	 9.342705 	 10.290304
   65 	 1.990025 	 9.551445 	 10.290304
   66 	 4.101121 	 9.581555 	 10.290304
   67 	 1.751689 	 9.565645 	 10.290304
   68 	 4.087049 	 9.713539 	 10.290304
   69 	 6.612161 	 9.894546 	 10.290304
   70 	 8.695076 	 10.008305 	 10.290304
   71 	 4.448449 	 9.847452 	 10.290304
   72 	 1.940900 	 9.788289 	 10.290304
   73 	 1.682276 	 9.668793 	 10.290304
   74 	 1.912025 	 9.710977 	 10.290304
   75 	 1.361201 	 9.524139 	 10.290304
   76 	 1.776161 	 9.704198 	 10.290304
   77 	 1.912025 	 9.561929 	 10.284209
   78 	 1.705600 	 9.555542 	 10.290304
   79 	 1.912025 	 9.517112 	 10.290304
   80 	 5.056196 	 9.830044 	 10.290304
   81 	 1.980100 	 9.550280 	 10.284209
   82 	 1.004096 	 9.618770 	 10.290304
   83 	 1.839056 	 9.437904 	 10.284209
   84 	 3.975625 	 9.621006 	 10.284209
   85 	 1.940900 	 9.606105 	 10.284209
   86 	 1.935089 	 9.596150 	 10.284209
   87 	 1.919681 	 9.655723 	 10.290304
   88 	 5.064256 	 9.706434 	 10.290304
   89 	 5.048144 	 9.574068 	 10.290304
   90 	 7.145441 	 9.759813 	 10.290304
   91 	 1.952576 	 9.678437 	 10.290304
   92 	 1.505521 	 9.497775 	 10.290304
   93 	 1.980100 	 9.686133 	 10.290304
   94 	 1.514089 	 9.563267 	 10.290304
   95 	 1.362404 	 9.478176 	 10.290304
   96 	 4.560769 	 9.709067 	 10.290304
   97 	 1.692224 	 9.770116 	 10.272025
   98 	 1.925444 	 9.494002 	 10.290304
   99 	 1.966289 	 9.389246 	 10.290304
 