   0 	 17.481743 	 29.165267 	 39.670369
    1 	 15.823139 	 29.482357 	 41.738794
    2 	 20.105357 	 30.360272 	 41.268028
    3 	 19.500587 	 30.999524 	 44.464027
    4 	 20.137923 	 31.728056 	 43.427518
    5 	 21.576793 	 33.138377 	 46.995884
    6 	 23.865620 	 33.122647 	 41.335154
    7 	 22.141799 	 33.193030 	 44.438315
    8 	 21.126835 	 33.463739 	 44.728620
    9 	 21.344426 	 33.730860 	 43.798729
   10 	 21.539894 	 34.242042 	 44.109394
   11 	 22.045093 	 34.031905 	 44.904655
   12 	 23.091322 	 33.479611 	 44.145726
   13 	 22.505385 	 33.692004 	 46.323627
   14 	 24.520390 	 34.877304 	 45.341635
   15 	 24.542940 	 35.349806 	 46.005939
   16 	 24.801234 	 34.880630 	 47.054574
   17 	 22.173928 	 35.735558 	 47.355606
   18 	 25.895630 	 36.393869 	 45.394566
   19 	 26.082112 	 37.277173 	 48.129257
   20 	 23.297194 	 37.553146 	 47.317163
   21 	 23.002024 	 37.861464 	 50.085074
   22 	 27.463784 	 37.198148 	 46.992397
   23 	 26.533721 	 38.057093 	 48.125948
   24 	 26.314367 	 38.748606 	 50.633912
   25 	 28.813409 	 38.544371 	 49.786962
   26 	 28.058466 	 38.769876 	 48.727243
   27 	 24.721323 	 38.208855 	 50.428185
   28 	 26.740631 	 38.706346 	 49.643309
   29 	 26.856502 	 38.442094 	 51.044370
   30 	 27.170549 	 38.711945 	 51.698214
   31 	 25.135711 	 38.878913 	 48.385353
   32 	 28.360157 	 39.050241 	 48.688429
   33 	 28.834883 	 39.293370 	 47.659115
   34 	 26.272147 	 39.008475 	 48.327375
   35 	 26.058614 	 39.017761 	 52.104778
   36 	 26.729439 	 39.875904 	 50.197119
   37 	 23.601823 	 39.437081 	 51.878101
   38 	 21.377269 	 38.001468 	 50.391429
   39 	 19.819947 	 37.937631 	 51.926911
   40 	 25.571793 	 38.910155 	 52.605133
   41 	 24.296707 	 39.770976 	 61.625770
   42 	 27.836903 	 40.296461 	 60.818034
   43 	 22.580796 	 40.598525 	 57.937538
   44 	 26.843680 	 40.913747 	 60.675467
   45 	 30.497802 	 40.758721 	 53.398626
   46 	 28.777895 	 40.157481 	 52.048608
   47 	 26.157665 	 40.361878 	 51.827094
   48 	 30.501134 	 40.167785 	 54.257745
   49 	 28.177985 	 40.439568 	 55.647067
   50 	 29.804467 	 40.456176 	 55.518826
   51 	 23.971701 	 40.340759 	 61.928349
   52 	 28.260142 	 41.375962 	 60.658952
   53 	 25.695534 	 41.531478 	 55.833142
   54 	 29.157301 	 41.282659 	 54.587251
   55 	 32.266124 	 41.954684 	 52.695843
   56 	 31.832609 	 41.687307 	 55.613040
   57 	 29.372638 	 42.240106 	 56.556960
   58 	 31.416450 	 42.601918 	 56.341690
   59 	 33.137308 	 43.962780 	 59.523861
   60 	 30.538904 	 43.860804 	 55.174496
   61 	 30.023201 	 44.725512 	 55.956444
   62 	 31.517691 	 45.039693 	 58.883635
   63 	 30.874330 	 44.979254 	 56.424996
   64 	 33.362677 	 44.644287 	 57.845448
   65 	 33.164726 	 44.686012 	 56.916772
   66 	 32.799998 	 45.133680 	 57.758363
   67 	 32.659194 	 46.348962 	 57.177860
   68 	 27.976579 	 45.116915 	 57.890135
   69 	 28.637181 	 44.625855 	 57.494465
   70 	 31.046059 	 44.320606 	 55.121483
   71 	 31.231688 	 44.552218 	 55.606409
   72 	 28.810419 	 44.201424 	 58.438807
   73 	 28.886588 	 43.271846 	 58.915348
   74 	 26.690430 	 45.021566 	 58.614986
   75 	 31.526251 	 44.821775 	 56.661456
   76 	 31.275431 	 44.474738 	 54.682036
   77 	 28.387111 	 44.356813 	 59.661156
   78 	 28.997674 	 44.390470 	 60.227655
   79 	 32.041079 	 44.729853 	 57.221739
   80 	 31.259732 	 44.600295 	 54.039814
   81 	 32.615669 	 44.536385 	 56.943162
   82 	 35.182130 	 43.175123 	 54.085568
   83 	 26.551000 	 42.256394 	 53.170469
   84 	 25.851397 	 41.430118 	 52.880497
   85 	 31.115431 	 42.774103 	 53.895075
   86 	 32.175241 	 43.215248 	 54.743071
   87 	 31.219314 	 42.775299 	 53.598952
   88 	 30.549380 	 43.299410 	 53.840880
   89 	 32.479097 	 43.713537 	 59.024725
   90 	 32.108132 	 43.410918 	 58.367924
   91 	 27.685295 	 42.576262 	 56.636237
   92 	 25.389636 	 42.554978 	 56.658066
   93 	 29.964068 	 42.094693 	 56.699963
   94 	 27.771283 	 41.709001 	 53.184442
   95 	 28.517152 	 41.706402 	 51.994122
   96 	 28.191194 	 41.310058 	 55.331274
   97 	 25.546633 	 42.228252 	 54.396353
   98 	 28.963211 	 41.912527 	 53.624482
   99 	 31.150181 	 42.131261 	 53.007319
 