   0 	 18.358125 	 28.203123 	 36.813427
    1 	 17.158437 	 29.462406 	 39.475612
    2 	 14.618023 	 30.168341 	 41.279246
    3 	 19.489962 	 31.207214 	 43.851110
    4 	 20.551069 	 31.961424 	 42.635085
    5 	 20.812106 	 32.969331 	 42.865796
    6 	 23.888660 	 33.313512 	 44.525384
    7 	 22.994416 	 33.936264 	 42.557975
    8 	 21.648392 	 33.827137 	 44.711911
    9 	 20.483034 	 33.886260 	 43.203785
   10 	 24.241573 	 35.095532 	 45.569673
   11 	 20.402393 	 34.709878 	 46.373500
   12 	 23.036325 	 35.585739 	 44.674681
   13 	 23.408674 	 34.832456 	 45.461862
   14 	 24.583304 	 34.845549 	 48.413660
   15 	 24.315228 	 35.268118 	 48.458798
   16 	 22.172287 	 35.394538 	 50.631842
   17 	 21.466694 	 35.419634 	 47.735101
   18 	 24.548607 	 35.797141 	 48.687069
   19 	 23.540306 	 35.771826 	 48.569395
   20 	 26.244655 	 35.987797 	 45.722855
   21 	 24.046993 	 36.048795 	 47.184326
   22 	 25.623140 	 36.899676 	 49.344118
   23 	 23.198419 	 36.448915 	 49.203487
   24 	 28.627400 	 37.718952 	 51.494218
   25 	 22.884288 	 37.711953 	 52.375361
   26 	 25.303644 	 37.178861 	 47.427046
   27 	 24.556211 	 37.332283 	 48.864919
   28 	 23.376712 	 37.456626 	 47.170538
   29 	 26.816008 	 37.486908 	 46.655482
   30 	 29.152272 	 37.954708 	 50.133113
   31 	 26.892270 	 37.610577 	 50.328030
   32 	 27.177462 	 37.960229 	 49.366556
   33 	 27.983281 	 38.332385 	 50.741107
   34 	 28.959371 	 38.715707 	 51.074080
   35 	 29.853786 	 38.266798 	 49.217464
   36 	 27.483912 	 37.601937 	 48.701129
   37 	 28.451282 	 37.780723 	 49.041070
   38 	 28.180251 	 37.388486 	 49.108556
   39 	 23.018774 	 36.780092 	 48.743973
   40 	 25.513517 	 37.047263 	 48.239897
   41 	 22.959291 	 38.280685 	 50.482978
   42 	 27.305691 	 38.308496 	 49.955976
   43 	 25.743603 	 37.515431 	 47.851545
   44 	 24.030698 	 36.905105 	 46.682780
   45 	 22.564621 	 37.089216 	 51.779236
   46 	 25.113687 	 36.975492 	 46.491194
   47 	 26.500477 	 37.084817 	 52.653676
   48 	 26.897937 	 37.517084 	 48.091783
   49 	 27.738593 	 38.556045 	 48.353984
   50 	 26.891230 	 38.013721 	 50.975973
   51 	 24.792340 	 37.452561 	 52.289265
   52 	 26.754590 	 36.980929 	 50.444201
   53 	 20.375321 	 36.989226 	 49.925765
   54 	 20.689017 	 37.315607 	 47.935902
   55 	 21.406575 	 37.999176 	 49.970700
   56 	 21.432452 	 37.174037 	 48.329641
   57 	 20.540016 	 37.576469 	 52.321707
   58 	 26.614642 	 37.725259 	 53.050269
   59 	 22.554553 	 38.661823 	 51.158188
   60 	 27.144461 	 38.154617 	 48.703856
   61 	 23.885643 	 39.198332 	 50.140622
   62 	 23.563740 	 40.170599 	 52.551186
   63 	 25.839676 	 40.206448 	 52.407950
   64 	 27.578609 	 40.333176 	 53.897872
   65 	 30.108060 	 39.817973 	 51.837065
   66 	 26.883457 	 39.073298 	 52.751709
   67 	 30.197682 	 39.074801 	 50.746879
   68 	 26.561175 	 39.131688 	 53.513667
   69 	 27.359115 	 38.982933 	 56.559664
   70 	 27.068755 	 39.330817 	 54.564552
   71 	 24.211570 	 39.204489 	 50.411970
   72 	 24.047804 	 40.082654 	 51.048252
   73 	 25.000756 	 40.663994 	 55.069689
   74 	 28.699601 	 41.121421 	 54.878279
   75 	 26.741768 	 41.098037 	 51.964025
   76 	 29.611501 	 41.667795 	 56.488819
   77 	 23.636843 	 41.679280 	 58.350245
   78 	 24.916718 	 40.708352 	 56.087992
   79 	 24.781357 	 40.539483 	 51.940361
   80 	 24.225499 	 40.762646 	 54.149238
   81 	 26.097592 	 40.528760 	 51.476735
   82 	 28.211611 	 41.092575 	 52.405402
   83 	 23.956967 	 40.952553 	 52.951417
   84 	 26.997104 	 41.553743 	 52.864828
   85 	 32.106859 	 41.614889 	 52.814602
   86 	 30.115298 	 41.586792 	 54.386575
   87 	 30.535335 	 41.749208 	 54.934370
   88 	 28.623398 	 42.276305 	 53.919340
   89 	 28.531983 	 42.341915 	 54.039025
   90 	 23.650634 	 41.994783 	 54.274712
   91 	 30.626978 	 41.335966 	 54.535057
   92 	 30.942663 	 41.909750 	 53.699377
   93 	 29.168568 	 41.308888 	 56.349137
   94 	 26.702935 	 41.887501 	 55.066467
   95 	 29.892135 	 41.032604 	 55.366381
   96 	 29.989096 	 42.400741 	 57.753333
   97 	 27.608544 	 42.026231 	 54.933627
   98 	 29.947312 	 40.850865 	 53.219480
   99 	 29.289353 	 40.820496 	 51.440616
 