   0 	 10.935010 	 28.578155 	 39.484595
    1 	 20.440943 	 30.354733 	 44.007061
    2 	 19.652742 	 30.602726 	 43.197152
    3 	 18.347798 	 31.611717 	 42.607932
    4 	 18.865134 	 32.044901 	 43.062935
    5 	 22.163980 	 32.681678 	 45.446058
    6 	 19.822212 	 33.016565 	 44.876919
    7 	 16.585425 	 33.693460 	 44.918120
    8 	 18.634410 	 35.047446 	 48.317496
    9 	 21.169726 	 35.355884 	 48.803699
   10 	 26.929756 	 37.393435 	 47.566432
   11 	 28.807071 	 37.410016 	 48.968849
   12 	 27.175651 	 37.959050 	 51.365524
   13 	 25.205491 	 37.684586 	 49.045382
   14 	 24.053816 	 37.663756 	 50.246928
   15 	 28.103511 	 39.094560 	 50.473396
   16 	 26.244596 	 39.709301 	 52.416239
   17 	 26.979440 	 39.467720 	 54.413871
   18 	 28.175521 	 39.812473 	 51.328445
   19 	 27.317552 	 40.045820 	 51.197920
   20 	 28.433121 	 39.828922 	 51.655857
   21 	 27.892011 	 39.419539 	 48.702363
   22 	 27.907317 	 38.360111 	 49.188192
   23 	 27.727152 	 38.634533 	 48.670571
   24 	 28.655629 	 38.973330 	 49.322558
   25 	 26.211188 	 38.787849 	 49.955445
   26 	 28.693804 	 39.362433 	 47.931511
   27 	 27.154300 	 39.687302 	 48.082541
   28 	 29.919638 	 39.654601 	 50.009703
   29 	 26.263760 	 39.633652 	 50.644542
   30 	 29.397435 	 39.132907 	 53.427627
   31 	 26.130065 	 38.238555 	 52.796033
   32 	 26.317194 	 38.361277 	 49.736879
   33 	 27.765592 	 37.514451 	 47.571966
   34 	 26.981027 	 37.550033 	 46.299781
   35 	 27.529380 	 38.315686 	 47.133598
   36 	 27.760613 	 38.359920 	 50.069820
   37 	 25.347626 	 38.370115 	 52.630684
   38 	 28.197433 	 38.641971 	 55.356636
   39 	 28.625946 	 39.781917 	 52.363185
   40 	 23.779313 	 39.060525 	 52.313810
   41 	 29.008662 	 39.389423 	 50.816391
   42 	 29.014086 	 40.351902 	 52.532350
   43 	 25.481369 	 39.693960 	 50.462758
   44 	 22.799140 	 40.723696 	 53.124707
   45 	 29.769868 	 41.415833 	 55.426647
   46 	 27.788718 	 41.466848 	 53.365375
   47 	 27.048051 	 41.639436 	 55.764826
   48 	 26.631344 	 41.545189 	 58.308786
   49 	 27.424467 	 41.611209 	 60.760420
   50 	 29.448898 	 42.332823 	 56.266728
   51 	 30.565407 	 41.514877 	 52.876743
   52 	 28.118991 	 41.664128 	 55.025227
   53 	 29.268281 	 41.498381 	 52.608633
   54 	 27.981556 	 42.284044 	 52.468318
   55 	 25.644222 	 42.121102 	 52.159335
   56 	 31.378488 	 42.591544 	 53.575519
   57 	 29.038791 	 42.420924 	 56.884090
   58 	 32.575240 	 42.743431 	 57.955091
   59 	 28.963898 	 41.765304 	 56.270710
   60 	 29.008014 	 42.463431 	 55.665585
   61 	 26.740585 	 43.065717 	 53.079960
   62 	 30.209616 	 43.186057 	 54.564371
   63 	 32.374975 	 42.945902 	 52.179617
   64 	 33.503001 	 42.802623 	 57.339042
   65 	 29.059918 	 41.841748 	 50.400027
   66 	 31.864061 	 41.441054 	 52.113757
   67 	 30.546271 	 41.895208 	 54.956845
   68 	 29.890186 	 42.590488 	 53.357495
   69 	 29.556452 	 42.233762 	 54.665076
   70 	 31.964990 	 42.742338 	 52.914142
   71 	 30.315857 	 43.351575 	 59.229813
   72 	 28.460984 	 43.395179 	 55.340811
   73 	 31.899276 	 44.024253 	 60.139786
   74 	 30.931101 	 44.480849 	 59.936791
   75 	 34.229193 	 45.343510 	 58.140898
   76 	 32.966955 	 45.021511 	 58.485306
   77 	 32.698357 	 45.010988 	 57.175876
   78 	 31.433416 	 45.669565 	 54.900804
   79 	 33.960264 	 44.738496 	 55.038426
   80 	 35.515567 	 44.545483 	 54.685061
   81 	 34.404486 	 43.959185 	 54.032472
   82 	 35.002757 	 43.908400 	 56.531221
   83 	 33.293483 	 43.665577 	 54.357005
   84 	 34.000575 	 44.055927 	 52.754937
   85 	 32.635247 	 44.263187 	 56.408275
   86 	 32.964404 	 43.871327 	 55.374869
   87 	 27.720826 	 43.982237 	 57.430041
   88 	 30.475269 	 44.489406 	 61.669289
   89 	 29.630174 	 44.308856 	 57.878196
   90 	 30.239703 	 44.067982 	 56.723233
   91 	 29.821907 	 44.055221 	 56.471625
   92 	 34.820326 	 45.076240 	 57.814407
   93 	 33.863706 	 45.082420 	 58.425738
   94 	 32.062705 	 44.943070 	 55.680462
   95 	 35.001704 	 44.561945 	 59.888758
   96 	 33.872517 	 44.014724 	 57.106628
   97 	 27.579751 	 43.707720 	 53.790899
   98 	 29.144234 	 44.286557 	 53.782465
   99 	 29.153744 	 43.578116 	 58.058874
 