   0 	 18.503766 	 28.507299 	 39.553902
    1 	 16.392248 	 29.402857 	 44.479515
    2 	 15.704603 	 29.874524 	 44.091731
    3 	 19.039367 	 31.533698 	 43.729825
    4 	 18.494017 	 32.524300 	 44.538285
    5 	 20.429116 	 33.941099 	 50.942405
    6 	 22.328168 	 34.259951 	 50.857654
    7 	 24.840386 	 34.848764 	 51.329810
    8 	 21.355606 	 34.652354 	 51.887672
    9 	 23.414630 	 35.235470 	 48.477916
   10 	 21.785122 	 35.481392 	 50.427138
   11 	 23.145297 	 36.378653 	 45.949427
   12 	 25.923533 	 36.718705 	 48.865803
   13 	 27.190945 	 37.344060 	 49.515699
   14 	 22.800732 	 37.295522 	 50.671302
   15 	 22.337660 	 37.376595 	 48.618811
   16 	 24.772807 	 36.757652 	 48.056056
   17 	 22.502753 	 36.964533 	 48.862783
   18 	 26.138967 	 37.992433 	 52.702380
   19 	 21.951419 	 38.873950 	 48.984324
   20 	 25.572527 	 39.066155 	 51.962404
   21 	 28.410406 	 39.522674 	 53.314720
   22 	 27.940142 	 39.243168 	 51.391005
   23 	 25.289861 	 38.354610 	 49.436439
   24 	 27.520587 	 39.014864 	 51.018794
   25 	 26.773119 	 39.006501 	 53.328319
   26 	 27.290884 	 38.952839 	 54.285462
   27 	 27.670178 	 39.057414 	 55.062661
   28 	 25.715987 	 38.685290 	 49.640864
   29 	 26.377131 	 38.961944 	 54.594555
   30 	 26.084805 	 38.954167 	 52.503894
   31 	 27.389209 	 38.579898 	 51.161050
   32 	 24.954138 	 37.942215 	 47.800660
   33 	 26.935364 	 38.461845 	 47.237250
   34 	 25.311082 	 37.603837 	 50.749219
   35 	 23.796775 	 37.196570 	 47.241022
   36 	 25.367441 	 37.587414 	 46.938535
   37 	 27.310743 	 37.483201 	 47.078397
   38 	 26.246123 	 38.187907 	 49.086459
   39 	 25.952990 	 37.862967 	 51.946567
   40 	 27.548571 	 38.358821 	 54.584799
   41 	 25.962812 	 39.230108 	 56.664043
   42 	 27.210872 	 40.079237 	 56.341790
   43 	 26.554723 	 40.131321 	 51.781180
   44 	 26.316462 	 39.316874 	 51.701902
   45 	 30.854068 	 39.534558 	 52.993826
   46 	 27.611873 	 39.343765 	 52.922610
   47 	 27.129270 	 39.671254 	 56.848794
   48 	 27.570653 	 39.335401 	 56.387484
   49 	 30.108937 	 39.864929 	 51.409180
   50 	 30.701596 	 40.358893 	 52.447483
   51 	 28.898148 	 39.932623 	 51.164047
   52 	 28.307331 	 40.349755 	 51.762181
   53 	 27.450274 	 40.012860 	 51.660103
   54 	 28.608533 	 40.060423 	 54.575907
   55 	 26.220834 	 40.445751 	 51.696988
   56 	 30.155163 	 40.306599 	 51.620199
   57 	 28.075696 	 40.038778 	 49.302262
   58 	 26.128492 	 39.245254 	 50.894933
   59 	 29.349773 	 40.731055 	 54.322018
   60 	 26.815250 	 40.510984 	 53.044924
   61 	 28.638475 	 40.896733 	 58.095494
   62 	 28.902594 	 40.123944 	 50.934416
   63 	 25.695190 	 39.675641 	 51.653305
   64 	 23.883355 	 40.046260 	 53.410344
   65 	 27.432635 	 40.106241 	 53.100955
   66 	 25.894170 	 40.408185 	 53.149915
   67 	 29.239700 	 40.215470 	 53.113936
   68 	 29.425616 	 39.887773 	 56.197201
   69 	 29.375239 	 39.247718 	 50.256208
   70 	 23.010546 	 39.533034 	 51.933563
   71 	 27.590479 	 39.402938 	 51.897004
   72 	 29.036076 	 39.867467 	 51.205732
   73 	 25.698989 	 39.977852 	 51.522360
   74 	 23.070066 	 40.293839 	 52.279904
   75 	 18.756415 	 40.169423 	 49.895396
   76 	 29.573085 	 40.287812 	 48.799943
   77 	 30.274271 	 40.513877 	 51.453657
   78 	 27.216331 	 41.256260 	 50.906608
   79 	 23.155950 	 40.502742 	 49.978411
   80 	 23.876305 	 40.484073 	 50.890962
   81 	 28.774573 	 40.277992 	 50.942142
   82 	 27.831884 	 40.477756 	 52.799007
   83 	 27.163941 	 41.147556 	 55.631935
   84 	 23.883644 	 40.336330 	 56.171059
   85 	 25.911797 	 40.169488 	 51.063535
   86 	 26.051995 	 40.567304 	 52.242881
   87 	 26.970698 	 41.510443 	 53.728772
   88 	 27.128446 	 40.990559 	 50.554702
   89 	 30.147336 	 40.953703 	 54.374988
   90 	 31.189578 	 40.919672 	 54.065870
   91 	 29.028041 	 40.711849 	 53.177221
   92 	 30.437449 	 41.013038 	 51.976106
   93 	 30.644980 	 40.508765 	 51.978275
   94 	 28.254553 	 40.137270 	 51.306846
   95 	 24.886243 	 39.930149 	 55.134187
   96 	 28.232441 	 40.317920 	 54.314936
   97 	 21.432974 	 40.602591 	 50.381803
   98 	 29.581907 	 40.436713 	 54.497187
   99 	 23.526025 	 40.396724 	 50.865095
 