   0 	 13.249332 	 28.217420 	 45.058003
    1 	 12.700743 	 29.857629 	 42.814785
    2 	 14.700383 	 30.374730 	 46.648955
    3 	 14.789327 	 31.415798 	 49.587765
    4 	 19.255261 	 32.597371 	 51.376805
    5 	 19.103530 	 33.133078 	 49.942769
    6 	 19.555022 	 34.035001 	 54.535827
    7 	 21.801977 	 34.504648 	 51.303582
    8 	 25.198750 	 36.629675 	 53.602259
    9 	 25.580217 	 36.455323 	 50.404958
   10 	 26.607769 	 37.310213 	 52.018561
   11 	 25.557575 	 37.929135 	 53.222492
   12 	 28.678958 	 39.265776 	 50.430727
   13 	 27.379915 	 39.222842 	 52.706014
   14 	 27.891778 	 39.433070 	 52.119368
   15 	 27.778282 	 39.753064 	 51.544454
   16 	 25.896592 	 39.876538 	 51.523394
   17 	 25.216997 	 39.131502 	 50.918553
   18 	 25.751039 	 38.293070 	 53.169655
   19 	 26.968605 	 39.267846 	 49.716641
   20 	 27.006208 	 39.401072 	 51.961894
   21 	 29.707549 	 39.615467 	 49.895985
   22 	 30.808281 	 40.914711 	 49.320442
   23 	 29.116103 	 40.653021 	 51.583610
   24 	 27.923912 	 41.080958 	 51.141527
   25 	 28.419638 	 40.357231 	 52.433416
   26 	 26.841341 	 40.715879 	 53.441741
   27 	 28.089672 	 41.111174 	 51.619925
   28 	 30.882791 	 41.658612 	 51.437605
   29 	 25.285460 	 40.914453 	 49.589827
   30 	 26.654795 	 41.171478 	 52.295262
   31 	 24.291462 	 40.346834 	 54.808190
   32 	 24.444755 	 41.686085 	 54.398169
   33 	 28.758923 	 40.963493 	 52.596246
   34 	 27.641794 	 40.828739 	 55.495358
   35 	 30.503773 	 41.207077 	 52.543217
   36 	 29.095592 	 41.677901 	 53.466385
   37 	 28.330280 	 41.542909 	 51.632076
   38 	 27.619099 	 42.253959 	 54.262000
   39 	 27.732225 	 41.364787 	 56.953652
   40 	 27.723038 	 42.237541 	 55.261851
   41 	 27.382755 	 43.094345 	 56.809091
   42 	 27.920767 	 43.588691 	 56.689005
   43 	 30.694270 	 43.845568 	 60.562168
   44 	 28.984874 	 45.206359 	 57.673141
   45 	 28.350729 	 45.090128 	 56.798235
   46 	 30.767790 	 44.601910 	 59.577349
   47 	 28.977674 	 43.895832 	 55.816242
   48 	 25.380269 	 43.397060 	 56.126069
   49 	 30.074233 	 44.057686 	 59.416886
   50 	 29.559175 	 44.449683 	 59.347145
   51 	 33.731547 	 44.238522 	 55.151838
   52 	 29.946384 	 43.430088 	 55.358821
   53 	 29.067855 	 43.122755 	 55.930263
   54 	 31.629601 	 42.545646 	 53.175576
   55 	 32.162400 	 43.044223 	 55.395550
   56 	 31.027563 	 42.630988 	 52.582526
   57 	 23.423205 	 41.963710 	 52.263262
   58 	 25.955615 	 41.412998 	 51.079054
   59 	 31.282265 	 41.656859 	 51.142898
   60 	 29.643961 	 40.846335 	 50.990169
   61 	 25.396866 	 41.049013 	 52.620648
   62 	 27.538121 	 41.711402 	 53.557733
   63 	 25.452229 	 40.774683 	 53.125136
   64 	 22.862953 	 41.011949 	 52.670619
   65 	 26.237734 	 40.037835 	 51.738511
   66 	 24.592727 	 40.115166 	 50.959960
   67 	 30.040143 	 40.603497 	 51.282699
   68 	 27.238034 	 40.421398 	 50.958404
   69 	 28.656592 	 40.456862 	 51.318436
   70 	 29.685942 	 41.494042 	 54.953796
   71 	 27.752717 	 41.273544 	 52.000566
   72 	 27.781873 	 40.756820 	 51.141432
   73 	 28.267935 	 40.074192 	 50.660717
   74 	 29.781552 	 40.864331 	 50.926568
   75 	 28.539053 	 40.675430 	 53.013109
   76 	 26.009807 	 40.561298 	 50.767593
   77 	 29.565403 	 40.583834 	 50.108464
   78 	 32.256257 	 40.785100 	 51.215960
   79 	 28.335069 	 40.219821 	 51.286147
   80 	 28.327202 	 40.487020 	 53.983170
   81 	 26.498799 	 41.245675 	 53.446731
   82 	 28.099516 	 41.103908 	 51.183340
   83 	 27.898215 	 39.851938 	 52.462552
   84 	 26.120406 	 39.521191 	 51.325900
   85 	 25.687111 	 39.762956 	 53.887592
   86 	 29.976660 	 39.735598 	 53.580020
   87 	 31.664841 	 40.618307 	 55.293174
   88 	 28.590029 	 40.437439 	 56.819222
   89 	 27.559706 	 40.841818 	 52.547358
   90 	 25.862645 	 40.813172 	 55.351468
   91 	 28.556163 	 40.531673 	 54.296297
   92 	 28.558167 	 40.031859 	 48.870149
   93 	 25.844216 	 39.846371 	 49.913580
   94 	 28.123475 	 39.475741 	 51.348868
   95 	 27.221490 	 39.232522 	 50.764892
   96 	 27.420731 	 39.435570 	 50.283357
   97 	 27.032358 	 40.068934 	 54.480309
   98 	 21.366436 	 39.727373 	 50.622402
   99 	 30.784987 	 39.956400 	 52.509543
 