   0 	 16.516171 	 28.626330 	 42.278430
    1 	 17.822635 	 29.354260 	 41.940746
    2 	 18.462942 	 29.755506 	 43.683592
    3 	 19.177594 	 30.574709 	 44.159877
    4 	 19.893754 	 31.069855 	 42.870401
    5 	 21.758422 	 31.679664 	 42.687453
    6 	 21.673032 	 31.977585 	 41.845297
    7 	 21.928933 	 31.943611 	 43.339955
    8 	 20.421453 	 32.453238 	 46.003991
    9 	 21.092989 	 33.477381 	 44.978947
   10 	 20.727488 	 33.649897 	 45.103233
   11 	 20.617537 	 33.545263 	 49.240922
   12 	 24.215476 	 34.344807 	 48.911687
   13 	 25.332122 	 35.332705 	 47.685728
   14 	 23.843009 	 35.533179 	 53.522813
   15 	 20.933518 	 35.794793 	 52.281165
   16 	 24.341913 	 36.707984 	 50.606652
   17 	 25.656407 	 37.687395 	 55.904432
   18 	 23.771943 	 39.381078 	 51.654816
   19 	 29.558177 	 39.296072 	 51.005465
   20 	 24.842787 	 39.938413 	 49.997579
   21 	 26.049394 	 39.811076 	 50.080728
   22 	 26.689198 	 39.343401 	 51.600349
   23 	 27.298742 	 38.581280 	 50.073099
   24 	 25.896229 	 38.831058 	 49.830630
   25 	 29.444239 	 39.280246 	 48.573786
   26 	 27.300553 	 39.722085 	 50.082517
   27 	 26.292602 	 39.630806 	 51.437266
   28 	 28.415842 	 39.970880 	 51.931291
   29 	 25.948887 	 40.082143 	 51.537120
   30 	 27.408992 	 39.756735 	 51.341127
   31 	 26.152146 	 39.485112 	 53.786097
   32 	 29.341620 	 40.206727 	 53.963526
   33 	 25.109163 	 39.641647 	 51.659112
   34 	 25.885687 	 40.387391 	 54.487848
   35 	 29.278302 	 40.105052 	 52.630477
   36 	 27.726119 	 40.376043 	 50.282294
   37 	 29.496506 	 40.724223 	 51.806203
   38 	 28.476082 	 41.055202 	 55.235680
   39 	 26.737353 	 41.637223 	 53.946793
   40 	 27.438137 	 41.904181 	 54.347102
   41 	 30.595668 	 41.849209 	 56.857511
   42 	 30.424942 	 40.914010 	 55.616186
   43 	 29.845482 	 40.628682 	 52.699272
   44 	 30.210684 	 40.411996 	 52.978718
   45 	 29.809961 	 40.516432 	 51.568624
   46 	 28.580420 	 40.112460 	 49.761536
   47 	 31.488617 	 40.667326 	 53.874724
   48 	 31.538598 	 40.239707 	 52.172989
   49 	 29.943685 	 41.060877 	 55.887486
   50 	 30.248540 	 40.961193 	 53.983992
   51 	 29.326252 	 41.019428 	 55.448955
   52 	 29.738056 	 41.172132 	 52.486411
   53 	 31.385225 	 41.202987 	 51.392217
   54 	 31.744455 	 40.560084 	 53.301980
   55 	 25.390158 	 40.640443 	 52.425636
   56 	 24.213777 	 40.450948 	 54.964291
   57 	 28.650720 	 40.638686 	 54.571319
   58 	 28.898312 	 41.146339 	 54.591756
   59 	 28.131083 	 41.391920 	 54.176276
   60 	 26.517284 	 41.383549 	 54.508261
   61 	 23.580076 	 42.352231 	 52.933288
   62 	 28.235589 	 42.022821 	 53.821662
   63 	 28.539888 	 42.237036 	 54.229793
   64 	 30.067380 	 42.390961 	 52.717158
   65 	 28.491881 	 42.785309 	 54.705021
   66 	 29.859267 	 42.732106 	 56.758216
   67 	 31.366320 	 42.868582 	 54.310431
   68 	 31.117792 	 42.173762 	 56.725282
   69 	 28.926964 	 42.192313 	 54.499972
   70 	 27.527942 	 42.421617 	 52.082238
   71 	 34.030808 	 42.215900 	 53.116319
   72 	 32.873257 	 41.937886 	 51.853095
   73 	 26.796323 	 41.601450 	 53.972037
   74 	 26.785535 	 41.219392 	 56.425545
   75 	 27.239400 	 41.852997 	 53.170112
   76 	 30.586401 	 42.307808 	 54.078103
   77 	 32.255652 	 42.694522 	 56.672365
   78 	 29.820167 	 42.564863 	 55.939006
   79 	 29.928680 	 43.058788 	 53.072895
   80 	 25.856399 	 42.572238 	 55.737360
   81 	 29.913632 	 42.808479 	 56.881743
   82 	 30.048898 	 42.875930 	 54.634109
   83 	 32.953305 	 42.734540 	 53.045512
   84 	 31.226023 	 42.590970 	 52.196808
   85 	 27.354490 	 43.130513 	 57.184556
   86 	 24.194679 	 43.091978 	 58.197471
   87 	 24.195332 	 42.568229 	 55.706003
   88 	 25.870221 	 41.989447 	 54.440158
   89 	 29.214960 	 41.406922 	 53.792182
   90 	 27.583135 	 41.449539 	 53.153257
   91 	 26.565251 	 42.073764 	 50.958668
   92 	 28.845194 	 43.365922 	 55.565110
   93 	 30.160097 	 42.875369 	 56.149013
   94 	 27.238435 	 43.077860 	 54.684098
   95 	 25.738127 	 42.816300 	 53.686232
   96 	 23.624244 	 43.540891 	 53.704384
   97 	 31.119151 	 43.576540 	 53.318353
   98 	 33.223373 	 43.022895 	 55.348949
   99 	 29.099677 	 42.452077 	 55.114187
 