   0 	 14.918167 	 27.335829 	 40.083030
    1 	 14.900678 	 28.516229 	 41.030030
    2 	 16.257446 	 29.732956 	 43.645392
    3 	 18.033005 	 30.071235 	 43.585197
    4 	 19.429630 	 30.998257 	 43.326567
    5 	 17.585502 	 30.664071 	 40.360721
    6 	 20.656772 	 31.625120 	 39.222575
    7 	 17.569063 	 31.672849 	 44.208451
    8 	 19.043913 	 32.601747 	 43.005853
    9 	 16.487223 	 33.397375 	 42.967470
   10 	 17.674931 	 32.844178 	 44.928971
   11 	 22.236903 	 34.046903 	 46.058472
   12 	 21.957773 	 34.731992 	 46.903171
   13 	 23.639368 	 35.019864 	 47.400259
   14 	 21.594778 	 35.888845 	 45.978142
   15 	 19.788304 	 36.903536 	 49.653036
   16 	 19.652270 	 36.681255 	 47.298192
   17 	 23.514208 	 36.438631 	 50.347492
   18 	 25.748770 	 36.991657 	 50.777647
   19 	 22.375350 	 37.696691 	 52.483803
   20 	 25.183273 	 39.239252 	 57.127180
   21 	 23.172210 	 38.943523 	 57.329429
   22 	 25.950236 	 38.437225 	 55.614303
   23 	 26.633348 	 39.441700 	 54.720523
   24 	 23.650283 	 39.165467 	 51.181656
   25 	 25.843530 	 38.944800 	 51.675433
   26 	 25.858432 	 38.707830 	 54.085670
   27 	 27.174520 	 39.410674 	 51.413434
   28 	 29.088302 	 39.358559 	 53.927066
   29 	 27.806743 	 39.413319 	 51.927020
   30 	 28.207419 	 38.527749 	 51.562778
   31 	 28.197938 	 38.506055 	 49.793053
   32 	 28.368892 	 38.666034 	 49.341778
   33 	 26.031831 	 39.075687 	 51.000326
   34 	 26.829574 	 39.185926 	 53.114053
   35 	 26.721001 	 39.461817 	 56.508000
   36 	 28.677447 	 39.354191 	 56.179166
   37 	 27.331280 	 38.259902 	 51.380212
   38 	 29.475187 	 39.132415 	 50.324518
   39 	 24.958167 	 39.502234 	 49.924480
   40 	 27.066439 	 38.849053 	 49.530681
   41 	 29.382025 	 40.105157 	 49.729309
   42 	 29.083919 	 40.317890 	 52.672852
   43 	 28.899355 	 40.621323 	 52.400945
   44 	 25.591438 	 40.832381 	 51.857884
   45 	 30.892864 	 40.224112 	 50.581031
   46 	 28.094716 	 39.324984 	 51.642922
   47 	 26.208203 	 40.075640 	 53.499623
   48 	 30.906235 	 40.399648 	 51.904338
   49 	 29.712942 	 40.187705 	 50.374510
   50 	 27.826001 	 40.208546 	 51.630184
   51 	 28.292273 	 40.686321 	 51.461970
   52 	 26.992202 	 40.879541 	 50.607416
   53 	 29.502562 	 41.203819 	 54.485114
   54 	 28.639782 	 41.333249 	 53.119541
   55 	 28.090731 	 41.604626 	 55.393647
   56 	 22.507323 	 41.472087 	 57.502150
   57 	 27.368393 	 41.433847 	 60.758206
   58 	 26.261803 	 41.157452 	 53.913385
   59 	 30.666764 	 41.106092 	 51.702880
   60 	 27.600753 	 41.678491 	 54.674004
   61 	 31.001966 	 41.196169 	 56.055081
   62 	 28.380391 	 41.611126 	 53.935482
   63 	 28.408409 	 41.259054 	 55.068385
   64 	 29.846293 	 40.839633 	 50.552515
   65 	 25.921929 	 40.346811 	 50.978179
   66 	 29.617813 	 40.527314 	 51.547018
   67 	 30.181461 	 40.427749 	 53.075151
   68 	 30.314089 	 40.207955 	 50.843827
   69 	 30.273727 	 39.917122 	 50.957478
   70 	 29.086069 	 39.526333 	 51.585052
   71 	 26.979976 	 39.051942 	 49.829960
   72 	 28.014020 	 39.346473 	 48.817552
   73 	 28.417768 	 39.769898 	 50.279075
   74 	 27.411498 	 40.386501 	 55.268523
   75 	 30.234066 	 40.376422 	 56.169971
   76 	 27.465655 	 39.574356 	 52.741830
   77 	 23.740473 	 39.036952 	 54.212727
   78 	 25.366254 	 40.193211 	 52.537989
   79 	 22.135688 	 39.815735 	 53.407757
   80 	 26.371937 	 39.153498 	 54.449329
   81 	 28.583497 	 39.367866 	 51.639411
   82 	 27.226784 	 40.143665 	 50.911834
   83 	 29.738478 	 39.830439 	 48.587383
   84 	 30.374551 	 39.546432 	 51.886614
   85 	 27.265034 	 39.638744 	 53.695725
   86 	 27.342011 	 39.927652 	 50.250288
   87 	 27.333228 	 39.511574 	 50.052914
   88 	 28.802035 	 39.879917 	 49.598814
   89 	 26.899943 	 40.835140 	 52.639818
   90 	 27.454466 	 40.236181 	 51.828872
   91 	 29.989629 	 40.494577 	 50.745647
   92 	 27.633113 	 40.444845 	 49.416329
   93 	 29.406053 	 40.954909 	 51.124581
   94 	 28.710208 	 40.716733 	 52.403323
   95 	 30.001680 	 40.990769 	 50.114844
   96 	 25.180665 	 41.440881 	 52.825427
   97 	 29.897426 	 41.110396 	 51.212889
   98 	 31.084476 	 41.446076 	 55.756977
   99 	 28.196561 	 40.946463 	 50.781016
 