   0 	 18.492206 	 29.060497 	 45.011223
    1 	 19.748093 	 30.785714 	 41.695200
    2 	 20.163761 	 31.668969 	 43.905505
    3 	 19.418175 	 31.719798 	 44.587686
    4 	 19.274436 	 32.440546 	 42.672676
    5 	 15.290370 	 32.159623 	 44.242077
    6 	 24.656461 	 33.471271 	 45.621146
    7 	 24.977329 	 34.274535 	 48.521028
    8 	 21.676583 	 34.846197 	 47.226346
    9 	 18.850527 	 36.245403 	 50.113758
   10 	 22.248825 	 36.464029 	 50.113758
   11 	 24.739255 	 36.839424 	 53.954855
   12 	 22.585255 	 36.289762 	 47.180385
   13 	 24.179200 	 37.347223 	 49.555109
   14 	 23.918471 	 37.521614 	 48.513046
   15 	 25.313504 	 37.595285 	 51.264251
   16 	 26.350344 	 37.930340 	 51.558627
   17 	 24.776100 	 37.973357 	 52.118492
   18 	 25.353154 	 38.343776 	 50.811543
   19 	 24.221171 	 37.881283 	 50.411453
   20 	 26.003716 	 37.818864 	 50.730970
   21 	 23.413881 	 38.918640 	 50.709226
   22 	 26.117458 	 39.243193 	 51.446430
   23 	 28.623819 	 39.471934 	 51.964547
   24 	 26.027637 	 39.768798 	 50.196668
   25 	 25.705034 	 39.423268 	 48.857691
   26 	 24.633348 	 40.183688 	 53.242399
   27 	 25.334228 	 39.572149 	 49.658774
   28 	 28.458453 	 39.548375 	 48.967608
   29 	 25.460587 	 40.331469 	 51.169534
   30 	 24.227823 	 39.046824 	 52.403102
   31 	 21.872476 	 39.130468 	 52.245604
   32 	 19.438767 	 38.586977 	 52.221697
   33 	 24.010443 	 38.898636 	 50.289921
   34 	 25.971363 	 39.511833 	 50.389738
   35 	 25.503935 	 40.307311 	 51.776477
   36 	 23.116998 	 40.244857 	 51.302863
   37 	 27.325078 	 41.395256 	 53.569028
   38 	 27.655061 	 41.634503 	 55.430345
   39 	 26.549066 	 42.042258 	 52.508734
   40 	 27.004576 	 41.739362 	 55.795103
   41 	 29.657486 	 42.157588 	 55.603778
   42 	 30.839696 	 42.536830 	 57.915864
   43 	 29.152397 	 41.444456 	 58.039629
   44 	 27.981567 	 42.499819 	 58.892390
   45 	 25.461785 	 43.621729 	 59.989241
   46 	 32.580154 	 43.561266 	 57.395038
   47 	 33.976173 	 43.332899 	 53.633365
   48 	 30.053415 	 43.280819 	 53.634668
   49 	 30.687294 	 42.411553 	 55.100902
   50 	 33.777653 	 42.721098 	 57.154825
   51 	 32.154722 	 43.000443 	 56.557336
   52 	 33.172642 	 43.394171 	 52.799335
   53 	 29.286932 	 43.005592 	 55.745990
   54 	 31.293377 	 43.442542 	 55.722470
   55 	 27.925269 	 43.577235 	 55.870701
   56 	 30.632438 	 44.035837 	 55.253769
   57 	 32.239274 	 44.372908 	 55.214597
   58 	 34.846901 	 44.503671 	 57.834136
   59 	 34.661290 	 45.600109 	 57.631065
   60 	 35.854798 	 45.650581 	 57.207515
   61 	 32.288491 	 45.588415 	 57.711649
   62 	 38.616331 	 46.115391 	 58.722117
   63 	 35.808514 	 45.914149 	 57.308146
   64 	 35.557254 	 45.400725 	 57.989680
   65 	 35.403969 	 45.678935 	 57.102032
   66 	 31.161947 	 46.049749 	 60.342379
   67 	 30.913528 	 46.582388 	 61.404376
   68 	 35.461387 	 46.664644 	 63.713594
   69 	 31.841605 	 47.326740 	 59.377858
   70 	 28.807430 	 45.514156 	 57.216126
   71 	 29.124229 	 44.834020 	 55.700334
   72 	 26.764611 	 44.008978 	 54.548338
   73 	 26.739485 	 43.568152 	 54.510062
   74 	 33.022435 	 43.062088 	 54.787802
   75 	 31.057725 	 42.834508 	 53.911288
   76 	 28.312175 	 42.796359 	 55.739722
   77 	 31.202700 	 42.460344 	 55.444499
   78 	 30.373320 	 42.129784 	 55.345469
   79 	 27.773725 	 42.053629 	 55.397737
   80 	 26.777204 	 42.346406 	 54.713963
   81 	 26.831609 	 42.353468 	 56.880965
   82 	 25.125036 	 42.309675 	 53.871825
   83 	 28.297802 	 42.035008 	 52.221037
   84 	 27.801452 	 41.643747 	 54.207789
   85 	 27.252576 	 42.406506 	 53.413978
   86 	 29.165021 	 42.999594 	 53.761949
   87 	 25.682335 	 43.431584 	 55.985891
   88 	 28.894418 	 43.021559 	 55.467433
   89 	 29.770996 	 43.083780 	 57.937912
   90 	 29.571270 	 42.085125 	 56.892551
   91 	 24.906424 	 41.924382 	 51.317555
   92 	 27.174487 	 41.538890 	 53.736227
   93 	 30.692523 	 41.266655 	 55.075560
   94 	 25.568808 	 41.198383 	 56.324816
   95 	 29.180732 	 41.565378 	 58.749796
   96 	 29.720550 	 41.418869 	 59.079770
   97 	 29.845825 	 40.969293 	 59.335999
   98 	 24.024698 	 40.470025 	 50.123863
   99 	 26.670262 	 40.277899 	 56.428889
 