   0 	 17.027909 	 28.266386 	 37.762444
    1 	 18.930927 	 28.882109 	 38.620103
    2 	 14.599023 	 29.146256 	 39.945157
    3 	 17.591423 	 30.215518 	 41.950639
    4 	 17.996330 	 30.492253 	 42.428120
    5 	 16.844088 	 31.171075 	 43.792061
    6 	 17.186974 	 32.102612 	 44.669487
    7 	 23.458542 	 33.606971 	 45.685238
    8 	 25.085322 	 33.916514 	 44.137729
    9 	 22.731185 	 33.616898 	 44.023226
   10 	 20.722891 	 33.361952 	 45.432415
   11 	 22.212047 	 33.937196 	 43.773078
   12 	 20.781098 	 33.994338 	 45.591096
   13 	 20.639382 	 34.303161 	 48.112040
   14 	 20.098487 	 33.805780 	 47.235205
   15 	 19.049944 	 35.092801 	 47.145016
   16 	 22.338093 	 35.563538 	 45.925448
   17 	 24.984212 	 36.484577 	 49.670914
   18 	 22.098942 	 37.363463 	 47.296639
   19 	 27.033147 	 37.235362 	 50.108583
   20 	 23.696531 	 37.192203 	 46.372591
   21 	 24.982380 	 37.196709 	 46.504291
   22 	 23.190067 	 37.364296 	 50.679073
   23 	 21.789255 	 38.289441 	 50.616357
   24 	 27.270661 	 38.630702 	 49.197402
   25 	 26.847893 	 38.314890 	 49.102858
   26 	 26.242004 	 39.110431 	 54.612412
   27 	 26.668026 	 38.701225 	 51.885833
   28 	 26.554446 	 39.751562 	 52.929918
   29 	 27.210614 	 39.942109 	 57.502357
   30 	 25.989042 	 40.240546 	 58.753049
   31 	 28.041837 	 40.200137 	 52.271133
   32 	 29.218702 	 40.245740 	 52.883643
   33 	 30.887011 	 41.544561 	 53.169099
   34 	 30.465132 	 41.732605 	 57.333591
   35 	 23.526415 	 41.711018 	 55.788109
   36 	 29.975595 	 42.571721 	 55.359437
   37 	 32.775331 	 42.996007 	 53.756316
   38 	 28.628149 	 41.708586 	 57.282379
   39 	 31.829310 	 42.141580 	 57.166966
   40 	 31.872149 	 42.028892 	 55.356467
   41 	 32.802617 	 42.509952 	 52.229954
   42 	 31.964433 	 42.694884 	 53.845771
   43 	 28.741717 	 41.992870 	 52.551077
   44 	 27.434632 	 41.598249 	 53.448500
   45 	 29.191629 	 42.616035 	 51.640513
   46 	 26.229987 	 41.880098 	 52.701970
   47 	 30.763103 	 42.165048 	 53.816492
   48 	 28.208226 	 41.717322 	 52.514790
   49 	 29.306557 	 41.376230 	 53.622231
   50 	 29.797605 	 42.447075 	 53.706603
   51 	 28.233762 	 42.966293 	 56.405485
   52 	 31.131904 	 43.250410 	 57.722889
   53 	 29.826773 	 43.427480 	 56.391036
   54 	 30.670903 	 42.877563 	 54.232359
   55 	 29.655705 	 43.272739 	 55.758331
   56 	 24.257299 	 43.357621 	 57.076427
   57 	 27.640375 	 44.172334 	 56.910912
   58 	 30.611229 	 43.671256 	 57.861496
   59 	 29.977823 	 42.941852 	 53.621060
   60 	 33.668592 	 42.833143 	 56.929864
   61 	 31.897804 	 42.799669 	 53.236700
   62 	 28.838620 	 42.823914 	 54.826335
   63 	 32.997625 	 42.962811 	 57.352575
   64 	 32.049503 	 44.419753 	 60.130319
   65 	 30.437875 	 44.121305 	 60.936358
   66 	 28.044936 	 42.438138 	 54.375106
   67 	 27.912245 	 42.684251 	 53.379550
   68 	 29.242002 	 42.269973 	 55.392251
   69 	 29.470530 	 42.413216 	 53.493225
   70 	 31.317514 	 42.184942 	 53.247198
   71 	 30.393415 	 42.394095 	 52.500136
   72 	 29.236377 	 41.590689 	 51.456031
   73 	 30.166192 	 41.327413 	 53.109760
   74 	 28.159701 	 40.642923 	 56.677361
   75 	 29.619808 	 40.528414 	 56.085819
   76 	 27.442030 	 39.878620 	 56.501842
   77 	 21.579560 	 39.781297 	 53.815818
   78 	 21.147101 	 39.507557 	 52.557602
   79 	 24.196966 	 39.880632 	 52.688893
   80 	 22.339402 	 39.907200 	 54.601227
   81 	 24.599903 	 39.365144 	 54.030564
   82 	 22.841658 	 38.846654 	 50.869072
   83 	 25.571545 	 39.973429 	 52.706122
   84 	 22.727281 	 40.745895 	 53.265654
   85 	 29.820642 	 41.591557 	 53.889356
   86 	 28.274408 	 41.278497 	 53.966003
   87 	 27.999110 	 41.755984 	 53.966003
   88 	 27.350848 	 41.791348 	 54.957177
   89 	 29.772188 	 41.397898 	 54.932148
   90 	 26.655382 	 41.449443 	 54.791554
   91 	 26.704310 	 41.178210 	 57.549300
   92 	 27.524356 	 40.133277 	 53.822730
   93 	 25.297566 	 40.161690 	 49.824920
   94 	 21.712664 	 40.257381 	 51.365714
   95 	 21.966993 	 40.121722 	 54.664256
   96 	 28.156806 	 40.353950 	 53.188661
   97 	 27.237333 	 40.774321 	 53.202498
   98 	 31.214188 	 40.952247 	 49.359660
   99 	 30.165840 	 40.957848 	 49.772995
 