   0 	 17.792317 	 28.551178 	 40.937097
    1 	 19.300596 	 29.533667 	 41.675977
    2 	 19.730858 	 30.273930 	 41.916296
    3 	 21.498679 	 30.692786 	 44.686168
    4 	 20.900600 	 31.222443 	 44.638788
    5 	 19.380167 	 31.170086 	 42.387198
    6 	 20.492909 	 31.182201 	 41.902064
    7 	 23.652159 	 31.938589 	 44.184202
    8 	 22.871054 	 32.659229 	 42.054317
    9 	 22.781006 	 33.490430 	 43.816852
   10 	 23.074009 	 33.893649 	 44.390681
   11 	 24.336709 	 33.934146 	 43.966147
   12 	 21.321177 	 33.054975 	 44.827686
   13 	 25.028035 	 33.194973 	 44.791359
   14 	 23.470103 	 33.084287 	 48.049069
   15 	 20.368021 	 33.967346 	 46.396067
   16 	 22.813563 	 34.325684 	 48.532766
   17 	 18.444739 	 34.880019 	 49.890850
   18 	 25.022587 	 35.368456 	 48.399764
   19 	 22.706067 	 34.188053 	 48.822361
   20 	 23.219234 	 34.899744 	 50.992040
   21 	 23.529285 	 35.517852 	 53.173721
   22 	 19.649495 	 35.736163 	 48.275299
   23 	 22.095901 	 35.607987 	 45.342968
   24 	 17.859903 	 36.124929 	 45.421062
   25 	 23.481871 	 36.278300 	 46.304119
   26 	 26.131854 	 36.323340 	 49.165328
   27 	 24.095575 	 36.770190 	 49.674933
   28 	 26.587302 	 37.770392 	 49.498616
   29 	 27.267686 	 37.872423 	 51.468320
   30 	 26.735995 	 37.591423 	 50.515785
   31 	 23.545818 	 37.424513 	 51.021940
   32 	 25.837049 	 37.526366 	 52.797526
   33 	 24.904656 	 37.508936 	 54.819146
   34 	 26.700541 	 36.861295 	 53.633911
   35 	 25.779351 	 38.863455 	 53.754438
   36 	 24.404665 	 38.629218 	 56.367206
   37 	 26.023155 	 39.139954 	 55.826962
   38 	 27.198785 	 39.948610 	 52.227932
   39 	 29.740325 	 40.296160 	 54.395725
   40 	 29.260585 	 40.152821 	 53.191494
   41 	 26.926203 	 39.873531 	 52.617273
   42 	 30.238462 	 40.635490 	 52.340060
   43 	 29.530545 	 41.118806 	 53.009477
   44 	 28.867521 	 40.120075 	 52.991180
   45 	 25.244038 	 39.581402 	 55.952263
   46 	 25.289123 	 40.626890 	 50.664754
   47 	 26.619858 	 40.177355 	 54.704858
   48 	 26.747219 	 40.271063 	 56.375661
   49 	 27.312499 	 41.069893 	 55.464269
   50 	 28.176687 	 41.896426 	 54.345433
   51 	 29.820354 	 42.004787 	 54.389575
   52 	 27.493039 	 42.351397 	 54.021096
   53 	 27.832048 	 42.985057 	 55.006007
   54 	 32.134301 	 42.257101 	 53.986976
   55 	 28.471166 	 43.195567 	 51.986967
   56 	 29.914774 	 43.562536 	 55.533871
   57 	 30.270107 	 43.003431 	 54.559726
   58 	 30.665501 	 43.443684 	 54.287655
   59 	 31.277619 	 42.730448 	 54.276069
   60 	 27.949844 	 42.225409 	 52.641230
   61 	 27.972521 	 41.915150 	 55.618027
   62 	 31.157457 	 41.797258 	 52.653910
   63 	 32.532739 	 42.008443 	 53.842563
   64 	 29.014034 	 41.937600 	 52.062042
   65 	 30.532349 	 42.584738 	 54.264287
   66 	 28.622780 	 43.231989 	 54.254488
   67 	 31.685505 	 42.473328 	 51.905256
   68 	 29.690836 	 42.563196 	 54.103619
   69 	 29.972489 	 41.939222 	 55.986048
   70 	 27.577097 	 42.510649 	 55.377710
   71 	 29.311138 	 41.709577 	 55.629132
   72 	 30.021842 	 41.864329 	 54.746745
   73 	 30.031971 	 43.291761 	 56.686524
   74 	 33.273572 	 42.716399 	 54.105741
   75 	 30.057762 	 42.461399 	 51.182599
   76 	 28.689015 	 41.829591 	 54.032866
   77 	 26.040281 	 42.456914 	 54.482642
   78 	 30.038789 	 42.608258 	 56.194835
   79 	 30.981381 	 42.007324 	 51.591361
   80 	 30.058421 	 40.616929 	 52.263192
   81 	 28.611251 	 40.889312 	 53.304049
   82 	 28.659754 	 41.620807 	 52.648603
   83 	 28.918062 	 40.899728 	 56.965817
   84 	 27.992040 	 41.114505 	 52.930389
   85 	 28.503887 	 40.602508 	 50.217593
   86 	 25.547457 	 41.408844 	 50.750842
   87 	 28.613572 	 42.567238 	 54.049206
   88 	 27.439339 	 43.063765 	 54.852888
   89 	 31.033677 	 43.007409 	 54.823141
   90 	 30.224293 	 42.655379 	 52.780724
   91 	 32.946142 	 42.655848 	 52.285041
   92 	 28.988331 	 42.683888 	 53.074297
   93 	 30.477751 	 42.574967 	 54.906916
   94 	 27.648043 	 42.615652 	 56.440581
   95 	 31.644171 	 41.967214 	 53.480184
   96 	 33.035516 	 42.536655 	 52.532609
   97 	 29.971124 	 42.440931 	 56.173244
   98 	 29.085838 	 43.238144 	 56.527219
   99 	 26.640549 	 43.051409 	 58.470483
 