   0 	 16.797415 	 29.163829 	 44.009839
    1 	 18.822256 	 29.619897 	 46.229832
    2 	 18.568509 	 30.063129 	 48.360155
    3 	 16.214604 	 30.931897 	 47.296754
    4 	 14.905036 	 31.937277 	 44.091356
    5 	 19.417579 	 33.025401 	 46.244855
    6 	 21.064320 	 34.226614 	 48.535313
    7 	 18.422018 	 34.426578 	 48.963548
    8 	 21.896044 	 35.511268 	 48.209874
    9 	 25.866382 	 35.986784 	 44.625965
   10 	 22.006565 	 35.138037 	 47.223324
   11 	 23.583559 	 35.213708 	 47.016514
   12 	 23.979045 	 35.100500 	 46.586548
   13 	 25.723821 	 35.887108 	 47.723694
   14 	 20.256847 	 35.408315 	 46.867441
   15 	 25.898707 	 35.767170 	 49.492927
   16 	 23.717421 	 35.709122 	 47.334170
   17 	 22.212819 	 36.933887 	 47.780769
   18 	 26.145364 	 38.212022 	 48.946775
   19 	 27.261373 	 38.253592 	 48.922569
   20 	 29.024597 	 38.707563 	 50.386190
   21 	 27.352866 	 38.908093 	 49.189762
   22 	 29.879479 	 39.344745 	 49.259902
   23 	 24.811313 	 39.167782 	 53.122595
   24 	 24.662438 	 38.294304 	 49.026890
   25 	 25.331580 	 37.740978 	 48.479929
   26 	 25.016714 	 38.232632 	 50.697184
   27 	 25.282898 	 39.158744 	 48.780359
   28 	 24.844454 	 39.624931 	 51.789291
   29 	 28.102654 	 39.126116 	 49.610894
   30 	 27.542440 	 38.584023 	 51.081171
   31 	 25.178189 	 38.640346 	 53.748236
   32 	 29.536588 	 38.906300 	 53.721783
   33 	 26.700675 	 38.227685 	 52.021327
   34 	 26.721097 	 38.281920 	 51.771138
   35 	 27.371789 	 38.855043 	 53.341583
   36 	 28.762885 	 38.916710 	 54.262508
   37 	 26.501458 	 39.211686 	 55.130314
   38 	 26.894815 	 39.224574 	 56.179839
   39 	 22.643287 	 39.849755 	 57.066138
   40 	 24.787334 	 40.825160 	 57.511773
   41 	 27.087690 	 40.358034 	 54.426737
   42 	 26.883324 	 40.804683 	 55.282703
   43 	 28.404560 	 41.152588 	 54.352350
   44 	 25.729562 	 40.882235 	 53.234228
   45 	 26.632872 	 41.568994 	 53.190965
   46 	 27.096757 	 40.779345 	 53.245370
   47 	 23.488792 	 40.988977 	 52.855454
   48 	 29.835758 	 41.409052 	 55.590818
   49 	 27.678635 	 41.642323 	 53.863594
   50 	 31.005454 	 40.621187 	 52.767133
   51 	 29.407288 	 40.327319 	 54.988286
   52 	 30.183288 	 40.945866 	 53.585566
   53 	 27.364525 	 41.007134 	 53.579480
   54 	 29.434948 	 41.679256 	 55.255769
   55 	 27.182937 	 41.966538 	 55.202723
   56 	 29.711729 	 42.675733 	 56.025119
   57 	 29.084085 	 42.241160 	 57.396072
   58 	 28.573524 	 42.853005 	 52.470410
   59 	 27.959546 	 42.625583 	 57.302654
   60 	 24.016692 	 43.258965 	 59.930029
   61 	 30.998189 	 43.115556 	 56.466612
   62 	 32.826315 	 43.158824 	 53.649526
   63 	 28.605526 	 43.713809 	 56.026523
   64 	 29.673828 	 43.159735 	 55.932431
   65 	 28.650554 	 43.025902 	 56.027596
   66 	 28.509089 	 43.034605 	 56.423936
   67 	 25.878670 	 42.364644 	 58.188428
   68 	 29.862776 	 42.689118 	 58.411653
   69 	 30.240760 	 42.758937 	 57.627027
   70 	 31.115867 	 42.598206 	 56.491000
   71 	 30.606683 	 42.676996 	 52.273123
   72 	 31.185320 	 42.547682 	 57.518548
   73 	 33.549719 	 42.555479 	 57.621898
   74 	 29.796457 	 42.236698 	 50.315796
   75 	 30.965241 	 42.057857 	 51.114701
   76 	 31.121329 	 41.967795 	 52.360688
   77 	 28.992311 	 41.839420 	 53.260436
   78 	 30.183873 	 40.772057 	 50.907841
   79 	 27.992477 	 41.129327 	 51.901711
   80 	 30.352146 	 41.790714 	 52.330695
   81 	 28.947302 	 41.762965 	 53.102539
   82 	 30.575517 	 41.839986 	 56.423142
   83 	 30.354008 	 41.657213 	 52.281908
   84 	 27.835084 	 41.651793 	 57.316628
   85 	 28.760919 	 41.817575 	 53.959303
   86 	 30.975808 	 41.167040 	 53.274117
   87 	 29.527652 	 40.234203 	 51.753740
   88 	 25.234977 	 40.554032 	 54.023886
   89 	 29.394115 	 40.428211 	 53.938813
   90 	 28.555273 	 40.346670 	 52.720986
   91 	 30.276879 	 40.051507 	 53.146017
   92 	 28.984624 	 40.250915 	 53.039605
   93 	 29.408922 	 40.604287 	 54.793580
   94 	 27.085471 	 40.857589 	 57.751771
   95 	 28.478305 	 40.692233 	 54.069226
   96 	 27.153939 	 40.700347 	 51.184199
   97 	 29.573904 	 41.358622 	 54.542422
   98 	 30.543585 	 41.850018 	 54.857747
   99 	 31.735782 	 41.979687 	 57.212306
 