   0 	 17.081782 	 27.956979 	 41.001015
    1 	 17.935546 	 28.563164 	 40.977024
    2 	 18.481037 	 28.463001 	 42.951567
    3 	 19.020324 	 29.667393 	 42.132559
    4 	 14.506412 	 29.561436 	 45.343888
    5 	 15.353442 	 30.637777 	 44.519978
    6 	 22.841933 	 32.005422 	 44.268511
    7 	 21.349393 	 32.572577 	 43.409889
    8 	 18.993070 	 33.329761 	 46.684151
    9 	 20.687499 	 34.775921 	 51.056568
   10 	 24.730836 	 35.901334 	 46.686561
   11 	 26.214534 	 35.233711 	 46.099432
   12 	 23.284686 	 35.362887 	 48.358955
   13 	 19.698697 	 36.109628 	 49.375577
   14 	 24.247525 	 36.802235 	 49.145829
   15 	 23.213505 	 37.085925 	 48.557888
   16 	 22.293956 	 37.455411 	 53.720305
   17 	 25.366306 	 37.585036 	 50.800806
   18 	 24.439279 	 36.752053 	 49.587146
   19 	 27.111003 	 37.855047 	 52.087898
   20 	 28.355800 	 37.576440 	 47.835860
   21 	 26.178512 	 38.497440 	 47.857818
   22 	 27.300609 	 39.411446 	 52.978842
   23 	 26.975842 	 39.698131 	 52.675930
   24 	 24.510991 	 39.571924 	 51.650967
   25 	 27.654731 	 40.045482 	 52.992245
   26 	 26.470592 	 40.212600 	 52.268509
   27 	 29.295834 	 39.779679 	 49.820867
   28 	 30.367460 	 40.116079 	 54.454425
   29 	 29.545172 	 40.814690 	 54.888582
   30 	 28.134147 	 41.270315 	 53.170155
   31 	 28.760635 	 40.959043 	 52.533346
   32 	 30.443312 	 40.771773 	 51.249325
   33 	 29.851902 	 40.355330 	 52.152470
   34 	 28.983366 	 40.350190 	 52.789950
   35 	 28.818125 	 40.495942 	 56.682829
   36 	 30.778950 	 40.254271 	 50.869194
   37 	 28.118508 	 40.761259 	 56.372699
   38 	 29.307799 	 40.926530 	 52.655180
   39 	 29.345332 	 40.941532 	 53.104137
   40 	 27.355785 	 40.547694 	 52.118687
   41 	 23.378541 	 40.516736 	 53.401129
   42 	 29.326527 	 40.950489 	 52.409421
   43 	 28.982414 	 40.470537 	 56.033310
   44 	 28.699478 	 41.072386 	 53.518119
   45 	 26.890317 	 40.619130 	 53.853909
   46 	 26.966531 	 40.619019 	 50.818846
   47 	 21.995017 	 41.169771 	 50.575490
   48 	 26.063331 	 41.105285 	 54.839299
   49 	 24.748202 	 40.978527 	 53.651110
   50 	 25.340680 	 41.126356 	 52.463913
   51 	 32.192770 	 41.734311 	 52.008083
   52 	 30.702385 	 41.766371 	 52.274440
   53 	 27.295498 	 42.402723 	 52.667701
   54 	 27.377294 	 41.847957 	 53.870294
   55 	 27.854018 	 42.138008 	 54.291834
   56 	 26.571276 	 42.368442 	 54.693070
   57 	 29.352542 	 42.502644 	 53.772555
   58 	 30.276102 	 41.969525 	 55.195933
   59 	 28.204813 	 42.379545 	 56.927591
   60 	 33.294376 	 42.637650 	 56.829783
   61 	 33.338444 	 43.988083 	 53.919690
   62 	 31.563371 	 43.459055 	 53.099460
   63 	 32.951949 	 43.826335 	 56.220777
   64 	 32.020650 	 43.350521 	 55.157887
   65 	 33.465582 	 44.249720 	 56.760865
   66 	 33.061341 	 44.541289 	 55.270053
   67 	 31.311082 	 44.223782 	 57.275798
   68 	 30.331618 	 43.913831 	 56.705865
   69 	 32.917325 	 44.938226 	 57.814258
   70 	 27.249832 	 44.668053 	 60.353077
   71 	 25.727757 	 45.222227 	 57.142459
   72 	 26.994084 	 44.467084 	 60.575696
   73 	 29.545644 	 45.231005 	 57.277371
   74 	 28.084012 	 44.517021 	 56.430508
   75 	 31.561623 	 44.623501 	 52.829343
   76 	 32.293653 	 44.446636 	 57.524231
   77 	 32.094382 	 44.530944 	 59.073807
   78 	 34.757890 	 44.561397 	 56.154239
   79 	 34.136334 	 44.628929 	 54.810283
   80 	 30.987565 	 45.466834 	 55.304635
   81 	 31.485163 	 45.079636 	 56.957497
   82 	 31.836095 	 43.723006 	 57.545202
   83 	 29.277083 	 43.439734 	 55.219574
   84 	 29.590251 	 43.408248 	 57.978652
   85 	 29.705329 	 43.755695 	 57.500614
   86 	 29.905502 	 42.970178 	 54.514840
   87 	 25.443441 	 41.916900 	 54.438629
   88 	 28.767930 	 41.659499 	 55.350817
   89 	 29.651855 	 42.066902 	 53.050797
   90 	 27.938215 	 43.334488 	 53.513945
   91 	 29.444864 	 44.141391 	 54.991131
   92 	 29.578874 	 44.367272 	 56.021311
   93 	 26.135573 	 44.603744 	 58.787714
   94 	 24.417395 	 44.643995 	 57.848301
   95 	 29.633247 	 43.967885 	 57.442051
   96 	 31.318369 	 44.553750 	 61.093881
   97 	 31.496132 	 44.906705 	 57.370126
   98 	 32.335392 	 45.356534 	 60.466253
   99 	 33.377217 	 45.615342 	 59.956122
 