   0 	 18.139768 	 28.808590 	 39.773043
    1 	 17.712451 	 29.825877 	 42.615079
    2 	 16.121681 	 30.869408 	 41.164509
    3 	 19.732751 	 31.122332 	 42.881477
    4 	 19.368124 	 31.097377 	 45.365259
    5 	 24.162995 	 31.783990 	 42.104046
    6 	 18.525398 	 32.207169 	 43.982511
    7 	 22.406097 	 32.308039 	 41.647044
    8 	 19.418831 	 31.833428 	 43.324861
    9 	 17.358458 	 32.306656 	 47.218561
   10 	 20.718631 	 32.988739 	 47.793664
   11 	 23.159610 	 32.982276 	 45.912136
   12 	 23.938761 	 33.789042 	 47.235779
   13 	 22.419943 	 34.157797 	 50.150923
   14 	 18.675170 	 33.917799 	 48.224889
   15 	 23.619171 	 34.695187 	 51.207587
   16 	 20.739079 	 34.555068 	 53.267605
   17 	 22.771675 	 35.421623 	 46.417326
   18 	 20.506381 	 35.471526 	 45.149263
   19 	 25.339466 	 36.002669 	 45.884558
   20 	 25.547794 	 36.194754 	 46.618407
   21 	 26.395729 	 36.023676 	 45.579020
   22 	 26.942080 	 36.486063 	 46.268895
   23 	 25.912476 	 36.566363 	 47.144588
   24 	 24.991912 	 36.555277 	 45.717902
   25 	 24.543462 	 37.015388 	 48.695610
   26 	 25.032718 	 37.212715 	 47.150309
   27 	 22.335074 	 36.915981 	 49.586549
   28 	 27.244643 	 37.702628 	 48.392304
   29 	 28.488856 	 38.370159 	 48.254956
   30 	 28.363461 	 38.623914 	 49.580613
   31 	 26.961163 	 38.112252 	 47.253244
   32 	 27.850304 	 39.025157 	 52.022567
   33 	 25.261006 	 38.695630 	 50.794272
   34 	 20.200533 	 38.706188 	 50.517278
   35 	 29.897666 	 39.302827 	 49.261218
   36 	 28.373110 	 39.133699 	 49.769910
   37 	 28.221932 	 39.701770 	 52.268836
   38 	 28.587344 	 39.742238 	 54.386085
   39 	 26.288278 	 39.664333 	 53.390979
   40 	 28.995691 	 39.605107 	 48.888738
   41 	 27.227888 	 39.348084 	 56.454989
   42 	 29.677151 	 40.053649 	 56.400447
   43 	 33.031003 	 41.495848 	 56.527709
   44 	 23.974380 	 40.922041 	 53.751422
   45 	 27.049373 	 41.406069 	 53.661919
   46 	 28.771913 	 40.636160 	 49.645120
   47 	 31.925495 	 41.111850 	 49.855478
   48 	 31.844178 	 41.621394 	 52.052555
   49 	 26.047441 	 41.315347 	 54.042723
   50 	 29.835014 	 41.864206 	 56.994563
   51 	 31.517128 	 41.733211 	 55.434440
   52 	 27.809202 	 42.693424 	 56.698987
   53 	 26.956395 	 42.724377 	 57.450899
   54 	 28.239811 	 44.195592 	 56.943226
   55 	 29.276706 	 44.563038 	 55.756362
   56 	 30.496300 	 45.520588 	 55.798553
   57 	 35.357082 	 45.403569 	 57.398511
   58 	 30.248985 	 45.092757 	 57.654953
   59 	 30.497153 	 44.343201 	 55.379877
   60 	 31.129233 	 44.440863 	 53.775510
   61 	 31.387789 	 43.696398 	 52.951796
   62 	 34.319160 	 44.188259 	 54.575605
   63 	 34.321625 	 43.733867 	 54.908490
   64 	 35.165628 	 43.513491 	 55.556113
   65 	 32.183749 	 42.357455 	 57.895194
   66 	 28.550443 	 43.093978 	 53.467799
   67 	 28.060526 	 43.492979 	 52.972848
   68 	 26.822270 	 43.543841 	 53.493707
   69 	 25.451269 	 43.286498 	 52.811272
   70 	 29.219116 	 43.165072 	 55.409600
   71 	 31.214426 	 42.800972 	 54.360867
   72 	 29.475369 	 42.646049 	 53.097625
   73 	 30.502387 	 42.649887 	 55.456538
   74 	 28.237184 	 42.222811 	 54.387957
   75 	 28.064180 	 42.801107 	 54.938681
   76 	 27.464013 	 43.399430 	 54.549839
   77 	 30.818479 	 42.702876 	 57.685957
   78 	 31.537107 	 42.211553 	 54.083478
   79 	 28.719255 	 42.087074 	 53.643788
   80 	 28.700781 	 42.482037 	 52.625999
   81 	 26.629813 	 42.630199 	 52.619496
   82 	 30.002099 	 42.269128 	 51.920706
   83 	 31.308251 	 42.394265 	 53.068408
   84 	 30.053655 	 42.345011 	 56.765969
   85 	 31.362084 	 42.148713 	 56.678984
   86 	 29.270586 	 42.506710 	 57.807580
   87 	 29.207444 	 43.248226 	 55.678321
   88 	 27.870434 	 43.804319 	 54.964174
   89 	 33.016442 	 43.216686 	 59.144811
   90 	 30.266522 	 42.921123 	 52.963694
   91 	 31.180505 	 43.525750 	 52.783238
   92 	 34.026402 	 43.842919 	 53.756752
   93 	 32.593538 	 43.461622 	 52.732508
   94 	 27.733473 	 43.215751 	 53.940301
   95 	 27.613972 	 43.076162 	 55.046058
   96 	 22.777542 	 43.488989 	 54.995662
   97 	 32.132202 	 43.944475 	 55.238583
   98 	 31.396462 	 44.801964 	 60.238040
   99 	 32.214707 	 44.725888 	 58.189143
 