   0 	 17.638533 	 28.701311 	 39.504720
    1 	 16.022759 	 29.294881 	 44.988374
    2 	 17.216601 	 30.679896 	 41.273767
    3 	 17.744183 	 31.835683 	 43.470949
    4 	 21.313417 	 32.571657 	 44.295386
    5 	 23.351410 	 33.339834 	 45.152505
    6 	 23.532467 	 34.153454 	 44.980174
    7 	 22.574529 	 33.793344 	 46.233573
    8 	 22.005932 	 33.679626 	 49.183828
    9 	 24.351662 	 34.429051 	 43.940543
   10 	 20.853415 	 34.889046 	 47.130339
   11 	 24.503685 	 34.075624 	 46.045517
   12 	 24.099581 	 34.525929 	 46.111162
   13 	 23.305843 	 36.250713 	 44.867391
   14 	 24.318508 	 35.587393 	 49.937655
   15 	 21.350733 	 35.018880 	 48.113979
   16 	 18.378349 	 35.108325 	 43.693330
   17 	 23.077033 	 34.985626 	 46.885343
   18 	 18.957968 	 35.679720 	 46.373866
   19 	 21.905127 	 35.735818 	 45.112793
   20 	 20.202849 	 35.986154 	 51.953785
   21 	 19.453814 	 35.574154 	 46.069422
   22 	 27.322855 	 36.859006 	 45.842639
   23 	 23.954873 	 37.285834 	 48.360158
   24 	 21.151940 	 36.883078 	 45.648016
   25 	 26.003766 	 37.187033 	 47.069416
   26 	 24.684641 	 37.035850 	 47.925587
   27 	 26.667028 	 37.534761 	 50.592745
   28 	 26.014400 	 37.722859 	 50.303836
   29 	 27.254222 	 38.896776 	 54.013195
   30 	 25.494159 	 38.794981 	 51.681154
   31 	 26.070204 	 39.328269 	 49.317038
   32 	 26.457638 	 39.470157 	 50.069565
   33 	 26.817498 	 39.918814 	 51.059279
   34 	 27.854702 	 39.880307 	 51.216330
   35 	 26.103786 	 39.057208 	 50.988550
   36 	 26.946083 	 39.290779 	 52.731871
   37 	 26.878123 	 39.909245 	 55.705625
   38 	 28.733065 	 39.525337 	 51.006045
   39 	 28.521871 	 39.283185 	 50.108380
   40 	 25.896513 	 39.077829 	 50.820445
   41 	 26.356412 	 39.606491 	 51.676588
   42 	 27.320190 	 39.558873 	 53.120050
   43 	 26.396577 	 39.556141 	 55.564309
   44 	 25.873963 	 39.000028 	 48.550575
   45 	 27.319984 	 39.223662 	 51.201512
   46 	 28.821526 	 38.976108 	 53.132061
   47 	 28.399177 	 39.175538 	 54.221123
   48 	 25.174547 	 39.051455 	 52.332650
   49 	 27.677067 	 39.893288 	 53.833423
   50 	 30.197154 	 40.389424 	 54.291050
   51 	 28.555553 	 39.710824 	 53.599837
   52 	 23.828122 	 39.553593 	 50.178273
   53 	 28.111122 	 39.920188 	 52.056578
   54 	 25.801155 	 39.551405 	 51.531261
   55 	 28.751206 	 40.394048 	 53.417142
   56 	 26.785339 	 40.600541 	 56.292306
   57 	 26.612705 	 41.364814 	 53.317077
   58 	 31.037223 	 41.805540 	 53.540593
   59 	 30.476567 	 41.281853 	 53.453633
   60 	 31.111270 	 41.774393 	 53.020000
   61 	 29.073314 	 41.524689 	 53.426096
   62 	 30.001509 	 42.426255 	 54.130400
   63 	 29.354478 	 42.775299 	 52.896300
   64 	 31.645749 	 42.603820 	 54.010334
   65 	 29.964659 	 42.469074 	 54.601410
   66 	 31.872561 	 42.518451 	 54.398604
   67 	 31.493812 	 42.830239 	 55.660097
   68 	 30.463787 	 42.525277 	 53.848177
   69 	 32.939542 	 43.334957 	 54.854880
   70 	 33.872021 	 43.593802 	 55.787836
   71 	 34.657838 	 44.115825 	 55.595005
   72 	 29.749172 	 43.596665 	 54.812917
   73 	 33.602475 	 44.669102 	 57.428025
   74 	 30.733370 	 43.750057 	 54.167864
   75 	 34.444663 	 44.103029 	 56.768080
   76 	 31.955944 	 44.210841 	 57.780256
   77 	 28.223012 	 43.895242 	 57.753156
   78 	 24.830492 	 43.020812 	 57.329588
   79 	 32.201220 	 42.901311 	 56.380170
   80 	 30.752836 	 42.442012 	 57.670018
   81 	 28.614788 	 41.997582 	 59.376013
   82 	 23.169989 	 41.578731 	 53.656011
   83 	 27.792204 	 40.967974 	 52.613093
   84 	 23.374804 	 40.123464 	 55.572097
   85 	 29.690614 	 41.304693 	 52.082337
   86 	 29.233385 	 41.064632 	 52.087371
   87 	 25.383192 	 42.117941 	 54.231410
   88 	 21.676075 	 41.693377 	 54.038741
   89 	 30.849693 	 41.755389 	 53.209807
   90 	 28.987239 	 41.212315 	 53.066602
   91 	 29.558912 	 41.145953 	 53.622990
   92 	 21.791892 	 40.450295 	 55.837770
   93 	 28.827363 	 41.964523 	 54.022822
   94 	 29.561499 	 40.930576 	 52.355356
   95 	 28.419243 	 40.858175 	 53.044512
   96 	 25.565115 	 41.612497 	 50.918758
   97 	 30.078899 	 41.425319 	 53.000462
   98 	 29.279431 	 41.090147 	 55.324910
   99 	 29.889076 	 41.446407 	 50.202282
 