   0 	 16.871616 	 28.879926 	 42.201285
    1 	 18.710956 	 29.920918 	 42.027578
    2 	 19.245185 	 30.558051 	 41.983069
    3 	 18.585110 	 31.164715 	 41.380825
    4 	 20.539368 	 31.410306 	 40.332226
    5 	 21.889913 	 32.171081 	 41.943411
    6 	 20.264587 	 32.870245 	 47.327975
    7 	 22.432725 	 33.876826 	 45.866127
    8 	 21.605511 	 34.465864 	 44.181239
    9 	 21.797812 	 34.395524 	 45.077000
   10 	 22.102607 	 35.356569 	 46.991882
   11 	 23.780701 	 36.978212 	 48.576106
   12 	 24.720663 	 36.646883 	 45.169801
   13 	 23.913274 	 36.471986 	 46.991583
   14 	 26.431950 	 36.298527 	 45.721097
   15 	 26.170393 	 36.967937 	 47.008174
   16 	 26.669330 	 36.621959 	 48.291887
   17 	 27.402426 	 37.298025 	 49.912508
   18 	 26.550669 	 37.283432 	 48.454686
   19 	 26.062372 	 37.029757 	 48.349014
   20 	 23.294059 	 37.057776 	 49.227251
   21 	 24.772159 	 37.282085 	 46.897014
   22 	 26.399678 	 37.797811 	 48.472768
   23 	 26.787407 	 38.496571 	 48.027704
   24 	 27.112525 	 38.781057 	 51.387110
   25 	 28.624661 	 39.546516 	 49.250278
   26 	 25.238052 	 39.147354 	 52.143876
   27 	 29.554208 	 39.036933 	 51.344948
   28 	 29.819126 	 39.530976 	 49.007077
   29 	 27.984375 	 39.734522 	 49.075898
   30 	 27.782648 	 39.571975 	 52.914335
   31 	 27.617788 	 39.756182 	 50.547187
   32 	 23.181889 	 39.387411 	 51.518669
   33 	 26.011711 	 38.754079 	 49.189476
   34 	 25.659191 	 38.513883 	 46.735786
   35 	 27.192952 	 38.652153 	 50.599954
   36 	 26.427536 	 38.418979 	 54.178516
   37 	 23.878411 	 38.476616 	 52.263799
   38 	 23.012039 	 39.100356 	 55.787114
   39 	 24.102210 	 38.452112 	 55.775054
   40 	 23.951606 	 38.785501 	 57.158395
   41 	 25.208874 	 38.888030 	 52.591529
   42 	 28.780943 	 38.348159 	 49.040296
   43 	 24.209177 	 38.388855 	 50.453524
   44 	 26.968865 	 39.065708 	 53.816954
   45 	 27.388219 	 39.305787 	 57.167916
   46 	 27.546249 	 39.299009 	 51.157739
   47 	 24.615863 	 40.295250 	 51.870228
   48 	 23.682806 	 40.417965 	 52.428531
   49 	 22.925688 	 39.816040 	 58.732742
   50 	 25.428641 	 40.220010 	 60.996134
   51 	 28.125662 	 40.407892 	 55.705752
   52 	 26.965155 	 40.350020 	 52.635013
   53 	 27.076878 	 41.413729 	 53.398592
   54 	 26.476613 	 41.344317 	 52.776076
   55 	 27.506452 	 41.633659 	 54.538688
   56 	 26.421297 	 42.261710 	 54.528299
   57 	 28.520559 	 42.657407 	 54.621581
   58 	 33.008994 	 42.525830 	 56.721306
   59 	 32.442501 	 42.890960 	 55.013530
   60 	 32.428102 	 42.919327 	 54.139377
   61 	 34.197710 	 43.041094 	 54.214961
   62 	 32.422331 	 43.187798 	 55.076637
   63 	 29.871308 	 42.334252 	 54.091377
   64 	 29.282863 	 41.810408 	 56.057898
   65 	 28.802175 	 41.890054 	 55.534909
   66 	 28.855942 	 42.050264 	 54.386440
   67 	 31.880922 	 41.665740 	 53.231935
   68 	 30.952444 	 41.148126 	 52.860747
   69 	 28.305878 	 40.894100 	 56.113389
   70 	 29.343509 	 40.816809 	 56.935483
   71 	 24.330479 	 40.892051 	 54.659919
   72 	 29.922273 	 40.540625 	 51.953062
   73 	 29.396305 	 40.355693 	 53.784037
   74 	 30.477399 	 40.977199 	 52.304470
   75 	 28.836001 	 41.112830 	 53.329528
   76 	 28.041650 	 40.236719 	 53.669578
   77 	 27.609878 	 40.545636 	 52.844439
   78 	 28.910417 	 40.385814 	 50.307689
   79 	 30.086240 	 40.827559 	 53.522440
   80 	 27.623799 	 40.842449 	 53.559906
   81 	 31.566811 	 40.136949 	 56.144076
   82 	 27.336250 	 40.555421 	 58.015344
   83 	 30.968712 	 41.900620 	 57.559924
   84 	 31.853347 	 42.000731 	 54.346443
   85 	 30.440727 	 42.049747 	 54.276891
   86 	 27.558212 	 41.940309 	 52.563019
   87 	 27.856483 	 41.015174 	 52.537591
   88 	 30.341912 	 41.658135 	 52.432494
   89 	 25.130364 	 40.782070 	 51.157158
   90 	 22.267995 	 41.355421 	 51.841842
   91 	 32.329710 	 41.983552 	 50.551291
   92 	 32.053685 	 41.792326 	 50.377551
   93 	 30.040579 	 42.525336 	 53.239395
   94 	 30.212440 	 42.966597 	 54.603433
   95 	 29.156067 	 42.332859 	 54.603433
   96 	 31.084684 	 42.134114 	 53.201725
   97 	 30.551746 	 41.790078 	 53.153117
   98 	 30.146298 	 41.284404 	 52.852958
   99 	 30.798782 	 41.238301 	 54.083519
 