   0 	 12.601530 	 28.853903 	 43.438986
    1 	 14.845209 	 29.122844 	 43.591658
    2 	 14.134168 	 29.428467 	 43.355083
    3 	 16.845701 	 30.547098 	 41.151113
    4 	 15.116562 	 31.020222 	 43.195203
    5 	 17.772328 	 30.881447 	 43.679773
    6 	 19.003277 	 31.329707 	 41.984709
    7 	 18.775387 	 31.962067 	 44.405564
    8 	 23.557760 	 33.371450 	 45.713399
    9 	 21.586607 	 34.388831 	 48.546097
   10 	 26.095029 	 34.729904 	 50.581564
   11 	 26.223644 	 34.501607 	 47.059346
   12 	 25.121782 	 35.480301 	 47.862489
   13 	 20.554508 	 35.437543 	 45.132316
   14 	 24.181920 	 35.836349 	 45.161086
   15 	 24.463275 	 35.334769 	 45.612502
   16 	 22.025577 	 35.874703 	 47.142374
   17 	 22.025171 	 36.477915 	 50.115065
   18 	 27.013333 	 37.474665 	 51.805326
   19 	 26.441803 	 37.648353 	 52.647376
   20 	 25.837438 	 37.574349 	 51.284662
   21 	 24.231154 	 38.655570 	 52.296746
   22 	 28.487978 	 39.162840 	 49.869512
   23 	 26.845788 	 39.150476 	 54.847785
   24 	 25.856725 	 39.694599 	 53.529998
   25 	 21.014949 	 40.351935 	 53.434760
   26 	 21.014949 	 40.486440 	 54.130543
   27 	 27.644580 	 40.567514 	 51.633448
   28 	 25.311774 	 40.582365 	 53.709837
   29 	 32.252076 	 41.638074 	 55.601858
   30 	 30.252105 	 42.979331 	 55.215368
   31 	 30.951006 	 43.169149 	 54.649881
   32 	 24.483472 	 42.930936 	 53.443685
   33 	 24.212063 	 43.567307 	 52.809296
   34 	 27.228607 	 42.654160 	 52.691223
   35 	 32.390490 	 43.983177 	 54.198047
   36 	 30.950683 	 42.892256 	 52.952769
   37 	 30.107388 	 43.792204 	 57.156719
   38 	 29.011185 	 44.217982 	 54.857114
   39 	 30.361316 	 44.250506 	 55.971260
   40 	 33.400215 	 44.502363 	 54.016568
   41 	 29.781679 	 43.959973 	 56.836802
   42 	 31.004997 	 43.382304 	 56.720403
   43 	 29.929117 	 43.102292 	 55.346986
   44 	 29.214084 	 43.539914 	 55.432149
   45 	 34.171159 	 43.156690 	 53.963728
   46 	 31.706468 	 43.272553 	 56.416596
   47 	 34.350051 	 43.781136 	 54.415736
   48 	 31.248722 	 43.454833 	 56.452186
   49 	 28.790669 	 42.867424 	 53.956527
   50 	 27.274921 	 42.423078 	 56.106600
   51 	 30.267840 	 42.078284 	 57.371897
   52 	 26.949753 	 41.358920 	 56.261756
   53 	 28.378699 	 42.790937 	 57.250416
   54 	 29.732504 	 43.859085 	 59.457687
   55 	 25.483987 	 42.530680 	 55.198421
   56 	 28.703806 	 42.358694 	 56.266043
   57 	 28.950311 	 42.943767 	 54.751081
   58 	 27.327561 	 42.786995 	 55.685087
   59 	 32.743982 	 42.793564 	 54.773270
   60 	 28.083522 	 42.570803 	 55.057596
   61 	 28.231344 	 42.612715 	 57.300904
   62 	 28.934045 	 42.338696 	 56.641112
   63 	 30.298643 	 41.741150 	 52.355499
   64 	 30.325904 	 42.161019 	 54.542538
   65 	 33.421599 	 41.576871 	 51.826684
   66 	 31.973266 	 41.513482 	 53.908369
   67 	 29.622708 	 40.813503 	 54.304808
   68 	 25.814687 	 40.285583 	 55.048114
   69 	 28.891877 	 40.429007 	 50.819932
   70 	 28.096494 	 39.940338 	 56.667550
   71 	 26.586876 	 40.838130 	 55.441903
   72 	 27.205764 	 41.808884 	 53.620937
   73 	 23.076096 	 41.884634 	 55.062253
   74 	 31.393145 	 41.404655 	 57.734779
   75 	 28.330227 	 41.187173 	 52.013627
   76 	 30.542306 	 40.979455 	 56.524167
   77 	 31.021427 	 41.198431 	 55.048693
   78 	 29.487537 	 41.690645 	 57.246403
   79 	 29.363208 	 42.566810 	 51.340980
   80 	 26.965727 	 41.873979 	 55.311838
   81 	 28.588357 	 42.080964 	 53.382987
   82 	 30.375705 	 42.129659 	 51.876521
   83 	 29.186462 	 41.304647 	 52.262251
   84 	 28.696123 	 41.206653 	 53.922841
   85 	 28.603650 	 41.282538 	 53.986107
   86 	 29.352216 	 40.544637 	 49.725783
   87 	 27.940384 	 39.242145 	 51.428127
   88 	 20.415099 	 39.462929 	 52.748241
   89 	 28.790624 	 39.587507 	 53.309148
   90 	 25.041052 	 39.602878 	 49.756799
   91 	 25.304275 	 40.032266 	 50.896964
   92 	 25.167322 	 39.920574 	 51.289636
   93 	 23.776242 	 39.524847 	 51.124569
   94 	 24.037148 	 39.187308 	 48.666556
   95 	 21.848439 	 39.220999 	 46.935170
   96 	 26.412832 	 39.740233 	 50.320846
   97 	 25.250441 	 39.853271 	 51.292158
   98 	 27.523865 	 40.665992 	 50.973295
   99 	 28.648392 	 39.909704 	 52.705396
 