   0 	 16.406346 	 28.540191 	 46.078686
    1 	 18.377617 	 29.963812 	 49.983587
    2 	 18.659656 	 30.368330 	 50.155802
    3 	 19.127003 	 30.493115 	 48.387460
    4 	 16.709171 	 32.273868 	 48.476071
    5 	 11.665585 	 32.614983 	 44.248426
    6 	 20.969050 	 33.109906 	 47.372222
    7 	 20.729724 	 32.564046 	 49.571520
    8 	 19.930396 	 33.610294 	 47.114870
    9 	 21.417161 	 34.266267 	 47.068795
   10 	 22.164330 	 35.655037 	 47.774416
   11 	 21.432305 	 34.957433 	 47.302925
   12 	 22.459920 	 35.732648 	 48.791655
   13 	 24.364076 	 35.570047 	 46.364830
   14 	 21.090036 	 35.299801 	 45.920285
   15 	 26.098421 	 36.686014 	 46.775962
   16 	 25.770615 	 36.537917 	 47.229607
   17 	 26.633421 	 37.521139 	 49.150125
   18 	 24.379443 	 38.219678 	 49.719893
   19 	 27.132441 	 38.713914 	 48.712895
   20 	 28.634039 	 38.235146 	 49.375371
   21 	 28.780279 	 38.756899 	 48.893199
   22 	 27.732480 	 38.977078 	 51.177080
   23 	 27.394179 	 38.968438 	 50.904949
   24 	 27.164058 	 38.827956 	 49.031313
   25 	 26.485980 	 38.141641 	 49.461232
   26 	 26.281255 	 38.938494 	 48.667430
   27 	 29.396360 	 39.609069 	 51.012593
   28 	 29.623129 	 39.708747 	 54.891392
   29 	 28.568410 	 39.150753 	 51.502532
   30 	 24.969995 	 39.548219 	 52.944983
   31 	 25.790576 	 39.105561 	 51.900357
   32 	 24.145713 	 39.858947 	 53.261031
   33 	 27.128701 	 41.050971 	 50.524355
   34 	 26.853271 	 41.668364 	 53.828809
   35 	 26.005156 	 41.822475 	 54.001601
   36 	 29.723844 	 42.438749 	 54.761124
   37 	 28.304292 	 41.863472 	 51.934147
   38 	 28.209516 	 41.999531 	 52.992896
   39 	 29.156778 	 41.954208 	 54.985367
   40 	 30.607935 	 42.865232 	 52.630768
   41 	 30.085949 	 42.812357 	 55.528491
   42 	 31.717847 	 42.713694 	 54.526876
   43 	 31.345242 	 43.223776 	 53.737397
   44 	 30.636536 	 43.449531 	 55.187180
   45 	 27.446356 	 43.429246 	 58.118956
   46 	 30.289964 	 44.322188 	 59.186265
   47 	 32.293748 	 44.438304 	 56.228187
   48 	 31.115856 	 43.450675 	 56.737728
   49 	 32.763114 	 43.713845 	 55.897587
   50 	 27.105532 	 43.302445 	 58.718706
   51 	 30.811939 	 43.599594 	 59.913513
   52 	 28.962594 	 43.146327 	 59.913513
   53 	 28.583599 	 43.917869 	 60.361109
   54 	 31.891896 	 44.460450 	 56.513253
   55 	 29.344809 	 43.871645 	 58.317000
   56 	 25.129172 	 43.609657 	 57.211671
   57 	 26.281464 	 44.254288 	 57.959372
   58 	 26.209338 	 44.052185 	 58.725394
   59 	 31.581755 	 44.036699 	 57.165004
   60 	 32.114725 	 45.111766 	 57.595286
   61 	 30.815000 	 45.496492 	 56.701218
   62 	 30.173723 	 44.934536 	 56.910952
   63 	 34.543050 	 44.211980 	 57.682961
   64 	 34.393312 	 44.385872 	 55.213462
   65 	 32.616648 	 44.267131 	 58.412865
   66 	 27.965201 	 44.196975 	 57.560220
   67 	 29.700327 	 44.640907 	 53.392544
   68 	 28.020319 	 44.244974 	 54.208947
   69 	 27.861441 	 43.230675 	 56.491586
   70 	 23.957790 	 43.114122 	 56.051331
   71 	 31.097408 	 42.920230 	 59.186015
   72 	 33.579697 	 43.261945 	 60.597956
   73 	 29.860818 	 43.628382 	 62.133795
   74 	 29.445441 	 44.433480 	 58.391423
   75 	 29.775392 	 44.311688 	 56.625604
   76 	 28.942908 	 43.093135 	 56.984953
   77 	 28.950623 	 43.360671 	 54.733163
   78 	 31.142485 	 43.322069 	 53.689389
   79 	 30.221353 	 43.426394 	 53.149899
   80 	 30.303952 	 43.121938 	 52.274964
   81 	 29.462845 	 42.331095 	 52.164714
   82 	 29.842903 	 42.056713 	 53.709436
   83 	 30.212713 	 42.511075 	 52.483813
   84 	 22.068493 	 42.661828 	 53.743054
   85 	 29.222738 	 42.414035 	 54.535096
   86 	 27.791927 	 42.264682 	 56.922439
   87 	 26.984131 	 42.073422 	 54.036002
   88 	 24.938264 	 42.271154 	 54.135353
   89 	 27.680459 	 42.381114 	 53.740094
   90 	 31.536540 	 42.413196 	 52.776365
   91 	 31.722657 	 43.359271 	 54.303739
   92 	 29.234971 	 42.783808 	 56.007145
   93 	 31.586809 	 44.722623 	 59.256113
   94 	 33.951534 	 44.724039 	 57.727127
   95 	 32.360308 	 44.919441 	 55.339080
   96 	 32.421206 	 44.201063 	 53.157677
   97 	 29.375298 	 43.676894 	 59.055243
   98 	 27.455877 	 43.364938 	 54.814237
   99 	 34.690410 	 44.214458 	 56.495412
 