   0 	 17.812924 	 29.171640 	 42.955904
    1 	 19.594017 	 29.927826 	 43.645722
    2 	 20.235658 	 30.651008 	 40.937589
    3 	 19.626403 	 30.593212 	 41.845221
    4 	 19.176043 	 31.010582 	 44.801177
    5 	 20.313215 	 31.264196 	 46.289569
    6 	 19.589878 	 31.875545 	 47.957551
    7 	 21.792589 	 31.985255 	 46.707395
    8 	 21.593954 	 32.851078 	 46.818203
    9 	 21.233425 	 34.158233 	 48.954286
   10 	 24.535296 	 35.311212 	 48.671639
   11 	 23.143965 	 35.159374 	 54.921754
   12 	 18.262755 	 35.766053 	 47.706970
   13 	 24.978526 	 35.328543 	 53.881799
   14 	 24.654093 	 35.347800 	 45.564739
   15 	 26.039020 	 36.719875 	 47.074600
   16 	 25.705306 	 36.919650 	 47.832818
   17 	 24.447111 	 36.321313 	 48.784142
   18 	 27.414816 	 38.010963 	 48.749176
   19 	 25.018661 	 38.525415 	 46.716907
   20 	 26.144193 	 38.651612 	 50.568329
   21 	 24.233870 	 39.403876 	 49.881726
   22 	 27.572564 	 39.215864 	 49.639597
   23 	 28.953986 	 39.735199 	 50.881100
   24 	 26.578998 	 39.099158 	 53.317101
   25 	 26.685359 	 39.348016 	 50.061468
   26 	 27.624049 	 40.302859 	 52.321664
   27 	 27.981349 	 40.743782 	 56.712003
   28 	 28.689244 	 41.274924 	 54.222716
   29 	 28.994482 	 40.136418 	 51.238104
   30 	 30.871979 	 40.428872 	 51.216936
   31 	 29.372625 	 40.145841 	 49.901606
   32 	 29.239090 	 40.308969 	 56.432579
   33 	 27.264657 	 40.490736 	 53.081534
   34 	 26.331318 	 41.317218 	 55.221592
   35 	 30.499446 	 41.169873 	 54.187558
   36 	 28.639267 	 40.532772 	 52.193723
   37 	 28.255795 	 39.864711 	 51.276531
   38 	 31.254443 	 40.647647 	 52.761410
   39 	 29.737934 	 40.492606 	 51.897165
   40 	 29.724536 	 40.370232 	 53.697413
   41 	 30.811687 	 40.232018 	 59.091275
   42 	 29.121808 	 40.187375 	 55.362629
   43 	 27.320585 	 39.692854 	 53.864937
   44 	 27.490773 	 39.240616 	 53.870722
   45 	 25.018311 	 39.251700 	 49.427401
   46 	 30.070065 	 40.033895 	 51.488974
   47 	 25.875479 	 40.599635 	 53.719639
   48 	 25.158542 	 40.679830 	 54.175469
   49 	 25.977114 	 40.318117 	 49.901874
   50 	 29.149991 	 40.128690 	 53.205010
   51 	 27.737552 	 39.400938 	 50.753864
   52 	 25.741871 	 39.153788 	 50.588575
   53 	 23.538766 	 39.525311 	 54.154210
   54 	 23.324962 	 38.947109 	 50.670498
   55 	 27.913268 	 39.440100 	 54.630678
   56 	 29.123203 	 39.378024 	 51.339619
   57 	 27.605448 	 38.562709 	 48.326948
   58 	 28.531380 	 37.881217 	 48.406083
   59 	 24.821028 	 37.495805 	 53.367794
   60 	 27.041123 	 37.235222 	 50.277454
   61 	 25.588206 	 37.912256 	 49.149325
   62 	 26.593206 	 37.431020 	 47.742962
   63 	 24.370867 	 37.403296 	 45.421387
   64 	 24.546258 	 37.791678 	 46.428898
   65 	 25.393800 	 38.504293 	 48.536194
   66 	 23.750829 	 38.282635 	 47.840017
   67 	 26.327443 	 38.797293 	 52.442633
   68 	 26.751724 	 38.821316 	 49.972116
   69 	 27.702201 	 39.663248 	 52.840276
   70 	 26.127392 	 39.384092 	 54.914483
   71 	 26.559872 	 39.748084 	 55.289713
   72 	 29.526224 	 39.971164 	 55.567877
   73 	 30.408562 	 40.139641 	 55.657966
   74 	 24.981884 	 40.344222 	 54.480537
   75 	 29.902329 	 40.613433 	 55.513894
   76 	 30.257895 	 41.015433 	 51.610151
   77 	 29.638784 	 41.350133 	 53.867520
   78 	 29.508757 	 41.127076 	 51.737324
   79 	 29.271290 	 40.646307 	 52.969275
   80 	 30.491700 	 40.809503 	 53.080871
   81 	 24.923741 	 40.228147 	 53.847963
   82 	 28.773556 	 40.989769 	 50.194851
   83 	 32.424495 	 40.865128 	 53.011054
   84 	 30.605725 	 41.404261 	 54.782137
   85 	 28.979913 	 42.047449 	 54.964421
   86 	 28.291775 	 43.048121 	 56.095238
   87 	 23.821702 	 42.678888 	 59.122980
   88 	 31.721525 	 42.622194 	 56.605538
   89 	 31.217031 	 42.026236 	 54.262239
   90 	 27.820981 	 42.143105 	 53.142925
   91 	 32.048214 	 42.325633 	 56.361111
   92 	 29.999130 	 42.104066 	 57.946480
   93 	 30.607320 	 42.575317 	 58.050845
   94 	 31.027981 	 42.692026 	 55.047332
   95 	 26.075302 	 42.984078 	 54.208405
   96 	 30.610450 	 43.086474 	 55.552513
   97 	 32.151128 	 42.879535 	 54.365020
   98 	 32.373355 	 43.307395 	 55.883398
   99 	 21.754294 	 42.776346 	 55.093868
 