   0 	 14.133558 	 28.570509 	 41.043866
    1 	 18.517405 	 29.756987 	 42.733623
    2 	 16.192437 	 30.889833 	 44.916859
    3 	 17.483932 	 32.520310 	 46.502099
    4 	 21.821994 	 33.483244 	 46.608564
    5 	 19.309933 	 34.284448 	 46.597028
    6 	 20.723948 	 34.893541 	 50.158535
    7 	 21.909927 	 35.572957 	 47.437307
    8 	 22.091872 	 34.826322 	 47.108574
    9 	 21.794614 	 35.098014 	 47.024347
   10 	 22.345007 	 35.576105 	 48.428714
   11 	 24.198696 	 35.753009 	 48.170386
   12 	 25.092975 	 35.345396 	 49.392309
   13 	 25.200842 	 36.520721 	 52.022883
   14 	 23.716648 	 36.243618 	 47.793977
   15 	 18.540465 	 36.314424 	 47.422238
   16 	 24.696567 	 36.949184 	 49.237787
   17 	 20.989059 	 36.708795 	 50.627321
   18 	 20.963841 	 36.702959 	 49.072218
   19 	 25.656655 	 36.305899 	 48.158791
   20 	 25.804560 	 36.981243 	 49.526206
   21 	 23.803417 	 36.699466 	 49.521652
   22 	 25.825874 	 37.228244 	 51.422792
   23 	 25.167328 	 37.738773 	 51.326610
   24 	 26.732424 	 38.389920 	 52.725999
   25 	 24.123794 	 38.743030 	 51.039005
   26 	 22.952601 	 37.848711 	 50.647762
   27 	 23.464671 	 38.221773 	 49.688690
   28 	 25.572878 	 37.429704 	 49.699736
   29 	 25.214556 	 36.967457 	 49.697554
   30 	 25.023422 	 37.232577 	 49.398562
   31 	 24.363004 	 38.171924 	 51.440059
   32 	 25.306358 	 39.403068 	 53.525559
   33 	 27.219840 	 39.092272 	 54.351754
   34 	 24.153081 	 39.896634 	 53.544729
   35 	 26.065681 	 40.407467 	 51.470874
   36 	 25.380788 	 41.261957 	 53.215897
   37 	 28.433677 	 41.608448 	 49.742480
   38 	 25.420934 	 41.182676 	 52.805712
   39 	 29.198726 	 42.242420 	 52.559194
   40 	 28.761998 	 41.884177 	 54.207515
   41 	 29.474453 	 42.779854 	 53.648377
   42 	 26.351489 	 41.884771 	 52.809596
   43 	 30.651518 	 42.258328 	 53.816544
   44 	 30.663512 	 42.645064 	 54.876795
   45 	 32.560831 	 42.617902 	 53.429251
   46 	 31.718373 	 42.952250 	 51.648809
   47 	 32.199073 	 42.415083 	 51.794050
   48 	 30.473908 	 41.895437 	 53.499200
   49 	 32.190414 	 41.581683 	 56.117292
   50 	 31.664460 	 40.824801 	 56.895770
   51 	 30.023522 	 40.846344 	 53.316421
   52 	 29.321548 	 40.485198 	 53.385288
   53 	 24.744539 	 40.426969 	 51.554449
   54 	 30.610708 	 40.104553 	 48.452744
   55 	 29.247660 	 40.032928 	 48.947944
   56 	 28.391879 	 39.998693 	 50.261737
   57 	 25.402585 	 39.430023 	 54.151212
   58 	 26.888531 	 39.988732 	 53.900046
   59 	 26.880839 	 39.956794 	 55.711002
   60 	 28.482520 	 40.555806 	 53.515580
   61 	 28.158228 	 40.102664 	 50.532088
   62 	 28.327253 	 40.205594 	 52.486474
   63 	 26.344995 	 40.115357 	 51.862912
   64 	 25.930148 	 39.976944 	 50.611976
   65 	 25.823090 	 40.728785 	 52.442813
   66 	 28.474948 	 40.697548 	 51.184466
   67 	 27.007801 	 41.078360 	 52.730180
   68 	 29.246386 	 42.186412 	 54.840001
   69 	 27.728258 	 41.963813 	 54.568293
   70 	 28.832505 	 41.932713 	 53.159054
   71 	 31.758106 	 42.971186 	 53.694810
   72 	 26.629700 	 43.489952 	 54.150948
   73 	 33.103372 	 44.331199 	 53.896787
   74 	 32.167242 	 43.521652 	 57.755415
   75 	 31.484280 	 41.933173 	 53.355440
   76 	 28.088956 	 42.033836 	 53.833352
   77 	 29.058116 	 42.767126 	 58.052678
   78 	 26.528136 	 42.821956 	 55.685985
   79 	 26.112620 	 42.781784 	 55.663270
   80 	 32.152720 	 43.090866 	 55.835010
   81 	 32.871780 	 43.713073 	 57.081667
   82 	 30.337448 	 43.856996 	 59.023312
   83 	 27.971381 	 43.390081 	 56.699724
   84 	 31.782870 	 42.961311 	 57.766077
   85 	 30.764465 	 42.668789 	 56.709332
   86 	 31.708556 	 42.557971 	 55.570955
   87 	 29.570964 	 42.634896 	 55.820986
   88 	 28.858590 	 43.546056 	 58.519726
   89 	 31.755241 	 43.612203 	 60.416706
   90 	 28.266796 	 43.772758 	 59.158079
   91 	 31.013865 	 43.232409 	 55.723902
   92 	 28.463633 	 43.394821 	 60.088436
   93 	 33.579645 	 43.619090 	 57.828038
   94 	 30.215205 	 43.489891 	 59.683735
   95 	 26.728409 	 43.563357 	 58.011286
   96 	 29.722290 	 43.557740 	 55.097028
   97 	 31.400975 	 43.276063 	 57.957255
   98 	 31.296906 	 43.998806 	 56.815177
   99 	 31.908784 	 43.736103 	 54.165531
 