   0 	 0.000049 	 0.000234 	 0.004724
    1 	 0.000097 	 0.000403 	 0.013818
    2 	 0.000054 	 0.000916 	 0.015270
    3 	 0.000083 	 0.001442 	 0.015383
    4 	 0.000050 	 0.002117 	 0.012609
    5 	 0.000049 	 0.003078 	 0.018288
    6 	 0.000221 	 0.005234 	 0.030742
    7 	 0.000360 	 0.009509 	 0.068487
    8 	 0.000049 	 0.012343 	 0.068506
    9 	 0.004064 	 0.014873 	 0.081519
   10 	 0.004442 	 0.017947 	 0.062899
   11 	 0.000097 	 0.021325 	 0.128038
   12 	 0.002871 	 0.027193 	 0.128038
   13 	 0.000390 	 0.031833 	 0.107443
   14 	 0.008978 	 0.037620 	 0.160840
   15 	 0.000049 	 0.042218 	 0.160840
   16 	 0.006858 	 0.051728 	 0.127978
   17 	 0.000098 	 0.052757 	 0.128416
   18 	 0.000776 	 0.059435 	 0.137565
   19 	 0.000391 	 0.064812 	 0.142946
   20 	 0.000049 	 0.073185 	 0.141196
   21 	 0.000391 	 0.077389 	 0.167676
   22 	 0.010287 	 0.085040 	 0.167004
   23 	 0.009324 	 0.095426 	 0.174259
   24 	 0.009746 	 0.101935 	 0.167004
   25 	 0.013490 	 0.104632 	 0.170445
   26 	 0.000391 	 0.109411 	 0.170445
   27 	 0.000098 	 0.111221 	 0.175970
   28 	 0.000196 	 0.121199 	 0.182802
   29 	 0.001569 	 0.125107 	 0.182802
   30 	 0.000393 	 0.134865 	 0.184127
   31 	 0.001566 	 0.133670 	 0.181134
   32 	 0.000049 	 0.137085 	 0.181678
   33 	 0.000098 	 0.143133 	 0.190990
   34 	 0.000184 	 0.152461 	 0.190557
   35 	 0.000049 	 0.145055 	 0.199672
   36 	 0.000098 	 0.153386 	 0.199240
   37 	 0.009357 	 0.153091 	 0.198490
   38 	 0.000098 	 0.155533 	 0.198231
   39 	 0.001553 	 0.163436 	 0.199647
   40 	 0.009367 	 0.157080 	 0.208063
   41 	 0.000196 	 0.166811 	 0.208063
   42 	 0.000392 	 0.169337 	 0.208063
   43 	 0.000098 	 0.179969 	 0.207878
   44 	 0.001558 	 0.183681 	 0.208849
   45 	 0.000392 	 0.179156 	 0.209671
   46 	 0.012341 	 0.193774 	 0.209616
   47 	 0.000098 	 0.188219 	 0.209863
   48 	 0.000049 	 0.197584 	 0.209829
   49 	 0.013824 	 0.200236 	 0.210627
   50 	 0.000049 	 0.194086 	 0.210988
   51 	 0.012460 	 0.202942 	 0.210988
   52 	 0.000098 	 0.197178 	 0.210992
   53 	 0.000049 	 0.201611 	 0.212578
   54 	 0.000196 	 0.202984 	 0.212604
   55 	 0.000784 	 0.195054 	 0.212323
   56 	 0.009449 	 0.201743 	 0.212224
   57 	 0.000049 	 0.201718 	 0.212315
   58 	 0.006935 	 0.204217 	 0.212540
   59 	 0.006263 	 0.204447 	 0.212798
   60 	 0.003134 	 0.208870 	 0.212798
   61 	 0.012471 	 0.207392 	 0.213007
   62 	 0.019035 	 0.210382 	 0.213007
   63 	 0.012466 	 0.208995 	 0.213345
   64 	 0.013809 	 0.209143 	 0.213578
   65 	 0.000392 	 0.202906 	 0.213578
   66 	 0.000049 	 0.205840 	 0.213578
   67 	 0.009509 	 0.209540 	 0.213639
   68 	 0.000049 	 0.206705 	 0.213664
   69 	 0.000784 	 0.206320 	 0.213664
   70 	 0.000784 	 0.205166 	 0.213717
   71 	 0.000049 	 0.203335 	 0.213836
   72 	 0.018798 	 0.210172 	 0.213871
   73 	 0.000098 	 0.207445 	 0.213871
   74 	 0.013809 	 0.208322 	 0.213876
   75 	 0.000392 	 0.203241 	 0.213905
   76 	 0.000196 	 0.207171 	 0.213920
   77 	 0.003132 	 0.208953 	 0.213933
   78 	 0.000196 	 0.208518 	 0.213986
   79 	 0.000196 	 0.207755 	 0.213986
   80 	 0.000196 	 0.210710 	 0.213986
   81 	 0.000392 	 0.208203 	 0.213994
   82 	 0.000049 	 0.206224 	 0.213995
   83 	 0.018857 	 0.209526 	 0.214032
   84 	 0.012466 	 0.207034 	 0.214052
   85 	 0.000784 	 0.204646 	 0.214052
   86 	 0.000196 	 0.208867 	 0.214111
   87 	 0.003132 	 0.209453 	 0.214111
   88 	 0.000098 	 0.209057 	 0.214111
   89 	 0.006923 	 0.207662 	 0.214111
   90 	 0.000049 	 0.208413 	 0.214111
   91 	 0.000196 	 0.210450 	 0.214143
   92 	 0.000196 	 0.209064 	 0.214143
   93 	 0.000392 	 0.206955 	 0.214143
   94 	 0.006923 	 0.208533 	 0.214192
   95 	 0.009507 	 0.208613 	 0.214203
   96 	 0.024769 	 0.210216 	 0.214215
   97 	 0.018992 	 0.208665 	 0.214215
   98 	 0.003133 	 0.207824 	 0.214215
   99 	 0.000049 	 0.204319 	 0.214215
  100 	 0.000392 	 0.207656 	 0.214223
  101 	 0.000196 	 0.209631 	 0.214223
  102 	 0.013822 	 0.207694 	 0.214223
  103 	 0.000049 	 0.208672 	 0.214227
  104 	 0.006259 	 0.205813 	 0.214227
  105 	 0.000392 	 0.207437 	 0.214227
  106 	 0.003133 	 0.210348 	 0.214227
  107 	 0.006259 	 0.210994 	 0.214231
  108 	 0.000049 	 0.208054 	 0.214236
  109 	 0.000098 	 0.207414 	 0.214236
  110 	 0.000049 	 0.206047 	 0.214236
  111 	 0.000196 	 0.209187 	 0.214236
  112 	 0.000049 	 0.200452 	 0.214245
  113 	 0.001567 	 0.209658 	 0.214245
  114 	 0.000049 	 0.205433 	 0.214245
  115 	 0.000098 	 0.203963 	 0.214245
  116 	 0.009467 	 0.203331 	 0.214245
  117 	 0.000196 	 0.207306 	 0.214245
  118 	 0.000049 	 0.209629 	 0.214245
  119 	 0.003133 	 0.211494 	 0.214246
  120 	 0.000049 	 0.207356 	 0.214246
  121 	 0.000392 	 0.205023 	 0.214246
  122 	 0.000098 	 0.201519 	 0.214246
  123 	 0.009467 	 0.207106 	 0.214246
  124 	 0.000392 	 0.208794 	 0.214246
  125 	 0.000196 	 0.207204 	 0.214246
  126 	 0.006258 	 0.207142 	 0.214246
  127 	 0.000196 	 0.205965 	 0.214246
  128 	 0.003133 	 0.208853 	 0.214246
  129 	 0.000098 	 0.203656 	 0.214246
  130 	 0.000196 	 0.210415 	 0.214246
  131 	 0.027463 	 0.210555 	 0.214246
  132 	 0.009513 	 0.210288 	 0.214246
  133 	 0.006926 	 0.209289 	 0.214246
  134 	 0.000196 	 0.207129 	 0.214246
  135 	 0.018849 	 0.207096 	 0.214246
  136 	 0.000098 	 0.204714 	 0.214246
  137 	 0.000098 	 0.207339 	 0.214246
  138 	 0.000784 	 0.207521 	 0.214246
  139 	 0.000049 	 0.207402 	 0.214246
  140 	 0.000049 	 0.207119 	 0.214246
  141 	 0.000196 	 0.206264 	 0.214246
  142 	 0.000049 	 0.206703 	 0.214246
  143 	 0.000098 	 0.206953 	 0.214246
  144 	 0.000196 	 0.210377 	 0.214246
  145 	 0.037231 	 0.210299 	 0.214246
  146 	 0.000098 	 0.210307 	 0.214246
  147 	 0.000098 	 0.207991 	 0.214246
  148 	 0.001568 	 0.210806 	 0.214246
  149 	 0.009467 	 0.210140 	 0.214246
  150 	 0.000196 	 0.207349 	 0.214246
  151 	 0.000098 	 0.208031 	 0.214246
  152 	 0.000049 	 0.200960 	 0.214246
  153 	 0.000196 	 0.207823 	 0.214246
  154 	 0.000049 	 0.203393 	 0.214246
  155 	 0.000098 	 0.208517 	 0.214246
  156 	 0.000098 	 0.205631 	 0.214246
  157 	 0.001567 	 0.203539 	 0.214246
  158 	 0.000098 	 0.203502 	 0.214246
  159 	 0.006258 	 0.210315 	 0.214246
  160 	 0.009467 	 0.208571 	 0.214246
  161 	 0.006258 	 0.210302 	 0.214246
  162 	 0.000392 	 0.207542 	 0.214246
  163 	 0.000196 	 0.208249 	 0.214246
  164 	 0.003133 	 0.209727 	 0.214246
  165 	 0.019003 	 0.212282 	 0.214246
  166 	 0.000098 	 0.207393 	 0.214246
  167 	 0.000049 	 0.202701 	 0.214246
  168 	 0.000049 	 0.206628 	 0.214246
  169 	 0.001567 	 0.211228 	 0.214246
  170 	 0.016175 	 0.207675 	 0.214246
  171 	 0.006258 	 0.206333 	 0.214246
  172 	 0.000784 	 0.206875 	 0.214246
  173 	 0.000098 	 0.205601 	 0.214246
  174 	 0.001567 	 0.210113 	 0.214246
  175 	 0.009513 	 0.210340 	 0.214246
  176 	 0.000392 	 0.205844 	 0.214246
  177 	 0.009466 	 0.211768 	 0.214246
  178 	 0.000098 	 0.201254 	 0.214246
  179 	 0.000098 	 0.208391 	 0.214246
  180 	 0.000098 	 0.210272 	 0.214246
  181 	 0.000049 	 0.205229 	 0.214246
  182 	 0.000196 	 0.209722 	 0.214246
  183 	 0.000098 	 0.210042 	 0.214246
  184 	 0.001567 	 0.207981 	 0.214246
  185 	 0.001567 	 0.208148 	 0.214246
  186 	 0.000196 	 0.209316 	 0.214246
  187 	 0.003133 	 0.208773 	 0.214246
  188 	 0.003133 	 0.208372 	 0.214246
  189 	 0.000098 	 0.207838 	 0.214246
  190 	 0.000098 	 0.205368 	 0.214246
  191 	 0.000049 	 0.203752 	 0.214246
  192 	 0.003133 	 0.209394 	 0.214246
  193 	 0.001567 	 0.209317 	 0.214246
  194 	 0.013822 	 0.203973 	 0.214246
  195 	 0.013822 	 0.210336 	 0.214246
  196 	 0.000049 	 0.204216 	 0.214246
  197 	 0.000196 	 0.209134 	 0.214246
  198 	 0.000392 	 0.209364 	 0.214246
  199 	 0.000784 	 0.206142 	 0.214246
  200 	 0.006258 	 0.208535 	 0.214246
  201 	 0.000098 	 0.206007 	 0.214246
  202 	 0.019005 	 0.211262 	 0.214246
  203 	 0.000196 	 0.209449 	 0.214246
  204 	 0.053577 	 0.209558 	 0.214246
  205 	 0.000049 	 0.202328 	 0.214246
  206 	 0.000098 	 0.205744 	 0.214246
  207 	 0.000049 	 0.207327 	 0.214246
  208 	 0.000392 	 0.202660 	 0.214246
  209 	 0.000098 	 0.205622 	 0.214246
  210 	 0.000098 	 0.211082 	 0.214246
  211 	 0.006926 	 0.208677 	 0.214246
  212 	 0.000098 	 0.205280 	 0.214246
  213 	 0.000784 	 0.208597 	 0.214246
  214 	 0.000196 	 0.205861 	 0.214246
  215 	 0.001567 	 0.202743 	 0.214246
  216 	 0.000784 	 0.206672 	 0.214246
  217 	 0.000196 	 0.205881 	 0.214246
  218 	 0.000392 	 0.205736 	 0.214246
  219 	 0.012479 	 0.207260 	 0.214246
  220 	 0.003133 	 0.204381 	 0.214246
  221 	 0.000196 	 0.201734 	 0.214246
  222 	 0.027462 	 0.211077 	 0.214246
  223 	 0.009513 	 0.210826 	 0.214246
  224 	 0.018851 	 0.208365 	 0.214246
  225 	 0.000049 	 0.205782 	 0.214246
  226 	 0.006926 	 0.208333 	 0.214246
  227 	 0.000392 	 0.210310 	 0.214246
  228 	 0.006926 	 0.210463 	 0.214246
  229 	 0.012479 	 0.211989 	 0.214246
  230 	 0.000392 	 0.203900 	 0.214246
  231 	 0.000049 	 0.207637 	 0.214246
  232 	 0.001571 	 0.208472 	 0.214246
  233 	 0.000392 	 0.204684 	 0.214246
  234 	 0.009513 	 0.205814 	 0.214246
  235 	 0.001567 	 0.209140 	 0.214246
  236 	 0.000196 	 0.208368 	 0.214246
  237 	 0.000049 	 0.208634 	 0.214246
  238 	 0.053577 	 0.212436 	 0.214246
  239 	 0.000392 	 0.207878 	 0.214246
  240 	 0.000784 	 0.205668 	 0.214246
  241 	 0.043573 	 0.212415 	 0.214246
  242 	 0.006258 	 0.206827 	 0.214246
  243 	 0.001567 	 0.204875 	 0.214246
  244 	 0.000780 	 0.206977 	 0.214246
  245 	 0.000784 	 0.208113 	 0.214246
  246 	 0.009466 	 0.206689 	 0.214246
  247 	 0.000098 	 0.204968 	 0.214246
  248 	 0.001567 	 0.205494 	 0.214246
  249 	 0.000098 	 0.208833 	 0.214246
  250 	 0.024751 	 0.211174 	 0.214246
  251 	 0.003133 	 0.209006 	 0.214246
  252 	 0.124357 	 0.212397 	 0.214246
  253 	 0.018990 	 0.209653 	 0.214246
  254 	 0.000784 	 0.204899 	 0.214246
  255 	 0.000049 	 0.207892 	 0.214246
  256 	 0.000190 	 0.207610 	 0.214246
  257 	 0.000196 	 0.207720 	 0.214246
  258 	 0.000196 	 0.204785 	 0.214246
  259 	 0.000049 	 0.211184 	 0.214246
  260 	 0.003133 	 0.206758 	 0.214246
  261 	 0.012479 	 0.207466 	 0.214246
  262 	 0.000049 	 0.202449 	 0.214246
  263 	 0.000049 	 0.207343 	 0.214246
  264 	 0.000098 	 0.205650 	 0.214246
  265 	 0.000049 	 0.207290 	 0.214246
  266 	 0.000196 	 0.207728 	 0.214246
  267 	 0.000196 	 0.207113 	 0.214246
  268 	 0.000098 	 0.209102 	 0.214246
  269 	 0.027462 	 0.211866 	 0.214246
  270 	 0.009513 	 0.207382 	 0.214246
  271 	 0.003133 	 0.205846 	 0.214246
  272 	 0.000784 	 0.207381 	 0.214246
  273 	 0.000049 	 0.209689 	 0.214246
  274 	 0.006258 	 0.206816 	 0.214246
  275 	 0.000196 	 0.206335 	 0.214246
  276 	 0.018851 	 0.209359 	 0.214246
  277 	 0.000098 	 0.203588 	 0.214246
  278 	 0.006258 	 0.207497 	 0.214246
  279 	 0.001567 	 0.205487 	 0.214246
  280 	 0.006926 	 0.209655 	 0.214246
  281 	 0.001567 	 0.206588 	 0.214246
  282 	 0.072138 	 0.212157 	 0.214246
  283 	 0.000784 	 0.210308 	 0.214246
  284 	 0.000098 	 0.203263 	 0.214246
  285 	 0.000784 	 0.209663 	 0.214246
  286 	 0.001567 	 0.211491 	 0.214246
  287 	 0.000392 	 0.204632 	 0.214246
  288 	 0.000098 	 0.208375 	 0.214246
  289 	 0.000098 	 0.206875 	 0.214246
  290 	 0.000049 	 0.205812 	 0.214246
  291 	 0.000196 	 0.205863 	 0.214246
  292 	 0.000049 	 0.208639 	 0.214246
  293 	 0.000196 	 0.207580 	 0.214246
  294 	 0.000049 	 0.205578 	 0.214246
  295 	 0.003133 	 0.203685 	 0.214246
  296 	 0.000392 	 0.210854 	 0.214246
  297 	 0.003286 	 0.207082 	 0.214246
  298 	 0.018851 	 0.210472 	 0.214246
  299 	 0.000392 	 0.207851 	 0.214246
  300 	 0.000196 	 0.208453 	 0.214246
  301 	 0.000392 	 0.208206 	 0.214246
  302 	 0.012479 	 0.209792 	 0.214246
  303 	 0.009466 	 0.211719 	 0.214246
  304 	 0.000196 	 0.209387 	 0.214246
  305 	 0.005009 	 0.206256 	 0.214246
  306 	 0.000392 	 0.205029 	 0.214246
  307 	 0.009466 	 0.207758 	 0.214246
  308 	 0.001567 	 0.209435 	 0.214246
  309 	 0.008367 	 0.209928 	 0.214246
  310 	 0.000392 	 0.203432 	 0.214246
  311 	 0.000049 	 0.202134 	 0.214246
  312 	 0.000392 	 0.205182 	 0.214246
  313 	 0.009513 	 0.206412 	 0.214246
  314 	 0.000196 	 0.207904 	 0.214246
  315 	 0.006926 	 0.208948 	 0.214246
  316 	 0.000196 	 0.204853 	 0.214246
  317 	 0.009513 	 0.207934 	 0.214246
  318 	 0.000392 	 0.203374 	 0.214246
  319 	 0.000392 	 0.206327 	 0.214246
  320 	 0.006258 	 0.205884 	 0.214246
  321 	 0.000784 	 0.207310 	 0.214246
  322 	 0.000784 	 0.210436 	 0.214246
  323 	 0.000803 	 0.208936 	 0.214246
  324 	 0.000049 	 0.209067 	 0.214246
  325 	 0.000098 	 0.204578 	 0.214246
  326 	 0.013822 	 0.210330 	 0.214246
  327 	 0.000049 	 0.208868 	 0.214246
  328 	 0.012479 	 0.207148 	 0.214246
  329 	 0.006258 	 0.210184 	 0.214246
  330 	 0.000784 	 0.205018 	 0.214246
  331 	 0.027462 	 0.208730 	 0.214246
  332 	 0.000196 	 0.206305 	 0.214246
  333 	 0.000098 	 0.205976 	 0.214246
  334 	 0.006258 	 0.204081 	 0.214246
  335 	 0.000049 	 0.202701 	 0.214246
  336 	 0.000196 	 0.206215 	 0.214246
  337 	 0.000049 	 0.205933 	 0.214246
  338 	 0.000098 	 0.209433 	 0.214246
  339 	 0.000098 	 0.209155 	 0.214246
  340 	 0.009513 	 0.210375 	 0.214246
  341 	 0.012480 	 0.210327 	 0.214246
  342 	 0.000784 	 0.203781 	 0.214246
  343 	 0.006926 	 0.208628 	 0.214246
  344 	 0.000049 	 0.208648 	 0.214246
  345 	 0.009466 	 0.203476 	 0.214246
  346 	 0.000392 	 0.211650 	 0.214246
  347 	 0.000196 	 0.203196 	 0.214246
  348 	 0.000049 	 0.208918 	 0.214246
  349 	 0.001567 	 0.209512 	 0.214246
  350 	 0.001567 	 0.205578 	 0.214246
  351 	 0.000098 	 0.205411 	 0.214246
  352 	 0.006258 	 0.207239 	 0.214246
  353 	 0.000049 	 0.210013 	 0.214246
  354 	 0.000196 	 0.205213 	 0.214246
  355 	 0.000098 	 0.207701 	 0.214246
  356 	 0.000098 	 0.209602 	 0.214246
  357 	 0.000049 	 0.207719 	 0.214246
  358 	 0.009513 	 0.209896 	 0.214246
  359 	 0.000196 	 0.204866 	 0.214246
  360 	 0.000098 	 0.208010 	 0.214246
  361 	 0.000196 	 0.200086 	 0.214246
  362 	 0.001567 	 0.208542 	 0.214246
  363 	 0.003133 	 0.210170 	 0.214246
  364 	 0.000196 	 0.206048 	 0.214246
  365 	 0.000049 	 0.210112 	 0.214246
  366 	 0.000196 	 0.205474 	 0.214246
  367 	 0.009513 	 0.207688 	 0.214246
  368 	 0.000098 	 0.208190 	 0.214246
  369 	 0.009466 	 0.209809 	 0.214246
  370 	 0.003096 	 0.209915 	 0.214246
  371 	 0.000049 	 0.208844 	 0.214246
  372 	 0.009466 	 0.208870 	 0.214246
  373 	 0.000196 	 0.206848 	 0.214246
  374 	 0.009466 	 0.209218 	 0.214246
  375 	 0.000049 	 0.203211 	 0.214246
  376 	 0.000049 	 0.204760 	 0.214246
  377 	 0.003133 	 0.206329 	 0.214246
  378 	 0.000049 	 0.208235 	 0.214246
  379 	 0.000196 	 0.208299 	 0.214246
  380 	 0.000049 	 0.210010 	 0.214246
  381 	 0.000196 	 0.204956 	 0.214246
  382 	 0.003133 	 0.211623 	 0.214246
  383 	 0.012479 	 0.210236 	 0.214246
  384 	 0.000049 	 0.206330 	 0.214246
  385 	 0.000049 	 0.205733 	 0.214246
  386 	 0.006926 	 0.210617 	 0.214246
  387 	 0.000049 	 0.203195 	 0.214246
  388 	 0.000049 	 0.208367 	 0.214246
  389 	 0.000392 	 0.209727 	 0.214246
  390 	 0.000196 	 0.206335 	 0.214246
  391 	 0.000049 	 0.206701 	 0.214246
  392 	 0.001567 	 0.207218 	 0.214246
  393 	 0.000049 	 0.207361 	 0.214246
  394 	 0.006926 	 0.207387 	 0.214246
  395 	 0.000392 	 0.208931 	 0.214246
  396 	 0.019005 	 0.209377 	 0.214246
  397 	 0.037237 	 0.208690 	 0.214246
  398 	 0.003133 	 0.206125 	 0.214246
  399 	 0.001567 	 0.209283 	 0.214246
  400 	 0.001567 	 0.204119 	 0.214246
  401 	 0.003133 	 0.207330 	 0.214246
  402 	 0.138096 	 0.212257 	 0.214246
  403 	 0.000049 	 0.207485 	 0.214246
  404 	 0.009466 	 0.204879 	 0.214246
  405 	 0.000098 	 0.209104 	 0.214246
  406 	 0.000196 	 0.206016 	 0.214246
  407 	 0.049492 	 0.211362 	 0.214246
  408 	 0.000049 	 0.207746 	 0.214246
  409 	 0.000392 	 0.205573 	 0.214246
  410 	 0.000784 	 0.208497 	 0.214246
  411 	 0.009466 	 0.210686 	 0.214246
  412 	 0.000196 	 0.207460 	 0.214246
  413 	 0.000098 	 0.208570 	 0.214246
  414 	 0.000784 	 0.208883 	 0.214246
  415 	 0.000049 	 0.202846 	 0.214246
  416 	 0.000049 	 0.206480 	 0.214246
  417 	 0.000196 	 0.206854 	 0.214246
  418 	 0.003133 	 0.207811 	 0.214246
  419 	 0.000049 	 0.208339 	 0.214246
  420 	 0.001567 	 0.207586 	 0.214246
  421 	 0.000049 	 0.204264 	 0.214246
  422 	 0.006926 	 0.209616 	 0.214246
  423 	 0.006926 	 0.209723 	 0.214246
  424 	 0.000098 	 0.206240 	 0.214246
  425 	 0.000196 	 0.206302 	 0.214246
  426 	 0.001567 	 0.204480 	 0.214246
  427 	 0.000049 	 0.210972 	 0.214246
  428 	 0.000392 	 0.208508 	 0.214246
  429 	 0.000098 	 0.201761 	 0.214246
  430 	 0.001567 	 0.207749 	 0.214246
  431 	 0.000049 	 0.206912 	 0.214246
  432 	 0.006258 	 0.209171 	 0.214246
  433 	 0.001567 	 0.207405 	 0.214246
  434 	 0.037432 	 0.210436 	 0.214246
  435 	 0.006258 	 0.210736 	 0.214246
  436 	 0.000392 	 0.205219 	 0.214246
  437 	 0.006926 	 0.208027 	 0.214246
  438 	 0.024751 	 0.209152 	 0.214246
  439 	 0.037615 	 0.212781 	 0.214246
  440 	 0.000392 	 0.204541 	 0.214246
  441 	 0.138047 	 0.212187 	 0.214246
  442 	 0.000098 	 0.208131 	 0.214246
  443 	 0.000784 	 0.209338 	 0.214246
  444 	 0.001567 	 0.205473 	 0.214246
  445 	 0.006258 	 0.205931 	 0.214246
  446 	 0.027462 	 0.211004 	 0.214246
  447 	 0.000049 	 0.202977 	 0.214246
  448 	 0.000098 	 0.209347 	 0.214246
  449 	 0.000049 	 0.204707 	 0.214246
  450 	 0.003133 	 0.208447 	 0.214246
  451 	 0.000392 	 0.204566 	 0.214246
  452 	 0.000049 	 0.206334 	 0.214246
  453 	 0.000049 	 0.209292 	 0.214246
  454 	 0.000098 	 0.209833 	 0.214246
  455 	 0.000049 	 0.204082 	 0.214246
  456 	 0.000392 	 0.206165 	 0.214246
  457 	 0.000392 	 0.201189 	 0.214246
  458 	 0.000049 	 0.210280 	 0.214246
  459 	 0.000098 	 0.206761 	 0.214246
  460 	 0.000098 	 0.208872 	 0.214246
  461 	 0.006926 	 0.209422 	 0.214246
  462 	 0.009513 	 0.211530 	 0.214246
  463 	 0.000392 	 0.207128 	 0.214246
  464 	 0.000049 	 0.205563 	 0.214246
  465 	 0.000049 	 0.209096 	 0.214246
  466 	 0.006926 	 0.209512 	 0.214246
  467 	 0.009513 	 0.209894 	 0.214246
  468 	 0.006258 	 0.204725 	 0.214246
  469 	 0.000098 	 0.203821 	 0.214246
  470 	 0.003133 	 0.210994 	 0.214246
  471 	 0.000049 	 0.207815 	 0.214246
  472 	 0.000392 	 0.205624 	 0.214246
  473 	 0.000049 	 0.205303 	 0.214246
  474 	 0.000784 	 0.206901 	 0.214246
  475 	 0.009466 	 0.208333 	 0.214246
  476 	 0.000392 	 0.209679 	 0.214246
  477 	 0.000196 	 0.203599 	 0.214246
  478 	 0.000049 	 0.209214 	 0.214246
  479 	 0.000049 	 0.206783 	 0.214246
  480 	 0.045255 	 0.212486 	 0.214246
  481 	 0.006258 	 0.207311 	 0.214246
  482 	 0.003133 	 0.210017 	 0.214246
  483 	 0.000049 	 0.205866 	 0.214246
  484 	 0.000401 	 0.208474 	 0.214246
  485 	 0.000049 	 0.207420 	 0.214246
  486 	 0.000196 	 0.207136 	 0.214246
  487 	 0.006258 	 0.203325 	 0.214246
  488 	 0.000196 	 0.211071 	 0.214246
  489 	 0.001567 	 0.203544 	 0.214246
  490 	 0.000392 	 0.205881 	 0.214246
  491 	 0.000049 	 0.202572 	 0.214246
  492 	 0.000784 	 0.208860 	 0.214246
  493 	 0.000098 	 0.205881 	 0.214246
  494 	 0.000098 	 0.209034 	 0.214246
  495 	 0.000049 	 0.206690 	 0.214246
  496 	 0.006926 	 0.207406 	 0.214246
  497 	 0.000196 	 0.204029 	 0.214246
  498 	 0.000392 	 0.207460 	 0.214246
  499 	 0.006926 	 0.212032 	 0.214246
 