   0 	 0.000049 	 0.000259 	 0.006334
    1 	 0.000054 	 0.000435 	 0.007243
    2 	 0.000053 	 0.000676 	 0.009665
    3 	 0.000050 	 0.001095 	 0.019476
    4 	 0.000051 	 0.001792 	 0.018884
    5 	 0.000051 	 0.002859 	 0.019458
    6 	 0.000050 	 0.003965 	 0.020419
    7 	 0.000049 	 0.006263 	 0.020879
    8 	 0.000391 	 0.008570 	 0.020882
    9 	 0.003297 	 0.011094 	 0.039856
   10 	 0.000810 	 0.012987 	 0.043524
   11 	 0.000049 	 0.014327 	 0.043524
   12 	 0.000195 	 0.017084 	 0.043076
   13 	 0.000098 	 0.018897 	 0.043076
   14 	 0.000049 	 0.020456 	 0.045487
   15 	 0.000389 	 0.022487 	 0.045522
   16 	 0.000390 	 0.023881 	 0.045189
   17 	 0.008030 	 0.025646 	 0.046810
   18 	 0.000098 	 0.027133 	 0.049284
   19 	 0.000196 	 0.028858 	 0.049284
   20 	 0.000778 	 0.030028 	 0.055476
   21 	 0.010388 	 0.033444 	 0.055476
   22 	 0.000098 	 0.036717 	 0.056331
   23 	 0.000049 	 0.038455 	 0.078450
   24 	 0.005808 	 0.040830 	 0.078450
   25 	 0.000196 	 0.041668 	 0.080449
   26 	 0.000098 	 0.039784 	 0.078136
   27 	 0.003105 	 0.042520 	 0.078136
   28 	 0.000390 	 0.042974 	 0.080146
   29 	 0.000049 	 0.042981 	 0.078136
   30 	 0.000049 	 0.046753 	 0.080344
   31 	 0.000049 	 0.045744 	 0.078676
   32 	 0.003132 	 0.046591 	 0.084623
   33 	 0.006558 	 0.048398 	 0.084620
   34 	 0.000049 	 0.050326 	 0.084089
   35 	 0.000049 	 0.051143 	 0.084089
   36 	 0.000197 	 0.053059 	 0.083053
   37 	 0.000784 	 0.053315 	 0.060043
   38 	 0.000049 	 0.054109 	 0.058667
   39 	 0.006203 	 0.055988 	 0.058679
   40 	 0.000783 	 0.055474 	 0.059124
   41 	 0.000049 	 0.055581 	 0.059157
   42 	 0.009639 	 0.056298 	 0.059443
   43 	 0.000784 	 0.056550 	 0.059464
   44 	 0.006961 	 0.055766 	 0.059464
   45 	 0.003128 	 0.055562 	 0.059706
   46 	 0.000098 	 0.057796 	 0.059704
   47 	 0.000392 	 0.055180 	 0.059835
   48 	 0.000098 	 0.055849 	 0.060261
   49 	 0.000392 	 0.056853 	 0.060029
   50 	 0.000049 	 0.058327 	 0.060358
   51 	 0.000784 	 0.058608 	 0.060461
   52 	 0.000392 	 0.058978 	 0.060585
   53 	 0.007218 	 0.058641 	 0.060585
   54 	 0.000098 	 0.058312 	 0.060524
   55 	 0.000098 	 0.059058 	 0.060843
   56 	 0.000783 	 0.058427 	 0.060891
   57 	 0.000098 	 0.059626 	 0.060891
   58 	 0.000049 	 0.059410 	 0.060967
   59 	 0.012472 	 0.059453 	 0.060967
   60 	 0.007152 	 0.058888 	 0.061042
   61 	 0.009681 	 0.060081 	 0.061065
   62 	 0.009501 	 0.059890 	 0.061084
   63 	 0.006200 	 0.060168 	 0.061099
   64 	 0.000049 	 0.058969 	 0.061189
   65 	 0.007189 	 0.060143 	 0.061223
   66 	 0.001565 	 0.059633 	 0.061311
   67 	 0.000049 	 0.059224 	 0.061330
   68 	 0.000098 	 0.059930 	 0.061330
   69 	 0.046849 	 0.060879 	 0.061340
   70 	 0.000049 	 0.059643 	 0.061343
   71 	 0.000395 	 0.060746 	 0.061528
   72 	 0.000049 	 0.060252 	 0.061527
   73 	 0.000049 	 0.060151 	 0.061528
   74 	 0.000196 	 0.060477 	 0.061610
   75 	 0.000098 	 0.059383 	 0.061614
   76 	 0.000392 	 0.060213 	 0.061614
   77 	 0.003141 	 0.060364 	 0.061612
   78 	 0.000049 	 0.060608 	 0.061653
   79 	 0.000098 	 0.059313 	 0.061660
   80 	 0.000785 	 0.059509 	 0.061660
   81 	 0.000098 	 0.060500 	 0.061791
   82 	 0.060218 	 0.061605 	 0.061871
   83 	 0.000196 	 0.060836 	 0.061883
   84 	 0.000049 	 0.060084 	 0.061907
   85 	 0.000784 	 0.060721 	 0.061938
   86 	 0.006250 	 0.061121 	 0.061938
   87 	 0.000098 	 0.059880 	 0.061942
   88 	 0.007227 	 0.060988 	 0.062082
   89 	 0.000098 	 0.060180 	 0.062222
   90 	 0.009262 	 0.060668 	 0.062015
   91 	 0.029867 	 0.061713 	 0.062034
   92 	 0.000098 	 0.059289 	 0.062031
   93 	 0.001568 	 0.060712 	 0.062145
   94 	 0.000098 	 0.061316 	 0.062081
   95 	 0.000098 	 0.059580 	 0.062081
   96 	 0.000098 	 0.061298 	 0.062102
   97 	 0.000049 	 0.060217 	 0.062105
   98 	 0.012200 	 0.061525 	 0.062327
   99 	 0.009544 	 0.061510 	 0.062382
  100 	 0.000196 	 0.060216 	 0.062382
  101 	 0.000098 	 0.061330 	 0.062382
  102 	 0.000049 	 0.060089 	 0.062386
  103 	 0.009079 	 0.061720 	 0.062390
  104 	 0.000196 	 0.060497 	 0.062386
  105 	 0.000783 	 0.061075 	 0.062391
  106 	 0.009179 	 0.061116 	 0.062391
  107 	 0.000783 	 0.061720 	 0.062391
  108 	 0.001565 	 0.060693 	 0.062392
  109 	 0.012665 	 0.062042 	 0.062395
  110 	 0.000783 	 0.061368 	 0.062401
  111 	 0.000049 	 0.060188 	 0.062443
  112 	 0.000098 	 0.060525 	 0.062443
  113 	 0.000783 	 0.061756 	 0.062445
  114 	 0.001565 	 0.061489 	 0.062445
  115 	 0.048637 	 0.062172 	 0.062467
  116 	 0.000049 	 0.061646 	 0.062467
  117 	 0.000050 	 0.060526 	 0.062467
  118 	 0.018106 	 0.061843 	 0.062823
  119 	 0.001565 	 0.060721 	 0.062831
  120 	 0.000098 	 0.060791 	 0.062833
  121 	 0.018790 	 0.061587 	 0.062843
  122 	 0.000783 	 0.061480 	 0.062843
  123 	 0.000098 	 0.061170 	 0.062843
  124 	 0.000196 	 0.060892 	 0.062843
  125 	 0.018762 	 0.062070 	 0.062843
  126 	 0.000098 	 0.061077 	 0.062843
  127 	 0.000196 	 0.061898 	 0.062856
  128 	 0.000049 	 0.061407 	 0.062856
  129 	 0.001568 	 0.061453 	 0.062868
  130 	 0.000196 	 0.061041 	 0.062868
  131 	 0.000784 	 0.061857 	 0.062868
  132 	 0.000049 	 0.060986 	 0.062875
  133 	 0.034848 	 0.062455 	 0.062873
  134 	 0.001567 	 0.062297 	 0.062875
  135 	 0.000049 	 0.060793 	 0.062875
  136 	 0.000098 	 0.061553 	 0.062875
  137 	 0.001568 	 0.061601 	 0.062875
  138 	 0.012319 	 0.062157 	 0.062879
  139 	 0.000049 	 0.061683 	 0.062884
  140 	 0.007209 	 0.062484 	 0.062884
  141 	 0.003131 	 0.062003 	 0.062886
  142 	 0.000049 	 0.060822 	 0.062886
  143 	 0.000098 	 0.061828 	 0.062886
  144 	 0.000098 	 0.061373 	 0.062888
  145 	 0.000392 	 0.061888 	 0.062886
  146 	 0.000098 	 0.061117 	 0.062886
  147 	 0.003131 	 0.061924 	 0.062887
  148 	 0.000261 	 0.062046 	 0.062887
  149 	 0.032198 	 0.062475 	 0.062890
  150 	 0.007201 	 0.062095 	 0.062887
  151 	 0.000784 	 0.061738 	 0.062887
  152 	 0.000098 	 0.061648 	 0.062890
  153 	 0.000049 	 0.062312 	 0.062890
  154 	 0.003132 	 0.061730 	 0.062890
  155 	 0.000098 	 0.061367 	 0.062890
  156 	 0.000392 	 0.061248 	 0.062891
  157 	 0.000392 	 0.060738 	 0.062891
  158 	 0.047910 	 0.062726 	 0.062891
  159 	 0.000049 	 0.061132 	 0.062891
  160 	 0.031518 	 0.062659 	 0.062891
  161 	 0.000392 	 0.062014 	 0.062891
  162 	 0.000784 	 0.062331 	 0.062891
  163 	 0.006241 	 0.061722 	 0.062891
  164 	 0.000049 	 0.060899 	 0.062891
  165 	 0.012301 	 0.062201 	 0.062891
  166 	 0.003132 	 0.061999 	 0.062891
  167 	 0.000392 	 0.062016 	 0.062891
  168 	 0.000392 	 0.061715 	 0.062891
  169 	 0.000196 	 0.061433 	 0.062891
  170 	 0.012544 	 0.062431 	 0.062891
  171 	 0.000098 	 0.061875 	 0.062891
  172 	 0.006241 	 0.061632 	 0.062891
  173 	 0.000196 	 0.060701 	 0.062891
  174 	 0.000098 	 0.060751 	 0.062891
  175 	 0.000049 	 0.061538 	 0.062891
  176 	 0.000196 	 0.061441 	 0.062891
  177 	 0.000392 	 0.061315 	 0.062891
  178 	 0.001567 	 0.061956 	 0.062891
  179 	 0.047918 	 0.062484 	 0.062891
  180 	 0.007199 	 0.062069 	 0.062891
  181 	 0.000049 	 0.061017 	 0.062891
  182 	 0.000196 	 0.062352 	 0.062891
  183 	 0.003132 	 0.061725 	 0.062891
  184 	 0.000049 	 0.061386 	 0.062891
  185 	 0.000784 	 0.061756 	 0.062891
  186 	 0.000049 	 0.062269 	 0.062891
  187 	 0.000098 	 0.061642 	 0.062891
  188 	 0.003132 	 0.062278 	 0.062891
  189 	 0.000098 	 0.061541 	 0.062891
  190 	 0.000098 	 0.060964 	 0.062891
  191 	 0.000049 	 0.061010 	 0.062891
  192 	 0.018490 	 0.061986 	 0.062891
  193 	 0.018110 	 0.061944 	 0.062891
  194 	 0.000196 	 0.061181 	 0.062891
  195 	 0.006240 	 0.062180 	 0.062891
  196 	 0.006233 	 0.061564 	 0.062891
  197 	 0.023299 	 0.062078 	 0.062891
  198 	 0.000196 	 0.061507 	 0.062891
  199 	 0.000196 	 0.061912 	 0.062891
  200 	 0.000392 	 0.062018 	 0.062891
  201 	 0.001567 	 0.062412 	 0.062891
  202 	 0.000784 	 0.061433 	 0.062891
  203 	 0.000196 	 0.061625 	 0.062891
  204 	 0.000049 	 0.061599 	 0.062891
  205 	 0.001567 	 0.061888 	 0.062891
  206 	 0.000065 	 0.061929 	 0.062891
  207 	 0.000049 	 0.061475 	 0.062891
  208 	 0.001567 	 0.061689 	 0.062891
  209 	 0.018110 	 0.062267 	 0.062891
  210 	 0.000784 	 0.061910 	 0.062891
  211 	 0.003132 	 0.060879 	 0.062891
  212 	 0.001567 	 0.061800 	 0.062891
  213 	 0.000098 	 0.061846 	 0.062891
  214 	 0.000098 	 0.061013 	 0.062891
  215 	 0.000098 	 0.061431 	 0.062891
  216 	 0.000196 	 0.061545 	 0.062891
  217 	 0.000784 	 0.062087 	 0.062891
  218 	 0.000196 	 0.059765 	 0.062891
  219 	 0.001567 	 0.061926 	 0.062891
  220 	 0.000196 	 0.061464 	 0.062891
  221 	 0.001567 	 0.062062 	 0.062891
  222 	 0.000049 	 0.061211 	 0.062891
  223 	 0.000392 	 0.062193 	 0.062891
  224 	 0.000194 	 0.061307 	 0.062891
  225 	 0.000196 	 0.061618 	 0.062891
  226 	 0.006240 	 0.062526 	 0.062891
  227 	 0.047357 	 0.062617 	 0.062891
  228 	 0.001567 	 0.061681 	 0.062891
  229 	 0.000196 	 0.061235 	 0.062891
  230 	 0.006240 	 0.061197 	 0.062891
  231 	 0.000049 	 0.061491 	 0.062891
  232 	 0.000392 	 0.062049 	 0.062891
  233 	 0.000098 	 0.061531 	 0.062891
  234 	 0.007199 	 0.061916 	 0.062891
  235 	 0.003133 	 0.062089 	 0.062891
  236 	 0.003132 	 0.061731 	 0.062891
  237 	 0.000049 	 0.060607 	 0.062891
  238 	 0.000098 	 0.060975 	 0.062891
  239 	 0.000196 	 0.061346 	 0.062891
  240 	 0.000049 	 0.061787 	 0.062891
  241 	 0.000098 	 0.061803 	 0.062891
  242 	 0.000098 	 0.062403 	 0.062891
  243 	 0.047918 	 0.062663 	 0.062891
  244 	 0.000196 	 0.060614 	 0.062891
  245 	 0.018490 	 0.062472 	 0.062891
  246 	 0.000049 	 0.061134 	 0.062891
  247 	 0.006240 	 0.061519 	 0.062891
  248 	 0.000392 	 0.061716 	 0.062891
  249 	 0.000392 	 0.062243 	 0.062891
  250 	 0.007228 	 0.062173 	 0.062891
  251 	 0.000098 	 0.061496 	 0.062891
  252 	 0.000049 	 0.060992 	 0.062891
  253 	 0.000784 	 0.061380 	 0.062891
  254 	 0.000196 	 0.060607 	 0.062891
  255 	 0.000392 	 0.061196 	 0.062891
  256 	 0.000196 	 0.061181 	 0.062891
  257 	 0.000196 	 0.061437 	 0.062891
  258 	 0.018110 	 0.061993 	 0.062891
  259 	 0.000392 	 0.060983 	 0.062891
  260 	 0.000098 	 0.061591 	 0.062891
  261 	 0.006240 	 0.061058 	 0.062891
  262 	 0.003132 	 0.062072 	 0.062891
  263 	 0.000098 	 0.061038 	 0.062891
  264 	 0.000784 	 0.062015 	 0.062891
  265 	 0.000196 	 0.061596 	 0.062891
  266 	 0.000049 	 0.061592 	 0.062891
  267 	 0.006240 	 0.061125 	 0.062891
  268 	 0.000049 	 0.061955 	 0.062891
  269 	 0.001567 	 0.061958 	 0.062891
  270 	 0.000049 	 0.062055 	 0.062891
  271 	 0.000196 	 0.060898 	 0.062891
  272 	 0.006240 	 0.061033 	 0.062891
  273 	 0.000098 	 0.061385 	 0.062891
  274 	 0.000784 	 0.061920 	 0.062891
  275 	 0.001567 	 0.061431 	 0.062891
  276 	 0.000098 	 0.061439 	 0.062891
  277 	 0.000196 	 0.061713 	 0.062891
  278 	 0.003132 	 0.062096 	 0.062891
  279 	 0.000196 	 0.060773 	 0.062891
  280 	 0.009456 	 0.061735 	 0.062891
  281 	 0.000392 	 0.061549 	 0.062891
  282 	 0.000196 	 0.061362 	 0.062891
  283 	 0.000049 	 0.060488 	 0.062891
  284 	 0.009273 	 0.061866 	 0.062891
  285 	 0.000049 	 0.061447 	 0.062891
  286 	 0.030042 	 0.062503 	 0.062891
  287 	 0.000784 	 0.062263 	 0.062891
  288 	 0.000049 	 0.060664 	 0.062891
  289 	 0.000196 	 0.061600 	 0.062891
  290 	 0.000098 	 0.061187 	 0.062891
  291 	 0.000098 	 0.062034 	 0.062891
  292 	 0.006240 	 0.061485 	 0.062891
  293 	 0.018110 	 0.062182 	 0.062891
  294 	 0.000784 	 0.061815 	 0.062891
  295 	 0.000049 	 0.061977 	 0.062891
  296 	 0.047357 	 0.062563 	 0.062891
  297 	 0.032968 	 0.062697 	 0.062891
  298 	 0.000049 	 0.060965 	 0.062891
  299 	 0.000049 	 0.061935 	 0.062891
  300 	 0.003132 	 0.061397 	 0.062891
  301 	 0.000049 	 0.062010 	 0.062891
  302 	 0.001567 	 0.062492 	 0.062891
  303 	 0.000049 	 0.061319 	 0.062891
  304 	 0.000196 	 0.061702 	 0.062891
  305 	 0.009456 	 0.062370 	 0.062891
  306 	 0.000049 	 0.061932 	 0.062891
  307 	 0.032968 	 0.062527 	 0.062891
  308 	 0.003132 	 0.061843 	 0.062891
  309 	 0.023299 	 0.061946 	 0.062891
  310 	 0.000049 	 0.060299 	 0.062891
  311 	 0.007200 	 0.062380 	 0.062891
  312 	 0.000196 	 0.061965 	 0.062891
  313 	 0.012545 	 0.061900 	 0.062891
  314 	 0.000784 	 0.061770 	 0.062891
  315 	 0.000784 	 0.061871 	 0.062891
  316 	 0.000196 	 0.061739 	 0.062891
  317 	 0.001567 	 0.061423 	 0.062891
  318 	 0.000196 	 0.061892 	 0.062891
  319 	 0.000784 	 0.062255 	 0.062891
  320 	 0.001567 	 0.061460 	 0.062891
  321 	 0.001567 	 0.060881 	 0.062891
  322 	 0.001567 	 0.061798 	 0.062891
  323 	 0.000049 	 0.061512 	 0.062891
  324 	 0.003132 	 0.061229 	 0.062891
  325 	 0.003132 	 0.062282 	 0.062891
  326 	 0.001567 	 0.062147 	 0.062891
  327 	 0.018110 	 0.061887 	 0.062891
  328 	 0.000049 	 0.061843 	 0.062891
  329 	 0.000196 	 0.061021 	 0.062891
  330 	 0.000196 	 0.062163 	 0.062891
  331 	 0.000392 	 0.061262 	 0.062891
  332 	 0.000049 	 0.060982 	 0.062891
  333 	 0.012301 	 0.061800 	 0.062891
  334 	 0.000196 	 0.061626 	 0.062891
  335 	 0.000391 	 0.061832 	 0.062891
  336 	 0.012301 	 0.062061 	 0.062891
  337 	 0.000196 	 0.060830 	 0.062891
  338 	 0.009273 	 0.061840 	 0.062891
  339 	 0.000196 	 0.061688 	 0.062891
  340 	 0.007199 	 0.061896 	 0.062891
  341 	 0.000049 	 0.060884 	 0.062891
  342 	 0.007890 	 0.061739 	 0.062891
  343 	 0.006240 	 0.061904 	 0.062891
  344 	 0.000049 	 0.061434 	 0.062891
  345 	 0.000098 	 0.062203 	 0.062891
  346 	 0.000784 	 0.062238 	 0.062891
  347 	 0.009273 	 0.062081 	 0.062891
  348 	 0.000098 	 0.061364 	 0.062891
  349 	 0.000049 	 0.061097 	 0.062891
  350 	 0.000196 	 0.061460 	 0.062891
  351 	 0.001567 	 0.061685 	 0.062891
  352 	 0.000049 	 0.060816 	 0.062891
  353 	 0.000098 	 0.062014 	 0.062891
  354 	 0.000098 	 0.061224 	 0.062891
  355 	 0.007199 	 0.061669 	 0.062891
  356 	 0.000049 	 0.061231 	 0.062891
  357 	 0.000784 	 0.061968 	 0.062891
  358 	 0.012545 	 0.062198 	 0.062891
  359 	 0.000784 	 0.060848 	 0.062891
  360 	 0.001567 	 0.061266 	 0.062891
  361 	 0.000049 	 0.060913 	 0.062891
  362 	 0.001567 	 0.061867 	 0.062891
  363 	 0.000784 	 0.061522 	 0.062891
  364 	 0.032234 	 0.062473 	 0.062891
  365 	 0.000392 	 0.061326 	 0.062891
  366 	 0.000049 	 0.061913 	 0.062891
  367 	 0.000392 	 0.061022 	 0.062891
  368 	 0.006240 	 0.061644 	 0.062891
  369 	 0.000196 	 0.061423 	 0.062891
  370 	 0.000049 	 0.061614 	 0.062891
  371 	 0.000098 	 0.060679 	 0.062891
  372 	 0.000392 	 0.062057 	 0.062891
  373 	 0.023299 	 0.062507 	 0.062891
  374 	 0.003132 	 0.061434 	 0.062891
  375 	 0.003132 	 0.061916 	 0.062891
  376 	 0.009456 	 0.061691 	 0.062891
  377 	 0.000777 	 0.062500 	 0.062891
  378 	 0.000392 	 0.061667 	 0.062891
  379 	 0.000196 	 0.061511 	 0.062891
  380 	 0.000098 	 0.061660 	 0.062891
  381 	 0.000049 	 0.062063 	 0.062891
  382 	 0.000049 	 0.061423 	 0.062891
  383 	 0.000784 	 0.061961 	 0.062891
  384 	 0.003132 	 0.061510 	 0.062891
  385 	 0.001567 	 0.061969 	 0.062891
  386 	 0.000392 	 0.061715 	 0.062891
  387 	 0.000196 	 0.062000 	 0.062891
  388 	 0.000049 	 0.061229 	 0.062891
  389 	 0.000196 	 0.062022 	 0.062891
  390 	 0.003132 	 0.061429 	 0.062891
  391 	 0.000098 	 0.061930 	 0.062891
  392 	 0.000196 	 0.061286 	 0.062891
  393 	 0.000049 	 0.061158 	 0.062891
  394 	 0.000049 	 0.060645 	 0.062891
  395 	 0.000098 	 0.061289 	 0.062891
  396 	 0.000049 	 0.060543 	 0.062891
  397 	 0.000784 	 0.061566 	 0.062891
  398 	 0.009273 	 0.061550 	 0.062891
  399 	 0.000392 	 0.062181 	 0.062891
  400 	 0.000784 	 0.061570 	 0.062891
  401 	 0.001567 	 0.061713 	 0.062891
  402 	 0.000196 	 0.061871 	 0.062891
  403 	 0.000196 	 0.061000 	 0.062891
  404 	 0.000098 	 0.061311 	 0.062891
  405 	 0.011179 	 0.062554 	 0.062891
  406 	 0.000196 	 0.061398 	 0.062891
  407 	 0.000098 	 0.061062 	 0.062891
  408 	 0.006240 	 0.061697 	 0.062891
  409 	 0.007199 	 0.061734 	 0.062891
  410 	 0.000196 	 0.060973 	 0.062891
  411 	 0.000392 	 0.061329 	 0.062891
  412 	 0.006240 	 0.061512 	 0.062891
  413 	 0.007199 	 0.062081 	 0.062891
  414 	 0.000784 	 0.061508 	 0.062891
  415 	 0.000392 	 0.061106 	 0.062891
  416 	 0.012545 	 0.062153 	 0.062891
  417 	 0.009456 	 0.061322 	 0.062891
  418 	 0.000098 	 0.061672 	 0.062891
  419 	 0.012301 	 0.062048 	 0.062891
  420 	 0.000196 	 0.061728 	 0.062891
  421 	 0.000392 	 0.061636 	 0.062891
  422 	 0.007199 	 0.061940 	 0.062891
  423 	 0.000196 	 0.061264 	 0.062891
  424 	 0.000196 	 0.061174 	 0.062891
  425 	 0.000196 	 0.060511 	 0.062891
  426 	 0.000392 	 0.061381 	 0.062891
  427 	 0.000049 	 0.062020 	 0.062891
  428 	 0.000392 	 0.060921 	 0.062891
  429 	 0.000098 	 0.061550 	 0.062891
  430 	 0.009273 	 0.061460 	 0.062891
  431 	 0.000098 	 0.061381 	 0.062891
  432 	 0.000049 	 0.061097 	 0.062891
  433 	 0.000784 	 0.061664 	 0.062891
  434 	 0.009456 	 0.061732 	 0.062891
  435 	 0.000392 	 0.061907 	 0.062891
  436 	 0.000098 	 0.060421 	 0.062891
  437 	 0.006240 	 0.062100 	 0.062891
  438 	 0.000392 	 0.061711 	 0.062891
  439 	 0.000098 	 0.061646 	 0.062891
  440 	 0.000098 	 0.061309 	 0.062891
  441 	 0.000098 	 0.061286 	 0.062891
  442 	 0.000098 	 0.061612 	 0.062891
  443 	 0.006240 	 0.061879 	 0.062891
  444 	 0.000196 	 0.062119 	 0.062891
  445 	 0.000392 	 0.061675 	 0.062891
  446 	 0.000049 	 0.061011 	 0.062891
  447 	 0.018110 	 0.062331 	 0.062891
  448 	 0.000098 	 0.060590 	 0.062891
  449 	 0.000049 	 0.060897 	 0.062891
  450 	 0.000098 	 0.061059 	 0.062891
  451 	 0.012501 	 0.061884 	 0.062891
  452 	 0.000049 	 0.060510 	 0.062891
  453 	 0.000049 	 0.061638 	 0.062891
  454 	 0.003132 	 0.062163 	 0.062891
  455 	 0.000049 	 0.062149 	 0.062891
  456 	 0.000049 	 0.062177 	 0.062891
  457 	 0.006240 	 0.061596 	 0.062891
  458 	 0.000392 	 0.061313 	 0.062891
  459 	 0.007199 	 0.062032 	 0.062891
  460 	 0.032440 	 0.062612 	 0.062891
  461 	 0.003093 	 0.061705 	 0.062891
  462 	 0.000784 	 0.061802 	 0.062891
  463 	 0.000098 	 0.062210 	 0.062891
  464 	 0.001567 	 0.062264 	 0.062891
  465 	 0.000049 	 0.060232 	 0.062891
  466 	 0.000196 	 0.061911 	 0.062891
  467 	 0.000049 	 0.061386 	 0.062891
  468 	 0.012545 	 0.061890 	 0.062891
  469 	 0.009456 	 0.061853 	 0.062891
  470 	 0.000049 	 0.061672 	 0.062891
  471 	 0.000784 	 0.062008 	 0.062891
  472 	 0.009273 	 0.061849 	 0.062891
  473 	 0.000049 	 0.061961 	 0.062891
  474 	 0.000784 	 0.061306 	 0.062891
  475 	 0.000196 	 0.061132 	 0.062891
  476 	 0.006240 	 0.061707 	 0.062891
  477 	 0.000049 	 0.061023 	 0.062891
  478 	 0.000049 	 0.062017 	 0.062891
  479 	 0.039225 	 0.062593 	 0.062891
  480 	 0.000098 	 0.061717 	 0.062891
  481 	 0.000784 	 0.061325 	 0.062891
  482 	 0.000098 	 0.061573 	 0.062891
  483 	 0.001567 	 0.061316 	 0.062891
  484 	 0.000784 	 0.060465 	 0.062891
  485 	 0.001567 	 0.061569 	 0.062891
  486 	 0.032234 	 0.062239 	 0.062891
  487 	 0.009456 	 0.062084 	 0.062891
  488 	 0.001567 	 0.061594 	 0.062891
  489 	 0.006240 	 0.061897 	 0.062891
  490 	 0.030042 	 0.062261 	 0.062891
  491 	 0.000049 	 0.061168 	 0.062891
  492 	 0.009273 	 0.061660 	 0.062891
  493 	 0.047942 	 0.062728 	 0.062891
  494 	 0.007199 	 0.062288 	 0.062891
  495 	 0.000098 	 0.061724 	 0.062891
  496 	 0.000196 	 0.061618 	 0.062891
  497 	 0.000049 	 0.061765 	 0.062891
  498 	 0.001567 	 0.062014 	 0.062891
  499 	 0.000098 	 0.061063 	 0.062891
 