   0 	 0.000049 	 0.000316 	 0.007732
    1 	 0.000059 	 0.000535 	 0.006708
    2 	 0.000075 	 0.001097 	 0.022682
    3 	 0.000050 	 0.002216 	 0.025157
    4 	 0.000100 	 0.003893 	 0.030813
    5 	 0.000049 	 0.005706 	 0.029615
    6 	 0.000097 	 0.009011 	 0.029549
    7 	 0.003777 	 0.012802 	 0.048716
    8 	 0.001737 	 0.016092 	 0.048312
    9 	 0.000820 	 0.020627 	 0.042114
   10 	 0.001555 	 0.023676 	 0.042078
   11 	 0.006902 	 0.026550 	 0.054299
   12 	 0.006592 	 0.029737 	 0.054847
   13 	 0.000098 	 0.032335 	 0.054299
   14 	 0.000049 	 0.034771 	 0.052443
   15 	 0.000196 	 0.035682 	 0.052758
   16 	 0.000049 	 0.036826 	 0.055211
   17 	 0.000049 	 0.038751 	 0.072547
   18 	 0.006439 	 0.041865 	 0.072547
   19 	 0.000196 	 0.044489 	 0.072547
   20 	 0.000098 	 0.045916 	 0.079018
   21 	 0.000049 	 0.047436 	 0.079018
   22 	 0.000098 	 0.048678 	 0.070346
   23 	 0.000098 	 0.051078 	 0.077617
   24 	 0.007605 	 0.051144 	 0.071629
   25 	 0.001558 	 0.050495 	 0.072511
   26 	 0.003191 	 0.052266 	 0.080709
   27 	 0.000782 	 0.053216 	 0.072126
   28 	 0.006197 	 0.057005 	 0.072126
   29 	 0.000196 	 0.054233 	 0.069855
   30 	 0.000392 	 0.057702 	 0.067421
   31 	 0.000098 	 0.058979 	 0.061871
   32 	 0.000049 	 0.059376 	 0.061959
   33 	 0.006300 	 0.059730 	 0.061959
   34 	 0.000049 	 0.059845 	 0.062196
   35 	 0.000782 	 0.060353 	 0.062294
   36 	 0.000196 	 0.059884 	 0.062256
   37 	 0.000049 	 0.059788 	 0.062370
   38 	 0.000392 	 0.060475 	 0.062370
   39 	 0.006276 	 0.060891 	 0.062374
   40 	 0.013597 	 0.061486 	 0.062415
   41 	 0.000049 	 0.060519 	 0.062551
   42 	 0.000196 	 0.061316 	 0.062586
   43 	 0.000098 	 0.061074 	 0.062586
   44 	 0.052860 	 0.062217 	 0.062728
   45 	 0.013704 	 0.061019 	 0.062744
   46 	 0.000049 	 0.059862 	 0.062767
   47 	 0.000782 	 0.061656 	 0.062786
   48 	 0.000049 	 0.061632 	 0.062844
   49 	 0.000392 	 0.061107 	 0.062859
   50 	 0.000098 	 0.061507 	 0.062876
   51 	 0.000049 	 0.060640 	 0.062876
   52 	 0.000783 	 0.061458 	 0.062860
   53 	 0.006310 	 0.061802 	 0.062919
   54 	 0.000049 	 0.061779 	 0.062922
   55 	 0.006864 	 0.061678 	 0.062938
   56 	 0.001581 	 0.061065 	 0.062938
   57 	 0.003114 	 0.060282 	 0.062938
   58 	 0.000049 	 0.061674 	 0.062938
   59 	 0.012020 	 0.062343 	 0.062938
   60 	 0.000392 	 0.061414 	 0.062943
   61 	 0.009541 	 0.062160 	 0.062939
   62 	 0.000196 	 0.061412 	 0.062941
   63 	 0.000392 	 0.062113 	 0.062952
   64 	 0.059310 	 0.062876 	 0.062952
   65 	 0.000783 	 0.062138 	 0.062952
   66 	 0.009548 	 0.062321 	 0.063128
   67 	 0.000049 	 0.061780 	 0.063128
   68 	 0.000196 	 0.061500 	 0.063128
   69 	 0.009343 	 0.061949 	 0.063135
   70 	 0.000783 	 0.061989 	 0.063135
   71 	 0.000098 	 0.061365 	 0.063138
   72 	 0.009468 	 0.062545 	 0.063138
   73 	 0.000392 	 0.062039 	 0.063140
   74 	 0.001563 	 0.061709 	 0.063165
   75 	 0.001563 	 0.062382 	 0.063166
   76 	 0.001561 	 0.061795 	 0.063168
   77 	 0.000098 	 0.061243 	 0.063242
   78 	 0.017894 	 0.062027 	 0.063242
   79 	 0.001562 	 0.061692 	 0.063247
   80 	 0.003110 	 0.061891 	 0.063247
   81 	 0.000098 	 0.062330 	 0.063254
   82 	 0.000098 	 0.061492 	 0.063254
   83 	 0.000098 	 0.061758 	 0.063254
   84 	 0.006333 	 0.061770 	 0.063254
   85 	 0.000098 	 0.062048 	 0.063254
   86 	 0.000098 	 0.062437 	 0.063254
   87 	 0.000098 	 0.061854 	 0.063254
   88 	 0.000049 	 0.062618 	 0.063263
   89 	 0.009366 	 0.062115 	 0.063263
   90 	 0.006883 	 0.062606 	 0.063265
   91 	 0.000196 	 0.061728 	 0.063266
   92 	 0.025326 	 0.062461 	 0.063266
   93 	 0.000098 	 0.061588 	 0.063267
   94 	 0.003117 	 0.061877 	 0.063267
   95 	 0.012073 	 0.062059 	 0.063267
   96 	 0.001563 	 0.062318 	 0.063267
   97 	 0.000049 	 0.061453 	 0.063267
   98 	 0.033729 	 0.062864 	 0.063267
   99 	 0.000783 	 0.062329 	 0.063267
  100 	 0.000098 	 0.061864 	 0.063267
  101 	 0.000049 	 0.061945 	 0.063267
  102 	 0.000098 	 0.060924 	 0.063267
  103 	 0.003116 	 0.062404 	 0.063267
  104 	 0.000392 	 0.062049 	 0.063267
  105 	 0.001564 	 0.062512 	 0.063267
  106 	 0.033726 	 0.063063 	 0.063267
  107 	 0.000392 	 0.062284 	 0.063267
  108 	 0.003116 	 0.061904 	 0.063267
  109 	 0.001564 	 0.062528 	 0.063267
  110 	 0.018137 	 0.062767 	 0.063267
  111 	 0.003117 	 0.062307 	 0.063267
  112 	 0.025351 	 0.062718 	 0.063267
  113 	 0.000196 	 0.062259 	 0.063267
  114 	 0.000783 	 0.062467 	 0.063267
  115 	 0.013547 	 0.062655 	 0.063267
  116 	 0.000392 	 0.062096 	 0.063267
  117 	 0.000098 	 0.061961 	 0.063267
  118 	 0.000098 	 0.061900 	 0.063267
  119 	 0.000196 	 0.062538 	 0.063267
  120 	 0.008957 	 0.061730 	 0.063267
  121 	 0.006302 	 0.062570 	 0.063267
  122 	 0.000157 	 0.061453 	 0.063267
  123 	 0.000049 	 0.062313 	 0.063267
  124 	 0.000196 	 0.061868 	 0.063267
  125 	 0.022800 	 0.062941 	 0.063267
  126 	 0.000049 	 0.062236 	 0.063267
  127 	 0.006883 	 0.062520 	 0.063267
  128 	 0.000196 	 0.062016 	 0.063267
  129 	 0.000392 	 0.061585 	 0.063267
  130 	 0.006302 	 0.062686 	 0.063267
  131 	 0.000196 	 0.061881 	 0.063267
  132 	 0.000783 	 0.062308 	 0.063267
  133 	 0.000196 	 0.062282 	 0.063267
  134 	 0.012079 	 0.062257 	 0.063267
  135 	 0.009364 	 0.062243 	 0.063267
  136 	 0.000049 	 0.062561 	 0.063267
  137 	 0.000098 	 0.062450 	 0.063267
  138 	 0.000196 	 0.062656 	 0.063267
  139 	 0.022572 	 0.062769 	 0.063267
  140 	 0.001564 	 0.061597 	 0.063267
  141 	 0.000196 	 0.062666 	 0.063267
  142 	 0.009364 	 0.062568 	 0.063267
  143 	 0.000098 	 0.061683 	 0.063267
  144 	 0.000049 	 0.061535 	 0.063267
  145 	 0.000196 	 0.061807 	 0.063267
  146 	 0.000783 	 0.061556 	 0.063267
  147 	 0.000098 	 0.061975 	 0.063267
  148 	 0.000196 	 0.061932 	 0.063267
  149 	 0.001564 	 0.062131 	 0.063267
  150 	 0.006302 	 0.061608 	 0.063267
  151 	 0.000196 	 0.061194 	 0.063267
  152 	 0.000049 	 0.060343 	 0.063267
  153 	 0.000196 	 0.061115 	 0.063267
  154 	 0.000196 	 0.062572 	 0.063267
  155 	 0.009525 	 0.062842 	 0.063267
  156 	 0.001564 	 0.061540 	 0.063267
  157 	 0.006302 	 0.061982 	 0.063267
  158 	 0.000196 	 0.062071 	 0.063267
  159 	 0.000783 	 0.061917 	 0.063267
  160 	 0.009525 	 0.062497 	 0.063267
  161 	 0.000392 	 0.061765 	 0.063267
  162 	 0.006302 	 0.062242 	 0.063267
  163 	 0.000049 	 0.061490 	 0.063267
  164 	 0.013547 	 0.062058 	 0.063267
  165 	 0.000392 	 0.061618 	 0.063267
  166 	 0.000098 	 0.062410 	 0.063267
  167 	 0.000049 	 0.062729 	 0.063267
  168 	 0.001560 	 0.061446 	 0.063267
  169 	 0.000098 	 0.061541 	 0.063267
  170 	 0.000049 	 0.062690 	 0.063267
  171 	 0.000098 	 0.062407 	 0.063267
  172 	 0.000098 	 0.061932 	 0.063267
  173 	 0.000098 	 0.061412 	 0.063267
  174 	 0.006885 	 0.062475 	 0.063267
  175 	 0.013547 	 0.062684 	 0.063267
  176 	 0.000049 	 0.061446 	 0.063267
  177 	 0.000049 	 0.062145 	 0.063267
  178 	 0.009364 	 0.062428 	 0.063267
  179 	 0.003117 	 0.061867 	 0.063267
  180 	 0.000098 	 0.061240 	 0.063267
  181 	 0.000049 	 0.061552 	 0.063267
  182 	 0.013547 	 0.062489 	 0.063267
  183 	 0.000196 	 0.062520 	 0.063267
  184 	 0.000783 	 0.062158 	 0.063267
  185 	 0.000049 	 0.062228 	 0.063267
  186 	 0.000098 	 0.062664 	 0.063267
  187 	 0.012079 	 0.062822 	 0.063267
  188 	 0.000392 	 0.062146 	 0.063267
  189 	 0.000196 	 0.061928 	 0.063267
  190 	 0.006885 	 0.062262 	 0.063267
  191 	 0.000098 	 0.060912 	 0.063267
  192 	 0.000783 	 0.062042 	 0.063267
  193 	 0.000098 	 0.061560 	 0.063267
  194 	 0.000098 	 0.061809 	 0.063267
  195 	 0.009364 	 0.062633 	 0.063267
  196 	 0.009525 	 0.062615 	 0.063267
  197 	 0.000392 	 0.061161 	 0.063267
  198 	 0.000196 	 0.062223 	 0.063267
  199 	 0.000098 	 0.061488 	 0.063267
  200 	 0.001564 	 0.062269 	 0.063267
  201 	 0.000783 	 0.061886 	 0.063267
  202 	 0.050541 	 0.062988 	 0.063267
  203 	 0.000392 	 0.062211 	 0.063267
  204 	 0.000783 	 0.062221 	 0.063267
  205 	 0.000098 	 0.061831 	 0.063267
  206 	 0.000196 	 0.062216 	 0.063267
  207 	 0.000392 	 0.061966 	 0.063267
  208 	 0.000049 	 0.060246 	 0.063267
  209 	 0.000049 	 0.060923 	 0.063267
  210 	 0.032477 	 0.063000 	 0.063267
  211 	 0.001564 	 0.062886 	 0.063267
  212 	 0.000196 	 0.061941 	 0.063267
  213 	 0.000196 	 0.062511 	 0.063267
  214 	 0.003117 	 0.062600 	 0.063267
  215 	 0.000392 	 0.062012 	 0.063267
  216 	 0.000783 	 0.061721 	 0.063267
  217 	 0.000783 	 0.061721 	 0.063267
  218 	 0.000098 	 0.061764 	 0.063267
  219 	 0.000098 	 0.061556 	 0.063267
  220 	 0.013547 	 0.062660 	 0.063267
  221 	 0.000049 	 0.061775 	 0.063267
  222 	 0.000196 	 0.062161 	 0.063267
  223 	 0.000196 	 0.062709 	 0.063267
  224 	 0.000049 	 0.061797 	 0.063267
  225 	 0.022572 	 0.062884 	 0.063267
  226 	 0.000098 	 0.061800 	 0.063267
  227 	 0.000398 	 0.061421 	 0.063267
  228 	 0.000098 	 0.061739 	 0.063267
  229 	 0.000392 	 0.062286 	 0.063267
  230 	 0.001564 	 0.061556 	 0.063267
  231 	 0.000783 	 0.061740 	 0.063267
  232 	 0.000049 	 0.061808 	 0.063267
  233 	 0.000049 	 0.061429 	 0.063267
  234 	 0.000049 	 0.061725 	 0.063267
  235 	 0.000049 	 0.062157 	 0.063267
  236 	 0.006302 	 0.060911 	 0.063267
  237 	 0.006302 	 0.062844 	 0.063267
  238 	 0.000196 	 0.060879 	 0.063267
  239 	 0.000049 	 0.062249 	 0.063267
  240 	 0.000098 	 0.062105 	 0.063267
  241 	 0.000049 	 0.062052 	 0.063267
  242 	 0.000098 	 0.062496 	 0.063267
  243 	 0.000049 	 0.060839 	 0.063267
  244 	 0.000196 	 0.061981 	 0.063267
  245 	 0.000049 	 0.062301 	 0.063267
  246 	 0.006885 	 0.062295 	 0.063267
  247 	 0.000049 	 0.061994 	 0.063267
  248 	 0.000392 	 0.062177 	 0.063267
  249 	 0.000783 	 0.062017 	 0.063267
  250 	 0.018137 	 0.062395 	 0.063267
  251 	 0.000392 	 0.062324 	 0.063267
  252 	 0.017801 	 0.062982 	 0.063267
  253 	 0.000098 	 0.061400 	 0.063267
  254 	 0.001564 	 0.062817 	 0.063267
  255 	 0.000783 	 0.061959 	 0.063267
  256 	 0.000049 	 0.061604 	 0.063267
  257 	 0.000098 	 0.061527 	 0.063267
  258 	 0.000098 	 0.062085 	 0.063267
  259 	 0.006885 	 0.062176 	 0.063267
  260 	 0.000392 	 0.061279 	 0.063267
  261 	 0.025351 	 0.062984 	 0.063267
  262 	 0.000196 	 0.060735 	 0.063267
  263 	 0.000098 	 0.061125 	 0.063267
  264 	 0.033761 	 0.063057 	 0.063267
  265 	 0.055966 	 0.063165 	 0.063267
  266 	 0.000783 	 0.061792 	 0.063267
  267 	 0.006302 	 0.062638 	 0.063267
  268 	 0.001564 	 0.062698 	 0.063267
  269 	 0.003117 	 0.061890 	 0.063267
  270 	 0.006302 	 0.062265 	 0.063267
  271 	 0.000049 	 0.061378 	 0.063267
  272 	 0.003119 	 0.062320 	 0.063267
  273 	 0.000098 	 0.061766 	 0.063267
  274 	 0.000049 	 0.061183 	 0.063267
  275 	 0.000196 	 0.061721 	 0.063267
  276 	 0.009525 	 0.062741 	 0.063267
  277 	 0.000196 	 0.061374 	 0.063267
  278 	 0.000049 	 0.062540 	 0.063267
  279 	 0.000196 	 0.061816 	 0.063267
  280 	 0.000392 	 0.062830 	 0.063267
  281 	 0.000049 	 0.060698 	 0.063267
  282 	 0.000196 	 0.061750 	 0.063267
  283 	 0.000392 	 0.061581 	 0.063267
  284 	 0.000049 	 0.062197 	 0.063267
  285 	 0.000049 	 0.061554 	 0.063267
  286 	 0.000049 	 0.062019 	 0.063267
  287 	 0.000392 	 0.061637 	 0.063267
  288 	 0.000098 	 0.062300 	 0.063267
  289 	 0.000392 	 0.061597 	 0.063267
  290 	 0.000392 	 0.062364 	 0.063267
  291 	 0.000392 	 0.062419 	 0.063267
  292 	 0.000049 	 0.061858 	 0.063267
  293 	 0.000078 	 0.062339 	 0.063267
  294 	 0.000196 	 0.061606 	 0.063267
  295 	 0.003117 	 0.061137 	 0.063267
  296 	 0.003117 	 0.062006 	 0.063267
  297 	 0.000196 	 0.062137 	 0.063267
  298 	 0.000196 	 0.060780 	 0.063267
  299 	 0.009364 	 0.062436 	 0.063267
  300 	 0.000049 	 0.061408 	 0.063267
  301 	 0.000049 	 0.061661 	 0.063267
  302 	 0.000098 	 0.060978 	 0.063267
  303 	 0.006885 	 0.062197 	 0.063267
  304 	 0.025351 	 0.062808 	 0.063267
  305 	 0.000098 	 0.062401 	 0.063267
  306 	 0.006302 	 0.061127 	 0.063267
  307 	 0.000098 	 0.061628 	 0.063267
  308 	 0.000049 	 0.061131 	 0.063267
  309 	 0.000098 	 0.061558 	 0.063267
  310 	 0.000098 	 0.061858 	 0.063267
  311 	 0.001564 	 0.062328 	 0.063267
  312 	 0.003117 	 0.061213 	 0.063267
  313 	 0.031636 	 0.062932 	 0.063267
  314 	 0.000098 	 0.061572 	 0.063267
  315 	 0.000196 	 0.062182 	 0.063267
  316 	 0.000049 	 0.061767 	 0.063267
  317 	 0.000098 	 0.062381 	 0.063267
  318 	 0.000196 	 0.061601 	 0.063267
  319 	 0.009364 	 0.062466 	 0.063267
  320 	 0.005744 	 0.062361 	 0.063267
  321 	 0.003117 	 0.062279 	 0.063267
  322 	 0.006885 	 0.062306 	 0.063267
  323 	 0.012079 	 0.062263 	 0.063267
  324 	 0.000049 	 0.062315 	 0.063267
  325 	 0.000783 	 0.061814 	 0.063267
  326 	 0.025351 	 0.063050 	 0.063267
  327 	 0.012079 	 0.062398 	 0.063267
  328 	 0.013543 	 0.062726 	 0.063267
  329 	 0.000049 	 0.060989 	 0.063267
  330 	 0.000098 	 0.061919 	 0.063267
  331 	 0.017887 	 0.062745 	 0.063267
  332 	 0.000196 	 0.062846 	 0.063267
  333 	 0.009525 	 0.062708 	 0.063267
  334 	 0.000196 	 0.062046 	 0.063267
  335 	 0.009525 	 0.062497 	 0.063267
  336 	 0.000098 	 0.061950 	 0.063267
  337 	 0.000049 	 0.062405 	 0.063267
  338 	 0.000392 	 0.062321 	 0.063267
  339 	 0.000392 	 0.061761 	 0.063267
  340 	 0.001564 	 0.062401 	 0.063267
  341 	 0.000783 	 0.062175 	 0.063267
  342 	 0.006885 	 0.062364 	 0.063267
  343 	 0.003117 	 0.062751 	 0.063267
  344 	 0.000049 	 0.061283 	 0.063267
  345 	 0.000196 	 0.062030 	 0.063267
  346 	 0.000392 	 0.062416 	 0.063267
  347 	 0.041768 	 0.062829 	 0.063267
  348 	 0.000783 	 0.061986 	 0.063267
  349 	 0.000098 	 0.061506 	 0.063267
  350 	 0.000392 	 0.061922 	 0.063267
  351 	 0.012079 	 0.062631 	 0.063267
  352 	 0.000049 	 0.061185 	 0.063267
  353 	 0.006302 	 0.062023 	 0.063267
  354 	 0.000098 	 0.061619 	 0.063267
  355 	 0.000196 	 0.061897 	 0.063267
  356 	 0.025351 	 0.062621 	 0.063267
  357 	 0.000771 	 0.061325 	 0.063267
  358 	 0.013547 	 0.062783 	 0.063267
  359 	 0.000392 	 0.062400 	 0.063267
  360 	 0.009364 	 0.062238 	 0.063267
  361 	 0.000098 	 0.061810 	 0.063267
  362 	 0.018137 	 0.062609 	 0.063267
  363 	 0.006885 	 0.062313 	 0.063267
  364 	 0.000098 	 0.061619 	 0.063267
  365 	 0.000196 	 0.061634 	 0.063267
  366 	 0.000392 	 0.062727 	 0.063267
  367 	 0.009364 	 0.062536 	 0.063267
  368 	 0.003117 	 0.061806 	 0.063267
  369 	 0.000392 	 0.062349 	 0.063267
  370 	 0.000049 	 0.061599 	 0.063267
  371 	 0.000392 	 0.061948 	 0.063267
  372 	 0.000196 	 0.061281 	 0.063267
  373 	 0.017887 	 0.062726 	 0.063267
  374 	 0.000098 	 0.061605 	 0.063267
  375 	 0.000098 	 0.061518 	 0.063267
  376 	 0.000049 	 0.061237 	 0.063267
  377 	 0.000049 	 0.062124 	 0.063267
  378 	 0.009564 	 0.062358 	 0.063267
  379 	 0.000392 	 0.061622 	 0.063267
  380 	 0.009525 	 0.062625 	 0.063267
  381 	 0.001564 	 0.061774 	 0.063267
  382 	 0.000098 	 0.062209 	 0.063267
  383 	 0.000098 	 0.062448 	 0.063267
  384 	 0.012079 	 0.062515 	 0.063267
  385 	 0.000049 	 0.062639 	 0.063267
  386 	 0.000098 	 0.061213 	 0.063267
  387 	 0.009364 	 0.062559 	 0.063267
  388 	 0.009364 	 0.062804 	 0.063267
  389 	 0.000782 	 0.061635 	 0.063267
  390 	 0.000049 	 0.061699 	 0.063267
  391 	 0.000392 	 0.062443 	 0.063267
  392 	 0.000049 	 0.061215 	 0.063267
  393 	 0.006310 	 0.062670 	 0.063267
  394 	 0.000049 	 0.062147 	 0.063267
  395 	 0.000392 	 0.062310 	 0.063267
  396 	 0.006302 	 0.062201 	 0.063267
  397 	 0.000783 	 0.061816 	 0.063267
  398 	 0.009525 	 0.062339 	 0.063267
  399 	 0.000783 	 0.062210 	 0.063267
  400 	 0.017887 	 0.062918 	 0.063267
  401 	 0.000392 	 0.062018 	 0.063267
  402 	 0.000098 	 0.062390 	 0.063267
  403 	 0.000098 	 0.061165 	 0.063267
  404 	 0.000392 	 0.062335 	 0.063267
  405 	 0.000392 	 0.062019 	 0.063267
  406 	 0.000196 	 0.061579 	 0.063267
  407 	 0.003109 	 0.062317 	 0.063267
  408 	 0.006885 	 0.062232 	 0.063267
  409 	 0.000098 	 0.061934 	 0.063267
  410 	 0.000098 	 0.061819 	 0.063267
  411 	 0.000196 	 0.061768 	 0.063267
  412 	 0.000098 	 0.062218 	 0.063267
  413 	 0.000392 	 0.062548 	 0.063267
  414 	 0.000049 	 0.061673 	 0.063267
  415 	 0.000049 	 0.061463 	 0.063267
  416 	 0.009364 	 0.062654 	 0.063267
  417 	 0.006885 	 0.062480 	 0.063267
  418 	 0.000783 	 0.061047 	 0.063267
  419 	 0.000049 	 0.061737 	 0.063267
  420 	 0.000392 	 0.060741 	 0.063267
  421 	 0.013547 	 0.062965 	 0.063267
  422 	 0.000196 	 0.061920 	 0.063267
  423 	 0.000392 	 0.062211 	 0.063267
  424 	 0.000049 	 0.061628 	 0.063267
  425 	 0.000049 	 0.061454 	 0.063267
  426 	 0.000049 	 0.061966 	 0.063267
  427 	 0.017887 	 0.062491 	 0.063267
  428 	 0.000098 	 0.060647 	 0.063267
  429 	 0.000049 	 0.061440 	 0.063267
  430 	 0.000098 	 0.061572 	 0.063267
  431 	 0.048519 	 0.063116 	 0.063267
  432 	 0.000049 	 0.061443 	 0.063267
  433 	 0.000196 	 0.061546 	 0.063267
  434 	 0.006302 	 0.062829 	 0.063267
  435 	 0.000196 	 0.061562 	 0.063267
  436 	 0.006302 	 0.061283 	 0.063267
  437 	 0.001564 	 0.061985 	 0.063267
  438 	 0.006302 	 0.061924 	 0.063267
  439 	 0.000049 	 0.062159 	 0.063267
  440 	 0.000783 	 0.061481 	 0.063267
  441 	 0.006885 	 0.062161 	 0.063267
  442 	 0.000392 	 0.061824 	 0.063267
  443 	 0.009364 	 0.061624 	 0.063267
  444 	 0.000098 	 0.061083 	 0.063267
  445 	 0.017887 	 0.062887 	 0.063267
  446 	 0.000049 	 0.060421 	 0.063267
  447 	 0.001564 	 0.062704 	 0.063267
  448 	 0.000783 	 0.062151 	 0.063267
  449 	 0.006302 	 0.062308 	 0.063267
  450 	 0.006885 	 0.062299 	 0.063267
  451 	 0.000392 	 0.061699 	 0.063267
  452 	 0.012079 	 0.062577 	 0.063267
  453 	 0.000196 	 0.061558 	 0.063267
  454 	 0.000049 	 0.061476 	 0.063267
  455 	 0.000783 	 0.061836 	 0.063267
  456 	 0.000098 	 0.061306 	 0.063267
  457 	 0.000392 	 0.061460 	 0.063267
  458 	 0.000782 	 0.061647 	 0.063267
  459 	 0.000098 	 0.062189 	 0.063267
  460 	 0.000049 	 0.061975 	 0.063267
  461 	 0.000783 	 0.061964 	 0.063267
  462 	 0.000049 	 0.062276 	 0.063267
  463 	 0.000049 	 0.062060 	 0.063267
  464 	 0.009364 	 0.062423 	 0.063267
  465 	 0.000196 	 0.062606 	 0.063267
  466 	 0.009525 	 0.062585 	 0.063267
  467 	 0.000392 	 0.061578 	 0.063267
  468 	 0.000098 	 0.061743 	 0.063267
  469 	 0.000783 	 0.061788 	 0.063267
  470 	 0.000049 	 0.061128 	 0.063267
  471 	 0.000049 	 0.061271 	 0.063267
  472 	 0.006885 	 0.062787 	 0.063267
  473 	 0.000049 	 0.062772 	 0.063267
  474 	 0.000783 	 0.061998 	 0.063267
  475 	 0.000098 	 0.062104 	 0.063267
  476 	 0.001564 	 0.061955 	 0.063267
  477 	 0.000049 	 0.062240 	 0.063267
  478 	 0.000049 	 0.060777 	 0.063267
  479 	 0.000196 	 0.062404 	 0.063267
  480 	 0.001564 	 0.062189 	 0.063267
  481 	 0.000049 	 0.061982 	 0.063267
  482 	 0.003117 	 0.062040 	 0.063267
  483 	 0.000392 	 0.061944 	 0.063267
  484 	 0.009364 	 0.062487 	 0.063267
  485 	 0.000196 	 0.061629 	 0.063267
  486 	 0.001564 	 0.062414 	 0.063267
  487 	 0.000049 	 0.061952 	 0.063267
  488 	 0.000049 	 0.061623 	 0.063267
  489 	 0.000049 	 0.061253 	 0.063267
  490 	 0.000098 	 0.061314 	 0.063267
  491 	 0.001564 	 0.061692 	 0.063267
  492 	 0.000196 	 0.061885 	 0.063267
  493 	 0.000097 	 0.061333 	 0.063267
  494 	 0.009498 	 0.061652 	 0.063267
  495 	 0.000098 	 0.062399 	 0.063267
  496 	 0.000196 	 0.061270 	 0.063267
  497 	 0.000049 	 0.062264 	 0.063267
  498 	 0.000049 	 0.061876 	 0.063267
  499 	 0.018137 	 0.062797 	 0.063267
 