   0 	 0.000049 	 0.000306 	 0.008502
    1 	 0.000051 	 0.000495 	 0.008286
    2 	 0.000210 	 0.000752 	 0.008695
    3 	 0.000065 	 0.001222 	 0.013133
    4 	 0.000049 	 0.001793 	 0.013182
    5 	 0.000225 	 0.002568 	 0.030047
    6 	 0.000049 	 0.003270 	 0.027592
    7 	 0.000101 	 0.006220 	 0.055875
    8 	 0.000097 	 0.009634 	 0.057219
    9 	 0.000064 	 0.012349 	 0.068653
   10 	 0.000049 	 0.013898 	 0.057283
   11 	 0.000049 	 0.014576 	 0.061695
   12 	 0.000049 	 0.015972 	 0.058363
   13 	 0.000424 	 0.021624 	 0.059912
   14 	 0.000049 	 0.025926 	 0.065493
   15 	 0.000049 	 0.033366 	 0.064916
   16 	 0.000049 	 0.035700 	 0.065783
   17 	 0.000391 	 0.044437 	 0.071509
   18 	 0.005962 	 0.049965 	 0.073973
   19 	 0.003027 	 0.054119 	 0.073973
   20 	 0.000789 	 0.056811 	 0.072394
   21 	 0.001571 	 0.059631 	 0.075877
   22 	 0.001571 	 0.057378 	 0.073847
   23 	 0.000049 	 0.060899 	 0.074126
   24 	 0.000049 	 0.061890 	 0.073537
   25 	 0.000098 	 0.061630 	 0.070605
   26 	 0.006859 	 0.062805 	 0.071327
   27 	 0.000196 	 0.063680 	 0.072245
   28 	 0.008977 	 0.066102 	 0.072245
   29 	 0.000785 	 0.064053 	 0.071785
   30 	 0.000049 	 0.066610 	 0.072192
   31 	 0.009582 	 0.068092 	 0.072365
   32 	 0.000196 	 0.069366 	 0.072576
   33 	 0.001565 	 0.068825 	 0.074131
   34 	 0.000196 	 0.070111 	 0.074378
   35 	 0.000196 	 0.070997 	 0.074982
   36 	 0.009483 	 0.070975 	 0.075164
   37 	 0.000049 	 0.071597 	 0.075380
   38 	 0.003125 	 0.072034 	 0.075380
   39 	 0.009359 	 0.072249 	 0.076121
   40 	 0.012496 	 0.072888 	 0.076002
   41 	 0.000392 	 0.073584 	 0.076087
   42 	 0.009511 	 0.073683 	 0.076087
   43 	 0.000392 	 0.072622 	 0.076709
   44 	 0.013374 	 0.074704 	 0.076709
   45 	 0.007034 	 0.074404 	 0.077019
   46 	 0.003135 	 0.073899 	 0.077172
   47 	 0.007100 	 0.074941 	 0.077172
   48 	 0.000098 	 0.073185 	 0.077130
   49 	 0.000371 	 0.073772 	 0.077486
   50 	 0.000098 	 0.074542 	 0.077486
   51 	 0.000196 	 0.074248 	 0.077590
   52 	 0.001566 	 0.075789 	 0.077913
   53 	 0.000098 	 0.075300 	 0.078024
   54 	 0.000196 	 0.075887 	 0.077981
   55 	 0.006890 	 0.076394 	 0.078237
   56 	 0.000049 	 0.074700 	 0.078417
   57 	 0.000196 	 0.074992 	 0.078390
   58 	 0.000392 	 0.075979 	 0.078390
   59 	 0.000784 	 0.075634 	 0.078420
   60 	 0.000687 	 0.076124 	 0.078442
   61 	 0.003124 	 0.076933 	 0.078440
   62 	 0.043845 	 0.077944 	 0.078447
   63 	 0.018484 	 0.077693 	 0.078450
   64 	 0.000392 	 0.076382 	 0.078463
   65 	 0.000049 	 0.076314 	 0.078487
   66 	 0.000392 	 0.076520 	 0.078583
   67 	 0.003131 	 0.076976 	 0.078509
   68 	 0.000392 	 0.075371 	 0.078573
   69 	 0.000196 	 0.077407 	 0.078611
   70 	 0.003130 	 0.077373 	 0.078546
   71 	 0.000784 	 0.076236 	 0.078636
   72 	 0.000196 	 0.077590 	 0.078636
   73 	 0.000049 	 0.076628 	 0.078647
   74 	 0.000196 	 0.077280 	 0.078658
   75 	 0.000049 	 0.077289 	 0.078698
   76 	 0.000049 	 0.076609 	 0.078698
   77 	 0.000098 	 0.075344 	 0.078744
   78 	 0.000098 	 0.076476 	 0.078790
   79 	 0.000392 	 0.076616 	 0.078794
   80 	 0.001566 	 0.077667 	 0.078810
   81 	 0.000784 	 0.075622 	 0.078810
   82 	 0.003130 	 0.076411 	 0.078815
   83 	 0.000049 	 0.077001 	 0.078834
   84 	 0.001567 	 0.077945 	 0.078834
   85 	 0.013485 	 0.077784 	 0.078846
   86 	 0.000098 	 0.077226 	 0.078841
   87 	 0.000784 	 0.077682 	 0.078871
   88 	 0.000784 	 0.077762 	 0.078871
   89 	 0.000098 	 0.077253 	 0.078890
   90 	 0.006945 	 0.075750 	 0.078897
   91 	 0.009510 	 0.077778 	 0.078914
   92 	 0.033946 	 0.078358 	 0.078949
   93 	 0.000049 	 0.077141 	 0.078949
   94 	 0.000784 	 0.076513 	 0.078972
   95 	 0.006959 	 0.077896 	 0.078949
   96 	 0.012401 	 0.077216 	 0.078972
   97 	 0.000049 	 0.075944 	 0.078981
   98 	 0.006957 	 0.076859 	 0.078983
   99 	 0.000049 	 0.077425 	 0.078994
  100 	 0.026860 	 0.078347 	 0.078996
  101 	 0.000196 	 0.075039 	 0.078996
  102 	 0.000098 	 0.076831 	 0.078999
  103 	 0.000784 	 0.078154 	 0.079001
  104 	 0.000392 	 0.076709 	 0.079001
  105 	 0.000392 	 0.076147 	 0.079001
  106 	 0.000098 	 0.077458 	 0.079005
  107 	 0.000098 	 0.077768 	 0.079005
  108 	 0.000098 	 0.074934 	 0.079006
  109 	 0.044414 	 0.078612 	 0.079006
  110 	 0.000098 	 0.077333 	 0.079020
  111 	 0.000196 	 0.077688 	 0.079020
  112 	 0.009456 	 0.078047 	 0.079020
  113 	 0.000049 	 0.077793 	 0.079023
  114 	 0.000392 	 0.076579 	 0.079023
  115 	 0.012424 	 0.077809 	 0.079024
  116 	 0.000098 	 0.077365 	 0.079028
  117 	 0.000098 	 0.076722 	 0.079028
  118 	 0.001564 	 0.077180 	 0.079029
  119 	 0.006956 	 0.077724 	 0.079030
  120 	 0.000098 	 0.077808 	 0.079029
  121 	 0.000098 	 0.076714 	 0.079030
  122 	 0.023801 	 0.077908 	 0.079031
  123 	 0.006246 	 0.077029 	 0.079031
  124 	 0.000784 	 0.076276 	 0.079031
  125 	 0.000098 	 0.076556 	 0.079031
  126 	 0.000049 	 0.077569 	 0.079032
  127 	 0.000049 	 0.077218 	 0.079032
  128 	 0.000196 	 0.077639 	 0.079032
  129 	 0.000196 	 0.076927 	 0.079032
  130 	 0.000049 	 0.077458 	 0.079033
  131 	 0.001567 	 0.077867 	 0.079033
  132 	 0.000196 	 0.076713 	 0.079033
  133 	 0.000049 	 0.076603 	 0.079033
  134 	 0.003132 	 0.078102 	 0.079033
  135 	 0.000196 	 0.076272 	 0.079033
  136 	 0.000784 	 0.076721 	 0.079032
  137 	 0.000098 	 0.076544 	 0.079033
  138 	 0.009470 	 0.078192 	 0.079033
  139 	 0.000049 	 0.075796 	 0.079033
  140 	 0.000049 	 0.077114 	 0.079033
  141 	 0.000098 	 0.077285 	 0.079033
  142 	 0.000392 	 0.077603 	 0.079033
  143 	 0.003132 	 0.077132 	 0.079033
  144 	 0.000098 	 0.077888 	 0.079033
  145 	 0.003132 	 0.077266 	 0.079033
  146 	 0.000392 	 0.077441 	 0.079033
  147 	 0.000049 	 0.076672 	 0.079033
  148 	 0.009501 	 0.077479 	 0.079033
  149 	 0.001567 	 0.077890 	 0.079033
  150 	 0.000049 	 0.076094 	 0.079033
  151 	 0.000196 	 0.076617 	 0.079033
  152 	 0.001567 	 0.076724 	 0.079033
  153 	 0.000196 	 0.077411 	 0.079033
  154 	 0.000392 	 0.077606 	 0.079033
  155 	 0.006245 	 0.077760 	 0.079033
  156 	 0.000098 	 0.077002 	 0.079033
  157 	 0.000098 	 0.076880 	 0.079033
  158 	 0.000392 	 0.076928 	 0.079034
  159 	 0.006245 	 0.077845 	 0.079034
  160 	 0.006245 	 0.078044 	 0.079034
  161 	 0.000098 	 0.077819 	 0.079034
  162 	 0.000049 	 0.076648 	 0.079034
  163 	 0.000784 	 0.077129 	 0.079034
  164 	 0.000392 	 0.075410 	 0.079034
  165 	 0.003132 	 0.078245 	 0.079034
  166 	 0.001567 	 0.077877 	 0.079034
  167 	 0.000049 	 0.077450 	 0.079034
  168 	 0.000392 	 0.076976 	 0.079034
  169 	 0.009470 	 0.077360 	 0.079034
  170 	 0.001567 	 0.077759 	 0.079034
  171 	 0.000392 	 0.077664 	 0.079034
  172 	 0.000392 	 0.076470 	 0.079034
  173 	 0.001567 	 0.077444 	 0.079034
  174 	 0.000098 	 0.076259 	 0.079034
  175 	 0.000049 	 0.077444 	 0.079034
  176 	 0.000784 	 0.077057 	 0.079034
  177 	 0.026913 	 0.078531 	 0.079034
  178 	 0.003132 	 0.076656 	 0.079034
  179 	 0.000098 	 0.077343 	 0.079034
  180 	 0.001567 	 0.077868 	 0.079034
  181 	 0.000049 	 0.077496 	 0.079034
  182 	 0.000196 	 0.077427 	 0.079034
  183 	 0.000784 	 0.077194 	 0.079034
  184 	 0.000196 	 0.077419 	 0.079034
  185 	 0.000098 	 0.076711 	 0.079034
  186 	 0.003132 	 0.077248 	 0.079422
  187 	 0.006849 	 0.077507 	 0.079422
  188 	 0.000049 	 0.076354 	 0.079422
  189 	 0.012415 	 0.077558 	 0.079425
  190 	 0.000392 	 0.076872 	 0.079425
  191 	 0.000098 	 0.075956 	 0.079425
  192 	 0.000783 	 0.078058 	 0.079425
  193 	 0.000196 	 0.077028 	 0.079433
  194 	 0.018111 	 0.078276 	 0.079573
  195 	 0.000098 	 0.077617 	 0.079573
  196 	 0.003117 	 0.078369 	 0.079474
  197 	 0.000098 	 0.077959 	 0.079474
  198 	 0.000783 	 0.078036 	 0.079508
  199 	 0.009404 	 0.078475 	 0.079508
  200 	 0.006876 	 0.077487 	 0.079509
  201 	 0.009405 	 0.077906 	 0.079514
  202 	 0.018709 	 0.078142 	 0.079514
  203 	 0.000196 	 0.078479 	 0.079518
  204 	 0.000783 	 0.077852 	 0.079534
  205 	 0.000098 	 0.076761 	 0.079539
  206 	 0.000196 	 0.077520 	 0.079539
  207 	 0.006922 	 0.078540 	 0.079529
  208 	 0.006923 	 0.077660 	 0.079533
  209 	 0.000783 	 0.077554 	 0.079546
  210 	 0.000098 	 0.078011 	 0.079546
  211 	 0.006928 	 0.078278 	 0.079583
  212 	 0.000627 	 0.077317 	 0.079546
  213 	 0.006227 	 0.077826 	 0.079546
  214 	 0.000098 	 0.077752 	 0.079550
  215 	 0.001566 	 0.077402 	 0.079550
  216 	 0.000196 	 0.076929 	 0.079554
  217 	 0.006231 	 0.078117 	 0.079585
  218 	 0.006231 	 0.078276 	 0.079585
  219 	 0.000098 	 0.077305 	 0.079587
  220 	 0.000196 	 0.077395 	 0.079606
  221 	 0.000049 	 0.077510 	 0.079650
  222 	 0.000098 	 0.077272 	 0.079669
  223 	 0.000196 	 0.076753 	 0.079672
  224 	 0.000098 	 0.078362 	 0.079683
  225 	 0.003119 	 0.078731 	 0.079683
  226 	 0.046129 	 0.079452 	 0.079683
  227 	 0.000049 	 0.078089 	 0.079683
  228 	 0.000392 	 0.077594 	 0.079692
  229 	 0.000049 	 0.077064 	 0.079699
  230 	 0.009411 	 0.078933 	 0.079699
  231 	 0.000049 	 0.077624 	 0.079711
  232 	 0.000392 	 0.077341 	 0.079711
  233 	 0.000392 	 0.077323 	 0.079712
  234 	 0.009412 	 0.078298 	 0.079712
  235 	 0.001565 	 0.078214 	 0.079712
  236 	 0.023463 	 0.078438 	 0.079712
  237 	 0.000392 	 0.078209 	 0.079712
  238 	 0.000049 	 0.077839 	 0.079713
  239 	 0.000392 	 0.078722 	 0.079715
  240 	 0.000098 	 0.077385 	 0.079726
  241 	 0.000392 	 0.077946 	 0.079729
  242 	 0.006220 	 0.078216 	 0.079729
  243 	 0.001566 	 0.078106 	 0.079733
  244 	 0.000098 	 0.076616 	 0.079733
  245 	 0.000049 	 0.077264 	 0.079733
  246 	 0.000196 	 0.077167 	 0.079735
  247 	 0.006207 	 0.079118 	 0.079737
  248 	 0.003122 	 0.077953 	 0.079737
  249 	 0.000098 	 0.076182 	 0.079736
  250 	 0.003122 	 0.078094 	 0.079736
  251 	 0.000783 	 0.077443 	 0.079737
  252 	 0.000049 	 0.076585 	 0.079736
  253 	 0.006897 	 0.078892 	 0.079737
  254 	 0.000049 	 0.076842 	 0.079738
  255 	 0.001565 	 0.078104 	 0.079738
  256 	 0.000783 	 0.079033 	 0.079739
  257 	 0.006208 	 0.078384 	 0.079740
  258 	 0.000392 	 0.077487 	 0.079740
  259 	 0.000791 	 0.078005 	 0.079740
  260 	 0.000784 	 0.078012 	 0.079740
  261 	 0.000392 	 0.077296 	 0.079740
  262 	 0.000196 	 0.079293 	 0.079740
  263 	 0.000196 	 0.077573 	 0.079740
  264 	 0.001566 	 0.079207 	 0.079740
  265 	 0.000098 	 0.079110 	 0.079740
  266 	 0.000049 	 0.078100 	 0.079740
  267 	 0.006897 	 0.078837 	 0.079741
  268 	 0.000049 	 0.078671 	 0.079741
  269 	 0.000196 	 0.077846 	 0.079741
  270 	 0.000196 	 0.077242 	 0.079741
  271 	 0.003122 	 0.078387 	 0.079741
  272 	 0.000783 	 0.078242 	 0.079741
  273 	 0.000098 	 0.078390 	 0.079741
  274 	 0.000392 	 0.077078 	 0.079741
  275 	 0.001565 	 0.078233 	 0.079742
  276 	 0.000783 	 0.077593 	 0.079742
  277 	 0.000392 	 0.078027 	 0.079742
  278 	 0.000098 	 0.077504 	 0.079742
  279 	 0.000196 	 0.077427 	 0.079742
  280 	 0.000195 	 0.078741 	 0.079742
  281 	 0.000783 	 0.078008 	 0.079742
  282 	 0.003122 	 0.078342 	 0.079742
  283 	 0.000049 	 0.077342 	 0.079742
  284 	 0.000783 	 0.078612 	 0.079742
  285 	 0.000196 	 0.078004 	 0.079742
  286 	 0.003137 	 0.078582 	 0.079742
  287 	 0.000049 	 0.077414 	 0.079742
  288 	 0.000098 	 0.078325 	 0.079742
  289 	 0.000049 	 0.077385 	 0.079742
  290 	 0.000197 	 0.078181 	 0.079742
  291 	 0.001565 	 0.077749 	 0.079742
  292 	 0.006898 	 0.077685 	 0.079742
  293 	 0.000196 	 0.078430 	 0.079742
  294 	 0.000196 	 0.078533 	 0.079742
  295 	 0.000049 	 0.077554 	 0.079742
  296 	 0.000392 	 0.077057 	 0.079742
  297 	 0.000196 	 0.077464 	 0.079742
  298 	 0.000098 	 0.077420 	 0.079742
  299 	 0.000783 	 0.078218 	 0.079742
  300 	 0.000392 	 0.078970 	 0.079742
  301 	 0.000098 	 0.074873 	 0.079742
  302 	 0.000049 	 0.077704 	 0.079742
  303 	 0.000783 	 0.078607 	 0.079742
  304 	 0.000098 	 0.078530 	 0.079742
  305 	 0.000049 	 0.077405 	 0.079742
  306 	 0.000098 	 0.078028 	 0.079742
  307 	 0.000049 	 0.077952 	 0.079742
  308 	 0.000392 	 0.078549 	 0.079742
  309 	 0.000049 	 0.077536 	 0.079742
  310 	 0.013672 	 0.078527 	 0.079742
  311 	 0.000049 	 0.077382 	 0.079742
  312 	 0.000049 	 0.078230 	 0.079742
  313 	 0.000783 	 0.078074 	 0.079742
  314 	 0.000049 	 0.077336 	 0.079742
  315 	 0.000392 	 0.077379 	 0.079742
  316 	 0.000098 	 0.077993 	 0.079742
  317 	 0.000783 	 0.078688 	 0.079742
  318 	 0.012007 	 0.079112 	 0.079742
  319 	 0.053600 	 0.079392 	 0.079742
  320 	 0.009424 	 0.078309 	 0.079742
  321 	 0.000098 	 0.078017 	 0.079742
  322 	 0.000783 	 0.078690 	 0.079742
  323 	 0.000049 	 0.077730 	 0.079742
  324 	 0.000196 	 0.077266 	 0.079742
  325 	 0.009137 	 0.078803 	 0.079742
  326 	 0.009424 	 0.078537 	 0.079742
  327 	 0.001565 	 0.078052 	 0.079742
  328 	 0.000049 	 0.078274 	 0.079742
  329 	 0.000783 	 0.078921 	 0.079742
  330 	 0.006207 	 0.077880 	 0.079742
  331 	 0.044368 	 0.079225 	 0.079742
  332 	 0.013672 	 0.079033 	 0.079742
  333 	 0.023317 	 0.079381 	 0.079742
  334 	 0.000392 	 0.077787 	 0.079742
  335 	 0.000049 	 0.078621 	 0.079742
  336 	 0.000392 	 0.077914 	 0.079742
  337 	 0.000049 	 0.078250 	 0.079742
  338 	 0.001565 	 0.077728 	 0.079742
  339 	 0.013672 	 0.078994 	 0.079742
  340 	 0.000783 	 0.078779 	 0.079742
  341 	 0.000196 	 0.078346 	 0.079742
  342 	 0.001565 	 0.077844 	 0.079742
  343 	 0.006897 	 0.078519 	 0.079742
  344 	 0.003122 	 0.078195 	 0.079742
  345 	 0.000049 	 0.078541 	 0.079742
  346 	 0.000196 	 0.076410 	 0.079742
  347 	 0.009525 	 0.078190 	 0.079742
  348 	 0.003122 	 0.078348 	 0.079742
  349 	 0.000783 	 0.077766 	 0.079742
  350 	 0.018301 	 0.078864 	 0.079742
  351 	 0.000098 	 0.078849 	 0.079742
  352 	 0.000392 	 0.077884 	 0.079742
  353 	 0.009424 	 0.078907 	 0.079742
  354 	 0.000196 	 0.078507 	 0.079742
  355 	 0.000098 	 0.078570 	 0.079742
  356 	 0.000098 	 0.077731 	 0.079742
  357 	 0.018301 	 0.078990 	 0.079742
  358 	 0.000196 	 0.077423 	 0.079742
  359 	 0.000392 	 0.077810 	 0.079742
  360 	 0.000392 	 0.078803 	 0.079742
  361 	 0.000197 	 0.077443 	 0.079742
  362 	 0.009424 	 0.077793 	 0.079742
  363 	 0.000196 	 0.076979 	 0.079742
  364 	 0.000098 	 0.076737 	 0.079742
  365 	 0.000196 	 0.077718 	 0.079742
  366 	 0.000098 	 0.077153 	 0.079742
  367 	 0.023317 	 0.079080 	 0.079742
  368 	 0.001565 	 0.077432 	 0.079742
  369 	 0.000049 	 0.077986 	 0.079742
  370 	 0.001545 	 0.078057 	 0.079742
  371 	 0.000049 	 0.077438 	 0.079742
  372 	 0.006897 	 0.078606 	 0.079742
  373 	 0.000098 	 0.078434 	 0.079742
  374 	 0.018301 	 0.078476 	 0.079742
  375 	 0.000049 	 0.078007 	 0.079742
  376 	 0.003122 	 0.079049 	 0.079742
  377 	 0.000392 	 0.078568 	 0.079742
  378 	 0.006207 	 0.078246 	 0.079742
  379 	 0.012572 	 0.078310 	 0.079742
  380 	 0.000392 	 0.078255 	 0.079742
  381 	 0.006207 	 0.078396 	 0.079742
  382 	 0.018301 	 0.078321 	 0.079742
  383 	 0.000049 	 0.077950 	 0.079742
  384 	 0.000049 	 0.078484 	 0.079742
  385 	 0.000049 	 0.077486 	 0.079742
  386 	 0.001565 	 0.077424 	 0.079742
  387 	 0.000392 	 0.077433 	 0.079742
  388 	 0.000098 	 0.077231 	 0.079742
  389 	 0.000196 	 0.076691 	 0.079742
  390 	 0.000196 	 0.077227 	 0.079742
  391 	 0.000783 	 0.076640 	 0.079742
  392 	 0.006897 	 0.078553 	 0.079742
  393 	 0.000783 	 0.077675 	 0.079742
  394 	 0.000783 	 0.078796 	 0.079742
  395 	 0.001565 	 0.077535 	 0.079742
  396 	 0.003122 	 0.078105 	 0.079742
  397 	 0.000049 	 0.077586 	 0.079742
  398 	 0.000098 	 0.078002 	 0.079742
  399 	 0.044368 	 0.079327 	 0.079742
  400 	 0.000196 	 0.077350 	 0.079742
  401 	 0.011110 	 0.078083 	 0.079742
  402 	 0.001565 	 0.078026 	 0.079742
  403 	 0.000049 	 0.077431 	 0.079742
  404 	 0.006897 	 0.077954 	 0.079742
  405 	 0.018301 	 0.079040 	 0.079742
  406 	 0.000392 	 0.077207 	 0.079742
  407 	 0.003122 	 0.078778 	 0.079742
  408 	 0.000049 	 0.077661 	 0.079742
  409 	 0.000196 	 0.078346 	 0.079742
  410 	 0.000049 	 0.078627 	 0.079742
  411 	 0.000049 	 0.077701 	 0.079742
  412 	 0.009525 	 0.079086 	 0.079742
  413 	 0.000392 	 0.077389 	 0.079742
  414 	 0.006207 	 0.078592 	 0.079742
  415 	 0.006207 	 0.077211 	 0.079742
  416 	 0.012775 	 0.077540 	 0.079742
  417 	 0.000049 	 0.076141 	 0.079742
  418 	 0.000783 	 0.078876 	 0.079742
  419 	 0.000049 	 0.077469 	 0.079742
  420 	 0.000392 	 0.078392 	 0.079742
  421 	 0.006824 	 0.078379 	 0.079742
  422 	 0.000196 	 0.077502 	 0.079742
  423 	 0.018301 	 0.078616 	 0.079742
  424 	 0.000098 	 0.077846 	 0.079742
  425 	 0.000049 	 0.077729 	 0.079742
  426 	 0.000196 	 0.078584 	 0.079742
  427 	 0.000392 	 0.077934 	 0.079742
  428 	 0.000049 	 0.077953 	 0.079742
  429 	 0.000049 	 0.078388 	 0.079742
  430 	 0.000392 	 0.077672 	 0.079742
  431 	 0.001565 	 0.078602 	 0.079742
  432 	 0.003122 	 0.078419 	 0.079742
  433 	 0.001565 	 0.076841 	 0.079742
  434 	 0.000783 	 0.077642 	 0.079742
  435 	 0.000098 	 0.077515 	 0.079742
  436 	 0.000049 	 0.078516 	 0.079742
  437 	 0.000049 	 0.077066 	 0.079742
  438 	 0.000783 	 0.078084 	 0.079742
  439 	 0.000049 	 0.077252 	 0.079742
  440 	 0.000392 	 0.078672 	 0.079742
  441 	 0.000098 	 0.077234 	 0.079742
  442 	 0.000049 	 0.078296 	 0.079742
  443 	 0.000783 	 0.078268 	 0.079742
  444 	 0.000098 	 0.076002 	 0.079742
  445 	 0.000049 	 0.079017 	 0.079742
  446 	 0.000098 	 0.079123 	 0.079742
  447 	 0.038774 	 0.079033 	 0.079742
  448 	 0.000049 	 0.077527 	 0.079742
  449 	 0.000049 	 0.077943 	 0.079742
  450 	 0.012572 	 0.079177 	 0.079742
  451 	 0.006207 	 0.078778 	 0.079742
  452 	 0.000098 	 0.077272 	 0.079742
  453 	 0.000196 	 0.078643 	 0.079742
  454 	 0.000392 	 0.077687 	 0.079742
  455 	 0.006207 	 0.079206 	 0.079742
  456 	 0.003122 	 0.078518 	 0.079742
  457 	 0.000049 	 0.077196 	 0.079742
  458 	 0.000783 	 0.078263 	 0.079742
  459 	 0.000049 	 0.078442 	 0.079742
  460 	 0.013672 	 0.078639 	 0.079742
  461 	 0.009525 	 0.078267 	 0.079742
  462 	 0.000392 	 0.078140 	 0.079742
  463 	 0.000098 	 0.075496 	 0.079742
  464 	 0.000049 	 0.076872 	 0.079742
  465 	 0.013672 	 0.078506 	 0.079742
  466 	 0.000196 	 0.078485 	 0.079742
  467 	 0.018301 	 0.078253 	 0.079742
  468 	 0.000196 	 0.077483 	 0.079742
  469 	 0.001565 	 0.078281 	 0.079742
  470 	 0.009424 	 0.078337 	 0.079742
  471 	 0.000391 	 0.077502 	 0.079742
  472 	 0.000783 	 0.077023 	 0.079742
  473 	 0.003122 	 0.077530 	 0.079742
  474 	 0.000049 	 0.078195 	 0.079742
  475 	 0.000049 	 0.077407 	 0.079742
  476 	 0.003122 	 0.079261 	 0.079742
  477 	 0.000821 	 0.077782 	 0.079742
  478 	 0.000783 	 0.077095 	 0.079742
  479 	 0.000783 	 0.078659 	 0.079742
  480 	 0.009424 	 0.077906 	 0.079742
  481 	 0.000387 	 0.077040 	 0.079742
  482 	 0.000098 	 0.077920 	 0.079742
  483 	 0.000392 	 0.078956 	 0.079742
  484 	 0.000196 	 0.078108 	 0.079742
  485 	 0.000392 	 0.077851 	 0.079742
  486 	 0.009415 	 0.077949 	 0.079742
  487 	 0.000196 	 0.078195 	 0.079742
  488 	 0.000392 	 0.077604 	 0.079742
  489 	 0.018301 	 0.078652 	 0.079742
  490 	 0.018301 	 0.078401 	 0.079742
  491 	 0.008682 	 0.077774 	 0.079742
  492 	 0.000196 	 0.077971 	 0.079742
  493 	 0.000196 	 0.077565 	 0.079742
  494 	 0.000098 	 0.077055 	 0.079742
  495 	 0.000196 	 0.078065 	 0.079742
  496 	 0.000196 	 0.078178 	 0.079742
  497 	 0.000783 	 0.078486 	 0.079742
  498 	 0.000196 	 0.077192 	 0.079742
  499 	 0.012572 	 0.078664 	 0.079742
 