   0 	 0.000049 	 0.000345 	 0.008004
    1 	 0.000070 	 0.000551 	 0.008966
    2 	 0.000060 	 0.000936 	 0.009894
    3 	 0.000052 	 0.001454 	 0.013220
    4 	 0.000049 	 0.002393 	 0.032620
    5 	 0.000099 	 0.003888 	 0.038136
    6 	 0.000049 	 0.005392 	 0.021315
    7 	 0.000049 	 0.008065 	 0.042082
    8 	 0.000049 	 0.010203 	 0.053842
    9 	 0.000098 	 0.013124 	 0.064826
   10 	 0.000203 	 0.015890 	 0.064826
   11 	 0.000049 	 0.016837 	 0.052809
   12 	 0.000190 	 0.020336 	 0.062817
   13 	 0.000098 	 0.024935 	 0.073572
   14 	 0.004327 	 0.029667 	 0.073735
   15 	 0.000098 	 0.032488 	 0.079900
   16 	 0.000049 	 0.037399 	 0.079810
   17 	 0.009271 	 0.042848 	 0.082628
   18 	 0.000098 	 0.045424 	 0.079246
   19 	 0.000049 	 0.048922 	 0.079577
   20 	 0.005539 	 0.050182 	 0.086278
   21 	 0.000049 	 0.054563 	 0.088858
   22 	 0.000049 	 0.057601 	 0.090421
   23 	 0.000098 	 0.061349 	 0.105403
   24 	 0.000196 	 0.062348 	 0.100525
   25 	 0.000391 	 0.064118 	 0.095001
   26 	 0.003306 	 0.067026 	 0.105508
   27 	 0.000098 	 0.068121 	 0.093926
   28 	 0.000098 	 0.074447 	 0.106877
   29 	 0.000098 	 0.083395 	 0.106877
   30 	 0.000392 	 0.082343 	 0.106877
   31 	 0.000098 	 0.085682 	 0.108404
   32 	 0.009506 	 0.090903 	 0.110003
   33 	 0.006164 	 0.089473 	 0.109766
   34 	 0.003059 	 0.092608 	 0.110712
   35 	 0.006015 	 0.094930 	 0.115117
   36 	 0.000391 	 0.095617 	 0.112134
   37 	 0.000098 	 0.099665 	 0.114532
   38 	 0.000785 	 0.102276 	 0.114728
   39 	 0.000196 	 0.105145 	 0.114785
   40 	 0.000049 	 0.103623 	 0.116855
   41 	 0.000098 	 0.105114 	 0.115914
   42 	 0.000049 	 0.108797 	 0.115983
   43 	 0.018290 	 0.110059 	 0.117151
   44 	 0.009420 	 0.109861 	 0.118409
   45 	 0.000049 	 0.112002 	 0.118409
   46 	 0.000098 	 0.113120 	 0.118371
   47 	 0.000196 	 0.114099 	 0.118653
   48 	 0.000196 	 0.114254 	 0.118811
   49 	 0.024883 	 0.116259 	 0.118958
   50 	 0.000783 	 0.114455 	 0.118951
   51 	 0.000392 	 0.114609 	 0.118951
   52 	 0.012456 	 0.116705 	 0.119024
   53 	 0.003129 	 0.116430 	 0.119170
   54 	 0.001568 	 0.116622 	 0.119931
   55 	 0.000098 	 0.116211 	 0.119945
   56 	 0.000049 	 0.116485 	 0.120370
   57 	 0.003128 	 0.116783 	 0.120546
   58 	 0.006954 	 0.116932 	 0.120838
   59 	 0.000392 	 0.116416 	 0.120903
   60 	 0.000196 	 0.116540 	 0.121167
   61 	 0.001566 	 0.118661 	 0.121795
   62 	 0.000196 	 0.117507 	 0.121795
   63 	 0.000783 	 0.117533 	 0.121795
   64 	 0.001567 	 0.118935 	 0.121795
   65 	 0.012314 	 0.117744 	 0.121994
   66 	 0.000049 	 0.117267 	 0.122005
   67 	 0.000049 	 0.117885 	 0.122157
   68 	 0.006895 	 0.118318 	 0.122102
   69 	 0.000049 	 0.117528 	 0.122102
   70 	 0.000065 	 0.117392 	 0.122178
   71 	 0.000049 	 0.119538 	 0.122178
   72 	 0.006235 	 0.119529 	 0.122450
   73 	 0.000049 	 0.119331 	 0.122769
   74 	 0.000098 	 0.119851 	 0.122537
   75 	 0.000783 	 0.119236 	 0.122543
   76 	 0.000392 	 0.119694 	 0.122769
   77 	 0.009464 	 0.119890 	 0.122775
   78 	 0.009582 	 0.119027 	 0.122783
   79 	 0.000392 	 0.119010 	 0.123687
   80 	 0.036288 	 0.121637 	 0.122778
   81 	 0.000049 	 0.118248 	 0.122778
   82 	 0.001569 	 0.119340 	 0.122785
   83 	 0.000098 	 0.119538 	 0.122939
   84 	 0.000196 	 0.118937 	 0.122878
   85 	 0.006957 	 0.119327 	 0.122939
   86 	 0.000098 	 0.119552 	 0.122939
   87 	 0.000098 	 0.114948 	 0.123028
   88 	 0.000784 	 0.119260 	 0.123021
   89 	 0.006272 	 0.121330 	 0.123021
   90 	 0.000049 	 0.117263 	 0.122939
   91 	 0.000784 	 0.121226 	 0.122939
   92 	 0.009545 	 0.120603 	 0.122940
   93 	 0.000784 	 0.119059 	 0.122940
   94 	 0.000392 	 0.119498 	 0.122969
   95 	 0.000049 	 0.120991 	 0.122970
   96 	 0.000196 	 0.118347 	 0.122988
   97 	 0.000049 	 0.118628 	 0.123636
   98 	 0.000392 	 0.120192 	 0.123677
   99 	 0.000049 	 0.119079 	 0.123677
  100 	 0.000196 	 0.118466 	 0.123921
  101 	 0.018824 	 0.121306 	 0.123921
  102 	 0.003136 	 0.121302 	 0.123921
  103 	 0.000049 	 0.118000 	 0.123947
  104 	 0.000049 	 0.119275 	 0.124019
  105 	 0.000196 	 0.120947 	 0.123947
  106 	 0.001566 	 0.120624 	 0.123947
  107 	 0.000784 	 0.121969 	 0.123950
  108 	 0.000098 	 0.119750 	 0.124048
  109 	 0.013297 	 0.121669 	 0.124101
  110 	 0.000196 	 0.121298 	 0.124101
  111 	 0.000098 	 0.119068 	 0.124217
  112 	 0.000196 	 0.120445 	 0.124217
  113 	 0.000049 	 0.119099 	 0.124217
  114 	 0.000392 	 0.119838 	 0.124217
  115 	 0.000049 	 0.118875 	 0.124240
  116 	 0.000098 	 0.121516 	 0.124240
  117 	 0.000392 	 0.120762 	 0.124261
  118 	 0.000784 	 0.120719 	 0.124305
  119 	 0.000049 	 0.120373 	 0.124291
  120 	 0.003133 	 0.122661 	 0.124305
  121 	 0.006250 	 0.121608 	 0.124305
  122 	 0.009494 	 0.122033 	 0.124305
  123 	 0.000049 	 0.119533 	 0.124308
  124 	 0.001566 	 0.120515 	 0.124312
  125 	 0.000784 	 0.120524 	 0.124308
  126 	 0.001567 	 0.121967 	 0.124308
  127 	 0.000784 	 0.118567 	 0.124312
  128 	 0.000392 	 0.121865 	 0.124312
  129 	 0.000392 	 0.121366 	 0.124312
  130 	 0.001567 	 0.120637 	 0.124317
  131 	 0.000196 	 0.121045 	 0.124317
  132 	 0.018919 	 0.123378 	 0.124322
  133 	 0.006937 	 0.120930 	 0.124322
  134 	 0.000392 	 0.120313 	 0.124322
  135 	 0.000049 	 0.122897 	 0.124322
  136 	 0.000098 	 0.120767 	 0.124324
  137 	 0.006937 	 0.121445 	 0.124324
  138 	 0.000049 	 0.121302 	 0.124325
  139 	 0.009491 	 0.122032 	 0.124325
  140 	 0.000196 	 0.118530 	 0.124325
  141 	 0.000784 	 0.121694 	 0.124325
  142 	 0.000049 	 0.119883 	 0.124325
  143 	 0.012426 	 0.122511 	 0.124326
  144 	 0.000392 	 0.120394 	 0.124326
  145 	 0.009498 	 0.121038 	 0.124326
  146 	 0.036476 	 0.122335 	 0.124326
  147 	 0.000392 	 0.121019 	 0.124326
  148 	 0.001567 	 0.118445 	 0.124326
  149 	 0.000098 	 0.121117 	 0.124326
  150 	 0.006256 	 0.119546 	 0.124326
  151 	 0.000049 	 0.120784 	 0.124326
  152 	 0.009491 	 0.122539 	 0.124326
  153 	 0.018845 	 0.121733 	 0.124326
  154 	 0.000196 	 0.122293 	 0.124326
  155 	 0.000049 	 0.119682 	 0.124326
  156 	 0.000196 	 0.121929 	 0.124326
  157 	 0.000098 	 0.117909 	 0.124326
  158 	 0.009498 	 0.122358 	 0.124326
  159 	 0.006250 	 0.121644 	 0.124326
  160 	 0.000784 	 0.121669 	 0.124326
  161 	 0.001567 	 0.120241 	 0.124326
  162 	 0.000049 	 0.121621 	 0.124326
  163 	 0.006250 	 0.119836 	 0.124326
  164 	 0.018844 	 0.123104 	 0.124326
  165 	 0.000784 	 0.121044 	 0.124326
  166 	 0.013697 	 0.122741 	 0.124326
  167 	 0.000049 	 0.118331 	 0.124326
  168 	 0.000098 	 0.123633 	 0.124326
  169 	 0.000049 	 0.120588 	 0.124326
  170 	 0.003131 	 0.122392 	 0.124326
  171 	 0.000784 	 0.120245 	 0.124326
  172 	 0.000392 	 0.121225 	 0.124326
  173 	 0.000098 	 0.120514 	 0.124326
  174 	 0.000049 	 0.118200 	 0.124326
  175 	 0.013697 	 0.122548 	 0.124326
  176 	 0.000196 	 0.122578 	 0.124326
  177 	 0.000196 	 0.120398 	 0.124326
  178 	 0.000784 	 0.120558 	 0.124326
  179 	 0.036467 	 0.122894 	 0.124326
  180 	 0.012425 	 0.122839 	 0.124326
  181 	 0.051588 	 0.122995 	 0.124326
  182 	 0.000098 	 0.117913 	 0.124326
  183 	 0.013697 	 0.122532 	 0.124326
  184 	 0.000098 	 0.122648 	 0.124326
  185 	 0.001567 	 0.121849 	 0.124326
  186 	 0.009498 	 0.121646 	 0.124326
  187 	 0.009491 	 0.122177 	 0.124326
  188 	 0.000784 	 0.121719 	 0.124326
  189 	 0.000392 	 0.121359 	 0.124326
  190 	 0.000098 	 0.120371 	 0.124326
  191 	 0.018844 	 0.121439 	 0.124326
  192 	 0.000098 	 0.120667 	 0.124326
  193 	 0.000049 	 0.121786 	 0.124326
  194 	 0.006254 	 0.120887 	 0.124326
  195 	 0.000784 	 0.120553 	 0.124326
  196 	 0.003131 	 0.120193 	 0.124326
  197 	 0.000098 	 0.120997 	 0.124326
  198 	 0.000196 	 0.122178 	 0.124326
  199 	 0.000049 	 0.119213 	 0.124326
  200 	 0.006254 	 0.122170 	 0.124326
  201 	 0.000196 	 0.119429 	 0.124326
  202 	 0.000098 	 0.117069 	 0.124326
  203 	 0.036467 	 0.123071 	 0.124326
  204 	 0.006250 	 0.122846 	 0.124326
  205 	 0.000784 	 0.120859 	 0.124326
  206 	 0.000098 	 0.122179 	 0.124326
  207 	 0.000049 	 0.120562 	 0.124326
  208 	 0.000392 	 0.121997 	 0.124326
  209 	 0.012425 	 0.122872 	 0.124326
  210 	 0.000049 	 0.120984 	 0.124326
  211 	 0.006250 	 0.121130 	 0.124326
  212 	 0.000049 	 0.120893 	 0.124326
  213 	 0.000196 	 0.120803 	 0.124326
  214 	 0.000392 	 0.120224 	 0.124326
  215 	 0.000196 	 0.122330 	 0.124326
  216 	 0.000196 	 0.121630 	 0.124326
  217 	 0.001567 	 0.119479 	 0.124326
  218 	 0.006250 	 0.122110 	 0.124326
  219 	 0.012425 	 0.120939 	 0.124326
  220 	 0.009498 	 0.121967 	 0.124326
  221 	 0.064903 	 0.123648 	 0.124326
  222 	 0.000784 	 0.121313 	 0.124326
  223 	 0.000784 	 0.120320 	 0.124326
  224 	 0.000196 	 0.122252 	 0.124326
  225 	 0.009491 	 0.119560 	 0.124326
  226 	 0.000098 	 0.120945 	 0.124326
  227 	 0.064903 	 0.123717 	 0.124326
  228 	 0.000392 	 0.121432 	 0.124326
  229 	 0.006937 	 0.121200 	 0.124326
  230 	 0.000392 	 0.120853 	 0.124326
  231 	 0.009491 	 0.121705 	 0.124326
  232 	 0.000392 	 0.119623 	 0.124326
  233 	 0.000784 	 0.121102 	 0.124326
  234 	 0.000098 	 0.120028 	 0.124326
  235 	 0.000392 	 0.119655 	 0.124326
  236 	 0.003131 	 0.121245 	 0.124326
  237 	 0.000392 	 0.121969 	 0.124326
  238 	 0.000049 	 0.121805 	 0.124326
  239 	 0.000049 	 0.121555 	 0.124326
  240 	 0.000049 	 0.119034 	 0.124326
  241 	 0.000392 	 0.118805 	 0.124326
  242 	 0.000098 	 0.121318 	 0.124326
  243 	 0.018911 	 0.123083 	 0.124326
  244 	 0.000196 	 0.121978 	 0.124326
  245 	 0.000392 	 0.121100 	 0.124326
  246 	 0.009491 	 0.121685 	 0.124326
  247 	 0.000392 	 0.122109 	 0.124326
  248 	 0.006250 	 0.122449 	 0.124326
  249 	 0.006937 	 0.121669 	 0.124326
  250 	 0.000098 	 0.120793 	 0.124326
  251 	 0.012475 	 0.122870 	 0.124326
  252 	 0.000098 	 0.120565 	 0.124326
  253 	 0.000196 	 0.121472 	 0.124326
  254 	 0.000049 	 0.119853 	 0.124326
  255 	 0.018844 	 0.122183 	 0.124326
  256 	 0.000196 	 0.121455 	 0.124326
  257 	 0.000098 	 0.119050 	 0.124326
  258 	 0.003131 	 0.123004 	 0.124326
  259 	 0.000392 	 0.121598 	 0.124326
  260 	 0.009498 	 0.123036 	 0.124326
  261 	 0.003131 	 0.120221 	 0.124326
  262 	 0.000049 	 0.120047 	 0.124326
  263 	 0.000098 	 0.120544 	 0.124326
  264 	 0.000198 	 0.121116 	 0.124326
  265 	 0.006250 	 0.120418 	 0.124326
  266 	 0.000098 	 0.121768 	 0.124326
  267 	 0.000098 	 0.121013 	 0.124326
  268 	 0.000098 	 0.121494 	 0.124326
  269 	 0.000049 	 0.119693 	 0.124326
  270 	 0.000392 	 0.123261 	 0.124326
  271 	 0.000049 	 0.121222 	 0.124326
  272 	 0.047253 	 0.123617 	 0.124326
  273 	 0.000049 	 0.120076 	 0.124326
  274 	 0.009491 	 0.121404 	 0.124326
  275 	 0.000049 	 0.122220 	 0.124326
  276 	 0.000784 	 0.122629 	 0.124326
  277 	 0.000095 	 0.119233 	 0.124326
  278 	 0.001567 	 0.122057 	 0.124326
  279 	 0.003131 	 0.122568 	 0.124326
  280 	 0.000784 	 0.118951 	 0.124326
  281 	 0.009498 	 0.121902 	 0.124326
  282 	 0.000196 	 0.120511 	 0.124326
  283 	 0.006250 	 0.121882 	 0.124326
  284 	 0.009491 	 0.121936 	 0.124326
  285 	 0.003131 	 0.120769 	 0.124326
  286 	 0.001567 	 0.121682 	 0.124326
  287 	 0.000784 	 0.122812 	 0.124326
  288 	 0.001567 	 0.121656 	 0.124326
  289 	 0.000196 	 0.120990 	 0.124326
  290 	 0.000784 	 0.120642 	 0.124326
  291 	 0.006937 	 0.121793 	 0.124326
  292 	 0.000049 	 0.122393 	 0.124326
  293 	 0.000049 	 0.121576 	 0.124326
  294 	 0.000392 	 0.122178 	 0.124326
  295 	 0.003131 	 0.120102 	 0.124326
  296 	 0.024803 	 0.121025 	 0.124326
  297 	 0.018844 	 0.122200 	 0.124326
  298 	 0.003131 	 0.121517 	 0.124326
  299 	 0.003131 	 0.120789 	 0.124326
  300 	 0.000049 	 0.119211 	 0.124326
  301 	 0.009498 	 0.120430 	 0.124326
  302 	 0.003131 	 0.122712 	 0.124326
  303 	 0.003131 	 0.121481 	 0.124326
  304 	 0.000196 	 0.122637 	 0.124326
  305 	 0.000196 	 0.121248 	 0.124326
  306 	 0.000784 	 0.120621 	 0.124326
  307 	 0.000784 	 0.122271 	 0.124326
  308 	 0.009491 	 0.120686 	 0.124326
  309 	 0.000098 	 0.122170 	 0.124326
  310 	 0.003131 	 0.121105 	 0.124326
  311 	 0.000784 	 0.121820 	 0.124326
  312 	 0.009498 	 0.121721 	 0.124326
  313 	 0.000098 	 0.118302 	 0.124326
  314 	 0.000098 	 0.119561 	 0.124326
  315 	 0.009063 	 0.122079 	 0.124326
  316 	 0.009491 	 0.121867 	 0.124326
  317 	 0.000098 	 0.119325 	 0.124326
  318 	 0.000392 	 0.123135 	 0.124326
  319 	 0.000098 	 0.120207 	 0.124326
  320 	 0.000196 	 0.120250 	 0.124326
  321 	 0.000784 	 0.121328 	 0.124326
  322 	 0.080770 	 0.123757 	 0.124326
  323 	 0.003131 	 0.119823 	 0.124326
  324 	 0.009491 	 0.122923 	 0.124326
  325 	 0.000196 	 0.120781 	 0.124326
  326 	 0.000784 	 0.121256 	 0.124326
  327 	 0.000784 	 0.121496 	 0.124326
  328 	 0.018911 	 0.123178 	 0.124326
  329 	 0.000098 	 0.120401 	 0.124326
  330 	 0.000049 	 0.118379 	 0.124326
  331 	 0.000049 	 0.121692 	 0.124326
  332 	 0.000049 	 0.120232 	 0.124326
  333 	 0.000193 	 0.120947 	 0.124326
  334 	 0.009498 	 0.122316 	 0.124326
  335 	 0.012425 	 0.122472 	 0.124326
  336 	 0.001567 	 0.120820 	 0.124326
  337 	 0.018844 	 0.122596 	 0.124326
  338 	 0.000196 	 0.122745 	 0.124326
  339 	 0.000098 	 0.122037 	 0.124326
  340 	 0.009210 	 0.121381 	 0.124326
  341 	 0.018911 	 0.120593 	 0.124326
  342 	 0.000784 	 0.121071 	 0.124326
  343 	 0.001567 	 0.120054 	 0.124326
  344 	 0.000049 	 0.119663 	 0.124326
  345 	 0.009491 	 0.120536 	 0.124326
  346 	 0.000392 	 0.121951 	 0.124326
  347 	 0.035597 	 0.122839 	 0.124326
  348 	 0.009491 	 0.122397 	 0.124326
  349 	 0.000098 	 0.119789 	 0.124326
  350 	 0.036467 	 0.122958 	 0.124326
  351 	 0.000196 	 0.122473 	 0.124326
  352 	 0.000392 	 0.118704 	 0.124326
  353 	 0.024803 	 0.120730 	 0.124326
  354 	 0.000049 	 0.121355 	 0.124326
  355 	 0.000196 	 0.120622 	 0.124326
  356 	 0.000098 	 0.119336 	 0.124326
  357 	 0.003131 	 0.120809 	 0.124326
  358 	 0.000049 	 0.120494 	 0.124326
  359 	 0.000098 	 0.120738 	 0.124326
  360 	 0.003124 	 0.122887 	 0.124326
  361 	 0.001567 	 0.121163 	 0.124326
  362 	 0.000098 	 0.119555 	 0.124326
  363 	 0.000784 	 0.120402 	 0.124326
  364 	 0.000196 	 0.122304 	 0.124326
  365 	 0.000098 	 0.121079 	 0.124326
  366 	 0.006937 	 0.118799 	 0.124326
  367 	 0.000392 	 0.122336 	 0.124326
  368 	 0.000196 	 0.122390 	 0.124326
  369 	 0.000049 	 0.120609 	 0.124326
  370 	 0.000049 	 0.120332 	 0.124326
  371 	 0.000049 	 0.121528 	 0.124326
  372 	 0.000049 	 0.122152 	 0.124326
  373 	 0.000049 	 0.120600 	 0.124326
  374 	 0.026769 	 0.123251 	 0.124326
  375 	 0.000196 	 0.119703 	 0.124326
  376 	 0.009498 	 0.122102 	 0.124326
  377 	 0.009491 	 0.121713 	 0.124326
  378 	 0.000098 	 0.121165 	 0.124326
  379 	 0.018844 	 0.122413 	 0.124326
  380 	 0.006937 	 0.121711 	 0.124326
  381 	 0.000049 	 0.122618 	 0.124326
  382 	 0.000049 	 0.119082 	 0.124326
  383 	 0.000098 	 0.122116 	 0.124326
  384 	 0.018844 	 0.121821 	 0.124326
  385 	 0.000392 	 0.121738 	 0.124326
  386 	 0.000049 	 0.120622 	 0.124326
  387 	 0.000196 	 0.119349 	 0.124326
  388 	 0.000049 	 0.122108 	 0.124326
  389 	 0.000049 	 0.120621 	 0.124326
  390 	 0.000049 	 0.121239 	 0.124326
  391 	 0.000098 	 0.120771 	 0.124326
  392 	 0.000784 	 0.122309 	 0.124326
  393 	 0.036467 	 0.123379 	 0.124326
  394 	 0.000049 	 0.118624 	 0.124326
  395 	 0.001567 	 0.120627 	 0.124326
  396 	 0.000049 	 0.120028 	 0.124326
  397 	 0.001567 	 0.122315 	 0.124326
  398 	 0.001567 	 0.120775 	 0.124326
  399 	 0.000098 	 0.120179 	 0.124326
  400 	 0.000049 	 0.119652 	 0.124326
  401 	 0.026769 	 0.122702 	 0.124326
  402 	 0.000049 	 0.120167 	 0.124326
  403 	 0.001567 	 0.120741 	 0.124326
  404 	 0.006250 	 0.122209 	 0.124326
  405 	 0.012425 	 0.123165 	 0.124326
  406 	 0.006937 	 0.121533 	 0.124326
  407 	 0.000784 	 0.122261 	 0.124326
  408 	 0.000049 	 0.120676 	 0.124326
  409 	 0.009498 	 0.123031 	 0.124326
  410 	 0.000098 	 0.121290 	 0.124326
  411 	 0.018911 	 0.121601 	 0.124326
  412 	 0.009498 	 0.120996 	 0.124326
  413 	 0.018609 	 0.120988 	 0.124326
  414 	 0.000098 	 0.119497 	 0.124326
  415 	 0.006250 	 0.121579 	 0.124326
  416 	 0.000196 	 0.119095 	 0.124326
  417 	 0.006937 	 0.123255 	 0.124326
  418 	 0.000197 	 0.120111 	 0.124326
  419 	 0.000392 	 0.121337 	 0.124326
  420 	 0.000098 	 0.120339 	 0.124326
  421 	 0.018844 	 0.123010 	 0.124326
  422 	 0.000392 	 0.121595 	 0.124326
  423 	 0.000098 	 0.121765 	 0.124326
  424 	 0.000196 	 0.119595 	 0.124326
  425 	 0.000098 	 0.120148 	 0.124326
  426 	 0.000098 	 0.118509 	 0.124326
  427 	 0.018844 	 0.121654 	 0.124326
  428 	 0.000392 	 0.120301 	 0.124326
  429 	 0.001567 	 0.121735 	 0.124326
  430 	 0.001567 	 0.122766 	 0.124326
  431 	 0.000784 	 0.122385 	 0.124326
  432 	 0.000196 	 0.122246 	 0.124326
  433 	 0.018844 	 0.122735 	 0.124326
  434 	 0.006937 	 0.121884 	 0.124326
  435 	 0.009491 	 0.119546 	 0.124326
  436 	 0.000196 	 0.122599 	 0.124326
  437 	 0.000784 	 0.122352 	 0.124326
  438 	 0.035597 	 0.123190 	 0.124326
  439 	 0.012928 	 0.121988 	 0.124326
  440 	 0.018844 	 0.122597 	 0.124326
  441 	 0.000049 	 0.121194 	 0.124326
  442 	 0.000098 	 0.119370 	 0.124326
  443 	 0.003131 	 0.121104 	 0.124326
  444 	 0.000049 	 0.119296 	 0.124326
  445 	 0.000049 	 0.122226 	 0.124326
  446 	 0.000196 	 0.120990 	 0.124326
  447 	 0.018844 	 0.122223 	 0.124326
  448 	 0.000049 	 0.122305 	 0.124326
  449 	 0.000098 	 0.120158 	 0.124326
  450 	 0.009491 	 0.121269 	 0.124326
  451 	 0.000098 	 0.120790 	 0.124326
  452 	 0.018844 	 0.122527 	 0.124326
  453 	 0.000049 	 0.120870 	 0.124326
  454 	 0.000784 	 0.121303 	 0.124326
  455 	 0.000049 	 0.119610 	 0.124326
  456 	 0.000049 	 0.120923 	 0.124326
  457 	 0.006937 	 0.123176 	 0.124326
  458 	 0.000049 	 0.121442 	 0.124326
  459 	 0.000049 	 0.120914 	 0.124326
  460 	 0.024803 	 0.121590 	 0.124326
  461 	 0.000784 	 0.121276 	 0.124326
  462 	 0.000196 	 0.121179 	 0.124326
  463 	 0.000098 	 0.120816 	 0.124326
  464 	 0.000784 	 0.120654 	 0.124326
  465 	 0.000196 	 0.119007 	 0.124326
  466 	 0.000784 	 0.120859 	 0.124326
  467 	 0.000196 	 0.119082 	 0.124326
  468 	 0.003131 	 0.122606 	 0.124326
  469 	 0.000784 	 0.121969 	 0.124326
  470 	 0.000098 	 0.120075 	 0.124326
  471 	 0.000098 	 0.119488 	 0.124326
  472 	 0.000049 	 0.122893 	 0.124326
  473 	 0.001567 	 0.120976 	 0.124326
  474 	 0.006250 	 0.122799 	 0.124326
  475 	 0.003131 	 0.121365 	 0.124326
  476 	 0.000098 	 0.122255 	 0.124326
  477 	 0.000392 	 0.121629 	 0.124326
  478 	 0.000049 	 0.121447 	 0.124326
  479 	 0.013697 	 0.121180 	 0.124326
  480 	 0.000392 	 0.121278 	 0.124326
  481 	 0.003131 	 0.121669 	 0.124326
  482 	 0.042437 	 0.123041 	 0.124326
  483 	 0.009498 	 0.121599 	 0.124326
  484 	 0.018844 	 0.121981 	 0.124326
  485 	 0.000196 	 0.120581 	 0.124326
  486 	 0.000098 	 0.119269 	 0.124326
  487 	 0.024803 	 0.121846 	 0.124326
  488 	 0.000392 	 0.121319 	 0.124326
  489 	 0.003131 	 0.121538 	 0.124326
  490 	 0.000784 	 0.121012 	 0.124326
  491 	 0.000784 	 0.120892 	 0.124326
  492 	 0.018844 	 0.122194 	 0.124326
  493 	 0.000784 	 0.118783 	 0.124326
  494 	 0.000098 	 0.119642 	 0.124326
  495 	 0.000049 	 0.120907 	 0.124326
  496 	 0.012425 	 0.120828 	 0.124326
  497 	 0.000392 	 0.122753 	 0.124326
  498 	 0.000049 	 0.119949 	 0.124326
  499 	 0.000784 	 0.121364 	 0.124326
 