   0 	 0.000049 	 0.000417 	 0.019012
    1 	 0.000079 	 0.000732 	 0.011754
    2 	 0.000050 	 0.001436 	 0.011754
    3 	 0.000050 	 0.002716 	 0.024545
    4 	 0.000100 	 0.004782 	 0.037059
    5 	 0.000050 	 0.007748 	 0.041924
    6 	 0.000097 	 0.010348 	 0.057642
    7 	 0.000099 	 0.013222 	 0.060144
    8 	 0.000098 	 0.015164 	 0.096809
    9 	 0.000049 	 0.017691 	 0.068067
   10 	 0.000049 	 0.021941 	 0.071776
   11 	 0.000099 	 0.027401 	 0.094639
   12 	 0.007510 	 0.032872 	 0.088460
   13 	 0.000049 	 0.037230 	 0.105380
   14 	 0.000098 	 0.041783 	 0.109021
   15 	 0.000196 	 0.043808 	 0.116159
   16 	 0.001550 	 0.049909 	 0.119532
   17 	 0.009938 	 0.057797 	 0.145341
   18 	 0.000049 	 0.063040 	 0.145431
   19 	 0.000098 	 0.071791 	 0.150558
   20 	 0.000098 	 0.080058 	 0.160889
   21 	 0.001574 	 0.085115 	 0.143279
   22 	 0.000098 	 0.097136 	 0.161641
   23 	 0.003029 	 0.105667 	 0.161648
   24 	 0.000196 	 0.114849 	 0.178344
   25 	 0.000098 	 0.116809 	 0.178344
   26 	 0.003094 	 0.121625 	 0.178496
   27 	 0.001566 	 0.127177 	 0.178125
   28 	 0.000785 	 0.127359 	 0.178778
   29 	 0.018248 	 0.132803 	 0.178778
   30 	 0.000196 	 0.138196 	 0.178778
   31 	 0.000196 	 0.137371 	 0.188757
   32 	 0.000049 	 0.147898 	 0.191057
   33 	 0.003103 	 0.153323 	 0.210868
   34 	 0.000196 	 0.148611 	 0.214679
   35 	 0.000785 	 0.157634 	 0.214679
   36 	 0.000196 	 0.164830 	 0.240404
   37 	 0.009548 	 0.162704 	 0.238194
   38 	 0.001572 	 0.164913 	 0.238122
   39 	 0.007106 	 0.166998 	 0.236402
   40 	 0.019448 	 0.171717 	 0.236402
   41 	 0.051707 	 0.182632 	 0.242187
   42 	 0.001566 	 0.182759 	 0.242511
   43 	 0.000196 	 0.181138 	 0.251112
   44 	 0.000049 	 0.199360 	 0.244042
   45 	 0.000098 	 0.207349 	 0.246871
   46 	 0.013911 	 0.211554 	 0.251246
   47 	 0.001570 	 0.218914 	 0.255743
   48 	 0.000049 	 0.219180 	 0.269801
   49 	 0.000196 	 0.231775 	 0.270994
   50 	 0.006235 	 0.233710 	 0.277024
   51 	 0.000784 	 0.232276 	 0.277024
   52 	 0.000049 	 0.233345 	 0.277561
   53 	 0.009550 	 0.239250 	 0.284313
   54 	 0.037969 	 0.243009 	 0.283015
   55 	 0.000196 	 0.242603 	 0.282467
   56 	 0.000049 	 0.248026 	 0.289363
   57 	 0.009557 	 0.252303 	 0.290913
   58 	 0.000392 	 0.253498 	 0.293072
   59 	 0.019161 	 0.267808 	 0.293072
   60 	 0.000196 	 0.266952 	 0.293119
   61 	 0.006900 	 0.278384 	 0.298350
   62 	 0.000783 	 0.277749 	 0.301165
   63 	 0.000196 	 0.273438 	 0.312261
   64 	 0.000098 	 0.282450 	 0.312780
   65 	 0.000049 	 0.285591 	 0.316490
   66 	 0.003130 	 0.295374 	 0.316490
   67 	 0.000098 	 0.284045 	 0.326514
   68 	 0.000784 	 0.298015 	 0.329626
   69 	 0.006929 	 0.301890 	 0.331538
   70 	 0.001568 	 0.302145 	 0.334474
   71 	 0.012519 	 0.308450 	 0.334202
   72 	 0.000049 	 0.309924 	 0.335955
   73 	 0.000196 	 0.313452 	 0.336606
   74 	 0.000049 	 0.318638 	 0.337130
   75 	 0.000392 	 0.323349 	 0.337130
   76 	 0.000784 	 0.314652 	 0.337130
   77 	 0.000049 	 0.328258 	 0.337717
   78 	 0.000196 	 0.323096 	 0.337604
   79 	 0.076196 	 0.330840 	 0.339385
   80 	 0.000392 	 0.321234 	 0.339385
   81 	 0.006922 	 0.332022 	 0.339520
   82 	 0.000196 	 0.320881 	 0.339561
   83 	 0.000392 	 0.332024 	 0.340513
   84 	 0.000784 	 0.327992 	 0.341372
   85 	 0.000392 	 0.321554 	 0.341848
   86 	 0.009474 	 0.327626 	 0.341871
   87 	 0.000392 	 0.329080 	 0.342657
   88 	 0.018918 	 0.333468 	 0.343095
   89 	 0.003134 	 0.328345 	 0.343282
   90 	 0.000392 	 0.324927 	 0.344350
   91 	 0.000098 	 0.325526 	 0.344350
   92 	 0.000049 	 0.329252 	 0.344866
   93 	 0.000049 	 0.330433 	 0.344879
   94 	 0.000098 	 0.325703 	 0.344931
   95 	 0.000784 	 0.336934 	 0.345300
   96 	 0.009531 	 0.335813 	 0.345846
   97 	 0.000049 	 0.324416 	 0.345425
   98 	 0.006262 	 0.335203 	 0.345425
   99 	 0.001567 	 0.336629 	 0.345425
  100 	 0.000196 	 0.327836 	 0.345425
  101 	 0.000049 	 0.321012 	 0.345438
  102 	 0.000098 	 0.333262 	 0.345812
  103 	 0.000049 	 0.329016 	 0.345812
  104 	 0.003134 	 0.331875 	 0.345589
  105 	 0.000049 	 0.330656 	 0.345522
  106 	 0.009468 	 0.334216 	 0.345527
  107 	 0.000049 	 0.332226 	 0.345613
  108 	 0.001567 	 0.338736 	 0.345670
  109 	 0.013856 	 0.334642 	 0.345809
  110 	 0.000098 	 0.333110 	 0.345809
  111 	 0.000098 	 0.333467 	 0.345809
  112 	 0.043870 	 0.342454 	 0.345821
  113 	 0.000784 	 0.335284 	 0.345809
  114 	 0.000392 	 0.330799 	 0.345821
  115 	 0.009470 	 0.335271 	 0.345835
  116 	 0.038179 	 0.335748 	 0.345835
  117 	 0.000196 	 0.333745 	 0.345824
  118 	 0.000392 	 0.333079 	 0.345833
  119 	 0.000049 	 0.335463 	 0.345834
  120 	 0.000049 	 0.329099 	 0.345843
  121 	 0.000098 	 0.333607 	 0.345854
  122 	 0.006927 	 0.327491 	 0.346255
  123 	 0.018948 	 0.334258 	 0.346255
  124 	 0.000098 	 0.331036 	 0.346255
  125 	 0.000049 	 0.336031 	 0.346255
  126 	 0.001568 	 0.327503 	 0.346255
  127 	 0.000049 	 0.325155 	 0.346256
  128 	 0.000196 	 0.334586 	 0.346256
  129 	 0.003134 	 0.333197 	 0.346256
  130 	 0.000049 	 0.331834 	 0.346258
  131 	 0.000049 	 0.330780 	 0.346258
  132 	 0.027680 	 0.339666 	 0.346386
  133 	 0.013860 	 0.336925 	 0.346386
  134 	 0.000392 	 0.334540 	 0.346386
  135 	 0.009472 	 0.336000 	 0.346386
  136 	 0.000049 	 0.330086 	 0.346324
  137 	 0.000098 	 0.327731 	 0.346324
  138 	 0.000196 	 0.335898 	 0.346324
  139 	 0.001567 	 0.330013 	 0.346324
  140 	 0.000392 	 0.331945 	 0.346445
  141 	 0.000784 	 0.335187 	 0.346445
  142 	 0.095338 	 0.342498 	 0.346373
  143 	 0.042765 	 0.338947 	 0.346429
  144 	 0.006264 	 0.337322 	 0.346445
  145 	 0.000049 	 0.333397 	 0.346445
  146 	 0.000098 	 0.334583 	 0.346445
  147 	 0.000784 	 0.336439 	 0.346447
  148 	 0.000098 	 0.331507 	 0.346447
  149 	 0.000196 	 0.332969 	 0.346447
  150 	 0.000049 	 0.331542 	 0.346447
  151 	 0.000196 	 0.326194 	 0.346447
  152 	 0.009540 	 0.342735 	 0.346447
  153 	 0.000196 	 0.334243 	 0.346447
  154 	 0.000196 	 0.329511 	 0.346447
  155 	 0.000049 	 0.336172 	 0.346447
  156 	 0.024936 	 0.335448 	 0.346447
  157 	 0.001568 	 0.341217 	 0.346447
  158 	 0.001568 	 0.328513 	 0.346447
  159 	 0.001568 	 0.334279 	 0.346447
  160 	 0.000049 	 0.327968 	 0.346447
  161 	 0.000392 	 0.339521 	 0.346447
  162 	 0.000098 	 0.334594 	 0.346447
  163 	 0.000049 	 0.340630 	 0.346447
  164 	 0.000098 	 0.333590 	 0.346447
  165 	 0.006265 	 0.335892 	 0.346447
  166 	 0.000196 	 0.329808 	 0.346447
  167 	 0.000196 	 0.335075 	 0.346447
  168 	 0.013853 	 0.335269 	 0.346447
  169 	 0.009475 	 0.334061 	 0.346447
  170 	 0.000784 	 0.335688 	 0.346447
  171 	 0.000049 	 0.338457 	 0.346447
  172 	 0.006187 	 0.337017 	 0.346447
  173 	 0.000196 	 0.334355 	 0.346447
  174 	 0.006265 	 0.337142 	 0.346447
  175 	 0.000098 	 0.337084 	 0.346447
  176 	 0.000196 	 0.329913 	 0.346447
  177 	 0.000049 	 0.337574 	 0.346447
  178 	 0.000196 	 0.336634 	 0.346447
  179 	 0.013853 	 0.334114 	 0.346447
  180 	 0.009474 	 0.336214 	 0.346447
  181 	 0.037650 	 0.338395 	 0.346447
  182 	 0.000049 	 0.333536 	 0.346447
  183 	 0.018887 	 0.340837 	 0.346447
  184 	 0.000098 	 0.333119 	 0.346447
  185 	 0.003134 	 0.328158 	 0.346447
  186 	 0.043952 	 0.339776 	 0.346447
  187 	 0.001568 	 0.332018 	 0.346447
  188 	 0.000049 	 0.325094 	 0.346447
  189 	 0.000098 	 0.335640 	 0.346447
  190 	 0.001568 	 0.327780 	 0.346447
  191 	 0.000196 	 0.335447 	 0.346447
  192 	 0.006265 	 0.335035 	 0.346447
  193 	 0.000392 	 0.335342 	 0.346447
  194 	 0.013854 	 0.333371 	 0.346447
  195 	 0.000049 	 0.330686 	 0.346447
  196 	 0.000049 	 0.332982 	 0.346447
  197 	 0.000784 	 0.338394 	 0.346447
  198 	 0.003134 	 0.339151 	 0.346447
  199 	 0.000049 	 0.325498 	 0.346447
  200 	 0.000392 	 0.330317 	 0.346447
  201 	 0.001568 	 0.336209 	 0.346447
  202 	 0.000049 	 0.331233 	 0.346447
  203 	 0.000196 	 0.329938 	 0.346447
  204 	 0.000098 	 0.327950 	 0.346447
  205 	 0.000049 	 0.336074 	 0.346447
  206 	 0.000098 	 0.333919 	 0.346447
  207 	 0.006925 	 0.337087 	 0.346447
  208 	 0.000098 	 0.331123 	 0.346447
  209 	 0.018968 	 0.338592 	 0.346447
  210 	 0.000098 	 0.328511 	 0.346447
  211 	 0.000196 	 0.334856 	 0.346447
  212 	 0.000049 	 0.330308 	 0.346447
  213 	 0.000196 	 0.335154 	 0.346447
  214 	 0.000392 	 0.334606 	 0.346447
  215 	 0.000784 	 0.334329 	 0.346447
  216 	 0.000098 	 0.335470 	 0.346447
  217 	 0.009474 	 0.331937 	 0.346447
  218 	 0.003134 	 0.334560 	 0.346447
  219 	 0.000784 	 0.330128 	 0.346447
  220 	 0.000392 	 0.335017 	 0.346447
  221 	 0.009474 	 0.342658 	 0.346447
  222 	 0.018968 	 0.336945 	 0.346447
  223 	 0.000392 	 0.328133 	 0.346447
  224 	 0.001568 	 0.332742 	 0.346447
  225 	 0.012513 	 0.337758 	 0.346447
  226 	 0.006265 	 0.329602 	 0.346447
  227 	 0.000784 	 0.334178 	 0.346447
  228 	 0.000049 	 0.342195 	 0.346447
  229 	 0.000049 	 0.334487 	 0.346447
  230 	 0.000049 	 0.334583 	 0.346447
  231 	 0.000098 	 0.340356 	 0.346447
  232 	 0.000784 	 0.336086 	 0.346447
  233 	 0.000392 	 0.335821 	 0.346447
  234 	 0.000392 	 0.338127 	 0.346447
  235 	 0.000392 	 0.330004 	 0.346447
  236 	 0.012513 	 0.340603 	 0.346447
  237 	 0.000196 	 0.337681 	 0.346447
  238 	 0.000098 	 0.334372 	 0.346447
  239 	 0.003134 	 0.336057 	 0.346447
  240 	 0.000392 	 0.334955 	 0.346447
  241 	 0.000196 	 0.335904 	 0.346447
  242 	 0.000098 	 0.334685 	 0.346447
  243 	 0.085761 	 0.341858 	 0.346447
  244 	 0.009540 	 0.338213 	 0.346447
  245 	 0.006265 	 0.330708 	 0.346447
  246 	 0.009474 	 0.336957 	 0.346447
  247 	 0.001568 	 0.327435 	 0.346447
  248 	 0.000049 	 0.326927 	 0.346447
  249 	 0.000049 	 0.327939 	 0.346447
  250 	 0.000049 	 0.327627 	 0.346447
  251 	 0.018968 	 0.338051 	 0.346447
  252 	 0.000049 	 0.329741 	 0.346447
  253 	 0.000049 	 0.330629 	 0.346447
  254 	 0.000784 	 0.327915 	 0.346447
  255 	 0.000392 	 0.330373 	 0.346447
  256 	 0.006265 	 0.331886 	 0.346447
  257 	 0.000784 	 0.335470 	 0.346447
  258 	 0.009509 	 0.338941 	 0.346447
  259 	 0.000098 	 0.335859 	 0.346447
  260 	 0.073562 	 0.339880 	 0.346447
  261 	 0.000784 	 0.335178 	 0.346447
  262 	 0.013854 	 0.338380 	 0.346447
  263 	 0.000049 	 0.330979 	 0.346447
  264 	 0.000098 	 0.334378 	 0.346447
  265 	 0.000098 	 0.334161 	 0.346447
  266 	 0.000098 	 0.329357 	 0.346447
  267 	 0.000196 	 0.335204 	 0.346447
  268 	 0.000196 	 0.334930 	 0.346447
  269 	 0.000098 	 0.334153 	 0.346447
  270 	 0.013854 	 0.331905 	 0.346447
  271 	 0.000784 	 0.329041 	 0.346447
  272 	 0.049316 	 0.336922 	 0.346447
  273 	 0.009540 	 0.335764 	 0.346447
  274 	 0.000784 	 0.329322 	 0.346447
  275 	 0.000049 	 0.335065 	 0.346447
  276 	 0.000098 	 0.330884 	 0.346447
  277 	 0.000392 	 0.332360 	 0.346447
  278 	 0.037553 	 0.339871 	 0.346447
  279 	 0.000098 	 0.332698 	 0.346447
  280 	 0.001568 	 0.336141 	 0.346447
  281 	 0.000049 	 0.330667 	 0.346447
  282 	 0.000049 	 0.329505 	 0.346447
  283 	 0.001568 	 0.328174 	 0.346447
  284 	 0.006925 	 0.340306 	 0.346447
  285 	 0.000049 	 0.332908 	 0.346447
  286 	 0.009540 	 0.333704 	 0.346447
  287 	 0.000196 	 0.331525 	 0.346447
  288 	 0.000392 	 0.342165 	 0.346447
  289 	 0.071455 	 0.337001 	 0.346447
  290 	 0.009540 	 0.337182 	 0.346447
  291 	 0.000098 	 0.332080 	 0.346447
  292 	 0.000197 	 0.330079 	 0.346447
  293 	 0.006265 	 0.332209 	 0.346447
  294 	 0.000784 	 0.335689 	 0.346447
  295 	 0.000196 	 0.331989 	 0.346447
  296 	 0.000049 	 0.332936 	 0.346447
  297 	 0.000049 	 0.332083 	 0.346447
  298 	 0.001568 	 0.333106 	 0.346447
  299 	 0.000196 	 0.336468 	 0.346447
  300 	 0.000392 	 0.331782 	 0.346447
  301 	 0.024934 	 0.339955 	 0.346447
  302 	 0.000392 	 0.334075 	 0.346447
  303 	 0.049316 	 0.337322 	 0.346447
  304 	 0.001568 	 0.335992 	 0.346447
  305 	 0.009540 	 0.336539 	 0.346447
  306 	 0.000049 	 0.328672 	 0.346447
  307 	 0.006925 	 0.337042 	 0.346447
  308 	 0.000098 	 0.327413 	 0.346447
  309 	 0.006265 	 0.335680 	 0.346447
  310 	 0.018887 	 0.335952 	 0.346447
  311 	 0.006925 	 0.334362 	 0.346447
  312 	 0.018968 	 0.331700 	 0.346447
  313 	 0.000049 	 0.331870 	 0.346447
  314 	 0.000392 	 0.335713 	 0.346447
  315 	 0.018968 	 0.338850 	 0.346447
  316 	 0.000196 	 0.339190 	 0.346447
  317 	 0.000049 	 0.332429 	 0.346447
  318 	 0.000392 	 0.332338 	 0.346447
  319 	 0.003134 	 0.334837 	 0.346447
  320 	 0.000049 	 0.327516 	 0.346447
  321 	 0.000098 	 0.332798 	 0.346447
  322 	 0.000392 	 0.331403 	 0.346447
  323 	 0.001568 	 0.338582 	 0.346447
  324 	 0.000392 	 0.332040 	 0.346447
  325 	 0.009540 	 0.333630 	 0.346447
  326 	 0.000392 	 0.334480 	 0.346447
  327 	 0.000392 	 0.327721 	 0.346447
  328 	 0.000784 	 0.330818 	 0.346447
  329 	 0.000098 	 0.334592 	 0.346447
  330 	 0.000784 	 0.327630 	 0.346447
  331 	 0.000196 	 0.333533 	 0.346447
  332 	 0.000049 	 0.332204 	 0.346447
  333 	 0.000049 	 0.335963 	 0.346447
  334 	 0.006925 	 0.340063 	 0.346447
  335 	 0.000196 	 0.334703 	 0.346447
  336 	 0.000392 	 0.336844 	 0.346447
  337 	 0.024934 	 0.339237 	 0.346447
  338 	 0.018968 	 0.334380 	 0.346447
  339 	 0.000784 	 0.334399 	 0.346447
  340 	 0.001568 	 0.332807 	 0.346447
  341 	 0.001568 	 0.330649 	 0.346447
  342 	 0.012513 	 0.335747 	 0.346447
  343 	 0.038123 	 0.338198 	 0.346447
  344 	 0.003136 	 0.328824 	 0.346447
  345 	 0.006265 	 0.339487 	 0.346447
  346 	 0.000098 	 0.332981 	 0.346447
  347 	 0.018887 	 0.333711 	 0.346447
  348 	 0.000049 	 0.337850 	 0.346447
  349 	 0.000098 	 0.326235 	 0.346447
  350 	 0.000392 	 0.328578 	 0.346447
  351 	 0.000196 	 0.333014 	 0.346447
  352 	 0.000392 	 0.337684 	 0.346447
  353 	 0.000392 	 0.334682 	 0.346447
  354 	 0.001568 	 0.340245 	 0.346447
  355 	 0.000392 	 0.338765 	 0.346447
  356 	 0.003134 	 0.330275 	 0.346447
  357 	 0.000098 	 0.338781 	 0.346447
  358 	 0.000784 	 0.332466 	 0.346447
  359 	 0.000784 	 0.334915 	 0.346447
  360 	 0.043952 	 0.341748 	 0.346447
  361 	 0.001568 	 0.331610 	 0.346447
  362 	 0.000049 	 0.330554 	 0.346447
  363 	 0.000392 	 0.329160 	 0.346447
  364 	 0.027656 	 0.336422 	 0.346447
  365 	 0.000392 	 0.336288 	 0.346447
  366 	 0.013854 	 0.336375 	 0.346447
  367 	 0.000049 	 0.327764 	 0.346447
  368 	 0.000049 	 0.331562 	 0.346447
  369 	 0.000196 	 0.337373 	 0.346447
  370 	 0.013854 	 0.339292 	 0.346447
  371 	 0.003134 	 0.334402 	 0.346447
  372 	 0.000784 	 0.329785 	 0.346447
  373 	 0.000196 	 0.335009 	 0.346447
  374 	 0.001568 	 0.333070 	 0.346447
  375 	 0.000049 	 0.337714 	 0.346447
  376 	 0.000098 	 0.333061 	 0.346447
  377 	 0.085761 	 0.341435 	 0.346447
  378 	 0.001568 	 0.337861 	 0.346447
  379 	 0.018887 	 0.337458 	 0.346447
  380 	 0.000392 	 0.331000 	 0.346447
  381 	 0.000784 	 0.321609 	 0.346447
  382 	 0.000098 	 0.331927 	 0.346447
  383 	 0.000392 	 0.335009 	 0.346447
  384 	 0.027656 	 0.333355 	 0.346447
  385 	 0.000049 	 0.331280 	 0.346447
  386 	 0.000049 	 0.333189 	 0.346447
  387 	 0.000392 	 0.333898 	 0.346447
  388 	 0.000196 	 0.332133 	 0.346447
  389 	 0.000784 	 0.338549 	 0.346447
  390 	 0.012513 	 0.332471 	 0.346447
  391 	 0.003135 	 0.335042 	 0.346447
  392 	 0.000098 	 0.334297 	 0.346447
  393 	 0.000784 	 0.335631 	 0.346447
  394 	 0.000196 	 0.331018 	 0.346447
  395 	 0.006925 	 0.335833 	 0.346447
  396 	 0.006925 	 0.329484 	 0.346447
  397 	 0.142592 	 0.343839 	 0.346447
  398 	 0.000098 	 0.338970 	 0.346447
  399 	 0.000097 	 0.338654 	 0.346447
  400 	 0.000394 	 0.334262 	 0.346447
  401 	 0.000049 	 0.335966 	 0.346447
  402 	 0.000196 	 0.330726 	 0.346447
  403 	 0.009474 	 0.336615 	 0.346447
  404 	 0.000784 	 0.333565 	 0.346447
  405 	 0.000196 	 0.329190 	 0.346447
  406 	 0.000049 	 0.329368 	 0.346447
  407 	 0.000392 	 0.333988 	 0.346447
  408 	 0.000784 	 0.333601 	 0.346447
  409 	 0.009540 	 0.341773 	 0.346447
  410 	 0.000784 	 0.334607 	 0.346447
  411 	 0.000784 	 0.333905 	 0.346447
  412 	 0.024884 	 0.339484 	 0.346447
  413 	 0.000392 	 0.335091 	 0.346447
  414 	 0.000392 	 0.338058 	 0.346447
  415 	 0.000049 	 0.325449 	 0.346447
  416 	 0.000196 	 0.339512 	 0.346447
  417 	 0.000049 	 0.331068 	 0.346447
  418 	 0.000049 	 0.334376 	 0.346447
  419 	 0.043952 	 0.341198 	 0.346447
  420 	 0.001568 	 0.334043 	 0.346447
  421 	 0.000098 	 0.327999 	 0.346447
  422 	 0.000196 	 0.333955 	 0.346447
  423 	 0.027656 	 0.340977 	 0.346447
  424 	 0.000049 	 0.334434 	 0.346447
  425 	 0.000098 	 0.333050 	 0.346447
  426 	 0.003134 	 0.331355 	 0.346447
  427 	 0.009474 	 0.333155 	 0.346447
  428 	 0.000784 	 0.333558 	 0.346447
  429 	 0.000049 	 0.332981 	 0.346447
  430 	 0.000196 	 0.335085 	 0.346447
  431 	 0.013854 	 0.339811 	 0.346447
  432 	 0.000098 	 0.330938 	 0.346447
  433 	 0.000049 	 0.336031 	 0.346447
  434 	 0.000049 	 0.333787 	 0.346447
  435 	 0.000196 	 0.328968 	 0.346447
  436 	 0.000784 	 0.334030 	 0.346447
  437 	 0.000392 	 0.330512 	 0.346447
  438 	 0.000392 	 0.333149 	 0.346447
  439 	 0.018887 	 0.331732 	 0.346447
  440 	 0.000196 	 0.337723 	 0.346447
  441 	 0.000784 	 0.331185 	 0.346447
  442 	 0.003134 	 0.337807 	 0.346447
  443 	 0.000098 	 0.340275 	 0.346447
  444 	 0.006925 	 0.334794 	 0.346447
  445 	 0.000196 	 0.334580 	 0.346447
  446 	 0.009585 	 0.340103 	 0.346447
  447 	 0.012513 	 0.333400 	 0.346447
  448 	 0.000784 	 0.328016 	 0.346447
  449 	 0.000392 	 0.332360 	 0.346447
  450 	 0.000196 	 0.332741 	 0.346447
  451 	 0.000392 	 0.331186 	 0.346447
  452 	 0.000196 	 0.335117 	 0.346447
  453 	 0.018887 	 0.336800 	 0.346447
  454 	 0.000196 	 0.332654 	 0.346447
  455 	 0.000196 	 0.333896 	 0.346447
  456 	 0.009540 	 0.337929 	 0.346447
  457 	 0.000196 	 0.333748 	 0.346447
  458 	 0.018887 	 0.336530 	 0.346447
  459 	 0.000392 	 0.334420 	 0.346447
  460 	 0.000049 	 0.333717 	 0.346447
  461 	 0.000196 	 0.330699 	 0.346447
  462 	 0.009540 	 0.336030 	 0.346447
  463 	 0.028597 	 0.338286 	 0.346447
  464 	 0.000049 	 0.332899 	 0.346447
  465 	 0.000196 	 0.330933 	 0.346447
  466 	 0.000196 	 0.331686 	 0.346447
  467 	 0.001568 	 0.331425 	 0.346447
  468 	 0.000196 	 0.338907 	 0.346447
  469 	 0.009540 	 0.332931 	 0.346447
  470 	 0.000098 	 0.332889 	 0.346447
  471 	 0.000098 	 0.334379 	 0.346447
  472 	 0.001568 	 0.339081 	 0.346447
  473 	 0.012513 	 0.328809 	 0.346447
  474 	 0.003134 	 0.334914 	 0.346447
  475 	 0.000049 	 0.329881 	 0.346447
  476 	 0.000196 	 0.333919 	 0.346447
  477 	 0.000098 	 0.338020 	 0.346447
  478 	 0.000392 	 0.335721 	 0.346447
  479 	 0.013854 	 0.334104 	 0.346447
  480 	 0.000049 	 0.335483 	 0.346447
  481 	 0.000392 	 0.329979 	 0.346447
  482 	 0.000784 	 0.341142 	 0.346447
  483 	 0.000049 	 0.331933 	 0.346447
  484 	 0.000098 	 0.331635 	 0.346447
  485 	 0.000049 	 0.332518 	 0.346447
  486 	 0.000049 	 0.333945 	 0.346447
  487 	 0.000784 	 0.333255 	 0.346447
  488 	 0.000196 	 0.326136 	 0.346447
  489 	 0.000098 	 0.330746 	 0.346447
  490 	 0.000392 	 0.335002 	 0.346447
  491 	 0.000784 	 0.332755 	 0.346447
  492 	 0.000392 	 0.333650 	 0.346447
  493 	 0.000098 	 0.335581 	 0.346447
  494 	 0.009474 	 0.330730 	 0.346447
  495 	 0.001568 	 0.334964 	 0.346447
  496 	 0.000049 	 0.324675 	 0.346447
  497 	 0.000098 	 0.332154 	 0.346447
  498 	 0.000784 	 0.339244 	 0.346447
  499 	 0.000196 	 0.334867 	 0.346447
 