   0 	 0.000049 	 0.000450 	 0.010150
    1 	 0.000100 	 0.000916 	 0.025087
    2 	 0.000181 	 0.001658 	 0.025506
    3 	 0.000103 	 0.002755 	 0.021391
    4 	 0.000050 	 0.004426 	 0.021732
    5 	 0.000050 	 0.007208 	 0.028110
    6 	 0.000099 	 0.010927 	 0.042751
    7 	 0.004579 	 0.014098 	 0.087665
    8 	 0.005932 	 0.016523 	 0.080546
    9 	 0.000197 	 0.020294 	 0.080546
   10 	 0.000768 	 0.022593 	 0.065134
   11 	 0.000098 	 0.026944 	 0.088397
   12 	 0.000776 	 0.033647 	 0.088784
   13 	 0.000049 	 0.038141 	 0.085607
   14 	 0.000390 	 0.044174 	 0.085722
   15 	 0.000197 	 0.049382 	 0.099585
   16 	 0.000196 	 0.052864 	 0.088537
   17 	 0.000098 	 0.058887 	 0.100985
   18 	 0.000049 	 0.064816 	 0.124464
   19 	 0.005991 	 0.075706 	 0.100659
   20 	 0.000391 	 0.083327 	 0.103076
   21 	 0.009427 	 0.084428 	 0.120298
   22 	 0.009032 	 0.087923 	 0.120298
   23 	 0.008818 	 0.090106 	 0.113849
   24 	 0.000392 	 0.091052 	 0.124947
   25 	 0.001566 	 0.090592 	 0.129646
   26 	 0.000196 	 0.092531 	 0.129646
   27 	 0.006398 	 0.094437 	 0.127860
   28 	 0.000196 	 0.098194 	 0.129537
   29 	 0.000049 	 0.101018 	 0.129461
   30 	 0.000098 	 0.106136 	 0.133932
   31 	 0.020466 	 0.111627 	 0.132440
   32 	 0.000196 	 0.117402 	 0.133445
   33 	 0.009380 	 0.122548 	 0.133904
   34 	 0.006329 	 0.123906 	 0.136611
   35 	 0.000196 	 0.127289 	 0.136611
   36 	 0.025145 	 0.129719 	 0.137662
   37 	 0.003132 	 0.130951 	 0.138953
   38 	 0.001567 	 0.131741 	 0.140792
   39 	 0.000049 	 0.131176 	 0.141669
   40 	 0.000096 	 0.133338 	 0.141669
   41 	 0.000392 	 0.131337 	 0.141737
   42 	 0.000392 	 0.134965 	 0.142353
   43 	 0.000392 	 0.135047 	 0.142571
   44 	 0.000392 	 0.136271 	 0.143493
   45 	 0.006992 	 0.138371 	 0.147980
   46 	 0.000049 	 0.136517 	 0.148363
   47 	 0.000392 	 0.139120 	 0.149503
   48 	 0.000784 	 0.139025 	 0.151183
   49 	 0.064148 	 0.143146 	 0.151183
   50 	 0.000196 	 0.140771 	 0.151702
   51 	 0.000098 	 0.139677 	 0.151263
   52 	 0.000098 	 0.143787 	 0.156024
   53 	 0.000784 	 0.144842 	 0.156989
   54 	 0.009393 	 0.144457 	 0.157778
   55 	 0.000098 	 0.145294 	 0.158340
   56 	 0.000098 	 0.147322 	 0.159971
   57 	 0.000049 	 0.148944 	 0.161067
   58 	 0.000392 	 0.151333 	 0.161482
   59 	 0.000196 	 0.153811 	 0.162153
   60 	 0.000196 	 0.153780 	 0.163050
   61 	 0.000098 	 0.154241 	 0.163050
   62 	 0.000049 	 0.157274 	 0.163521
   63 	 0.000392 	 0.156916 	 0.165637
   64 	 0.000049 	 0.157999 	 0.165556
   65 	 0.000196 	 0.159058 	 0.166219
   66 	 0.000049 	 0.154665 	 0.166303
   67 	 0.000049 	 0.156132 	 0.166303
   68 	 0.000049 	 0.158990 	 0.167165
   69 	 0.000392 	 0.161749 	 0.168496
   70 	 0.000098 	 0.158961 	 0.168496
   71 	 0.013998 	 0.164106 	 0.168496
   72 	 0.001564 	 0.163295 	 0.168496
   73 	 0.000098 	 0.161566 	 0.168547
   74 	 0.003128 	 0.164392 	 0.169497
   75 	 0.012251 	 0.163791 	 0.169497
   76 	 0.000049 	 0.161087 	 0.169818
   77 	 0.000196 	 0.162386 	 0.169818
   78 	 0.000392 	 0.162835 	 0.169921
   79 	 0.000392 	 0.165777 	 0.170233
   80 	 0.000098 	 0.161649 	 0.170572
   81 	 0.000196 	 0.164490 	 0.170572
   82 	 0.000392 	 0.164436 	 0.170836
   83 	 0.003140 	 0.165227 	 0.170836
   84 	 0.001565 	 0.163234 	 0.170963
   85 	 0.000783 	 0.167309 	 0.171082
   86 	 0.000196 	 0.162928 	 0.171082
   87 	 0.003125 	 0.166246 	 0.171114
   88 	 0.001565 	 0.166057 	 0.171114
   89 	 0.000388 	 0.162761 	 0.171243
   90 	 0.000098 	 0.166572 	 0.171368
   91 	 0.027193 	 0.168049 	 0.171377
   92 	 0.003127 	 0.167580 	 0.171377
   93 	 0.012380 	 0.169152 	 0.171408
   94 	 0.000783 	 0.166040 	 0.171408
   95 	 0.000049 	 0.166309 	 0.171469
   96 	 0.000049 	 0.166188 	 0.171469
   97 	 0.006937 	 0.167427 	 0.171649
   98 	 0.001566 	 0.164121 	 0.171819
   99 	 0.000049 	 0.168869 	 0.171855
  100 	 0.036312 	 0.168198 	 0.171864
  101 	 0.000049 	 0.165046 	 0.171864
  102 	 0.000049 	 0.165914 	 0.171889
  103 	 0.000783 	 0.167940 	 0.172125
  104 	 0.000392 	 0.166187 	 0.172107
  105 	 0.000392 	 0.164354 	 0.172139
  106 	 0.000783 	 0.168830 	 0.172139
  107 	 0.000392 	 0.165714 	 0.172142
  108 	 0.000196 	 0.167821 	 0.172142
  109 	 0.000196 	 0.169605 	 0.172167
  110 	 0.000392 	 0.164511 	 0.172142
  111 	 0.000392 	 0.162911 	 0.172189
  112 	 0.000049 	 0.167261 	 0.172190
  113 	 0.000049 	 0.166559 	 0.172189
  114 	 0.000049 	 0.168249 	 0.172190
  115 	 0.006220 	 0.165207 	 0.172197
  116 	 0.000049 	 0.164142 	 0.172197
  117 	 0.003126 	 0.170095 	 0.172198
  118 	 0.000049 	 0.165042 	 0.172197
  119 	 0.003126 	 0.164316 	 0.172204
  120 	 0.006229 	 0.164479 	 0.172205
  121 	 0.003125 	 0.163696 	 0.172205
  122 	 0.001565 	 0.167523 	 0.172205
  123 	 0.000098 	 0.166514 	 0.172205
  124 	 0.006228 	 0.166565 	 0.172205
  125 	 0.000392 	 0.167459 	 0.172205
  126 	 0.000049 	 0.167822 	 0.172205
  127 	 0.000098 	 0.161688 	 0.172206
  128 	 0.019089 	 0.167280 	 0.172206
  129 	 0.000098 	 0.167986 	 0.172206
  130 	 0.000098 	 0.167492 	 0.172206
  131 	 0.000049 	 0.163987 	 0.172208
  132 	 0.000098 	 0.167825 	 0.172208
  133 	 0.000098 	 0.167069 	 0.172206
  134 	 0.000098 	 0.167108 	 0.172207
  135 	 0.001565 	 0.167627 	 0.172207
  136 	 0.000196 	 0.162018 	 0.172209
  137 	 0.003125 	 0.166456 	 0.172209
  138 	 0.000098 	 0.166771 	 0.172209
  139 	 0.001565 	 0.165071 	 0.172209
  140 	 0.000098 	 0.167017 	 0.172209
  141 	 0.000049 	 0.165234 	 0.172209
  142 	 0.019092 	 0.167939 	 0.172209
  143 	 0.000098 	 0.166667 	 0.172209
  144 	 0.000196 	 0.166341 	 0.172209
  145 	 0.000392 	 0.167479 	 0.172209
  146 	 0.018943 	 0.169350 	 0.172209
  147 	 0.000098 	 0.166635 	 0.172209
  148 	 0.001565 	 0.168085 	 0.172209
  149 	 0.018943 	 0.167949 	 0.172209
  150 	 0.000049 	 0.167143 	 0.172209
  151 	 0.001565 	 0.167418 	 0.172209
  152 	 0.006228 	 0.168654 	 0.172209
  153 	 0.000783 	 0.164721 	 0.172209
  154 	 0.000098 	 0.165861 	 0.172209
  155 	 0.000392 	 0.167944 	 0.172209
  156 	 0.000049 	 0.165116 	 0.172209
  157 	 0.000783 	 0.165585 	 0.172209
  158 	 0.000049 	 0.167491 	 0.172209
  159 	 0.027294 	 0.169499 	 0.172209
  160 	 0.006927 	 0.166719 	 0.172209
  161 	 0.000049 	 0.168431 	 0.172209
  162 	 0.003125 	 0.167770 	 0.172209
  163 	 0.000098 	 0.165153 	 0.172209
  164 	 0.000196 	 0.166832 	 0.172209
  165 	 0.000049 	 0.165938 	 0.172209
  166 	 0.006690 	 0.167742 	 0.172209
  167 	 0.000098 	 0.168022 	 0.172209
  168 	 0.018943 	 0.169557 	 0.172209
  169 	 0.000196 	 0.166661 	 0.172209
  170 	 0.000782 	 0.166990 	 0.172209
  171 	 0.000783 	 0.167836 	 0.172209
  172 	 0.000392 	 0.168020 	 0.172209
  173 	 0.000783 	 0.167675 	 0.172209
  174 	 0.000783 	 0.168025 	 0.172209
  175 	 0.001565 	 0.165898 	 0.172209
  176 	 0.000783 	 0.165781 	 0.172209
  177 	 0.001565 	 0.167387 	 0.172209
  178 	 0.003125 	 0.165184 	 0.172209
  179 	 0.009392 	 0.165817 	 0.172209
  180 	 0.000049 	 0.169059 	 0.172209
  181 	 0.000196 	 0.167201 	 0.172209
  182 	 0.000783 	 0.167836 	 0.172209
  183 	 0.000783 	 0.163938 	 0.172209
  184 	 0.000196 	 0.166109 	 0.172209
  185 	 0.000049 	 0.163808 	 0.172209
  186 	 0.000098 	 0.165473 	 0.172209
  187 	 0.000049 	 0.165799 	 0.172209
  188 	 0.000049 	 0.167433 	 0.172209
  189 	 0.000098 	 0.168423 	 0.172209
  190 	 0.000196 	 0.167882 	 0.172209
  191 	 0.009513 	 0.170185 	 0.172209
  192 	 0.009532 	 0.168093 	 0.172209
  193 	 0.000049 	 0.166237 	 0.172209
  194 	 0.000098 	 0.169548 	 0.172209
  195 	 0.000392 	 0.168965 	 0.172209
  196 	 0.000049 	 0.166788 	 0.172209
  197 	 0.000098 	 0.164323 	 0.172209
  198 	 0.000098 	 0.167814 	 0.172209
  199 	 0.000783 	 0.169576 	 0.172209
  200 	 0.000196 	 0.166393 	 0.172209
  201 	 0.006927 	 0.166811 	 0.172209
  202 	 0.037204 	 0.170122 	 0.172209
  203 	 0.000049 	 0.164924 	 0.172209
  204 	 0.000098 	 0.167547 	 0.172209
  205 	 0.000196 	 0.167084 	 0.172209
  206 	 0.003125 	 0.167996 	 0.172209
  207 	 0.003125 	 0.166576 	 0.172209
  208 	 0.000196 	 0.167752 	 0.172209
  209 	 0.000092 	 0.165043 	 0.172209
  210 	 0.000392 	 0.168499 	 0.172209
  211 	 0.000392 	 0.166747 	 0.172209
  212 	 0.000196 	 0.166254 	 0.172209
  213 	 0.000049 	 0.164042 	 0.172209
  214 	 0.000392 	 0.162570 	 0.172209
  215 	 0.000783 	 0.167811 	 0.172209
  216 	 0.000196 	 0.166643 	 0.172209
  217 	 0.000049 	 0.165827 	 0.172209
  218 	 0.000049 	 0.165746 	 0.172209
  219 	 0.006228 	 0.167498 	 0.172209
  220 	 0.003802 	 0.167365 	 0.172209
  221 	 0.000049 	 0.169535 	 0.172209
  222 	 0.000196 	 0.168710 	 0.172209
  223 	 0.001565 	 0.167125 	 0.172209
  224 	 0.001565 	 0.169143 	 0.172209
  225 	 0.013795 	 0.166494 	 0.172209
  226 	 0.000098 	 0.165305 	 0.172209
  227 	 0.000392 	 0.164687 	 0.172209
  228 	 0.000392 	 0.165271 	 0.172209
  229 	 0.012355 	 0.169186 	 0.172209
  230 	 0.000392 	 0.164704 	 0.172209
  231 	 0.001565 	 0.166861 	 0.172209
  232 	 0.047707 	 0.170180 	 0.172209
  233 	 0.001565 	 0.169385 	 0.172209
  234 	 0.000196 	 0.167868 	 0.172209
  235 	 0.001565 	 0.165762 	 0.172209
  236 	 0.009486 	 0.167497 	 0.172209
  237 	 0.000196 	 0.168853 	 0.172209
  238 	 0.000098 	 0.167633 	 0.172209
  239 	 0.013795 	 0.169365 	 0.172209
  240 	 0.000049 	 0.165045 	 0.172209
  241 	 0.000392 	 0.164113 	 0.172209
  242 	 0.000196 	 0.165560 	 0.172209
  243 	 0.000049 	 0.164659 	 0.172209
  244 	 0.000098 	 0.164372 	 0.172209
  245 	 0.001565 	 0.169706 	 0.172209
  246 	 0.001565 	 0.169176 	 0.172209
  247 	 0.000783 	 0.164854 	 0.172209
  248 	 0.009392 	 0.169392 	 0.172209
  249 	 0.018943 	 0.169419 	 0.172209
  250 	 0.000098 	 0.168146 	 0.172209
  251 	 0.000049 	 0.165438 	 0.172209
  252 	 0.000098 	 0.163908 	 0.172209
  253 	 0.000392 	 0.165599 	 0.172209
  254 	 0.000049 	 0.168090 	 0.172209
  255 	 0.000098 	 0.165350 	 0.172209
  256 	 0.000392 	 0.167263 	 0.172209
  257 	 0.000196 	 0.163528 	 0.172209
  258 	 0.000049 	 0.169492 	 0.172209
  259 	 0.142227 	 0.171930 	 0.172209
  260 	 0.000098 	 0.166248 	 0.172209
  261 	 0.001565 	 0.168059 	 0.172209
  262 	 0.013795 	 0.167377 	 0.172209
  263 	 0.000196 	 0.165716 	 0.172209
  264 	 0.000196 	 0.168272 	 0.172209
  265 	 0.000783 	 0.169946 	 0.172209
  266 	 0.000783 	 0.168904 	 0.172209
  267 	 0.006228 	 0.167144 	 0.172209
  268 	 0.000196 	 0.164486 	 0.172209
  269 	 0.000196 	 0.168762 	 0.172209
  270 	 0.000098 	 0.168905 	 0.172209
  271 	 0.003125 	 0.167957 	 0.172209
  272 	 0.009392 	 0.167840 	 0.172209
  273 	 0.001541 	 0.167601 	 0.172209
  274 	 0.000783 	 0.169958 	 0.172209
  275 	 0.009513 	 0.169287 	 0.172209
  276 	 0.000392 	 0.165849 	 0.172209
  277 	 0.000783 	 0.166814 	 0.172209
  278 	 0.003125 	 0.168843 	 0.172209
  279 	 0.003125 	 0.169464 	 0.172209
  280 	 0.006228 	 0.169062 	 0.172209
  281 	 0.000783 	 0.168963 	 0.172209
  282 	 0.001565 	 0.168205 	 0.172209
  283 	 0.009392 	 0.165969 	 0.172209
  284 	 0.000098 	 0.165996 	 0.172209
  285 	 0.006927 	 0.165708 	 0.172209
  286 	 0.006228 	 0.167820 	 0.172209
  287 	 0.000098 	 0.165904 	 0.172209
  288 	 0.000392 	 0.168805 	 0.172209
  289 	 0.000392 	 0.167081 	 0.172209
  290 	 0.000783 	 0.168677 	 0.172209
  291 	 0.000783 	 0.166822 	 0.172209
  292 	 0.000049 	 0.168077 	 0.172209
  293 	 0.012355 	 0.166518 	 0.172209
  294 	 0.000783 	 0.168261 	 0.172209
  295 	 0.003125 	 0.166454 	 0.172209
  296 	 0.000196 	 0.168863 	 0.172209
  297 	 0.000098 	 0.166117 	 0.172209
  298 	 0.000816 	 0.169086 	 0.172209
  299 	 0.006927 	 0.168111 	 0.172209
  300 	 0.036059 	 0.169603 	 0.172209
  301 	 0.012272 	 0.170287 	 0.172209
  302 	 0.000392 	 0.168291 	 0.172209
  303 	 0.006228 	 0.169525 	 0.172209
  304 	 0.000196 	 0.168432 	 0.172209
  305 	 0.000392 	 0.169602 	 0.172209
  306 	 0.000098 	 0.169206 	 0.172209
  307 	 0.000049 	 0.166025 	 0.172209
  308 	 0.006927 	 0.169376 	 0.172209
  309 	 0.013795 	 0.167295 	 0.172209
  310 	 0.001565 	 0.166660 	 0.172209
  311 	 0.003125 	 0.168167 	 0.172209
  312 	 0.006927 	 0.169298 	 0.172209
  313 	 0.000049 	 0.166358 	 0.172209
  314 	 0.006921 	 0.166790 	 0.172209
  315 	 0.000098 	 0.163343 	 0.172209
  316 	 0.012355 	 0.168827 	 0.172209
  317 	 0.000783 	 0.166443 	 0.172209
  318 	 0.000196 	 0.167588 	 0.172209
  319 	 0.018943 	 0.167436 	 0.172209
  320 	 0.000098 	 0.164954 	 0.172209
  321 	 0.000196 	 0.164799 	 0.172209
  322 	 0.000196 	 0.168251 	 0.172209
  323 	 0.000196 	 0.168315 	 0.172209
  324 	 0.000196 	 0.169167 	 0.172209
  325 	 0.000049 	 0.167715 	 0.172209
  326 	 0.006927 	 0.168693 	 0.172209
  327 	 0.079241 	 0.171160 	 0.172209
  328 	 0.000196 	 0.164687 	 0.172209
  329 	 0.000049 	 0.166611 	 0.172209
  330 	 0.009513 	 0.168831 	 0.172209
  331 	 0.009513 	 0.167826 	 0.172209
  332 	 0.000098 	 0.163018 	 0.172209
  333 	 0.012355 	 0.167678 	 0.172209
  334 	 0.006228 	 0.167764 	 0.172209
  335 	 0.006927 	 0.166164 	 0.172209
  336 	 0.006228 	 0.166389 	 0.172209
  337 	 0.018943 	 0.169958 	 0.172209
  338 	 0.013795 	 0.169725 	 0.172209
  339 	 0.000049 	 0.167837 	 0.172209
  340 	 0.000049 	 0.167952 	 0.172209
  341 	 0.003125 	 0.166010 	 0.172209
  342 	 0.006228 	 0.168165 	 0.172209
  343 	 0.000783 	 0.165184 	 0.172209
  344 	 0.000196 	 0.167516 	 0.172209
  345 	 0.000049 	 0.169059 	 0.172209
  346 	 0.001565 	 0.167905 	 0.172209
  347 	 0.001565 	 0.168747 	 0.172209
  348 	 0.000392 	 0.168423 	 0.172209
  349 	 0.000049 	 0.163210 	 0.172209
  350 	 0.000098 	 0.165753 	 0.172209
  351 	 0.000783 	 0.165712 	 0.172209
  352 	 0.000196 	 0.169411 	 0.172209
  353 	 0.000098 	 0.168035 	 0.172209
  354 	 0.000098 	 0.167545 	 0.172209
  355 	 0.008976 	 0.168981 	 0.172209
  356 	 0.000392 	 0.168060 	 0.172209
  357 	 0.000392 	 0.163642 	 0.172209
  358 	 0.003125 	 0.167985 	 0.172209
  359 	 0.000049 	 0.165340 	 0.172209
  360 	 0.000049 	 0.164366 	 0.172209
  361 	 0.018943 	 0.168070 	 0.174907
  362 	 0.006927 	 0.168428 	 0.174907
  363 	 0.013795 	 0.168147 	 0.174907
  364 	 0.012355 	 0.164299 	 0.176379
  365 	 0.000098 	 0.166612 	 0.174907
  366 	 0.000049 	 0.167456 	 0.175394
  367 	 0.000098 	 0.165327 	 0.175394
  368 	 0.003125 	 0.167980 	 0.174907
  369 	 0.006927 	 0.167501 	 0.174907
  370 	 0.000098 	 0.164431 	 0.174907
  371 	 0.000049 	 0.167244 	 0.174907
  372 	 0.000049 	 0.166304 	 0.174907
  373 	 0.000196 	 0.167076 	 0.174907
  374 	 0.000783 	 0.167686 	 0.174907
  375 	 0.000196 	 0.164084 	 0.172209
  376 	 0.000049 	 0.165393 	 0.172209
  377 	 0.009392 	 0.169884 	 0.172209
  378 	 0.000783 	 0.168690 	 0.172209
  379 	 0.092555 	 0.170727 	 0.172209
  380 	 0.013795 	 0.170048 	 0.172209
  381 	 0.000196 	 0.167623 	 0.172209
  382 	 0.000098 	 0.167087 	 0.172209
  383 	 0.000196 	 0.166017 	 0.172209
  384 	 0.000392 	 0.166869 	 0.172209
  385 	 0.001565 	 0.167260 	 0.172209
  386 	 0.003125 	 0.166635 	 0.172209
  387 	 0.000392 	 0.166263 	 0.172209
  388 	 0.009392 	 0.165263 	 0.172209
  389 	 0.000196 	 0.168736 	 0.172209
  390 	 0.001565 	 0.170213 	 0.172209
  391 	 0.006922 	 0.168134 	 0.172209
  392 	 0.000049 	 0.166777 	 0.172209
  393 	 0.000049 	 0.165832 	 0.172209
  394 	 0.000783 	 0.167609 	 0.172209
  395 	 0.000049 	 0.168773 	 0.172209
  396 	 0.009367 	 0.170537 	 0.172209
  397 	 0.009392 	 0.170110 	 0.172209
  398 	 0.000098 	 0.167306 	 0.172209
  399 	 0.019092 	 0.169541 	 0.172209
  400 	 0.003125 	 0.166795 	 0.172209
  401 	 0.000049 	 0.166146 	 0.172209
  402 	 0.000783 	 0.167776 	 0.172209
  403 	 0.000092 	 0.166513 	 0.172209
  404 	 0.000392 	 0.166123 	 0.172209
  405 	 0.000784 	 0.164544 	 0.172209
  406 	 0.000049 	 0.166126 	 0.172209
  407 	 0.006927 	 0.169110 	 0.172209
  408 	 0.000392 	 0.166401 	 0.172209
  409 	 0.001606 	 0.168901 	 0.172209
  410 	 0.000782 	 0.167156 	 0.172209
  411 	 0.000392 	 0.165221 	 0.172209
  412 	 0.018943 	 0.168499 	 0.172209
  413 	 0.000049 	 0.165838 	 0.172209
  414 	 0.000098 	 0.167451 	 0.172209
  415 	 0.006228 	 0.168794 	 0.172209
  416 	 0.000049 	 0.162454 	 0.172209
  417 	 0.019092 	 0.169845 	 0.172209
  418 	 0.003116 	 0.168797 	 0.172209
  419 	 0.076561 	 0.170794 	 0.172209
  420 	 0.000392 	 0.167015 	 0.172209
  421 	 0.000196 	 0.167307 	 0.172209
  422 	 0.006228 	 0.167575 	 0.172209
  423 	 0.000783 	 0.163539 	 0.172209
  424 	 0.000049 	 0.165566 	 0.172209
  425 	 0.000196 	 0.168316 	 0.172209
  426 	 0.009392 	 0.168709 	 0.172209
  427 	 0.000196 	 0.167007 	 0.172209
  428 	 0.000783 	 0.167725 	 0.172209
  429 	 0.001565 	 0.167603 	 0.172209
  430 	 0.000049 	 0.166941 	 0.172209
  431 	 0.000196 	 0.168974 	 0.172209
  432 	 0.000196 	 0.168079 	 0.172209
  433 	 0.006216 	 0.168487 	 0.172209
  434 	 0.000049 	 0.166058 	 0.172209
  435 	 0.000822 	 0.167823 	 0.172209
  436 	 0.000392 	 0.168309 	 0.172209
  437 	 0.000196 	 0.167574 	 0.172209
  438 	 0.000098 	 0.164714 	 0.172209
  439 	 0.000196 	 0.169100 	 0.172209
  440 	 0.018943 	 0.168770 	 0.172209
  441 	 0.012355 	 0.168280 	 0.172209
  442 	 0.006230 	 0.168275 	 0.172209
  443 	 0.006228 	 0.169039 	 0.172209
  444 	 0.000049 	 0.166678 	 0.172209
  445 	 0.000098 	 0.165417 	 0.172209
  446 	 0.000049 	 0.165301 	 0.172209
  447 	 0.000778 	 0.167109 	 0.172209
  448 	 0.000196 	 0.165064 	 0.172209
  449 	 0.000392 	 0.167053 	 0.172209
  450 	 0.000098 	 0.167362 	 0.172209
  451 	 0.000049 	 0.169490 	 0.172209
  452 	 0.000098 	 0.165944 	 0.172209
  453 	 0.025464 	 0.168505 	 0.172209
  454 	 0.000098 	 0.165835 	 0.172209
  455 	 0.000049 	 0.164543 	 0.172209
  456 	 0.009513 	 0.167416 	 0.172209
  457 	 0.000392 	 0.166889 	 0.172209
  458 	 0.000049 	 0.163812 	 0.172209
  459 	 0.000392 	 0.166586 	 0.172209
  460 	 0.003125 	 0.166662 	 0.172209
  461 	 0.000098 	 0.165041 	 0.172209
  462 	 0.006927 	 0.169863 	 0.172209
  463 	 0.000098 	 0.163899 	 0.172209
  464 	 0.000049 	 0.166755 	 0.172209
  465 	 0.013795 	 0.166564 	 0.172209
  466 	 0.000098 	 0.166471 	 0.172209
  467 	 0.000098 	 0.165152 	 0.172209
  468 	 0.013795 	 0.170340 	 0.172209
  469 	 0.000196 	 0.167232 	 0.172209
  470 	 0.000783 	 0.167541 	 0.172209
  471 	 0.006228 	 0.167303 	 0.172209
  472 	 0.000196 	 0.168055 	 0.172209
  473 	 0.018943 	 0.170024 	 0.172209
  474 	 0.000783 	 0.166442 	 0.172209
  475 	 0.000196 	 0.165911 	 0.172209
  476 	 0.000049 	 0.165850 	 0.172209
  477 	 0.012355 	 0.166950 	 0.172209
  478 	 0.000049 	 0.166139 	 0.172209
  479 	 0.001565 	 0.167926 	 0.172209
  480 	 0.000392 	 0.165455 	 0.172209
  481 	 0.000098 	 0.166995 	 0.172209
  482 	 0.000049 	 0.166990 	 0.172209
  483 	 0.000098 	 0.168190 	 0.172209
  484 	 0.000049 	 0.167269 	 0.172209
  485 	 0.000196 	 0.166088 	 0.172209
  486 	 0.013795 	 0.169140 	 0.172209
  487 	 0.009513 	 0.168516 	 0.172209
  488 	 0.019092 	 0.167989 	 0.172209
  489 	 0.000392 	 0.167388 	 0.172209
  490 	 0.000196 	 0.167545 	 0.172209
  491 	 0.000392 	 0.169584 	 0.172209
  492 	 0.000049 	 0.165607 	 0.172209
  493 	 0.006228 	 0.167586 	 0.172209
  494 	 0.001565 	 0.164596 	 0.172209
  495 	 0.000050 	 0.168198 	 0.172209
  496 	 0.000098 	 0.169057 	 0.172209
  497 	 0.006927 	 0.167972 	 0.172209
  498 	 0.003125 	 0.166877 	 0.172209
  499 	 0.036059 	 0.167257 	 0.172209
 