   0 	 0.000049 	 0.000317 	 0.018571
    1 	 0.000101 	 0.000462 	 0.015775
    2 	 0.000133 	 0.000747 	 0.011543
    3 	 0.000084 	 0.001201 	 0.011543
    4 	 0.000049 	 0.001822 	 0.016755
    5 	 0.000050 	 0.002584 	 0.019181
    6 	 0.000051 	 0.003692 	 0.021871
    7 	 0.000187 	 0.005975 	 0.028685
    8 	 0.000191 	 0.009032 	 0.029784
    9 	 0.003275 	 0.011875 	 0.031113
   10 	 0.000055 	 0.013714 	 0.032783
   11 	 0.000751 	 0.015701 	 0.051277
   12 	 0.000100 	 0.018913 	 0.060264
   13 	 0.000049 	 0.021924 	 0.059875
   14 	 0.004259 	 0.024369 	 0.048130
   15 	 0.000099 	 0.026632 	 0.049954
   16 	 0.000203 	 0.030698 	 0.057563
   17 	 0.000049 	 0.034046 	 0.061865
   18 	 0.000098 	 0.038349 	 0.061687
   19 	 0.000098 	 0.038636 	 0.062741
   20 	 0.000097 	 0.041691 	 0.081023
   21 	 0.000049 	 0.045544 	 0.081652
   22 	 0.000049 	 0.041722 	 0.075318
   23 	 0.000049 	 0.042165 	 0.083465
   24 	 0.000201 	 0.041354 	 0.083215
   25 	 0.000099 	 0.048429 	 0.083215
   26 	 0.000098 	 0.050194 	 0.083215
   27 	 0.000391 	 0.053072 	 0.097974
   28 	 0.005980 	 0.060339 	 0.103576
   29 	 0.001585 	 0.062468 	 0.104318
   30 	 0.000098 	 0.068282 	 0.089793
   31 	 0.000049 	 0.075500 	 0.090646
   32 	 0.001573 	 0.076961 	 0.097087
   33 	 0.000196 	 0.079133 	 0.097087
   34 	 0.000196 	 0.083255 	 0.099851
   35 	 0.000196 	 0.083992 	 0.099851
   36 	 0.000392 	 0.088707 	 0.101025
   37 	 0.006847 	 0.093305 	 0.099851
   38 	 0.000049 	 0.094130 	 0.102450
   39 	 0.003144 	 0.095254 	 0.102450
   40 	 0.000784 	 0.095092 	 0.102450
   41 	 0.007036 	 0.096445 	 0.104178
   42 	 0.000196 	 0.096730 	 0.104199
   43 	 0.009378 	 0.098274 	 0.104199
   44 	 0.000049 	 0.097840 	 0.103754
   45 	 0.000049 	 0.096600 	 0.104745
   46 	 0.000392 	 0.099394 	 0.104103
   47 	 0.025656 	 0.100702 	 0.104861
   48 	 0.000098 	 0.100589 	 0.104498
   49 	 0.006253 	 0.101940 	 0.104751
   50 	 0.009558 	 0.101933 	 0.104751
   51 	 0.000196 	 0.100169 	 0.104977
   52 	 0.000392 	 0.100306 	 0.105014
   53 	 0.003121 	 0.101141 	 0.104977
   54 	 0.000049 	 0.101374 	 0.105245
   55 	 0.000392 	 0.103431 	 0.105865
   56 	 0.000196 	 0.100443 	 0.106192
   57 	 0.006979 	 0.101633 	 0.106192
   58 	 0.000392 	 0.102548 	 0.106789
   59 	 0.000196 	 0.102559 	 0.109842
   60 	 0.000098 	 0.102276 	 0.109844
   61 	 0.000783 	 0.103565 	 0.109847
   62 	 0.000049 	 0.103076 	 0.109848
   63 	 0.000392 	 0.104517 	 0.109854
   64 	 0.000196 	 0.105908 	 0.109854
   65 	 0.003137 	 0.107169 	 0.110424
   66 	 0.000049 	 0.106952 	 0.110613
   67 	 0.019142 	 0.108391 	 0.110483
   68 	 0.003135 	 0.106550 	 0.110501
   69 	 0.001568 	 0.107179 	 0.110580
   70 	 0.003133 	 0.106209 	 0.110579
   71 	 0.000098 	 0.108591 	 0.110634
   72 	 0.000049 	 0.106448 	 0.110746
   73 	 0.000049 	 0.107154 	 0.110769
   74 	 0.000196 	 0.105736 	 0.110844
   75 	 0.006904 	 0.106874 	 0.110909
   76 	 0.000098 	 0.107225 	 0.110844
   77 	 0.000098 	 0.107589 	 0.110980
   78 	 0.000783 	 0.107833 	 0.110980
   79 	 0.000049 	 0.108298 	 0.111033
   80 	 0.018750 	 0.109877 	 0.111268
   81 	 0.006229 	 0.107200 	 0.111268
   82 	 0.000098 	 0.106826 	 0.111275
   83 	 0.000392 	 0.107917 	 0.111314
   84 	 0.009462 	 0.108355 	 0.111324
   85 	 0.018880 	 0.109709 	 0.111382
   86 	 0.001566 	 0.110003 	 0.111395
   87 	 0.003143 	 0.105546 	 0.111395
   88 	 0.000049 	 0.108160 	 0.111440
   89 	 0.000098 	 0.109010 	 0.111441
   90 	 0.060740 	 0.110919 	 0.111449
   91 	 0.000196 	 0.107168 	 0.111503
   92 	 0.000392 	 0.106632 	 0.111449
   93 	 0.000098 	 0.109282 	 0.111539
   94 	 0.000784 	 0.106407 	 0.111510
   95 	 0.000049 	 0.108251 	 0.111539
   96 	 0.000098 	 0.108971 	 0.111625
   97 	 0.001566 	 0.109369 	 0.111625
   98 	 0.000784 	 0.108297 	 0.111625
   99 	 0.000049 	 0.108794 	 0.111633
  100 	 0.035794 	 0.109738 	 0.111630
  101 	 0.000049 	 0.109458 	 0.111637
  102 	 0.000049 	 0.108889 	 0.111637
  103 	 0.000098 	 0.109313 	 0.111665
  104 	 0.000196 	 0.107577 	 0.111671
  105 	 0.000784 	 0.109389 	 0.111671
  106 	 0.000196 	 0.108326 	 0.111683
  107 	 0.000784 	 0.109604 	 0.111698
  108 	 0.000049 	 0.107225 	 0.111698
  109 	 0.000098 	 0.108270 	 0.111698
  110 	 0.000392 	 0.107982 	 0.111698
  111 	 0.006917 	 0.108479 	 0.111704
  112 	 0.003131 	 0.109484 	 0.111706
  113 	 0.000784 	 0.108637 	 0.111718
  114 	 0.000049 	 0.108992 	 0.111718
  115 	 0.034938 	 0.110766 	 0.111718
  116 	 0.001567 	 0.109944 	 0.111721
  117 	 0.000784 	 0.110727 	 0.111724
  118 	 0.000196 	 0.108859 	 0.111724
  119 	 0.000196 	 0.108996 	 0.111724
  120 	 0.000098 	 0.106758 	 0.111753
  121 	 0.000049 	 0.109769 	 0.111756
  122 	 0.000196 	 0.107973 	 0.111756
  123 	 0.001567 	 0.110162 	 0.111756
  124 	 0.000098 	 0.109786 	 0.111778
  125 	 0.000049 	 0.106503 	 0.111778
  126 	 0.026912 	 0.110480 	 0.111778
  127 	 0.000049 	 0.106476 	 0.111778
  128 	 0.001567 	 0.108310 	 0.111778
  129 	 0.009528 	 0.109726 	 0.111778
  130 	 0.003126 	 0.109504 	 0.111823
  131 	 0.000783 	 0.108575 	 0.111818
  132 	 0.000098 	 0.109172 	 0.111818
  133 	 0.026877 	 0.109828 	 0.111877
  134 	 0.000049 	 0.108555 	 0.111877
  135 	 0.012329 	 0.109029 	 0.111877
  136 	 0.006897 	 0.108858 	 0.111877
  137 	 0.000049 	 0.105073 	 0.111897
  138 	 0.000098 	 0.109380 	 0.111901
  139 	 0.000049 	 0.107101 	 0.111901
  140 	 0.000783 	 0.107576 	 0.111898
  141 	 0.001566 	 0.109929 	 0.111898
  142 	 0.000196 	 0.107641 	 0.111922
  143 	 0.000098 	 0.107656 	 0.111901
  144 	 0.000049 	 0.106721 	 0.111901
  145 	 0.012366 	 0.110696 	 0.111922
  146 	 0.018730 	 0.109161 	 0.111922
  147 	 0.000098 	 0.109198 	 0.111929
  148 	 0.001566 	 0.110045 	 0.111922
  149 	 0.000098 	 0.108443 	 0.111913
  150 	 0.000196 	 0.108572 	 0.111929
  151 	 0.000049 	 0.110214 	 0.111929
  152 	 0.013196 	 0.109162 	 0.111929
  153 	 0.001566 	 0.109971 	 0.111952
  154 	 0.000196 	 0.109964 	 0.111982
  155 	 0.000049 	 0.108844 	 0.111982
  156 	 0.000784 	 0.108994 	 0.111987
  157 	 0.009486 	 0.109149 	 0.111966
  158 	 0.003129 	 0.110094 	 0.111967
  159 	 0.000196 	 0.108557 	 0.111967
  160 	 0.000049 	 0.108393 	 0.111974
  161 	 0.001567 	 0.109466 	 0.111975
  162 	 0.000522 	 0.109272 	 0.111975
  163 	 0.006243 	 0.107872 	 0.111975
  164 	 0.012392 	 0.110200 	 0.111975
  165 	 0.000392 	 0.109247 	 0.111975
  166 	 0.000196 	 0.108007 	 0.111975
  167 	 0.000392 	 0.106655 	 0.111975
  168 	 0.000098 	 0.107289 	 0.111975
  169 	 0.000098 	 0.109597 	 0.111975
  170 	 0.000049 	 0.109938 	 0.111975
  171 	 0.000098 	 0.110205 	 0.111975
  172 	 0.000392 	 0.109451 	 0.111975
  173 	 0.000392 	 0.107017 	 0.111975
  174 	 0.000098 	 0.108601 	 0.111975
  175 	 0.000098 	 0.109091 	 0.111975
  176 	 0.000098 	 0.108935 	 0.111975
  177 	 0.000049 	 0.108389 	 0.111975
  178 	 0.000196 	 0.109847 	 0.111975
  179 	 0.000196 	 0.108589 	 0.111975
  180 	 0.001566 	 0.107901 	 0.111975
  181 	 0.009493 	 0.111118 	 0.111975
  182 	 0.000196 	 0.109754 	 0.111975
  183 	 0.000784 	 0.107800 	 0.111975
  184 	 0.000049 	 0.110667 	 0.111975
  185 	 0.001566 	 0.107721 	 0.111975
  186 	 0.000196 	 0.108257 	 0.111975
  187 	 0.000049 	 0.107182 	 0.111975
  188 	 0.000392 	 0.108151 	 0.111975
  189 	 0.012380 	 0.109955 	 0.111975
  190 	 0.000395 	 0.110332 	 0.111975
  191 	 0.001598 	 0.108708 	 0.111975
  192 	 0.000049 	 0.109751 	 0.111975
  193 	 0.000196 	 0.107868 	 0.111975
  194 	 0.001566 	 0.109482 	 0.111975
  195 	 0.000196 	 0.109681 	 0.111975
  196 	 0.003129 	 0.110903 	 0.111975
  197 	 0.009488 	 0.110090 	 0.111975
  198 	 0.000196 	 0.109983 	 0.111975
  199 	 0.003129 	 0.108537 	 0.111975
  200 	 0.000784 	 0.109446 	 0.111975
  201 	 0.006849 	 0.108083 	 0.111975
  202 	 0.000049 	 0.108570 	 0.111975
  203 	 0.000196 	 0.109537 	 0.111975
  204 	 0.000196 	 0.109634 	 0.111975
  205 	 0.000392 	 0.110010 	 0.111975
  206 	 0.000784 	 0.109328 	 0.111975
  207 	 0.018789 	 0.109052 	 0.111975
  208 	 0.000049 	 0.109517 	 0.111975
  209 	 0.009488 	 0.110855 	 0.111975
  210 	 0.000196 	 0.108639 	 0.111975
  211 	 0.003129 	 0.110105 	 0.111975
  212 	 0.003129 	 0.109821 	 0.111975
  213 	 0.006907 	 0.109785 	 0.111975
  214 	 0.000049 	 0.107747 	 0.111975
  215 	 0.001566 	 0.110436 	 0.111975
  216 	 0.049279 	 0.111155 	 0.111975
  217 	 0.000196 	 0.106595 	 0.111975
  218 	 0.000196 	 0.109289 	 0.111975
  219 	 0.000098 	 0.108795 	 0.111975
  220 	 0.001566 	 0.108644 	 0.111975
  221 	 0.000049 	 0.109783 	 0.111975
  222 	 0.000098 	 0.109853 	 0.111975
  223 	 0.006240 	 0.110045 	 0.111975
  224 	 0.018789 	 0.110295 	 0.111975
  225 	 0.006240 	 0.110179 	 0.111975
  226 	 0.000098 	 0.106567 	 0.111975
  227 	 0.000049 	 0.108214 	 0.111975
  228 	 0.000049 	 0.109541 	 0.111975
  229 	 0.000049 	 0.108223 	 0.111975
  230 	 0.000049 	 0.107187 	 0.111975
  231 	 0.006907 	 0.108299 	 0.111975
  232 	 0.000196 	 0.110843 	 0.111975
  233 	 0.000392 	 0.109842 	 0.111975
  234 	 0.000392 	 0.109124 	 0.111975
  235 	 0.000098 	 0.108054 	 0.111975
  236 	 0.001566 	 0.108261 	 0.111975
  237 	 0.000049 	 0.108960 	 0.111975
  238 	 0.000098 	 0.108072 	 0.111975
  239 	 0.001566 	 0.109069 	 0.111975
  240 	 0.009488 	 0.110160 	 0.111975
  241 	 0.000392 	 0.108700 	 0.111975
  242 	 0.000049 	 0.109489 	 0.111975
  243 	 0.000098 	 0.108638 	 0.111975
  244 	 0.000098 	 0.108797 	 0.111975
  245 	 0.006907 	 0.110753 	 0.111975
  246 	 0.000392 	 0.108466 	 0.111975
  247 	 0.006240 	 0.109522 	 0.111975
  248 	 0.001566 	 0.109985 	 0.111975
  249 	 0.000098 	 0.107905 	 0.111975
  250 	 0.013786 	 0.109566 	 0.111975
  251 	 0.018789 	 0.110193 	 0.111975
  252 	 0.009493 	 0.110871 	 0.111975
  253 	 0.000049 	 0.107667 	 0.111975
  254 	 0.000049 	 0.106859 	 0.111975
  255 	 0.000196 	 0.109058 	 0.111975
  256 	 0.000049 	 0.108229 	 0.111975
  257 	 0.006240 	 0.109836 	 0.111975
  258 	 0.009493 	 0.109428 	 0.111975
  259 	 0.006240 	 0.108000 	 0.111975
  260 	 0.000049 	 0.109663 	 0.111975
  261 	 0.018771 	 0.110559 	 0.111975
  262 	 0.013786 	 0.109935 	 0.111975
  263 	 0.000049 	 0.108066 	 0.111975
  264 	 0.036090 	 0.111357 	 0.111975
  265 	 0.000784 	 0.109819 	 0.111975
  266 	 0.006240 	 0.109779 	 0.111975
  267 	 0.000049 	 0.109869 	 0.111975
  268 	 0.000392 	 0.108390 	 0.111975
  269 	 0.001566 	 0.109512 	 0.111975
  270 	 0.009493 	 0.108196 	 0.111975
  271 	 0.018876 	 0.110453 	 0.111975
  272 	 0.001566 	 0.110146 	 0.111975
  273 	 0.006240 	 0.108739 	 0.111975
  274 	 0.000049 	 0.108297 	 0.111975
  275 	 0.000049 	 0.110365 	 0.111975
  276 	 0.001566 	 0.109166 	 0.111975
  277 	 0.000784 	 0.108452 	 0.111975
  278 	 0.000392 	 0.109097 	 0.111975
  279 	 0.000392 	 0.109817 	 0.111975
  280 	 0.018876 	 0.110745 	 0.111975
  281 	 0.000392 	 0.108763 	 0.111975
  282 	 0.000049 	 0.108856 	 0.111975
  283 	 0.000392 	 0.110201 	 0.111975
  284 	 0.000098 	 0.109621 	 0.111975
  285 	 0.000392 	 0.110405 	 0.111975
  286 	 0.003129 	 0.109605 	 0.111975
  287 	 0.102927 	 0.111924 	 0.111975
  288 	 0.000196 	 0.108409 	 0.111975
  289 	 0.000098 	 0.109462 	 0.111975
  290 	 0.000049 	 0.109184 	 0.111975
  291 	 0.000098 	 0.109034 	 0.111975
  292 	 0.000392 	 0.109375 	 0.111975
  293 	 0.009493 	 0.108965 	 0.111975
  294 	 0.000098 	 0.109377 	 0.111975
  295 	 0.009493 	 0.110199 	 0.111975
  296 	 0.000392 	 0.109821 	 0.111975
  297 	 0.000049 	 0.107885 	 0.111975
  298 	 0.000196 	 0.110198 	 0.111975
  299 	 0.000098 	 0.107257 	 0.111975
  300 	 0.000049 	 0.109078 	 0.111975
  301 	 0.003129 	 0.108986 	 0.111975
  302 	 0.049279 	 0.110305 	 0.111975
  303 	 0.006240 	 0.109211 	 0.111975
  304 	 0.000098 	 0.108503 	 0.111975
  305 	 0.000049 	 0.109328 	 0.111975
  306 	 0.000195 	 0.107194 	 0.111975
  307 	 0.000196 	 0.108004 	 0.111975
  308 	 0.000049 	 0.108149 	 0.111975
  309 	 0.000196 	 0.107656 	 0.111975
  310 	 0.018789 	 0.109488 	 0.111975
  311 	 0.000392 	 0.107869 	 0.111975
  312 	 0.000098 	 0.110033 	 0.111975
  313 	 0.001566 	 0.107761 	 0.111975
  314 	 0.000196 	 0.109454 	 0.111975
  315 	 0.006140 	 0.110303 	 0.111975
  316 	 0.000049 	 0.109522 	 0.111975
  317 	 0.000098 	 0.108149 	 0.111975
  318 	 0.000098 	 0.107548 	 0.111975
  319 	 0.001566 	 0.110168 	 0.111975
  320 	 0.000049 	 0.110723 	 0.111975
  321 	 0.000392 	 0.108277 	 0.111975
  322 	 0.000196 	 0.107648 	 0.111975
  323 	 0.000784 	 0.108378 	 0.111975
  324 	 0.000196 	 0.108560 	 0.111975
  325 	 0.000784 	 0.109663 	 0.111975
  326 	 0.000049 	 0.109362 	 0.111975
  327 	 0.000098 	 0.108794 	 0.111975
  328 	 0.013786 	 0.109611 	 0.111975
  329 	 0.000049 	 0.109833 	 0.111975
  330 	 0.000196 	 0.109541 	 0.111975
  331 	 0.000196 	 0.109808 	 0.111975
  332 	 0.009488 	 0.110379 	 0.111975
  333 	 0.000049 	 0.108444 	 0.111975
  334 	 0.000098 	 0.107255 	 0.111975
  335 	 0.000196 	 0.108185 	 0.111975
  336 	 0.000196 	 0.108955 	 0.111975
  337 	 0.006907 	 0.108256 	 0.111975
  338 	 0.003129 	 0.109270 	 0.111975
  339 	 0.013786 	 0.110452 	 0.111975
  340 	 0.000784 	 0.110043 	 0.111975
  341 	 0.003129 	 0.109263 	 0.111975
  342 	 0.000049 	 0.107937 	 0.111975
  343 	 0.036090 	 0.110689 	 0.111975
  344 	 0.003129 	 0.107695 	 0.111975
  345 	 0.000196 	 0.109624 	 0.111975
  346 	 0.003129 	 0.109564 	 0.111975
  347 	 0.000098 	 0.107480 	 0.111975
  348 	 0.000392 	 0.109717 	 0.111975
  349 	 0.024813 	 0.110457 	 0.111975
  350 	 0.018789 	 0.111093 	 0.111975
  351 	 0.000049 	 0.108378 	 0.111975
  352 	 0.000049 	 0.109745 	 0.111975
  353 	 0.000784 	 0.110188 	 0.111975
  354 	 0.000784 	 0.108724 	 0.111975
  355 	 0.000196 	 0.108999 	 0.111975
  356 	 0.006240 	 0.110687 	 0.111975
  357 	 0.013786 	 0.109553 	 0.111975
  358 	 0.000784 	 0.110200 	 0.111975
  359 	 0.013786 	 0.108863 	 0.111975
  360 	 0.000098 	 0.108640 	 0.111975
  361 	 0.000049 	 0.110145 	 0.111975
  362 	 0.000196 	 0.107052 	 0.111975
  363 	 0.006907 	 0.109919 	 0.111975
  364 	 0.006240 	 0.106673 	 0.111975
  365 	 0.001566 	 0.109941 	 0.111975
  366 	 0.001607 	 0.107359 	 0.111975
  367 	 0.012380 	 0.109520 	 0.111975
  368 	 0.000098 	 0.108480 	 0.111975
  369 	 0.000392 	 0.109370 	 0.111975
  370 	 0.001566 	 0.108861 	 0.111975
  371 	 0.003129 	 0.110321 	 0.111975
  372 	 0.000392 	 0.109416 	 0.111975
  373 	 0.018876 	 0.109820 	 0.111975
  374 	 0.000049 	 0.109821 	 0.111975
  375 	 0.000098 	 0.107880 	 0.111975
  376 	 0.006240 	 0.108627 	 0.111975
  377 	 0.006907 	 0.109739 	 0.111975
  378 	 0.006240 	 0.109760 	 0.111975
  379 	 0.009488 	 0.109911 	 0.111975
  380 	 0.001566 	 0.109194 	 0.111975
  381 	 0.000098 	 0.109361 	 0.111975
  382 	 0.000098 	 0.108067 	 0.111975
  383 	 0.000784 	 0.109812 	 0.111975
  384 	 0.041879 	 0.111278 	 0.111975
  385 	 0.000049 	 0.109425 	 0.111975
  386 	 0.003129 	 0.108654 	 0.111975
  387 	 0.000098 	 0.105560 	 0.111975
  388 	 0.018789 	 0.110385 	 0.111975
  389 	 0.006240 	 0.110191 	 0.111975
  390 	 0.006230 	 0.110107 	 0.111975
  391 	 0.000049 	 0.108924 	 0.111975
  392 	 0.000049 	 0.110700 	 0.111975
  393 	 0.018876 	 0.110149 	 0.111975
  394 	 0.000098 	 0.108574 	 0.111975
  395 	 0.067910 	 0.111534 	 0.111975
  396 	 0.006907 	 0.108536 	 0.111975
  397 	 0.000049 	 0.107957 	 0.111975
  398 	 0.001566 	 0.110766 	 0.111975
  399 	 0.000098 	 0.108036 	 0.111975
  400 	 0.000049 	 0.108253 	 0.111975
  401 	 0.006240 	 0.108765 	 0.111975
  402 	 0.000049 	 0.105927 	 0.111975
  403 	 0.000196 	 0.109794 	 0.111975
  404 	 0.000049 	 0.110103 	 0.111975
  405 	 0.000784 	 0.110634 	 0.111975
  406 	 0.000392 	 0.107566 	 0.111975
  407 	 0.018875 	 0.110923 	 0.111975
  408 	 0.060977 	 0.111386 	 0.111975
  409 	 0.000392 	 0.108613 	 0.111975
  410 	 0.000098 	 0.108668 	 0.111975
  411 	 0.000049 	 0.108536 	 0.111975
  412 	 0.018876 	 0.109827 	 0.111975
  413 	 0.002935 	 0.107549 	 0.111975
  414 	 0.000392 	 0.108835 	 0.111975
  415 	 0.000098 	 0.108023 	 0.111975
  416 	 0.009488 	 0.108814 	 0.111975
  417 	 0.000098 	 0.108452 	 0.111975
  418 	 0.000098 	 0.108257 	 0.111975
  419 	 0.000784 	 0.109609 	 0.111975
  420 	 0.000098 	 0.108781 	 0.111975
  421 	 0.000098 	 0.107558 	 0.111975
  422 	 0.000196 	 0.107353 	 0.111975
  423 	 0.000049 	 0.108015 	 0.111975
  424 	 0.000784 	 0.108576 	 0.111975
  425 	 0.003129 	 0.109055 	 0.111975
  426 	 0.000049 	 0.110447 	 0.111975
  427 	 0.000049 	 0.109338 	 0.111975
  428 	 0.000098 	 0.108036 	 0.111975
  429 	 0.000196 	 0.107516 	 0.111975
  430 	 0.000784 	 0.107853 	 0.111975
  431 	 0.000196 	 0.110450 	 0.111975
  432 	 0.000098 	 0.109005 	 0.111975
  433 	 0.000392 	 0.108526 	 0.111975
  434 	 0.000196 	 0.108670 	 0.111975
  435 	 0.000098 	 0.108857 	 0.111975
  436 	 0.000049 	 0.108895 	 0.111975
  437 	 0.000392 	 0.107530 	 0.111975
  438 	 0.000784 	 0.108598 	 0.111975
  439 	 0.001566 	 0.109016 	 0.111975
  440 	 0.012380 	 0.108943 	 0.111975
  441 	 0.001566 	 0.109110 	 0.111975
  442 	 0.000196 	 0.109092 	 0.111975
  443 	 0.003148 	 0.109905 	 0.111975
  444 	 0.003129 	 0.110696 	 0.111975
  445 	 0.000784 	 0.108799 	 0.111975
  446 	 0.000196 	 0.109541 	 0.111975
  447 	 0.003129 	 0.109892 	 0.111975
  448 	 0.000196 	 0.108493 	 0.111975
  449 	 0.000098 	 0.107932 	 0.111975
  450 	 0.000196 	 0.109001 	 0.111975
  451 	 0.000098 	 0.109054 	 0.111975
  452 	 0.000049 	 0.106839 	 0.111975
  453 	 0.009488 	 0.108694 	 0.111975
  454 	 0.013786 	 0.109197 	 0.111975
  455 	 0.000049 	 0.107238 	 0.111975
  456 	 0.000049 	 0.107718 	 0.111975
  457 	 0.000196 	 0.107538 	 0.111975
  458 	 0.000049 	 0.107870 	 0.111975
  459 	 0.000392 	 0.109837 	 0.111975
  460 	 0.013786 	 0.109964 	 0.111975
  461 	 0.000049 	 0.106986 	 0.111975
  462 	 0.000098 	 0.108845 	 0.111975
  463 	 0.009493 	 0.108361 	 0.111975
  464 	 0.018789 	 0.109816 	 0.111975
  465 	 0.000392 	 0.110297 	 0.111975
  466 	 0.003129 	 0.109355 	 0.111975
  467 	 0.000784 	 0.109353 	 0.111975
  468 	 0.012380 	 0.110732 	 0.111975
  469 	 0.000784 	 0.108591 	 0.111975
  470 	 0.000098 	 0.107519 	 0.111975
  471 	 0.000049 	 0.108704 	 0.111975
  472 	 0.000196 	 0.108179 	 0.111975
  473 	 0.001566 	 0.109470 	 0.111975
  474 	 0.000049 	 0.108011 	 0.111975
  475 	 0.000392 	 0.110179 	 0.111975
  476 	 0.000196 	 0.108799 	 0.111975
  477 	 0.003129 	 0.110677 	 0.111975
  478 	 0.000098 	 0.110366 	 0.111975
  479 	 0.000049 	 0.108328 	 0.111975
  480 	 0.009493 	 0.110044 	 0.111975
  481 	 0.000784 	 0.109069 	 0.111975
  482 	 0.018789 	 0.109504 	 0.111975
  483 	 0.000196 	 0.109075 	 0.111975
  484 	 0.000049 	 0.109394 	 0.111975
  485 	 0.000392 	 0.110015 	 0.111975
  486 	 0.001566 	 0.109882 	 0.111975
  487 	 0.001566 	 0.111031 	 0.111975
  488 	 0.001566 	 0.106855 	 0.111975
  489 	 0.000784 	 0.109361 	 0.111975
  490 	 0.000392 	 0.109925 	 0.111975
  491 	 0.046896 	 0.110663 	 0.111975
  492 	 0.000049 	 0.110038 	 0.111975
  493 	 0.000392 	 0.109590 	 0.111975
  494 	 0.006240 	 0.110850 	 0.111975
  495 	 0.018789 	 0.109860 	 0.111975
  496 	 0.013786 	 0.110271 	 0.111975
  497 	 0.000196 	 0.108210 	 0.111975
  498 	 0.079593 	 0.111612 	 0.111975
  499 	 0.000196 	 0.108745 	 0.111975
 