   0 	 0.000049 	 0.000243 	 0.003221
    1 	 0.000069 	 0.000398 	 0.003664
    2 	 0.000056 	 0.000597 	 0.003691
    3 	 0.000306 	 0.001041 	 0.013359
    4 	 0.000102 	 0.001746 	 0.017014
    5 	 0.000102 	 0.003010 	 0.044485
    6 	 0.001120 	 0.004755 	 0.044485
    7 	 0.000050 	 0.005849 	 0.043340
    8 	 0.000097 	 0.008740 	 0.042947
    9 	 0.000783 	 0.011855 	 0.044578
   10 	 0.006242 	 0.014526 	 0.044578
   11 	 0.000049 	 0.016947 	 0.050244
   12 	 0.006595 	 0.020192 	 0.050244
   13 	 0.000787 	 0.024068 	 0.049678
   14 	 0.007792 	 0.029372 	 0.049978
   15 	 0.000755 	 0.033367 	 0.051697
   16 	 0.000391 	 0.038371 	 0.052447
   17 	 0.000049 	 0.042172 	 0.052685
   18 	 0.000049 	 0.044118 	 0.054113
   19 	 0.003026 	 0.046953 	 0.054334
   20 	 0.018593 	 0.049171 	 0.054581
   21 	 0.000049 	 0.049071 	 0.055068
   22 	 0.000049 	 0.050197 	 0.056094
   23 	 0.000098 	 0.051830 	 0.056281
   24 	 0.006064 	 0.052907 	 0.056887
   25 	 0.001562 	 0.052835 	 0.056882
   26 	 0.000782 	 0.053709 	 0.056882
   27 	 0.000049 	 0.054442 	 0.056983
   28 	 0.000098 	 0.054008 	 0.057881
   29 	 0.000098 	 0.054647 	 0.058015
   30 	 0.000098 	 0.054638 	 0.058015
   31 	 0.001556 	 0.054899 	 0.057949
   32 	 0.000781 	 0.055479 	 0.057808
   33 	 0.000098 	 0.055496 	 0.058216
   34 	 0.009264 	 0.056144 	 0.058113
   35 	 0.006324 	 0.056076 	 0.058329
   36 	 0.000098 	 0.056742 	 0.058430
   37 	 0.018538 	 0.057185 	 0.058430
   38 	 0.000098 	 0.056855 	 0.058475
   39 	 0.000049 	 0.055539 	 0.058522
   40 	 0.000049 	 0.057426 	 0.058578
   41 	 0.000049 	 0.056581 	 0.058648
   42 	 0.009295 	 0.057323 	 0.058735
   43 	 0.001563 	 0.056801 	 0.058672
   44 	 0.000098 	 0.057118 	 0.058653
   45 	 0.003164 	 0.057792 	 0.058751
   46 	 0.000049 	 0.057667 	 0.058751
   47 	 0.000196 	 0.057058 	 0.058751
   48 	 0.000049 	 0.058055 	 0.058778
   49 	 0.000196 	 0.057228 	 0.058805
   50 	 0.000098 	 0.057447 	 0.058805
   51 	 0.000783 	 0.057194 	 0.058838
   52 	 0.009354 	 0.057550 	 0.058906
   53 	 0.018179 	 0.057993 	 0.058926
   54 	 0.000098 	 0.056287 	 0.058935
   55 	 0.000391 	 0.057372 	 0.058962
   56 	 0.003116 	 0.057101 	 0.058996
   57 	 0.000783 	 0.057339 	 0.058951
   58 	 0.000783 	 0.057297 	 0.058962
   59 	 0.000098 	 0.057468 	 0.058993
   60 	 0.000049 	 0.057967 	 0.059012
   61 	 0.009301 	 0.058371 	 0.058993
   62 	 0.000392 	 0.058060 	 0.059012
   63 	 0.000098 	 0.057409 	 0.059012
   64 	 0.000049 	 0.057804 	 0.059020
   65 	 0.000196 	 0.057018 	 0.059041
   66 	 0.009316 	 0.058094 	 0.059024
   67 	 0.000392 	 0.057418 	 0.059028
   68 	 0.000098 	 0.057677 	 0.059033
   69 	 0.006920 	 0.058551 	 0.059043
   70 	 0.000098 	 0.057676 	 0.059046
   71 	 0.013349 	 0.058119 	 0.059052
   72 	 0.000098 	 0.057428 	 0.059057
   73 	 0.006921 	 0.058439 	 0.059078
   74 	 0.000196 	 0.057629 	 0.059095
   75 	 0.000098 	 0.057134 	 0.059101
   76 	 0.000098 	 0.057830 	 0.059114
   77 	 0.006297 	 0.057990 	 0.059109
   78 	 0.000049 	 0.057416 	 0.059127
   79 	 0.003120 	 0.058367 	 0.059129
   80 	 0.000392 	 0.057978 	 0.059131
   81 	 0.000392 	 0.057648 	 0.059131
   82 	 0.000783 	 0.058366 	 0.059131
   83 	 0.054202 	 0.059069 	 0.059131
   84 	 0.000196 	 0.058300 	 0.059131
   85 	 0.000196 	 0.057832 	 0.059131
   86 	 0.000049 	 0.057968 	 0.059131
   87 	 0.000049 	 0.057843 	 0.059132
   88 	 0.006918 	 0.057738 	 0.059133
   89 	 0.000049 	 0.057817 	 0.059133
   90 	 0.000049 	 0.057900 	 0.059133
   91 	 0.000049 	 0.057930 	 0.059135
   92 	 0.000392 	 0.058329 	 0.059135
   93 	 0.000392 	 0.057409 	 0.059135
   94 	 0.001564 	 0.057639 	 0.059137
   95 	 0.000196 	 0.057593 	 0.059137
   96 	 0.000196 	 0.058015 	 0.059137
   97 	 0.013355 	 0.058290 	 0.059137
   98 	 0.003117 	 0.058533 	 0.059139
   99 	 0.000196 	 0.058208 	 0.059139
  100 	 0.009409 	 0.058488 	 0.059139
  101 	 0.051204 	 0.059019 	 0.059139
  102 	 0.000196 	 0.057873 	 0.059139
  103 	 0.000049 	 0.057770 	 0.059139
  104 	 0.003117 	 0.057639 	 0.059139
  105 	 0.000783 	 0.057683 	 0.059139
  106 	 0.001564 	 0.057270 	 0.059139
  107 	 0.000196 	 0.058126 	 0.059139
  108 	 0.000049 	 0.057282 	 0.059139
  109 	 0.000098 	 0.057901 	 0.059139
  110 	 0.000196 	 0.057449 	 0.059139
  111 	 0.000196 	 0.057708 	 0.059139
  112 	 0.003117 	 0.058502 	 0.059139
  113 	 0.000098 	 0.058182 	 0.059139
  114 	 0.012056 	 0.058272 	 0.059139
  115 	 0.000392 	 0.057628 	 0.059139
  116 	 0.003092 	 0.057972 	 0.059139
  117 	 0.018149 	 0.058840 	 0.059139
  118 	 0.000392 	 0.058119 	 0.059139
  119 	 0.000049 	 0.057973 	 0.059139
  120 	 0.006919 	 0.058372 	 0.059139
  121 	 0.000196 	 0.057268 	 0.059139
  122 	 0.000049 	 0.057127 	 0.059139
  123 	 0.051201 	 0.058969 	 0.059139
  124 	 0.000392 	 0.057917 	 0.059139
  125 	 0.000049 	 0.058185 	 0.059139
  126 	 0.000098 	 0.057667 	 0.059139
  127 	 0.000196 	 0.058396 	 0.059139
  128 	 0.012062 	 0.058610 	 0.059139
  129 	 0.000098 	 0.058223 	 0.059139
  130 	 0.000098 	 0.058257 	 0.059139
  131 	 0.000098 	 0.057855 	 0.059139
  132 	 0.022413 	 0.058863 	 0.059139
  133 	 0.009480 	 0.057808 	 0.059139
  134 	 0.000392 	 0.057373 	 0.059139
  135 	 0.001564 	 0.057788 	 0.059139
  136 	 0.000049 	 0.057677 	 0.059139
  137 	 0.009408 	 0.058384 	 0.059139
  138 	 0.000049 	 0.058570 	 0.059139
  139 	 0.000783 	 0.057506 	 0.059139
  140 	 0.018036 	 0.058607 	 0.059139
  141 	 0.000783 	 0.057576 	 0.059139
  142 	 0.000392 	 0.058499 	 0.059139
  143 	 0.000196 	 0.057231 	 0.059139
  144 	 0.000392 	 0.058652 	 0.059139
  145 	 0.006294 	 0.058581 	 0.059139
  146 	 0.006892 	 0.058399 	 0.059139
  147 	 0.000783 	 0.057638 	 0.059139
  148 	 0.009408 	 0.058156 	 0.059139
  149 	 0.000196 	 0.057586 	 0.059139
  150 	 0.000049 	 0.057899 	 0.059139
  151 	 0.006289 	 0.057729 	 0.059139
  152 	 0.000049 	 0.057886 	 0.059139
  153 	 0.003125 	 0.058319 	 0.059139
  154 	 0.000049 	 0.058226 	 0.059139
  155 	 0.000196 	 0.057255 	 0.059139
  156 	 0.000049 	 0.057737 	 0.059139
  157 	 0.006919 	 0.057302 	 0.059139
  158 	 0.006091 	 0.058331 	 0.059139
  159 	 0.006919 	 0.058517 	 0.059139
  160 	 0.000049 	 0.058067 	 0.059139
  161 	 0.000049 	 0.057814 	 0.059139
  162 	 0.035544 	 0.058782 	 0.059139
  163 	 0.003102 	 0.058414 	 0.059139
  164 	 0.000098 	 0.058261 	 0.059139
  165 	 0.001564 	 0.057789 	 0.059139
  166 	 0.000196 	 0.057634 	 0.059139
  167 	 0.000049 	 0.058251 	 0.059139
  168 	 0.000049 	 0.057556 	 0.059139
  169 	 0.000098 	 0.056832 	 0.059139
  170 	 0.013355 	 0.058401 	 0.059139
  171 	 0.000783 	 0.057798 	 0.059139
  172 	 0.000783 	 0.057631 	 0.059139
  173 	 0.006294 	 0.058525 	 0.059139
  174 	 0.000196 	 0.057703 	 0.059139
  175 	 0.022418 	 0.058896 	 0.059139
  176 	 0.009408 	 0.058524 	 0.059139
  177 	 0.000392 	 0.056820 	 0.059139
  178 	 0.000783 	 0.057505 	 0.059139
  179 	 0.000049 	 0.057958 	 0.059139
  180 	 0.000098 	 0.057280 	 0.059139
  181 	 0.000783 	 0.058195 	 0.059139
  182 	 0.048765 	 0.059034 	 0.059139
  183 	 0.000049 	 0.058136 	 0.059139
  184 	 0.000098 	 0.057963 	 0.059139
  185 	 0.000098 	 0.057805 	 0.059139
  186 	 0.000783 	 0.058328 	 0.059139
  187 	 0.000098 	 0.058238 	 0.059139
  188 	 0.000098 	 0.057566 	 0.059139
  189 	 0.000783 	 0.058434 	 0.059139
  190 	 0.000196 	 0.057802 	 0.059139
  191 	 0.000098 	 0.058050 	 0.059139
  192 	 0.006294 	 0.058218 	 0.059139
  193 	 0.003117 	 0.057835 	 0.059139
  194 	 0.000098 	 0.058394 	 0.059139
  195 	 0.009408 	 0.058746 	 0.059139
  196 	 0.000049 	 0.058347 	 0.059139
  197 	 0.000098 	 0.057619 	 0.059139
  198 	 0.032023 	 0.058667 	 0.059139
  199 	 0.012062 	 0.058523 	 0.059139
  200 	 0.000783 	 0.057503 	 0.059139
  201 	 0.009408 	 0.058003 	 0.059139
  202 	 0.000783 	 0.057762 	 0.059139
  203 	 0.003117 	 0.058004 	 0.059139
  204 	 0.000392 	 0.057898 	 0.059139
  205 	 0.018040 	 0.058522 	 0.059139
  206 	 0.003117 	 0.058518 	 0.059139
  207 	 0.006294 	 0.058434 	 0.059139
  208 	 0.000065 	 0.058237 	 0.059139
  209 	 0.000392 	 0.058140 	 0.059139
  210 	 0.000196 	 0.057754 	 0.059139
  211 	 0.003117 	 0.057984 	 0.059139
  212 	 0.000392 	 0.058027 	 0.059139
  213 	 0.009408 	 0.058814 	 0.059139
  214 	 0.018036 	 0.058718 	 0.059139
  215 	 0.000049 	 0.056883 	 0.059139
  216 	 0.000049 	 0.057553 	 0.059139
  217 	 0.009409 	 0.058531 	 0.059139
  218 	 0.000098 	 0.058057 	 0.059139
  219 	 0.000098 	 0.057894 	 0.059139
  220 	 0.000049 	 0.058199 	 0.059139
  221 	 0.006294 	 0.058508 	 0.059139
  222 	 0.012062 	 0.058644 	 0.059139
  223 	 0.000098 	 0.057645 	 0.059139
  224 	 0.003117 	 0.057281 	 0.059139
  225 	 0.006919 	 0.058332 	 0.059139
  226 	 0.001564 	 0.058020 	 0.059139
  227 	 0.018133 	 0.058595 	 0.059139
  228 	 0.000196 	 0.057772 	 0.059139
  229 	 0.009408 	 0.058073 	 0.059139
  230 	 0.000392 	 0.057201 	 0.059139
  231 	 0.000098 	 0.058351 	 0.059139
  232 	 0.000783 	 0.057198 	 0.059139
  233 	 0.000196 	 0.057901 	 0.059139
  234 	 0.000049 	 0.057551 	 0.059139
  235 	 0.000196 	 0.057666 	 0.059139
  236 	 0.000098 	 0.057308 	 0.059139
  237 	 0.000196 	 0.058784 	 0.059139
  238 	 0.000049 	 0.057654 	 0.059139
  239 	 0.000098 	 0.058140 	 0.059139
  240 	 0.000783 	 0.057904 	 0.059139
  241 	 0.000196 	 0.058338 	 0.059139
  242 	 0.018143 	 0.058707 	 0.059139
  243 	 0.012062 	 0.058501 	 0.059139
  244 	 0.006294 	 0.058000 	 0.059139
  245 	 0.000783 	 0.057836 	 0.059139
  246 	 0.006294 	 0.058217 	 0.059139
  247 	 0.012062 	 0.058037 	 0.059139
  248 	 0.000196 	 0.057606 	 0.059139
  249 	 0.000049 	 0.057324 	 0.059139
  250 	 0.006294 	 0.058332 	 0.059139
  251 	 0.003117 	 0.057437 	 0.059139
  252 	 0.009351 	 0.058084 	 0.059139
  253 	 0.000098 	 0.057811 	 0.059139
  254 	 0.000098 	 0.058051 	 0.059139
  255 	 0.000783 	 0.058670 	 0.059139
  256 	 0.000049 	 0.057769 	 0.059139
  257 	 0.000098 	 0.057699 	 0.059139
  258 	 0.000196 	 0.056445 	 0.059139
  259 	 0.000392 	 0.057284 	 0.059139
  260 	 0.000392 	 0.057552 	 0.059139
  261 	 0.000196 	 0.057174 	 0.059139
  262 	 0.000049 	 0.058328 	 0.059139
  263 	 0.000098 	 0.058390 	 0.059139
  264 	 0.000098 	 0.057428 	 0.059139
  265 	 0.000783 	 0.058337 	 0.059139
  266 	 0.009408 	 0.058634 	 0.059139
  267 	 0.046705 	 0.059028 	 0.059139
  268 	 0.000392 	 0.057419 	 0.059139
  269 	 0.000196 	 0.057466 	 0.059139
  270 	 0.000049 	 0.058112 	 0.059139
  271 	 0.006919 	 0.058530 	 0.059139
  272 	 0.012062 	 0.058352 	 0.059139
  273 	 0.000098 	 0.057835 	 0.059139
  274 	 0.000392 	 0.058006 	 0.059139
  275 	 0.000196 	 0.057347 	 0.059139
  276 	 0.000783 	 0.058405 	 0.059139
  277 	 0.000196 	 0.057730 	 0.059139
  278 	 0.000098 	 0.058101 	 0.059139
  279 	 0.003117 	 0.058318 	 0.059139
  280 	 0.009408 	 0.058461 	 0.059139
  281 	 0.009214 	 0.058489 	 0.059139
  282 	 0.001564 	 0.057782 	 0.059139
  283 	 0.009351 	 0.058359 	 0.059139
  284 	 0.009348 	 0.058264 	 0.059139
  285 	 0.000049 	 0.058154 	 0.059139
  286 	 0.000392 	 0.058268 	 0.059139
  287 	 0.000049 	 0.057344 	 0.059139
  288 	 0.000196 	 0.058305 	 0.059139
  289 	 0.006294 	 0.058451 	 0.059139
  290 	 0.013355 	 0.057833 	 0.059139
  291 	 0.000049 	 0.058073 	 0.059139
  292 	 0.000196 	 0.057406 	 0.059139
  293 	 0.000157 	 0.058649 	 0.059139
  294 	 0.018036 	 0.058463 	 0.059139
  295 	 0.000098 	 0.057760 	 0.059139
  296 	 0.001564 	 0.056800 	 0.059139
  297 	 0.000049 	 0.058033 	 0.059139
  298 	 0.000049 	 0.058016 	 0.059139
  299 	 0.000049 	 0.057716 	 0.059139
  300 	 0.000049 	 0.057345 	 0.059139
  301 	 0.003117 	 0.058428 	 0.059139
  302 	 0.000098 	 0.057992 	 0.059139
  303 	 0.012062 	 0.058497 	 0.059139
  304 	 0.000783 	 0.057401 	 0.059139
  305 	 0.001564 	 0.058278 	 0.059139
  306 	 0.000098 	 0.058060 	 0.059139
  307 	 0.018036 	 0.058256 	 0.059139
  308 	 0.000783 	 0.057628 	 0.059139
  309 	 0.000783 	 0.058321 	 0.059139
  310 	 0.000783 	 0.057654 	 0.059139
  311 	 0.001564 	 0.058534 	 0.059139
  312 	 0.000049 	 0.057412 	 0.059139
  313 	 0.000098 	 0.058180 	 0.059139
  314 	 0.000196 	 0.058239 	 0.059139
  315 	 0.001564 	 0.058358 	 0.059139
  316 	 0.009351 	 0.058000 	 0.059139
  317 	 0.006294 	 0.058436 	 0.059139
  318 	 0.000196 	 0.057315 	 0.059139
  319 	 0.000098 	 0.057654 	 0.059139
  320 	 0.000196 	 0.058157 	 0.059139
  321 	 0.000392 	 0.057485 	 0.059139
  322 	 0.009408 	 0.058766 	 0.059139
  323 	 0.000196 	 0.057738 	 0.059139
  324 	 0.000196 	 0.057137 	 0.059139
  325 	 0.000098 	 0.056885 	 0.059139
  326 	 0.018036 	 0.058311 	 0.059139
  327 	 0.000392 	 0.058223 	 0.059139
  328 	 0.000196 	 0.058166 	 0.059139
  329 	 0.012062 	 0.058444 	 0.059139
  330 	 0.000049 	 0.057120 	 0.059139
  331 	 0.000196 	 0.058248 	 0.059139
  332 	 0.000098 	 0.057813 	 0.059139
  333 	 0.000049 	 0.058769 	 0.059139
  334 	 0.000049 	 0.058530 	 0.059139
  335 	 0.001564 	 0.057917 	 0.059139
  336 	 0.001564 	 0.057717 	 0.059139
  337 	 0.009351 	 0.058414 	 0.059139
  338 	 0.000098 	 0.058172 	 0.059139
  339 	 0.000196 	 0.058508 	 0.059139
  340 	 0.000098 	 0.057668 	 0.059139
  341 	 0.003120 	 0.057867 	 0.059139
  342 	 0.000049 	 0.057805 	 0.059139
  343 	 0.001564 	 0.057644 	 0.059139
  344 	 0.003118 	 0.057925 	 0.059139
  345 	 0.032023 	 0.058818 	 0.059139
  346 	 0.000392 	 0.058447 	 0.059139
  347 	 0.018036 	 0.058645 	 0.059139
  348 	 0.000196 	 0.057337 	 0.059139
  349 	 0.000098 	 0.058141 	 0.059139
  350 	 0.000196 	 0.057464 	 0.059139
  351 	 0.000196 	 0.057521 	 0.059139
  352 	 0.006919 	 0.058031 	 0.059139
  353 	 0.006919 	 0.057521 	 0.059139
  354 	 0.000392 	 0.058064 	 0.059139
  355 	 0.001564 	 0.057886 	 0.059139
  356 	 0.000783 	 0.057618 	 0.059139
  357 	 0.000392 	 0.058514 	 0.059139
  358 	 0.000049 	 0.057477 	 0.059139
  359 	 0.000098 	 0.056684 	 0.059139
  360 	 0.000049 	 0.057368 	 0.059139
  361 	 0.001564 	 0.057538 	 0.059139
  362 	 0.012062 	 0.058741 	 0.059139
  363 	 0.006919 	 0.058564 	 0.059139
  364 	 0.000392 	 0.058102 	 0.059139
  365 	 0.000789 	 0.057591 	 0.059139
  366 	 0.001564 	 0.057812 	 0.059139
  367 	 0.000783 	 0.058256 	 0.059139
  368 	 0.009351 	 0.058420 	 0.059139
  369 	 0.000049 	 0.058084 	 0.059139
  370 	 0.002977 	 0.057518 	 0.059139
  371 	 0.000049 	 0.057531 	 0.059139
  372 	 0.000196 	 0.058528 	 0.059139
  373 	 0.000783 	 0.057870 	 0.059139
  374 	 0.003117 	 0.057997 	 0.059139
  375 	 0.000392 	 0.058202 	 0.059139
  376 	 0.003117 	 0.058280 	 0.059139
  377 	 0.000049 	 0.057327 	 0.059139
  378 	 0.001564 	 0.057424 	 0.059139
  379 	 0.000049 	 0.056906 	 0.059139
  380 	 0.000196 	 0.058534 	 0.059139
  381 	 0.003117 	 0.057821 	 0.059139
  382 	 0.006919 	 0.057599 	 0.059139
  383 	 0.000049 	 0.058345 	 0.059139
  384 	 0.000196 	 0.057604 	 0.059139
  385 	 0.009351 	 0.058072 	 0.059139
  386 	 0.000196 	 0.057248 	 0.059139
  387 	 0.000049 	 0.058517 	 0.059139
  388 	 0.006919 	 0.058067 	 0.059139
  389 	 0.000098 	 0.058389 	 0.059139
  390 	 0.003117 	 0.057732 	 0.059139
  391 	 0.000049 	 0.058395 	 0.059139
  392 	 0.001564 	 0.057764 	 0.059139
  393 	 0.000098 	 0.058497 	 0.059139
  394 	 0.000783 	 0.057823 	 0.059139
  395 	 0.001564 	 0.058392 	 0.059139
  396 	 0.006294 	 0.057897 	 0.059139
  397 	 0.000098 	 0.056931 	 0.059139
  398 	 0.000098 	 0.057424 	 0.059139
  399 	 0.006294 	 0.057940 	 0.059139
  400 	 0.006294 	 0.058068 	 0.059139
  401 	 0.006294 	 0.057622 	 0.059139
  402 	 0.000783 	 0.057845 	 0.059139
  403 	 0.032023 	 0.058705 	 0.059139
  404 	 0.009408 	 0.058558 	 0.059139
  405 	 0.000049 	 0.057518 	 0.059139
  406 	 0.001564 	 0.057700 	 0.059139
  407 	 0.032023 	 0.058926 	 0.059139
  408 	 0.000049 	 0.057697 	 0.059139
  409 	 0.000196 	 0.058003 	 0.059139
  410 	 0.000049 	 0.057220 	 0.059139
  411 	 0.000783 	 0.058111 	 0.059139
  412 	 0.000049 	 0.058466 	 0.059139
  413 	 0.000392 	 0.058281 	 0.059139
  414 	 0.001564 	 0.057975 	 0.059139
  415 	 0.000098 	 0.057858 	 0.059139
  416 	 0.032023 	 0.058898 	 0.059139
  417 	 0.003117 	 0.058104 	 0.059139
  418 	 0.012062 	 0.058589 	 0.059139
  419 	 0.000049 	 0.057440 	 0.059139
  420 	 0.006919 	 0.056953 	 0.059139
  421 	 0.000783 	 0.058035 	 0.059139
  422 	 0.000196 	 0.057891 	 0.059139
  423 	 0.000098 	 0.058346 	 0.059139
  424 	 0.000049 	 0.057644 	 0.059139
  425 	 0.000049 	 0.057227 	 0.059139
  426 	 0.001564 	 0.057698 	 0.059139
  427 	 0.022413 	 0.058590 	 0.059139
  428 	 0.000098 	 0.058004 	 0.059139
  429 	 0.000098 	 0.057993 	 0.059139
  430 	 0.000049 	 0.057065 	 0.059139
  431 	 0.000049 	 0.056959 	 0.059139
  432 	 0.000196 	 0.058327 	 0.059139
  433 	 0.000783 	 0.058529 	 0.059139
  434 	 0.000098 	 0.056970 	 0.059139
  435 	 0.000049 	 0.057689 	 0.059139
  436 	 0.000049 	 0.057957 	 0.059139
  437 	 0.000098 	 0.057327 	 0.059139
  438 	 0.009351 	 0.058368 	 0.059139
  439 	 0.000098 	 0.058391 	 0.059139
  440 	 0.000049 	 0.057978 	 0.059139
  441 	 0.000783 	 0.058600 	 0.059139
  442 	 0.001564 	 0.057081 	 0.059139
  443 	 0.018133 	 0.058653 	 0.059139
  444 	 0.000392 	 0.057664 	 0.059139
  445 	 0.000098 	 0.058018 	 0.059139
  446 	 0.003117 	 0.057684 	 0.059139
  447 	 0.001348 	 0.057326 	 0.059139
  448 	 0.000392 	 0.057830 	 0.059139
  449 	 0.000196 	 0.057702 	 0.059139
  450 	 0.000392 	 0.058135 	 0.059139
  451 	 0.006919 	 0.058603 	 0.059139
  452 	 0.006294 	 0.058551 	 0.059139
  453 	 0.013355 	 0.058840 	 0.059139
  454 	 0.009408 	 0.058267 	 0.059139
  455 	 0.000392 	 0.057597 	 0.059139
  456 	 0.000098 	 0.057643 	 0.059139
  457 	 0.000196 	 0.057898 	 0.059139
  458 	 0.001564 	 0.058335 	 0.059139
  459 	 0.000196 	 0.057854 	 0.059139
  460 	 0.003117 	 0.057639 	 0.059139
  461 	 0.000196 	 0.057556 	 0.059139
  462 	 0.000049 	 0.057589 	 0.059139
  463 	 0.000392 	 0.058316 	 0.059139
  464 	 0.009505 	 0.058245 	 0.059139
  465 	 0.000098 	 0.057625 	 0.059139
  466 	 0.006919 	 0.058425 	 0.059139
  467 	 0.000196 	 0.058354 	 0.059139
  468 	 0.000783 	 0.057780 	 0.059139
  469 	 0.000392 	 0.058217 	 0.059139
  470 	 0.001564 	 0.057855 	 0.059139
  471 	 0.000098 	 0.057976 	 0.059139
  472 	 0.000783 	 0.057631 	 0.059139
  473 	 0.000098 	 0.058338 	 0.059139
  474 	 0.000098 	 0.057325 	 0.059139
  475 	 0.000098 	 0.058151 	 0.059139
  476 	 0.009408 	 0.058089 	 0.059139
  477 	 0.000049 	 0.057507 	 0.059139
  478 	 0.000049 	 0.057153 	 0.059139
  479 	 0.000049 	 0.057410 	 0.059139
  480 	 0.000392 	 0.058059 	 0.059139
  481 	 0.000783 	 0.058063 	 0.059139
  482 	 0.012062 	 0.058359 	 0.059139
  483 	 0.000783 	 0.057439 	 0.059139
  484 	 0.000049 	 0.058209 	 0.059139
  485 	 0.000049 	 0.057298 	 0.059139
  486 	 0.003117 	 0.058292 	 0.059139
  487 	 0.000196 	 0.057714 	 0.059139
  488 	 0.000049 	 0.057689 	 0.059139
  489 	 0.000098 	 0.057793 	 0.059139
  490 	 0.006294 	 0.058187 	 0.059139
  491 	 0.018143 	 0.058820 	 0.059139
  492 	 0.001556 	 0.058376 	 0.059139
  493 	 0.006919 	 0.058261 	 0.059139
  494 	 0.006294 	 0.057683 	 0.059139
  495 	 0.001564 	 0.057752 	 0.059139
  496 	 0.000392 	 0.057946 	 0.059139
  497 	 0.000783 	 0.058052 	 0.059139
  498 	 0.000098 	 0.057779 	 0.059139
  499 	 0.000098 	 0.057721 	 0.059139
 