   0 	 0.000049 	 0.000319 	 0.014494
    1 	 0.000098 	 0.000561 	 0.014339
    2 	 0.000056 	 0.000887 	 0.014260
    3 	 0.000391 	 0.001620 	 0.018194
    4 	 0.000050 	 0.002397 	 0.021154
    5 	 0.000050 	 0.003389 	 0.014195
    6 	 0.000049 	 0.004995 	 0.016253
    7 	 0.000049 	 0.007605 	 0.022079
    8 	 0.000194 	 0.011121 	 0.024627
    9 	 0.002800 	 0.013674 	 0.030118
   10 	 0.000396 	 0.015140 	 0.030444
   11 	 0.004708 	 0.016623 	 0.043026
   12 	 0.002626 	 0.017174 	 0.047392
   13 	 0.000097 	 0.017618 	 0.043026
   14 	 0.000097 	 0.018257 	 0.039650
   15 	 0.005720 	 0.018376 	 0.034506
   16 	 0.000374 	 0.018696 	 0.045357
   17 	 0.000794 	 0.019913 	 0.046287
   18 	 0.000197 	 0.021308 	 0.046420
   19 	 0.008086 	 0.023536 	 0.046404
   20 	 0.006515 	 0.024913 	 0.054763
   21 	 0.006036 	 0.027839 	 0.053307
   22 	 0.006015 	 0.029205 	 0.052447
   23 	 0.000792 	 0.032371 	 0.075479
   24 	 0.000049 	 0.035229 	 0.085859
   25 	 0.000098 	 0.038017 	 0.056091
   26 	 0.000196 	 0.040336 	 0.070818
   27 	 0.000049 	 0.045214 	 0.078917
   28 	 0.000098 	 0.048215 	 0.079084
   29 	 0.000098 	 0.051843 	 0.081730
   30 	 0.006736 	 0.054704 	 0.078828
   31 	 0.008495 	 0.056152 	 0.083954
   32 	 0.000196 	 0.058522 	 0.084088
   33 	 0.000049 	 0.058635 	 0.104430
   34 	 0.000049 	 0.060672 	 0.092692
   35 	 0.001563 	 0.065222 	 0.097861
   36 	 0.000098 	 0.068277 	 0.102723
   37 	 0.000392 	 0.075872 	 0.114247
   38 	 0.000049 	 0.080211 	 0.115502
   39 	 0.003081 	 0.082170 	 0.115367
   40 	 0.000098 	 0.087337 	 0.115798
   41 	 0.003131 	 0.092274 	 0.115803
   42 	 0.000775 	 0.094608 	 0.119589
   43 	 0.001546 	 0.099078 	 0.121360
   44 	 0.003107 	 0.104317 	 0.122086
   45 	 0.000098 	 0.106052 	 0.120640
   46 	 0.000392 	 0.109181 	 0.124815
   47 	 0.000391 	 0.114388 	 0.126604
   48 	 0.000782 	 0.116611 	 0.126634
   49 	 0.006867 	 0.118546 	 0.130097
   50 	 0.006122 	 0.118650 	 0.131238
   51 	 0.000049 	 0.119111 	 0.131598
   52 	 0.003132 	 0.122839 	 0.132202
   53 	 0.000098 	 0.124713 	 0.134014
   54 	 0.000392 	 0.123694 	 0.134596
   55 	 0.000098 	 0.128953 	 0.134521
   56 	 0.000196 	 0.128422 	 0.134521
   57 	 0.000049 	 0.130199 	 0.136503
   58 	 0.000392 	 0.128558 	 0.136503
   59 	 0.000098 	 0.129079 	 0.136654
   60 	 0.012235 	 0.130998 	 0.136993
   61 	 0.000098 	 0.131641 	 0.137681
   62 	 0.013667 	 0.132003 	 0.137817
   63 	 0.013779 	 0.132933 	 0.138120
   64 	 0.006226 	 0.134074 	 0.138120
   65 	 0.009381 	 0.134024 	 0.143227
   66 	 0.012334 	 0.134872 	 0.143227
   67 	 0.000049 	 0.133607 	 0.146137
   68 	 0.000392 	 0.135866 	 0.146950
   69 	 0.000049 	 0.134505 	 0.146691
   70 	 0.001566 	 0.137622 	 0.146960
   71 	 0.000196 	 0.140459 	 0.146955
   72 	 0.013703 	 0.144100 	 0.146955
   73 	 0.000049 	 0.141775 	 0.147216
   74 	 0.035403 	 0.145078 	 0.148191
   75 	 0.000392 	 0.142917 	 0.148692
   76 	 0.023816 	 0.146063 	 0.148692
   77 	 0.000049 	 0.145003 	 0.148704
   78 	 0.003121 	 0.143539 	 0.148704
   79 	 0.000196 	 0.144266 	 0.148704
   80 	 0.001564 	 0.143466 	 0.148861
   81 	 0.006930 	 0.144181 	 0.148861
   82 	 0.000049 	 0.142769 	 0.148928
   83 	 0.000783 	 0.144585 	 0.148896
   84 	 0.000196 	 0.143443 	 0.148896
   85 	 0.001564 	 0.146347 	 0.148936
   86 	 0.000098 	 0.146954 	 0.149039
   87 	 0.000196 	 0.144434 	 0.149039
   88 	 0.036824 	 0.147240 	 0.149263
   89 	 0.006211 	 0.146644 	 0.149113
   90 	 0.000098 	 0.146305 	 0.149134
   91 	 0.000196 	 0.144260 	 0.149603
   92 	 0.000049 	 0.141801 	 0.149603
   93 	 0.052297 	 0.148249 	 0.149603
   94 	 0.000196 	 0.145346 	 0.149187
   95 	 0.000783 	 0.142371 	 0.149597
   96 	 0.000049 	 0.141195 	 0.149597
   97 	 0.000196 	 0.147342 	 0.149600
   98 	 0.036808 	 0.148032 	 0.149615
   99 	 0.068103 	 0.147353 	 0.149654
  100 	 0.009334 	 0.145212 	 0.149662
  101 	 0.000049 	 0.145109 	 0.149662
  102 	 0.000098 	 0.145076 	 0.149730
  103 	 0.001565 	 0.145673 	 0.149730
  104 	 0.018908 	 0.147479 	 0.149741
  105 	 0.000196 	 0.146256 	 0.149730
  106 	 0.000196 	 0.145636 	 0.149741
  107 	 0.000098 	 0.147558 	 0.149742
  108 	 0.003120 	 0.142592 	 0.149742
  109 	 0.006930 	 0.145602 	 0.149743
  110 	 0.036760 	 0.148188 	 0.149752
  111 	 0.000196 	 0.145225 	 0.149768
  112 	 0.000049 	 0.146944 	 0.149768
  113 	 0.003121 	 0.143879 	 0.149752
  114 	 0.036775 	 0.146276 	 0.149752
  115 	 0.001564 	 0.144708 	 0.149756
  116 	 0.003121 	 0.144551 	 0.149758
  117 	 0.006212 	 0.145486 	 0.149758
  118 	 0.000783 	 0.143970 	 0.149758
  119 	 0.000196 	 0.145432 	 0.149758
  120 	 0.000392 	 0.143982 	 0.149758
  121 	 0.000783 	 0.145464 	 0.149766
  122 	 0.000098 	 0.147104 	 0.149761
  123 	 0.038671 	 0.148301 	 0.149767
  124 	 0.006931 	 0.143985 	 0.149761
  125 	 0.000098 	 0.146987 	 0.149763
  126 	 0.000049 	 0.146567 	 0.149763
  127 	 0.001564 	 0.145669 	 0.149763
  128 	 0.000392 	 0.146600 	 0.149765
  129 	 0.036864 	 0.147883 	 0.149765
  130 	 0.000098 	 0.146612 	 0.149769
  131 	 0.000098 	 0.143178 	 0.149769
  132 	 0.000783 	 0.146154 	 0.149769
  133 	 0.000392 	 0.142147 	 0.149769
  134 	 0.062741 	 0.148342 	 0.149769
  135 	 0.000049 	 0.145636 	 0.149769
  136 	 0.006213 	 0.147421 	 0.149769
  137 	 0.000098 	 0.146309 	 0.149769
  138 	 0.000196 	 0.143880 	 0.149771
  139 	 0.000098 	 0.142590 	 0.149769
  140 	 0.013765 	 0.147441 	 0.149769
  141 	 0.000196 	 0.145094 	 0.149769
  142 	 0.009335 	 0.147263 	 0.149771
  143 	 0.000098 	 0.143960 	 0.149771
  144 	 0.000196 	 0.141068 	 0.149771
  145 	 0.006213 	 0.143424 	 0.149771
  146 	 0.001564 	 0.146540 	 0.149771
  147 	 0.006931 	 0.147246 	 0.149771
  148 	 0.000049 	 0.146075 	 0.149771
  149 	 0.000098 	 0.146641 	 0.149771
  150 	 0.000098 	 0.146258 	 0.149771
  151 	 0.009508 	 0.145699 	 0.149771
  152 	 0.000049 	 0.143436 	 0.149771
  153 	 0.000098 	 0.143599 	 0.149771
  154 	 0.000049 	 0.146906 	 0.149772
  155 	 0.003122 	 0.145515 	 0.149772
  156 	 0.000392 	 0.146699 	 0.149772
  157 	 0.000196 	 0.144308 	 0.149772
  158 	 0.000098 	 0.142854 	 0.149772
  159 	 0.012289 	 0.146865 	 0.149772
  160 	 0.000098 	 0.144096 	 0.149772
  161 	 0.009511 	 0.147996 	 0.149772
  162 	 0.001564 	 0.147741 	 0.149772
  163 	 0.006213 	 0.146359 	 0.149772
  164 	 0.003122 	 0.142842 	 0.149772
  165 	 0.001564 	 0.146001 	 0.149772
  166 	 0.000196 	 0.140659 	 0.149772
  167 	 0.000196 	 0.146110 	 0.149772
  168 	 0.003119 	 0.144265 	 0.149772
  169 	 0.000392 	 0.146249 	 0.149772
  170 	 0.009510 	 0.146996 	 0.149772
  171 	 0.000098 	 0.145419 	 0.149772
  172 	 0.097158 	 0.149163 	 0.149772
  173 	 0.018901 	 0.146082 	 0.149772
  174 	 0.000049 	 0.143879 	 0.149772
  175 	 0.000098 	 0.146173 	 0.149772
  176 	 0.013764 	 0.147185 	 0.149772
  177 	 0.000098 	 0.147303 	 0.149772
  178 	 0.000196 	 0.144418 	 0.149772
  179 	 0.013764 	 0.147269 	 0.149772
  180 	 0.001700 	 0.145193 	 0.149772
  181 	 0.001564 	 0.144793 	 0.149772
  182 	 0.000196 	 0.146269 	 0.149772
  183 	 0.013764 	 0.148066 	 0.149772
  184 	 0.003122 	 0.144802 	 0.149772
  185 	 0.000049 	 0.146186 	 0.149772
  186 	 0.013764 	 0.147524 	 0.149772
  187 	 0.000049 	 0.146711 	 0.149772
  188 	 0.006930 	 0.147849 	 0.149772
  189 	 0.000783 	 0.145164 	 0.149772
  190 	 0.019284 	 0.147866 	 0.149772
  191 	 0.000049 	 0.143066 	 0.149772
  192 	 0.000392 	 0.144003 	 0.149772
  193 	 0.000196 	 0.144801 	 0.149772
  194 	 0.006213 	 0.147395 	 0.149772
  195 	 0.000049 	 0.142591 	 0.149772
  196 	 0.006930 	 0.145463 	 0.149772
  197 	 0.000392 	 0.146493 	 0.149772
  198 	 0.000392 	 0.144990 	 0.149772
  199 	 0.000049 	 0.141594 	 0.149772
  200 	 0.000196 	 0.146547 	 0.149772
  201 	 0.000392 	 0.145090 	 0.149772
  202 	 0.000098 	 0.142236 	 0.149772
  203 	 0.036924 	 0.148084 	 0.149772
  204 	 0.000098 	 0.144862 	 0.149772
  205 	 0.000196 	 0.146091 	 0.149772
  206 	 0.013764 	 0.146540 	 0.149772
  207 	 0.000392 	 0.143238 	 0.149772
  208 	 0.000196 	 0.145420 	 0.149772
  209 	 0.000098 	 0.147209 	 0.149772
  210 	 0.000098 	 0.143697 	 0.149772
  211 	 0.000196 	 0.144270 	 0.149772
  212 	 0.000098 	 0.143966 	 0.149772
  213 	 0.000783 	 0.142343 	 0.149772
  214 	 0.006213 	 0.147039 	 0.149772
  215 	 0.001566 	 0.146944 	 0.149772
  216 	 0.000049 	 0.148282 	 0.149772
  217 	 0.009334 	 0.145234 	 0.149772
  218 	 0.000196 	 0.146186 	 0.149772
  219 	 0.003122 	 0.144625 	 0.149772
  220 	 0.000098 	 0.144993 	 0.149772
  221 	 0.000196 	 0.146445 	 0.149772
  222 	 0.025612 	 0.147275 	 0.149772
  223 	 0.000049 	 0.146555 	 0.149772
  224 	 0.000783 	 0.145663 	 0.149772
  225 	 0.006213 	 0.147525 	 0.149772
  226 	 0.003122 	 0.147687 	 0.149772
  227 	 0.006213 	 0.144057 	 0.149772
  228 	 0.000098 	 0.144368 	 0.149772
  229 	 0.000049 	 0.145674 	 0.149772
  230 	 0.001564 	 0.143540 	 0.149772
  231 	 0.000049 	 0.143359 	 0.149772
  232 	 0.006213 	 0.145602 	 0.149772
  233 	 0.000049 	 0.145867 	 0.149772
  234 	 0.009510 	 0.145747 	 0.149772
  235 	 0.000783 	 0.143248 	 0.149772
  236 	 0.000196 	 0.145395 	 0.149772
  237 	 0.000196 	 0.147740 	 0.149772
  238 	 0.006213 	 0.145612 	 0.149772
  239 	 0.000196 	 0.146338 	 0.149772
  240 	 0.000098 	 0.144982 	 0.149772
  241 	 0.000392 	 0.145762 	 0.149772
  242 	 0.006930 	 0.146540 	 0.149772
  243 	 0.000392 	 0.144001 	 0.149772
  244 	 0.001564 	 0.146197 	 0.149772
  245 	 0.000098 	 0.144834 	 0.149772
  246 	 0.000392 	 0.144199 	 0.149772
  247 	 0.018901 	 0.146719 	 0.149772
  248 	 0.000392 	 0.145649 	 0.149772
  249 	 0.000049 	 0.143919 	 0.149772
  250 	 0.003122 	 0.146467 	 0.149772
  251 	 0.000098 	 0.146845 	 0.149772
  252 	 0.000392 	 0.145378 	 0.149772
  253 	 0.000098 	 0.143378 	 0.149772
  254 	 0.003122 	 0.145442 	 0.149772
  255 	 0.006213 	 0.144482 	 0.149772
  256 	 0.000049 	 0.148568 	 0.149772
  257 	 0.000196 	 0.144306 	 0.149772
  258 	 0.000098 	 0.145798 	 0.149772
  259 	 0.000098 	 0.145077 	 0.149772
  260 	 0.001564 	 0.145851 	 0.149772
  261 	 0.000098 	 0.144501 	 0.149772
  262 	 0.000049 	 0.146264 	 0.149772
  263 	 0.018901 	 0.146787 	 0.149772
  264 	 0.001564 	 0.146107 	 0.149772
  265 	 0.000783 	 0.145183 	 0.149772
  266 	 0.067968 	 0.148214 	 0.149772
  267 	 0.000049 	 0.145515 	 0.149772
  268 	 0.000196 	 0.147272 	 0.149772
  269 	 0.036924 	 0.147787 	 0.149772
  270 	 0.000049 	 0.145483 	 0.149772
  271 	 0.000196 	 0.145342 	 0.149772
  272 	 0.000098 	 0.144819 	 0.149772
  273 	 0.000049 	 0.144881 	 0.149772
  274 	 0.000049 	 0.145778 	 0.149772
  275 	 0.009334 	 0.145401 	 0.149772
  276 	 0.000049 	 0.145366 	 0.149772
  277 	 0.000098 	 0.145514 	 0.149772
  278 	 0.000783 	 0.146881 	 0.149772
  279 	 0.000392 	 0.146207 	 0.149772
  280 	 0.000392 	 0.146341 	 0.149791
  281 	 0.000049 	 0.144592 	 0.149791
  282 	 0.019284 	 0.147987 	 0.149791
  283 	 0.001564 	 0.147048 	 0.149791
  284 	 0.000098 	 0.144517 	 0.149791
  285 	 0.000392 	 0.147275 	 0.149791
  286 	 0.000392 	 0.146608 	 0.149791
  287 	 0.000049 	 0.143076 	 0.149791
  288 	 0.000783 	 0.145789 	 0.149791
  289 	 0.000098 	 0.145129 	 0.149791
  290 	 0.000049 	 0.144440 	 0.149794
  291 	 0.000049 	 0.146340 	 0.149791
  292 	 0.000783 	 0.144890 	 0.149793
  293 	 0.000098 	 0.144336 	 0.149793
  294 	 0.000049 	 0.145235 	 0.149791
  295 	 0.000049 	 0.145922 	 0.149793
  296 	 0.000196 	 0.146983 	 0.149827
  297 	 0.000098 	 0.145510 	 0.149812
  298 	 0.003121 	 0.147215 	 0.149812
  299 	 0.000049 	 0.145612 	 0.149812
  300 	 0.000049 	 0.144830 	 0.149813
  301 	 0.000049 	 0.145373 	 0.149817
  302 	 0.000392 	 0.147856 	 0.149833
  303 	 0.036788 	 0.147158 	 0.149833
  304 	 0.000392 	 0.146595 	 0.149833
  305 	 0.000392 	 0.145789 	 0.149833
  306 	 0.000049 	 0.143840 	 0.149838
  307 	 0.000392 	 0.146032 	 0.149838
  308 	 0.000392 	 0.143269 	 0.149838
  309 	 0.000049 	 0.143755 	 0.149838
  310 	 0.000196 	 0.147388 	 0.149872
  311 	 0.000049 	 0.145151 	 0.149838
  312 	 0.000783 	 0.145928 	 0.149838
  313 	 0.000098 	 0.145349 	 0.149838
  314 	 0.000392 	 0.148042 	 0.149838
  315 	 0.000049 	 0.145312 	 0.149838
  316 	 0.000049 	 0.147114 	 0.149838
  317 	 0.001564 	 0.146400 	 0.149838
  318 	 0.006360 	 0.148311 	 0.149838
  319 	 0.003122 	 0.147695 	 0.149838
  320 	 0.006929 	 0.146869 	 0.149838
  321 	 0.000049 	 0.144341 	 0.149838
  322 	 0.000098 	 0.145057 	 0.149838
  323 	 0.006929 	 0.147242 	 0.149838
  324 	 0.000049 	 0.147685 	 0.149851
  325 	 0.001564 	 0.143766 	 0.149851
  326 	 0.000049 	 0.146938 	 0.149851
  327 	 0.000049 	 0.146184 	 0.149851
  328 	 0.000196 	 0.145594 	 0.149851
  329 	 0.001564 	 0.143758 	 0.149858
  330 	 0.000049 	 0.145867 	 0.149858
  331 	 0.000098 	 0.147169 	 0.149858
  332 	 0.000196 	 0.145360 	 0.149858
  333 	 0.000392 	 0.143139 	 0.149858
  334 	 0.000049 	 0.146293 	 0.149858
  335 	 0.013781 	 0.146897 	 0.149886
  336 	 0.006927 	 0.145658 	 0.149863
  337 	 0.000049 	 0.148966 	 0.149864
  338 	 0.009330 	 0.143650 	 0.149864
  339 	 0.019319 	 0.147063 	 0.149888
  340 	 0.006209 	 0.145894 	 0.149888
  341 	 0.000049 	 0.144152 	 0.149888
  342 	 0.013772 	 0.148168 	 0.149889
  343 	 0.000049 	 0.143089 	 0.149889
  344 	 0.000196 	 0.147865 	 0.149889
  345 	 0.006211 	 0.143890 	 0.149889
  346 	 0.000196 	 0.145634 	 0.149889
  347 	 0.000098 	 0.147161 	 0.149889
  348 	 0.000098 	 0.146601 	 0.149891
  349 	 0.001564 	 0.145018 	 0.149894
  350 	 0.000098 	 0.143311 	 0.149891
  351 	 0.019289 	 0.145314 	 0.149891
  352 	 0.006930 	 0.146229 	 0.149891
  353 	 0.000049 	 0.144627 	 0.149894
  354 	 0.000196 	 0.144658 	 0.149894
  355 	 0.001564 	 0.145414 	 0.149894
  356 	 0.027140 	 0.146859 	 0.149894
  357 	 0.000392 	 0.145759 	 0.149894
  358 	 0.009336 	 0.145888 	 0.149894
  359 	 0.003122 	 0.143988 	 0.149894
  360 	 0.000049 	 0.142991 	 0.149894
  361 	 0.003121 	 0.146958 	 0.149894
  362 	 0.000392 	 0.144295 	 0.149894
  363 	 0.001564 	 0.145163 	 0.149894
  364 	 0.006928 	 0.146058 	 0.149894
  365 	 0.008860 	 0.147243 	 0.149895
  366 	 0.006212 	 0.145852 	 0.149895
  367 	 0.000392 	 0.145255 	 0.149895
  368 	 0.000098 	 0.146874 	 0.149895
  369 	 0.003121 	 0.146728 	 0.149895
  370 	 0.000098 	 0.145149 	 0.149895
  371 	 0.000049 	 0.144320 	 0.149895
  372 	 0.003121 	 0.144688 	 0.149895
  373 	 0.000049 	 0.143718 	 0.149895
  374 	 0.003121 	 0.145684 	 0.149895
  375 	 0.000049 	 0.145900 	 0.149895
  376 	 0.000049 	 0.145086 	 0.149895
  377 	 0.000196 	 0.146873 	 0.149895
  378 	 0.000190 	 0.147006 	 0.149895
  379 	 0.000049 	 0.145268 	 0.149895
  380 	 0.000196 	 0.145943 	 0.149895
  381 	 0.009333 	 0.145949 	 0.149895
  382 	 0.000049 	 0.146797 	 0.149895
  383 	 0.000194 	 0.146561 	 0.149895
  384 	 0.000196 	 0.144343 	 0.149895
  385 	 0.000049 	 0.145098 	 0.149895
  386 	 0.000392 	 0.143731 	 0.149895
  387 	 0.000392 	 0.145653 	 0.149895
  388 	 0.000098 	 0.145552 	 0.149895
  389 	 0.018890 	 0.147781 	 0.149895
  390 	 0.009334 	 0.148310 	 0.149895
  391 	 0.000049 	 0.143620 	 0.149895
  392 	 0.000392 	 0.145861 	 0.149895
  393 	 0.000392 	 0.145124 	 0.149895
  394 	 0.000783 	 0.145237 	 0.149895
  395 	 0.000392 	 0.146484 	 0.149895
  396 	 0.000196 	 0.145271 	 0.149895
  397 	 0.000098 	 0.145454 	 0.149895
  398 	 0.000783 	 0.145849 	 0.149895
  399 	 0.000783 	 0.145604 	 0.149895
  400 	 0.000098 	 0.145264 	 0.149895
  401 	 0.068098 	 0.149074 	 0.149895
  402 	 0.006212 	 0.147332 	 0.149895
  403 	 0.000049 	 0.144437 	 0.149895
  404 	 0.006929 	 0.145976 	 0.149895
  405 	 0.006212 	 0.146184 	 0.149895
  406 	 0.006726 	 0.146589 	 0.149895
  407 	 0.000098 	 0.147442 	 0.149895
  408 	 0.000049 	 0.143239 	 0.149895
  409 	 0.000392 	 0.146216 	 0.149895
  410 	 0.000098 	 0.145264 	 0.149895
  411 	 0.019288 	 0.146929 	 0.149895
  412 	 0.009333 	 0.146952 	 0.149895
  413 	 0.000098 	 0.145749 	 0.149895
  414 	 0.000392 	 0.145612 	 0.149895
  415 	 0.000196 	 0.144255 	 0.149895
  416 	 0.001564 	 0.146077 	 0.149895
  417 	 0.018891 	 0.147986 	 0.149895
  418 	 0.000783 	 0.147141 	 0.149895
  419 	 0.001564 	 0.147940 	 0.149895
  420 	 0.000196 	 0.143494 	 0.149895
  421 	 0.000098 	 0.143667 	 0.149895
  422 	 0.006510 	 0.146192 	 0.149895
  423 	 0.000098 	 0.144114 	 0.149895
  424 	 0.000098 	 0.145713 	 0.149895
  425 	 0.003109 	 0.145840 	 0.149895
  426 	 0.000196 	 0.146417 	 0.149895
  427 	 0.000392 	 0.146251 	 0.149895
  428 	 0.000783 	 0.144282 	 0.149895
  429 	 0.000049 	 0.145983 	 0.149895
  430 	 0.000783 	 0.144522 	 0.149895
  431 	 0.000098 	 0.144426 	 0.149895
  432 	 0.000098 	 0.148368 	 0.149895
  433 	 0.000783 	 0.142812 	 0.149895
  434 	 0.006212 	 0.146398 	 0.149895
  435 	 0.006212 	 0.145759 	 0.149895
  436 	 0.000196 	 0.147043 	 0.149895
  437 	 0.009333 	 0.146776 	 0.149895
  438 	 0.000195 	 0.146568 	 0.149895
  439 	 0.027138 	 0.148129 	 0.149895
  440 	 0.000196 	 0.144365 	 0.149895
  441 	 0.009333 	 0.146695 	 0.149895
  442 	 0.006212 	 0.148674 	 0.149895
  443 	 0.000783 	 0.147213 	 0.149895
  444 	 0.001564 	 0.146138 	 0.149895
  445 	 0.000783 	 0.142902 	 0.149895
  446 	 0.000392 	 0.145047 	 0.149895
  447 	 0.001564 	 0.145773 	 0.149895
  448 	 0.000196 	 0.145751 	 0.149895
  449 	 0.000196 	 0.144519 	 0.149895
  450 	 0.000392 	 0.143838 	 0.149895
  451 	 0.000098 	 0.142958 	 0.149895
  452 	 0.001564 	 0.144591 	 0.149895
  453 	 0.000049 	 0.143693 	 0.149895
  454 	 0.000392 	 0.146568 	 0.149895
  455 	 0.000098 	 0.144224 	 0.149895
  456 	 0.000392 	 0.144957 	 0.149895
  457 	 0.000392 	 0.145983 	 0.149895
  458 	 0.000098 	 0.142030 	 0.149895
  459 	 0.000098 	 0.146015 	 0.149895
  460 	 0.000783 	 0.146418 	 0.149895
  461 	 0.000098 	 0.143956 	 0.149895
  462 	 0.006212 	 0.147081 	 0.149895
  463 	 0.003122 	 0.148556 	 0.149895
  464 	 0.000098 	 0.147656 	 0.149895
  465 	 0.000392 	 0.144429 	 0.149895
  466 	 0.000783 	 0.146316 	 0.149895
  467 	 0.000196 	 0.144707 	 0.149895
  468 	 0.003122 	 0.145817 	 0.149895
  469 	 0.000783 	 0.146022 	 0.149895
  470 	 0.000783 	 0.147021 	 0.149895
  471 	 0.006929 	 0.145894 	 0.149895
  472 	 0.006212 	 0.146771 	 0.149895
  473 	 0.000098 	 0.146345 	 0.149895
  474 	 0.000049 	 0.144284 	 0.149895
  475 	 0.003122 	 0.144514 	 0.149895
  476 	 0.009512 	 0.146337 	 0.149895
  477 	 0.000783 	 0.145585 	 0.149895
  478 	 0.019288 	 0.147857 	 0.149895
  479 	 0.000784 	 0.144605 	 0.149895
  480 	 0.009333 	 0.148272 	 0.149895
  481 	 0.003125 	 0.147235 	 0.149895
  482 	 0.000392 	 0.146286 	 0.149895
  483 	 0.000196 	 0.145703 	 0.149895
  484 	 0.019288 	 0.148099 	 0.149895
  485 	 0.000196 	 0.142178 	 0.149895
  486 	 0.000098 	 0.142112 	 0.149895
  487 	 0.001564 	 0.144985 	 0.149895
  488 	 0.000098 	 0.145800 	 0.149895
  489 	 0.000098 	 0.144262 	 0.149895
  490 	 0.000196 	 0.145683 	 0.149895
  491 	 0.000196 	 0.145874 	 0.149895
  492 	 0.006212 	 0.146344 	 0.149895
  493 	 0.000098 	 0.144851 	 0.149895
  494 	 0.000098 	 0.143991 	 0.149895
  495 	 0.000098 	 0.143802 	 0.149895
  496 	 0.000049 	 0.144784 	 0.149895
  497 	 0.000098 	 0.144206 	 0.149895
  498 	 0.018891 	 0.145452 	 0.149895
  499 	 0.036889 	 0.146831 	 0.149895
 