   0 	 0.000050 	 0.000432 	 0.016005
    1 	 0.000049 	 0.000951 	 0.050570
    2 	 0.000101 	 0.002223 	 0.050570
    3 	 0.000121 	 0.003576 	 0.032051
    4 	 0.000049 	 0.007665 	 0.080207
    5 	 0.000049 	 0.010892 	 0.063560
    6 	 0.000049 	 0.014085 	 0.062319
    7 	 0.000098 	 0.018401 	 0.054357
    8 	 0.000049 	 0.022829 	 0.077688
    9 	 0.000112 	 0.026405 	 0.073475
   10 	 0.000098 	 0.030977 	 0.075943
   11 	 0.000404 	 0.037494 	 0.115577
   12 	 0.000049 	 0.037889 	 0.112098
   13 	 0.000098 	 0.040266 	 0.092472
   14 	 0.000098 	 0.046285 	 0.127631
   15 	 0.003002 	 0.050305 	 0.102952
   16 	 0.000801 	 0.054703 	 0.102952
   17 	 0.000389 	 0.058884 	 0.133653
   18 	 0.000049 	 0.059093 	 0.133653
   19 	 0.000803 	 0.062238 	 0.131752
   20 	 0.000049 	 0.062250 	 0.131752
   21 	 0.000391 	 0.067428 	 0.137623
   22 	 0.009996 	 0.069792 	 0.147031
   23 	 0.006385 	 0.078179 	 0.147031
   24 	 0.000392 	 0.077527 	 0.145154
   25 	 0.000797 	 0.080660 	 0.145203
   26 	 0.000782 	 0.088620 	 0.144226
   27 	 0.000098 	 0.101733 	 0.142830
   28 	 0.000098 	 0.100290 	 0.145692
   29 	 0.000131 	 0.111102 	 0.157777
   30 	 0.000196 	 0.111393 	 0.151715
   31 	 0.000098 	 0.117371 	 0.145942
   32 	 0.005984 	 0.119689 	 0.145942
   33 	 0.000050 	 0.122162 	 0.150549
   34 	 0.009788 	 0.127819 	 0.151583
   35 	 0.000392 	 0.135333 	 0.153442
   36 	 0.006245 	 0.138855 	 0.157866
   37 	 0.009296 	 0.140214 	 0.156037
   38 	 0.000049 	 0.138595 	 0.156066
   39 	 0.006292 	 0.146298 	 0.156995
   40 	 0.000098 	 0.147952 	 0.160604
   41 	 0.000098 	 0.151770 	 0.164543
   42 	 0.003138 	 0.150558 	 0.166559
   43 	 0.006838 	 0.154588 	 0.166552
   44 	 0.003143 	 0.157152 	 0.170852
   45 	 0.003130 	 0.158135 	 0.172037
   46 	 0.012413 	 0.159798 	 0.172014
   47 	 0.000196 	 0.164635 	 0.173504
   48 	 0.001566 	 0.164603 	 0.173462
   49 	 0.012463 	 0.166958 	 0.175475
   50 	 0.000784 	 0.166959 	 0.174243
   51 	 0.000098 	 0.168083 	 0.174696
   52 	 0.000098 	 0.165998 	 0.174696
   53 	 0.018773 	 0.168095 	 0.176958
   54 	 0.006269 	 0.168237 	 0.175990
   55 	 0.000098 	 0.169142 	 0.175334
   56 	 0.000049 	 0.166570 	 0.175968
   57 	 0.000098 	 0.172400 	 0.177210
   58 	 0.000049 	 0.170530 	 0.177210
   59 	 0.000784 	 0.170050 	 0.177997
   60 	 0.000049 	 0.170545 	 0.177971
   61 	 0.000098 	 0.167078 	 0.178701
   62 	 0.000049 	 0.167638 	 0.178499
   63 	 0.000392 	 0.168416 	 0.178921
   64 	 0.006962 	 0.171480 	 0.179095
   65 	 0.000098 	 0.171532 	 0.179193
   66 	 0.014858 	 0.171346 	 0.180258
   67 	 0.018528 	 0.175690 	 0.180258
   68 	 0.000098 	 0.172723 	 0.180252
   69 	 0.000784 	 0.175191 	 0.180326
   70 	 0.000049 	 0.171251 	 0.180326
   71 	 0.000196 	 0.175039 	 0.180304
   72 	 0.000098 	 0.175250 	 0.180247
   73 	 0.000784 	 0.175558 	 0.180416
   74 	 0.000049 	 0.175148 	 0.181697
   75 	 0.000098 	 0.174181 	 0.181697
   76 	 0.012624 	 0.177536 	 0.180697
   77 	 0.000196 	 0.174060 	 0.180942
   78 	 0.000098 	 0.171716 	 0.183278
   79 	 0.009584 	 0.178551 	 0.181697
   80 	 0.001569 	 0.173892 	 0.183216
   81 	 0.000098 	 0.175082 	 0.183745
   82 	 0.009499 	 0.179025 	 0.183734
   83 	 0.027460 	 0.178033 	 0.183763
   84 	 0.000049 	 0.172257 	 0.183781
   85 	 0.003131 	 0.177250 	 0.184143
   86 	 0.000098 	 0.176618 	 0.184199
   87 	 0.027372 	 0.180127 	 0.184239
   88 	 0.003135 	 0.178210 	 0.184264
   89 	 0.000784 	 0.180715 	 0.184334
   90 	 0.018892 	 0.179943 	 0.184334
   91 	 0.000049 	 0.176497 	 0.184499
   92 	 0.000098 	 0.177473 	 0.184499
   93 	 0.000049 	 0.178663 	 0.184499
   94 	 0.000049 	 0.176088 	 0.184535
   95 	 0.000784 	 0.180855 	 0.184571
   96 	 0.018478 	 0.179846 	 0.184651
   97 	 0.000196 	 0.177757 	 0.184774
   98 	 0.000196 	 0.180109 	 0.184774
   99 	 0.000196 	 0.179042 	 0.184800
  100 	 0.000049 	 0.175905 	 0.184856
  101 	 0.001568 	 0.177119 	 0.184893
  102 	 0.000196 	 0.180841 	 0.184961
  103 	 0.000784 	 0.177625 	 0.184961
  104 	 0.009535 	 0.179770 	 0.185150
  105 	 0.012548 	 0.180025 	 0.185150
  106 	 0.006272 	 0.178079 	 0.185187
  107 	 0.003137 	 0.181172 	 0.185207
  108 	 0.006274 	 0.180202 	 0.185285
  109 	 0.000049 	 0.180544 	 0.185285
  110 	 0.001568 	 0.180117 	 0.185286
  111 	 0.000392 	 0.181146 	 0.185291
  112 	 0.000098 	 0.175629 	 0.185291
  113 	 0.000196 	 0.177574 	 0.185333
  114 	 0.000098 	 0.177702 	 0.185333
  115 	 0.000784 	 0.181501 	 0.185330
  116 	 0.000784 	 0.180336 	 0.185330
  117 	 0.000098 	 0.176781 	 0.185333
  118 	 0.000049 	 0.181215 	 0.185334
  119 	 0.000196 	 0.177673 	 0.185334
  120 	 0.000098 	 0.178768 	 0.185364
  121 	 0.000049 	 0.177060 	 0.185364
  122 	 0.000098 	 0.178555 	 0.185364
  123 	 0.009546 	 0.178905 	 0.185364
  124 	 0.003138 	 0.178542 	 0.185364
  125 	 0.000784 	 0.182504 	 0.185364
  126 	 0.000196 	 0.176682 	 0.185364
  127 	 0.000098 	 0.179564 	 0.185364
  128 	 0.000196 	 0.179887 	 0.185364
  129 	 0.037354 	 0.183448 	 0.185372
  130 	 0.006920 	 0.179926 	 0.185372
  131 	 0.000098 	 0.182471 	 0.185372
  132 	 0.000196 	 0.175698 	 0.185372
  133 	 0.000098 	 0.181813 	 0.185372
  134 	 0.000049 	 0.177640 	 0.185372
  135 	 0.000049 	 0.178256 	 0.185372
  136 	 0.000049 	 0.177060 	 0.185372
  137 	 0.006277 	 0.177933 	 0.185372
  138 	 0.001568 	 0.178355 	 0.185372
  139 	 0.000098 	 0.178642 	 0.185372
  140 	 0.006920 	 0.178331 	 0.185376
  141 	 0.000196 	 0.178051 	 0.185376
  142 	 0.000098 	 0.179620 	 0.185376
  143 	 0.000049 	 0.178521 	 0.185376
  144 	 0.000049 	 0.175829 	 0.185373
  145 	 0.000098 	 0.180201 	 0.185388
  146 	 0.000196 	 0.180912 	 0.185388
  147 	 0.000392 	 0.180492 	 0.185388
  148 	 0.006927 	 0.179091 	 0.185388
  149 	 0.001569 	 0.181335 	 0.185388
  150 	 0.000784 	 0.180338 	 0.185388
  151 	 0.000784 	 0.181257 	 0.185388
  152 	 0.012136 	 0.180868 	 0.185394
  153 	 0.001569 	 0.181676 	 0.185401
  154 	 0.000196 	 0.181618 	 0.185401
  155 	 0.000196 	 0.179542 	 0.185405
  156 	 0.053084 	 0.183042 	 0.185405
  157 	 0.009547 	 0.179794 	 0.185405
  158 	 0.009515 	 0.179052 	 0.185406
  159 	 0.000784 	 0.179017 	 0.185406
  160 	 0.000392 	 0.180839 	 0.185408
  161 	 0.000196 	 0.178372 	 0.185408
  162 	 0.000049 	 0.181260 	 0.185408
  163 	 0.008053 	 0.181034 	 0.185408
  164 	 0.000098 	 0.182321 	 0.185408
  165 	 0.000738 	 0.179966 	 0.185408
  166 	 0.000392 	 0.178023 	 0.185408
  167 	 0.027402 	 0.182149 	 0.185408
  168 	 0.003139 	 0.180990 	 0.185408
  169 	 0.000196 	 0.180966 	 0.185408
  170 	 0.024689 	 0.182304 	 0.185408
  171 	 0.009549 	 0.182899 	 0.185408
  172 	 0.000049 	 0.180926 	 0.185408
  173 	 0.000098 	 0.176152 	 0.185408
  174 	 0.000784 	 0.176035 	 0.185408
  175 	 0.000784 	 0.179878 	 0.185408
  176 	 0.000098 	 0.181788 	 0.185408
  177 	 0.000049 	 0.178150 	 0.185408
  178 	 0.000049 	 0.178951 	 0.185408
  179 	 0.000098 	 0.179590 	 0.185408
  180 	 0.018504 	 0.182148 	 0.185408
  181 	 0.006279 	 0.178316 	 0.185408
  182 	 0.000049 	 0.178780 	 0.185408
  183 	 0.000049 	 0.177984 	 0.185408
  184 	 0.000049 	 0.178854 	 0.185408
  185 	 0.027402 	 0.179908 	 0.185408
  186 	 0.000392 	 0.179063 	 0.185408
  187 	 0.000049 	 0.176973 	 0.185408
  188 	 0.000196 	 0.181161 	 0.185408
  189 	 0.000098 	 0.177429 	 0.185408
  190 	 0.037324 	 0.182996 	 0.185408
  191 	 0.000049 	 0.179233 	 0.185408
  192 	 0.000049 	 0.179780 	 0.185408
  193 	 0.000049 	 0.182088 	 0.185408
  194 	 0.000049 	 0.180432 	 0.185408
  195 	 0.006924 	 0.181985 	 0.185408
  196 	 0.000392 	 0.178003 	 0.185408
  197 	 0.000049 	 0.181184 	 0.185408
  198 	 0.000049 	 0.179427 	 0.185408
  199 	 0.000049 	 0.181102 	 0.185408
  200 	 0.000392 	 0.178670 	 0.185408
  201 	 0.000196 	 0.180206 	 0.185408
  202 	 0.000049 	 0.178342 	 0.185408
  203 	 0.012559 	 0.181500 	 0.185408
  204 	 0.000098 	 0.178869 	 0.185408
  205 	 0.000196 	 0.179257 	 0.185408
  206 	 0.006279 	 0.178078 	 0.185408
  207 	 0.000098 	 0.179435 	 0.185408
  208 	 0.006279 	 0.179888 	 0.185408
  209 	 0.018504 	 0.180840 	 0.185408
  210 	 0.000784 	 0.179735 	 0.185408
  211 	 0.018504 	 0.180557 	 0.185408
  212 	 0.000049 	 0.181842 	 0.185408
  213 	 0.018954 	 0.181701 	 0.185408
  214 	 0.000784 	 0.178978 	 0.185408
  215 	 0.000098 	 0.176535 	 0.185408
  216 	 0.037324 	 0.181871 	 0.185408
  217 	 0.000049 	 0.179479 	 0.185408
  218 	 0.000098 	 0.180896 	 0.185408
  219 	 0.000784 	 0.177423 	 0.185408
  220 	 0.001569 	 0.179183 	 0.185408
  221 	 0.000196 	 0.180344 	 0.185408
  222 	 0.003138 	 0.178962 	 0.185408
  223 	 0.009549 	 0.181558 	 0.185408
  224 	 0.000784 	 0.180730 	 0.185408
  225 	 0.000784 	 0.178054 	 0.185408
  226 	 0.000196 	 0.178708 	 0.185408
  227 	 0.000049 	 0.178490 	 0.185408
  228 	 0.000049 	 0.178258 	 0.185408
  229 	 0.006279 	 0.182552 	 0.185408
  230 	 0.018954 	 0.179985 	 0.185408
  231 	 0.000392 	 0.179720 	 0.185408
  232 	 0.003138 	 0.182879 	 0.185408
  233 	 0.000098 	 0.180019 	 0.185408
  234 	 0.003138 	 0.181250 	 0.185408
  235 	 0.000392 	 0.178955 	 0.185408
  236 	 0.006279 	 0.180581 	 0.185408
  237 	 0.000784 	 0.181475 	 0.185408
  238 	 0.000098 	 0.181218 	 0.185408
  239 	 0.000049 	 0.179463 	 0.185408
  240 	 0.009516 	 0.182826 	 0.185408
  241 	 0.000049 	 0.178414 	 0.185408
  242 	 0.009516 	 0.183274 	 0.185408
  243 	 0.000098 	 0.179938 	 0.185408
  244 	 0.000098 	 0.180018 	 0.185408
  245 	 0.024689 	 0.182012 	 0.185408
  246 	 0.024689 	 0.183044 	 0.185408
  247 	 0.000049 	 0.179694 	 0.185408
  248 	 0.000049 	 0.178164 	 0.185408
  249 	 0.003138 	 0.176460 	 0.185408
  250 	 0.000098 	 0.180168 	 0.185408
  251 	 0.000049 	 0.179263 	 0.185408
  252 	 0.000392 	 0.177211 	 0.185408
  253 	 0.000098 	 0.180933 	 0.185408
  254 	 0.001569 	 0.180857 	 0.185408
  255 	 0.000196 	 0.180456 	 0.185408
  256 	 0.000196 	 0.181979 	 0.185408
  257 	 0.000049 	 0.173151 	 0.185408
  258 	 0.000049 	 0.178768 	 0.185408
  259 	 0.001508 	 0.178407 	 0.185408
  260 	 0.000392 	 0.179276 	 0.185408
  261 	 0.003138 	 0.177071 	 0.185408
  262 	 0.001569 	 0.179775 	 0.185408
  263 	 0.000392 	 0.180810 	 0.185408
  264 	 0.001569 	 0.179440 	 0.185408
  265 	 0.000392 	 0.177471 	 0.185408
  266 	 0.000049 	 0.175274 	 0.185408
  267 	 0.000784 	 0.181367 	 0.185408
  268 	 0.024689 	 0.181936 	 0.185408
  269 	 0.009549 	 0.177071 	 0.185408
  270 	 0.006924 	 0.179430 	 0.185408
  271 	 0.009549 	 0.178389 	 0.185408
  272 	 0.006279 	 0.183406 	 0.185408
  273 	 0.009549 	 0.180957 	 0.185408
  274 	 0.000049 	 0.178920 	 0.185408
  275 	 0.000392 	 0.177668 	 0.185408
  276 	 0.000049 	 0.180220 	 0.185408
  277 	 0.006924 	 0.182633 	 0.185408
  278 	 0.000784 	 0.180279 	 0.185408
  279 	 0.000049 	 0.181748 	 0.185408
  280 	 0.001569 	 0.181174 	 0.185408
  281 	 0.000392 	 0.178255 	 0.185408
  282 	 0.000049 	 0.178894 	 0.185408
  283 	 0.000049 	 0.178268 	 0.185408
  284 	 0.000392 	 0.180074 	 0.185408
  285 	 0.024689 	 0.179639 	 0.185408
  286 	 0.012559 	 0.181439 	 0.185408
  287 	 0.001569 	 0.180354 	 0.185408
  288 	 0.000049 	 0.177609 	 0.185408
  289 	 0.000784 	 0.177944 	 0.185408
  290 	 0.000098 	 0.179815 	 0.185408
  291 	 0.000784 	 0.175054 	 0.185408
  292 	 0.000196 	 0.180426 	 0.185408
  293 	 0.000392 	 0.179514 	 0.185408
  294 	 0.003139 	 0.180349 	 0.185408
  295 	 0.000098 	 0.180317 	 0.185408
  296 	 0.000196 	 0.176929 	 0.185408
  297 	 0.000098 	 0.181182 	 0.185408
  298 	 0.000196 	 0.181009 	 0.185408
  299 	 0.000049 	 0.179131 	 0.185408
  300 	 0.000392 	 0.180271 	 0.185408
  301 	 0.000784 	 0.173868 	 0.185408
  302 	 0.000196 	 0.178847 	 0.185408
  303 	 0.001569 	 0.181463 	 0.185408
  304 	 0.001569 	 0.179871 	 0.185408
  305 	 0.000392 	 0.180533 	 0.185408
  306 	 0.006279 	 0.180410 	 0.185408
  307 	 0.006279 	 0.180296 	 0.185408
  308 	 0.000098 	 0.181379 	 0.185408
  309 	 0.000781 	 0.182670 	 0.185408
  310 	 0.000049 	 0.177309 	 0.185408
  311 	 0.000098 	 0.177398 	 0.185408
  312 	 0.018504 	 0.179068 	 0.185408
  313 	 0.000098 	 0.180535 	 0.185408
  314 	 0.027402 	 0.180526 	 0.185408
  315 	 0.003138 	 0.178942 	 0.185408
  316 	 0.000784 	 0.175824 	 0.185408
  317 	 0.006279 	 0.178320 	 0.185408
  318 	 0.000049 	 0.179533 	 0.185408
  319 	 0.000098 	 0.176390 	 0.185408
  320 	 0.000784 	 0.181646 	 0.185408
  321 	 0.000049 	 0.179796 	 0.185408
  322 	 0.000098 	 0.177157 	 0.185408
  323 	 0.000098 	 0.177163 	 0.185408
  324 	 0.000049 	 0.178246 	 0.185408
  325 	 0.009516 	 0.180277 	 0.185408
  326 	 0.000098 	 0.178381 	 0.185408
  327 	 0.000392 	 0.179818 	 0.185408
  328 	 0.000098 	 0.181608 	 0.185408
  329 	 0.000196 	 0.181580 	 0.185408
  330 	 0.000098 	 0.175929 	 0.185408
  331 	 0.000196 	 0.179689 	 0.185408
  332 	 0.000049 	 0.181174 	 0.185408
  333 	 0.018954 	 0.183281 	 0.185408
  334 	 0.000049 	 0.180166 	 0.185408
  335 	 0.000049 	 0.178743 	 0.185408
  336 	 0.000196 	 0.176703 	 0.185408
  337 	 0.000049 	 0.178486 	 0.185408
  338 	 0.003138 	 0.179129 	 0.185408
  339 	 0.000784 	 0.180241 	 0.185408
  340 	 0.000098 	 0.180973 	 0.185408
  341 	 0.000049 	 0.178491 	 0.185408
  342 	 0.018504 	 0.180245 	 0.185408
  343 	 0.000196 	 0.178044 	 0.185408
  344 	 0.000098 	 0.178834 	 0.185408
  345 	 0.000049 	 0.180860 	 0.185408
  346 	 0.000049 	 0.182259 	 0.185408
  347 	 0.006924 	 0.180735 	 0.185408
  348 	 0.000049 	 0.178497 	 0.185408
  349 	 0.000392 	 0.178443 	 0.185408
  350 	 0.001569 	 0.182410 	 0.185408
  351 	 0.006279 	 0.179115 	 0.185408
  352 	 0.000098 	 0.179365 	 0.185408
  353 	 0.000049 	 0.175585 	 0.185408
  354 	 0.000049 	 0.179736 	 0.185408
  355 	 0.000098 	 0.177630 	 0.185408
  356 	 0.000784 	 0.180526 	 0.185408
  357 	 0.000392 	 0.179539 	 0.185408
  358 	 0.000098 	 0.180073 	 0.185408
  359 	 0.000392 	 0.177716 	 0.185408
  360 	 0.003138 	 0.181960 	 0.185408
  361 	 0.006279 	 0.181424 	 0.185408
  362 	 0.000049 	 0.181771 	 0.185408
  363 	 0.000049 	 0.180203 	 0.185408
  364 	 0.000049 	 0.180814 	 0.185408
  365 	 0.007670 	 0.181404 	 0.185408
  366 	 0.009516 	 0.179825 	 0.185408
  367 	 0.006264 	 0.183352 	 0.185408
  368 	 0.003138 	 0.180270 	 0.185408
  369 	 0.006924 	 0.180034 	 0.185408
  370 	 0.000392 	 0.182796 	 0.185408
  371 	 0.012559 	 0.180962 	 0.185408
  372 	 0.006278 	 0.180555 	 0.185408
  373 	 0.001569 	 0.180987 	 0.185408
  374 	 0.000392 	 0.180822 	 0.185408
  375 	 0.000049 	 0.176272 	 0.185408
  376 	 0.000196 	 0.176775 	 0.185408
  377 	 0.009516 	 0.180633 	 0.185408
  378 	 0.006279 	 0.178017 	 0.185408
  379 	 0.009516 	 0.179841 	 0.185408
  380 	 0.000784 	 0.175678 	 0.185408
  381 	 0.001569 	 0.178376 	 0.185408
  382 	 0.018954 	 0.183250 	 0.185408
  383 	 0.000049 	 0.179089 	 0.185408
  384 	 0.000098 	 0.178973 	 0.185408
  385 	 0.001569 	 0.181336 	 0.185408
  386 	 0.018954 	 0.181839 	 0.185408
  387 	 0.000098 	 0.178620 	 0.185408
  388 	 0.009516 	 0.178113 	 0.185408
  389 	 0.027402 	 0.181810 	 0.185408
  390 	 0.000196 	 0.176273 	 0.185408
  391 	 0.000196 	 0.181667 	 0.185408
  392 	 0.000392 	 0.177826 	 0.185408
  393 	 0.003138 	 0.180414 	 0.185408
  394 	 0.003138 	 0.179276 	 0.185408
  395 	 0.000049 	 0.178592 	 0.185408
  396 	 0.000784 	 0.181973 	 0.185408
  397 	 0.000098 	 0.179297 	 0.185408
  398 	 0.000196 	 0.180853 	 0.185408
  399 	 0.000049 	 0.177697 	 0.185408
  400 	 0.000196 	 0.179320 	 0.185408
  401 	 0.000049 	 0.173714 	 0.185408
  402 	 0.000784 	 0.180312 	 0.185408
  403 	 0.066020 	 0.184128 	 0.185408
  404 	 0.000098 	 0.180217 	 0.185408
  405 	 0.000098 	 0.179889 	 0.185408
  406 	 0.037324 	 0.182195 	 0.185408
  407 	 0.000196 	 0.179498 	 0.185408
  408 	 0.012559 	 0.179325 	 0.185408
  409 	 0.000392 	 0.180992 	 0.185408
  410 	 0.000392 	 0.181993 	 0.185408
  411 	 0.009549 	 0.180680 	 0.185408
  412 	 0.006924 	 0.178926 	 0.185408
  413 	 0.000784 	 0.179456 	 0.185408
  414 	 0.000392 	 0.179505 	 0.185408
  415 	 0.000098 	 0.179974 	 0.185408
  416 	 0.000049 	 0.180894 	 0.185408
  417 	 0.000196 	 0.180052 	 0.185408
  418 	 0.000049 	 0.176650 	 0.185408
  419 	 0.003138 	 0.177681 	 0.185408
  420 	 0.001569 	 0.181490 	 0.185408
  421 	 0.001569 	 0.175160 	 0.185408
  422 	 0.000392 	 0.178921 	 0.185408
  423 	 0.000049 	 0.179368 	 0.185408
  424 	 0.003138 	 0.180759 	 0.185408
  425 	 0.000392 	 0.180154 	 0.185408
  426 	 0.000196 	 0.180208 	 0.185408
  427 	 0.000784 	 0.182851 	 0.185408
  428 	 0.000784 	 0.180594 	 0.185408
  429 	 0.000049 	 0.183245 	 0.185408
  430 	 0.006100 	 0.180709 	 0.185408
  431 	 0.000098 	 0.180398 	 0.185408
  432 	 0.000392 	 0.178519 	 0.185408
  433 	 0.000049 	 0.179504 	 0.185408
  434 	 0.009549 	 0.179148 	 0.185408
  435 	 0.000049 	 0.175785 	 0.185408
  436 	 0.001569 	 0.183217 	 0.185408
  437 	 0.009021 	 0.177717 	 0.185408
  438 	 0.006279 	 0.179290 	 0.185408
  439 	 0.000098 	 0.182115 	 0.185408
  440 	 0.001569 	 0.180641 	 0.185408
  441 	 0.000049 	 0.179063 	 0.185408
  442 	 0.013817 	 0.181151 	 0.185408
  443 	 0.006924 	 0.180874 	 0.185408
  444 	 0.000196 	 0.178556 	 0.185408
  445 	 0.000196 	 0.179249 	 0.185408
  446 	 0.000098 	 0.180088 	 0.185408
  447 	 0.000196 	 0.176478 	 0.185408
  448 	 0.070527 	 0.184743 	 0.185408
  449 	 0.000049 	 0.180407 	 0.185408
  450 	 0.000049 	 0.181047 	 0.185408
  451 	 0.000392 	 0.177332 	 0.185408
  452 	 0.000196 	 0.178456 	 0.185408
  453 	 0.000392 	 0.177135 	 0.185408
  454 	 0.000098 	 0.178502 	 0.185408
  455 	 0.013817 	 0.180545 	 0.185408
  456 	 0.007199 	 0.181042 	 0.185408
  457 	 0.000196 	 0.181578 	 0.185408
  458 	 0.000049 	 0.178907 	 0.185408
  459 	 0.000196 	 0.180076 	 0.185408
  460 	 0.000392 	 0.181167 	 0.185408
  461 	 0.018504 	 0.181637 	 0.185408
  462 	 0.000098 	 0.179890 	 0.185408
  463 	 0.000098 	 0.179906 	 0.185408
  464 	 0.000049 	 0.177468 	 0.185408
  465 	 0.000098 	 0.177912 	 0.185408
  466 	 0.000784 	 0.178960 	 0.185408
  467 	 0.000098 	 0.178830 	 0.185408
  468 	 0.000392 	 0.179650 	 0.185408
  469 	 0.000784 	 0.179647 	 0.185408
  470 	 0.000098 	 0.178162 	 0.185408
  471 	 0.000098 	 0.175681 	 0.185408
  472 	 0.000098 	 0.176581 	 0.185408
  473 	 0.003138 	 0.182275 	 0.185408
  474 	 0.000098 	 0.180532 	 0.185408
  475 	 0.000049 	 0.180296 	 0.185408
  476 	 0.000098 	 0.180847 	 0.185408
  477 	 0.001569 	 0.180044 	 0.185408
  478 	 0.000098 	 0.180341 	 0.185408
  479 	 0.000098 	 0.179148 	 0.185408
  480 	 0.018954 	 0.181997 	 0.185408
  481 	 0.003138 	 0.182202 	 0.185408
  482 	 0.000098 	 0.178901 	 0.185408
  483 	 0.000098 	 0.178771 	 0.185408
  484 	 0.006924 	 0.181805 	 0.185408
  485 	 0.000098 	 0.180047 	 0.185408
  486 	 0.020319 	 0.180161 	 0.185408
  487 	 0.003138 	 0.180204 	 0.185408
  488 	 0.001569 	 0.178171 	 0.185408
  489 	 0.000196 	 0.179330 	 0.185408
  490 	 0.037046 	 0.183317 	 0.185408
  491 	 0.000049 	 0.179426 	 0.185408
  492 	 0.000098 	 0.182501 	 0.185408
  493 	 0.000049 	 0.178118 	 0.185408
  494 	 0.000049 	 0.173620 	 0.185408
  495 	 0.000196 	 0.182299 	 0.185408
  496 	 0.000196 	 0.177457 	 0.185408
  497 	 0.000049 	 0.179385 	 0.185408
  498 	 0.000196 	 0.180038 	 0.185408
  499 	 0.006279 	 0.180718 	 0.185408
 