   0 	 0.000050 	 0.000338 	 0.010307
    1 	 0.000059 	 0.000603 	 0.014258
    2 	 0.000134 	 0.000748 	 0.005052
    3 	 0.000050 	 0.001058 	 0.006160
    4 	 0.000050 	 0.001564 	 0.008045
    5 	 0.000050 	 0.002188 	 0.006168
    6 	 0.000182 	 0.002879 	 0.010833
    7 	 0.000050 	 0.003460 	 0.011624
    8 	 0.002440 	 0.004625 	 0.012000
    9 	 0.002260 	 0.005618 	 0.013660
   10 	 0.000096 	 0.006327 	 0.012398
   11 	 0.000377 	 0.007450 	 0.013144
   12 	 0.000403 	 0.008477 	 0.013874
   13 	 0.001458 	 0.009303 	 0.029330
   14 	 0.003725 	 0.009943 	 0.014130
   15 	 0.003258 	 0.010413 	 0.014130
   16 	 0.003457 	 0.010624 	 0.014276
   17 	 0.000384 	 0.011078 	 0.014276
   18 	 0.003297 	 0.011530 	 0.015021
   19 	 0.000195 	 0.011957 	 0.014276
   20 	 0.000049 	 0.012036 	 0.013601
   21 	 0.000387 	 0.012558 	 0.013587
   22 	 0.000098 	 0.012611 	 0.013589
   23 	 0.001390 	 0.012859 	 0.013645
   24 	 0.006482 	 0.013061 	 0.013645
   25 	 0.003517 	 0.013035 	 0.013810
   26 	 0.001496 	 0.013229 	 0.013867
   27 	 0.003252 	 0.013251 	 0.013832
   28 	 0.000049 	 0.013358 	 0.013897
   29 	 0.011614 	 0.013599 	 0.013936
   30 	 0.000049 	 0.013402 	 0.013977
   31 	 0.000381 	 0.013577 	 0.014137
   32 	 0.000049 	 0.013690 	 0.014108
   33 	 0.003337 	 0.013734 	 0.014074
   34 	 0.003419 	 0.013695 	 0.014074
   35 	 0.003407 	 0.013832 	 0.014110
   36 	 0.000387 	 0.013754 	 0.014119
   37 	 0.003369 	 0.013879 	 0.014150
   38 	 0.009361 	 0.014025 	 0.014229
   39 	 0.000049 	 0.013709 	 0.014163
   40 	 0.006127 	 0.013963 	 0.014218
   41 	 0.001494 	 0.013854 	 0.014226
   42 	 0.013645 	 0.014122 	 0.014223
   43 	 0.000049 	 0.013871 	 0.014248
   44 	 0.000765 	 0.014005 	 0.014280
   45 	 0.000049 	 0.013967 	 0.014292
   46 	 0.011540 	 0.014185 	 0.014295
   47 	 0.000049 	 0.014033 	 0.014387
   48 	 0.000098 	 0.014062 	 0.014386
   49 	 0.000098 	 0.014065 	 0.014386
   50 	 0.001495 	 0.014054 	 0.014403
   51 	 0.000195 	 0.014079 	 0.014412
   52 	 0.000049 	 0.014212 	 0.014417
   53 	 0.000049 	 0.014109 	 0.014414
   54 	 0.000098 	 0.014163 	 0.014422
   55 	 0.000388 	 0.014262 	 0.014424
   56 	 0.000049 	 0.014125 	 0.014425
   57 	 0.000388 	 0.014154 	 0.014432
   58 	 0.003329 	 0.014282 	 0.014428
   59 	 0.000388 	 0.014147 	 0.014434
   60 	 0.000388 	 0.014313 	 0.014430
   61 	 0.007965 	 0.014345 	 0.014430
   62 	 0.000765 	 0.014115 	 0.014434
   63 	 0.000049 	 0.013921 	 0.014434
   64 	 0.000766 	 0.014246 	 0.014438
   65 	 0.012628 	 0.014409 	 0.014438
   66 	 0.006148 	 0.014348 	 0.014438
   67 	 0.000098 	 0.014241 	 0.014438
   68 	 0.005022 	 0.014283 	 0.014439
   69 	 0.000387 	 0.014183 	 0.014438
   70 	 0.000049 	 0.014310 	 0.014445
   71 	 0.000098 	 0.014092 	 0.014448
   72 	 0.000049 	 0.014258 	 0.014446
   73 	 0.000098 	 0.014256 	 0.014446
   74 	 0.012528 	 0.014420 	 0.014450
   75 	 0.000195 	 0.014128 	 0.014450
   76 	 0.000387 	 0.014324 	 0.014453
   77 	 0.000766 	 0.014214 	 0.014456
   78 	 0.000098 	 0.014183 	 0.014459
   79 	 0.000049 	 0.014235 	 0.014459
   80 	 0.000098 	 0.014233 	 0.014459
   81 	 0.011627 	 0.014402 	 0.014460
   82 	 0.001494 	 0.014368 	 0.014460
   83 	 0.000195 	 0.014288 	 0.014460
   84 	 0.000098 	 0.014299 	 0.014461
   85 	 0.007985 	 0.014403 	 0.014461
   86 	 0.006540 	 0.014331 	 0.014461
   87 	 0.000195 	 0.014244 	 0.014461
   88 	 0.012581 	 0.014431 	 0.014462
   89 	 0.000098 	 0.014187 	 0.014464
   90 	 0.007669 	 0.014394 	 0.014462
   91 	 0.000098 	 0.014236 	 0.014464
   92 	 0.000388 	 0.014341 	 0.014464
   93 	 0.000388 	 0.014294 	 0.014464
   94 	 0.005042 	 0.014282 	 0.014464
   95 	 0.000195 	 0.014347 	 0.014464
   96 	 0.000195 	 0.014275 	 0.014465
   97 	 0.007979 	 0.014374 	 0.014466
   98 	 0.000049 	 0.014211 	 0.014465
   99 	 0.000195 	 0.014341 	 0.014464
  100 	 0.000195 	 0.014352 	 0.014466
  101 	 0.009883 	 0.014408 	 0.014466
  102 	 0.000387 	 0.014221 	 0.014466
  103 	 0.005041 	 0.014397 	 0.014466
  104 	 0.000388 	 0.014279 	 0.014466
  105 	 0.000766 	 0.014345 	 0.014466
  106 	 0.000387 	 0.014296 	 0.014466
  107 	 0.000195 	 0.014288 	 0.014466
  108 	 0.000195 	 0.014243 	 0.014466
  109 	 0.000049 	 0.014183 	 0.014466
  110 	 0.000766 	 0.014257 	 0.014466
  111 	 0.000761 	 0.014301 	 0.014466
  112 	 0.001493 	 0.014377 	 0.014466
  113 	 0.013513 	 0.014454 	 0.014466
  114 	 0.000766 	 0.014257 	 0.014466
  115 	 0.000195 	 0.014249 	 0.014466
  116 	 0.000766 	 0.014192 	 0.014466
  117 	 0.001493 	 0.014316 	 0.014466
  118 	 0.000195 	 0.014323 	 0.014466
  119 	 0.000387 	 0.014209 	 0.014466
  120 	 0.005037 	 0.014333 	 0.014466
  121 	 0.000049 	 0.014308 	 0.014466
  122 	 0.000049 	 0.014270 	 0.014466
  123 	 0.003370 	 0.014389 	 0.014466
  124 	 0.000049 	 0.014176 	 0.014466
  125 	 0.000098 	 0.014317 	 0.014466
  126 	 0.003370 	 0.014360 	 0.014466
  127 	 0.013746 	 0.014456 	 0.014466
  128 	 0.001450 	 0.014329 	 0.014466
  129 	 0.000049 	 0.014233 	 0.014466
  130 	 0.000387 	 0.014288 	 0.014466
  131 	 0.011531 	 0.014409 	 0.014466
  132 	 0.001493 	 0.014384 	 0.014466
  133 	 0.005036 	 0.014213 	 0.014466
  134 	 0.005036 	 0.014339 	 0.014466
  135 	 0.000049 	 0.014339 	 0.014466
  136 	 0.000098 	 0.014044 	 0.014466
  137 	 0.000766 	 0.014253 	 0.014466
  138 	 0.009860 	 0.014427 	 0.014466
  139 	 0.001493 	 0.014366 	 0.014466
  140 	 0.000387 	 0.014351 	 0.014466
  141 	 0.006177 	 0.014359 	 0.014466
  142 	 0.000387 	 0.014240 	 0.014466
  143 	 0.005036 	 0.014323 	 0.014466
  144 	 0.000098 	 0.014370 	 0.014466
  145 	 0.003371 	 0.014302 	 0.014466
  146 	 0.000097 	 0.014305 	 0.014466
  147 	 0.000049 	 0.014233 	 0.014466
  148 	 0.000766 	 0.014362 	 0.014466
  149 	 0.009860 	 0.014427 	 0.014466
  150 	 0.003371 	 0.014318 	 0.014466
  151 	 0.007944 	 0.014405 	 0.014466
  152 	 0.000049 	 0.014210 	 0.014466
  153 	 0.000049 	 0.013933 	 0.014466
  154 	 0.007969 	 0.014430 	 0.014466
  155 	 0.000195 	 0.014184 	 0.014466
  156 	 0.007969 	 0.014406 	 0.014466
  157 	 0.011531 	 0.014425 	 0.014466
  158 	 0.000049 	 0.014224 	 0.014466
  159 	 0.000049 	 0.014178 	 0.014466
  160 	 0.000098 	 0.014159 	 0.014466
  161 	 0.000049 	 0.014278 	 0.014466
  162 	 0.000387 	 0.014244 	 0.014466
  163 	 0.000049 	 0.014308 	 0.014466
  164 	 0.003371 	 0.014369 	 0.014466
  165 	 0.001493 	 0.014270 	 0.014466
  166 	 0.000387 	 0.014286 	 0.014466
  167 	 0.000387 	 0.014319 	 0.014466
  168 	 0.000195 	 0.014258 	 0.014466
  169 	 0.000195 	 0.014245 	 0.014466
  170 	 0.013520 	 0.014460 	 0.014466
  171 	 0.000195 	 0.014212 	 0.014466
  172 	 0.000387 	 0.014324 	 0.014466
  173 	 0.000098 	 0.014335 	 0.014466
  174 	 0.000049 	 0.014208 	 0.014466
  175 	 0.000387 	 0.014347 	 0.014466
  176 	 0.003371 	 0.014379 	 0.014466
  177 	 0.000098 	 0.014106 	 0.014466
  178 	 0.013513 	 0.014445 	 0.014466
  179 	 0.000049 	 0.014135 	 0.014466
  180 	 0.000195 	 0.014253 	 0.014466
  181 	 0.000049 	 0.014375 	 0.014466
  182 	 0.000049 	 0.014388 	 0.014466
  183 	 0.000049 	 0.014227 	 0.014466
  184 	 0.006529 	 0.014326 	 0.014466
  185 	 0.001493 	 0.014325 	 0.014466
  186 	 0.000195 	 0.014106 	 0.014466
  187 	 0.011658 	 0.014434 	 0.014466
  188 	 0.000098 	 0.014253 	 0.014466
  189 	 0.000049 	 0.014188 	 0.014466
  190 	 0.001493 	 0.014145 	 0.014466
  191 	 0.007963 	 0.014408 	 0.014466
  192 	 0.001493 	 0.014230 	 0.014466
  193 	 0.000098 	 0.014299 	 0.014466
  194 	 0.000766 	 0.014326 	 0.014466
  195 	 0.000195 	 0.014221 	 0.014466
  196 	 0.000195 	 0.014246 	 0.014466
  197 	 0.000195 	 0.014260 	 0.014466
  198 	 0.000098 	 0.014281 	 0.014466
  199 	 0.000049 	 0.014306 	 0.014466
  200 	 0.000195 	 0.014239 	 0.014466
  201 	 0.000049 	 0.014222 	 0.014466
  202 	 0.000259 	 0.014379 	 0.014466
  203 	 0.000098 	 0.014260 	 0.014466
  204 	 0.000049 	 0.014345 	 0.014466
  205 	 0.000766 	 0.014217 	 0.014466
  206 	 0.009843 	 0.014379 	 0.014466
  207 	 0.001493 	 0.014270 	 0.014466
  208 	 0.000387 	 0.014333 	 0.014466
  209 	 0.000098 	 0.014332 	 0.014466
  210 	 0.000766 	 0.014293 	 0.014466
  211 	 0.000387 	 0.014237 	 0.014466
  212 	 0.003371 	 0.014359 	 0.014466
  213 	 0.000195 	 0.014098 	 0.014466
  214 	 0.013520 	 0.014447 	 0.014466
  215 	 0.006529 	 0.014308 	 0.014466
  216 	 0.000387 	 0.014281 	 0.014466
  217 	 0.000098 	 0.014185 	 0.014466
  218 	 0.006177 	 0.014373 	 0.014466
  219 	 0.001493 	 0.014266 	 0.014466
  220 	 0.000049 	 0.014289 	 0.014466
  221 	 0.000098 	 0.014316 	 0.014466
  222 	 0.003371 	 0.014302 	 0.014466
  223 	 0.000098 	 0.014150 	 0.014466
  224 	 0.000766 	 0.014369 	 0.014466
  225 	 0.003371 	 0.014328 	 0.014466
  226 	 0.000049 	 0.014168 	 0.014466
  227 	 0.000766 	 0.014359 	 0.014466
  228 	 0.001493 	 0.014371 	 0.014466
  229 	 0.000098 	 0.014262 	 0.014466
  230 	 0.003371 	 0.014382 	 0.014466
  231 	 0.000049 	 0.014193 	 0.014466
  232 	 0.003371 	 0.014309 	 0.014466
  233 	 0.000195 	 0.014252 	 0.014466
  234 	 0.012570 	 0.014432 	 0.014466
  235 	 0.000098 	 0.014157 	 0.014466
  236 	 0.012514 	 0.014449 	 0.014466
  237 	 0.000098 	 0.014258 	 0.014466
  238 	 0.000098 	 0.014177 	 0.014466
  239 	 0.011531 	 0.014417 	 0.014466
  240 	 0.001493 	 0.014261 	 0.014466
  241 	 0.001493 	 0.014334 	 0.014466
  242 	 0.000195 	 0.014164 	 0.014466
  243 	 0.000049 	 0.014160 	 0.014466
  244 	 0.011658 	 0.014425 	 0.014466
  245 	 0.001493 	 0.014230 	 0.014466
  246 	 0.000049 	 0.014254 	 0.014466
  247 	 0.005036 	 0.014315 	 0.014466
  248 	 0.000766 	 0.014323 	 0.014466
  249 	 0.000098 	 0.014123 	 0.014466
  250 	 0.000098 	 0.014358 	 0.014466
  251 	 0.000766 	 0.014281 	 0.014466
  252 	 0.000195 	 0.014372 	 0.014466
  253 	 0.000098 	 0.014311 	 0.014466
  254 	 0.006177 	 0.014351 	 0.014466
  255 	 0.000049 	 0.014170 	 0.014466
  256 	 0.000049 	 0.014295 	 0.014466
  257 	 0.000195 	 0.014304 	 0.014466
  258 	 0.000387 	 0.014317 	 0.014466
  259 	 0.010737 	 0.014443 	 0.014466
  260 	 0.007969 	 0.014375 	 0.014466
  261 	 0.000049 	 0.014242 	 0.014466
  262 	 0.007965 	 0.014392 	 0.014466
  263 	 0.000387 	 0.014113 	 0.014466
  264 	 0.000195 	 0.014187 	 0.014466
  265 	 0.000195 	 0.014248 	 0.014466
  266 	 0.000098 	 0.014182 	 0.014466
  267 	 0.000195 	 0.014250 	 0.014466
  268 	 0.000098 	 0.014187 	 0.014466
  269 	 0.000766 	 0.014318 	 0.014466
  270 	 0.000098 	 0.014306 	 0.014466
  271 	 0.000766 	 0.014273 	 0.014466
  272 	 0.000098 	 0.014267 	 0.014466
  273 	 0.000049 	 0.014251 	 0.014466
  274 	 0.000098 	 0.014349 	 0.014466
  275 	 0.000049 	 0.014132 	 0.014466
  276 	 0.000098 	 0.014172 	 0.014466
  277 	 0.007969 	 0.014369 	 0.014466
  278 	 0.000766 	 0.014315 	 0.014466
  279 	 0.000098 	 0.014280 	 0.014466
  280 	 0.000098 	 0.014279 	 0.014466
  281 	 0.000098 	 0.014324 	 0.014466
  282 	 0.006177 	 0.014396 	 0.014466
  283 	 0.007963 	 0.014386 	 0.014466
  284 	 0.000049 	 0.014206 	 0.014466
  285 	 0.014102 	 0.014463 	 0.014466
  286 	 0.005036 	 0.014345 	 0.014466
  287 	 0.000098 	 0.014218 	 0.014466
  288 	 0.000098 	 0.014269 	 0.014466
  289 	 0.006177 	 0.014355 	 0.014466
  290 	 0.012669 	 0.014416 	 0.014466
  291 	 0.000049 	 0.014130 	 0.014466
  292 	 0.005036 	 0.014278 	 0.014466
  293 	 0.000195 	 0.014273 	 0.014466
  294 	 0.001493 	 0.014340 	 0.014466
  295 	 0.000098 	 0.014270 	 0.014466
  296 	 0.000387 	 0.014391 	 0.014466
  297 	 0.001266 	 0.014267 	 0.014466
  298 	 0.000195 	 0.014275 	 0.014466
  299 	 0.003371 	 0.014323 	 0.014466
  300 	 0.005036 	 0.014385 	 0.014466
  301 	 0.000097 	 0.014015 	 0.014466
  302 	 0.003371 	 0.014391 	 0.014466
  303 	 0.000049 	 0.014158 	 0.014466
  304 	 0.000387 	 0.014351 	 0.014466
  305 	 0.000387 	 0.014196 	 0.014466
  306 	 0.014208 	 0.014460 	 0.014466
  307 	 0.003371 	 0.014328 	 0.014466
  308 	 0.007925 	 0.014398 	 0.014466
  309 	 0.000387 	 0.014331 	 0.014466
  310 	 0.000049 	 0.014339 	 0.014466
  311 	 0.006529 	 0.014344 	 0.014466
  312 	 0.000195 	 0.014244 	 0.014466
  313 	 0.000049 	 0.014274 	 0.014466
  314 	 0.000049 	 0.014320 	 0.014466
  315 	 0.000049 	 0.014266 	 0.014466
  316 	 0.000387 	 0.014231 	 0.014466
  317 	 0.013025 	 0.014448 	 0.014466
  318 	 0.000195 	 0.014204 	 0.014466
  319 	 0.000098 	 0.014165 	 0.014466
  320 	 0.000049 	 0.014201 	 0.014466
  321 	 0.000049 	 0.014169 	 0.014466
  322 	 0.005036 	 0.014318 	 0.014466
  323 	 0.000049 	 0.014323 	 0.014466
  324 	 0.000049 	 0.014259 	 0.014466
  325 	 0.001493 	 0.014344 	 0.014466
  326 	 0.000049 	 0.014296 	 0.014466
  327 	 0.011658 	 0.014443 	 0.014466
  328 	 0.000049 	 0.014285 	 0.014466
  329 	 0.000049 	 0.014300 	 0.014466
  330 	 0.000766 	 0.014382 	 0.014466
  331 	 0.000049 	 0.014135 	 0.014466
  332 	 0.001462 	 0.014341 	 0.014466
  333 	 0.005036 	 0.014357 	 0.014466
  334 	 0.000098 	 0.014265 	 0.014466
  335 	 0.007969 	 0.014413 	 0.014466
  336 	 0.003371 	 0.014331 	 0.014466
  337 	 0.006177 	 0.014383 	 0.014466
  338 	 0.003371 	 0.014313 	 0.014466
  339 	 0.000049 	 0.014170 	 0.014466
  340 	 0.000098 	 0.014349 	 0.014466
  341 	 0.000195 	 0.014242 	 0.014466
  342 	 0.000766 	 0.014308 	 0.014466
  343 	 0.001493 	 0.014313 	 0.014466
  344 	 0.009395 	 0.014425 	 0.014466
  345 	 0.000387 	 0.014330 	 0.014466
  346 	 0.011531 	 0.014405 	 0.014466
  347 	 0.000386 	 0.014089 	 0.014466
  348 	 0.000049 	 0.014029 	 0.014466
  349 	 0.006177 	 0.014399 	 0.014466
  350 	 0.000766 	 0.014158 	 0.014466
  351 	 0.000049 	 0.014305 	 0.014466
  352 	 0.000049 	 0.014217 	 0.014466
  353 	 0.005036 	 0.014393 	 0.014466
  354 	 0.000098 	 0.014356 	 0.014466
  355 	 0.000195 	 0.014365 	 0.014466
  356 	 0.000766 	 0.014250 	 0.014466
  357 	 0.000766 	 0.014360 	 0.014466
  358 	 0.006177 	 0.014376 	 0.014466
  359 	 0.001493 	 0.014311 	 0.014466
  360 	 0.000098 	 0.014328 	 0.014466
  361 	 0.000098 	 0.014262 	 0.014466
  362 	 0.000098 	 0.014073 	 0.014466
  363 	 0.006177 	 0.014415 	 0.014466
  364 	 0.000743 	 0.014308 	 0.014466
  365 	 0.000098 	 0.014295 	 0.014466
  366 	 0.000098 	 0.014350 	 0.014466
  367 	 0.001493 	 0.014314 	 0.014466
  368 	 0.000049 	 0.013892 	 0.014466
  369 	 0.000049 	 0.014234 	 0.014466
  370 	 0.000195 	 0.014239 	 0.014466
  371 	 0.000098 	 0.014186 	 0.014466
  372 	 0.000387 	 0.014202 	 0.014466
  373 	 0.011531 	 0.014442 	 0.014466
  374 	 0.012669 	 0.014440 	 0.014466
  375 	 0.000195 	 0.014362 	 0.014466
  376 	 0.000765 	 0.014221 	 0.014466
  377 	 0.000387 	 0.014168 	 0.014466
  378 	 0.000049 	 0.014283 	 0.014466
  379 	 0.001493 	 0.014293 	 0.014466
  380 	 0.000049 	 0.014301 	 0.014466
  381 	 0.000098 	 0.014202 	 0.014466
  382 	 0.000098 	 0.014237 	 0.014466
  383 	 0.003371 	 0.014317 	 0.014466
  384 	 0.000766 	 0.014347 	 0.014466
  385 	 0.000766 	 0.014259 	 0.014466
  386 	 0.005036 	 0.014348 	 0.014466
  387 	 0.000098 	 0.014258 	 0.014466
  388 	 0.000732 	 0.014359 	 0.014466
  389 	 0.000192 	 0.014337 	 0.014466
  390 	 0.000049 	 0.014284 	 0.014466
  391 	 0.000098 	 0.014347 	 0.014466
  392 	 0.007963 	 0.014365 	 0.014466
  393 	 0.000195 	 0.014257 	 0.014466
  394 	 0.000098 	 0.014237 	 0.014466
  395 	 0.000098 	 0.014272 	 0.014466
  396 	 0.000098 	 0.014281 	 0.014466
  397 	 0.000098 	 0.014336 	 0.014466
  398 	 0.003308 	 0.014319 	 0.014466
  399 	 0.000195 	 0.014131 	 0.014466
  400 	 0.000766 	 0.014334 	 0.014466
  401 	 0.001493 	 0.014233 	 0.014466
  402 	 0.007963 	 0.014395 	 0.014466
  403 	 0.000387 	 0.014266 	 0.014466
  404 	 0.000098 	 0.014184 	 0.014466
  405 	 0.000049 	 0.014172 	 0.014466
  406 	 0.000195 	 0.014163 	 0.014466
  407 	 0.000195 	 0.014320 	 0.014466
  408 	 0.000195 	 0.014378 	 0.014466
  409 	 0.000049 	 0.014184 	 0.014466
  410 	 0.000049 	 0.014248 	 0.014466
  411 	 0.000049 	 0.014058 	 0.014466
  412 	 0.000387 	 0.014382 	 0.014466
  413 	 0.006177 	 0.014381 	 0.014466
  414 	 0.004997 	 0.014352 	 0.014466
  415 	 0.000766 	 0.014314 	 0.014466
  416 	 0.000098 	 0.014268 	 0.014466
  417 	 0.000766 	 0.014343 	 0.014466
  418 	 0.006529 	 0.014389 	 0.014466
  419 	 0.000049 	 0.014344 	 0.014466
  420 	 0.010737 	 0.014437 	 0.014466
  421 	 0.006529 	 0.014388 	 0.014466
  422 	 0.000098 	 0.014268 	 0.014466
  423 	 0.003371 	 0.014376 	 0.014466
  424 	 0.000195 	 0.014334 	 0.014466
  425 	 0.000049 	 0.014156 	 0.014466
  426 	 0.000195 	 0.014296 	 0.014466
  427 	 0.000098 	 0.014260 	 0.014466
  428 	 0.007963 	 0.014371 	 0.014466
  429 	 0.000195 	 0.014270 	 0.014466
  430 	 0.006177 	 0.014348 	 0.014466
  431 	 0.000195 	 0.014366 	 0.014466
  432 	 0.003371 	 0.014358 	 0.014466
  433 	 0.001493 	 0.014276 	 0.014466
  434 	 0.000098 	 0.014349 	 0.014466
  435 	 0.011596 	 0.014440 	 0.014466
  436 	 0.000387 	 0.014232 	 0.014466
  437 	 0.000049 	 0.014232 	 0.014466
  438 	 0.003371 	 0.014400 	 0.014466
  439 	 0.000049 	 0.014296 	 0.014466
  440 	 0.000098 	 0.014345 	 0.014466
  441 	 0.007969 	 0.014399 	 0.014466
  442 	 0.005036 	 0.014387 	 0.014466
  443 	 0.012570 	 0.014446 	 0.014466
  444 	 0.000766 	 0.014270 	 0.014466
  445 	 0.000195 	 0.014127 	 0.014466
  446 	 0.000195 	 0.014300 	 0.014466
  447 	 0.000049 	 0.014355 	 0.014466
  448 	 0.000195 	 0.014171 	 0.014466
  449 	 0.000098 	 0.014203 	 0.014466
  450 	 0.000098 	 0.014303 	 0.014466
  451 	 0.009395 	 0.014407 	 0.014466
  452 	 0.000049 	 0.014297 	 0.014466
  453 	 0.000766 	 0.014312 	 0.014466
  454 	 0.000098 	 0.014350 	 0.014466
  455 	 0.006529 	 0.014343 	 0.014466
  456 	 0.007969 	 0.014396 	 0.014466
  457 	 0.000195 	 0.014310 	 0.014466
  458 	 0.010737 	 0.014401 	 0.014466
  459 	 0.000098 	 0.014320 	 0.014466
  460 	 0.000195 	 0.014242 	 0.014466
  461 	 0.000195 	 0.014171 	 0.014466
  462 	 0.000766 	 0.014366 	 0.014466
  463 	 0.000098 	 0.014296 	 0.014466
  464 	 0.000049 	 0.014070 	 0.014466
  465 	 0.000766 	 0.014317 	 0.014466
  466 	 0.007945 	 0.014429 	 0.014466
  467 	 0.000195 	 0.014316 	 0.014466
  468 	 0.006177 	 0.014408 	 0.014466
  469 	 0.009395 	 0.014393 	 0.014466
  470 	 0.013513 	 0.014453 	 0.014466
  471 	 0.009395 	 0.014398 	 0.014466
  472 	 0.000097 	 0.014291 	 0.014466
  473 	 0.005036 	 0.014311 	 0.014466
  474 	 0.000195 	 0.014226 	 0.014466
  475 	 0.005036 	 0.014402 	 0.014466
  476 	 0.000387 	 0.014293 	 0.014466
  477 	 0.000387 	 0.014241 	 0.014466
  478 	 0.000195 	 0.014324 	 0.014466
  479 	 0.000049 	 0.014268 	 0.014466
  480 	 0.000195 	 0.014271 	 0.014466
  481 	 0.000387 	 0.014326 	 0.014466
  482 	 0.005036 	 0.014370 	 0.014466
  483 	 0.000049 	 0.014097 	 0.014466
  484 	 0.000049 	 0.014124 	 0.014466
  485 	 0.000195 	 0.014187 	 0.014466
  486 	 0.000195 	 0.014249 	 0.014466
  487 	 0.000195 	 0.014380 	 0.014466
  488 	 0.001493 	 0.014355 	 0.014466
  489 	 0.007963 	 0.014415 	 0.014466
  490 	 0.001493 	 0.014380 	 0.014466
  491 	 0.009860 	 0.014398 	 0.014466
  492 	 0.000195 	 0.014324 	 0.014466
  493 	 0.000097 	 0.014178 	 0.014466
  494 	 0.001493 	 0.014299 	 0.014466
  495 	 0.000766 	 0.014336 	 0.014466
  496 	 0.011658 	 0.014424 	 0.014466
  497 	 0.000387 	 0.014265 	 0.014466
  498 	 0.000387 	 0.014263 	 0.014466
  499 	 0.000049 	 0.014197 	 0.014466
 