   0 	 0.000049 	 0.000271 	 0.008041
    1 	 0.000053 	 0.000755 	 0.012505
    2 	 0.000049 	 0.001139 	 0.028952
    3 	 0.000050 	 0.001817 	 0.034324
    4 	 0.000379 	 0.003202 	 0.039604
    5 	 0.000194 	 0.005286 	 0.034322
    6 	 0.000050 	 0.007667 	 0.040363
    7 	 0.000050 	 0.010308 	 0.034943
    8 	 0.000049 	 0.011728 	 0.035560
    9 	 0.000049 	 0.013793 	 0.046467
   10 	 0.000049 	 0.016492 	 0.061177
   11 	 0.000099 	 0.019693 	 0.046146
   12 	 0.000049 	 0.020753 	 0.051750
   13 	 0.000098 	 0.022409 	 0.049632
   14 	 0.000197 	 0.023094 	 0.044382
   15 	 0.000049 	 0.024635 	 0.044382
   16 	 0.000049 	 0.024982 	 0.060057
   17 	 0.000098 	 0.025706 	 0.060551
   18 	 0.000049 	 0.027065 	 0.064826
   19 	 0.000100 	 0.025842 	 0.053041
   20 	 0.000050 	 0.026946 	 0.076484
   21 	 0.000100 	 0.027604 	 0.064034
   22 	 0.000098 	 0.027781 	 0.053250
   23 	 0.000049 	 0.030118 	 0.052977
   24 	 0.000100 	 0.033899 	 0.053899
   25 	 0.000049 	 0.033604 	 0.053687
   26 	 0.000049 	 0.035766 	 0.050081
   27 	 0.000049 	 0.038373 	 0.054153
   28 	 0.000049 	 0.038909 	 0.057041
   29 	 0.000049 	 0.040764 	 0.061573
   30 	 0.011863 	 0.042448 	 0.061573
   31 	 0.000098 	 0.044819 	 0.061653
   32 	 0.000049 	 0.048065 	 0.063939
   33 	 0.000049 	 0.048606 	 0.065983
   34 	 0.009831 	 0.050419 	 0.064454
   35 	 0.000098 	 0.051956 	 0.062040
   36 	 0.003032 	 0.054676 	 0.064367
   37 	 0.000049 	 0.054107 	 0.064367
   38 	 0.009058 	 0.057301 	 0.067033
   39 	 0.000196 	 0.058589 	 0.067033
   40 	 0.006405 	 0.058408 	 0.067033
   41 	 0.001571 	 0.060826 	 0.067863
   42 	 0.000196 	 0.061689 	 0.068051
   43 	 0.000783 	 0.063617 	 0.068446
   44 	 0.000392 	 0.063648 	 0.068419
   45 	 0.008368 	 0.063682 	 0.068423
   46 	 0.000049 	 0.064973 	 0.068687
   47 	 0.001559 	 0.066727 	 0.069057
   48 	 0.006231 	 0.065829 	 0.069182
   49 	 0.000754 	 0.067125 	 0.069182
   50 	 0.001563 	 0.067501 	 0.069182
   51 	 0.000098 	 0.066908 	 0.069182
   52 	 0.000049 	 0.067816 	 0.069220
   53 	 0.032471 	 0.067799 	 0.069262
   54 	 0.000783 	 0.067627 	 0.069412
   55 	 0.050358 	 0.068959 	 0.069419
   56 	 0.000097 	 0.068347 	 0.069446
   57 	 0.000392 	 0.067779 	 0.069770
   58 	 0.000098 	 0.068029 	 0.069529
   59 	 0.006176 	 0.066937 	 0.069529
   60 	 0.000098 	 0.067887 	 0.069529
   61 	 0.038477 	 0.068605 	 0.069737
   62 	 0.000392 	 0.067978 	 0.069481
   63 	 0.033002 	 0.068684 	 0.069481
   64 	 0.001564 	 0.067699 	 0.069504
   65 	 0.000049 	 0.067645 	 0.069513
   66 	 0.001565 	 0.068139 	 0.069513
   67 	 0.012526 	 0.068301 	 0.069560
   68 	 0.006124 	 0.067974 	 0.069578
   69 	 0.000783 	 0.068282 	 0.069617
   70 	 0.000049 	 0.067083 	 0.069585
   71 	 0.000783 	 0.068504 	 0.070026
   72 	 0.003122 	 0.068146 	 0.070026
   73 	 0.013448 	 0.068605 	 0.070026
   74 	 0.000049 	 0.067494 	 0.070026
   75 	 0.000196 	 0.068714 	 0.070026
   76 	 0.001563 	 0.067958 	 0.069998
   77 	 0.000196 	 0.068992 	 0.070201
   78 	 0.000049 	 0.066173 	 0.070201
   79 	 0.000770 	 0.067837 	 0.070229
   80 	 0.000392 	 0.068539 	 0.070299
   81 	 0.001564 	 0.067830 	 0.070299
   82 	 0.000783 	 0.068273 	 0.070400
   83 	 0.003140 	 0.069500 	 0.070738
   84 	 0.000098 	 0.068828 	 0.070744
   85 	 0.000049 	 0.067980 	 0.070851
   86 	 0.000098 	 0.068703 	 0.070851
   87 	 0.000196 	 0.068826 	 0.070851
   88 	 0.012345 	 0.069671 	 0.070859
   89 	 0.012591 	 0.069851 	 0.070879
   90 	 0.000049 	 0.069183 	 0.070870
   91 	 0.001566 	 0.069129 	 0.070904
   92 	 0.009277 	 0.070247 	 0.071025
   93 	 0.000049 	 0.068841 	 0.070919
   94 	 0.000783 	 0.068514 	 0.070959
   95 	 0.000098 	 0.069151 	 0.070899
   96 	 0.000196 	 0.069118 	 0.070899
   97 	 0.024427 	 0.070295 	 0.070903
   98 	 0.000392 	 0.069871 	 0.070902
   99 	 0.000049 	 0.067600 	 0.071019
  100 	 0.000196 	 0.068572 	 0.071027
  101 	 0.000782 	 0.069061 	 0.071021
  102 	 0.000049 	 0.068544 	 0.071021
  103 	 0.024370 	 0.070084 	 0.071041
  104 	 0.006926 	 0.069458 	 0.071041
  105 	 0.000098 	 0.069813 	 0.071041
  106 	 0.009375 	 0.069683 	 0.071017
  107 	 0.000196 	 0.069335 	 0.071020
  108 	 0.000196 	 0.069169 	 0.071025
  109 	 0.000392 	 0.070015 	 0.071020
  110 	 0.026202 	 0.070458 	 0.071032
  111 	 0.000392 	 0.069098 	 0.071057
  112 	 0.000049 	 0.069342 	 0.071058
  113 	 0.002448 	 0.069020 	 0.071058
  114 	 0.009454 	 0.069725 	 0.071061
  115 	 0.000049 	 0.069477 	 0.071064
  116 	 0.000392 	 0.070122 	 0.071064
  117 	 0.033446 	 0.070483 	 0.071064
  118 	 0.006933 	 0.070107 	 0.071064
  119 	 0.009448 	 0.069301 	 0.071064
  120 	 0.000783 	 0.069529 	 0.071064
  121 	 0.000049 	 0.069914 	 0.071064
  122 	 0.000783 	 0.070386 	 0.071064
  123 	 0.000196 	 0.069613 	 0.071064
  124 	 0.003121 	 0.069179 	 0.071064
  125 	 0.000049 	 0.069792 	 0.071064
  126 	 0.006202 	 0.069901 	 0.071064
  127 	 0.000098 	 0.069036 	 0.071068
  128 	 0.009442 	 0.069626 	 0.071064
  129 	 0.012534 	 0.070196 	 0.071162
  130 	 0.000783 	 0.069017 	 0.071162
  131 	 0.000098 	 0.069089 	 0.071162
  132 	 0.000196 	 0.068547 	 0.071162
  133 	 0.000783 	 0.069347 	 0.071158
  134 	 0.018407 	 0.070292 	 0.071159
  135 	 0.000049 	 0.068228 	 0.071162
  136 	 0.000098 	 0.069267 	 0.071162
  137 	 0.000196 	 0.069279 	 0.071162
  138 	 0.003117 	 0.070267 	 0.071162
  139 	 0.006184 	 0.070181 	 0.071162
  140 	 0.000196 	 0.068189 	 0.071187
  141 	 0.001563 	 0.070005 	 0.071191
  142 	 0.000196 	 0.069447 	 0.071191
  143 	 0.000392 	 0.069102 	 0.071191
  144 	 0.000196 	 0.069487 	 0.071192
  145 	 0.000196 	 0.069295 	 0.071192
  146 	 0.000196 	 0.069995 	 0.071197
  147 	 0.001564 	 0.068472 	 0.071197
  148 	 0.018319 	 0.070355 	 0.071201
  149 	 0.067107 	 0.071138 	 0.071201
  150 	 0.018367 	 0.069946 	 0.071201
  151 	 0.000196 	 0.069830 	 0.071201
  152 	 0.000392 	 0.068487 	 0.071206
  153 	 0.006930 	 0.070580 	 0.071206
  154 	 0.012512 	 0.070015 	 0.071206
  155 	 0.000049 	 0.069715 	 0.071206
  156 	 0.000049 	 0.069837 	 0.071206
  157 	 0.000098 	 0.069413 	 0.071207
  158 	 0.009393 	 0.070783 	 0.071207
  159 	 0.003121 	 0.070341 	 0.071208
  160 	 0.001565 	 0.070602 	 0.071209
  161 	 0.006203 	 0.069659 	 0.071209
  162 	 0.012547 	 0.070483 	 0.071209
  163 	 0.000098 	 0.069540 	 0.071209
  164 	 0.006922 	 0.069636 	 0.071209
  165 	 0.003121 	 0.069539 	 0.071209
  166 	 0.006202 	 0.069741 	 0.071209
  167 	 0.006200 	 0.070088 	 0.071210
  168 	 0.000392 	 0.069680 	 0.071210
  169 	 0.060153 	 0.071024 	 0.071210
  170 	 0.006150 	 0.069454 	 0.071210
  171 	 0.039390 	 0.070885 	 0.071210
  172 	 0.018425 	 0.070385 	 0.071210
  173 	 0.006199 	 0.069670 	 0.071210
  174 	 0.000098 	 0.069969 	 0.071210
  175 	 0.009391 	 0.070709 	 0.071210
  176 	 0.006199 	 0.069531 	 0.071210
  177 	 0.000392 	 0.067587 	 0.071210
  178 	 0.000196 	 0.069318 	 0.071210
  179 	 0.003121 	 0.069460 	 0.071210
  180 	 0.000392 	 0.069067 	 0.071210
  181 	 0.000196 	 0.069805 	 0.071210
  182 	 0.003049 	 0.069609 	 0.071210
  183 	 0.003121 	 0.069325 	 0.071210
  184 	 0.000783 	 0.069055 	 0.071210
  185 	 0.000098 	 0.070057 	 0.071210
  186 	 0.000196 	 0.069603 	 0.071210
  187 	 0.018402 	 0.069946 	 0.071210
  188 	 0.000098 	 0.070334 	 0.071210
  189 	 0.000049 	 0.069585 	 0.071210
  190 	 0.000098 	 0.070541 	 0.071210
  191 	 0.000783 	 0.069330 	 0.071210
  192 	 0.037516 	 0.070910 	 0.071210
  193 	 0.000783 	 0.069806 	 0.071210
  194 	 0.000196 	 0.069739 	 0.071210
  195 	 0.000377 	 0.068950 	 0.071210
  196 	 0.006201 	 0.069832 	 0.071210
  197 	 0.033622 	 0.070658 	 0.071210
  198 	 0.000049 	 0.070137 	 0.071210
  199 	 0.026213 	 0.070554 	 0.071210
  200 	 0.000049 	 0.069442 	 0.071210
  201 	 0.003121 	 0.068922 	 0.071210
  202 	 0.000098 	 0.070301 	 0.071210
  203 	 0.003121 	 0.069631 	 0.071210
  204 	 0.000392 	 0.070098 	 0.071210
  205 	 0.001565 	 0.069883 	 0.071210
  206 	 0.000098 	 0.069019 	 0.071210
  207 	 0.000392 	 0.069729 	 0.071210
  208 	 0.000783 	 0.069608 	 0.071210
  209 	 0.000783 	 0.070020 	 0.071210
  210 	 0.000049 	 0.070063 	 0.071210
  211 	 0.003121 	 0.070080 	 0.071210
  212 	 0.000196 	 0.069019 	 0.071210
  213 	 0.000098 	 0.069287 	 0.071210
  214 	 0.000783 	 0.069762 	 0.071210
  215 	 0.003121 	 0.070471 	 0.071210
  216 	 0.000049 	 0.070086 	 0.071210
  217 	 0.006201 	 0.069541 	 0.071210
  218 	 0.000392 	 0.069211 	 0.071210
  219 	 0.000392 	 0.068939 	 0.071210
  220 	 0.000196 	 0.068519 	 0.071210
  221 	 0.000783 	 0.070350 	 0.071210
  222 	 0.000049 	 0.069498 	 0.071210
  223 	 0.000049 	 0.070763 	 0.071210
  224 	 0.000098 	 0.067746 	 0.071210
  225 	 0.018402 	 0.070444 	 0.071210
  226 	 0.006923 	 0.070332 	 0.071210
  227 	 0.000196 	 0.069434 	 0.071210
  228 	 0.018402 	 0.069561 	 0.071210
  229 	 0.060039 	 0.071052 	 0.071210
  230 	 0.013493 	 0.070071 	 0.071210
  231 	 0.000196 	 0.069210 	 0.071210
  232 	 0.000049 	 0.068721 	 0.071210
  233 	 0.000392 	 0.070027 	 0.071210
  234 	 0.000392 	 0.069505 	 0.071210
  235 	 0.000196 	 0.069362 	 0.071210
  236 	 0.000098 	 0.068781 	 0.071210
  237 	 0.000783 	 0.068533 	 0.071210
  238 	 0.001565 	 0.069719 	 0.071210
  239 	 0.000392 	 0.069363 	 0.071210
  240 	 0.000098 	 0.069046 	 0.071210
  241 	 0.000098 	 0.069536 	 0.071210
  242 	 0.000098 	 0.069388 	 0.071210
  243 	 0.018316 	 0.070675 	 0.071210
  244 	 0.000098 	 0.070009 	 0.071210
  245 	 0.000049 	 0.069378 	 0.071210
  246 	 0.000049 	 0.068106 	 0.071210
  247 	 0.000049 	 0.069190 	 0.071210
  248 	 0.000392 	 0.067961 	 0.071210
  249 	 0.000196 	 0.069884 	 0.071210
  250 	 0.000049 	 0.069783 	 0.071210
  251 	 0.000196 	 0.068139 	 0.071210
  252 	 0.000196 	 0.069199 	 0.071210
  253 	 0.000049 	 0.069073 	 0.071210
  254 	 0.000049 	 0.069510 	 0.071210
  255 	 0.000392 	 0.068865 	 0.071210
  256 	 0.006201 	 0.070081 	 0.071210
  257 	 0.000392 	 0.070029 	 0.071210
  258 	 0.003109 	 0.069662 	 0.071210
  259 	 0.000049 	 0.068280 	 0.071210
  260 	 0.000098 	 0.069755 	 0.071210
  261 	 0.006202 	 0.068477 	 0.071210
  262 	 0.000049 	 0.068995 	 0.071210
  263 	 0.003121 	 0.069359 	 0.071210
  264 	 0.018316 	 0.070101 	 0.071210
  265 	 0.000392 	 0.069818 	 0.071210
  266 	 0.000098 	 0.069948 	 0.071210
  267 	 0.006925 	 0.070582 	 0.071210
  268 	 0.000392 	 0.070615 	 0.071210
  269 	 0.009438 	 0.070075 	 0.071210
  270 	 0.000049 	 0.070194 	 0.071210
  271 	 0.018403 	 0.070259 	 0.071210
  272 	 0.000783 	 0.069978 	 0.071210
  273 	 0.000098 	 0.070153 	 0.071210
  274 	 0.000049 	 0.069540 	 0.071210
  275 	 0.006201 	 0.070056 	 0.071210
  276 	 0.000049 	 0.068655 	 0.071210
  277 	 0.000049 	 0.069330 	 0.071210
  278 	 0.000783 	 0.069547 	 0.071210
  279 	 0.000049 	 0.069976 	 0.071210
  280 	 0.000196 	 0.069977 	 0.071210
  281 	 0.006925 	 0.069656 	 0.071210
  282 	 0.000049 	 0.069043 	 0.071210
  283 	 0.000196 	 0.068611 	 0.071210
  284 	 0.000098 	 0.069111 	 0.071210
  285 	 0.001565 	 0.068662 	 0.071210
  286 	 0.000196 	 0.069059 	 0.071210
  287 	 0.009391 	 0.070208 	 0.071210
  288 	 0.006925 	 0.070406 	 0.071210
  289 	 0.001565 	 0.069387 	 0.071210
  290 	 0.000098 	 0.069598 	 0.071210
  291 	 0.000049 	 0.070148 	 0.071210
  292 	 0.000098 	 0.069706 	 0.071210
  293 	 0.003121 	 0.069890 	 0.071210
  294 	 0.000196 	 0.069307 	 0.071210
  295 	 0.000783 	 0.070118 	 0.071210
  296 	 0.000196 	 0.069863 	 0.071210
  297 	 0.000098 	 0.068921 	 0.071210
  298 	 0.000098 	 0.070302 	 0.071210
  299 	 0.033622 	 0.070600 	 0.071210
  300 	 0.000098 	 0.069350 	 0.071210
  301 	 0.000098 	 0.069974 	 0.071210
  302 	 0.006201 	 0.070322 	 0.071210
  303 	 0.006201 	 0.070826 	 0.071210
  304 	 0.001565 	 0.070244 	 0.071210
  305 	 0.006925 	 0.069727 	 0.071210
  306 	 0.018402 	 0.070513 	 0.071210
  307 	 0.065130 	 0.071085 	 0.071210
  308 	 0.001671 	 0.070117 	 0.071210
  309 	 0.000783 	 0.070607 	 0.071210
  310 	 0.000783 	 0.069521 	 0.071210
  311 	 0.000392 	 0.070173 	 0.071210
  312 	 0.012538 	 0.069656 	 0.071210
  313 	 0.000098 	 0.068651 	 0.071210
  314 	 0.006201 	 0.069204 	 0.071210
  315 	 0.000049 	 0.068375 	 0.071210
  316 	 0.006201 	 0.070107 	 0.071210
  317 	 0.000392 	 0.069754 	 0.071210
  318 	 0.000098 	 0.068653 	 0.071210
  319 	 0.006925 	 0.069816 	 0.071210
  320 	 0.000098 	 0.070232 	 0.071210
  321 	 0.009391 	 0.070137 	 0.071210
  322 	 0.000783 	 0.069380 	 0.071210
  323 	 0.000049 	 0.068750 	 0.071210
  324 	 0.000392 	 0.070171 	 0.071210
  325 	 0.000392 	 0.069361 	 0.071210
  326 	 0.012538 	 0.070644 	 0.071210
  327 	 0.000049 	 0.069907 	 0.071210
  328 	 0.006925 	 0.069584 	 0.071210
  329 	 0.009391 	 0.070055 	 0.071210
  330 	 0.006201 	 0.069760 	 0.071210
  331 	 0.000098 	 0.070121 	 0.071210
  332 	 0.000049 	 0.070001 	 0.071210
  333 	 0.000196 	 0.070112 	 0.071210
  334 	 0.018402 	 0.069909 	 0.071210
  335 	 0.000783 	 0.069646 	 0.071210
  336 	 0.000783 	 0.069855 	 0.071210
  337 	 0.003121 	 0.069470 	 0.071210
  338 	 0.012292 	 0.070484 	 0.071210
  339 	 0.006201 	 0.070326 	 0.071210
  340 	 0.001565 	 0.069117 	 0.071210
  341 	 0.000783 	 0.069998 	 0.071210
  342 	 0.000196 	 0.068999 	 0.071210
  343 	 0.000049 	 0.069445 	 0.071210
  344 	 0.001565 	 0.070041 	 0.071210
  345 	 0.000783 	 0.069219 	 0.071210
  346 	 0.000049 	 0.070046 	 0.071210
  347 	 0.000392 	 0.069645 	 0.071210
  348 	 0.000098 	 0.070234 	 0.071210
  349 	 0.013493 	 0.070306 	 0.071210
  350 	 0.006201 	 0.069946 	 0.071210
  351 	 0.000196 	 0.070021 	 0.071210
  352 	 0.000098 	 0.068555 	 0.071210
  353 	 0.000049 	 0.069783 	 0.071210
  354 	 0.000049 	 0.069109 	 0.071210
  355 	 0.000098 	 0.068479 	 0.071210
  356 	 0.009446 	 0.070314 	 0.071210
  357 	 0.013493 	 0.070131 	 0.071210
  358 	 0.000098 	 0.069657 	 0.071210
  359 	 0.000783 	 0.069555 	 0.071210
  360 	 0.000098 	 0.068442 	 0.071210
  361 	 0.003121 	 0.069286 	 0.071210
  362 	 0.000049 	 0.069471 	 0.071210
  363 	 0.000196 	 0.068667 	 0.071210
  364 	 0.000098 	 0.069153 	 0.071210
  365 	 0.000049 	 0.068676 	 0.071210
  366 	 0.000392 	 0.069789 	 0.071210
  367 	 0.000098 	 0.069334 	 0.071210
  368 	 0.009391 	 0.069192 	 0.071210
  369 	 0.018402 	 0.070404 	 0.071210
  370 	 0.061129 	 0.071115 	 0.071210
  371 	 0.000098 	 0.068945 	 0.071210
  372 	 0.006201 	 0.069879 	 0.071210
  373 	 0.000098 	 0.070068 	 0.071210
  374 	 0.000196 	 0.069259 	 0.071210
  375 	 0.003121 	 0.069782 	 0.071210
  376 	 0.000049 	 0.069688 	 0.071210
  377 	 0.000049 	 0.069304 	 0.071210
  378 	 0.000392 	 0.069823 	 0.071210
  379 	 0.000049 	 0.070050 	 0.071210
  380 	 0.000392 	 0.069385 	 0.071210
  381 	 0.000098 	 0.068822 	 0.071210
  382 	 0.000196 	 0.068968 	 0.071210
  383 	 0.000049 	 0.069540 	 0.071210
  384 	 0.009391 	 0.070568 	 0.071210
  385 	 0.000392 	 0.069936 	 0.071210
  386 	 0.000392 	 0.069597 	 0.071210
  387 	 0.003119 	 0.069880 	 0.071210
  388 	 0.000098 	 0.070460 	 0.071210
  389 	 0.000049 	 0.068947 	 0.071210
  390 	 0.000049 	 0.069419 	 0.071210
  391 	 0.000195 	 0.070210 	 0.071210
  392 	 0.000049 	 0.069268 	 0.071210
  393 	 0.000049 	 0.069393 	 0.071210
  394 	 0.000098 	 0.070004 	 0.071210
  395 	 0.039453 	 0.070593 	 0.071210
  396 	 0.009446 	 0.070528 	 0.071210
  397 	 0.000049 	 0.069383 	 0.071210
  398 	 0.006201 	 0.069733 	 0.071210
  399 	 0.000098 	 0.069971 	 0.071210
  400 	 0.000049 	 0.069750 	 0.071210
  401 	 0.000049 	 0.069719 	 0.071210
  402 	 0.003121 	 0.069865 	 0.071210
  403 	 0.000196 	 0.068921 	 0.071210
  404 	 0.000392 	 0.069761 	 0.071210
  405 	 0.000392 	 0.070020 	 0.071210
  406 	 0.003121 	 0.069741 	 0.071210
  407 	 0.003121 	 0.070411 	 0.071210
  408 	 0.000098 	 0.069800 	 0.071210
  409 	 0.000098 	 0.067931 	 0.071210
  410 	 0.000098 	 0.070116 	 0.071210
  411 	 0.000098 	 0.068761 	 0.071210
  412 	 0.000098 	 0.069390 	 0.071210
  413 	 0.000392 	 0.069750 	 0.071210
  414 	 0.001565 	 0.070151 	 0.071210
  415 	 0.000392 	 0.070516 	 0.071210
  416 	 0.000049 	 0.069663 	 0.071210
  417 	 0.000049 	 0.069423 	 0.071210
  418 	 0.009391 	 0.070027 	 0.071210
  419 	 0.000098 	 0.069217 	 0.071210
  420 	 0.000098 	 0.069520 	 0.071210
  421 	 0.000098 	 0.068876 	 0.071210
  422 	 0.000783 	 0.070437 	 0.071210
  423 	 0.000098 	 0.069003 	 0.071210
  424 	 0.000049 	 0.069184 	 0.071210
  425 	 0.001565 	 0.068988 	 0.071210
  426 	 0.000196 	 0.068825 	 0.071210
  427 	 0.006925 	 0.070220 	 0.071210
  428 	 0.009446 	 0.070767 	 0.071210
  429 	 0.006925 	 0.070067 	 0.071210
  430 	 0.000049 	 0.068726 	 0.071210
  431 	 0.000392 	 0.068930 	 0.071210
  432 	 0.000196 	 0.069149 	 0.071210
  433 	 0.006929 	 0.070146 	 0.071210
  434 	 0.000098 	 0.068938 	 0.071210
  435 	 0.001565 	 0.070230 	 0.071210
  436 	 0.000098 	 0.069746 	 0.071210
  437 	 0.061129 	 0.070994 	 0.071210
  438 	 0.000783 	 0.069163 	 0.071210
  439 	 0.013493 	 0.070786 	 0.071210
  440 	 0.000049 	 0.069223 	 0.071210
  441 	 0.006201 	 0.069691 	 0.071210
  442 	 0.000049 	 0.069347 	 0.071210
  443 	 0.000392 	 0.070515 	 0.071210
  444 	 0.026213 	 0.070543 	 0.071210
  445 	 0.000098 	 0.069292 	 0.071210
  446 	 0.000049 	 0.069601 	 0.071210
  447 	 0.006925 	 0.070010 	 0.071210
  448 	 0.026213 	 0.070790 	 0.071210
  449 	 0.000783 	 0.070115 	 0.071210
  450 	 0.001565 	 0.069413 	 0.071210
  451 	 0.000392 	 0.069214 	 0.071210
  452 	 0.009446 	 0.069379 	 0.071210
  453 	 0.001565 	 0.069433 	 0.071210
  454 	 0.000049 	 0.069511 	 0.071210
  455 	 0.018316 	 0.070202 	 0.071210
  456 	 0.000392 	 0.070291 	 0.071210
  457 	 0.018402 	 0.070720 	 0.071210
  458 	 0.006925 	 0.070304 	 0.071210
  459 	 0.000098 	 0.069414 	 0.071210
  460 	 0.000098 	 0.069171 	 0.071210
  461 	 0.000098 	 0.069744 	 0.071210
  462 	 0.000196 	 0.068624 	 0.071210
  463 	 0.003121 	 0.069783 	 0.071210
  464 	 0.000098 	 0.069712 	 0.071210
  465 	 0.000392 	 0.070171 	 0.071210
  466 	 0.000196 	 0.069412 	 0.071210
  467 	 0.000098 	 0.069762 	 0.071210
  468 	 0.000783 	 0.069238 	 0.071210
  469 	 0.000098 	 0.069913 	 0.071210
  470 	 0.000392 	 0.069614 	 0.071210
  471 	 0.000196 	 0.069236 	 0.071210
  472 	 0.001565 	 0.069706 	 0.071210
  473 	 0.000098 	 0.069793 	 0.071210
  474 	 0.001564 	 0.070379 	 0.071210
  475 	 0.000098 	 0.067505 	 0.071210
  476 	 0.000196 	 0.069473 	 0.071210
  477 	 0.009391 	 0.069862 	 0.071210
  478 	 0.000098 	 0.069209 	 0.071210
  479 	 0.000098 	 0.069396 	 0.071210
  480 	 0.000392 	 0.070017 	 0.071210
  481 	 0.000783 	 0.069984 	 0.071210
  482 	 0.037516 	 0.070476 	 0.071210
  483 	 0.001565 	 0.069813 	 0.071210
  484 	 0.000049 	 0.068736 	 0.071210
  485 	 0.000392 	 0.069989 	 0.071210
  486 	 0.000392 	 0.070244 	 0.071210
  487 	 0.026213 	 0.070905 	 0.071210
  488 	 0.006189 	 0.069305 	 0.071210
  489 	 0.000049 	 0.070345 	 0.071210
  490 	 0.000098 	 0.069307 	 0.071210
  491 	 0.003121 	 0.069927 	 0.071210
  492 	 0.006925 	 0.069952 	 0.071210
  493 	 0.000196 	 0.069561 	 0.071210
  494 	 0.000196 	 0.070287 	 0.071210
  495 	 0.000098 	 0.069782 	 0.071210
  496 	 0.000049 	 0.070388 	 0.071210
  497 	 0.000392 	 0.069839 	 0.071210
  498 	 0.000392 	 0.068869 	 0.071210
  499 	 0.000049 	 0.068969 	 0.071210
 