   0 	 0.000049 	 0.000334 	 0.012286
    1 	 0.000057 	 0.000591 	 0.013516
    2 	 0.000056 	 0.001143 	 0.019152
    3 	 0.000081 	 0.001579 	 0.016660
    4 	 0.000097 	 0.002352 	 0.024586
    5 	 0.000099 	 0.003832 	 0.017443
    6 	 0.000049 	 0.005931 	 0.016832
    7 	 0.000100 	 0.008524 	 0.031052
    8 	 0.000049 	 0.010115 	 0.039679
    9 	 0.000049 	 0.011979 	 0.039679
   10 	 0.000049 	 0.013136 	 0.035578
   11 	 0.000100 	 0.013850 	 0.039945
   12 	 0.000097 	 0.015517 	 0.041639
   13 	 0.000205 	 0.016025 	 0.037104
   14 	 0.000096 	 0.017201 	 0.037101
   15 	 0.000050 	 0.019523 	 0.037258
   16 	 0.000049 	 0.018223 	 0.043737
   17 	 0.000049 	 0.020275 	 0.046881
   18 	 0.000098 	 0.020723 	 0.046881
   19 	 0.000049 	 0.020783 	 0.049858
   20 	 0.003696 	 0.023588 	 0.049721
   21 	 0.000196 	 0.023591 	 0.043746
   22 	 0.000049 	 0.024918 	 0.042414
   23 	 0.000195 	 0.027256 	 0.044116
   24 	 0.000098 	 0.028716 	 0.067472
   25 	 0.000195 	 0.031627 	 0.045224
   26 	 0.000049 	 0.033717 	 0.052130
   27 	 0.000049 	 0.036300 	 0.056746
   28 	 0.000393 	 0.038364 	 0.044778
   29 	 0.002912 	 0.039642 	 0.044849
   30 	 0.000049 	 0.040328 	 0.046486
   31 	 0.000767 	 0.041228 	 0.047586
   32 	 0.016942 	 0.042844 	 0.047222
   33 	 0.001518 	 0.042542 	 0.047559
   34 	 0.000196 	 0.043450 	 0.047655
   35 	 0.009228 	 0.044418 	 0.047719
   36 	 0.008941 	 0.045927 	 0.047790
   37 	 0.000049 	 0.045560 	 0.047909
   38 	 0.000049 	 0.045769 	 0.048286
   39 	 0.011258 	 0.046674 	 0.048397
   40 	 0.003084 	 0.046447 	 0.048350
   41 	 0.006425 	 0.046473 	 0.048467
   42 	 0.000049 	 0.046374 	 0.048483
   43 	 0.000196 	 0.046852 	 0.048679
   44 	 0.000763 	 0.047003 	 0.048796
   45 	 0.000196 	 0.046709 	 0.048954
   46 	 0.000098 	 0.047624 	 0.048967
   47 	 0.006373 	 0.047085 	 0.048930
   48 	 0.000196 	 0.046831 	 0.048970
   49 	 0.030339 	 0.048108 	 0.049175
   50 	 0.000196 	 0.047286 	 0.049253
   51 	 0.000196 	 0.047734 	 0.049230
   52 	 0.006338 	 0.047518 	 0.049253
   53 	 0.017747 	 0.047725 	 0.049340
   54 	 0.000049 	 0.047096 	 0.049320
   55 	 0.000098 	 0.048010 	 0.049326
   56 	 0.000098 	 0.047343 	 0.049398
   57 	 0.000049 	 0.048006 	 0.049424
   58 	 0.000098 	 0.048279 	 0.049391
   59 	 0.020823 	 0.048813 	 0.049395
   60 	 0.000196 	 0.047693 	 0.049430
   61 	 0.001558 	 0.047905 	 0.049571
   62 	 0.011550 	 0.048140 	 0.049497
   63 	 0.000196 	 0.048507 	 0.049508
   64 	 0.000098 	 0.047664 	 0.049564
   65 	 0.000196 	 0.048378 	 0.049609
   66 	 0.000196 	 0.048820 	 0.049582
   67 	 0.000049 	 0.048623 	 0.049609
   68 	 0.000049 	 0.048633 	 0.049622
   69 	 0.000098 	 0.047853 	 0.049622
   70 	 0.009512 	 0.049104 	 0.049636
   71 	 0.009281 	 0.048716 	 0.049636
   72 	 0.000049 	 0.049022 	 0.049646
   73 	 0.003092 	 0.048685 	 0.049654
   74 	 0.001556 	 0.048556 	 0.049651
   75 	 0.000392 	 0.048032 	 0.049655
   76 	 0.001556 	 0.049115 	 0.049668
   77 	 0.000196 	 0.048040 	 0.049663
   78 	 0.006399 	 0.048933 	 0.049667
   79 	 0.006841 	 0.049331 	 0.049670
   80 	 0.000098 	 0.047107 	 0.049680
   81 	 0.003087 	 0.049172 	 0.049680
   82 	 0.000391 	 0.048567 	 0.049678
   83 	 0.029977 	 0.049548 	 0.049680
   84 	 0.001557 	 0.048841 	 0.049679
   85 	 0.006395 	 0.048611 	 0.049680
   86 	 0.000098 	 0.049017 	 0.049680
   87 	 0.011586 	 0.048831 	 0.049685
   88 	 0.013347 	 0.049101 	 0.049686
   89 	 0.009007 	 0.049237 	 0.049688
   90 	 0.000196 	 0.048841 	 0.049690
   91 	 0.000049 	 0.048387 	 0.049690
   92 	 0.000781 	 0.048589 	 0.049690
   93 	 0.000098 	 0.049325 	 0.049690
   94 	 0.030175 	 0.049496 	 0.049690
   95 	 0.000196 	 0.048244 	 0.049690
   96 	 0.009348 	 0.048785 	 0.049690
   97 	 0.000098 	 0.048461 	 0.049690
   98 	 0.000098 	 0.047980 	 0.049690
   99 	 0.032678 	 0.049370 	 0.049690
  100 	 0.000391 	 0.048630 	 0.049691
  101 	 0.000098 	 0.048153 	 0.049691
  102 	 0.000098 	 0.048691 	 0.049691
  103 	 0.000049 	 0.048752 	 0.049691
  104 	 0.016746 	 0.049371 	 0.049691
  105 	 0.006392 	 0.048652 	 0.049691
  106 	 0.000049 	 0.048277 	 0.049691
  107 	 0.003089 	 0.049098 	 0.049691
  108 	 0.001557 	 0.047808 	 0.049691
  109 	 0.009346 	 0.049082 	 0.049691
  110 	 0.001557 	 0.048758 	 0.049691
  111 	 0.000049 	 0.047882 	 0.049691
  112 	 0.017833 	 0.049312 	 0.049691
  113 	 0.006392 	 0.049034 	 0.049691
  114 	 0.006393 	 0.048338 	 0.049691
  115 	 0.000098 	 0.049142 	 0.049691
  116 	 0.000196 	 0.048372 	 0.049691
  117 	 0.000781 	 0.047539 	 0.049691
  118 	 0.009345 	 0.048744 	 0.049692
  119 	 0.020693 	 0.049487 	 0.049692
  120 	 0.013353 	 0.049346 	 0.049692
  121 	 0.003138 	 0.049319 	 0.049692
  122 	 0.006393 	 0.049322 	 0.049692
  123 	 0.000196 	 0.048218 	 0.049692
  124 	 0.000098 	 0.049031 	 0.049692
  125 	 0.009332 	 0.049055 	 0.049692
  126 	 0.000781 	 0.048859 	 0.049695
  127 	 0.000391 	 0.049060 	 0.049695
  128 	 0.013388 	 0.049106 	 0.049695
  129 	 0.006400 	 0.048796 	 0.049695
  130 	 0.000391 	 0.048132 	 0.049695
  131 	 0.041345 	 0.049566 	 0.049695
  132 	 0.042822 	 0.049641 	 0.049695
  133 	 0.000049 	 0.048872 	 0.049695
  134 	 0.000098 	 0.048380 	 0.049695
  135 	 0.000049 	 0.049216 	 0.049695
  136 	 0.003089 	 0.048574 	 0.049695
  137 	 0.000391 	 0.049173 	 0.049695
  138 	 0.003089 	 0.049081 	 0.049695
  139 	 0.000196 	 0.048354 	 0.049695
  140 	 0.011600 	 0.049342 	 0.049695
  141 	 0.001557 	 0.048744 	 0.049695
  142 	 0.000781 	 0.048123 	 0.049695
  143 	 0.000196 	 0.048866 	 0.049695
  144 	 0.000391 	 0.049285 	 0.049695
  145 	 0.000049 	 0.048436 	 0.049695
  146 	 0.000391 	 0.048857 	 0.049695
  147 	 0.013339 	 0.049416 	 0.049695
  148 	 0.011600 	 0.049167 	 0.049695
  149 	 0.017830 	 0.049498 	 0.049695
  150 	 0.000098 	 0.048798 	 0.049695
  151 	 0.000781 	 0.048984 	 0.049695
  152 	 0.001557 	 0.048405 	 0.049695
  153 	 0.009347 	 0.048853 	 0.049695
  154 	 0.000049 	 0.048917 	 0.049695
  155 	 0.000049 	 0.048829 	 0.049695
  156 	 0.009347 	 0.048011 	 0.049695
  157 	 0.011600 	 0.049462 	 0.049695
  158 	 0.000781 	 0.048456 	 0.049695
  159 	 0.000098 	 0.048308 	 0.049695
  160 	 0.009019 	 0.049178 	 0.049695
  161 	 0.001557 	 0.048688 	 0.049695
  162 	 0.000049 	 0.048426 	 0.049695
  163 	 0.030157 	 0.049593 	 0.049695
  164 	 0.000196 	 0.049203 	 0.049695
  165 	 0.000389 	 0.048147 	 0.049695
  166 	 0.001557 	 0.048452 	 0.049695
  167 	 0.000049 	 0.048389 	 0.049695
  168 	 0.000781 	 0.048943 	 0.049695
  169 	 0.000049 	 0.048446 	 0.049695
  170 	 0.006865 	 0.049011 	 0.049695
  171 	 0.000391 	 0.048738 	 0.049695
  172 	 0.000391 	 0.049052 	 0.049695
  173 	 0.006390 	 0.049407 	 0.049695
  174 	 0.000098 	 0.047648 	 0.049695
  175 	 0.011600 	 0.049077 	 0.049695
  176 	 0.009019 	 0.049249 	 0.049695
  177 	 0.020721 	 0.049482 	 0.049695
  178 	 0.000781 	 0.048114 	 0.049695
  179 	 0.009019 	 0.049391 	 0.049695
  180 	 0.000196 	 0.048548 	 0.049695
  181 	 0.000391 	 0.049241 	 0.049695
  182 	 0.000781 	 0.049394 	 0.049695
  183 	 0.009347 	 0.048801 	 0.049695
  184 	 0.000196 	 0.048880 	 0.049695
  185 	 0.000098 	 0.049313 	 0.049695
  186 	 0.006390 	 0.048842 	 0.049695
  187 	 0.000098 	 0.048338 	 0.049695
  188 	 0.000391 	 0.049006 	 0.049695
  189 	 0.006865 	 0.048710 	 0.049695
  190 	 0.000049 	 0.048065 	 0.049695
  191 	 0.000049 	 0.048890 	 0.049695
  192 	 0.009019 	 0.049346 	 0.049695
  193 	 0.000196 	 0.048578 	 0.049695
  194 	 0.000196 	 0.048906 	 0.049695
  195 	 0.000196 	 0.048474 	 0.049695
  196 	 0.000774 	 0.048400 	 0.049695
  197 	 0.003089 	 0.049183 	 0.049695
  198 	 0.000098 	 0.049007 	 0.049695
  199 	 0.000781 	 0.048737 	 0.049695
  200 	 0.001557 	 0.048505 	 0.049695
  201 	 0.006403 	 0.048698 	 0.049695
  202 	 0.000049 	 0.048446 	 0.049695
  203 	 0.000049 	 0.048745 	 0.049695
  204 	 0.017829 	 0.049226 	 0.049695
  205 	 0.000391 	 0.049005 	 0.049695
  206 	 0.003125 	 0.048980 	 0.049695
  207 	 0.000098 	 0.048409 	 0.049695
  208 	 0.000098 	 0.048487 	 0.049695
  209 	 0.000196 	 0.047959 	 0.049695
  210 	 0.001557 	 0.048431 	 0.049695
  211 	 0.009019 	 0.049211 	 0.049695
  212 	 0.000196 	 0.048965 	 0.049695
  213 	 0.017829 	 0.049307 	 0.049695
  214 	 0.000049 	 0.048091 	 0.049695
  215 	 0.011600 	 0.049384 	 0.049695
  216 	 0.006390 	 0.048841 	 0.049695
  217 	 0.000781 	 0.048865 	 0.049695
  218 	 0.000049 	 0.047898 	 0.049695
  219 	 0.000049 	 0.048559 	 0.049695
  220 	 0.000098 	 0.047932 	 0.049695
  221 	 0.000049 	 0.048634 	 0.049695
  222 	 0.000196 	 0.049193 	 0.049695
  223 	 0.000777 	 0.049262 	 0.049695
  224 	 0.000098 	 0.049044 	 0.049695
  225 	 0.000196 	 0.048524 	 0.049695
  226 	 0.000098 	 0.048916 	 0.049695
  227 	 0.030154 	 0.049484 	 0.049695
  228 	 0.016756 	 0.049452 	 0.049695
  229 	 0.000049 	 0.048606 	 0.049695
  230 	 0.000049 	 0.048787 	 0.049695
  231 	 0.000098 	 0.048316 	 0.049695
  232 	 0.000049 	 0.048816 	 0.049695
  233 	 0.000781 	 0.048947 	 0.049695
  234 	 0.000196 	 0.048531 	 0.049695
  235 	 0.000391 	 0.049154 	 0.049695
  236 	 0.000049 	 0.048949 	 0.049695
  237 	 0.000098 	 0.049108 	 0.049695
  238 	 0.000098 	 0.048095 	 0.049695
  239 	 0.009019 	 0.049230 	 0.049695
  240 	 0.001557 	 0.049067 	 0.049695
  241 	 0.000196 	 0.048852 	 0.049695
  242 	 0.000098 	 0.048745 	 0.049695
  243 	 0.000049 	 0.048376 	 0.049695
  244 	 0.000781 	 0.049369 	 0.049695
  245 	 0.009347 	 0.049027 	 0.049695
  246 	 0.011600 	 0.049311 	 0.049695
  247 	 0.000196 	 0.048252 	 0.049695
  248 	 0.030154 	 0.049208 	 0.049695
  249 	 0.000196 	 0.047651 	 0.049695
  250 	 0.000391 	 0.048716 	 0.049695
  251 	 0.000196 	 0.048303 	 0.049695
  252 	 0.006390 	 0.049311 	 0.049695
  253 	 0.000049 	 0.048764 	 0.049695
  254 	 0.000391 	 0.048722 	 0.049695
  255 	 0.003089 	 0.048887 	 0.049695
  256 	 0.000049 	 0.048589 	 0.049695
  257 	 0.000098 	 0.049235 	 0.049695
  258 	 0.000196 	 0.048502 	 0.049695
  259 	 0.045393 	 0.049651 	 0.049695
  260 	 0.000781 	 0.048464 	 0.049695
  261 	 0.000098 	 0.048904 	 0.049695
  262 	 0.001557 	 0.048796 	 0.049695
  263 	 0.000196 	 0.048757 	 0.049695
  264 	 0.017829 	 0.049241 	 0.049695
  265 	 0.000391 	 0.048709 	 0.049695
  266 	 0.000098 	 0.048550 	 0.049695
  267 	 0.000098 	 0.048510 	 0.049695
  268 	 0.000389 	 0.048160 	 0.049695
  269 	 0.000781 	 0.048528 	 0.049695
  270 	 0.009019 	 0.049113 	 0.049695
  271 	 0.009019 	 0.049406 	 0.049695
  272 	 0.000098 	 0.048378 	 0.049695
  273 	 0.000196 	 0.048857 	 0.049695
  274 	 0.000196 	 0.048287 	 0.049695
  275 	 0.000098 	 0.048530 	 0.049695
  276 	 0.000049 	 0.049136 	 0.049695
  277 	 0.000049 	 0.048321 	 0.049695
  278 	 0.000049 	 0.048246 	 0.049695
  279 	 0.011600 	 0.048991 	 0.049695
  280 	 0.000049 	 0.048300 	 0.049695
  281 	 0.000196 	 0.049315 	 0.049695
  282 	 0.000781 	 0.048074 	 0.049695
  283 	 0.000049 	 0.048286 	 0.049695
  284 	 0.000049 	 0.049045 	 0.049695
  285 	 0.001557 	 0.049104 	 0.049695
  286 	 0.000049 	 0.048206 	 0.049695
  287 	 0.000391 	 0.048932 	 0.049695
  288 	 0.000098 	 0.047963 	 0.049695
  289 	 0.003089 	 0.048933 	 0.049695
  290 	 0.000098 	 0.048115 	 0.049695
  291 	 0.028999 	 0.049480 	 0.049695
  292 	 0.024233 	 0.049439 	 0.049695
  293 	 0.000781 	 0.049222 	 0.049695
  294 	 0.003089 	 0.048613 	 0.049695
  295 	 0.000098 	 0.048763 	 0.049695
  296 	 0.001557 	 0.049033 	 0.049695
  297 	 0.001557 	 0.048669 	 0.049695
  298 	 0.001557 	 0.048979 	 0.049695
  299 	 0.000781 	 0.048468 	 0.049695
  300 	 0.000049 	 0.048521 	 0.049695
  301 	 0.006865 	 0.048984 	 0.049695
  302 	 0.000781 	 0.048965 	 0.049695
  303 	 0.000781 	 0.048540 	 0.049695
  304 	 0.009019 	 0.049069 	 0.049695
  305 	 0.009347 	 0.048776 	 0.049695
  306 	 0.000195 	 0.048855 	 0.049695
  307 	 0.006390 	 0.048611 	 0.049695
  308 	 0.006865 	 0.048387 	 0.049695
  309 	 0.006865 	 0.048616 	 0.049695
  310 	 0.000391 	 0.049064 	 0.049695
  311 	 0.006390 	 0.049169 	 0.049695
  312 	 0.000049 	 0.048949 	 0.049695
  313 	 0.000196 	 0.048874 	 0.049695
  314 	 0.011600 	 0.049347 	 0.049695
  315 	 0.000049 	 0.048533 	 0.049695
  316 	 0.000098 	 0.048714 	 0.049695
  317 	 0.000098 	 0.048811 	 0.049695
  318 	 0.000049 	 0.048415 	 0.049695
  319 	 0.000049 	 0.048491 	 0.049695
  320 	 0.000781 	 0.048422 	 0.049695
  321 	 0.017829 	 0.049371 	 0.049695
  322 	 0.003088 	 0.048594 	 0.049695
  323 	 0.000049 	 0.049210 	 0.049695
  324 	 0.013338 	 0.049152 	 0.049695
  325 	 0.000391 	 0.048813 	 0.049695
  326 	 0.000098 	 0.048683 	 0.049695
  327 	 0.017829 	 0.048815 	 0.049695
  328 	 0.000098 	 0.048579 	 0.049695
  329 	 0.000781 	 0.048232 	 0.049695
  330 	 0.001557 	 0.047609 	 0.049695
  331 	 0.000781 	 0.048943 	 0.049695
  332 	 0.011600 	 0.049146 	 0.049695
  333 	 0.001557 	 0.048955 	 0.049695
  334 	 0.017829 	 0.049267 	 0.049695
  335 	 0.000049 	 0.049107 	 0.049695
  336 	 0.000781 	 0.048475 	 0.049695
  337 	 0.000049 	 0.048624 	 0.049695
  338 	 0.000098 	 0.048495 	 0.049695
  339 	 0.000781 	 0.048608 	 0.049695
  340 	 0.000049 	 0.048442 	 0.049695
  341 	 0.003089 	 0.049377 	 0.049695
  342 	 0.000098 	 0.048971 	 0.049695
  343 	 0.030331 	 0.049559 	 0.049695
  344 	 0.000781 	 0.048751 	 0.049695
  345 	 0.000781 	 0.048764 	 0.049695
  346 	 0.001557 	 0.049031 	 0.049695
  347 	 0.000098 	 0.048664 	 0.049695
  348 	 0.000098 	 0.048881 	 0.049695
  349 	 0.000781 	 0.048802 	 0.049695
  350 	 0.000049 	 0.048421 	 0.049695
  351 	 0.001557 	 0.048962 	 0.049695
  352 	 0.000192 	 0.048204 	 0.049695
  353 	 0.001557 	 0.049230 	 0.049695
  354 	 0.000196 	 0.047950 	 0.049695
  355 	 0.000049 	 0.048609 	 0.049695
  356 	 0.011600 	 0.049039 	 0.049695
  357 	 0.000049 	 0.048748 	 0.049695
  358 	 0.009019 	 0.049078 	 0.049695
  359 	 0.000098 	 0.047841 	 0.049695
  360 	 0.000781 	 0.048505 	 0.049695
  361 	 0.000391 	 0.048914 	 0.049695
  362 	 0.000049 	 0.049300 	 0.049695
  363 	 0.000098 	 0.048081 	 0.049695
  364 	 0.000098 	 0.048999 	 0.049695
  365 	 0.006390 	 0.048829 	 0.049695
  366 	 0.000098 	 0.048451 	 0.049695
  367 	 0.000098 	 0.048443 	 0.049695
  368 	 0.000049 	 0.048721 	 0.049695
  369 	 0.000049 	 0.049180 	 0.049695
  370 	 0.000781 	 0.049167 	 0.049695
  371 	 0.000394 	 0.049360 	 0.049695
  372 	 0.006390 	 0.049001 	 0.049695
  373 	 0.000391 	 0.047918 	 0.049695
  374 	 0.009019 	 0.048646 	 0.049695
  375 	 0.000098 	 0.048244 	 0.049695
  376 	 0.000196 	 0.048853 	 0.049695
  377 	 0.000391 	 0.048363 	 0.049695
  378 	 0.001557 	 0.049024 	 0.049695
  379 	 0.039694 	 0.049637 	 0.049695
  380 	 0.000391 	 0.048923 	 0.049695
  381 	 0.001554 	 0.048786 	 0.049695
  382 	 0.000098 	 0.048541 	 0.049695
  383 	 0.000196 	 0.048516 	 0.049695
  384 	 0.000049 	 0.048365 	 0.049695
  385 	 0.000049 	 0.048464 	 0.049695
  386 	 0.000049 	 0.048907 	 0.049695
  387 	 0.000781 	 0.048967 	 0.049695
  388 	 0.000098 	 0.048677 	 0.049695
  389 	 0.017829 	 0.049468 	 0.049695
  390 	 0.011600 	 0.049042 	 0.049695
  391 	 0.000049 	 0.048484 	 0.049695
  392 	 0.000098 	 0.048641 	 0.049695
  393 	 0.000098 	 0.048744 	 0.049695
  394 	 0.000049 	 0.047196 	 0.049695
  395 	 0.000098 	 0.048304 	 0.049695
  396 	 0.000049 	 0.047453 	 0.049695
  397 	 0.000196 	 0.048279 	 0.049695
  398 	 0.016756 	 0.049072 	 0.049695
  399 	 0.027879 	 0.049392 	 0.049695
  400 	 0.000391 	 0.048693 	 0.049695
  401 	 0.000196 	 0.048863 	 0.049695
  402 	 0.000391 	 0.048949 	 0.049695
  403 	 0.003089 	 0.049082 	 0.049695
  404 	 0.000049 	 0.048150 	 0.049695
  405 	 0.009019 	 0.048924 	 0.049695
  406 	 0.000391 	 0.048728 	 0.049695
  407 	 0.000049 	 0.048499 	 0.049695
  408 	 0.000391 	 0.048852 	 0.049695
  409 	 0.000049 	 0.048721 	 0.049695
  410 	 0.000098 	 0.048228 	 0.049695
  411 	 0.000098 	 0.048252 	 0.049695
  412 	 0.006404 	 0.048660 	 0.049695
  413 	 0.006865 	 0.048311 	 0.049695
  414 	 0.038588 	 0.049591 	 0.049695
  415 	 0.000781 	 0.048016 	 0.049695
  416 	 0.000098 	 0.048303 	 0.049695
  417 	 0.001557 	 0.049089 	 0.049695
  418 	 0.001557 	 0.048983 	 0.049695
  419 	 0.000391 	 0.049167 	 0.049695
  420 	 0.000196 	 0.049046 	 0.049695
  421 	 0.000196 	 0.048228 	 0.049695
  422 	 0.006404 	 0.049077 	 0.049695
  423 	 0.006865 	 0.048745 	 0.049695
  424 	 0.013338 	 0.048737 	 0.049695
  425 	 0.006865 	 0.049118 	 0.049695
  426 	 0.000098 	 0.048932 	 0.049695
  427 	 0.000391 	 0.048337 	 0.049695
  428 	 0.000098 	 0.049118 	 0.049695
  429 	 0.000781 	 0.048466 	 0.049695
  430 	 0.009019 	 0.049039 	 0.049695
  431 	 0.006858 	 0.048918 	 0.049695
  432 	 0.003089 	 0.048910 	 0.049695
  433 	 0.000391 	 0.048795 	 0.049695
  434 	 0.001557 	 0.048782 	 0.049695
  435 	 0.000196 	 0.048650 	 0.049695
  436 	 0.000098 	 0.048750 	 0.049695
  437 	 0.011600 	 0.049425 	 0.049695
  438 	 0.000098 	 0.048571 	 0.049695
  439 	 0.000391 	 0.049157 	 0.049695
  440 	 0.000098 	 0.048900 	 0.049695
  441 	 0.000098 	 0.048692 	 0.049695
  442 	 0.000196 	 0.048779 	 0.049695
  443 	 0.000391 	 0.048282 	 0.049695
  444 	 0.009347 	 0.049087 	 0.049695
  445 	 0.000049 	 0.048903 	 0.049695
  446 	 0.009019 	 0.049110 	 0.049695
  447 	 0.000098 	 0.048562 	 0.049695
  448 	 0.006390 	 0.048296 	 0.049695
  449 	 0.000049 	 0.048102 	 0.049695
  450 	 0.000049 	 0.048568 	 0.049695
  451 	 0.009019 	 0.049450 	 0.049695
  452 	 0.017829 	 0.049376 	 0.049695
  453 	 0.011600 	 0.049167 	 0.049695
  454 	 0.000049 	 0.048872 	 0.049695
  455 	 0.006865 	 0.048984 	 0.049695
  456 	 0.000049 	 0.048728 	 0.049695
  457 	 0.000196 	 0.048850 	 0.049695
  458 	 0.000049 	 0.048881 	 0.049695
  459 	 0.000098 	 0.049416 	 0.049695
  460 	 0.001557 	 0.049151 	 0.049695
  461 	 0.000196 	 0.049156 	 0.049695
  462 	 0.016756 	 0.049021 	 0.049695
  463 	 0.006390 	 0.049116 	 0.049695
  464 	 0.000098 	 0.048352 	 0.049695
  465 	 0.003089 	 0.048313 	 0.049695
  466 	 0.000049 	 0.048491 	 0.049695
  467 	 0.000781 	 0.048920 	 0.049695
  468 	 0.006390 	 0.048916 	 0.049695
  469 	 0.000049 	 0.048186 	 0.049695
  470 	 0.000196 	 0.048484 	 0.049695
  471 	 0.001557 	 0.048903 	 0.049695
  472 	 0.000098 	 0.048825 	 0.049695
  473 	 0.003089 	 0.049166 	 0.049695
  474 	 0.000391 	 0.048443 	 0.049695
  475 	 0.000049 	 0.048199 	 0.049695
  476 	 0.003089 	 0.049169 	 0.049695
  477 	 0.000391 	 0.049093 	 0.049695
  478 	 0.000049 	 0.049032 	 0.049695
  479 	 0.000391 	 0.048889 	 0.049695
  480 	 0.003089 	 0.048932 	 0.049695
  481 	 0.000781 	 0.049013 	 0.049695
  482 	 0.000049 	 0.048534 	 0.049695
  483 	 0.000098 	 0.048246 	 0.049695
  484 	 0.000196 	 0.048992 	 0.049695
  485 	 0.000196 	 0.048375 	 0.049695
  486 	 0.000781 	 0.048971 	 0.049695
  487 	 0.003089 	 0.049100 	 0.049695
  488 	 0.000196 	 0.049280 	 0.049695
  489 	 0.003089 	 0.049148 	 0.049695
  490 	 0.000781 	 0.048651 	 0.049695
  491 	 0.000098 	 0.048527 	 0.049695
  492 	 0.009347 	 0.049146 	 0.049695
  493 	 0.006390 	 0.048756 	 0.049695
  494 	 0.030154 	 0.049550 	 0.049695
  495 	 0.006865 	 0.049223 	 0.049695
  496 	 0.000196 	 0.048624 	 0.049695
  497 	 0.003089 	 0.049135 	 0.049695
  498 	 0.006390 	 0.048976 	 0.049695
  499 	 0.000049 	 0.048523 	 0.049695
 