   0 	 0.000049 	 0.000205 	 0.002882
    1 	 0.000098 	 0.000305 	 0.002832
    2 	 0.000058 	 0.000458 	 0.002832
    3 	 0.000133 	 0.000646 	 0.003417
    4 	 0.000102 	 0.000960 	 0.003368
    5 	 0.000050 	 0.001352 	 0.004428
    6 	 0.000095 	 0.001780 	 0.004534
    7 	 0.000212 	 0.002317 	 0.004898
    8 	 0.000050 	 0.002828 	 0.006588
    9 	 0.001721 	 0.003421 	 0.007030
   10 	 0.000097 	 0.004156 	 0.011303
   11 	 0.000096 	 0.004805 	 0.019233
   12 	 0.000050 	 0.005810 	 0.015892
   13 	 0.002299 	 0.006860 	 0.025877
   14 	 0.000097 	 0.008008 	 0.026197
   15 	 0.004095 	 0.009323 	 0.021392
   16 	 0.000195 	 0.010342 	 0.021392
   17 	 0.000098 	 0.011536 	 0.022562
   18 	 0.003701 	 0.012799 	 0.027954
   19 	 0.007196 	 0.014180 	 0.024337
   20 	 0.008192 	 0.016759 	 0.025250
   21 	 0.000049 	 0.017911 	 0.025109
   22 	 0.000049 	 0.020268 	 0.030044
   23 	 0.001618 	 0.021665 	 0.028988
   24 	 0.000098 	 0.022657 	 0.029156
   25 	 0.000791 	 0.023796 	 0.032901
   26 	 0.000392 	 0.024971 	 0.034321
   27 	 0.000049 	 0.025821 	 0.034596
   28 	 0.000049 	 0.026636 	 0.034508
   29 	 0.001559 	 0.027668 	 0.036405
   30 	 0.006277 	 0.028453 	 0.036405
   31 	 0.000375 	 0.029811 	 0.037114
   32 	 0.000196 	 0.031219 	 0.037114
   33 	 0.005602 	 0.032646 	 0.037162
   34 	 0.027740 	 0.034036 	 0.037162
   35 	 0.000196 	 0.034438 	 0.037226
   36 	 0.000783 	 0.034899 	 0.037481
   37 	 0.000393 	 0.035790 	 0.037522
   38 	 0.000049 	 0.034976 	 0.037622
   39 	 0.000049 	 0.036330 	 0.037776
   40 	 0.000196 	 0.036248 	 0.037986
   41 	 0.003140 	 0.036448 	 0.038420
   42 	 0.000098 	 0.036488 	 0.038427
   43 	 0.000785 	 0.036896 	 0.038427
   44 	 0.000098 	 0.036905 	 0.038427
   45 	 0.000196 	 0.037234 	 0.038467
   46 	 0.000049 	 0.037683 	 0.038558
   47 	 0.000392 	 0.037282 	 0.038558
   48 	 0.003171 	 0.037368 	 0.038558
   49 	 0.000098 	 0.037203 	 0.039460
   50 	 0.009976 	 0.038104 	 0.039850
   51 	 0.007222 	 0.037849 	 0.038975
   52 	 0.036422 	 0.038357 	 0.039883
   53 	 0.000784 	 0.037995 	 0.040083
   54 	 0.000196 	 0.037888 	 0.040124
   55 	 0.000098 	 0.037945 	 0.039020
   56 	 0.000098 	 0.037931 	 0.039020
   57 	 0.011600 	 0.038570 	 0.039025
   58 	 0.000049 	 0.038455 	 0.039120
   59 	 0.000785 	 0.038324 	 0.039120
   60 	 0.000196 	 0.038276 	 0.039114
   61 	 0.000098 	 0.038182 	 0.039162
   62 	 0.000392 	 0.038354 	 0.039166
   63 	 0.007218 	 0.038111 	 0.039170
   64 	 0.001566 	 0.038560 	 0.040327
   65 	 0.012019 	 0.038823 	 0.040327
   66 	 0.000196 	 0.038500 	 0.040294
   67 	 0.000785 	 0.038497 	 0.040666
   68 	 0.000392 	 0.038045 	 0.040756
   69 	 0.003142 	 0.039172 	 0.040866
   70 	 0.000098 	 0.038863 	 0.041404
   71 	 0.000782 	 0.039253 	 0.041167
   72 	 0.000626 	 0.039550 	 0.041914
   73 	 0.000098 	 0.040072 	 0.041960
   74 	 0.000049 	 0.040084 	 0.042017
   75 	 0.009152 	 0.040624 	 0.042017
   76 	 0.000098 	 0.040189 	 0.042023
   77 	 0.000196 	 0.040873 	 0.042071
   78 	 0.000783 	 0.041336 	 0.042086
   79 	 0.000098 	 0.040988 	 0.042086
   80 	 0.000784 	 0.040902 	 0.042087
   81 	 0.018136 	 0.041630 	 0.042087
   82 	 0.000392 	 0.041436 	 0.042086
   83 	 0.001565 	 0.040848 	 0.042108
   84 	 0.000392 	 0.040990 	 0.042110
   85 	 0.000392 	 0.041637 	 0.042110
   86 	 0.000049 	 0.041041 	 0.042150
   87 	 0.000196 	 0.040943 	 0.042150
   88 	 0.007153 	 0.041313 	 0.042158
   89 	 0.000049 	 0.041201 	 0.042158
   90 	 0.029852 	 0.041889 	 0.042158
   91 	 0.009873 	 0.041925 	 0.042170
   92 	 0.021511 	 0.041871 	 0.042180
   93 	 0.003126 	 0.041227 	 0.042179
   94 	 0.000098 	 0.041035 	 0.042183
   95 	 0.000098 	 0.041454 	 0.042181
   96 	 0.000049 	 0.041207 	 0.042181
   97 	 0.000098 	 0.041783 	 0.042182
   98 	 0.009213 	 0.041739 	 0.042182
   99 	 0.000049 	 0.041549 	 0.042183
  100 	 0.000784 	 0.041723 	 0.042183
  101 	 0.025051 	 0.041893 	 0.042184
  102 	 0.000784 	 0.041446 	 0.042184
  103 	 0.000049 	 0.040927 	 0.042184
  104 	 0.000049 	 0.041228 	 0.042184
  105 	 0.000784 	 0.041649 	 0.042184
  106 	 0.000098 	 0.041351 	 0.042184
  107 	 0.000392 	 0.041653 	 0.042186
  108 	 0.000098 	 0.041336 	 0.042186
  109 	 0.000049 	 0.041563 	 0.042186
  110 	 0.000784 	 0.041507 	 0.042188
  111 	 0.009201 	 0.041327 	 0.042188
  112 	 0.009204 	 0.041639 	 0.042191
  113 	 0.000098 	 0.041428 	 0.042191
  114 	 0.000196 	 0.041284 	 0.042191
  115 	 0.000392 	 0.041454 	 0.042192
  116 	 0.021616 	 0.042014 	 0.042192
  117 	 0.000098 	 0.041346 	 0.042193
  118 	 0.000098 	 0.041699 	 0.042193
  119 	 0.000392 	 0.040906 	 0.042192
  120 	 0.000196 	 0.041458 	 0.042192
  121 	 0.001567 	 0.041675 	 0.042193
  122 	 0.012041 	 0.041863 	 0.042193
  123 	 0.009935 	 0.041496 	 0.042193
  124 	 0.000784 	 0.041922 	 0.042193
  125 	 0.000196 	 0.041316 	 0.042193
  126 	 0.019478 	 0.042004 	 0.042193
  127 	 0.001567 	 0.041620 	 0.042193
  128 	 0.000784 	 0.041429 	 0.042193
  129 	 0.015826 	 0.041824 	 0.042193
  130 	 0.010216 	 0.041782 	 0.042193
  131 	 0.000392 	 0.041211 	 0.042193
  132 	 0.000392 	 0.041529 	 0.042193
  133 	 0.006199 	 0.041884 	 0.042193
  134 	 0.003128 	 0.041985 	 0.042193
  135 	 0.006850 	 0.041726 	 0.042193
  136 	 0.009218 	 0.041775 	 0.042193
  137 	 0.001567 	 0.041651 	 0.042193
  138 	 0.000049 	 0.041014 	 0.042193
  139 	 0.006199 	 0.041981 	 0.042193
  140 	 0.000784 	 0.041451 	 0.042193
  141 	 0.000392 	 0.041643 	 0.042193
  142 	 0.019467 	 0.041933 	 0.042193
  143 	 0.009218 	 0.041800 	 0.042193
  144 	 0.006199 	 0.041335 	 0.042193
  145 	 0.000196 	 0.041366 	 0.042193
  146 	 0.000098 	 0.041420 	 0.042193
  147 	 0.014367 	 0.041799 	 0.042193
  148 	 0.009218 	 0.041598 	 0.042193
  149 	 0.001567 	 0.041707 	 0.042193
  150 	 0.000196 	 0.041331 	 0.042193
  151 	 0.007154 	 0.041703 	 0.042193
  152 	 0.000098 	 0.041227 	 0.042193
  153 	 0.000196 	 0.041138 	 0.042193
  154 	 0.000784 	 0.041486 	 0.042193
  155 	 0.001567 	 0.041549 	 0.042193
  156 	 0.000196 	 0.041576 	 0.042193
  157 	 0.000196 	 0.041286 	 0.042193
  158 	 0.000098 	 0.041292 	 0.042193
  159 	 0.001567 	 0.041291 	 0.042193
  160 	 0.028013 	 0.041911 	 0.042193
  161 	 0.000196 	 0.041608 	 0.042193
  162 	 0.000196 	 0.041905 	 0.042193
  163 	 0.009216 	 0.041865 	 0.042193
  164 	 0.000098 	 0.041834 	 0.042193
  165 	 0.000392 	 0.041642 	 0.042193
  166 	 0.000196 	 0.041564 	 0.042193
  167 	 0.001567 	 0.041774 	 0.042193
  168 	 0.000049 	 0.041338 	 0.042193
  169 	 0.000049 	 0.041077 	 0.042193
  170 	 0.001567 	 0.041036 	 0.042193
  171 	 0.000784 	 0.041457 	 0.042193
  172 	 0.006200 	 0.041642 	 0.042193
  173 	 0.000392 	 0.041576 	 0.042193
  174 	 0.000049 	 0.041283 	 0.042193
  175 	 0.003128 	 0.041706 	 0.042193
  176 	 0.000196 	 0.041413 	 0.042193
  177 	 0.000098 	 0.041479 	 0.042193
  178 	 0.000196 	 0.041490 	 0.042193
  179 	 0.000392 	 0.040992 	 0.042193
  180 	 0.000049 	 0.041440 	 0.042193
  181 	 0.006200 	 0.041709 	 0.042193
  182 	 0.003128 	 0.041298 	 0.042193
  183 	 0.001567 	 0.041507 	 0.042193
  184 	 0.007153 	 0.041369 	 0.042193
  185 	 0.000196 	 0.041438 	 0.042193
  186 	 0.000098 	 0.040984 	 0.042193
  187 	 0.000196 	 0.041299 	 0.042193
  188 	 0.003128 	 0.041693 	 0.042193
  189 	 0.000784 	 0.041184 	 0.042193
  190 	 0.000196 	 0.041207 	 0.042193
  191 	 0.000049 	 0.041581 	 0.042193
  192 	 0.000392 	 0.041514 	 0.042193
  193 	 0.001567 	 0.041433 	 0.042193
  194 	 0.003128 	 0.041446 	 0.042193
  195 	 0.001567 	 0.041276 	 0.042193
  196 	 0.000049 	 0.041606 	 0.042193
  197 	 0.020707 	 0.041897 	 0.042193
  198 	 0.000049 	 0.040922 	 0.042193
  199 	 0.006200 	 0.041599 	 0.042193
  200 	 0.007153 	 0.041697 	 0.042193
  201 	 0.006200 	 0.041537 	 0.042193
  202 	 0.003128 	 0.041422 	 0.042193
  203 	 0.007153 	 0.041929 	 0.042193
  204 	 0.000196 	 0.041249 	 0.042193
  205 	 0.000098 	 0.041408 	 0.042193
  206 	 0.000049 	 0.041332 	 0.042193
  207 	 0.007153 	 0.041423 	 0.042193
  208 	 0.001567 	 0.041451 	 0.042193
  209 	 0.009888 	 0.041809 	 0.042193
  210 	 0.025210 	 0.041885 	 0.042193
  211 	 0.003031 	 0.041659 	 0.042193
  212 	 0.000098 	 0.041411 	 0.042193
  213 	 0.000049 	 0.041432 	 0.042193
  214 	 0.012036 	 0.041697 	 0.042193
  215 	 0.000196 	 0.041207 	 0.042193
  216 	 0.000392 	 0.040935 	 0.042193
  217 	 0.000392 	 0.041336 	 0.042193
  218 	 0.009888 	 0.041831 	 0.042193
  219 	 0.000392 	 0.041407 	 0.042193
  220 	 0.009216 	 0.041663 	 0.042193
  221 	 0.012036 	 0.041819 	 0.042193
  222 	 0.000098 	 0.041744 	 0.042193
  223 	 0.003128 	 0.041663 	 0.042193
  224 	 0.000049 	 0.041224 	 0.042193
  225 	 0.000196 	 0.041570 	 0.042193
  226 	 0.001567 	 0.041590 	 0.042193
  227 	 0.000196 	 0.041178 	 0.042193
  228 	 0.033100 	 0.042081 	 0.042193
  229 	 0.000098 	 0.041255 	 0.042193
  230 	 0.001567 	 0.041263 	 0.042193
  231 	 0.000392 	 0.041486 	 0.042193
  232 	 0.000049 	 0.041207 	 0.042193
  233 	 0.036666 	 0.042084 	 0.042193
  234 	 0.006200 	 0.041456 	 0.042193
  235 	 0.000098 	 0.041040 	 0.042193
  236 	 0.006200 	 0.040970 	 0.042193
  237 	 0.001567 	 0.041393 	 0.042193
  238 	 0.000098 	 0.040902 	 0.042193
  239 	 0.000098 	 0.041585 	 0.042193
  240 	 0.003128 	 0.041768 	 0.042193
  241 	 0.000392 	 0.041406 	 0.042193
  242 	 0.000098 	 0.041078 	 0.042193
  243 	 0.017200 	 0.041800 	 0.042193
  244 	 0.009888 	 0.041872 	 0.042193
  245 	 0.000049 	 0.040485 	 0.042193
  246 	 0.000098 	 0.041193 	 0.042193
  247 	 0.003128 	 0.041573 	 0.042193
  248 	 0.000196 	 0.041867 	 0.042193
  249 	 0.009216 	 0.041634 	 0.042193
  250 	 0.000049 	 0.040793 	 0.042193
  251 	 0.000392 	 0.040942 	 0.042193
  252 	 0.000784 	 0.041711 	 0.042193
  253 	 0.009216 	 0.041909 	 0.042193
  254 	 0.000392 	 0.041454 	 0.042193
  255 	 0.000098 	 0.040878 	 0.042193
  256 	 0.000196 	 0.041483 	 0.042193
  257 	 0.000049 	 0.041405 	 0.042193
  258 	 0.017200 	 0.041772 	 0.042193
  259 	 0.006200 	 0.041654 	 0.042193
  260 	 0.019460 	 0.041654 	 0.042193
  261 	 0.015456 	 0.041967 	 0.042193
  262 	 0.000196 	 0.041565 	 0.042193
  263 	 0.000384 	 0.041324 	 0.042193
  264 	 0.000049 	 0.041394 	 0.042193
  265 	 0.000196 	 0.041412 	 0.042193
  266 	 0.001567 	 0.041448 	 0.042193
  267 	 0.000049 	 0.041077 	 0.042193
  268 	 0.000784 	 0.041328 	 0.042193
  269 	 0.000196 	 0.041606 	 0.042193
  270 	 0.003128 	 0.041727 	 0.042193
  271 	 0.000784 	 0.041646 	 0.042193
  272 	 0.000098 	 0.041491 	 0.042193
  273 	 0.000196 	 0.041293 	 0.042193
  274 	 0.000098 	 0.041723 	 0.042193
  275 	 0.000392 	 0.041478 	 0.042193
  276 	 0.012036 	 0.041941 	 0.042193
  277 	 0.000049 	 0.040471 	 0.042193
  278 	 0.000392 	 0.041652 	 0.042193
  279 	 0.007155 	 0.041403 	 0.042193
  280 	 0.000098 	 0.041263 	 0.042193
  281 	 0.007153 	 0.041686 	 0.042193
  282 	 0.000784 	 0.041456 	 0.042193
  283 	 0.000196 	 0.040982 	 0.042193
  284 	 0.009888 	 0.041766 	 0.042193
  285 	 0.009888 	 0.041600 	 0.042193
  286 	 0.021599 	 0.041973 	 0.042193
  287 	 0.000049 	 0.041049 	 0.042193
  288 	 0.000049 	 0.041316 	 0.042193
  289 	 0.000196 	 0.041397 	 0.042193
  290 	 0.012036 	 0.041927 	 0.042193
  291 	 0.000049 	 0.041125 	 0.042193
  292 	 0.000049 	 0.041311 	 0.042193
  293 	 0.000049 	 0.041518 	 0.042193
  294 	 0.006200 	 0.040970 	 0.042193
  295 	 0.014367 	 0.041878 	 0.042193
  296 	 0.020734 	 0.041802 	 0.042193
  297 	 0.000049 	 0.041018 	 0.042193
  298 	 0.012036 	 0.041673 	 0.042193
  299 	 0.000784 	 0.041363 	 0.042193
  300 	 0.007153 	 0.041391 	 0.042193
  301 	 0.000049 	 0.040956 	 0.042193
  302 	 0.000098 	 0.041532 	 0.042193
  303 	 0.000098 	 0.041866 	 0.042193
  304 	 0.000196 	 0.041218 	 0.042193
  305 	 0.001567 	 0.041417 	 0.042193
  306 	 0.001567 	 0.041562 	 0.042193
  307 	 0.000098 	 0.041692 	 0.042193
  308 	 0.000049 	 0.041509 	 0.042193
  309 	 0.000196 	 0.041323 	 0.042193
  310 	 0.000196 	 0.040970 	 0.042193
  311 	 0.003128 	 0.041249 	 0.042193
  312 	 0.000196 	 0.041469 	 0.042193
  313 	 0.006200 	 0.041292 	 0.042193
  314 	 0.000049 	 0.041187 	 0.042193
  315 	 0.000098 	 0.041807 	 0.042193
  316 	 0.009216 	 0.042008 	 0.042193
  317 	 0.019460 	 0.041823 	 0.042193
  318 	 0.000196 	 0.041691 	 0.042193
  319 	 0.000784 	 0.041061 	 0.042193
  320 	 0.000784 	 0.041024 	 0.042193
  321 	 0.000784 	 0.041071 	 0.042193
  322 	 0.000098 	 0.041076 	 0.042193
  323 	 0.000196 	 0.041219 	 0.042193
  324 	 0.000196 	 0.041069 	 0.042193
  325 	 0.000392 	 0.041446 	 0.042193
  326 	 0.000392 	 0.041899 	 0.042193
  327 	 0.000049 	 0.041193 	 0.042193
  328 	 0.000392 	 0.040594 	 0.042193
  329 	 0.000098 	 0.041308 	 0.042193
  330 	 0.000784 	 0.041797 	 0.042193
  331 	 0.009216 	 0.041941 	 0.042193
  332 	 0.007153 	 0.041323 	 0.042193
  333 	 0.000392 	 0.041353 	 0.042193
  334 	 0.015957 	 0.041961 	 0.042193
  335 	 0.000796 	 0.041677 	 0.042193
  336 	 0.000098 	 0.041523 	 0.042193
  337 	 0.000392 	 0.041808 	 0.042193
  338 	 0.000196 	 0.041010 	 0.042193
  339 	 0.007153 	 0.041657 	 0.042193
  340 	 0.000098 	 0.041529 	 0.042193
  341 	 0.009216 	 0.041567 	 0.042193
  342 	 0.000196 	 0.041586 	 0.042193
  343 	 0.000784 	 0.041488 	 0.042193
  344 	 0.001567 	 0.041256 	 0.042193
  345 	 0.003128 	 0.041690 	 0.042193
  346 	 0.007153 	 0.041771 	 0.042193
  347 	 0.000392 	 0.041051 	 0.042193
  348 	 0.006200 	 0.041443 	 0.042193
  349 	 0.000049 	 0.041420 	 0.042193
  350 	 0.007153 	 0.041569 	 0.042193
  351 	 0.000098 	 0.041714 	 0.042193
  352 	 0.000196 	 0.041442 	 0.042193
  353 	 0.000098 	 0.041577 	 0.042193
  354 	 0.014367 	 0.042029 	 0.042193
  355 	 0.000784 	 0.041704 	 0.042193
  356 	 0.012036 	 0.041856 	 0.042193
  357 	 0.000098 	 0.041265 	 0.042193
  358 	 0.000392 	 0.041500 	 0.042193
  359 	 0.006200 	 0.041295 	 0.042193
  360 	 0.000049 	 0.041688 	 0.042193
  361 	 0.000049 	 0.041054 	 0.042193
  362 	 0.012036 	 0.041704 	 0.042193
  363 	 0.006200 	 0.041465 	 0.042193
  364 	 0.000392 	 0.041384 	 0.042193
  365 	 0.000098 	 0.041280 	 0.042193
  366 	 0.000049 	 0.041516 	 0.042193
  367 	 0.001567 	 0.041587 	 0.042193
  368 	 0.000098 	 0.041290 	 0.042193
  369 	 0.001567 	 0.041892 	 0.042193
  370 	 0.000098 	 0.041609 	 0.042193
  371 	 0.000196 	 0.041584 	 0.042193
  372 	 0.000098 	 0.041202 	 0.042193
  373 	 0.000098 	 0.041105 	 0.042193
  374 	 0.006200 	 0.041617 	 0.042193
  375 	 0.000098 	 0.041576 	 0.042193
  376 	 0.000392 	 0.040995 	 0.042193
  377 	 0.009888 	 0.041691 	 0.042193
  378 	 0.029901 	 0.042043 	 0.042193
  379 	 0.000098 	 0.040935 	 0.042193
  380 	 0.000196 	 0.041181 	 0.042193
  381 	 0.000784 	 0.041085 	 0.042193
  382 	 0.000098 	 0.041244 	 0.042193
  383 	 0.000049 	 0.041124 	 0.042193
  384 	 0.000049 	 0.041288 	 0.042193
  385 	 0.001567 	 0.041233 	 0.042193
  386 	 0.000049 	 0.041325 	 0.042193
  387 	 0.000098 	 0.041539 	 0.042193
  388 	 0.000098 	 0.041192 	 0.042193
  389 	 0.000049 	 0.041312 	 0.042193
  390 	 0.000098 	 0.041136 	 0.042193
  391 	 0.000196 	 0.041342 	 0.042193
  392 	 0.000392 	 0.041809 	 0.042193
  393 	 0.000392 	 0.041017 	 0.042193
  394 	 0.000196 	 0.041564 	 0.042193
  395 	 0.000049 	 0.041193 	 0.042193
  396 	 0.009888 	 0.041653 	 0.042193
  397 	 0.007153 	 0.041512 	 0.042193
  398 	 0.009888 	 0.041682 	 0.042193
  399 	 0.000392 	 0.041451 	 0.042193
  400 	 0.009216 	 0.041443 	 0.042193
  401 	 0.000392 	 0.041329 	 0.042193
  402 	 0.000098 	 0.040813 	 0.042193
  403 	 0.033287 	 0.042061 	 0.042193
  404 	 0.000098 	 0.041325 	 0.042193
  405 	 0.019460 	 0.041959 	 0.042193
  406 	 0.001567 	 0.041149 	 0.042193
  407 	 0.000784 	 0.040931 	 0.042193
  408 	 0.000049 	 0.040859 	 0.042193
  409 	 0.000392 	 0.041736 	 0.042193
  410 	 0.003128 	 0.040981 	 0.042193
  411 	 0.007153 	 0.041524 	 0.042193
  412 	 0.000784 	 0.041530 	 0.042193
  413 	 0.000196 	 0.041698 	 0.042193
  414 	 0.000049 	 0.041031 	 0.042193
  415 	 0.000049 	 0.041556 	 0.042193
  416 	 0.001567 	 0.041068 	 0.042193
  417 	 0.000196 	 0.041519 	 0.042193
  418 	 0.000392 	 0.041438 	 0.042193
  419 	 0.012036 	 0.041740 	 0.042193
  420 	 0.000196 	 0.041055 	 0.042193
  421 	 0.000196 	 0.041053 	 0.042193
  422 	 0.000098 	 0.041494 	 0.042193
  423 	 0.000098 	 0.040788 	 0.042193
  424 	 0.000784 	 0.041611 	 0.042193
  425 	 0.000196 	 0.041630 	 0.042193
  426 	 0.019460 	 0.041774 	 0.042193
  427 	 0.000392 	 0.040914 	 0.042193
  428 	 0.000098 	 0.041398 	 0.042193
  429 	 0.000098 	 0.040927 	 0.042193
  430 	 0.000049 	 0.041324 	 0.042193
  431 	 0.000194 	 0.041140 	 0.042193
  432 	 0.014367 	 0.041483 	 0.042193
  433 	 0.000049 	 0.041073 	 0.042193
  434 	 0.009888 	 0.041631 	 0.042193
  435 	 0.001567 	 0.041412 	 0.042193
  436 	 0.000098 	 0.041563 	 0.042193
  437 	 0.000049 	 0.040870 	 0.042193
  438 	 0.000049 	 0.041005 	 0.042193
  439 	 0.000049 	 0.040928 	 0.042193
  440 	 0.003128 	 0.041697 	 0.042193
  441 	 0.001567 	 0.041290 	 0.042193
  442 	 0.000196 	 0.041753 	 0.042193
  443 	 0.000049 	 0.041411 	 0.042193
  444 	 0.000196 	 0.041013 	 0.042193
  445 	 0.029901 	 0.042009 	 0.042193
  446 	 0.015831 	 0.041980 	 0.042193
  447 	 0.033287 	 0.042065 	 0.042193
  448 	 0.000392 	 0.041584 	 0.042193
  449 	 0.001567 	 0.041545 	 0.042193
  450 	 0.001567 	 0.041821 	 0.042193
  451 	 0.000098 	 0.041469 	 0.042193
  452 	 0.003128 	 0.041758 	 0.042193
  453 	 0.000196 	 0.040619 	 0.042193
  454 	 0.000098 	 0.041636 	 0.042193
  455 	 0.000392 	 0.041098 	 0.042193
  456 	 0.000049 	 0.040911 	 0.042193
  457 	 0.000196 	 0.041328 	 0.042193
  458 	 0.015831 	 0.041785 	 0.042193
  459 	 0.012036 	 0.041151 	 0.042193
  460 	 0.000196 	 0.041189 	 0.042193
  461 	 0.003128 	 0.041678 	 0.042193
  462 	 0.000049 	 0.041213 	 0.042193
  463 	 0.000392 	 0.041637 	 0.042193
  464 	 0.000049 	 0.041127 	 0.042193
  465 	 0.009216 	 0.041738 	 0.042193
  466 	 0.000049 	 0.041308 	 0.042193
  467 	 0.006200 	 0.041157 	 0.042193
  468 	 0.000784 	 0.041558 	 0.042193
  469 	 0.007153 	 0.041533 	 0.042193
  470 	 0.029901 	 0.041881 	 0.042193
  471 	 0.007153 	 0.041823 	 0.042193
  472 	 0.000049 	 0.041266 	 0.042193
  473 	 0.000392 	 0.041753 	 0.042193
  474 	 0.000196 	 0.040895 	 0.042193
  475 	 0.000049 	 0.041307 	 0.042193
  476 	 0.000196 	 0.041053 	 0.042193
  477 	 0.000049 	 0.041162 	 0.042193
  478 	 0.000098 	 0.040892 	 0.042193
  479 	 0.000098 	 0.041168 	 0.042193
  480 	 0.000049 	 0.040966 	 0.042193
  481 	 0.001567 	 0.041086 	 0.042193
  482 	 0.000784 	 0.041219 	 0.042193
  483 	 0.000098 	 0.040867 	 0.042193
  484 	 0.000049 	 0.041141 	 0.042193
  485 	 0.000049 	 0.041307 	 0.042193
  486 	 0.000392 	 0.041321 	 0.042193
  487 	 0.000049 	 0.041324 	 0.042193
  488 	 0.000098 	 0.041210 	 0.042193
  489 	 0.009888 	 0.042010 	 0.042193
  490 	 0.003128 	 0.041277 	 0.042193
  491 	 0.009888 	 0.041888 	 0.042193
  492 	 0.000049 	 0.040769 	 0.042193
  493 	 0.000049 	 0.041411 	 0.042193
  494 	 0.000098 	 0.041484 	 0.042193
  495 	 0.000784 	 0.041666 	 0.042193
  496 	 0.000049 	 0.041203 	 0.042193
  497 	 0.003128 	 0.041598 	 0.042193
  498 	 0.001567 	 0.041711 	 0.042193
  499 	 0.000196 	 0.041316 	 0.042193
 