   0 	 0.000049 	 0.000270 	 0.008651
    1 	 0.000062 	 0.000399 	 0.004424
    2 	 0.000195 	 0.000888 	 0.022233
    3 	 0.000050 	 0.001484 	 0.034625
    4 	 0.000099 	 0.002232 	 0.021910
    5 	 0.000926 	 0.004219 	 0.021627
    6 	 0.000098 	 0.006991 	 0.031139
    7 	 0.000196 	 0.010898 	 0.044320
    8 	 0.000097 	 0.014815 	 0.047344
    9 	 0.002861 	 0.018844 	 0.047344
   10 	 0.005967 	 0.022006 	 0.040030
   11 	 0.000200 	 0.025082 	 0.044161
   12 	 0.000099 	 0.025875 	 0.053266
   13 	 0.000049 	 0.028462 	 0.063853
   14 	 0.000049 	 0.030324 	 0.061963
   15 	 0.000098 	 0.033282 	 0.064785
   16 	 0.000388 	 0.035636 	 0.065124
   17 	 0.000049 	 0.037564 	 0.065124
   18 	 0.005583 	 0.040581 	 0.065337
   19 	 0.000049 	 0.042326 	 0.065337
   20 	 0.000196 	 0.045353 	 0.065021
   21 	 0.006202 	 0.048942 	 0.064693
   22 	 0.000098 	 0.050974 	 0.063510
   23 	 0.000049 	 0.053850 	 0.063840
   24 	 0.000196 	 0.053751 	 0.064281
   25 	 0.000392 	 0.055753 	 0.066510
   26 	 0.000098 	 0.057549 	 0.066800
   27 	 0.000784 	 0.059371 	 0.066941
   28 	 0.000049 	 0.060310 	 0.066435
   29 	 0.003121 	 0.061960 	 0.066791
   30 	 0.006441 	 0.061996 	 0.066807
   31 	 0.012972 	 0.063414 	 0.067713
   32 	 0.006231 	 0.063236 	 0.066916
   33 	 0.000098 	 0.064372 	 0.067534
   34 	 0.036852 	 0.064935 	 0.067539
   35 	 0.001561 	 0.064097 	 0.067721
   36 	 0.000049 	 0.065123 	 0.067851
   37 	 0.000196 	 0.065613 	 0.067970
   38 	 0.000392 	 0.066425 	 0.068094
   39 	 0.003123 	 0.066137 	 0.068042
   40 	 0.000783 	 0.066582 	 0.068188
   41 	 0.000098 	 0.066160 	 0.068213
   42 	 0.006889 	 0.067053 	 0.068268
   43 	 0.000098 	 0.067282 	 0.068268
   44 	 0.041880 	 0.067788 	 0.068403
   45 	 0.000049 	 0.065959 	 0.068736
   46 	 0.000049 	 0.065742 	 0.068750
   47 	 0.001721 	 0.067301 	 0.068754
   48 	 0.006225 	 0.067179 	 0.068765
   49 	 0.000783 	 0.066547 	 0.068855
   50 	 0.006231 	 0.067527 	 0.068873
   51 	 0.000098 	 0.065195 	 0.068855
   52 	 0.000196 	 0.066955 	 0.069053
   53 	 0.000049 	 0.067215 	 0.068987
   54 	 0.000391 	 0.066102 	 0.069079
   55 	 0.006783 	 0.067495 	 0.069084
   56 	 0.000049 	 0.067355 	 0.069710
   57 	 0.003104 	 0.067927 	 0.069096
   58 	 0.000392 	 0.067090 	 0.069235
   59 	 0.003107 	 0.067878 	 0.069236
   60 	 0.000098 	 0.067503 	 0.069286
   61 	 0.006812 	 0.068542 	 0.069450
   62 	 0.000196 	 0.067664 	 0.069450
   63 	 0.000049 	 0.066669 	 0.069434
   64 	 0.000783 	 0.067545 	 0.069527
   65 	 0.000783 	 0.068071 	 0.069527
   66 	 0.000783 	 0.068005 	 0.069528
   67 	 0.000392 	 0.068886 	 0.069546
   68 	 0.000049 	 0.067219 	 0.069571
   69 	 0.001563 	 0.067501 	 0.069622
   70 	 0.000049 	 0.068482 	 0.069622
   71 	 0.000783 	 0.066615 	 0.069633
   72 	 0.000783 	 0.067921 	 0.069636
   73 	 0.033322 	 0.068710 	 0.069640
   74 	 0.000196 	 0.068487 	 0.069665
   75 	 0.001565 	 0.068145 	 0.069666
   76 	 0.003121 	 0.067552 	 0.069665
   77 	 0.009433 	 0.067628 	 0.069671
   78 	 0.009420 	 0.068510 	 0.069685
   79 	 0.000049 	 0.068190 	 0.069686
   80 	 0.003118 	 0.068662 	 0.069688
   81 	 0.000049 	 0.067092 	 0.069688
   82 	 0.006840 	 0.068399 	 0.069689
   83 	 0.006177 	 0.068842 	 0.069690
   84 	 0.003115 	 0.067516 	 0.069689
   85 	 0.000783 	 0.068496 	 0.069691
   86 	 0.000098 	 0.068329 	 0.069691
   87 	 0.000098 	 0.066901 	 0.069691
   88 	 0.006184 	 0.068530 	 0.069692
   89 	 0.000098 	 0.068243 	 0.069691
   90 	 0.000392 	 0.068622 	 0.069694
   91 	 0.006182 	 0.068690 	 0.069699
   92 	 0.000392 	 0.067772 	 0.069701
   93 	 0.000098 	 0.067652 	 0.069702
   94 	 0.000392 	 0.067953 	 0.069702
   95 	 0.000049 	 0.066647 	 0.069703
   96 	 0.000049 	 0.068422 	 0.069704
   97 	 0.000392 	 0.067631 	 0.069706
   98 	 0.000196 	 0.068202 	 0.069709
   99 	 0.000098 	 0.068103 	 0.069710
  100 	 0.000049 	 0.067872 	 0.069712
  101 	 0.018312 	 0.069340 	 0.069712
  102 	 0.000098 	 0.067734 	 0.069720
  103 	 0.003115 	 0.068594 	 0.069717
  104 	 0.009386 	 0.068474 	 0.069717
  105 	 0.000377 	 0.067808 	 0.069720
  106 	 0.000098 	 0.068202 	 0.069721
  107 	 0.000098 	 0.068826 	 0.069721
  108 	 0.000392 	 0.067427 	 0.069721
  109 	 0.006830 	 0.069190 	 0.069721
  110 	 0.000783 	 0.068250 	 0.069721
  111 	 0.001563 	 0.068387 	 0.069721
  112 	 0.003115 	 0.068698 	 0.069722
  113 	 0.012618 	 0.068023 	 0.069721
  114 	 0.000196 	 0.068558 	 0.069721
  115 	 0.003116 	 0.068200 	 0.069722
  116 	 0.003115 	 0.068579 	 0.069722
  117 	 0.000098 	 0.068253 	 0.069722
  118 	 0.000098 	 0.067551 	 0.069722
  119 	 0.006178 	 0.068096 	 0.069722
  120 	 0.006178 	 0.068209 	 0.069722
  121 	 0.000196 	 0.067119 	 0.069722
  122 	 0.000196 	 0.068428 	 0.069722
  123 	 0.003115 	 0.068312 	 0.069722
  124 	 0.000196 	 0.068100 	 0.069722
  125 	 0.009391 	 0.068849 	 0.069722
  126 	 0.000098 	 0.067461 	 0.069722
  127 	 0.000196 	 0.067128 	 0.071106
  128 	 0.001563 	 0.067923 	 0.071106
  129 	 0.006830 	 0.068851 	 0.071106
  130 	 0.018386 	 0.068789 	 0.071106
  131 	 0.000196 	 0.068443 	 0.071106
  132 	 0.000098 	 0.068048 	 0.071362
  133 	 0.003115 	 0.067877 	 0.071362
  134 	 0.012241 	 0.069651 	 0.071362
  135 	 0.000392 	 0.069501 	 0.071365
  136 	 0.000049 	 0.069961 	 0.071365
  137 	 0.000049 	 0.069167 	 0.071362
  138 	 0.000049 	 0.068469 	 0.071362
  139 	 0.000392 	 0.069986 	 0.071362
  140 	 0.000049 	 0.069062 	 0.071362
  141 	 0.003131 	 0.070053 	 0.071362
  142 	 0.000196 	 0.069641 	 0.071362
  143 	 0.009527 	 0.070099 	 0.071362
  144 	 0.000196 	 0.070451 	 0.071362
  145 	 0.000098 	 0.069874 	 0.071365
  146 	 0.000784 	 0.070311 	 0.071365
  147 	 0.000196 	 0.069675 	 0.071376
  148 	 0.000392 	 0.069900 	 0.071379
  149 	 0.009473 	 0.070180 	 0.071379
  150 	 0.000049 	 0.069293 	 0.071379
  151 	 0.000098 	 0.069985 	 0.071422
  152 	 0.006913 	 0.070422 	 0.071422
  153 	 0.003128 	 0.069021 	 0.071430
  154 	 0.006922 	 0.069755 	 0.071430
  155 	 0.000392 	 0.070107 	 0.071430
  156 	 0.000196 	 0.070182 	 0.071432
  157 	 0.000196 	 0.069717 	 0.071432
  158 	 0.000784 	 0.069631 	 0.071434
  159 	 0.000049 	 0.069137 	 0.071442
  160 	 0.000049 	 0.070018 	 0.071442
  161 	 0.003132 	 0.069026 	 0.071442
  162 	 0.000784 	 0.070839 	 0.071442
  163 	 0.000098 	 0.070317 	 0.071442
  164 	 0.003131 	 0.069948 	 0.071442
  165 	 0.007123 	 0.069413 	 0.071442
  166 	 0.035298 	 0.071074 	 0.071442
  167 	 0.033616 	 0.070986 	 0.071442
  168 	 0.001567 	 0.068811 	 0.071442
  169 	 0.003131 	 0.069516 	 0.071442
  170 	 0.000049 	 0.070233 	 0.071442
  171 	 0.000196 	 0.069805 	 0.071442
  172 	 0.000392 	 0.069547 	 0.071442
  173 	 0.000098 	 0.069661 	 0.071442
  174 	 0.000098 	 0.070015 	 0.071442
  175 	 0.000049 	 0.068146 	 0.071442
  176 	 0.000392 	 0.070546 	 0.071442
  177 	 0.009445 	 0.070408 	 0.071442
  178 	 0.000049 	 0.069404 	 0.071442
  179 	 0.001567 	 0.070060 	 0.071442
  180 	 0.009445 	 0.071051 	 0.071442
  181 	 0.023754 	 0.070723 	 0.071442
  182 	 0.001567 	 0.069312 	 0.071442
  183 	 0.000098 	 0.069541 	 0.071442
  184 	 0.000392 	 0.069022 	 0.071442
  185 	 0.013578 	 0.070129 	 0.071442
  186 	 0.000098 	 0.069258 	 0.071442
  187 	 0.001567 	 0.070385 	 0.071442
  188 	 0.000098 	 0.069442 	 0.071442
  189 	 0.000098 	 0.070149 	 0.071442
  190 	 0.000784 	 0.069804 	 0.071442
  191 	 0.003131 	 0.070680 	 0.071442
  192 	 0.000049 	 0.069696 	 0.071442
  193 	 0.008899 	 0.068950 	 0.071442
  194 	 0.000784 	 0.069894 	 0.071442
  195 	 0.018544 	 0.070768 	 0.071442
  196 	 0.000049 	 0.069588 	 0.071442
  197 	 0.000098 	 0.069710 	 0.071442
  198 	 0.006906 	 0.069841 	 0.071442
  199 	 0.000049 	 0.069911 	 0.071442
  200 	 0.006241 	 0.070491 	 0.071442
  201 	 0.000784 	 0.069611 	 0.071442
  202 	 0.000098 	 0.070143 	 0.071442
  203 	 0.001567 	 0.070210 	 0.071442
  204 	 0.000392 	 0.069528 	 0.071442
  205 	 0.000196 	 0.069684 	 0.071442
  206 	 0.000784 	 0.069415 	 0.071442
  207 	 0.000392 	 0.070657 	 0.071442
  208 	 0.006241 	 0.069545 	 0.071442
  209 	 0.000098 	 0.069821 	 0.071442
  210 	 0.018772 	 0.070613 	 0.071442
  211 	 0.009445 	 0.071014 	 0.071442
  212 	 0.012506 	 0.069683 	 0.071442
  213 	 0.000784 	 0.070896 	 0.071442
  214 	 0.033616 	 0.071037 	 0.071442
  215 	 0.037812 	 0.070975 	 0.071442
  216 	 0.000196 	 0.069473 	 0.071442
  217 	 0.013566 	 0.070629 	 0.071442
  218 	 0.033616 	 0.070947 	 0.071442
  219 	 0.000196 	 0.069607 	 0.071442
  220 	 0.006241 	 0.071053 	 0.071442
  221 	 0.000049 	 0.070180 	 0.071442
  222 	 0.000049 	 0.070414 	 0.071442
  223 	 0.000784 	 0.070866 	 0.071442
  224 	 0.003132 	 0.070171 	 0.071442
  225 	 0.033616 	 0.070950 	 0.071442
  226 	 0.025709 	 0.070944 	 0.071442
  227 	 0.000049 	 0.070216 	 0.071442
  228 	 0.000392 	 0.070035 	 0.071442
  229 	 0.000783 	 0.069170 	 0.071442
  230 	 0.000392 	 0.069564 	 0.071442
  231 	 0.000784 	 0.069681 	 0.071442
  232 	 0.006954 	 0.069874 	 0.071442
  233 	 0.000049 	 0.070036 	 0.071442
  234 	 0.000384 	 0.068942 	 0.071442
  235 	 0.012380 	 0.070407 	 0.071442
  236 	 0.000784 	 0.070770 	 0.071442
  237 	 0.000098 	 0.068832 	 0.071442
  238 	 0.000049 	 0.069511 	 0.071442
  239 	 0.000098 	 0.069176 	 0.071442
  240 	 0.012380 	 0.070499 	 0.071442
  241 	 0.000784 	 0.069329 	 0.071442
  242 	 0.000392 	 0.069307 	 0.071442
  243 	 0.000196 	 0.070237 	 0.071442
  244 	 0.000049 	 0.070197 	 0.071442
  245 	 0.012380 	 0.069999 	 0.071442
  246 	 0.000782 	 0.069866 	 0.071442
  247 	 0.012380 	 0.070570 	 0.071442
  248 	 0.006906 	 0.070458 	 0.071442
  249 	 0.001567 	 0.070456 	 0.071442
  250 	 0.000049 	 0.070046 	 0.071442
  251 	 0.000392 	 0.069899 	 0.071442
  252 	 0.000098 	 0.070276 	 0.071442
  253 	 0.000784 	 0.070165 	 0.071442
  254 	 0.006241 	 0.069858 	 0.071442
  255 	 0.000784 	 0.070153 	 0.071442
  256 	 0.006906 	 0.069798 	 0.071442
  257 	 0.013566 	 0.070831 	 0.071442
  258 	 0.013566 	 0.070990 	 0.071442
  259 	 0.009445 	 0.070018 	 0.071442
  260 	 0.000196 	 0.070487 	 0.071442
  261 	 0.036971 	 0.071071 	 0.071442
  262 	 0.000196 	 0.070014 	 0.071442
  263 	 0.000392 	 0.069249 	 0.071442
  264 	 0.001567 	 0.069685 	 0.071442
  265 	 0.000196 	 0.069682 	 0.071442
  266 	 0.000098 	 0.070084 	 0.071442
  267 	 0.000196 	 0.069038 	 0.071442
  268 	 0.000098 	 0.070272 	 0.071442
  269 	 0.000049 	 0.069716 	 0.071442
  270 	 0.000196 	 0.069498 	 0.071442
  271 	 0.003131 	 0.070311 	 0.071442
  272 	 0.000049 	 0.069001 	 0.071442
  273 	 0.000098 	 0.069470 	 0.071442
  274 	 0.000196 	 0.069527 	 0.071442
  275 	 0.001567 	 0.069789 	 0.071442
  276 	 0.003131 	 0.070596 	 0.071442
  277 	 0.000098 	 0.069904 	 0.071442
  278 	 0.018409 	 0.070939 	 0.071442
  279 	 0.000392 	 0.070361 	 0.071442
  280 	 0.000098 	 0.070516 	 0.071442
  281 	 0.000196 	 0.069201 	 0.071442
  282 	 0.001567 	 0.070393 	 0.071442
  283 	 0.000098 	 0.069528 	 0.071442
  284 	 0.000784 	 0.070134 	 0.071442
  285 	 0.000098 	 0.068309 	 0.071442
  286 	 0.006906 	 0.070790 	 0.071442
  287 	 0.000049 	 0.069403 	 0.071442
  288 	 0.000392 	 0.069978 	 0.071442
  289 	 0.013566 	 0.070441 	 0.071442
  290 	 0.000196 	 0.069965 	 0.071442
  291 	 0.001567 	 0.071061 	 0.071442
  292 	 0.000049 	 0.069308 	 0.071442
  293 	 0.000049 	 0.068723 	 0.071442
  294 	 0.000196 	 0.069168 	 0.071442
  295 	 0.033616 	 0.070639 	 0.071442
  296 	 0.003131 	 0.070040 	 0.071442
  297 	 0.000196 	 0.069453 	 0.071442
  298 	 0.000196 	 0.070222 	 0.071442
  299 	 0.006906 	 0.070634 	 0.071442
  300 	 0.000196 	 0.069995 	 0.071442
  301 	 0.003131 	 0.069961 	 0.071442
  302 	 0.000098 	 0.070793 	 0.071442
  303 	 0.000098 	 0.070431 	 0.071442
  304 	 0.000196 	 0.069861 	 0.071442
  305 	 0.001311 	 0.070531 	 0.071442
  306 	 0.000049 	 0.069946 	 0.071442
  307 	 0.006906 	 0.070131 	 0.071442
  308 	 0.006976 	 0.070537 	 0.071442
  309 	 0.000098 	 0.070114 	 0.071442
  310 	 0.000784 	 0.069820 	 0.071442
  311 	 0.018890 	 0.070809 	 0.071442
  312 	 0.000392 	 0.069757 	 0.071442
  313 	 0.000098 	 0.069707 	 0.071442
  314 	 0.000392 	 0.069872 	 0.071442
  315 	 0.000196 	 0.069880 	 0.071442
  316 	 0.000196 	 0.070052 	 0.071442
  317 	 0.000098 	 0.068376 	 0.071529
  318 	 0.006906 	 0.070314 	 0.071529
  319 	 0.000784 	 0.069716 	 0.071442
  320 	 0.000098 	 0.070005 	 0.071442
  321 	 0.000049 	 0.070007 	 0.071442
  322 	 0.000196 	 0.069587 	 0.071442
  323 	 0.009542 	 0.070646 	 0.071442
  324 	 0.000390 	 0.070345 	 0.071442
  325 	 0.000196 	 0.070939 	 0.071442
  326 	 0.000098 	 0.070066 	 0.071442
  327 	 0.044113 	 0.071065 	 0.071442
  328 	 0.006241 	 0.070626 	 0.071442
  329 	 0.006906 	 0.070091 	 0.071442
  330 	 0.000196 	 0.069733 	 0.071442
  331 	 0.035303 	 0.070539 	 0.071442
  332 	 0.000392 	 0.069626 	 0.071442
  333 	 0.001567 	 0.070236 	 0.071442
  334 	 0.018409 	 0.070442 	 0.071442
  335 	 0.000196 	 0.069889 	 0.071442
  336 	 0.000098 	 0.069576 	 0.071442
  337 	 0.000784 	 0.069384 	 0.071442
  338 	 0.000392 	 0.070028 	 0.071442
  339 	 0.000098 	 0.069898 	 0.071442
  340 	 0.000784 	 0.068926 	 0.071442
  341 	 0.000049 	 0.068903 	 0.071442
  342 	 0.000784 	 0.070827 	 0.071442
  343 	 0.000049 	 0.070419 	 0.071442
  344 	 0.000392 	 0.069789 	 0.071442
  345 	 0.000196 	 0.070104 	 0.071442
  346 	 0.023762 	 0.070759 	 0.071442
  347 	 0.000784 	 0.069758 	 0.071442
  348 	 0.000196 	 0.070169 	 0.071442
  349 	 0.000098 	 0.070292 	 0.071442
  350 	 0.052147 	 0.071227 	 0.071442
  351 	 0.000196 	 0.070529 	 0.071442
  352 	 0.009445 	 0.070199 	 0.071442
  353 	 0.000098 	 0.068385 	 0.071442
  354 	 0.000392 	 0.069879 	 0.071442
  355 	 0.018409 	 0.070135 	 0.071442
  356 	 0.000196 	 0.069675 	 0.071442
  357 	 0.000098 	 0.069903 	 0.071442
  358 	 0.000784 	 0.069541 	 0.071442
  359 	 0.000196 	 0.068644 	 0.071442
  360 	 0.018409 	 0.070798 	 0.071442
  361 	 0.003131 	 0.070018 	 0.071442
  362 	 0.000098 	 0.069380 	 0.071442
  363 	 0.000784 	 0.069477 	 0.071442
  364 	 0.006241 	 0.070470 	 0.071442
  365 	 0.000049 	 0.069242 	 0.071442
  366 	 0.000098 	 0.070359 	 0.071442
  367 	 0.000049 	 0.068529 	 0.071442
  368 	 0.006909 	 0.070450 	 0.071442
  369 	 0.000049 	 0.070434 	 0.071442
  370 	 0.000049 	 0.069512 	 0.071442
  371 	 0.001567 	 0.069326 	 0.071442
  372 	 0.000098 	 0.069986 	 0.071442
  373 	 0.000784 	 0.069920 	 0.071442
  374 	 0.000049 	 0.069481 	 0.071442
  375 	 0.018890 	 0.070910 	 0.071442
  376 	 0.000784 	 0.070531 	 0.071442
  377 	 0.000049 	 0.069657 	 0.071442
  378 	 0.000098 	 0.069534 	 0.071442
  379 	 0.000049 	 0.070389 	 0.071442
  380 	 0.001567 	 0.069032 	 0.071442
  381 	 0.009445 	 0.070573 	 0.071442
  382 	 0.003131 	 0.069216 	 0.071442
  383 	 0.000049 	 0.068953 	 0.071442
  384 	 0.000098 	 0.070885 	 0.071442
  385 	 0.013566 	 0.070325 	 0.071442
  386 	 0.000049 	 0.069176 	 0.071442
  387 	 0.000049 	 0.069028 	 0.071442
  388 	 0.000049 	 0.068969 	 0.071442
  389 	 0.000049 	 0.069452 	 0.071442
  390 	 0.000049 	 0.068979 	 0.071442
  391 	 0.000098 	 0.070213 	 0.071442
  392 	 0.000098 	 0.069940 	 0.071442
  393 	 0.003131 	 0.069850 	 0.071442
  394 	 0.009542 	 0.070070 	 0.071442
  395 	 0.000784 	 0.069548 	 0.071442
  396 	 0.001567 	 0.070335 	 0.071442
  397 	 0.000392 	 0.069999 	 0.071442
  398 	 0.001567 	 0.069474 	 0.071442
  399 	 0.006906 	 0.070882 	 0.071442
  400 	 0.018409 	 0.070756 	 0.071442
  401 	 0.000049 	 0.069950 	 0.071442
  402 	 0.013566 	 0.070452 	 0.071442
  403 	 0.018406 	 0.070463 	 0.071442
  404 	 0.055345 	 0.071214 	 0.071442
  405 	 0.001567 	 0.070471 	 0.071442
  406 	 0.000098 	 0.069417 	 0.071442
  407 	 0.000784 	 0.070099 	 0.071442
  408 	 0.000049 	 0.069060 	 0.071442
  409 	 0.000098 	 0.069126 	 0.071442
  410 	 0.000196 	 0.069065 	 0.071442
  411 	 0.000049 	 0.070067 	 0.071442
  412 	 0.000049 	 0.068775 	 0.071442
  413 	 0.000392 	 0.070692 	 0.071442
  414 	 0.000049 	 0.070542 	 0.071442
  415 	 0.000392 	 0.070144 	 0.071442
  416 	 0.001567 	 0.070175 	 0.071442
  417 	 0.000784 	 0.070437 	 0.071442
  418 	 0.000784 	 0.070373 	 0.071442
  419 	 0.000392 	 0.069661 	 0.071442
  420 	 0.000196 	 0.070475 	 0.071442
  421 	 0.000196 	 0.070377 	 0.071442
  422 	 0.000098 	 0.068858 	 0.071442
  423 	 0.003131 	 0.070372 	 0.071442
  424 	 0.000098 	 0.069809 	 0.071442
  425 	 0.006241 	 0.070292 	 0.071442
  426 	 0.006241 	 0.070611 	 0.071442
  427 	 0.000049 	 0.069839 	 0.071442
  428 	 0.000049 	 0.069534 	 0.071442
  429 	 0.003131 	 0.070164 	 0.071442
  430 	 0.000784 	 0.069076 	 0.071442
  431 	 0.000784 	 0.069375 	 0.071442
  432 	 0.000784 	 0.070635 	 0.071442
  433 	 0.003131 	 0.069650 	 0.071442
  434 	 0.000784 	 0.069408 	 0.071442
  435 	 0.018409 	 0.070360 	 0.071442
  436 	 0.000392 	 0.070117 	 0.071442
  437 	 0.000392 	 0.069860 	 0.071442
  438 	 0.000784 	 0.070676 	 0.071442
  439 	 0.018409 	 0.070665 	 0.071442
  440 	 0.018409 	 0.070533 	 0.071442
  441 	 0.000098 	 0.069207 	 0.071442
  442 	 0.000098 	 0.070184 	 0.071442
  443 	 0.006906 	 0.069621 	 0.071442
  444 	 0.018409 	 0.070204 	 0.071442
  445 	 0.000190 	 0.070217 	 0.071442
  446 	 0.000098 	 0.070604 	 0.071442
  447 	 0.012380 	 0.070524 	 0.071442
  448 	 0.000049 	 0.069297 	 0.071442
  449 	 0.001567 	 0.070275 	 0.071442
  450 	 0.000098 	 0.069204 	 0.071442
  451 	 0.000049 	 0.069104 	 0.071442
  452 	 0.000784 	 0.069961 	 0.071442
  453 	 0.018890 	 0.070605 	 0.071442
  454 	 0.018409 	 0.069945 	 0.071442
  455 	 0.000784 	 0.068781 	 0.071442
  456 	 0.000196 	 0.069785 	 0.071442
  457 	 0.000098 	 0.070645 	 0.071442
  458 	 0.000049 	 0.069643 	 0.071442
  459 	 0.000049 	 0.070056 	 0.071442
  460 	 0.000098 	 0.068968 	 0.071442
  461 	 0.000049 	 0.070362 	 0.071442
  462 	 0.013566 	 0.069451 	 0.071442
  463 	 0.000049 	 0.070308 	 0.071442
  464 	 0.000392 	 0.069872 	 0.071442
  465 	 0.000392 	 0.070038 	 0.071442
  466 	 0.003131 	 0.069525 	 0.071442
  467 	 0.000049 	 0.070487 	 0.071442
  468 	 0.000784 	 0.070227 	 0.071442
  469 	 0.000049 	 0.069688 	 0.071442
  470 	 0.000049 	 0.069233 	 0.071442
  471 	 0.009445 	 0.070415 	 0.071442
  472 	 0.044113 	 0.071097 	 0.071442
  473 	 0.003131 	 0.070177 	 0.071442
  474 	 0.000049 	 0.068486 	 0.071442
  475 	 0.000098 	 0.069687 	 0.071442
  476 	 0.000196 	 0.069923 	 0.071442
  477 	 0.006906 	 0.070485 	 0.071442
  478 	 0.000049 	 0.068184 	 0.071442
  479 	 0.001566 	 0.069916 	 0.071442
  480 	 0.000049 	 0.069732 	 0.071442
  481 	 0.000098 	 0.069998 	 0.071442
  482 	 0.000196 	 0.069139 	 0.071442
  483 	 0.000049 	 0.068741 	 0.071442
  484 	 0.000098 	 0.069765 	 0.071442
  485 	 0.003131 	 0.070085 	 0.071442
  486 	 0.003131 	 0.070027 	 0.071442
  487 	 0.035303 	 0.070980 	 0.071442
  488 	 0.000196 	 0.069956 	 0.071442
  489 	 0.000049 	 0.069154 	 0.071442
  490 	 0.006906 	 0.070123 	 0.071442
  491 	 0.000098 	 0.069656 	 0.071442
  492 	 0.003131 	 0.070229 	 0.071442
  493 	 0.000098 	 0.069638 	 0.071442
  494 	 0.012380 	 0.070970 	 0.071442
  495 	 0.000049 	 0.069249 	 0.071442
  496 	 0.000196 	 0.068617 	 0.071442
  497 	 0.000196 	 0.069850 	 0.071442
  498 	 0.003129 	 0.069221 	 0.071442
  499 	 0.000098 	 0.070327 	 0.071442
 