   0 	 0.000049 	 0.000245 	 0.005367
    1 	 0.000050 	 0.000372 	 0.005367
    2 	 0.000120 	 0.000682 	 0.010026
    3 	 0.000080 	 0.001218 	 0.014689
    4 	 0.000051 	 0.001796 	 0.014689
    5 	 0.000050 	 0.002729 	 0.017607
    6 	 0.001922 	 0.003897 	 0.017698
    7 	 0.002433 	 0.005478 	 0.017573
    8 	 0.000049 	 0.007437 	 0.020251
    9 	 0.003865 	 0.010015 	 0.020251
   10 	 0.002695 	 0.012697 	 0.023405
   11 	 0.000098 	 0.014811 	 0.023513
   12 	 0.000049 	 0.016752 	 0.027091
   13 	 0.000388 	 0.017729 	 0.024569
   14 	 0.012623 	 0.018768 	 0.025417
   15 	 0.000049 	 0.019632 	 0.025537
   16 	 0.012571 	 0.021386 	 0.028576
   17 	 0.000196 	 0.022063 	 0.029200
   18 	 0.000197 	 0.023201 	 0.030682
   19 	 0.000049 	 0.024412 	 0.032335
   20 	 0.000392 	 0.025769 	 0.032817
   21 	 0.000791 	 0.026805 	 0.034820
   22 	 0.000780 	 0.028528 	 0.034820
   23 	 0.000191 	 0.029083 	 0.035025
   24 	 0.000049 	 0.030445 	 0.042085
   25 	 0.020222 	 0.031975 	 0.042137
   26 	 0.000049 	 0.033251 	 0.042077
   27 	 0.010567 	 0.034615 	 0.042077
   28 	 0.000196 	 0.035266 	 0.041276
   29 	 0.000049 	 0.035854 	 0.041276
   30 	 0.000197 	 0.037031 	 0.043739
   31 	 0.000049 	 0.038270 	 0.043739
   32 	 0.000196 	 0.038957 	 0.045056
   33 	 0.010380 	 0.040313 	 0.045320
   34 	 0.000049 	 0.040872 	 0.045102
   35 	 0.000098 	 0.041040 	 0.045578
   36 	 0.000049 	 0.042470 	 0.045578
   37 	 0.000196 	 0.042361 	 0.045578
   38 	 0.000196 	 0.043045 	 0.045587
   39 	 0.000049 	 0.044042 	 0.045578
   40 	 0.001560 	 0.044093 	 0.046136
   41 	 0.003121 	 0.044788 	 0.046213
   42 	 0.000783 	 0.044346 	 0.046431
   43 	 0.000196 	 0.044796 	 0.046484
   44 	 0.000196 	 0.044855 	 0.046486
   45 	 0.000196 	 0.044508 	 0.046615
   46 	 0.000049 	 0.044843 	 0.046732
   47 	 0.000049 	 0.044270 	 0.046898
   48 	 0.000098 	 0.045408 	 0.046898
   49 	 0.000049 	 0.045743 	 0.046904
   50 	 0.000196 	 0.045700 	 0.046920
   51 	 0.000098 	 0.045440 	 0.046933
   52 	 0.007212 	 0.046185 	 0.047031
   53 	 0.007182 	 0.046223 	 0.047060
   54 	 0.000098 	 0.046333 	 0.047097
   55 	 0.007209 	 0.046019 	 0.047103
   56 	 0.000784 	 0.046155 	 0.047127
   57 	 0.000049 	 0.046188 	 0.047149
   58 	 0.000098 	 0.046313 	 0.047187
   59 	 0.000196 	 0.046488 	 0.047191
   60 	 0.000098 	 0.046336 	 0.047191
   61 	 0.000392 	 0.046202 	 0.047200
   62 	 0.000784 	 0.045770 	 0.047211
   63 	 0.000098 	 0.046098 	 0.047211
   64 	 0.007209 	 0.046182 	 0.047228
   65 	 0.001568 	 0.046299 	 0.047295
   66 	 0.000196 	 0.046308 	 0.047295
   67 	 0.001568 	 0.046663 	 0.047307
   68 	 0.020938 	 0.046962 	 0.047316
   69 	 0.000196 	 0.046639 	 0.047326
   70 	 0.003132 	 0.046793 	 0.047333
   71 	 0.000392 	 0.046129 	 0.047357
   72 	 0.000392 	 0.046430 	 0.047358
   73 	 0.000098 	 0.046314 	 0.047367
   74 	 0.000098 	 0.046389 	 0.047357
   75 	 0.000049 	 0.046424 	 0.047363
   76 	 0.000098 	 0.045493 	 0.047372
   77 	 0.000196 	 0.046778 	 0.047381
   78 	 0.006193 	 0.047111 	 0.047388
   79 	 0.000196 	 0.046871 	 0.047403
   80 	 0.000784 	 0.046143 	 0.047403
   81 	 0.001567 	 0.046328 	 0.047407
   82 	 0.000392 	 0.046522 	 0.047407
   83 	 0.000098 	 0.046314 	 0.047407
   84 	 0.021059 	 0.047020 	 0.047409
   85 	 0.017512 	 0.046983 	 0.047419
   86 	 0.000392 	 0.046417 	 0.047419
   87 	 0.044967 	 0.047389 	 0.047420
   88 	 0.003130 	 0.046367 	 0.047421
   89 	 0.009356 	 0.046485 	 0.047420
   90 	 0.000049 	 0.046454 	 0.047421
   91 	 0.000392 	 0.046688 	 0.047421
   92 	 0.000098 	 0.046286 	 0.047421
   93 	 0.014681 	 0.047201 	 0.047421
   94 	 0.001567 	 0.046338 	 0.047422
   95 	 0.000196 	 0.046524 	 0.047421
   96 	 0.000049 	 0.046203 	 0.047422
   97 	 0.000049 	 0.046087 	 0.047423
   98 	 0.000196 	 0.046609 	 0.047422
   99 	 0.000783 	 0.046622 	 0.047423
  100 	 0.000392 	 0.046953 	 0.047423
  101 	 0.009269 	 0.047012 	 0.047423
  102 	 0.009269 	 0.046788 	 0.047423
  103 	 0.000049 	 0.046445 	 0.047424
  104 	 0.000392 	 0.046207 	 0.047424
  105 	 0.006218 	 0.046698 	 0.047424
  106 	 0.000098 	 0.046596 	 0.047424
  107 	 0.000098 	 0.046905 	 0.047425
  108 	 0.000196 	 0.046901 	 0.047426
  109 	 0.000098 	 0.046578 	 0.047426
  110 	 0.000049 	 0.046951 	 0.047427
  111 	 0.000196 	 0.046484 	 0.047428
  112 	 0.007203 	 0.047025 	 0.047428
  113 	 0.017722 	 0.047117 	 0.047427
  114 	 0.000784 	 0.046054 	 0.047427
  115 	 0.021071 	 0.047143 	 0.047428
  116 	 0.040286 	 0.047315 	 0.047428
  117 	 0.003129 	 0.046603 	 0.047428
  118 	 0.000392 	 0.046946 	 0.047429
  119 	 0.000196 	 0.045971 	 0.047429
  120 	 0.000098 	 0.046320 	 0.047429
  121 	 0.000049 	 0.045916 	 0.047429
  122 	 0.009272 	 0.046725 	 0.047429
  123 	 0.000098 	 0.047092 	 0.047429
  124 	 0.000784 	 0.046767 	 0.047429
  125 	 0.009272 	 0.047195 	 0.047429
  126 	 0.000196 	 0.046206 	 0.047429
  127 	 0.000049 	 0.045482 	 0.047429
  128 	 0.000098 	 0.046735 	 0.047429
  129 	 0.000784 	 0.046631 	 0.047429
  130 	 0.000098 	 0.046423 	 0.047429
  131 	 0.000049 	 0.046513 	 0.047429
  132 	 0.014650 	 0.047108 	 0.047429
  133 	 0.000392 	 0.046639 	 0.047429
  134 	 0.007200 	 0.046850 	 0.047429
  135 	 0.003168 	 0.046762 	 0.047429
  136 	 0.000784 	 0.047016 	 0.047429
  137 	 0.000392 	 0.046678 	 0.047429
  138 	 0.000098 	 0.046057 	 0.047429
  139 	 0.006218 	 0.046285 	 0.047429
  140 	 0.000196 	 0.046530 	 0.047429
  141 	 0.000098 	 0.046983 	 0.047429
  142 	 0.000194 	 0.045962 	 0.047429
  143 	 0.000049 	 0.046800 	 0.047429
  144 	 0.000049 	 0.046729 	 0.047429
  145 	 0.000049 	 0.045746 	 0.047429
  146 	 0.000784 	 0.046535 	 0.047429
  147 	 0.000392 	 0.047042 	 0.047429
  148 	 0.000098 	 0.045801 	 0.047429
  149 	 0.000098 	 0.046024 	 0.047429
  150 	 0.000196 	 0.046824 	 0.047429
  151 	 0.017505 	 0.046910 	 0.047429
  152 	 0.009262 	 0.046763 	 0.047429
  153 	 0.000784 	 0.046644 	 0.047429
  154 	 0.001567 	 0.046431 	 0.047429
  155 	 0.001567 	 0.046216 	 0.047429
  156 	 0.006218 	 0.046370 	 0.047429
  157 	 0.000098 	 0.046565 	 0.047429
  158 	 0.009340 	 0.046837 	 0.047429
  159 	 0.000098 	 0.046624 	 0.047429
  160 	 0.021089 	 0.047254 	 0.047429
  161 	 0.000049 	 0.046072 	 0.047429
  162 	 0.000784 	 0.046072 	 0.047429
  163 	 0.000196 	 0.046247 	 0.047429
  164 	 0.007202 	 0.046481 	 0.047429
  165 	 0.000784 	 0.046601 	 0.047429
  166 	 0.000049 	 0.046820 	 0.047429
  167 	 0.009340 	 0.047084 	 0.047429
  168 	 0.022167 	 0.047059 	 0.047429
  169 	 0.000049 	 0.046712 	 0.047429
  170 	 0.000049 	 0.047135 	 0.047429
  171 	 0.000098 	 0.046222 	 0.047429
  172 	 0.039206 	 0.047377 	 0.047429
  173 	 0.003129 	 0.046992 	 0.047429
  174 	 0.014657 	 0.046724 	 0.047429
  175 	 0.006218 	 0.047005 	 0.047429
  176 	 0.000196 	 0.046320 	 0.047429
  177 	 0.000098 	 0.046538 	 0.047429
  178 	 0.000196 	 0.046780 	 0.047429
  179 	 0.006218 	 0.047043 	 0.047429
  180 	 0.029395 	 0.047290 	 0.047429
  181 	 0.006218 	 0.046531 	 0.047429
  182 	 0.000196 	 0.046832 	 0.047429
  183 	 0.012124 	 0.046948 	 0.047429
  184 	 0.000049 	 0.045809 	 0.047429
  185 	 0.000098 	 0.046709 	 0.047429
  186 	 0.000392 	 0.046342 	 0.047429
  187 	 0.000049 	 0.045267 	 0.047429
  188 	 0.000196 	 0.046704 	 0.047429
  189 	 0.000049 	 0.045780 	 0.047429
  190 	 0.007202 	 0.046928 	 0.047429
  191 	 0.021105 	 0.046987 	 0.047429
  192 	 0.000392 	 0.046226 	 0.047429
  193 	 0.000392 	 0.046341 	 0.047429
  194 	 0.006218 	 0.046277 	 0.047429
  195 	 0.000049 	 0.047125 	 0.047429
  196 	 0.000098 	 0.046081 	 0.047429
  197 	 0.000196 	 0.046554 	 0.047429
  198 	 0.007202 	 0.047084 	 0.047429
  199 	 0.000049 	 0.045822 	 0.047429
  200 	 0.000784 	 0.047022 	 0.047429
  201 	 0.000049 	 0.045983 	 0.047429
  202 	 0.003129 	 0.047063 	 0.047429
  203 	 0.029395 	 0.047065 	 0.047429
  204 	 0.000784 	 0.046596 	 0.047429
  205 	 0.001567 	 0.046512 	 0.047429
  206 	 0.000196 	 0.046513 	 0.047429
  207 	 0.022167 	 0.047199 	 0.047429
  208 	 0.000049 	 0.046110 	 0.047429
  209 	 0.001567 	 0.046561 	 0.047429
  210 	 0.000392 	 0.045904 	 0.047429
  211 	 0.000049 	 0.046568 	 0.047429
  212 	 0.006218 	 0.046599 	 0.047429
  213 	 0.000392 	 0.046596 	 0.047429
  214 	 0.000392 	 0.046915 	 0.047429
  215 	 0.000098 	 0.046998 	 0.047429
  216 	 0.000098 	 0.046624 	 0.047429
  217 	 0.000392 	 0.046520 	 0.047429
  218 	 0.000392 	 0.046978 	 0.047429
  219 	 0.017688 	 0.046674 	 0.047429
  220 	 0.000049 	 0.046694 	 0.047429
  221 	 0.000049 	 0.046317 	 0.047429
  222 	 0.000196 	 0.046567 	 0.047429
  223 	 0.000098 	 0.046573 	 0.047429
  224 	 0.000049 	 0.046516 	 0.047429
  225 	 0.000049 	 0.046010 	 0.047429
  226 	 0.001567 	 0.046599 	 0.047429
  227 	 0.006218 	 0.046569 	 0.047429
  228 	 0.000098 	 0.046828 	 0.047429
  229 	 0.007202 	 0.046788 	 0.047429
  230 	 0.003129 	 0.046923 	 0.047429
  231 	 0.000049 	 0.046587 	 0.047429
  232 	 0.000196 	 0.046466 	 0.047429
  233 	 0.000049 	 0.046258 	 0.047429
  234 	 0.000784 	 0.046267 	 0.047429
  235 	 0.007202 	 0.047021 	 0.047429
  236 	 0.012124 	 0.046660 	 0.047429
  237 	 0.000049 	 0.046303 	 0.047429
  238 	 0.017676 	 0.047233 	 0.047429
  239 	 0.000049 	 0.046709 	 0.047429
  240 	 0.000049 	 0.046306 	 0.047429
  241 	 0.031321 	 0.047265 	 0.047429
  242 	 0.000784 	 0.045998 	 0.047429
  243 	 0.000196 	 0.046167 	 0.047429
  244 	 0.000196 	 0.046914 	 0.047429
  245 	 0.040288 	 0.047351 	 0.047429
  246 	 0.000049 	 0.046118 	 0.047429
  247 	 0.006218 	 0.047009 	 0.047429
  248 	 0.000784 	 0.046657 	 0.047429
  249 	 0.000392 	 0.046839 	 0.047429
  250 	 0.014657 	 0.047133 	 0.047429
  251 	 0.000784 	 0.046382 	 0.047429
  252 	 0.012124 	 0.046926 	 0.047429
  253 	 0.000098 	 0.045418 	 0.047429
  254 	 0.009340 	 0.047084 	 0.047429
  255 	 0.000196 	 0.045477 	 0.047429
  256 	 0.000098 	 0.045753 	 0.047429
  257 	 0.000049 	 0.045701 	 0.047429
  258 	 0.000784 	 0.046801 	 0.047429
  259 	 0.001567 	 0.047040 	 0.047429
  260 	 0.001567 	 0.046296 	 0.047429
  261 	 0.000098 	 0.045918 	 0.047429
  262 	 0.001567 	 0.046236 	 0.047429
  263 	 0.000049 	 0.046463 	 0.047429
  264 	 0.000388 	 0.046926 	 0.047429
  265 	 0.007202 	 0.046122 	 0.047429
  266 	 0.007202 	 0.046665 	 0.047429
  267 	 0.000049 	 0.046228 	 0.047429
  268 	 0.000049 	 0.046791 	 0.047429
  269 	 0.000098 	 0.046587 	 0.047429
  270 	 0.000098 	 0.046389 	 0.047429
  271 	 0.000196 	 0.046286 	 0.047429
  272 	 0.000784 	 0.046417 	 0.047429
  273 	 0.000196 	 0.047033 	 0.047429
  274 	 0.003129 	 0.046645 	 0.047429
  275 	 0.000392 	 0.046146 	 0.047429
  276 	 0.000049 	 0.045658 	 0.047429
  277 	 0.000784 	 0.046788 	 0.047429
  278 	 0.000049 	 0.045615 	 0.047429
  279 	 0.003129 	 0.046802 	 0.047429
  280 	 0.000049 	 0.046577 	 0.047429
  281 	 0.000098 	 0.045970 	 0.047429
  282 	 0.000392 	 0.046303 	 0.047429
  283 	 0.001567 	 0.047125 	 0.047429
  284 	 0.000196 	 0.046547 	 0.047429
  285 	 0.000098 	 0.046438 	 0.047429
  286 	 0.000098 	 0.046060 	 0.047429
  287 	 0.009262 	 0.046745 	 0.047429
  288 	 0.017676 	 0.046835 	 0.047429
  289 	 0.000784 	 0.047086 	 0.047429
  290 	 0.000098 	 0.046516 	 0.047429
  291 	 0.000784 	 0.046350 	 0.047429
  292 	 0.000788 	 0.046566 	 0.047429
  293 	 0.007202 	 0.046985 	 0.047429
  294 	 0.000049 	 0.046566 	 0.047429
  295 	 0.000049 	 0.046217 	 0.047429
  296 	 0.007202 	 0.046135 	 0.047429
  297 	 0.000784 	 0.046875 	 0.047429
  298 	 0.000398 	 0.046277 	 0.047429
  299 	 0.000098 	 0.046701 	 0.047429
  300 	 0.000049 	 0.046513 	 0.047429
  301 	 0.000196 	 0.046338 	 0.047429
  302 	 0.031249 	 0.047295 	 0.047429
  303 	 0.000196 	 0.046484 	 0.047429
  304 	 0.014657 	 0.047074 	 0.047429
  305 	 0.000049 	 0.046510 	 0.047429
  306 	 0.000196 	 0.046183 	 0.047429
  307 	 0.000196 	 0.046710 	 0.047429
  308 	 0.000196 	 0.046604 	 0.047429
  309 	 0.000196 	 0.046352 	 0.047429
  310 	 0.000098 	 0.046318 	 0.047429
  311 	 0.000196 	 0.046255 	 0.047429
  312 	 0.000049 	 0.046803 	 0.047429
  313 	 0.009262 	 0.046732 	 0.047429
  314 	 0.021019 	 0.047179 	 0.047429
  315 	 0.000049 	 0.045691 	 0.047429
  316 	 0.000196 	 0.046265 	 0.047429
  317 	 0.000196 	 0.046719 	 0.047429
  318 	 0.000049 	 0.045926 	 0.047429
  319 	 0.000196 	 0.047015 	 0.047429
  320 	 0.000392 	 0.046562 	 0.047429
  321 	 0.000098 	 0.046907 	 0.047429
  322 	 0.000784 	 0.046475 	 0.047429
  323 	 0.000049 	 0.046847 	 0.047429
  324 	 0.000196 	 0.046758 	 0.047429
  325 	 0.009340 	 0.046561 	 0.047429
  326 	 0.000196 	 0.046408 	 0.047429
  327 	 0.000196 	 0.046343 	 0.047429
  328 	 0.000049 	 0.045810 	 0.047429
  329 	 0.000098 	 0.046319 	 0.047429
  330 	 0.000049 	 0.045334 	 0.047429
  331 	 0.000196 	 0.046470 	 0.047429
  332 	 0.003129 	 0.046931 	 0.047429
  333 	 0.000392 	 0.046711 	 0.047429
  334 	 0.000196 	 0.046867 	 0.047429
  335 	 0.000392 	 0.046273 	 0.047429
  336 	 0.003129 	 0.046706 	 0.047429
  337 	 0.000196 	 0.046389 	 0.047429
  338 	 0.001431 	 0.046469 	 0.047429
  339 	 0.009340 	 0.046690 	 0.047429
  340 	 0.000049 	 0.046700 	 0.047429
  341 	 0.000049 	 0.046570 	 0.047429
  342 	 0.000098 	 0.046625 	 0.047429
  343 	 0.001567 	 0.046280 	 0.047429
  344 	 0.000392 	 0.046723 	 0.047429
  345 	 0.000098 	 0.046429 	 0.047429
  346 	 0.000098 	 0.046417 	 0.047429
  347 	 0.001567 	 0.045947 	 0.047429
  348 	 0.000049 	 0.046552 	 0.047429
  349 	 0.000784 	 0.046116 	 0.047429
  350 	 0.006218 	 0.046722 	 0.047429
  351 	 0.000049 	 0.045865 	 0.047429
  352 	 0.000049 	 0.046855 	 0.047429
  353 	 0.000049 	 0.045985 	 0.047429
  354 	 0.001567 	 0.046153 	 0.047429
  355 	 0.000392 	 0.046391 	 0.047429
  356 	 0.000196 	 0.046719 	 0.047429
  357 	 0.000098 	 0.046314 	 0.047429
  358 	 0.007202 	 0.046731 	 0.047429
  359 	 0.003129 	 0.046918 	 0.047429
  360 	 0.000098 	 0.046343 	 0.047429
  361 	 0.000392 	 0.046828 	 0.047429
  362 	 0.000049 	 0.045963 	 0.047429
  363 	 0.000049 	 0.046772 	 0.047429
  364 	 0.017505 	 0.046987 	 0.047429
  365 	 0.000196 	 0.046173 	 0.047429
  366 	 0.003128 	 0.045879 	 0.047429
  367 	 0.000049 	 0.046543 	 0.047429
  368 	 0.000098 	 0.046639 	 0.047429
  369 	 0.031181 	 0.047323 	 0.047429
  370 	 0.000098 	 0.045742 	 0.047429
  371 	 0.001567 	 0.046790 	 0.047429
  372 	 0.000784 	 0.046211 	 0.047429
  373 	 0.000049 	 0.046299 	 0.047429
  374 	 0.000049 	 0.046419 	 0.047429
  375 	 0.003129 	 0.046494 	 0.047429
  376 	 0.000098 	 0.046629 	 0.047429
  377 	 0.006218 	 0.046137 	 0.047429
  378 	 0.000098 	 0.046449 	 0.047429
  379 	 0.000196 	 0.046620 	 0.047429
  380 	 0.009262 	 0.046511 	 0.047429
  381 	 0.014657 	 0.046658 	 0.047429
  382 	 0.002513 	 0.046714 	 0.047429
  383 	 0.000098 	 0.045749 	 0.047429
  384 	 0.012124 	 0.046929 	 0.047429
  385 	 0.000196 	 0.046471 	 0.047429
  386 	 0.001567 	 0.046418 	 0.047429
  387 	 0.017505 	 0.046821 	 0.047429
  388 	 0.000196 	 0.046409 	 0.047429
  389 	 0.007202 	 0.046980 	 0.047429
  390 	 0.000098 	 0.046499 	 0.047429
  391 	 0.017688 	 0.047171 	 0.047429
  392 	 0.000784 	 0.047006 	 0.047429
  393 	 0.000784 	 0.046313 	 0.047429
  394 	 0.000196 	 0.046621 	 0.047429
  395 	 0.000196 	 0.047086 	 0.047429
  396 	 0.000098 	 0.046295 	 0.047429
  397 	 0.014657 	 0.047184 	 0.047429
  398 	 0.000049 	 0.046238 	 0.047429
  399 	 0.000049 	 0.046356 	 0.047429
  400 	 0.000049 	 0.046248 	 0.047429
  401 	 0.001567 	 0.046506 	 0.047429
  402 	 0.000049 	 0.046604 	 0.047429
  403 	 0.000196 	 0.046301 	 0.047429
  404 	 0.000049 	 0.046254 	 0.047429
  405 	 0.012124 	 0.046738 	 0.047429
  406 	 0.000098 	 0.046434 	 0.047429
  407 	 0.000196 	 0.046778 	 0.047429
  408 	 0.007202 	 0.046632 	 0.047429
  409 	 0.029395 	 0.046978 	 0.047429
  410 	 0.012124 	 0.046939 	 0.047429
  411 	 0.000049 	 0.046481 	 0.047429
  412 	 0.006218 	 0.046358 	 0.047429
  413 	 0.001567 	 0.046960 	 0.047429
  414 	 0.000049 	 0.046569 	 0.047429
  415 	 0.001567 	 0.046295 	 0.047429
  416 	 0.000784 	 0.046736 	 0.047429
  417 	 0.014657 	 0.046736 	 0.047429
  418 	 0.000049 	 0.046762 	 0.047429
  419 	 0.000196 	 0.046158 	 0.047429
  420 	 0.031181 	 0.047135 	 0.047429
  421 	 0.000196 	 0.046410 	 0.047429
  422 	 0.000392 	 0.046363 	 0.047429
  423 	 0.000196 	 0.046288 	 0.047429
  424 	 0.012124 	 0.046801 	 0.047429
  425 	 0.003129 	 0.046693 	 0.047429
  426 	 0.000049 	 0.046933 	 0.047429
  427 	 0.003129 	 0.047032 	 0.047429
  428 	 0.000392 	 0.046480 	 0.047429
  429 	 0.006218 	 0.046935 	 0.047429
  430 	 0.007202 	 0.046611 	 0.047429
  431 	 0.000098 	 0.046407 	 0.047429
  432 	 0.021105 	 0.046943 	 0.047429
  433 	 0.000098 	 0.046360 	 0.047429
  434 	 0.000098 	 0.045976 	 0.047429
  435 	 0.000049 	 0.046407 	 0.047429
  436 	 0.009262 	 0.046543 	 0.047429
  437 	 0.000784 	 0.046731 	 0.047429
  438 	 0.001567 	 0.046509 	 0.047429
  439 	 0.000392 	 0.046935 	 0.047429
  440 	 0.000196 	 0.046918 	 0.047429
  441 	 0.000196 	 0.046190 	 0.047429
  442 	 0.000196 	 0.046390 	 0.047429
  443 	 0.000784 	 0.046354 	 0.047429
  444 	 0.000784 	 0.046702 	 0.047429
  445 	 0.000049 	 0.045957 	 0.047429
  446 	 0.000098 	 0.046016 	 0.047429
  447 	 0.000098 	 0.046496 	 0.047429
  448 	 0.014705 	 0.047045 	 0.047429
  449 	 0.000196 	 0.046461 	 0.047429
  450 	 0.000049 	 0.046665 	 0.047429
  451 	 0.014657 	 0.046953 	 0.047429
  452 	 0.000196 	 0.046822 	 0.047429
  453 	 0.000049 	 0.046250 	 0.047429
  454 	 0.000049 	 0.046817 	 0.047429
  455 	 0.029723 	 0.047236 	 0.047429
  456 	 0.000098 	 0.046811 	 0.047429
  457 	 0.000196 	 0.045271 	 0.047429
  458 	 0.017676 	 0.046999 	 0.047429
  459 	 0.000098 	 0.046625 	 0.047429
  460 	 0.000392 	 0.046561 	 0.047429
  461 	 0.012078 	 0.046996 	 0.047429
  462 	 0.000196 	 0.046950 	 0.047429
  463 	 0.000049 	 0.046021 	 0.047429
  464 	 0.000196 	 0.046564 	 0.047429
  465 	 0.000098 	 0.046681 	 0.047429
  466 	 0.000392 	 0.046792 	 0.047429
  467 	 0.000098 	 0.046794 	 0.047429
  468 	 0.000196 	 0.046158 	 0.047429
  469 	 0.001567 	 0.046339 	 0.047429
  470 	 0.000098 	 0.046909 	 0.047429
  471 	 0.001567 	 0.046951 	 0.047429
  472 	 0.000098 	 0.046450 	 0.047429
  473 	 0.029723 	 0.047206 	 0.047429
  474 	 0.021105 	 0.047087 	 0.047429
  475 	 0.000784 	 0.046853 	 0.047429
  476 	 0.000196 	 0.046400 	 0.047429
  477 	 0.001567 	 0.046922 	 0.047429
  478 	 0.009340 	 0.046789 	 0.047429
  479 	 0.000049 	 0.046599 	 0.047429
  480 	 0.001567 	 0.046356 	 0.047429
  481 	 0.003129 	 0.046966 	 0.047429
  482 	 0.009262 	 0.046336 	 0.047429
  483 	 0.003129 	 0.046965 	 0.047429
  484 	 0.008865 	 0.047001 	 0.047429
  485 	 0.000049 	 0.046664 	 0.047429
  486 	 0.000377 	 0.046821 	 0.047429
  487 	 0.014657 	 0.046821 	 0.047429
  488 	 0.017688 	 0.047004 	 0.047429
  489 	 0.006218 	 0.046649 	 0.047429
  490 	 0.000784 	 0.046661 	 0.047429
  491 	 0.007202 	 0.046713 	 0.047429
  492 	 0.000098 	 0.045979 	 0.047429
  493 	 0.000049 	 0.045688 	 0.047429
  494 	 0.000392 	 0.046055 	 0.047429
  495 	 0.000049 	 0.045793 	 0.047429
  496 	 0.000196 	 0.046072 	 0.047429
  497 	 0.000049 	 0.046474 	 0.047429
  498 	 0.001567 	 0.046240 	 0.047429
  499 	 0.000784 	 0.046396 	 0.047429
 