   0 	 0.000050 	 0.000245 	 0.005533
    1 	 0.000053 	 0.000401 	 0.009715
    2 	 0.000055 	 0.000672 	 0.010659
    3 	 0.000390 	 0.001043 	 0.010928
    4 	 0.000052 	 0.001795 	 0.012718
    5 	 0.000051 	 0.002929 	 0.022561
    6 	 0.000049 	 0.004831 	 0.021921
    7 	 0.000100 	 0.007736 	 0.032235
    8 	 0.000049 	 0.009346 	 0.040295
    9 	 0.000049 	 0.011158 	 0.041579
   10 	 0.000202 	 0.013346 	 0.045187
   11 	 0.000199 	 0.014364 	 0.045291
   12 	 0.000049 	 0.015813 	 0.033384
   13 	 0.000196 	 0.018704 	 0.040815
   14 	 0.005403 	 0.021404 	 0.043301
   15 	 0.000796 	 0.023369 	 0.043294
   16 	 0.000391 	 0.026486 	 0.043888
   17 	 0.003105 	 0.029400 	 0.043917
   18 	 0.006887 	 0.030239 	 0.043958
   19 	 0.000813 	 0.030818 	 0.046910
   20 	 0.000098 	 0.033190 	 0.049582
   21 	 0.000098 	 0.032027 	 0.051199
   22 	 0.000098 	 0.034665 	 0.051199
   23 	 0.018988 	 0.036848 	 0.051199
   24 	 0.000098 	 0.037575 	 0.056573
   25 	 0.000049 	 0.040334 	 0.055761
   26 	 0.000197 	 0.041502 	 0.062020
   27 	 0.006305 	 0.041462 	 0.061807
   28 	 0.000777 	 0.042933 	 0.057429
   29 	 0.000098 	 0.044520 	 0.062798
   30 	 0.000196 	 0.046547 	 0.066277
   31 	 0.000197 	 0.049111 	 0.065234
   32 	 0.008805 	 0.051539 	 0.064397
   33 	 0.000049 	 0.054306 	 0.066071
   34 	 0.017711 	 0.057851 	 0.068716
   35 	 0.006716 	 0.060039 	 0.068551
   36 	 0.001559 	 0.061605 	 0.068551
   37 	 0.003107 	 0.063235 	 0.070452
   38 	 0.000098 	 0.063682 	 0.074326
   39 	 0.000098 	 0.065381 	 0.074411
   40 	 0.025692 	 0.066960 	 0.080245
   41 	 0.000049 	 0.067548 	 0.080245
   42 	 0.003151 	 0.069297 	 0.084020
   43 	 0.009507 	 0.071129 	 0.084020
   44 	 0.000196 	 0.072575 	 0.085422
   45 	 0.000098 	 0.074405 	 0.085281
   46 	 0.000784 	 0.077973 	 0.085592
   47 	 0.006269 	 0.079483 	 0.085857
   48 	 0.009542 	 0.081291 	 0.085898
   49 	 0.000049 	 0.078491 	 0.086177
   50 	 0.000196 	 0.081862 	 0.086017
   51 	 0.000196 	 0.080627 	 0.086018
   52 	 0.000098 	 0.082528 	 0.086190
   53 	 0.000098 	 0.083831 	 0.087143
   54 	 0.000783 	 0.084160 	 0.087502
   55 	 0.001567 	 0.083594 	 0.089067
   56 	 0.001568 	 0.084403 	 0.089223
   57 	 0.000049 	 0.083511 	 0.089223
   58 	 0.000049 	 0.084620 	 0.089223
   59 	 0.000098 	 0.084420 	 0.089578
   60 	 0.000098 	 0.083764 	 0.089912
   61 	 0.000783 	 0.085907 	 0.089931
   62 	 0.000392 	 0.085877 	 0.089959
   63 	 0.009473 	 0.088075 	 0.090179
   64 	 0.018045 	 0.088723 	 0.090200
   65 	 0.000392 	 0.088216 	 0.090933
   66 	 0.076509 	 0.089609 	 0.091099
   67 	 0.009586 	 0.088669 	 0.091099
   68 	 0.000196 	 0.088242 	 0.091099
   69 	 0.000049 	 0.088867 	 0.091235
   70 	 0.000392 	 0.088555 	 0.091352
   71 	 0.006894 	 0.089835 	 0.091353
   72 	 0.000049 	 0.089021 	 0.091509
   73 	 0.000196 	 0.089096 	 0.091515
   74 	 0.000098 	 0.089392 	 0.091533
   75 	 0.000049 	 0.090776 	 0.091692
   76 	 0.000098 	 0.088960 	 0.091692
   77 	 0.000196 	 0.089819 	 0.091716
   78 	 0.000098 	 0.089384 	 0.091734
   79 	 0.000196 	 0.088465 	 0.091738
   80 	 0.006899 	 0.090041 	 0.091738
   81 	 0.000196 	 0.089528 	 0.091748
   82 	 0.017943 	 0.090761 	 0.091976
   83 	 0.000098 	 0.089029 	 0.091861
   84 	 0.000196 	 0.089108 	 0.091861
   85 	 0.000098 	 0.089548 	 0.091921
   86 	 0.017960 	 0.090654 	 0.091921
   87 	 0.003137 	 0.088918 	 0.091930
   88 	 0.000196 	 0.089217 	 0.091943
   89 	 0.003136 	 0.090107 	 0.091943
   90 	 0.000098 	 0.090031 	 0.091943
   91 	 0.000384 	 0.089098 	 0.091938
   92 	 0.006892 	 0.090472 	 0.091943
   93 	 0.000098 	 0.089614 	 0.091943
   94 	 0.006892 	 0.090870 	 0.091943
   95 	 0.000784 	 0.090001 	 0.092178
   96 	 0.006889 	 0.089768 	 0.092188
   97 	 0.007110 	 0.090174 	 0.092183
   98 	 0.006888 	 0.088689 	 0.092191
   99 	 0.000049 	 0.088798 	 0.092212
  100 	 0.000784 	 0.089890 	 0.092209
  101 	 0.012413 	 0.089223 	 0.092209
  102 	 0.000131 	 0.090572 	 0.092220
  103 	 0.000049 	 0.089513 	 0.092223
  104 	 0.000784 	 0.090093 	 0.092224
  105 	 0.009652 	 0.091043 	 0.092224
  106 	 0.018041 	 0.090982 	 0.092247
  107 	 0.001567 	 0.090864 	 0.092251
  108 	 0.000784 	 0.090205 	 0.092250
  109 	 0.000049 	 0.090515 	 0.092251
  110 	 0.000783 	 0.089651 	 0.092252
  111 	 0.000049 	 0.089598 	 0.092254
  112 	 0.018023 	 0.090560 	 0.092252
  113 	 0.009563 	 0.091611 	 0.092253
  114 	 0.000196 	 0.089153 	 0.092254
  115 	 0.003095 	 0.089616 	 0.092254
  116 	 0.000049 	 0.089012 	 0.092254
  117 	 0.000196 	 0.089972 	 0.092255
  118 	 0.000049 	 0.090384 	 0.092256
  119 	 0.000049 	 0.089975 	 0.092256
  120 	 0.000098 	 0.088941 	 0.092256
  121 	 0.000049 	 0.090679 	 0.092256
  122 	 0.006887 	 0.088838 	 0.092257
  123 	 0.000392 	 0.089562 	 0.092258
  124 	 0.000098 	 0.090474 	 0.092258
  125 	 0.003134 	 0.090403 	 0.092258
  126 	 0.000784 	 0.090924 	 0.092258
  127 	 0.009560 	 0.090736 	 0.092258
  128 	 0.000049 	 0.089903 	 0.092260
  129 	 0.000098 	 0.090090 	 0.092260
  130 	 0.009560 	 0.089426 	 0.092260
  131 	 0.009660 	 0.090933 	 0.092260
  132 	 0.000392 	 0.091195 	 0.092260
  133 	 0.009560 	 0.090410 	 0.092260
  134 	 0.000196 	 0.089135 	 0.092260
  135 	 0.006886 	 0.090165 	 0.092260
  136 	 0.000098 	 0.088903 	 0.092260
  137 	 0.000784 	 0.090474 	 0.092260
  138 	 0.000049 	 0.090913 	 0.092260
  139 	 0.006886 	 0.090407 	 0.092260
  140 	 0.000049 	 0.088994 	 0.092260
  141 	 0.000392 	 0.090332 	 0.092260
  142 	 0.012423 	 0.090597 	 0.092261
  143 	 0.000784 	 0.090774 	 0.092261
  144 	 0.000049 	 0.089090 	 0.092261
  145 	 0.000049 	 0.089271 	 0.092261
  146 	 0.003134 	 0.089505 	 0.092261
  147 	 0.000049 	 0.090128 	 0.092261
  148 	 0.000196 	 0.089591 	 0.092261
  149 	 0.000098 	 0.089772 	 0.092261
  150 	 0.000049 	 0.088827 	 0.092261
  151 	 0.006258 	 0.088893 	 0.092261
  152 	 0.000049 	 0.090371 	 0.092261
  153 	 0.000392 	 0.088484 	 0.092261
  154 	 0.000098 	 0.090124 	 0.092261
  155 	 0.000196 	 0.089929 	 0.092261
  156 	 0.000049 	 0.089008 	 0.092261
  157 	 0.000049 	 0.088932 	 0.092261
  158 	 0.000049 	 0.088967 	 0.092261
  159 	 0.000098 	 0.090021 	 0.092261
  160 	 0.000196 	 0.090208 	 0.092261
  161 	 0.000049 	 0.088220 	 0.092261
  162 	 0.000392 	 0.090541 	 0.092261
  163 	 0.000049 	 0.090282 	 0.092261
  164 	 0.000098 	 0.088691 	 0.092261
  165 	 0.000098 	 0.089297 	 0.092261
  166 	 0.000049 	 0.089388 	 0.092261
  167 	 0.000784 	 0.089668 	 0.092261
  168 	 0.000196 	 0.089655 	 0.092261
  169 	 0.000196 	 0.089677 	 0.092261
  170 	 0.000392 	 0.089388 	 0.092261
  171 	 0.000196 	 0.090336 	 0.092261
  172 	 0.000049 	 0.090049 	 0.092261
  173 	 0.000784 	 0.091042 	 0.092261
  174 	 0.018025 	 0.090709 	 0.092261
  175 	 0.026885 	 0.091364 	 0.092261
  176 	 0.000196 	 0.090119 	 0.092261
  177 	 0.006258 	 0.089810 	 0.092261
  178 	 0.009659 	 0.090388 	 0.092261
  179 	 0.009558 	 0.090423 	 0.092261
  180 	 0.009558 	 0.089395 	 0.092261
  181 	 0.000392 	 0.090701 	 0.092261
  182 	 0.000049 	 0.089653 	 0.092261
  183 	 0.000049 	 0.090066 	 0.092261
  184 	 0.000196 	 0.089808 	 0.092261
  185 	 0.000049 	 0.086289 	 0.092261
  186 	 0.003134 	 0.090601 	 0.092261
  187 	 0.000098 	 0.089386 	 0.092261
  188 	 0.000392 	 0.089590 	 0.092261
  189 	 0.019089 	 0.091045 	 0.092261
  190 	 0.001568 	 0.090496 	 0.092261
  191 	 0.000392 	 0.089308 	 0.092261
  192 	 0.000392 	 0.089197 	 0.092261
  193 	 0.006258 	 0.090523 	 0.092261
  194 	 0.000098 	 0.090147 	 0.092261
  195 	 0.000098 	 0.089549 	 0.092261
  196 	 0.013797 	 0.091762 	 0.092261
  197 	 0.000784 	 0.090664 	 0.092261
  198 	 0.006258 	 0.090797 	 0.092261
  199 	 0.000049 	 0.091208 	 0.092261
  200 	 0.000784 	 0.090247 	 0.092261
  201 	 0.000392 	 0.088981 	 0.092261
  202 	 0.009659 	 0.090978 	 0.092261
  203 	 0.018025 	 0.090471 	 0.092261
  204 	 0.000392 	 0.089934 	 0.092261
  205 	 0.026885 	 0.091438 	 0.092261
  206 	 0.012425 	 0.090742 	 0.092261
  207 	 0.000196 	 0.091166 	 0.092261
  208 	 0.000049 	 0.089071 	 0.092261
  209 	 0.003134 	 0.089896 	 0.092261
  210 	 0.000098 	 0.089241 	 0.092261
  211 	 0.000049 	 0.089956 	 0.092261
  212 	 0.000098 	 0.091046 	 0.092261
  213 	 0.001568 	 0.090184 	 0.092261
  214 	 0.000098 	 0.090645 	 0.092261
  215 	 0.001568 	 0.090558 	 0.092261
  216 	 0.001568 	 0.089325 	 0.092261
  217 	 0.026885 	 0.091394 	 0.092261
  218 	 0.000098 	 0.090996 	 0.092261
  219 	 0.000784 	 0.089547 	 0.092261
  220 	 0.000049 	 0.090179 	 0.092261
  221 	 0.000196 	 0.089851 	 0.092261
  222 	 0.000049 	 0.089479 	 0.092261
  223 	 0.000392 	 0.089975 	 0.092261
  224 	 0.001568 	 0.090651 	 0.092261
  225 	 0.003132 	 0.089929 	 0.092261
  226 	 0.000196 	 0.088400 	 0.092261
  227 	 0.000049 	 0.090144 	 0.092261
  228 	 0.000098 	 0.090311 	 0.092261
  229 	 0.000196 	 0.090722 	 0.092261
  230 	 0.000784 	 0.089443 	 0.092261
  231 	 0.000784 	 0.089943 	 0.092261
  232 	 0.001568 	 0.091419 	 0.092261
  233 	 0.006258 	 0.090361 	 0.092261
  234 	 0.000049 	 0.090184 	 0.092261
  235 	 0.000196 	 0.090687 	 0.092261
  236 	 0.001568 	 0.089378 	 0.092261
  237 	 0.003134 	 0.090145 	 0.092261
  238 	 0.000392 	 0.089110 	 0.092261
  239 	 0.000392 	 0.089235 	 0.092261
  240 	 0.001568 	 0.090275 	 0.092261
  241 	 0.000392 	 0.090189 	 0.092261
  242 	 0.000784 	 0.090051 	 0.092261
  243 	 0.000784 	 0.090797 	 0.092261
  244 	 0.000049 	 0.090595 	 0.092261
  245 	 0.001568 	 0.090486 	 0.092261
  246 	 0.000049 	 0.089060 	 0.092261
  247 	 0.000196 	 0.090631 	 0.092261
  248 	 0.009659 	 0.090571 	 0.092261
  249 	 0.000196 	 0.089643 	 0.092261
  250 	 0.000196 	 0.090305 	 0.092261
  251 	 0.000098 	 0.087609 	 0.092261
  252 	 0.000196 	 0.089936 	 0.092261
  253 	 0.000784 	 0.089414 	 0.092261
  254 	 0.037725 	 0.091620 	 0.092261
  255 	 0.000049 	 0.089274 	 0.092261
  256 	 0.000098 	 0.090931 	 0.092261
  257 	 0.000049 	 0.089245 	 0.092261
  258 	 0.001568 	 0.090056 	 0.092261
  259 	 0.006258 	 0.090319 	 0.092261
  260 	 0.000049 	 0.089303 	 0.092261
  261 	 0.000049 	 0.090341 	 0.092261
  262 	 0.000049 	 0.090405 	 0.092261
  263 	 0.009659 	 0.091479 	 0.092261
  264 	 0.012425 	 0.090720 	 0.092261
  265 	 0.000049 	 0.090620 	 0.092261
  266 	 0.003134 	 0.090223 	 0.092261
  267 	 0.000784 	 0.091052 	 0.092261
  268 	 0.001568 	 0.090121 	 0.092261
  269 	 0.000196 	 0.090332 	 0.092261
  270 	 0.000049 	 0.090483 	 0.092261
  271 	 0.000196 	 0.090657 	 0.092261
  272 	 0.000098 	 0.090277 	 0.092261
  273 	 0.000049 	 0.089450 	 0.092261
  274 	 0.048506 	 0.091636 	 0.092261
  275 	 0.003134 	 0.091220 	 0.092261
  276 	 0.000196 	 0.090510 	 0.092261
  277 	 0.001568 	 0.090340 	 0.092261
  278 	 0.000392 	 0.089843 	 0.092261
  279 	 0.003134 	 0.088808 	 0.092261
  280 	 0.000098 	 0.091079 	 0.092261
  281 	 0.000098 	 0.089302 	 0.092261
  282 	 0.000392 	 0.090012 	 0.092261
  283 	 0.015912 	 0.090834 	 0.092261
  284 	 0.009659 	 0.090950 	 0.092261
  285 	 0.006258 	 0.091219 	 0.092261
  286 	 0.001563 	 0.089760 	 0.092261
  287 	 0.001254 	 0.090357 	 0.092261
  288 	 0.000196 	 0.090457 	 0.092261
  289 	 0.013797 	 0.091344 	 0.092261
  290 	 0.001568 	 0.089284 	 0.092261
  291 	 0.000098 	 0.090465 	 0.092261
  292 	 0.037725 	 0.091115 	 0.092261
  293 	 0.009571 	 0.091068 	 0.092261
  294 	 0.000196 	 0.089668 	 0.092261
  295 	 0.000049 	 0.090882 	 0.092261
  296 	 0.000196 	 0.089966 	 0.092261
  297 	 0.000049 	 0.089233 	 0.092261
  298 	 0.009558 	 0.089622 	 0.092261
  299 	 0.003134 	 0.090313 	 0.092261
  300 	 0.009558 	 0.090920 	 0.092261
  301 	 0.009659 	 0.089810 	 0.092261
  302 	 0.000196 	 0.089266 	 0.092261
  303 	 0.009659 	 0.091521 	 0.092261
  304 	 0.000049 	 0.090082 	 0.092261
  305 	 0.000049 	 0.090124 	 0.092261
  306 	 0.006258 	 0.090146 	 0.092261
  307 	 0.000098 	 0.091355 	 0.092261
  308 	 0.000392 	 0.089252 	 0.092261
  309 	 0.006258 	 0.090759 	 0.092261
  310 	 0.000196 	 0.090733 	 0.092261
  311 	 0.006258 	 0.091144 	 0.092261
  312 	 0.000784 	 0.090193 	 0.092261
  313 	 0.000049 	 0.091219 	 0.092261
  314 	 0.000049 	 0.089842 	 0.092261
  315 	 0.000098 	 0.089019 	 0.092261
  316 	 0.000392 	 0.089602 	 0.092261
  317 	 0.000049 	 0.089207 	 0.092261
  318 	 0.003134 	 0.091754 	 0.092261
  319 	 0.006886 	 0.090692 	 0.092261
  320 	 0.000392 	 0.090160 	 0.092261
  321 	 0.000049 	 0.086611 	 0.092261
  322 	 0.001568 	 0.089508 	 0.092261
  323 	 0.000392 	 0.089309 	 0.092261
  324 	 0.000049 	 0.089882 	 0.092261
  325 	 0.012425 	 0.091215 	 0.092261
  326 	 0.000392 	 0.090870 	 0.092261
  327 	 0.000196 	 0.089951 	 0.092261
  328 	 0.000392 	 0.088676 	 0.092261
  329 	 0.000392 	 0.089701 	 0.092261
  330 	 0.000784 	 0.090556 	 0.092261
  331 	 0.064826 	 0.091910 	 0.092261
  332 	 0.000049 	 0.089023 	 0.092261
  333 	 0.000784 	 0.090672 	 0.092261
  334 	 0.000098 	 0.090608 	 0.092261
  335 	 0.000049 	 0.088766 	 0.092261
  336 	 0.003134 	 0.090558 	 0.092261
  337 	 0.000196 	 0.090472 	 0.092261
  338 	 0.000196 	 0.090019 	 0.092261
  339 	 0.000196 	 0.089030 	 0.092261
  340 	 0.013797 	 0.090280 	 0.092261
  341 	 0.000392 	 0.090160 	 0.092261
  342 	 0.000196 	 0.089999 	 0.092261
  343 	 0.003134 	 0.090479 	 0.092261
  344 	 0.001568 	 0.088499 	 0.092261
  345 	 0.003134 	 0.090198 	 0.092261
  346 	 0.001568 	 0.090153 	 0.092261
  347 	 0.000196 	 0.089448 	 0.092261
  348 	 0.000784 	 0.089818 	 0.092261
  349 	 0.006886 	 0.090589 	 0.092261
  350 	 0.037725 	 0.091810 	 0.092261
  351 	 0.000784 	 0.089639 	 0.092261
  352 	 0.000049 	 0.090313 	 0.092261
  353 	 0.000049 	 0.089327 	 0.092261
  354 	 0.000196 	 0.088709 	 0.092261
  355 	 0.000196 	 0.089185 	 0.092261
  356 	 0.000098 	 0.089141 	 0.092261
  357 	 0.000049 	 0.089433 	 0.092261
  358 	 0.003132 	 0.090946 	 0.092261
  359 	 0.000098 	 0.089340 	 0.092261
  360 	 0.000784 	 0.090603 	 0.092261
  361 	 0.024223 	 0.091279 	 0.092261
  362 	 0.000196 	 0.090547 	 0.092261
  363 	 0.000771 	 0.087985 	 0.092261
  364 	 0.009652 	 0.090621 	 0.092261
  365 	 0.003134 	 0.090735 	 0.092261
  366 	 0.000098 	 0.087206 	 0.092261
  367 	 0.000049 	 0.089393 	 0.092261
  368 	 0.001568 	 0.090011 	 0.092261
  369 	 0.000784 	 0.089802 	 0.092261
  370 	 0.000049 	 0.089511 	 0.092261
  371 	 0.000098 	 0.089955 	 0.092261
  372 	 0.001568 	 0.089374 	 0.092261
  373 	 0.000392 	 0.090514 	 0.092261
  374 	 0.018025 	 0.091137 	 0.092261
  375 	 0.000392 	 0.090289 	 0.092261
  376 	 0.000198 	 0.089923 	 0.092261
  377 	 0.000392 	 0.090526 	 0.092261
  378 	 0.000392 	 0.090125 	 0.092261
  379 	 0.006258 	 0.089972 	 0.092261
  380 	 0.000098 	 0.089052 	 0.092261
  381 	 0.006258 	 0.089722 	 0.092261
  382 	 0.001568 	 0.089634 	 0.092261
  383 	 0.024223 	 0.090580 	 0.092261
  384 	 0.000049 	 0.088835 	 0.092261
  385 	 0.000098 	 0.089830 	 0.092261
  386 	 0.000098 	 0.089058 	 0.092261
  387 	 0.000098 	 0.088026 	 0.092261
  388 	 0.000196 	 0.089585 	 0.092261
  389 	 0.037725 	 0.091321 	 0.092261
  390 	 0.000098 	 0.090671 	 0.092261
  391 	 0.001568 	 0.089546 	 0.092261
  392 	 0.000098 	 0.090017 	 0.092261
  393 	 0.000098 	 0.089564 	 0.092261
  394 	 0.006886 	 0.090338 	 0.092261
  395 	 0.000392 	 0.090722 	 0.092261
  396 	 0.000196 	 0.090933 	 0.092261
  397 	 0.000392 	 0.089861 	 0.092261
  398 	 0.000784 	 0.088500 	 0.092261
  399 	 0.001568 	 0.089578 	 0.092261
  400 	 0.006886 	 0.090963 	 0.092261
  401 	 0.006886 	 0.090570 	 0.092261
  402 	 0.000049 	 0.090573 	 0.092261
  403 	 0.000098 	 0.089687 	 0.092261
  404 	 0.000049 	 0.091287 	 0.092261
  405 	 0.000157 	 0.089989 	 0.092261
  406 	 0.063469 	 0.091940 	 0.092261
  407 	 0.000784 	 0.089376 	 0.092261
  408 	 0.001568 	 0.090611 	 0.092261
  409 	 0.000049 	 0.090951 	 0.092261
  410 	 0.001568 	 0.090277 	 0.092261
  411 	 0.003134 	 0.090596 	 0.092261
  412 	 0.001569 	 0.090597 	 0.092261
  413 	 0.006258 	 0.089976 	 0.092261
  414 	 0.000392 	 0.091045 	 0.092261
  415 	 0.000784 	 0.089904 	 0.092261
  416 	 0.000784 	 0.089096 	 0.092261
  417 	 0.000049 	 0.090062 	 0.092261
  418 	 0.018025 	 0.091317 	 0.092261
  419 	 0.001568 	 0.091427 	 0.092261
  420 	 0.006258 	 0.090413 	 0.092261
  421 	 0.000098 	 0.090395 	 0.092261
  422 	 0.000784 	 0.089885 	 0.092261
  423 	 0.003134 	 0.091199 	 0.092261
  424 	 0.009558 	 0.089689 	 0.092261
  425 	 0.009659 	 0.089083 	 0.092261
  426 	 0.003134 	 0.091236 	 0.092261
  427 	 0.003134 	 0.089090 	 0.092261
  428 	 0.003134 	 0.089625 	 0.092261
  429 	 0.000049 	 0.090410 	 0.092261
  430 	 0.000049 	 0.090566 	 0.092261
  431 	 0.006258 	 0.090127 	 0.092261
  432 	 0.006886 	 0.089183 	 0.092261
  433 	 0.013747 	 0.091094 	 0.092261
  434 	 0.001568 	 0.090816 	 0.092261
  435 	 0.009711 	 0.091046 	 0.092261
  436 	 0.012425 	 0.090386 	 0.092261
  437 	 0.006886 	 0.091226 	 0.092261
  438 	 0.000049 	 0.089927 	 0.092261
  439 	 0.001568 	 0.089428 	 0.092261
  440 	 0.000392 	 0.091120 	 0.092261
  441 	 0.000049 	 0.088999 	 0.092261
  442 	 0.000098 	 0.089947 	 0.092261
  443 	 0.003134 	 0.091227 	 0.092261
  444 	 0.013797 	 0.091116 	 0.092261
  445 	 0.000392 	 0.089886 	 0.092261
  446 	 0.009659 	 0.091009 	 0.092261
  447 	 0.001568 	 0.090889 	 0.092261
  448 	 0.000196 	 0.089645 	 0.092261
  449 	 0.000784 	 0.089202 	 0.092261
  450 	 0.001568 	 0.091482 	 0.092261
  451 	 0.006886 	 0.090035 	 0.092261
  452 	 0.006258 	 0.090148 	 0.092261
  453 	 0.000098 	 0.090368 	 0.092261
  454 	 0.000784 	 0.090657 	 0.092261
  455 	 0.001568 	 0.090066 	 0.092261
  456 	 0.000196 	 0.090035 	 0.092261
  457 	 0.006258 	 0.089799 	 0.092261
  458 	 0.000784 	 0.090793 	 0.092261
  459 	 0.000049 	 0.090150 	 0.092261
  460 	 0.000392 	 0.090385 	 0.092261
  461 	 0.006886 	 0.090906 	 0.092261
  462 	 0.000049 	 0.089287 	 0.092261
  463 	 0.000196 	 0.089998 	 0.092261
  464 	 0.013797 	 0.090589 	 0.092261
  465 	 0.000049 	 0.088455 	 0.092261
  466 	 0.009659 	 0.090130 	 0.092261
  467 	 0.000049 	 0.089825 	 0.092261
  468 	 0.003134 	 0.090000 	 0.092261
  469 	 0.000098 	 0.089524 	 0.092261
  470 	 0.000049 	 0.088921 	 0.092261
  471 	 0.000196 	 0.090056 	 0.092261
  472 	 0.000196 	 0.090456 	 0.092261
  473 	 0.006888 	 0.091035 	 0.092261
  474 	 0.006886 	 0.091311 	 0.092261
  475 	 0.012425 	 0.091408 	 0.092261
  476 	 0.000784 	 0.088865 	 0.092261
  477 	 0.000784 	 0.090785 	 0.092261
  478 	 0.000784 	 0.090942 	 0.092261
  479 	 0.000392 	 0.088834 	 0.092261
  480 	 0.006258 	 0.089363 	 0.092261
  481 	 0.001568 	 0.091100 	 0.092261
  482 	 0.006258 	 0.090093 	 0.092261
  483 	 0.000049 	 0.090424 	 0.092261
  484 	 0.003135 	 0.089300 	 0.092261
  485 	 0.001568 	 0.089433 	 0.092261
  486 	 0.000049 	 0.090214 	 0.092261
  487 	 0.000196 	 0.089823 	 0.092261
  488 	 0.000098 	 0.090810 	 0.092261
  489 	 0.000392 	 0.091033 	 0.092261
  490 	 0.000049 	 0.088270 	 0.092261
  491 	 0.000392 	 0.089339 	 0.092261
  492 	 0.000196 	 0.090184 	 0.092261
  493 	 0.000049 	 0.089786 	 0.092261
  494 	 0.000049 	 0.090121 	 0.092261
  495 	 0.013811 	 0.090790 	 0.092261
  496 	 0.006258 	 0.091734 	 0.092261
  497 	 0.013797 	 0.090763 	 0.092261
  498 	 0.000196 	 0.090846 	 0.092261
  499 	 0.000098 	 0.090852 	 0.092261
 