   0 	 1.000784 	 3.569843 	 10.253764
    1 	 1.019600 	 5.556049 	 10.290304
    2 	 1.019600 	 7.082939 	 10.290304
    3 	 1.912025 	 8.245264 	 10.290304
    4 	 2.940449 	 8.817608 	 10.290304
    5 	 2.940449 	 9.178875 	 10.290304
    6 	 4.326976 	 9.213227 	 10.290304
    7 	 4.326976 	 9.334139 	 10.265936
    8 	 4.326976 	 9.396605 	 10.265936
    9 	 4.341584 	 9.437766 	 10.278116
   10 	 5.435236 	 9.551116 	 10.278116
   11 	 5.435236 	 9.690422 	 10.278116
   12 	 5.435236 	 9.775592 	 10.278116
   13 	 7.081156 	 9.892092 	 10.278116
   14 	 9.259876 	 10.011339 	 10.278116
   15 	 9.259876 	 10.120619 	 10.278116
   16 	 9.259876 	 10.138718 	 10.278116
   17 	 9.259876 	 10.139313 	 10.278116
   18 	 9.294400 	 10.151841 	 10.278116
   19 	 9.294400 	 10.177834 	 10.278116
   20 	 9.305924 	 10.161664 	 10.278116
   21 	 5.072324 	 10.166890 	 10.278116
   22 	 10.132484 	 10.239040 	 10.278116
   23 	 10.132484 	 10.245227 	 10.278116
   24 	 10.132484 	 10.239045 	 10.278116
   25 	 10.120400 	 10.231707 	 10.278116
   26 	 10.120400 	 10.233095 	 10.278116
   27 	 10.108324 	 10.230366 	 10.278116
   28 	 10.132484 	 10.227694 	 10.278116
   29 	 10.132484 	 10.236916 	 10.278116
   30 	 10.132484 	 10.237341 	 10.278116
   31 	 10.132484 	 10.245533 	 10.278116
   32 	 10.132484 	 10.245106 	 10.278116
   33 	 10.126441 	 10.244980 	 10.278116
   34 	 10.126441 	 10.250318 	 10.278116
   35 	 10.108324 	 10.249652 	 10.278116
   36 	 10.060100 	 10.248807 	 10.278116
   37 	 10.132484 	 10.249709 	 10.278116
   38 	 10.132484 	 10.254930 	 10.278116
   39 	 10.132484 	 10.256325 	 10.278116
   40 	 9.491396 	 10.250218 	 10.278116
   41 	 9.491396 	 10.250096 	 10.278116
   42 	 10.247681 	 10.257233 	 10.265936
   43 	 9.491396 	 10.250036 	 10.290304
   44 	 10.253764 	 10.257051 	 10.290304
   45 	 10.253764 	 10.256807 	 10.265936
   46 	 10.253764 	 10.256564 	 10.265936
   47 	 10.253764 	 10.257294 	 10.265936
   48 	 10.253764 	 10.257902 	 10.265936
   49 	 10.253764 	 10.258633 	 10.265936
   50 	 10.253764 	 10.258511 	 10.265936
   51 	 10.253764 	 10.258876 	 10.265936
   52 	 10.253764 	 10.259607 	 10.265936
   53 	 10.253764 	 10.259972 	 10.265936
   54 	 10.253764 	 10.260093 	 10.265936
   55 	 10.253764 	 10.260459 	 10.265936
   56 	 10.253764 	 10.260337 	 10.265936
   57 	 10.253764 	 10.260215 	 10.265936
   58 	 10.253764 	 10.259850 	 10.265936
   59 	 8.772944 	 10.245164 	 10.265936
   60 	 10.253764 	 10.258876 	 10.265936
   61 	 10.217296 	 10.258390 	 10.265936
   62 	 10.217296 	 10.257660 	 10.265936
   63 	 10.217296 	 10.256686 	 10.265936
   64 	 10.217296 	 10.257295 	 10.265936
   65 	 10.217296 	 10.257538 	 10.265936
   66 	 7.400900 	 10.227673 	 10.265936
   67 	 10.217296 	 10.255837 	 10.265936
   68 	 10.217296 	 10.257297 	 10.265936
   69 	 10.217296 	 10.256932 	 10.265936
   70 	 10.217296 	 10.258147 	 10.265936
   71 	 7.411024 	 10.229111 	 10.265936
   72 	 10.217296 	 10.257783 	 10.265936
   73 	 9.868484 	 10.253686 	 10.265936
   74 	 9.868484 	 10.252470 	 10.265936
   75 	 9.868484 	 10.252105 	 10.265936
   76 	 9.868484 	 10.238358 	 10.265936
   77 	 9.868484 	 10.218243 	 10.265936
   78 	 7.400900 	 10.190443 	 10.265936
   79 	 9.868484 	 10.211145 	 10.265936
   80 	 9.868484 	 10.220067 	 10.265936
   81 	 5.072324 	 10.170769 	 10.265936
   82 	 5.072324 	 10.114981 	 10.265936
   83 	 9.868484 	 10.209324 	 10.265936
   84 	 9.868484 	 10.216788 	 10.265936
   85 	 9.868484 	 10.223644 	 10.265936
   86 	 9.868484 	 10.220848 	 10.265936
   87 	 9.868484 	 10.236382 	 10.265936
   88 	 9.868484 	 10.241779 	 10.265936
   89 	 10.205156 	 10.246119 	 10.265936
   90 	 10.205156 	 10.243202 	 10.265936
   91 	 10.205156 	 10.246485 	 10.265936
   92 	 10.205156 	 10.246485 	 10.265936
   93 	 10.205156 	 10.246484 	 10.265936
   94 	 10.205156 	 10.246484 	 10.265936
   95 	 10.205156 	 10.249035 	 10.265936
   96 	 10.205156 	 10.248912 	 10.265936
   97 	 10.205156 	 10.248183 	 10.265936
   98 	 10.205156 	 10.251100 	 10.265936
   99 	 10.205156 	 10.246482 	 10.265936
 