   0 	 1.000081 	 3.298287 	 9.561476
    1 	 1.000441 	 5.328511 	 9.946081
    2 	 1.022201 	 6.940775 	 9.946081
    3 	 1.224676 	 8.243981 	 9.946081
    4 	 2.153476 	 8.485011 	 9.946081
    5 	 3.627641 	 8.830462 	 9.946081
    6 	 4.709476 	 8.952124 	 10.126441
    7 	 6.107600 	 9.047266 	 10.126441
    8 	 6.856400 	 9.180097 	 10.126441
    9 	 6.856400 	 9.175669 	 10.126441
   10 	 6.856400 	 9.227933 	 10.168784
   11 	 6.856400 	 9.278638 	 10.259849
   12 	 6.664400 	 9.335620 	 10.259849
   13 	 6.664400 	 9.339201 	 10.180900
   14 	 6.664400 	 9.347310 	 10.174841
   15 	 6.856400 	 9.384115 	 10.168784
   16 	 6.846724 	 9.334661 	 10.168784
   17 	 6.856400 	 9.330064 	 10.168784
   18 	 6.550736 	 9.306167 	 10.168784
   19 	 6.550736 	 9.349729 	 10.168784
   20 	 6.550736 	 9.359083 	 10.168784
   21 	 6.550736 	 9.466611 	 10.168784
   22 	 6.550736 	 9.331591 	 10.168784
   23 	 6.550736 	 9.336452 	 10.168784
   24 	 6.550736 	 9.520599 	 9.988004
   25 	 6.550736 	 9.538635 	 9.988004
   26 	 6.550736 	 9.583321 	 9.988004
   27 	 6.550736 	 9.509020 	 9.988004
   28 	 6.550736 	 9.516554 	 9.988004
   29 	 6.550736 	 9.518518 	 9.988004
   30 	 6.550736 	 9.587987 	 9.988004
   31 	 6.550736 	 9.638089 	 9.988004
   32 	 6.550736 	 9.710171 	 9.988004
   33 	 6.550736 	 9.706919 	 9.988004
   34 	 6.550736 	 9.688382 	 9.988004
   35 	 6.550736 	 9.636940 	 9.988004
   36 	 6.517801 	 9.677182 	 10.072144
   37 	 6.550736 	 9.749733 	 10.072144
   38 	 6.560164 	 9.889152 	 10.072144
   39 	 9.231161 	 9.937216 	 10.072144
   40 	 9.231161 	 9.936730 	 9.988004
   41 	 9.231161 	 9.936192 	 9.988004
   42 	 9.231161 	 9.924465 	 9.988004
   43 	 9.231161 	 9.898978 	 9.988004
   44 	 9.225424 	 9.890691 	 9.988004
   45 	 9.225424 	 9.891761 	 9.988004
   46 	 9.231161 	 9.879730 	 9.988004
   47 	 9.231161 	 9.893969 	 9.988004
   48 	 9.225424 	 9.898186 	 10.000000
   49 	 9.225424 	 9.906186 	 10.000000
   50 	 9.225424 	 9.887539 	 10.000000
   51 	 9.191044 	 9.906385 	 9.988004
   52 	 9.179600 	 9.909562 	 9.988004
   53 	 9.179600 	 9.893334 	 9.988004
   54 	 9.179600 	 9.904825 	 10.000000
   55 	 9.179600 	 9.925502 	 10.000000
   56 	 9.225424 	 9.941169 	 10.000000
   57 	 9.928144 	 9.961532 	 10.000000
   58 	 9.928144 	 9.960453 	 9.982009
   59 	 9.191044 	 9.951885 	 9.982009
   60 	 9.191044 	 9.953681 	 9.976016
   61 	 9.928144 	 9.962129 	 9.976016
   62 	 9.928144 	 9.961710 	 9.988004
   63 	 9.910225 	 9.960633 	 9.988004
   64 	 9.910225 	 9.963327 	 9.988004
   65 	 9.928144 	 9.963685 	 9.988004
   66 	 9.928144 	 9.965061 	 9.988004
   67 	 9.934121 	 9.962487 	 9.988004
   68 	 9.934121 	 9.960093 	 9.988004
   69 	 9.934121 	 9.960931 	 9.988004
   70 	 8.474756 	 9.944122 	 9.976016
   71 	 9.934121 	 9.957699 	 9.976016
   72 	 9.934121 	 9.956741 	 9.976016
   73 	 9.928144 	 9.955185 	 9.982009
   74 	 9.934121 	 9.957160 	 9.982009
   75 	 9.934121 	 9.955364 	 9.976016
   76 	 9.934121 	 9.957459 	 9.976016
   77 	 9.928144 	 9.960752 	 9.988004
   78 	 9.934121 	 9.963623 	 9.976016
   79 	 9.934121 	 9.965299 	 9.976016
   80 	 9.928144 	 9.962546 	 10.000000
   81 	 9.928144 	 9.963443 	 10.000000
   82 	 9.928144 	 9.966019 	 10.000000
   83 	 9.928144 	 9.966676 	 10.000000
   84 	 9.928144 	 9.966018 	 10.000000
   85 	 9.928144 	 9.965299 	 10.000000
   86 	 9.928144 	 9.966316 	 10.000000
   87 	 9.934121 	 9.967154 	 10.000000
   88 	 9.934121 	 9.965358 	 10.000000
   89 	 9.934121 	 9.964998 	 10.000000
   90 	 9.934121 	 9.963979 	 10.000000
   91 	 9.596624 	 9.959467 	 10.000000
   92 	 9.596624 	 9.959887 	 10.000000
   93 	 1.898704 	 9.885123 	 10.000000
   94 	 9.934121 	 9.966135 	 10.000000
   95 	 9.940100 	 9.966255 	 10.000000
   96 	 7.160324 	 9.940795 	 10.000000
   97 	 7.160324 	 9.912338 	 10.000000
   98 	 7.160324 	 9.912518 	 10.000000
   99 	 7.140484 	 9.912499 	 10.000000
 