   0 	 1.000400 	 3.394692 	 10.126441
    1 	 1.000400 	 5.154365 	 10.126441
    2 	 1.044100 	 7.730347 	 10.156676
    3 	 1.799236 	 8.711063 	 10.156676
    4 	 4.164841 	 9.085710 	 10.156676
    5 	 6.130225 	 9.248423 	 10.156676
    6 	 6.569600 	 9.347384 	 10.223369
    7 	 6.635876 	 9.240143 	 10.229444
    8 	 7.125625 	 9.305234 	 10.223369
    9 	 7.125625 	 9.256449 	 10.223369
   10 	 7.125625 	 9.274838 	 10.229444
   11 	 7.125625 	 9.405536 	 10.229444
   12 	 7.125625 	 9.666999 	 10.229444
   13 	 7.125625 	 9.586962 	 10.229444
   14 	 7.125625 	 9.621998 	 10.229444
   15 	 7.125625 	 9.610439 	 10.229444
   16 	 7.125625 	 9.745201 	 10.278116
   17 	 7.974881 	 9.817653 	 10.229444
   18 	 7.974881 	 9.913152 	 10.229444
   19 	 7.974881 	 9.855253 	 10.229444
   20 	 7.974881 	 9.893459 	 10.229444
   21 	 7.974881 	 9.970909 	 10.229444
   22 	 7.980164 	 9.993800 	 10.229444
   23 	 7.980164 	 9.998922 	 10.229444
   24 	 1.492804 	 9.955261 	 10.229444
   25 	 9.649481 	 10.111818 	 10.229444
   26 	 9.838729 	 10.135023 	 10.229444
   27 	 9.838729 	 10.129320 	 10.229444
   28 	 9.838729 	 10.122820 	 10.229444
   29 	 9.838729 	 10.134635 	 10.229444
   30 	 9.838729 	 10.129621 	 10.229444
   31 	 9.964036 	 10.135950 	 10.247681
   32 	 9.964036 	 10.124409 	 10.247681
   33 	 9.958049 	 10.126522 	 10.229444
   34 	 5.004001 	 10.077402 	 10.229444
   35 	 5.004001 	 10.063757 	 10.229444
   36 	 1.954529 	 10.036820 	 10.229444
   37 	 9.958049 	 10.122848 	 10.229444
   38 	 9.958049 	 10.124268 	 10.229444
   39 	 9.958049 	 10.128995 	 10.229444
   40 	 9.958049 	 10.141795 	 10.229444
   41 	 9.958049 	 10.140746 	 10.247681
   42 	 9.958049 	 10.156800 	 10.253764
   43 	 9.958049 	 10.154924 	 10.229444
   44 	 9.958049 	 10.156563 	 10.253764
   45 	 9.958049 	 10.152904 	 10.253764
   46 	 9.958049 	 10.149556 	 10.253764
   47 	 9.958049 	 10.154689 	 10.229444
   48 	 9.934121 	 10.145671 	 10.278116
   49 	 9.934121 	 10.144477 	 10.278116
   50 	 9.934121 	 10.149019 	 10.278116
   51 	 9.958049 	 10.160897 	 10.247681
   52 	 9.958049 	 10.147275 	 10.247681
   53 	 9.958049 	 10.146599 	 10.247681
   54 	 9.958049 	 10.135332 	 10.247681
   55 	 9.958049 	 10.145942 	 10.247681
   56 	 9.958049 	 10.158110 	 10.229444
   57 	 9.958049 	 10.153958 	 10.229444
   58 	 9.958049 	 10.153560 	 10.229444
   59 	 9.958049 	 10.149887 	 10.229444
   60 	 9.910225 	 10.151301 	 10.278116
   61 	 9.958049 	 10.153052 	 10.229444
   62 	 9.958049 	 10.148338 	 10.229444
   63 	 9.910225 	 10.137928 	 10.278116
   64 	 9.934121 	 10.144118 	 10.278116
   65 	 9.934121 	 10.143323 	 10.278116
   66 	 9.964036 	 10.142343 	 10.278116
   67 	 9.964036 	 10.155917 	 10.278116
   68 	 9.916196 	 10.160526 	 10.278116
   69 	 5.056196 	 10.130721 	 10.278116
   70 	 9.916196 	 10.184377 	 10.278116
   71 	 9.988004 	 10.189737 	 10.278116
   72 	 10.030025 	 10.186357 	 10.278116
   73 	 10.030025 	 10.190827 	 10.278116
   74 	 10.030025 	 10.183029 	 10.278116
   75 	 10.030025 	 10.175110 	 10.278116
   76 	 10.030025 	 10.170821 	 10.278116
   77 	 10.030025 	 10.176250 	 10.278116
   78 	 10.030025 	 10.171107 	 10.278116
   79 	 10.030025 	 10.177675 	 10.278116
   80 	 10.030025 	 10.176340 	 10.278116
   81 	 9.910225 	 10.174166 	 10.278116
   82 	 9.910225 	 10.175539 	 10.278116
   83 	 9.910225 	 10.175105 	 10.278116
   84 	 10.006001 	 10.179516 	 10.278116
   85 	 10.006001 	 10.169787 	 10.229444
   86 	 10.006001 	 10.158191 	 10.229444
   87 	 10.006001 	 10.146455 	 10.229444
   88 	 10.006001 	 10.131592 	 10.229444
   89 	 9.934121 	 10.147003 	 10.229444
   90 	 9.910225 	 10.146001 	 10.229444
   91 	 9.910225 	 10.156768 	 10.229444
   92 	 9.910225 	 10.145588 	 10.229444
   93 	 9.910225 	 10.135007 	 10.229444
   94 	 9.910225 	 10.116099 	 10.229444
   95 	 9.910225 	 10.117201 	 10.229444
   96 	 9.910225 	 10.117539 	 10.229444
   97 	 9.910225 	 10.108161 	 10.229444
   98 	 9.910225 	 10.091149 	 10.229444
   99 	 9.910225 	 10.090768 	 10.229444
 