   0 	 1.001600 	 3.007463 	 10.205156
    1 	 1.001600 	 4.784607 	 10.205156
    2 	 1.092416 	 6.997075 	 10.253764
    3 	 1.734449 	 7.587745 	 10.253764
    4 	 2.625625 	 8.286048 	 10.253764
    5 	 2.625625 	 8.459460 	 10.259849
    6 	 5.613904 	 8.937742 	 10.259849
    7 	 5.626801 	 9.041071 	 10.259849
    8 	 5.626801 	 8.885986 	 10.259849
    9 	 5.626801 	 9.041833 	 10.278116
   10 	 5.626801 	 9.262781 	 10.259849
   11 	 7.022116 	 9.326668 	 10.259849
   12 	 7.022116 	 9.358436 	 10.259849
   13 	 7.022116 	 9.482155 	 10.259849
   14 	 8.279204 	 9.574666 	 10.259849
   15 	 1.842724 	 9.565600 	 10.259849
   16 	 8.279204 	 9.630336 	 10.278116
   17 	 8.279204 	 9.762589 	 10.278116
   18 	 8.279204 	 9.739498 	 10.259849
   19 	 8.344100 	 9.875928 	 10.259849
   20 	 8.344100 	 9.895368 	 10.259849
   21 	 8.344100 	 9.938851 	 10.217296
   22 	 8.344100 	 9.965811 	 10.217296
   23 	 9.791225 	 10.002606 	 10.217296
   24 	 9.791225 	 10.009470 	 10.217296
   25 	 9.737936 	 10.039371 	 10.217296
   26 	 9.737936 	 10.003236 	 10.217296
   27 	 9.737936 	 10.007817 	 10.217296
   28 	 9.737936 	 10.033423 	 10.217296
   29 	 9.737936 	 10.066605 	 10.217296
   30 	 9.737936 	 10.055474 	 10.217296
   31 	 9.737936 	 10.082899 	 10.241600
   32 	 9.737936 	 10.066516 	 10.241600
   33 	 9.737936 	 10.063741 	 10.241600
   34 	 9.737936 	 10.085609 	 10.241600
   35 	 9.737936 	 10.061809 	 10.241600
   36 	 9.726116 	 10.084125 	 10.241600
   37 	 9.737936 	 10.093909 	 10.241600
   38 	 9.737936 	 10.078819 	 10.241600
   39 	 9.737936 	 10.087870 	 10.278116
   40 	 9.737936 	 10.080024 	 10.241600
   41 	 9.737936 	 10.095108 	 10.217296
   42 	 9.737936 	 10.088479 	 10.217296
   43 	 9.737936 	 10.101238 	 10.217296
   44 	 9.737936 	 10.093975 	 10.217296
   45 	 9.737936 	 10.094118 	 10.278116
   46 	 9.785296 	 10.094188 	 10.278116
   47 	 9.773444 	 10.093134 	 10.278116
   48 	 8.706176 	 10.087163 	 10.278116
   49 	 9.773444 	 10.117205 	 10.278116
   50 	 9.785296 	 10.130609 	 10.278116
   51 	 9.785296 	 10.114724 	 10.217296
   52 	 9.737936 	 10.101049 	 10.217296
   53 	 9.737936 	 10.102058 	 10.278116
   54 	 9.737936 	 10.139975 	 10.278116
   55 	 9.785296 	 10.155317 	 10.278116
   56 	 9.785296 	 10.167800 	 10.278116
   57 	 9.785296 	 10.156528 	 10.278116
   58 	 9.785296 	 10.164929 	 10.278116
   59 	 9.797156 	 10.158192 	 10.278116
   60 	 9.797156 	 10.148935 	 10.278116
   61 	 9.785296 	 10.133958 	 10.278116
   62 	 9.749764 	 10.095474 	 10.278116
   63 	 9.749764 	 10.101817 	 10.278116
   64 	 9.749764 	 10.091600 	 10.278116
   65 	 9.737936 	 10.097362 	 10.278116
   66 	 9.749764 	 10.110216 	 10.278116
   67 	 9.749764 	 10.106895 	 10.278116
   68 	 9.749764 	 10.110362 	 10.229444
   69 	 9.749764 	 10.080129 	 10.278116
   70 	 9.749764 	 10.085182 	 10.278116
   71 	 9.749764 	 10.061915 	 10.278116
   72 	 9.785296 	 10.075933 	 10.278116
   73 	 9.785296 	 10.108906 	 10.278116
   74 	 9.785296 	 10.118979 	 10.278116
   75 	 9.785296 	 10.092628 	 10.278116
   76 	 9.785296 	 10.098607 	 10.217296
   77 	 9.785296 	 10.119963 	 10.217296
   78 	 9.785296 	 10.141805 	 10.217296
   79 	 9.785296 	 10.157638 	 10.217296
   80 	 9.797156 	 10.149496 	 10.229444
   81 	 9.797156 	 10.155251 	 10.229444
   82 	 9.797156 	 10.154216 	 10.278116
   83 	 9.797156 	 10.162293 	 10.229444
   84 	 9.797156 	 10.172382 	 10.229444
   85 	 9.797156 	 10.169480 	 10.278116
   86 	 9.797156 	 10.172954 	 10.278116
   87 	 9.797156 	 10.174286 	 10.229444
   88 	 10.120400 	 10.188062 	 10.278116
   89 	 10.120400 	 10.188068 	 10.278116
   90 	 10.120400 	 10.192680 	 10.278116
   91 	 10.120400 	 10.189774 	 10.278116
   92 	 10.120400 	 10.188802 	 10.278116
   93 	 10.120400 	 10.192313 	 10.278116
   94 	 10.120400 	 10.191222 	 10.278116
   95 	 10.168784 	 10.193774 	 10.278116
   96 	 1.960400 	 10.110356 	 10.278116
   97 	 10.168784 	 10.194013 	 10.278116
   98 	 10.168784 	 10.197416 	 10.278116
   99 	 10.168784 	 10.195837 	 10.278116
 