   0 	 1.000361 	 3.536063 	 10.265936
    1 	 1.041616 	 5.244114 	 10.265936
    2 	 1.067081 	 6.708917 	 10.162729
    3 	 1.242064 	 7.585480 	 10.162729
    4 	 1.242064 	 8.034913 	 10.162729
    5 	 4.222025 	 8.702097 	 10.162729
    6 	 4.222025 	 8.763030 	 10.223369
    7 	 4.222025 	 9.173488 	 10.223369
    8 	 4.222025 	 9.302626 	 10.223369
    9 	 4.996001 	 9.466000 	 10.223369
   10 	 4.988009 	 9.523914 	 10.223369
   11 	 7.584356 	 9.609274 	 10.272025
   12 	 7.584356 	 9.625782 	 10.272025
   13 	 7.584356 	 9.615463 	 10.272025
   14 	 7.584356 	 9.705025 	 10.272025
   15 	 8.856809 	 9.805185 	 10.272025
   16 	 8.856809 	 9.835740 	 10.284209
   17 	 8.856809 	 9.932492 	 10.284209
   18 	 8.856809 	 9.909568 	 10.284209
   19 	 8.856809 	 9.900586 	 10.284209
   20 	 8.595536 	 9.930372 	 10.284209
   21 	 8.595536 	 9.930855 	 10.284209
   22 	 8.595536 	 9.977019 	 10.284209
   23 	 8.595536 	 10.001776 	 10.272025
   24 	 9.767521 	 10.048712 	 10.272025
   25 	 9.767521 	 10.041031 	 10.272025
   26 	 5.068289 	 9.987356 	 10.284209
   27 	 5.068289 	 9.969572 	 10.272025
   28 	 9.684809 	 10.035501 	 10.284209
   29 	 9.684809 	 10.053061 	 10.284209
   30 	 9.779369 	 10.093541 	 10.284209
   31 	 9.779369 	 10.090905 	 10.272025
   32 	 9.779369 	 10.074190 	 10.272025
   33 	 9.767521 	 10.085001 	 10.272025
   34 	 9.767521 	 10.087604 	 10.272025
   35 	 9.767521 	 10.115939 	 10.272025
   36 	 9.767521 	 10.106372 	 10.272025
   37 	 9.767521 	 10.118072 	 10.278116
   38 	 9.767521 	 10.111982 	 10.278116
   39 	 9.508889 	 10.070301 	 10.290304
   40 	 9.497225 	 10.067379 	 10.272025
   41 	 9.767521 	 10.071019 	 10.272025
   42 	 9.673025 	 10.089020 	 10.272025
   43 	 9.696601 	 10.108955 	 10.272025
   44 	 9.886361 	 10.099387 	 10.272025
   45 	 9.767521 	 10.098847 	 10.272025
   46 	 9.767521 	 10.110868 	 10.272025
   47 	 9.886361 	 10.121407 	 10.290304
   48 	 9.874441 	 10.119033 	 10.290304
   49 	 9.886361 	 10.136087 	 10.290304
   50 	 9.690704 	 10.140042 	 10.290304
   51 	 9.690704 	 10.112795 	 10.290304
   52 	 9.690704 	 10.102334 	 10.290304
   53 	 9.690704 	 10.112320 	 10.290304
   54 	 9.690704 	 10.114294 	 10.290304
   55 	 9.696601 	 10.115914 	 10.290304
   56 	 9.696601 	 10.105863 	 10.290304
   57 	 9.696601 	 10.099365 	 10.290304
   58 	 9.982009 	 10.104700 	 10.290304
   59 	 9.982009 	 10.101836 	 10.284209
   60 	 10.054081 	 10.104322 	 10.284209
   61 	 10.054081 	 10.105905 	 10.284209
   62 	 10.054081 	 10.111426 	 10.284209
   63 	 10.054081 	 10.106516 	 10.272025
   64 	 10.054081 	 10.108039 	 10.272025
   65 	 10.054081 	 10.117244 	 10.278116
   66 	 10.054081 	 10.119056 	 10.278116
   67 	 10.054081 	 10.104045 	 10.278116
   68 	 10.054081 	 10.110218 	 10.278116
   69 	 10.054081 	 10.098887 	 10.290304
   70 	 10.054081 	 10.110276 	 10.290304
   71 	 10.054081 	 10.120267 	 10.290304
   72 	 10.054081 	 10.135282 	 10.290304
   73 	 10.054081 	 10.139766 	 10.290304
   74 	 10.054081 	 10.145215 	 10.290304
   75 	 10.054081 	 10.150236 	 10.290304
   76 	 10.054081 	 10.155805 	 10.290304
   77 	 7.255001 	 10.144280 	 10.290304
   78 	 7.255001 	 10.148824 	 10.290304
   79 	 7.255001 	 10.144034 	 10.290304
   80 	 7.255001 	 10.115499 	 10.290304
   81 	 7.255001 	 10.120353 	 10.290304
   82 	 7.245001 	 10.102191 	 10.290304
   83 	 10.054081 	 10.187535 	 10.290304
   84 	 10.054081 	 10.181657 	 10.290304
   85 	 10.054081 	 10.207216 	 10.290304
   86 	 10.054081 	 10.210786 	 10.290304
   87 	 10.054081 	 10.211150 	 10.290304
   88 	 10.054081 	 10.198369 	 10.290304
   89 	 10.054081 	 10.213456 	 10.290304
   90 	 10.054081 	 10.223872 	 10.290304
   91 	 10.054081 	 10.216788 	 10.290304
   92 	 10.054081 	 10.232054 	 10.290304
   93 	 10.054081 	 10.246106 	 10.290304
   94 	 10.078169 	 10.249857 	 10.290304
   95 	 10.084196 	 10.270148 	 10.290304
   96 	 10.084196 	 10.271428 	 10.290304
   97 	 10.084196 	 10.272158 	 10.290304
   98 	 10.253764 	 10.272818 	 10.290304
   99 	 10.229444 	 10.272758 	 10.290304
 