   0 	 1.001849 	 3.131660 	 10.180900
    1 	 1.002704 	 5.110791 	 10.180900
    2 	 1.002704 	 6.437482 	 10.193024
    3 	 1.859329 	 7.194740 	 10.180900
    4 	 1.859329 	 7.819732 	 10.180900
    5 	 1.859329 	 8.460973 	 10.278116
    6 	 5.389025 	 8.977301 	 10.205156
    7 	 5.389025 	 9.276732 	 10.205156
    8 	 5.761124 	 9.727883 	 10.241600
    9 	 7.066369 	 9.796175 	 10.241600
   10 	 7.066369 	 9.921219 	 10.241600
   11 	 7.066369 	 9.957376 	 10.205156
   12 	 7.656400 	 9.999239 	 10.235521
   13 	 7.656400 	 10.022070 	 10.235521
   14 	 6.225796 	 10.018766 	 10.235521
   15 	 8.828804 	 10.095562 	 10.235521
   16 	 9.785296 	 10.127762 	 10.235521
   17 	 9.785296 	 10.131790 	 10.235521
   18 	 9.809024 	 10.136282 	 10.235521
   19 	 9.850625 	 10.142698 	 10.265936
   20 	 9.850625 	 10.136759 	 10.265936
   21 	 9.850625 	 10.127212 	 10.265936
   22 	 9.850625 	 10.123666 	 10.265936
   23 	 9.850625 	 10.129816 	 10.168784
   24 	 9.850625 	 10.129331 	 10.168784
   25 	 9.850625 	 10.135937 	 10.168784
   26 	 9.850625 	 10.129204 	 10.168784
   27 	 9.850625 	 10.122782 	 10.168784
   28 	 9.850625 	 10.110835 	 10.168784
   29 	 9.850625 	 10.098942 	 10.168784
   30 	 9.785296 	 10.092599 	 10.235521
   31 	 9.850625 	 10.087906 	 10.235521
   32 	 9.803089 	 10.087513 	 10.235521
   33 	 9.755681 	 10.084279 	 10.265936
   34 	 9.755681 	 10.099326 	 10.265936
   35 	 9.755681 	 10.099803 	 10.265936
   36 	 9.755681 	 10.106998 	 10.265936
   37 	 9.785296 	 10.106398 	 10.265936
   38 	 9.785296 	 10.114089 	 10.265936
   39 	 9.785296 	 10.107134 	 10.265936
   40 	 9.785296 	 10.102898 	 10.265936
   41 	 9.785296 	 10.095450 	 10.265936
   42 	 9.785296 	 10.110210 	 10.265936
   43 	 9.785296 	 10.118369 	 10.265936
   44 	 9.785296 	 10.127479 	 10.265936
   45 	 9.803089 	 10.124820 	 10.265936
   46 	 9.803089 	 10.119692 	 10.265936
   47 	 9.410000 	 10.107549 	 10.265936
   48 	 9.410000 	 10.106733 	 10.265936
   49 	 9.803089 	 10.119691 	 10.265936
   50 	 9.803089 	 10.130272 	 10.265936
   51 	 9.803089 	 10.137932 	 10.265936
   52 	 9.785296 	 10.141190 	 10.265936
   53 	 9.785296 	 10.125870 	 10.241600
   54 	 9.785296 	 10.138062 	 10.241600
   55 	 9.785296 	 10.129487 	 10.241600
   56 	 9.785296 	 10.144049 	 10.241600
   57 	 9.832784 	 10.150568 	 10.241600
   58 	 9.785296 	 10.148706 	 10.265936
   59 	 9.785296 	 10.152471 	 10.168784
   60 	 9.785296 	 10.140405 	 10.168784
   61 	 9.785296 	 10.138277 	 10.168784
   62 	 9.785296 	 10.136889 	 10.168784
   63 	 9.785296 	 10.144047 	 10.168784
   64 	 9.785296 	 10.153771 	 10.168784
   65 	 9.785296 	 10.153529 	 10.168784
   66 	 9.785296 	 10.160715 	 10.168784
   67 	 10.120400 	 10.162131 	 10.168784
   68 	 10.120400 	 10.163582 	 10.168784
   69 	 10.120400 	 10.165094 	 10.168784
   70 	 10.120400 	 10.165094 	 10.168784
   71 	 10.120400 	 10.162736 	 10.168784
   72 	 10.120400 	 10.164308 	 10.168784
   73 	 10.120400 	 10.165397 	 10.168784
   74 	 10.120400 	 10.167816 	 10.168784
   75 	 10.120400 	 10.167332 	 10.168784
   76 	 10.120400 	 10.167816 	 10.168784
   77 	 10.120400 	 10.168300 	 10.168784
   78 	 10.168784 	 10.168784 	 10.168784
   79 	 10.168784 	 10.168784 	 10.168784
   80 	 10.168784 	 10.168784 	 10.168784
   81 	 10.168784 	 10.169756 	 10.265936
   82 	 10.168784 	 10.168784 	 10.168784
   83 	 7.330256 	 10.140399 	 10.168784
   84 	 7.330256 	 10.140399 	 10.168784
   85 	 10.168784 	 10.168784 	 10.168784
   86 	 10.168784 	 10.168784 	 10.168784
   87 	 10.168784 	 10.168784 	 10.168784
   88 	 10.168784 	 10.168784 	 10.168784
   89 	 10.168784 	 10.168784 	 10.168784
   90 	 5.016016 	 10.117256 	 10.168784
   91 	 5.016016 	 10.117256 	 10.168784
   92 	 10.168784 	 10.168784 	 10.168784
   93 	 10.168784 	 10.168784 	 10.168784
   94 	 10.168784 	 10.168784 	 10.168784
   95 	 10.168784 	 10.168784 	 10.168784
   96 	 10.168784 	 10.168784 	 10.168784
   97 	 10.168784 	 10.168784 	 10.168784
   98 	 10.168784 	 10.169026 	 10.193024
   99 	 10.168784 	 10.169026 	 10.193024
 