   0 	 1.000016 	 3.104159 	 10.048064
    1 	 1.001225 	 5.607099 	 10.048064
    2 	 1.400689 	 6.780661 	 10.048064
    3 	 1.786769 	 7.987208 	 10.048064
    4 	 3.795584 	 8.707532 	 10.048064
    5 	 1.876096 	 9.164355 	 10.186961
    6 	 5.739329 	 9.234612 	 10.186961
    7 	 5.809249 	 9.337360 	 10.186961
    8 	 5.809249 	 9.401825 	 10.186961
    9 	 7.051600 	 9.565785 	 10.193024
   10 	 7.110784 	 9.670308 	 10.193024
   11 	 7.110784 	 9.790589 	 10.186961
   12 	 7.110784 	 9.795963 	 10.241600
   13 	 8.193124 	 9.798925 	 10.290304
   14 	 8.193124 	 9.821218 	 10.290304
   15 	 8.193124 	 9.826812 	 10.290304
   16 	 8.193124 	 9.831804 	 10.290304
   17 	 8.139584 	 9.814923 	 10.290304
   18 	 8.193124 	 9.841873 	 10.290304
   19 	 8.193124 	 9.899930 	 10.290304
   20 	 8.203856 	 9.921104 	 10.290304
   21 	 8.230721 	 9.930724 	 10.241600
   22 	 9.667136 	 9.970267 	 10.241600
   23 	 9.832784 	 9.962832 	 10.241600
   24 	 9.832784 	 9.955260 	 10.144576
   25 	 9.832784 	 9.946760 	 10.144576
   26 	 9.832784 	 9.948038 	 10.193024
   27 	 9.761600 	 9.953228 	 10.217296
   28 	 9.832784 	 9.963528 	 10.217296
   29 	 9.761600 	 9.975835 	 10.217296
   30 	 9.832784 	 9.976797 	 10.217296
   31 	 9.832784 	 9.999418 	 10.265936
   32 	 9.761600 	 10.004502 	 10.290304
   33 	 9.761600 	 10.014385 	 10.290304
   34 	 9.761600 	 10.007754 	 10.290304
   35 	 9.761600 	 10.014906 	 10.290304
   36 	 9.832784 	 10.032971 	 10.290304
   37 	 9.832784 	 10.049848 	 10.290304
   38 	 9.832784 	 10.057342 	 10.290304
   39 	 9.832784 	 10.065564 	 10.290304
   40 	 9.832784 	 10.056647 	 10.290304
   41 	 9.832784 	 10.043474 	 10.290304
   42 	 9.832784 	 10.035597 	 10.290304
   43 	 9.832784 	 10.028129 	 10.290304
   44 	 9.832784 	 10.060925 	 10.290304
   45 	 9.832784 	 10.066208 	 10.290304
   46 	 9.832784 	 10.040151 	 10.290304
   47 	 9.832784 	 10.049327 	 10.290304
   48 	 9.832784 	 10.048126 	 10.290304
   49 	 9.832784 	 10.059186 	 10.290304
   50 	 9.832784 	 10.080104 	 10.290304
   51 	 9.832784 	 10.068826 	 10.290304
   52 	 9.832784 	 10.051765 	 10.290304
   53 	 9.832784 	 10.042139 	 10.290304
   54 	 9.832784 	 10.045562 	 10.290304
   55 	 9.832784 	 10.077750 	 10.290304
   56 	 9.832784 	 10.092956 	 10.290304
   57 	 9.832784 	 10.109147 	 10.290304
   58 	 9.832784 	 10.098042 	 10.290304
   59 	 9.832784 	 10.077562 	 10.290304
   60 	 9.832784 	 10.089681 	 10.290304
   61 	 9.832784 	 10.083404 	 10.290304
   62 	 9.832784 	 10.101196 	 10.290304
   63 	 9.761600 	 10.091341 	 10.290304
   64 	 9.761600 	 10.114955 	 10.290304
   65 	 9.761600 	 10.086031 	 10.290304
   66 	 9.761600 	 10.103581 	 10.290304
   67 	 9.761600 	 10.075214 	 10.290304
   68 	 9.761600 	 10.127760 	 10.290304
   69 	 9.761600 	 10.128976 	 10.290304
   70 	 9.761600 	 10.138094 	 10.290304
   71 	 9.761600 	 10.190121 	 10.290304
   72 	 9.761600 	 10.204837 	 10.290304
   73 	 9.761600 	 10.202418 	 10.290304
   74 	 2.000000 	 10.127860 	 10.290304
   75 	 9.761600 	 10.197726 	 10.290304
   76 	 9.761600 	 10.211515 	 10.290304
   77 	 9.761600 	 10.217514 	 10.290304
   78 	 9.856576 	 10.240647 	 10.290304
   79 	 9.856576 	 10.240378 	 10.290304
   80 	 9.856576 	 10.256078 	 10.290304
   81 	 9.856576 	 10.256801 	 10.290304
   82 	 9.856576 	 10.260181 	 10.290304
   83 	 10.144576 	 10.264519 	 10.290304
   84 	 10.144576 	 10.262825 	 10.290304
   85 	 10.144576 	 10.262334 	 10.290304
   86 	 10.144576 	 10.263544 	 10.290304
   87 	 10.144576 	 10.267916 	 10.290304
   88 	 10.144576 	 10.273752 	 10.290304
   89 	 10.144576 	 10.271812 	 10.290304
   90 	 10.144576 	 10.276188 	 10.290304
   91 	 10.144576 	 10.279597 	 10.290304
   92 	 10.144576 	 10.274247 	 10.290304
   93 	 10.144576 	 10.279117 	 10.290304
   94 	 10.144576 	 10.284463 	 10.290304
   95 	 10.241600 	 10.286895 	 10.290304
   96 	 10.241600 	 10.286408 	 10.290304
   97 	 10.241600 	 10.286895 	 10.290304
   98 	 10.241600 	 10.286408 	 10.290304
   99 	 10.241600 	 10.286408 	 10.290304
 