   0 	 1.000169 	 3.419003 	 10.211225
    1 	 1.004096 	 5.731348 	 10.211225
    2 	 2.210000 	 7.695328 	 10.211225
    3 	 3.247001 	 8.303509 	 10.211225
    4 	 3.954961 	 8.562377 	 10.229444
    5 	 3.954961 	 8.362050 	 10.168784
    6 	 3.954961 	 8.987348 	 10.168784
    7 	 3.883204 	 9.237393 	 10.229444
    8 	 6.248681 	 9.336945 	 10.229444
    9 	 6.248681 	 9.422725 	 10.229444
   10 	 4.020644 	 9.417693 	 10.229444
   11 	 4.020644 	 9.592932 	 10.229444
   12 	 7.786025 	 9.772868 	 10.168784
   13 	 7.786025 	 9.807335 	 10.168784
   14 	 7.786025 	 9.837221 	 10.168784
   15 	 7.806881 	 9.876693 	 10.168784
   16 	 7.806881 	 9.895367 	 10.168784
   17 	 7.806881 	 9.908771 	 10.168784
   18 	 9.363664 	 9.929882 	 10.168784
   19 	 9.363664 	 9.954164 	 10.168784
   20 	 9.363664 	 9.925683 	 10.168784
   21 	 9.363664 	 9.977472 	 10.168784
   22 	 9.410000 	 9.994545 	 10.168784
   23 	 9.410000 	 9.987570 	 10.168784
   24 	 9.410000 	 10.004422 	 10.168784
   25 	 9.410000 	 10.016764 	 10.168784
   26 	 9.410000 	 10.000028 	 10.168784
   27 	 9.410000 	 10.023565 	 10.168784
   28 	 9.934121 	 10.034758 	 10.168784
   29 	 9.922169 	 10.046126 	 10.168784
   30 	 9.922169 	 10.045590 	 10.168784
   31 	 9.922169 	 10.042890 	 10.168784
   32 	 9.922169 	 10.051259 	 10.168784
   33 	 9.922169 	 10.041991 	 10.168784
   34 	 9.922169 	 10.054697 	 10.168784
   35 	 9.922169 	 10.064393 	 10.168784
   36 	 9.922169 	 10.073976 	 10.168784
   37 	 9.922169 	 10.059251 	 10.168784
   38 	 9.922169 	 10.061889 	 10.168784
   39 	 4.980025 	 9.992315 	 10.168784
   40 	 9.922169 	 10.049973 	 10.168784
   41 	 9.922169 	 10.045522 	 10.168784
   42 	 9.922169 	 10.051851 	 10.168784
   43 	 1.942841 	 9.959556 	 10.211225
   44 	 9.916196 	 10.063228 	 10.217296
   45 	 9.922169 	 10.065318 	 10.211225
   46 	 9.922169 	 10.071506 	 10.168784
   47 	 9.970025 	 10.084678 	 10.168784
   48 	 9.970025 	 10.086786 	 10.168784
   49 	 9.970025 	 10.088652 	 10.168784
   50 	 9.922169 	 10.099073 	 10.168784
   51 	 9.922169 	 10.095294 	 10.168784
   52 	 9.922169 	 10.093959 	 10.168784
   53 	 9.964036 	 10.088888 	 10.168784
   54 	 9.922169 	 10.082091 	 10.168784
   55 	 9.922169 	 10.079393 	 10.168784
   56 	 9.922169 	 10.073793 	 10.168784
   57 	 9.922169 	 10.072432 	 10.168784
   58 	 9.922169 	 10.071010 	 10.168784
   59 	 9.922169 	 10.070472 	 10.168784
   60 	 9.922169 	 10.061669 	 10.168784
   61 	 9.922169 	 10.069852 	 10.168784
   62 	 9.922169 	 10.075266 	 10.168784
   63 	 9.928144 	 10.077839 	 10.168784
   64 	 5.016016 	 10.021062 	 10.168784
   65 	 9.970025 	 10.083607 	 10.168784
   66 	 9.970025 	 10.091507 	 10.217296
   67 	 9.928144 	 10.094639 	 10.168784
   68 	 9.928144 	 10.084186 	 10.168784
   69 	 9.928144 	 10.087620 	 10.168784
   70 	 9.922169 	 10.086521 	 10.168784
   71 	 9.922169 	 10.087486 	 10.168784
   72 	 9.922169 	 10.083938 	 10.168784
   73 	 9.922169 	 10.084715 	 10.168784
   74 	 9.922169 	 10.081339 	 10.168784
   75 	 9.922169 	 10.086221 	 10.168784
   76 	 9.922169 	 10.084902 	 10.168784
   77 	 9.922169 	 10.087070 	 10.168784
   78 	 9.922169 	 10.099699 	 10.168784
   79 	 9.922169 	 10.107580 	 10.168784
   80 	 9.922169 	 10.105487 	 10.168784
   81 	 9.922169 	 10.097005 	 10.168784
   82 	 9.922169 	 10.106760 	 10.168784
   83 	 9.922169 	 10.106145 	 10.168784
   84 	 9.922169 	 10.112232 	 10.168784
   85 	 9.922169 	 10.103808 	 10.168784
   86 	 9.922169 	 10.104715 	 10.168784
   87 	 9.922169 	 10.101359 	 10.168784
   88 	 9.922169 	 10.103582 	 10.168784
   89 	 9.922169 	 10.107187 	 10.168784
   90 	 9.922169 	 10.124202 	 10.168784
   91 	 9.922169 	 10.118167 	 10.168784
   92 	 9.970025 	 10.125381 	 10.168784
   93 	 1.896809 	 10.040129 	 10.168784
   94 	 9.970025 	 10.128614 	 10.168784
   95 	 9.970025 	 10.128909 	 10.168784
   96 	 4.980025 	 10.081851 	 10.168784
   97 	 9.970025 	 10.140125 	 10.168784
   98 	 10.114361 	 10.139694 	 10.168784
   99 	 10.114361 	 10.141991 	 10.168784
 