   0 	 1.000000 	 3.691683 	 9.755681
    1 	 1.005041 	 5.414427 	 9.880400
    2 	 1.005041 	 6.664549 	 9.880400
    3 	 1.835396 	 7.354689 	 9.880400
    4 	 2.718721 	 8.024505 	 9.892324
    5 	 3.604996 	 8.623798 	 9.892324
    6 	 3.604996 	 8.986342 	 9.880400
    7 	 3.604996 	 9.221080 	 9.880400
    8 	 4.736489 	 9.468882 	 9.916196
    9 	 7.692569 	 9.569325 	 9.880400
   10 	 7.692569 	 9.561848 	 9.880400
   11 	 7.697744 	 9.590730 	 9.880400
   12 	 7.697744 	 9.531102 	 9.880400
   13 	 7.702921 	 9.656245 	 9.880400
   14 	 7.749604 	 9.699400 	 9.880400
   15 	 7.749604 	 9.727817 	 9.844676
   16 	 7.749604 	 9.712267 	 9.892324
   17 	 7.749604 	 9.693865 	 9.844676
   18 	 7.749604 	 9.720296 	 9.892324
   19 	 9.003241 	 9.724061 	 9.892324
   20 	 9.003241 	 9.723014 	 9.892324
   21 	 9.538084 	 9.733283 	 9.844676
   22 	 9.538084 	 9.735951 	 9.844676
   23 	 9.538084 	 9.734477 	 9.844676
   24 	 9.538084 	 9.739287 	 9.844676
   25 	 9.538084 	 9.737515 	 9.844676
   26 	 9.538084 	 9.734118 	 9.844676
   27 	 9.555625 	 9.728893 	 9.844676
   28 	 9.555625 	 9.725115 	 9.844676
   29 	 9.555625 	 9.723112 	 9.844676
   30 	 9.555625 	 9.721242 	 9.844676
   31 	 9.555625 	 9.724127 	 9.844676
   32 	 9.555625 	 9.724162 	 10.126441
   33 	 9.555625 	 9.724925 	 10.126441
   34 	 9.555625 	 9.723940 	 10.126441
   35 	 9.555625 	 9.717649 	 10.126441
   36 	 9.555625 	 9.719492 	 10.126441
   37 	 9.538084 	 9.725017 	 10.126441
   38 	 9.555625 	 9.732085 	 9.844676
   39 	 9.555625 	 9.739416 	 9.844676
   40 	 9.631844 	 9.740704 	 9.844676
   41 	 9.631844 	 9.746860 	 9.844676
   42 	 9.631844 	 9.751652 	 9.844676
   43 	 9.631844 	 9.739008 	 9.844676
   44 	 9.631844 	 9.727257 	 9.844676
   45 	 9.631844 	 9.730764 	 9.844676
   46 	 9.631844 	 9.730907 	 9.844676
   47 	 1.826281 	 9.652283 	 9.844676
   48 	 1.826281 	 9.585304 	 9.844676
   49 	 1.855625 	 9.668565 	 9.844676
   50 	 9.555625 	 9.743006 	 9.844676
   51 	 9.555625 	 9.731872 	 9.844676
   52 	 9.555625 	 9.743251 	 9.934121
   53 	 9.555625 	 9.751994 	 9.934121
   54 	 9.555625 	 9.761326 	 9.934121
   55 	 9.555625 	 9.759133 	 9.934121
   56 	 9.555625 	 9.764587 	 9.934121
   57 	 9.555625 	 9.758481 	 9.934121
   58 	 9.555625 	 9.758545 	 9.934121
   59 	 9.561476 	 9.760363 	 9.982009
   60 	 9.625969 	 9.765510 	 9.982009
   61 	 9.655364 	 9.775294 	 9.982009
   62 	 9.655364 	 9.768336 	 9.982009
   63 	 9.532241 	 9.768762 	 9.982009
   64 	 9.532241 	 9.770251 	 9.982009
   65 	 9.532241 	 9.775575 	 9.982009
   66 	 9.532241 	 9.768701 	 9.886361
   67 	 9.532241 	 9.774384 	 9.886361
   68 	 9.720209 	 9.782312 	 9.886361
   69 	 9.720209 	 9.783843 	 9.886361
   70 	 9.720209 	 9.783668 	 9.892324
   71 	 9.720209 	 9.784256 	 9.892324
   72 	 9.720209 	 9.786270 	 9.892324
   73 	 9.726116 	 9.789533 	 9.892324
   74 	 9.726116 	 9.778494 	 9.892324
   75 	 9.726116 	 9.779620 	 9.892324
   76 	 9.726116 	 9.785673 	 9.892324
   77 	 9.726116 	 9.786322 	 9.892324
   78 	 9.726116 	 9.779798 	 9.892324
   79 	 9.726116 	 9.784009 	 9.892324
   80 	 9.726116 	 9.786445 	 9.892324
   81 	 9.726116 	 9.785436 	 9.892324
   82 	 9.726116 	 9.785616 	 9.892324
   83 	 9.726116 	 9.789300 	 9.892324
   84 	 9.726116 	 9.784432 	 9.892324
   85 	 9.726116 	 9.783247 	 9.892324
   86 	 9.726116 	 9.786867 	 9.892324
   87 	 9.726116 	 9.780575 	 9.892324
   88 	 9.726116 	 9.778201 	 9.892324
   89 	 9.726116 	 9.775527 	 9.892324
   90 	 9.696601 	 9.776177 	 9.886361
   91 	 9.726116 	 9.785725 	 9.892324
   92 	 9.726116 	 9.789816 	 9.892324
   93 	 9.726116 	 9.788161 	 9.892324
   94 	 9.743849 	 9.788219 	 9.892324
   95 	 9.743849 	 9.794039 	 9.892324
   96 	 9.726116 	 9.798674 	 9.892324
   97 	 9.726116 	 9.795293 	 9.892324
   98 	 1.828100 	 9.717861 	 9.892324
   99 	 9.726116 	 9.793342 	 9.892324
 