   0 	 1.000144 	 3.633601 	 10.211225
    1 	 1.116964 	 5.179336 	 10.211225
    2 	 1.342225 	 6.833369 	 10.211225
    3 	 2.216609 	 8.144572 	 10.259849
    4 	 4.363556 	 8.942049 	 10.259849
    5 	 4.363556 	 9.224961 	 10.259849
    6 	 4.363556 	 9.433826 	 10.259849
    7 	 4.363556 	 9.556934 	 10.259849
    8 	 4.186225 	 9.711574 	 10.259849
    9 	 4.186225 	 9.663742 	 10.259849
   10 	 4.363556 	 9.823714 	 10.241600
   11 	 4.363556 	 9.805487 	 10.241600
   12 	 7.780816 	 9.821567 	 10.241600
   13 	 9.162449 	 9.908492 	 10.241600
   14 	 9.162449 	 9.818337 	 10.235521
   15 	 9.162449 	 9.861428 	 10.211225
   16 	 9.162449 	 9.835063 	 10.211225
   17 	 9.162449 	 9.868620 	 10.211225
   18 	 9.162449 	 9.904369 	 10.211225
   19 	 9.162449 	 9.846525 	 10.284209
   20 	 9.162449 	 9.877486 	 10.235521
   21 	 9.162449 	 9.921653 	 10.235521
   22 	 9.168164 	 9.928720 	 10.211225
   23 	 9.162449 	 9.891157 	 10.211225
   24 	 9.162449 	 9.928653 	 10.211225
   25 	 9.162449 	 9.957182 	 10.211225
   26 	 9.213956 	 9.969340 	 10.211225
   27 	 9.173881 	 9.959139 	 10.253764
   28 	 9.213956 	 9.969429 	 10.211225
   29 	 9.219689 	 9.994092 	 10.211225
   30 	 9.162449 	 9.975821 	 10.259849
   31 	 9.196769 	 9.991883 	 10.278116
   32 	 9.196769 	 10.001618 	 10.278116
   33 	 9.196769 	 10.034806 	 10.278116
   34 	 9.162449 	 9.991630 	 10.278116
   35 	 4.853369 	 9.933826 	 10.284209
   36 	 9.196769 	 9.996247 	 10.278116
   37 	 9.910225 	 9.996318 	 10.259849
   38 	 9.910225 	 10.006232 	 10.259849
   39 	 9.910225 	 10.024770 	 10.259849
   40 	 9.910225 	 10.014743 	 10.259849
   41 	 9.910225 	 10.026589 	 10.259849
   42 	 9.910225 	 10.049873 	 10.259849
   43 	 9.910225 	 10.036154 	 10.259849
   44 	 9.910225 	 10.034476 	 10.259849
   45 	 9.910225 	 10.042191 	 10.259849
   46 	 9.910225 	 10.033661 	 10.259849
   47 	 9.910225 	 10.070549 	 10.259849
   48 	 9.910225 	 10.062939 	 10.259849
   49 	 9.910225 	 10.065942 	 10.259849
   50 	 9.910225 	 10.051194 	 10.259849
   51 	 9.910225 	 10.052850 	 10.259849
   52 	 9.910225 	 10.057321 	 10.259849
   53 	 9.910225 	 10.059071 	 10.259849
   54 	 9.910225 	 10.064731 	 10.259849
   55 	 9.910225 	 10.057582 	 10.259849
   56 	 9.910225 	 10.062918 	 10.272025
   57 	 9.910225 	 10.059620 	 10.272025
   58 	 9.910225 	 10.055003 	 10.272025
   59 	 9.910225 	 10.047685 	 10.272025
   60 	 9.910225 	 10.084219 	 10.272025
   61 	 9.910225 	 10.087983 	 10.284209
   62 	 9.910225 	 10.087834 	 10.284209
   63 	 9.910225 	 10.101612 	 10.284209
   64 	 9.910225 	 10.113681 	 10.284209
   65 	 9.910225 	 10.122858 	 10.284209
   66 	 9.910225 	 10.112028 	 10.284209
   67 	 9.910225 	 10.092989 	 10.259849
   68 	 9.910225 	 10.104058 	 10.259849
   69 	 9.910225 	 10.132619 	 10.265936
   70 	 9.910225 	 10.148385 	 10.259849
   71 	 9.910225 	 10.149523 	 10.259849
   72 	 9.910225 	 10.146285 	 10.265936
   73 	 9.910225 	 10.148392 	 10.272025
   74 	 9.910225 	 10.146534 	 10.272025
   75 	 9.910225 	 10.151463 	 10.259849
   76 	 5.076361 	 10.107528 	 10.259849
   77 	 9.934121 	 10.153571 	 10.259849
   78 	 9.934121 	 10.158033 	 10.259849
   79 	 9.946081 	 10.163714 	 10.259849
   80 	 9.946081 	 10.165357 	 10.290304
   81 	 9.946081 	 10.178475 	 10.290304
   82 	 10.042049 	 10.185668 	 10.290304
   83 	 10.042049 	 10.189487 	 10.290304
   84 	 4.996001 	 10.143885 	 10.290304
   85 	 4.996001 	 10.040326 	 10.290304
   86 	 4.996001 	 9.941285 	 10.284209
   87 	 4.996001 	 10.046439 	 10.284209
   88 	 4.996001 	 9.939400 	 10.284209
   89 	 4.996001 	 10.140314 	 10.284209
   90 	 10.042049 	 10.193196 	 10.284209
   91 	 10.042049 	 10.191148 	 10.284209
   92 	 10.042049 	 10.183624 	 10.284209
   93 	 10.066121 	 10.181234 	 10.284209
   94 	 10.138529 	 10.188019 	 10.284209
   95 	 10.138529 	 10.181472 	 10.284209
   96 	 10.138529 	 10.187535 	 10.284209
   97 	 10.138529 	 10.185108 	 10.284209
   98 	 10.138529 	 10.187534 	 10.284209
   99 	 10.138529 	 10.190926 	 10.284209
 