   0 	 1.001764 	 4.002424 	 10.138529
    1 	 1.001936 	 5.325151 	 10.138529
    2 	 1.006400 	 6.463991 	 10.138529
    3 	 1.765625 	 7.189023 	 10.138529
    4 	 4.154176 	 7.882888 	 10.144576
    5 	 4.154176 	 8.209815 	 10.144576
    6 	 4.385600 	 8.377025 	 10.144576
    7 	 4.385600 	 8.555220 	 10.138529
    8 	 6.336100 	 9.105860 	 10.150625
    9 	 6.593225 	 9.347409 	 10.150625
   10 	 7.806881 	 9.633722 	 10.150625
   11 	 7.806881 	 9.610401 	 10.150625
   12 	 7.838225 	 9.793380 	 10.186961
   13 	 7.848689 	 9.804967 	 10.150625
   14 	 7.848689 	 9.886603 	 10.150625
   15 	 7.969600 	 9.968443 	 10.150625
   16 	 7.969600 	 9.896262 	 10.150625
   17 	 7.969600 	 9.866889 	 10.235521
   18 	 8.257636 	 9.948353 	 10.193024
   19 	 8.257636 	 10.028348 	 10.193024
   20 	 8.257636 	 10.025168 	 10.193024
   21 	 8.573504 	 10.040854 	 10.193024
   22 	 8.573504 	 10.038803 	 10.193024
   23 	 8.491169 	 10.021788 	 10.144576
   24 	 8.568001 	 10.049111 	 10.144576
   25 	 8.568001 	 10.073920 	 10.144576
   26 	 8.568001 	 10.073440 	 10.223369
   27 	 8.568001 	 10.040766 	 10.223369
   28 	 10.036036 	 10.087516 	 10.223369
   29 	 10.030025 	 10.090115 	 10.235521
   30 	 9.946081 	 10.094550 	 10.235521
   31 	 10.030025 	 10.094601 	 10.235521
   32 	 8.656289 	 10.084074 	 10.235521
   33 	 8.656289 	 10.085947 	 10.235521
   34 	 10.030025 	 10.100289 	 10.235521
   35 	 9.946081 	 10.090940 	 10.235521
   36 	 9.946081 	 10.084368 	 10.235521
   37 	 9.946081 	 10.090398 	 10.241600
   38 	 9.946081 	 10.082212 	 10.241600
   39 	 9.946081 	 10.086152 	 10.241600
   40 	 9.946081 	 10.085896 	 10.235521
   41 	 9.946081 	 10.092028 	 10.241600
   42 	 9.946081 	 10.085334 	 10.235521
   43 	 9.946081 	 10.089499 	 10.241600
   44 	 10.042049 	 10.090558 	 10.241600
   45 	 9.946081 	 10.088926 	 10.241600
   46 	 9.946081 	 10.082237 	 10.241600
   47 	 9.946081 	 10.081868 	 10.235521
   48 	 9.946081 	 10.079763 	 10.235521
   49 	 9.946081 	 10.083458 	 10.241600
   50 	 9.946081 	 10.087271 	 10.235521
   51 	 9.946081 	 10.086538 	 10.235521
   52 	 10.042049 	 10.081512 	 10.235521
   53 	 10.042049 	 10.080778 	 10.235521
   54 	 10.042049 	 10.079934 	 10.235521
   55 	 10.042049 	 10.080241 	 10.235521
   56 	 9.946081 	 10.088880 	 10.241600
   57 	 9.755681 	 10.092667 	 10.241600
   58 	 9.755681 	 10.088578 	 10.241600
   59 	 9.755681 	 10.092749 	 10.241600
   60 	 9.755681 	 10.086768 	 10.241600
   61 	 9.755681 	 10.104499 	 10.241600
   62 	 9.661249 	 10.106420 	 10.241600
   63 	 9.755681 	 10.116523 	 10.241600
   64 	 9.946081 	 10.115482 	 10.241600
   65 	 1.919681 	 10.025262 	 10.235521
   66 	 1.919681 	 10.019643 	 10.235521
   67 	 9.952064 	 10.109210 	 10.241600
   68 	 10.042049 	 10.099647 	 10.241600
   69 	 9.952064 	 10.107746 	 10.235521
   70 	 9.952064 	 10.099241 	 10.235521
   71 	 9.952064 	 10.085818 	 10.235521
   72 	 9.952064 	 10.094592 	 10.241600
   73 	 10.042049 	 10.112128 	 10.241600
   74 	 10.042049 	 10.115002 	 10.241600
   75 	 10.042049 	 10.113194 	 10.241600
   76 	 10.042049 	 10.113629 	 10.241600
   77 	 10.042049 	 10.118821 	 10.241600
   78 	 10.042049 	 10.114769 	 10.241600
   79 	 10.042049 	 10.111925 	 10.241600
   80 	 10.042049 	 10.108903 	 10.241600
   81 	 9.946081 	 10.105837 	 10.241600
   82 	 10.042049 	 10.112071 	 10.241600
   83 	 10.042049 	 10.116835 	 10.241600
   84 	 10.042049 	 10.122407 	 10.241600
   85 	 10.042049 	 10.125176 	 10.241600
   86 	 9.473921 	 10.113459 	 10.241600
   87 	 9.473921 	 10.119386 	 10.241600
   88 	 9.473921 	 10.124292 	 10.241600
   89 	 10.042049 	 10.128849 	 10.241600
   90 	 9.946081 	 10.126803 	 10.241600
   91 	 10.042049 	 10.125084 	 10.241600
   92 	 10.042049 	 10.117415 	 10.241600
   93 	 9.952064 	 10.116931 	 10.241600
   94 	 9.952064 	 10.126852 	 10.241600
   95 	 9.952064 	 10.127154 	 10.241600
   96 	 9.946081 	 10.140620 	 10.241600
   97 	 9.952064 	 10.143499 	 10.241600
   98 	 9.946081 	 10.143081 	 10.241600
   99 	 4.996001 	 10.086993 	 10.241600
 