   0 	 1.000324 	 3.511537 	 10.253764
    1 	 1.005041 	 5.399711 	 10.253764
    2 	 1.005041 	 6.749908 	 10.253764
    3 	 1.005041 	 7.675260 	 10.253764
    4 	 2.907161 	 7.832179 	 10.253764
    5 	 2.907161 	 8.372402 	 10.253764
    6 	 5.231249 	 8.818145 	 10.259849
    7 	 1.826281 	 9.035889 	 10.259849
    8 	 5.426816 	 9.266300 	 10.253764
    9 	 5.426816 	 9.443268 	 10.284209
   10 	 5.426816 	 9.564035 	 10.284209
   11 	 5.579600 	 9.646558 	 10.284209
   12 	 1.724201 	 9.819857 	 10.290304
   13 	 1.724201 	 9.865404 	 10.284209
   14 	 9.277129 	 9.944782 	 10.284209
   15 	 9.277129 	 10.008625 	 10.265936
   16 	 9.398404 	 10.084309 	 10.265936
   17 	 9.398404 	 10.073834 	 10.265936
   18 	 9.398404 	 10.069220 	 10.265936
   19 	 9.398404 	 10.105615 	 10.278116
   20 	 9.398404 	 10.085951 	 10.278116
   21 	 9.398404 	 10.085516 	 10.265936
   22 	 9.398404 	 10.095213 	 10.265936
   23 	 9.398404 	 10.093243 	 10.265936
   24 	 9.398404 	 10.079774 	 10.290304
   25 	 9.088336 	 10.055692 	 10.265936
   26 	 9.398404 	 10.092356 	 10.265936
   27 	 9.398404 	 10.089762 	 10.265936
   28 	 9.643600 	 10.064779 	 10.265936
   29 	 9.643600 	 10.068331 	 10.265936
   30 	 9.678916 	 10.052739 	 10.265936
   31 	 9.678916 	 10.070975 	 10.265936
   32 	 9.678916 	 10.019425 	 10.253764
   33 	 9.678916 	 9.981766 	 10.253764
   34 	 9.678916 	 9.967939 	 10.253764
   35 	 9.643600 	 9.981898 	 10.253764
   36 	 9.678916 	 10.001862 	 10.253764
   37 	 9.678916 	 10.010952 	 10.253764
   38 	 9.491396 	 9.994966 	 10.253764
   39 	 9.678916 	 10.002941 	 10.265936
   40 	 9.678916 	 9.985535 	 10.253764
   41 	 9.678916 	 9.976235 	 10.253764
   42 	 1.806404 	 9.875245 	 10.253764
   43 	 1.806404 	 9.838097 	 10.253764
   44 	 9.584900 	 9.916959 	 10.253764
   45 	 9.584900 	 9.940915 	 10.253764
   46 	 9.584900 	 9.946401 	 10.253764
   47 	 9.584900 	 9.896126 	 10.253764
   48 	 9.584900 	 9.884796 	 10.253764
   49 	 9.584900 	 9.878335 	 10.253764
   50 	 9.584900 	 9.874390 	 10.253764
   51 	 9.584900 	 9.898526 	 10.253764
   52 	 9.584900 	 9.902708 	 10.253764
   53 	 1.853776 	 9.812679 	 10.253764
   54 	 1.806404 	 9.810944 	 10.253764
   55 	 9.584900 	 9.899010 	 10.253764
   56 	 9.584900 	 9.912972 	 10.253764
   57 	 9.584900 	 9.930165 	 10.253764
   58 	 9.584900 	 9.923712 	 10.253764
   59 	 9.631844 	 9.957650 	 10.253764
   60 	 9.631844 	 9.971177 	 10.253764
   61 	 9.631844 	 9.964652 	 10.253764
   62 	 9.678916 	 9.946609 	 10.265936
   63 	 9.678916 	 9.935686 	 10.265936
   64 	 9.678916 	 9.923605 	 10.265936
   65 	 9.678916 	 9.947047 	 10.265936
   66 	 9.643600 	 9.930139 	 10.265936
   67 	 9.643600 	 9.935216 	 10.253764
   68 	 9.643600 	 9.898809 	 10.253764
   69 	 9.643600 	 9.880410 	 10.253764
   70 	 9.643600 	 9.872906 	 10.253764
   71 	 9.643600 	 9.862613 	 10.265936
   72 	 9.643600 	 9.887720 	 10.265936
   73 	 9.643600 	 9.919793 	 10.265936
   74 	 9.643600 	 9.937023 	 10.265936
   75 	 9.643600 	 9.945252 	 10.265936
   76 	 9.820900 	 9.927927 	 10.265936
   77 	 9.820900 	 9.947749 	 10.265936
   78 	 9.820900 	 9.951291 	 10.265936
   79 	 9.820900 	 9.913948 	 10.253764
   80 	 9.820900 	 9.918220 	 10.253764
   81 	 9.678916 	 9.920613 	 10.253764
   82 	 9.678916 	 9.907061 	 10.217296
   83 	 9.678916 	 9.904707 	 10.217296
   84 	 9.678916 	 9.893275 	 10.217296
   85 	 9.643600 	 9.881178 	 10.217296
   86 	 9.820900 	 9.902675 	 10.217296
   87 	 9.820900 	 9.903167 	 10.217296
   88 	 9.678916 	 9.921024 	 10.217296
   89 	 9.643600 	 9.921691 	 10.217296
   90 	 9.820900 	 9.933951 	 10.217296
   91 	 9.820900 	 9.943183 	 10.217296
   92 	 9.820900 	 9.962431 	 10.217296
   93 	 9.678916 	 9.973780 	 10.217296
   94 	 9.820900 	 9.974575 	 10.217296
   95 	 9.678916 	 9.988110 	 10.217296
   96 	 9.690704 	 9.992181 	 10.217296
   97 	 9.631844 	 10.004595 	 10.217296
   98 	 4.944196 	 9.969813 	 10.265936
   99 	 4.944196 	 9.947633 	 10.217296
 