   0 	 1.001024 	 3.521939 	 10.096256
    1 	 1.001225 	 5.429826 	 10.096256
    2 	 1.001225 	 6.830043 	 10.096256
    3 	 1.001225 	 7.577752 	 10.096256
    4 	 2.188100 	 7.994358 	 10.096256
    5 	 2.188100 	 8.393284 	 10.096256
    6 	 5.056196 	 8.888212 	 10.096256
    7 	 5.084441 	 8.982782 	 10.096256
    8 	 5.084441 	 9.136460 	 10.132484
    9 	 5.084441 	 9.397166 	 10.272025
   10 	 7.895876 	 9.448196 	 10.186961
   11 	 8.225344 	 9.478517 	 10.186961
   12 	 8.225344 	 9.459884 	 10.278116
   13 	 8.225344 	 9.432979 	 10.199089
   14 	 8.273809 	 9.474981 	 10.205156
   15 	 8.403841 	 9.518819 	 10.205156
   16 	 8.584516 	 9.568725 	 10.205156
   17 	 5.743684 	 9.488612 	 10.205156
   18 	 5.743684 	 9.516778 	 10.205156
   19 	 5.743684 	 9.498607 	 10.253764
   20 	 5.743684 	 9.519370 	 10.253764
   21 	 5.743684 	 9.458475 	 10.253764
   22 	 8.584516 	 9.513031 	 10.253764
   23 	 8.452900 	 9.538696 	 10.253764
   24 	 8.452900 	 9.549317 	 10.290304
   25 	 8.452900 	 9.582562 	 10.290304
   26 	 8.463824 	 9.603703 	 10.290304
   27 	 8.463824 	 9.625690 	 10.290304
   28 	 8.584516 	 9.603680 	 10.290304
   29 	 8.584516 	 9.587284 	 10.290304
   30 	 8.584516 	 9.624004 	 10.290304
   31 	 8.584516 	 9.615523 	 10.290304
   32 	 8.463824 	 9.599034 	 10.265936
   33 	 8.584516 	 9.631123 	 10.265936
   34 	 8.584516 	 9.592903 	 10.265936
   35 	 8.584516 	 9.635956 	 10.265936
   36 	 8.584516 	 9.718825 	 10.265936
   37 	 9.305924 	 9.789186 	 10.265936
   38 	 9.168164 	 9.801837 	 10.265936
   39 	 9.168164 	 9.753305 	 10.278116
   40 	 9.168164 	 9.735599 	 10.265936
   41 	 9.168164 	 9.772998 	 10.265936
   42 	 9.168164 	 9.804166 	 10.265936
   43 	 9.179600 	 9.847249 	 10.265936
   44 	 9.168164 	 9.828446 	 10.265936
   45 	 9.168164 	 9.833266 	 10.265936
   46 	 9.168164 	 9.812071 	 10.265936
   47 	 9.168164 	 9.828496 	 10.265936
   48 	 9.168164 	 9.797755 	 10.265936
   49 	 9.168164 	 9.857556 	 10.265936
   50 	 9.168164 	 9.960675 	 10.265936
   51 	 9.168164 	 9.977785 	 10.265936
   52 	 9.213956 	 10.016436 	 10.265936
   53 	 9.213956 	 10.011268 	 10.278116
   54 	 9.213956 	 10.039530 	 10.278116
   55 	 9.213956 	 10.012122 	 10.265936
   56 	 9.213956 	 9.968007 	 10.265936
   57 	 9.213956 	 9.948288 	 10.265936
   58 	 9.271376 	 9.989273 	 10.265936
   59 	 9.271376 	 9.990081 	 10.265936
   60 	 9.271376 	 10.008873 	 10.265936
   61 	 9.271376 	 10.011589 	 10.265936
   62 	 9.168164 	 9.993412 	 10.265936
   63 	 9.168164 	 9.978790 	 10.265936
   64 	 9.179600 	 9.949946 	 10.265936
   65 	 9.179600 	 9.992716 	 10.265936
   66 	 9.179600 	 10.058077 	 10.265936
   67 	 9.179600 	 10.043231 	 10.265936
   68 	 9.179600 	 10.066380 	 10.265936
   69 	 9.179600 	 10.091012 	 10.265936
   70 	 9.179600 	 10.106057 	 10.265936
   71 	 9.225424 	 10.145474 	 10.265936
   72 	 9.225424 	 10.133541 	 10.265936
   73 	 9.503056 	 10.151052 	 10.265936
   74 	 9.503056 	 10.147654 	 10.265936
   75 	 9.491396 	 10.127176 	 10.265936
   76 	 9.491396 	 10.126902 	 10.265936
   77 	 9.491396 	 10.088832 	 10.265936
   78 	 9.491396 	 10.081308 	 10.265936
   79 	 9.491396 	 10.051800 	 10.265936
   80 	 9.456464 	 10.052881 	 10.265936
   81 	 9.456464 	 10.076922 	 10.265936
   82 	 9.491396 	 10.107198 	 10.265936
   83 	 9.491396 	 10.112249 	 10.265936
   84 	 9.503056 	 10.141335 	 10.265936
   85 	 9.503056 	 10.169707 	 10.265936
   86 	 9.503056 	 10.164392 	 10.265936
   87 	 9.928144 	 10.184585 	 10.265936
   88 	 9.928144 	 10.207775 	 10.265936
   89 	 9.928144 	 10.178032 	 10.265936
   90 	 9.928144 	 10.192300 	 10.265936
   91 	 9.928144 	 10.210778 	 10.265936
   92 	 9.976016 	 10.202046 	 10.265936
   93 	 9.976016 	 10.184589 	 10.265936
   94 	 5.080400 	 10.149183 	 10.265936
   95 	 5.080400 	 10.075065 	 10.265936
   96 	 5.080400 	 10.114316 	 10.265936
   97 	 5.080400 	 10.077949 	 10.265936
   98 	 5.080400 	 10.129820 	 10.265936
   99 	 5.080400 	 10.133711 	 10.265936
 