   0 	 0.000045 	 0.000199 	 0.003743
    1 	 0.000051 	 0.000351 	 0.003922
    2 	 0.000109 	 0.000504 	 0.003523
    3 	 0.000048 	 0.000710 	 0.004398
    4 	 0.000145 	 0.000821 	 0.003135
    5 	 0.000094 	 0.000994 	 0.003581
    6 	 0.000392 	 0.001303 	 0.005442
    7 	 0.000050 	 0.001475 	 0.005352
    8 	 0.000241 	 0.001779 	 0.005356
    9 	 0.000093 	 0.001992 	 0.005384
   10 	 0.000238 	 0.002090 	 0.006262
   11 	 0.000050 	 0.002257 	 0.006267
   12 	 0.000199 	 0.002633 	 0.007318
   13 	 0.000183 	 0.003167 	 0.009997
   14 	 0.000049 	 0.003534 	 0.012306
   15 	 0.000193 	 0.003951 	 0.012306
   16 	 0.000478 	 0.004266 	 0.011918
   17 	 0.000049 	 0.004966 	 0.013751
   18 	 0.000701 	 0.005407 	 0.014516
   19 	 0.000493 	 0.005944 	 0.014091
   20 	 0.000049 	 0.006491 	 0.016087
   21 	 0.000475 	 0.007227 	 0.016001
   22 	 0.000049 	 0.008045 	 0.015989
   23 	 0.000049 	 0.008543 	 0.017219
   24 	 0.000930 	 0.009532 	 0.017723
   25 	 0.000193 	 0.011470 	 0.019297
   26 	 0.001855 	 0.012869 	 0.018232
   27 	 0.000255 	 0.013649 	 0.018488
   28 	 0.000049 	 0.014150 	 0.018631
   29 	 0.002088 	 0.015660 	 0.020733
   30 	 0.000049 	 0.016267 	 0.020277
   31 	 0.000048 	 0.016280 	 0.021806
   32 	 0.008869 	 0.017490 	 0.021805
   33 	 0.003749 	 0.017279 	 0.021631
   34 	 0.000195 	 0.017210 	 0.024227
   35 	 0.000781 	 0.017655 	 0.024227
   36 	 0.001538 	 0.017956 	 0.026221
   37 	 0.000377 	 0.018048 	 0.026221
   38 	 0.000048 	 0.018355 	 0.026808
   39 	 0.000777 	 0.019903 	 0.027007
   40 	 0.000250 	 0.021636 	 0.027773
   41 	 0.000250 	 0.022191 	 0.028995
   42 	 0.000097 	 0.023184 	 0.028884
   43 	 0.000195 	 0.024066 	 0.028586
   44 	 0.000201 	 0.025046 	 0.028514
   45 	 0.000097 	 0.025841 	 0.028514
   46 	 0.000388 	 0.025944 	 0.029681
   47 	 0.000780 	 0.025733 	 0.029670
   48 	 0.000049 	 0.026469 	 0.029618
   49 	 0.000097 	 0.025922 	 0.031124
   50 	 0.000097 	 0.025982 	 0.030239
   51 	 0.000049 	 0.026323 	 0.030306
   52 	 0.005163 	 0.026397 	 0.030655
   53 	 0.009304 	 0.026529 	 0.031272
   54 	 0.001988 	 0.026880 	 0.031322
   55 	 0.000498 	 0.026495 	 0.031465
   56 	 0.001511 	 0.027281 	 0.034668
   57 	 0.000781 	 0.027075 	 0.034668
   58 	 0.000097 	 0.026928 	 0.034801
   59 	 0.000097 	 0.027613 	 0.034649
   60 	 0.003847 	 0.028132 	 0.034233
   61 	 0.000195 	 0.027906 	 0.033147
   62 	 0.000775 	 0.028072 	 0.034784
   63 	 0.006358 	 0.028695 	 0.034125
   64 	 0.000049 	 0.028792 	 0.034453
   65 	 0.000776 	 0.028779 	 0.035050
   66 	 0.000250 	 0.028722 	 0.036229
   67 	 0.000097 	 0.029341 	 0.036229
   68 	 0.000049 	 0.028856 	 0.034520
   69 	 0.007203 	 0.029254 	 0.035454
   70 	 0.000097 	 0.029445 	 0.035454
   71 	 0.000194 	 0.029918 	 0.035388
   72 	 0.000390 	 0.029849 	 0.035541
   73 	 0.000049 	 0.029489 	 0.035153
   74 	 0.000249 	 0.029729 	 0.035208
   75 	 0.000195 	 0.029636 	 0.037015
   76 	 0.000251 	 0.030060 	 0.036760
   77 	 0.001009 	 0.030311 	 0.036805
   78 	 0.003116 	 0.030979 	 0.037082
   79 	 0.000389 	 0.030720 	 0.037621
   80 	 0.000251 	 0.031012 	 0.038189
   81 	 0.002040 	 0.031959 	 0.038189
   82 	 0.000250 	 0.032478 	 0.038399
   83 	 0.000097 	 0.033446 	 0.038362
   84 	 0.000195 	 0.034178 	 0.040396
   85 	 0.000251 	 0.034232 	 0.038933
   86 	 0.000097 	 0.034500 	 0.038940
   87 	 0.000195 	 0.034544 	 0.040913
   88 	 0.000097 	 0.035837 	 0.041671
   89 	 0.000049 	 0.035750 	 0.041671
   90 	 0.000389 	 0.036096 	 0.041696
   91 	 0.000390 	 0.036273 	 0.041171
   92 	 0.000499 	 0.036335 	 0.041344
   93 	 0.000049 	 0.036840 	 0.041289
   94 	 0.000251 	 0.037706 	 0.045139
   95 	 0.000195 	 0.036760 	 0.044761
   96 	 0.000049 	 0.038001 	 0.045527
   97 	 0.000097 	 0.038421 	 0.045879
   98 	 0.000049 	 0.038003 	 0.045879
   99 	 0.000388 	 0.038365 	 0.046218
  100 	 0.000252 	 0.039454 	 0.047231
  101 	 0.000392 	 0.039249 	 0.047973
  102 	 0.003277 	 0.041251 	 0.048213
  103 	 0.000250 	 0.041692 	 0.048710
  104 	 0.000049 	 0.043071 	 0.048383
  105 	 0.000097 	 0.042766 	 0.048329
  106 	 0.000097 	 0.043883 	 0.048541
  107 	 0.000998 	 0.044896 	 0.048507
  108 	 0.000251 	 0.045886 	 0.048605
  109 	 0.000097 	 0.044680 	 0.048827
  110 	 0.001995 	 0.045797 	 0.048871
  111 	 0.000251 	 0.046612 	 0.049851
  112 	 0.003242 	 0.047158 	 0.049395
  113 	 0.000195 	 0.047014 	 0.049997
  114 	 0.001559 	 0.046270 	 0.049485
  115 	 0.000049 	 0.045312 	 0.049825
  116 	 0.000195 	 0.045874 	 0.050625
  117 	 0.000097 	 0.046705 	 0.050636
  118 	 0.000195 	 0.047400 	 0.050788
  119 	 0.000049 	 0.046147 	 0.050186
  120 	 0.001550 	 0.046835 	 0.050116
  121 	 0.007579 	 0.047507 	 0.050154
  122 	 0.000195 	 0.046869 	 0.051127
  123 	 0.001553 	 0.046680 	 0.051127
  124 	 0.000097 	 0.047228 	 0.051138
  125 	 0.000195 	 0.047541 	 0.051114
  126 	 0.000195 	 0.047341 	 0.051399
  127 	 0.003114 	 0.048194 	 0.051422
  128 	 0.003127 	 0.048756 	 0.051755
  129 	 0.000195 	 0.048892 	 0.051755
  130 	 0.000049 	 0.048202 	 0.052121
  131 	 0.001997 	 0.049592 	 0.052199
  132 	 0.000779 	 0.048982 	 0.052201
  133 	 0.003102 	 0.050168 	 0.052251
  134 	 0.006516 	 0.049900 	 0.052257
  135 	 0.000097 	 0.049910 	 0.052345
  136 	 0.000251 	 0.049293 	 0.052363
  137 	 0.000999 	 0.049730 	 0.052363
  138 	 0.000097 	 0.049108 	 0.052388
  139 	 0.000778 	 0.050035 	 0.052401
  140 	 0.001558 	 0.050604 	 0.052583
  141 	 0.000251 	 0.049939 	 0.052683
  142 	 0.000390 	 0.050584 	 0.052770
  143 	 0.000195 	 0.050460 	 0.052742
  144 	 0.000049 	 0.049847 	 0.052435
  145 	 0.000195 	 0.050492 	 0.052450
  146 	 0.000195 	 0.050550 	 0.052458
  147 	 0.000097 	 0.049387 	 0.052656
  148 	 0.000390 	 0.049739 	 0.052571
  149 	 0.001558 	 0.050330 	 0.052628
  150 	 0.000130 	 0.049768 	 0.052710
  151 	 0.000195 	 0.050753 	 0.052710
  152 	 0.005326 	 0.050728 	 0.052735
  153 	 0.003248 	 0.051188 	 0.052712
  154 	 0.000251 	 0.050715 	 0.052710
  155 	 0.006955 	 0.050818 	 0.052734
  156 	 0.000049 	 0.049899 	 0.052747
  157 	 0.000049 	 0.050987 	 0.052753
  158 	 0.001998 	 0.050859 	 0.052781
  159 	 0.000049 	 0.050918 	 0.052894
  160 	 0.000195 	 0.050014 	 0.052895
  161 	 0.000097 	 0.050757 	 0.052936
  162 	 0.000195 	 0.050294 	 0.052988
  163 	 0.000500 	 0.051151 	 0.052985
  164 	 0.000500 	 0.050900 	 0.053024
  165 	 0.000195 	 0.050511 	 0.053035
  166 	 0.000390 	 0.050422 	 0.053034
  167 	 0.000049 	 0.049804 	 0.053056
  168 	 0.000392 	 0.051240 	 0.053081
  169 	 0.000049 	 0.050490 	 0.053075
  170 	 0.000251 	 0.050850 	 0.053076
  171 	 0.000097 	 0.051098 	 0.053081
  172 	 0.000195 	 0.051994 	 0.053073
  173 	 0.000251 	 0.050228 	 0.053083
  174 	 0.000104 	 0.050411 	 0.053082
  175 	 0.000195 	 0.050444 	 0.053091
  176 	 0.000097 	 0.049400 	 0.053095
  177 	 0.003951 	 0.051338 	 0.053095
  178 	 0.001993 	 0.052109 	 0.053130
  179 	 0.000055 	 0.049233 	 0.053131
  180 	 0.000999 	 0.051531 	 0.053115
  181 	 0.000195 	 0.050884 	 0.053096
  182 	 0.000195 	 0.050642 	 0.053096
  183 	 0.003962 	 0.051434 	 0.053094
  184 	 0.003112 	 0.052032 	 0.053113
  185 	 0.000390 	 0.051352 	 0.053098
  186 	 0.000195 	 0.051577 	 0.053106
  187 	 0.000389 	 0.050654 	 0.053185
  188 	 0.000097 	 0.051388 	 0.053364
  189 	 0.000194 	 0.051051 	 0.053159
  190 	 0.000779 	 0.051164 	 0.053099
  191 	 0.000049 	 0.052077 	 0.053103
  192 	 0.000097 	 0.051080 	 0.053105
  193 	 0.000049 	 0.051395 	 0.053121
  194 	 0.000195 	 0.050364 	 0.053132
  195 	 0.000390 	 0.050832 	 0.053169
  196 	 0.000251 	 0.050877 	 0.053176
  197 	 0.003968 	 0.051460 	 0.053180
  198 	 0.000097 	 0.051378 	 0.053180
  199 	 0.000195 	 0.050866 	 0.053178
  200 	 0.000049 	 0.051043 	 0.053179
  201 	 0.000097 	 0.050817 	 0.053177
  202 	 0.000251 	 0.051539 	 0.053182
  203 	 0.000195 	 0.050825 	 0.053180
  204 	 0.000097 	 0.050569 	 0.053183
  205 	 0.001000 	 0.051845 	 0.053192
  206 	 0.000195 	 0.051616 	 0.053200
  207 	 0.000049 	 0.051666 	 0.053209
  208 	 0.000049 	 0.051188 	 0.053215
  209 	 0.000049 	 0.051458 	 0.053214
  210 	 0.006950 	 0.052024 	 0.053220
  211 	 0.000251 	 0.051772 	 0.053220
  212 	 0.000195 	 0.050471 	 0.053222
  213 	 0.001347 	 0.052072 	 0.053222
  214 	 0.000390 	 0.051547 	 0.053222
  215 	 0.000049 	 0.050658 	 0.053222
  216 	 0.000251 	 0.050821 	 0.053223
  217 	 0.000194 	 0.049972 	 0.053224
  218 	 0.000999 	 0.051391 	 0.053225
  219 	 0.003112 	 0.050659 	 0.053226
  220 	 0.000049 	 0.051283 	 0.053226
  221 	 0.000195 	 0.050269 	 0.053226
  222 	 0.000049 	 0.050101 	 0.053226
  223 	 0.000999 	 0.050864 	 0.053225
  224 	 0.000195 	 0.050585 	 0.053227
  225 	 0.000049 	 0.050752 	 0.053226
  226 	 0.003112 	 0.051502 	 0.053227
  227 	 0.000097 	 0.051374 	 0.053227
  228 	 0.000195 	 0.051351 	 0.053226
  229 	 0.000390 	 0.051398 	 0.053226
  230 	 0.009364 	 0.051674 	 0.053227
  231 	 0.000097 	 0.051926 	 0.053229
  232 	 0.001957 	 0.051078 	 0.053227
  233 	 0.000251 	 0.051968 	 0.053227
  234 	 0.001558 	 0.050305 	 0.053228
  235 	 0.000251 	 0.051603 	 0.053228
  236 	 0.013048 	 0.052648 	 0.053228
  237 	 0.001558 	 0.051038 	 0.053228
  238 	 0.000251 	 0.051304 	 0.053228
  239 	 0.000195 	 0.051452 	 0.053229
  240 	 0.000049 	 0.051202 	 0.053230
  241 	 0.003958 	 0.051254 	 0.053231
  242 	 0.000195 	 0.050808 	 0.053231
  243 	 0.000049 	 0.051137 	 0.053233
  244 	 0.000097 	 0.050969 	 0.053233
  245 	 0.000251 	 0.050515 	 0.053233
  246 	 0.003248 	 0.051157 	 0.053233
  247 	 0.000097 	 0.051137 	 0.053233
  248 	 0.000250 	 0.050698 	 0.053232
  249 	 0.000097 	 0.051068 	 0.053231
  250 	 0.000049 	 0.051667 	 0.053231
  251 	 0.000195 	 0.050090 	 0.053232
  252 	 0.000251 	 0.050506 	 0.053231
  253 	 0.000251 	 0.051241 	 0.053231
  254 	 0.001967 	 0.051290 	 0.053232
  255 	 0.003957 	 0.051937 	 0.053232
  256 	 0.000500 	 0.051265 	 0.053232
  257 	 0.000049 	 0.050210 	 0.053232
  258 	 0.000251 	 0.050863 	 0.053233
  259 	 0.000195 	 0.050728 	 0.053232
  260 	 0.000779 	 0.052035 	 0.053237
  261 	 0.000195 	 0.051047 	 0.053232
  262 	 0.000500 	 0.050893 	 0.053233
  263 	 0.003956 	 0.051968 	 0.053233
  264 	 0.000195 	 0.051086 	 0.053233
  265 	 0.000251 	 0.050359 	 0.053233
  266 	 0.012869 	 0.051837 	 0.053233
  267 	 0.006973 	 0.051231 	 0.053234
  268 	 0.000049 	 0.051146 	 0.053234
  269 	 0.000390 	 0.051991 	 0.053234
  270 	 0.000049 	 0.050261 	 0.053234
  271 	 0.000097 	 0.051203 	 0.053234
  272 	 0.003111 	 0.051027 	 0.053234
  273 	 0.000049 	 0.051743 	 0.053234
  274 	 0.006190 	 0.051201 	 0.053234
  275 	 0.000097 	 0.051317 	 0.053234
  276 	 0.000251 	 0.051244 	 0.053234
  277 	 0.001000 	 0.050941 	 0.053234
  278 	 0.003111 	 0.051502 	 0.053234
  279 	 0.000997 	 0.051641 	 0.053234
  280 	 0.000196 	 0.050232 	 0.053234
  281 	 0.001993 	 0.051062 	 0.053234
  282 	 0.000049 	 0.051203 	 0.053234
  283 	 0.001993 	 0.050795 	 0.053234
  284 	 0.000049 	 0.050533 	 0.053234
  285 	 0.000049 	 0.048985 	 0.053234
  286 	 0.000195 	 0.051088 	 0.053234
  287 	 0.000251 	 0.051049 	 0.053234
  288 	 0.006961 	 0.051891 	 0.053234
  289 	 0.000195 	 0.051570 	 0.053234
  290 	 0.000195 	 0.052061 	 0.053234
  291 	 0.000779 	 0.051294 	 0.053234
  292 	 0.000049 	 0.051032 	 0.053234
  293 	 0.000390 	 0.051196 	 0.053234
  294 	 0.000779 	 0.050870 	 0.053234
  295 	 0.014431 	 0.052022 	 0.053234
  296 	 0.000779 	 0.051282 	 0.053234
  297 	 0.000195 	 0.050912 	 0.053234
  298 	 0.000049 	 0.051076 	 0.053234
  299 	 0.001558 	 0.051956 	 0.053234
  300 	 0.006192 	 0.051825 	 0.053234
  301 	 0.000779 	 0.050477 	 0.053234
  302 	 0.000500 	 0.049797 	 0.053234
  303 	 0.000999 	 0.050593 	 0.053234
  304 	 0.000780 	 0.050986 	 0.053234
  305 	 0.000444 	 0.050905 	 0.053234
  306 	 0.000097 	 0.051626 	 0.053234
  307 	 0.000049 	 0.051270 	 0.053234
  308 	 0.000097 	 0.051299 	 0.053234
  309 	 0.000499 	 0.050041 	 0.053234
  310 	 0.000049 	 0.051850 	 0.053234
  311 	 0.000049 	 0.050633 	 0.053234
  312 	 0.000251 	 0.050320 	 0.053234
  313 	 0.000049 	 0.050741 	 0.053234
  314 	 0.000097 	 0.050419 	 0.053234
  315 	 0.000195 	 0.049642 	 0.053234
  316 	 0.000097 	 0.051215 	 0.053234
  317 	 0.000097 	 0.051158 	 0.053234
  318 	 0.000251 	 0.050517 	 0.053234
  319 	 0.000049 	 0.049542 	 0.053234
  320 	 0.000097 	 0.050308 	 0.053234
  321 	 0.000195 	 0.050786 	 0.053234
  322 	 0.000251 	 0.051603 	 0.053234
  323 	 0.000097 	 0.050384 	 0.053234
  324 	 0.001558 	 0.051233 	 0.053234
  325 	 0.000195 	 0.051290 	 0.053234
  326 	 0.000049 	 0.051726 	 0.053234
  327 	 0.000251 	 0.051044 	 0.053244
  328 	 0.000049 	 0.050730 	 0.053234
  329 	 0.000049 	 0.050677 	 0.053234
  330 	 0.000094 	 0.051678 	 0.053234
  331 	 0.000195 	 0.050365 	 0.053234
  332 	 0.000195 	 0.051063 	 0.053234
  333 	 0.000251 	 0.051002 	 0.053234
  334 	 0.000097 	 0.049417 	 0.053234
  335 	 0.001001 	 0.050606 	 0.053234
  336 	 0.006971 	 0.051276 	 0.053234
  337 	 0.000998 	 0.050652 	 0.053234
  338 	 0.000195 	 0.050750 	 0.053234
  339 	 0.000999 	 0.050978 	 0.053234
  340 	 0.000097 	 0.051752 	 0.053234
  341 	 0.000049 	 0.050487 	 0.053234
  342 	 0.000251 	 0.050305 	 0.053234
  343 	 0.003111 	 0.051231 	 0.053234
  344 	 0.001993 	 0.051261 	 0.053234
  345 	 0.000251 	 0.051234 	 0.053234
  346 	 0.000251 	 0.050606 	 0.053234
  347 	 0.000495 	 0.051734 	 0.053234
  348 	 0.000251 	 0.051457 	 0.053234
  349 	 0.006192 	 0.052109 	 0.053234
  350 	 0.000049 	 0.051067 	 0.053234
  351 	 0.000097 	 0.051689 	 0.053234
  352 	 0.000745 	 0.050919 	 0.053234
  353 	 0.001006 	 0.051278 	 0.053234
  354 	 0.000049 	 0.049622 	 0.053234
  355 	 0.000195 	 0.050807 	 0.053234
  356 	 0.000195 	 0.051513 	 0.053234
  357 	 0.000500 	 0.050600 	 0.053234
  358 	 0.000390 	 0.050924 	 0.053234
  359 	 0.000195 	 0.050221 	 0.053234
  360 	 0.000251 	 0.051232 	 0.053234
  361 	 0.000049 	 0.050507 	 0.053234
  362 	 0.000097 	 0.051197 	 0.053234
  363 	 0.000195 	 0.050429 	 0.053234
  364 	 0.000251 	 0.051146 	 0.053234
  365 	 0.003111 	 0.051431 	 0.053234
  366 	 0.000096 	 0.051339 	 0.053234
  367 	 0.001993 	 0.051177 	 0.053234
  368 	 0.000097 	 0.050521 	 0.053234
  369 	 0.006191 	 0.051394 	 0.053234
  370 	 0.000195 	 0.052240 	 0.053234
  371 	 0.000779 	 0.050424 	 0.053234
  372 	 0.000195 	 0.050789 	 0.053234
  373 	 0.000390 	 0.050980 	 0.053234
  374 	 0.000195 	 0.051533 	 0.053234
  375 	 0.000390 	 0.050621 	 0.053234
  376 	 0.000500 	 0.051064 	 0.053234
  377 	 0.000500 	 0.051295 	 0.053234
  378 	 0.000049 	 0.051219 	 0.053234
  379 	 0.000097 	 0.051354 	 0.053234
  380 	 0.000779 	 0.051599 	 0.053234
  381 	 0.000251 	 0.050309 	 0.053234
  382 	 0.000049 	 0.051137 	 0.053234
  383 	 0.000251 	 0.051212 	 0.053234
  384 	 0.000049 	 0.050632 	 0.053234
  385 	 0.000390 	 0.051706 	 0.053234
  386 	 0.000195 	 0.050568 	 0.053234
  387 	 0.000974 	 0.050923 	 0.053234
  388 	 0.000251 	 0.052022 	 0.053234
  389 	 0.000767 	 0.051241 	 0.053234
  390 	 0.000788 	 0.051363 	 0.053234
  391 	 0.000097 	 0.051362 	 0.053234
  392 	 0.000195 	 0.051362 	 0.053234
  393 	 0.000097 	 0.050896 	 0.053234
  394 	 0.000251 	 0.051666 	 0.053234
  395 	 0.000251 	 0.051692 	 0.053234
  396 	 0.012481 	 0.052282 	 0.053234
  397 	 0.003957 	 0.051679 	 0.053234
  398 	 0.000779 	 0.051500 	 0.053234
  399 	 0.000500 	 0.052076 	 0.053234
  400 	 0.000500 	 0.051811 	 0.053234
  401 	 0.000049 	 0.051080 	 0.053234
  402 	 0.000251 	 0.051065 	 0.053234
  403 	 0.000049 	 0.051630 	 0.053234
  404 	 0.006190 	 0.051881 	 0.053234
  405 	 0.000097 	 0.051182 	 0.053234
  406 	 0.000049 	 0.050778 	 0.053234
  407 	 0.000195 	 0.050325 	 0.053234
  408 	 0.003112 	 0.051582 	 0.053234
  409 	 0.000049 	 0.051899 	 0.053234
  410 	 0.000999 	 0.050668 	 0.053234
  411 	 0.001993 	 0.051873 	 0.053234
  412 	 0.000195 	 0.050787 	 0.053234
  413 	 0.000500 	 0.050870 	 0.053234
  414 	 0.003957 	 0.051578 	 0.053234
  415 	 0.000049 	 0.050940 	 0.053234
  416 	 0.000195 	 0.051110 	 0.053234
  417 	 0.000390 	 0.051542 	 0.053234
  418 	 0.000097 	 0.051474 	 0.053234
  419 	 0.001558 	 0.050198 	 0.053237
  420 	 0.009375 	 0.052100 	 0.053237
  421 	 0.000097 	 0.051241 	 0.053238
  422 	 0.000390 	 0.051382 	 0.053237
  423 	 0.000049 	 0.050689 	 0.053237
  424 	 0.003162 	 0.052071 	 0.053237
  425 	 0.001993 	 0.051630 	 0.053237
  426 	 0.000251 	 0.051046 	 0.053237
  427 	 0.000500 	 0.051067 	 0.053237
  428 	 0.000097 	 0.051418 	 0.053237
  429 	 0.000390 	 0.050391 	 0.053237
  430 	 0.000195 	 0.052018 	 0.053237
  431 	 0.000097 	 0.051178 	 0.053237
  432 	 0.000097 	 0.050455 	 0.053237
  433 	 0.000500 	 0.051442 	 0.053237
  434 	 0.000251 	 0.051260 	 0.053237
  435 	 0.000049 	 0.050279 	 0.053237
  436 	 0.003957 	 0.051278 	 0.053237
  437 	 0.000251 	 0.050754 	 0.053237
  438 	 0.003248 	 0.051736 	 0.053237
  439 	 0.000097 	 0.050394 	 0.053237
  440 	 0.000500 	 0.051697 	 0.053239
  441 	 0.000500 	 0.051252 	 0.053239
  442 	 0.000049 	 0.051708 	 0.053235
  443 	 0.003957 	 0.051005 	 0.053235
  444 	 0.012137 	 0.052146 	 0.053234
  445 	 0.000097 	 0.051776 	 0.053234
  446 	 0.000250 	 0.051167 	 0.053234
  447 	 0.000195 	 0.051369 	 0.053234
  448 	 0.003248 	 0.052184 	 0.053234
  449 	 0.000195 	 0.051285 	 0.053234
  450 	 0.000097 	 0.051630 	 0.053234
  451 	 0.000097 	 0.051010 	 0.053234
  452 	 0.000779 	 0.050773 	 0.053234
  453 	 0.000195 	 0.050984 	 0.053234
  454 	 0.000049 	 0.050492 	 0.053234
  455 	 0.000999 	 0.051901 	 0.053234
  456 	 0.001993 	 0.051413 	 0.053234
  457 	 0.000500 	 0.050540 	 0.053234
  458 	 0.000999 	 0.050918 	 0.053234
  459 	 0.000251 	 0.051455 	 0.053234
  460 	 0.000097 	 0.050535 	 0.053234
  461 	 0.000251 	 0.049948 	 0.053234
  462 	 0.000097 	 0.051042 	 0.053234
  463 	 0.001993 	 0.051207 	 0.053234
  464 	 0.000500 	 0.051874 	 0.053234
  465 	 0.000253 	 0.051724 	 0.053234
  466 	 0.000049 	 0.051053 	 0.053234
  467 	 0.000500 	 0.051084 	 0.053234
  468 	 0.000390 	 0.050623 	 0.053234
  469 	 0.000195 	 0.051650 	 0.053234
  470 	 0.000500 	 0.051579 	 0.053234
  471 	 0.000195 	 0.051291 	 0.053234
  472 	 0.000195 	 0.050855 	 0.053234
  473 	 0.000390 	 0.051631 	 0.053234
  474 	 0.000390 	 0.050856 	 0.053234
  475 	 0.003955 	 0.051745 	 0.053378
  476 	 0.000049 	 0.051370 	 0.053372
  477 	 0.000097 	 0.050437 	 0.053372
  478 	 0.000097 	 0.049951 	 0.053370
  479 	 0.000097 	 0.051231 	 0.053343
  480 	 0.000500 	 0.052007 	 0.053347
  481 	 0.000195 	 0.052187 	 0.053347
  482 	 0.000097 	 0.051074 	 0.053234
  483 	 0.000390 	 0.051021 	 0.053234
  484 	 0.000500 	 0.051003 	 0.053234
  485 	 0.000049 	 0.050476 	 0.053234
  486 	 0.000097 	 0.051465 	 0.053234
  487 	 0.000390 	 0.050797 	 0.053234
  488 	 0.000500 	 0.050840 	 0.053234
  489 	 0.000097 	 0.051301 	 0.053234
  490 	 0.001993 	 0.051073 	 0.053234
  491 	 0.009726 	 0.051614 	 0.053234
  492 	 0.000097 	 0.050945 	 0.053234
  493 	 0.000097 	 0.050846 	 0.053234
  494 	 0.000195 	 0.050420 	 0.053234
  495 	 0.000097 	 0.051745 	 0.053234
  496 	 0.000390 	 0.051528 	 0.053234
  497 	 0.000195 	 0.051759 	 0.053234
  498 	 0.000195 	 0.050444 	 0.053234
  499 	 0.000390 	 0.051579 	 0.053234
 