   0 	 0.003238 	 0.010052 	 0.028079
    1 	 0.003287 	 0.012991 	 0.057050
    2 	 0.004643 	 0.015846 	 0.057050
    3 	 0.004794 	 0.018843 	 0.057050
    4 	 0.006971 	 0.025039 	 0.064494
    5 	 0.008258 	 0.030980 	 0.109705
    6 	 0.008258 	 0.039787 	 0.109913
    7 	 0.007723 	 0.044076 	 0.109913
    8 	 0.007723 	 0.045064 	 0.109913
    9 	 0.007723 	 0.045310 	 0.111816
   10 	 0.008479 	 0.053312 	 0.125205
   11 	 0.008899 	 0.048796 	 0.125205
   12 	 0.012251 	 0.054614 	 0.130424
   13 	 0.011904 	 0.056438 	 0.131078
   14 	 0.007248 	 0.057435 	 0.131078
   15 	 0.008971 	 0.066462 	 0.146671
   16 	 0.015848 	 0.071686 	 0.146671
   17 	 0.021277 	 0.079851 	 0.148090
   18 	 0.012080 	 0.078941 	 0.152844
   19 	 0.011261 	 0.085229 	 0.148063
   20 	 0.006507 	 0.092149 	 0.163981
   21 	 0.007191 	 0.094173 	 0.168876
   22 	 0.015527 	 0.104543 	 0.168876
   23 	 0.007621 	 0.116092 	 0.168886
   24 	 0.011370 	 0.124483 	 0.168886
   25 	 0.006946 	 0.122985 	 0.169286
   26 	 0.058919 	 0.132004 	 0.169286
   27 	 0.074667 	 0.136953 	 0.169511
   28 	 0.007214 	 0.131335 	 0.170430
   29 	 0.011516 	 0.128028 	 0.169511
   30 	 0.007281 	 0.125911 	 0.169286
   31 	 0.012886 	 0.119524 	 0.169286
   32 	 0.015069 	 0.130523 	 0.169303
   33 	 0.023251 	 0.135919 	 0.169303
   34 	 0.064546 	 0.135795 	 0.169303
   35 	 0.049952 	 0.135114 	 0.186565
   36 	 0.013447 	 0.134549 	 0.170742
   37 	 0.011650 	 0.137006 	 0.327019
   38 	 0.068003 	 0.151522 	 0.327019
   39 	 0.047620 	 0.161279 	 0.327019
   40 	 0.013624 	 0.158958 	 0.327019
   41 	 0.007065 	 0.162950 	 0.327019
   42 	 0.037010 	 0.178459 	 0.327019
   43 	 0.090163 	 0.199225 	 0.327019
   44 	 0.035198 	 0.217495 	 0.327019
   45 	 0.018606 	 0.219605 	 0.329673
   46 	 0.007270 	 0.227917 	 0.337577
   47 	 0.013557 	 0.251459 	 0.337577
   48 	 0.028409 	 0.269874 	 0.337577
   49 	 0.031074 	 0.278014 	 0.337577
   50 	 0.030403 	 0.279184 	 0.337577
   51 	 0.007180 	 0.272925 	 0.343901
   52 	 0.007273 	 0.291094 	 0.344454
   53 	 0.009560 	 0.295055 	 0.344117
   54 	 0.014764 	 0.287170 	 0.343739
   55 	 0.080048 	 0.293726 	 0.340466
   56 	 0.060128 	 0.287518 	 0.340466
   57 	 0.086774 	 0.295178 	 0.343731
   58 	 0.007206 	 0.299511 	 0.344074
   59 	 0.127194 	 0.300551 	 0.344074
   60 	 0.007366 	 0.299895 	 0.340605
   61 	 0.036854 	 0.299254 	 0.344234
   62 	 0.044480 	 0.300562 	 0.344234
   63 	 0.009612 	 0.285279 	 0.340861
   64 	 0.017509 	 0.293827 	 0.344029
   65 	 0.126353 	 0.307683 	 0.344029
   66 	 0.028467 	 0.302097 	 0.343583
   67 	 0.009632 	 0.296507 	 0.346537
   68 	 0.014906 	 0.304811 	 0.340285
   69 	 0.014504 	 0.305179 	 0.340151
   70 	 0.014458 	 0.305025 	 0.340211
   71 	 0.030007 	 0.302514 	 0.333337
   72 	 0.090070 	 0.308869 	 0.331915
   73 	 0.030074 	 0.301480 	 0.341257
   74 	 0.007372 	 0.302714 	 0.336821
   75 	 0.029995 	 0.307374 	 0.338213
   76 	 0.014651 	 0.308179 	 0.338213
   77 	 0.081168 	 0.307909 	 0.339900
   78 	 0.035675 	 0.302070 	 0.338333
   79 	 0.014501 	 0.305506 	 0.342307
   80 	 0.007220 	 0.304865 	 0.341279
   81 	 0.055995 	 0.297426 	 0.341279
   82 	 0.057301 	 0.304311 	 0.340841
   83 	 0.057368 	 0.307315 	 0.340379
   84 	 0.007196 	 0.287403 	 0.342915
   85 	 0.056424 	 0.302787 	 0.343134
   86 	 0.056252 	 0.309963 	 0.353320
   87 	 0.009534 	 0.311229 	 0.343712
   88 	 0.087647 	 0.309134 	 0.343712
   89 	 0.014703 	 0.310912 	 0.343712
   90 	 0.007180 	 0.310033 	 0.352742
   91 	 0.009653 	 0.308898 	 0.353654
   92 	 0.030108 	 0.308762 	 0.353716
   93 	 0.038041 	 0.308034 	 0.356074
   94 	 0.014656 	 0.310304 	 0.361114
   95 	 0.014715 	 0.309952 	 0.364561
   96 	 0.071755 	 0.309514 	 0.364561
   97 	 0.062740 	 0.310540 	 0.364559
   98 	 0.015035 	 0.310727 	 0.364559
   99 	 0.014925 	 0.313527 	 0.364559
 