   0 	 0.003675 	 0.010105 	 0.027727
    1 	 0.003167 	 0.013715 	 0.078099
    2 	 0.005092 	 0.016206 	 0.066512
    3 	 0.005011 	 0.021179 	 0.067793
    4 	 0.004604 	 0.025744 	 0.083799
    5 	 0.006418 	 0.032138 	 0.110854
    6 	 0.005781 	 0.039388 	 0.110013
    7 	 0.005781 	 0.043686 	 0.133712
    8 	 0.007188 	 0.045342 	 0.151742
    9 	 0.010045 	 0.048884 	 0.124964
   10 	 0.008228 	 0.058360 	 0.148081
   11 	 0.008860 	 0.063292 	 0.148081
   12 	 0.020888 	 0.072991 	 0.138713
   13 	 0.010778 	 0.083146 	 0.162192
   14 	 0.020741 	 0.091284 	 0.139082
   15 	 0.020741 	 0.103971 	 0.146785
   16 	 0.019335 	 0.110356 	 0.213865
   17 	 0.009908 	 0.114487 	 0.213865
   18 	 0.014605 	 0.113908 	 0.213865
   19 	 0.028609 	 0.118550 	 0.213865
   20 	 0.040417 	 0.120327 	 0.213865
   21 	 0.027119 	 0.125323 	 0.184918
   22 	 0.027112 	 0.124415 	 0.192748
   23 	 0.027112 	 0.126888 	 0.192591
   24 	 0.027643 	 0.124269 	 0.187528
   25 	 0.030500 	 0.132480 	 0.187528
   26 	 0.007320 	 0.133020 	 0.191256
   27 	 0.055574 	 0.133597 	 0.190887
   28 	 0.047984 	 0.130160 	 0.190887
   29 	 0.030837 	 0.129474 	 0.190887
   30 	 0.009573 	 0.127447 	 0.190887
   31 	 0.013685 	 0.131161 	 0.184823
   32 	 0.045755 	 0.133757 	 0.183293
   33 	 0.028415 	 0.134518 	 0.192671
   34 	 0.029176 	 0.134838 	 0.191385
   35 	 0.027259 	 0.136447 	 0.189033
   36 	 0.024396 	 0.141078 	 0.192231
   37 	 0.019068 	 0.152284 	 0.196163
   38 	 0.015618 	 0.152214 	 0.199386
   39 	 0.007178 	 0.148065 	 0.202210
   40 	 0.088788 	 0.153465 	 0.213028
   41 	 0.051659 	 0.158116 	 0.215406
   42 	 0.027857 	 0.156265 	 0.197115
   43 	 0.026198 	 0.157454 	 0.196109
   44 	 0.024950 	 0.162008 	 0.196109
   45 	 0.007450 	 0.162442 	 0.191074
   46 	 0.007550 	 0.160873 	 0.240504
   47 	 0.019971 	 0.153942 	 0.191125
   48 	 0.027449 	 0.148314 	 0.219308
   49 	 0.009970 	 0.152071 	 0.219308
   50 	 0.007331 	 0.155799 	 0.225153
   51 	 0.029197 	 0.152800 	 0.225153
   52 	 0.058864 	 0.157737 	 0.197785
   53 	 0.007091 	 0.158301 	 0.197785
   54 	 0.054015 	 0.161918 	 0.191230
   55 	 0.017233 	 0.160832 	 0.191230
   56 	 0.027767 	 0.157752 	 0.190708
   57 	 0.025406 	 0.165948 	 0.192251
   58 	 0.007107 	 0.161600 	 0.190266
   59 	 0.014283 	 0.158088 	 0.190266
   60 	 0.014871 	 0.164336 	 0.192022
   61 	 0.007192 	 0.162805 	 0.191613
   62 	 0.014088 	 0.165725 	 0.193647
   63 	 0.014497 	 0.171975 	 0.205739
   64 	 0.014982 	 0.173369 	 0.206420
   65 	 0.101979 	 0.176119 	 0.211042
   66 	 0.028990 	 0.172543 	 0.211042
   67 	 0.029004 	 0.173422 	 0.211042
   68 	 0.019348 	 0.168864 	 0.211042
   69 	 0.029200 	 0.168845 	 0.205635
   70 	 0.055516 	 0.172320 	 0.207877
   71 	 0.124533 	 0.173439 	 0.205635
   72 	 0.013845 	 0.172009 	 0.215572
   73 	 0.007239 	 0.173377 	 0.208287
   74 	 0.007239 	 0.168515 	 0.208287
   75 	 0.025458 	 0.168399 	 0.208128
   76 	 0.018337 	 0.166229 	 0.208711
   77 	 0.014647 	 0.163265 	 0.208711
   78 	 0.027771 	 0.164711 	 0.208711
   79 	 0.014711 	 0.170278 	 0.208711
   80 	 0.025736 	 0.170132 	 0.205818
   81 	 0.028933 	 0.171499 	 0.204020
   82 	 0.050724 	 0.174196 	 0.198238
   83 	 0.036089 	 0.175012 	 0.198302
   84 	 0.028998 	 0.174978 	 0.197930
   85 	 0.096030 	 0.176704 	 0.198324
   86 	 0.014793 	 0.174770 	 0.197930
   87 	 0.114576 	 0.177733 	 0.198140
   88 	 0.053719 	 0.174743 	 0.196862
   89 	 0.007371 	 0.169457 	 0.198180
   90 	 0.011733 	 0.171424 	 0.210014
   91 	 0.009762 	 0.172402 	 0.210014
   92 	 0.054115 	 0.177519 	 0.210686
   93 	 0.019150 	 0.177839 	 0.210686
   94 	 0.092407 	 0.178977 	 0.210686
   95 	 0.009391 	 0.176010 	 0.210686
   96 	 0.106416 	 0.181111 	 0.210686
   97 	 0.038720 	 0.178513 	 0.240031
   98 	 0.039891 	 0.178190 	 0.205169
   99 	 0.014073 	 0.174937 	 0.205169
 