   0 	 0.000043 	 0.000170 	 0.001175
    1 	 0.000095 	 0.000290 	 0.002426
    2 	 0.000114 	 0.000407 	 0.006113
    3 	 0.000147 	 0.000616 	 0.006687
    4 	 0.000108 	 0.000698 	 0.006308
    5 	 0.000106 	 0.001040 	 0.008766
    6 	 0.000092 	 0.001240 	 0.007588
    7 	 0.000050 	 0.001585 	 0.007757
    8 	 0.000050 	 0.002254 	 0.008943
    9 	 0.000097 	 0.002700 	 0.009424
   10 	 0.000049 	 0.003658 	 0.009424
   11 	 0.000214 	 0.004660 	 0.010598
   12 	 0.000049 	 0.005842 	 0.011561
   13 	 0.000390 	 0.006475 	 0.011088
   14 	 0.000049 	 0.006757 	 0.010941
   15 	 0.000049 	 0.007384 	 0.011705
   16 	 0.000049 	 0.007645 	 0.016305
   17 	 0.004386 	 0.008657 	 0.012751
   18 	 0.002790 	 0.009213 	 0.012808
   19 	 0.002799 	 0.009689 	 0.012902
   20 	 0.000195 	 0.010305 	 0.012972
   21 	 0.000097 	 0.011253 	 0.013030
   22 	 0.001912 	 0.011712 	 0.013538
   23 	 0.000252 	 0.011957 	 0.012997
   24 	 0.000049 	 0.012046 	 0.013085
   25 	 0.000500 	 0.012248 	 0.013156
   26 	 0.002021 	 0.012514 	 0.013198
   27 	 0.000982 	 0.012658 	 0.013314
   28 	 0.000194 	 0.012500 	 0.013344
   29 	 0.000251 	 0.012649 	 0.013246
   30 	 0.006160 	 0.012926 	 0.013306
   31 	 0.000495 	 0.012876 	 0.013363
   32 	 0.000098 	 0.012780 	 0.013379
   33 	 0.000049 	 0.012863 	 0.013398
   34 	 0.001628 	 0.012934 	 0.013523
   35 	 0.000390 	 0.012731 	 0.013737
   36 	 0.001885 	 0.012962 	 0.013628
   37 	 0.000504 	 0.012824 	 0.013800
   38 	 0.000250 	 0.012924 	 0.013986
   39 	 0.000386 	 0.013273 	 0.014088
   40 	 0.000974 	 0.013178 	 0.014151
   41 	 0.000049 	 0.013293 	 0.014306
   42 	 0.000097 	 0.013561 	 0.014306
   43 	 0.000049 	 0.013573 	 0.014290
   44 	 0.001518 	 0.013789 	 0.014332
   45 	 0.000195 	 0.013774 	 0.014336
   46 	 0.000502 	 0.013928 	 0.014316
   47 	 0.000049 	 0.013919 	 0.014353
   48 	 0.009929 	 0.014174 	 0.014512
   49 	 0.000251 	 0.013783 	 0.014418
   50 	 0.000097 	 0.014012 	 0.014429
   51 	 0.000251 	 0.013999 	 0.014424
   52 	 0.000778 	 0.014018 	 0.014430
   53 	 0.000251 	 0.013979 	 0.014425
   54 	 0.000195 	 0.013928 	 0.014492
   55 	 0.001940 	 0.013999 	 0.014509
   56 	 0.000195 	 0.013761 	 0.014509
   57 	 0.005636 	 0.014310 	 0.014489
   58 	 0.000097 	 0.014098 	 0.014567
   59 	 0.000250 	 0.014291 	 0.014567
   60 	 0.001963 	 0.014220 	 0.014560
   61 	 0.000779 	 0.014342 	 0.014571
   62 	 0.000251 	 0.014112 	 0.014580
   63 	 0.000192 	 0.014246 	 0.014579
   64 	 0.000500 	 0.014265 	 0.014590
   65 	 0.000097 	 0.014413 	 0.014597
   66 	 0.001541 	 0.014340 	 0.014611
   67 	 0.000388 	 0.014271 	 0.014618
   68 	 0.005291 	 0.014367 	 0.014601
   69 	 0.000049 	 0.014022 	 0.014607
   70 	 0.003911 	 0.014350 	 0.014626
   71 	 0.000500 	 0.014220 	 0.014656
   72 	 0.000195 	 0.014238 	 0.014731
   73 	 0.000500 	 0.014131 	 0.014762
   74 	 0.000195 	 0.014437 	 0.014790
   75 	 0.001970 	 0.014421 	 0.014794
   76 	 0.000499 	 0.014246 	 0.014794
   77 	 0.000049 	 0.014368 	 0.014814
   78 	 0.000195 	 0.014548 	 0.014814
   79 	 0.000499 	 0.014422 	 0.014836
   80 	 0.000779 	 0.014519 	 0.014850
   81 	 0.009992 	 0.014712 	 0.014843
   82 	 0.003047 	 0.014545 	 0.014847
   83 	 0.000251 	 0.014517 	 0.014850
   84 	 0.000097 	 0.014537 	 0.014862
   85 	 0.000049 	 0.014319 	 0.014862
   86 	 0.000195 	 0.014333 	 0.014862
   87 	 0.005283 	 0.014597 	 0.014862
   88 	 0.000251 	 0.014497 	 0.014864
   89 	 0.000251 	 0.014595 	 0.014867
   90 	 0.000389 	 0.014511 	 0.014866
   91 	 0.000996 	 0.014575 	 0.014870
   92 	 0.000097 	 0.014328 	 0.014875
   93 	 0.000097 	 0.014507 	 0.014867
   94 	 0.000994 	 0.014600 	 0.014873
   95 	 0.000049 	 0.014495 	 0.014872
   96 	 0.000389 	 0.014379 	 0.014875
   97 	 0.000389 	 0.014721 	 0.014876
   98 	 0.000797 	 0.014424 	 0.014879
   99 	 0.000097 	 0.014434 	 0.014879
  100 	 0.000097 	 0.014476 	 0.014879
  101 	 0.000778 	 0.014609 	 0.014881
  102 	 0.000097 	 0.014578 	 0.014881
  103 	 0.000097 	 0.014672 	 0.014885
  104 	 0.000049 	 0.014486 	 0.014885
  105 	 0.000195 	 0.014446 	 0.014885
  106 	 0.000995 	 0.014616 	 0.014885
  107 	 0.000390 	 0.014674 	 0.014885
  108 	 0.000097 	 0.014373 	 0.014886
  109 	 0.000389 	 0.014510 	 0.014886
  110 	 0.000389 	 0.014524 	 0.014887
  111 	 0.000251 	 0.014664 	 0.014887
  112 	 0.000389 	 0.014704 	 0.014887
  113 	 0.001548 	 0.014600 	 0.014889
  114 	 0.000251 	 0.014438 	 0.014891
  115 	 0.000779 	 0.014755 	 0.014894
  116 	 0.000049 	 0.014530 	 0.014893
  117 	 0.000097 	 0.014333 	 0.014894
  118 	 0.000049 	 0.014580 	 0.014893
  119 	 0.001975 	 0.014609 	 0.014893
  120 	 0.000097 	 0.014490 	 0.014894
  121 	 0.000195 	 0.014391 	 0.014894
  122 	 0.000251 	 0.014628 	 0.014895
  123 	 0.000049 	 0.014660 	 0.014896
  124 	 0.000049 	 0.014609 	 0.014895
  125 	 0.000195 	 0.014526 	 0.014896
  126 	 0.001942 	 0.014755 	 0.014897
  127 	 0.000251 	 0.014490 	 0.014897
  128 	 0.000778 	 0.014608 	 0.014897
  129 	 0.000195 	 0.014484 	 0.014897
  130 	 0.006290 	 0.014687 	 0.014898
  131 	 0.005352 	 0.014756 	 0.014898
  132 	 0.000049 	 0.014659 	 0.014898
  133 	 0.000049 	 0.014615 	 0.014898
  134 	 0.000251 	 0.014719 	 0.014898
  135 	 0.000098 	 0.014371 	 0.014898
  136 	 0.008020 	 0.014758 	 0.014898
  137 	 0.000049 	 0.014521 	 0.014898
  138 	 0.000251 	 0.014499 	 0.014898
  139 	 0.000049 	 0.014549 	 0.014898
  140 	 0.000097 	 0.014656 	 0.014899
  141 	 0.003075 	 0.014647 	 0.014899
  142 	 0.000500 	 0.014688 	 0.014899
  143 	 0.005547 	 0.014756 	 0.014899
  144 	 0.000049 	 0.014519 	 0.014899
  145 	 0.000049 	 0.014426 	 0.014899
  146 	 0.000097 	 0.014425 	 0.014899
  147 	 0.006862 	 0.014750 	 0.014900
  148 	 0.000097 	 0.014575 	 0.014900
  149 	 0.005305 	 0.014696 	 0.014900
  150 	 0.000049 	 0.014601 	 0.014900
  151 	 0.000389 	 0.014561 	 0.014900
  152 	 0.000195 	 0.014441 	 0.014900
  153 	 0.000049 	 0.014537 	 0.014901
  154 	 0.000049 	 0.014236 	 0.014901
  155 	 0.000195 	 0.014485 	 0.014901
  156 	 0.000195 	 0.014553 	 0.014901
  157 	 0.000996 	 0.014559 	 0.014901
  158 	 0.000195 	 0.014626 	 0.014901
  159 	 0.000097 	 0.014695 	 0.014901
  160 	 0.000195 	 0.014436 	 0.014901
  161 	 0.000389 	 0.014638 	 0.014901
  162 	 0.000251 	 0.014533 	 0.014901
  163 	 0.000049 	 0.014775 	 0.014901
  164 	 0.000195 	 0.014643 	 0.014901
  165 	 0.005561 	 0.014705 	 0.014901
  166 	 0.000195 	 0.014629 	 0.014901
  167 	 0.000049 	 0.014570 	 0.014901
  168 	 0.000049 	 0.014438 	 0.014901
  169 	 0.003812 	 0.014621 	 0.014901
  170 	 0.000251 	 0.014419 	 0.014901
  171 	 0.000778 	 0.014579 	 0.014901
  172 	 0.000251 	 0.014496 	 0.014901
  173 	 0.000097 	 0.014448 	 0.014901
  174 	 0.000251 	 0.014419 	 0.014901
  175 	 0.000251 	 0.014497 	 0.014901
  176 	 0.000251 	 0.014570 	 0.014901
  177 	 0.003810 	 0.014730 	 0.014901
  178 	 0.005750 	 0.014715 	 0.014901
  179 	 0.000389 	 0.014405 	 0.014901
  180 	 0.000049 	 0.014457 	 0.014902
  181 	 0.000781 	 0.014589 	 0.014902
  182 	 0.000998 	 0.014701 	 0.014902
  183 	 0.000389 	 0.014492 	 0.014902
  184 	 0.000097 	 0.014560 	 0.014902
  185 	 0.000389 	 0.014588 	 0.014902
  186 	 0.000195 	 0.014636 	 0.014902
  187 	 0.000389 	 0.014557 	 0.014902
  188 	 0.000049 	 0.014566 	 0.014902
  189 	 0.001459 	 0.014677 	 0.014902
  190 	 0.000097 	 0.014634 	 0.014902
  191 	 0.010590 	 0.014808 	 0.014902
  192 	 0.003049 	 0.014705 	 0.014902
  193 	 0.000195 	 0.014643 	 0.014902
  194 	 0.003438 	 0.014677 	 0.014902
  195 	 0.000195 	 0.014534 	 0.014902
  196 	 0.003809 	 0.014795 	 0.014902
  197 	 0.000097 	 0.014513 	 0.014902
  198 	 0.000778 	 0.014596 	 0.014902
  199 	 0.000251 	 0.014690 	 0.014902
  200 	 0.000500 	 0.014405 	 0.014902
  201 	 0.000130 	 0.014609 	 0.014902
  202 	 0.000778 	 0.014616 	 0.014902
  203 	 0.000389 	 0.014439 	 0.014902
  204 	 0.001550 	 0.014760 	 0.014902
  205 	 0.004700 	 0.014708 	 0.014902
  206 	 0.000097 	 0.014506 	 0.014902
  207 	 0.000049 	 0.014550 	 0.014902
  208 	 0.000251 	 0.014475 	 0.014902
  209 	 0.000049 	 0.014723 	 0.014902
  210 	 0.009527 	 0.014736 	 0.014902
  211 	 0.007046 	 0.014779 	 0.014902
  212 	 0.000500 	 0.014656 	 0.014902
  213 	 0.000389 	 0.014698 	 0.014902
  214 	 0.000500 	 0.014639 	 0.014902
  215 	 0.000049 	 0.014620 	 0.014902
  216 	 0.000097 	 0.014641 	 0.014902
  217 	 0.000389 	 0.014549 	 0.014902
  218 	 0.000195 	 0.014561 	 0.014902
  219 	 0.000251 	 0.014523 	 0.014902
  220 	 0.000388 	 0.014614 	 0.014902
  221 	 0.010579 	 0.014752 	 0.014902
  222 	 0.000097 	 0.014718 	 0.014902
  223 	 0.000049 	 0.014663 	 0.014902
  224 	 0.005304 	 0.014768 	 0.014902
  225 	 0.000195 	 0.014470 	 0.014902
  226 	 0.000499 	 0.014564 	 0.014902
  227 	 0.000499 	 0.014700 	 0.014902
  228 	 0.000097 	 0.014447 	 0.014902
  229 	 0.001550 	 0.014536 	 0.014902
  230 	 0.000195 	 0.014548 	 0.014902
  231 	 0.003809 	 0.014743 	 0.014902
  232 	 0.005056 	 0.014750 	 0.014902
  233 	 0.000097 	 0.014507 	 0.014902
  234 	 0.000995 	 0.014616 	 0.014902
  235 	 0.000097 	 0.014537 	 0.014902
  236 	 0.000251 	 0.014573 	 0.014902
  237 	 0.000389 	 0.014581 	 0.014902
  238 	 0.000097 	 0.014607 	 0.014902
  239 	 0.000251 	 0.014631 	 0.014902
  240 	 0.003049 	 0.014761 	 0.014902
  241 	 0.001969 	 0.014651 	 0.014902
  242 	 0.000097 	 0.014617 	 0.014902
  243 	 0.000389 	 0.014643 	 0.014902
  244 	 0.000251 	 0.014547 	 0.014902
  245 	 0.000390 	 0.014581 	 0.014902
  246 	 0.001550 	 0.014583 	 0.014902
  247 	 0.000778 	 0.014478 	 0.014902
  248 	 0.000049 	 0.014522 	 0.014902
  249 	 0.000049 	 0.014645 	 0.014902
  250 	 0.001970 	 0.014694 	 0.014902
  251 	 0.000996 	 0.014636 	 0.014902
  252 	 0.000195 	 0.014627 	 0.014902
  253 	 0.000049 	 0.014546 	 0.014902
  254 	 0.000251 	 0.014668 	 0.014902
  255 	 0.000251 	 0.014593 	 0.014902
  256 	 0.000097 	 0.014570 	 0.014902
  257 	 0.000049 	 0.014378 	 0.014902
  258 	 0.000097 	 0.014651 	 0.014902
  259 	 0.000778 	 0.014398 	 0.014902
  260 	 0.001005 	 0.014494 	 0.014902
  261 	 0.000049 	 0.014407 	 0.014902
  262 	 0.000778 	 0.014662 	 0.014902
  263 	 0.001550 	 0.014659 	 0.014902
  264 	 0.005544 	 0.014771 	 0.014902
  265 	 0.000251 	 0.014563 	 0.014902
  266 	 0.003034 	 0.014740 	 0.014902
  267 	 0.000995 	 0.014631 	 0.014902
  268 	 0.000097 	 0.014800 	 0.014902
  269 	 0.000995 	 0.014651 	 0.014902
  270 	 0.000251 	 0.014626 	 0.014902
  271 	 0.000195 	 0.014581 	 0.014902
  272 	 0.000500 	 0.014515 	 0.014902
  273 	 0.000996 	 0.014719 	 0.014902
  274 	 0.000389 	 0.014388 	 0.014902
  275 	 0.000097 	 0.014401 	 0.014902
  276 	 0.003062 	 0.014743 	 0.014902
  277 	 0.000389 	 0.014440 	 0.014902
  278 	 0.000049 	 0.014715 	 0.014902
  279 	 0.003438 	 0.014751 	 0.014902
  280 	 0.003438 	 0.014705 	 0.014902
  281 	 0.000097 	 0.014449 	 0.014902
  282 	 0.000097 	 0.014477 	 0.014902
  283 	 0.000195 	 0.014540 	 0.014902
  284 	 0.003051 	 0.014740 	 0.014902
  285 	 0.001967 	 0.014671 	 0.014902
  286 	 0.000778 	 0.014608 	 0.014902
  287 	 0.000389 	 0.014613 	 0.014902
  288 	 0.000500 	 0.014577 	 0.014902
  289 	 0.000195 	 0.014482 	 0.014902
  290 	 0.000195 	 0.014466 	 0.014902
  291 	 0.000251 	 0.014575 	 0.014902
  292 	 0.000995 	 0.014641 	 0.014902
  293 	 0.000251 	 0.014585 	 0.014902
  294 	 0.000195 	 0.014645 	 0.014902
  295 	 0.000195 	 0.014293 	 0.014902
  296 	 0.000500 	 0.014711 	 0.014902
  297 	 0.000049 	 0.014555 	 0.014902
  298 	 0.000049 	 0.014624 	 0.014902
  299 	 0.000097 	 0.014480 	 0.014902
  300 	 0.000195 	 0.014196 	 0.014902
  301 	 0.009562 	 0.014787 	 0.014902
  302 	 0.000778 	 0.014778 	 0.014902
  303 	 0.000778 	 0.014470 	 0.014902
  304 	 0.000389 	 0.014727 	 0.014902
  305 	 0.000195 	 0.014615 	 0.014902
  306 	 0.000251 	 0.014744 	 0.014902
  307 	 0.000049 	 0.014570 	 0.014902
  308 	 0.000389 	 0.014633 	 0.014902
  309 	 0.003438 	 0.014741 	 0.014902
  310 	 0.000049 	 0.014431 	 0.014902
  311 	 0.000251 	 0.014605 	 0.014902
  312 	 0.000995 	 0.014552 	 0.014902
  313 	 0.000097 	 0.014654 	 0.014902
  314 	 0.000491 	 0.014578 	 0.014902
  315 	 0.000097 	 0.014357 	 0.014902
  316 	 0.000251 	 0.014581 	 0.014902
  317 	 0.000049 	 0.014701 	 0.014902
  318 	 0.000049 	 0.014415 	 0.014902
  319 	 0.000049 	 0.014556 	 0.014902
  320 	 0.000049 	 0.014609 	 0.014902
  321 	 0.003438 	 0.014706 	 0.014902
  322 	 0.000195 	 0.014699 	 0.014902
  323 	 0.000389 	 0.014606 	 0.014902
  324 	 0.000500 	 0.014690 	 0.014902
  325 	 0.000097 	 0.014637 	 0.014902
  326 	 0.003051 	 0.014683 	 0.014902
  327 	 0.000995 	 0.014618 	 0.014902
  328 	 0.005738 	 0.014728 	 0.014902
  329 	 0.000780 	 0.014534 	 0.014902
  330 	 0.000500 	 0.014464 	 0.014902
  331 	 0.003809 	 0.014613 	 0.014902
  332 	 0.001546 	 0.014735 	 0.014902
  333 	 0.005750 	 0.014769 	 0.014902
  334 	 0.000195 	 0.014590 	 0.014902
  335 	 0.000049 	 0.014579 	 0.014902
  336 	 0.003335 	 0.014662 	 0.014902
  337 	 0.000097 	 0.014692 	 0.014902
  338 	 0.000049 	 0.014369 	 0.014902
  339 	 0.000389 	 0.014455 	 0.014902
  340 	 0.000097 	 0.014629 	 0.014902
  341 	 0.000049 	 0.014553 	 0.014902
  342 	 0.000251 	 0.014570 	 0.014902
  343 	 0.000500 	 0.014543 	 0.014902
  344 	 0.000251 	 0.014561 	 0.014902
  345 	 0.000049 	 0.014710 	 0.014902
  346 	 0.003437 	 0.014618 	 0.014902
  347 	 0.000195 	 0.014559 	 0.014902
  348 	 0.000195 	 0.014393 	 0.014902
  349 	 0.000389 	 0.014651 	 0.014902
  350 	 0.000195 	 0.014633 	 0.014902
  351 	 0.006877 	 0.014783 	 0.014902
  352 	 0.000097 	 0.014574 	 0.014902
  353 	 0.000999 	 0.014699 	 0.014902
  354 	 0.000500 	 0.014439 	 0.014902
  355 	 0.003438 	 0.014765 	 0.014902
  356 	 0.000049 	 0.014724 	 0.014902
  357 	 0.009529 	 0.014839 	 0.014902
  358 	 0.000500 	 0.014449 	 0.014902
  359 	 0.001550 	 0.014725 	 0.014902
  360 	 0.005976 	 0.014674 	 0.014902
  361 	 0.000049 	 0.014607 	 0.014902
  362 	 0.000049 	 0.014601 	 0.014902
  363 	 0.000389 	 0.014500 	 0.014902
  364 	 0.000195 	 0.014576 	 0.014902
  365 	 0.000995 	 0.014670 	 0.014902
  366 	 0.000195 	 0.014615 	 0.014902
  367 	 0.000500 	 0.014668 	 0.014902
  368 	 0.006850 	 0.014702 	 0.014902
  369 	 0.000251 	 0.014493 	 0.014902
  370 	 0.000049 	 0.014465 	 0.014902
  371 	 0.000995 	 0.014682 	 0.014902
  372 	 0.000389 	 0.014502 	 0.014902
  373 	 0.000195 	 0.014615 	 0.014902
  374 	 0.000097 	 0.014529 	 0.014902
  375 	 0.003434 	 0.014731 	 0.014902
  376 	 0.000049 	 0.014594 	 0.014902
  377 	 0.003051 	 0.014689 	 0.014902
  378 	 0.005305 	 0.014782 	 0.014902
  379 	 0.000778 	 0.014646 	 0.014902
  380 	 0.000097 	 0.014519 	 0.014902
  381 	 0.000996 	 0.014668 	 0.014902
  382 	 0.000049 	 0.014485 	 0.014902
  383 	 0.000195 	 0.014719 	 0.014902
  384 	 0.000097 	 0.014595 	 0.014902
  385 	 0.000097 	 0.014671 	 0.014902
  386 	 0.000389 	 0.014512 	 0.014902
  387 	 0.000195 	 0.014796 	 0.014902
  388 	 0.000097 	 0.014609 	 0.014902
  389 	 0.000500 	 0.014589 	 0.014902
  390 	 0.000251 	 0.014412 	 0.014902
  391 	 0.000995 	 0.014606 	 0.014902
  392 	 0.000049 	 0.014533 	 0.014902
  393 	 0.000389 	 0.014618 	 0.014902
  394 	 0.000049 	 0.014511 	 0.014902
  395 	 0.000049 	 0.014552 	 0.014902
  396 	 0.000778 	 0.014459 	 0.014902
  397 	 0.000500 	 0.014548 	 0.014902
  398 	 0.000251 	 0.014551 	 0.014902
  399 	 0.000251 	 0.014469 	 0.014902
  400 	 0.000049 	 0.014517 	 0.014902
  401 	 0.000049 	 0.014691 	 0.014902
  402 	 0.006271 	 0.014737 	 0.014902
  403 	 0.008010 	 0.014771 	 0.014902
  404 	 0.000500 	 0.014674 	 0.014902
  405 	 0.000097 	 0.014520 	 0.014902
  406 	 0.000049 	 0.014719 	 0.014902
  407 	 0.000389 	 0.014629 	 0.014902
  408 	 0.000049 	 0.014427 	 0.014902
  409 	 0.000251 	 0.014599 	 0.014902
  410 	 0.000499 	 0.014605 	 0.014902
  411 	 0.000995 	 0.014653 	 0.014902
  412 	 0.003438 	 0.014640 	 0.014902
  413 	 0.000389 	 0.014545 	 0.014902
  414 	 0.000500 	 0.014606 	 0.014902
  415 	 0.000098 	 0.014449 	 0.014902
  416 	 0.000500 	 0.014549 	 0.014902
  417 	 0.001970 	 0.014769 	 0.014902
  418 	 0.001967 	 0.014752 	 0.014902
  419 	 0.000049 	 0.014344 	 0.014902
  420 	 0.000049 	 0.014619 	 0.014902
  421 	 0.000195 	 0.014434 	 0.014902
  422 	 0.000049 	 0.014670 	 0.014902
  423 	 0.001969 	 0.014750 	 0.014902
  424 	 0.000389 	 0.014631 	 0.014902
  425 	 0.000500 	 0.014645 	 0.014902
  426 	 0.000049 	 0.014552 	 0.014902
  427 	 0.000097 	 0.014532 	 0.014902
  428 	 0.000195 	 0.014450 	 0.014902
  429 	 0.000049 	 0.014386 	 0.014902
  430 	 0.000049 	 0.014724 	 0.014902
  431 	 0.000097 	 0.014619 	 0.014902
  432 	 0.000389 	 0.014713 	 0.014902
  433 	 0.001969 	 0.014738 	 0.014902
  434 	 0.000500 	 0.014613 	 0.014902
  435 	 0.001969 	 0.014653 	 0.014902
  436 	 0.000049 	 0.014488 	 0.014902
  437 	 0.000500 	 0.014517 	 0.014902
  438 	 0.000097 	 0.014511 	 0.014902
  439 	 0.000097 	 0.014568 	 0.014902
  440 	 0.000049 	 0.014623 	 0.014902
  441 	 0.000049 	 0.014325 	 0.014902
  442 	 0.000500 	 0.014708 	 0.014902
  443 	 0.000097 	 0.014551 	 0.014902
  444 	 0.003051 	 0.014806 	 0.014902
  445 	 0.000251 	 0.014637 	 0.014902
  446 	 0.000195 	 0.014613 	 0.014902
  447 	 0.000097 	 0.014606 	 0.014902
  448 	 0.000097 	 0.014420 	 0.014902
  449 	 0.000049 	 0.014576 	 0.014902
  450 	 0.000251 	 0.014607 	 0.014902
  451 	 0.000251 	 0.014565 	 0.014902
  452 	 0.000498 	 0.014667 	 0.014902
  453 	 0.000251 	 0.014731 	 0.014902
  454 	 0.000251 	 0.014543 	 0.014902
  455 	 0.000097 	 0.014543 	 0.014902
  456 	 0.000195 	 0.014550 	 0.014902
  457 	 0.007169 	 0.014824 	 0.014902
  458 	 0.000195 	 0.014757 	 0.014902
  459 	 0.001526 	 0.014574 	 0.014902
  460 	 0.000049 	 0.014544 	 0.014902
  461 	 0.000097 	 0.014496 	 0.014902
  462 	 0.000049 	 0.014710 	 0.014902
  463 	 0.001969 	 0.014523 	 0.014902
  464 	 0.003438 	 0.014787 	 0.014902
  465 	 0.001969 	 0.014663 	 0.014902
  466 	 0.000389 	 0.014716 	 0.014902
  467 	 0.000251 	 0.014660 	 0.014902
  468 	 0.000049 	 0.014515 	 0.014902
  469 	 0.000195 	 0.014789 	 0.014902
  470 	 0.000195 	 0.014292 	 0.014902
  471 	 0.000097 	 0.014559 	 0.014902
  472 	 0.005545 	 0.014709 	 0.014902
  473 	 0.000474 	 0.014652 	 0.014902
  474 	 0.000195 	 0.014595 	 0.014902
  475 	 0.000500 	 0.014447 	 0.014902
  476 	 0.000251 	 0.014647 	 0.014902
  477 	 0.000049 	 0.014567 	 0.014902
  478 	 0.001969 	 0.014685 	 0.014902
  479 	 0.000097 	 0.014434 	 0.014902
  480 	 0.000389 	 0.014621 	 0.014902
  481 	 0.000500 	 0.014639 	 0.014902
  482 	 0.000500 	 0.014588 	 0.014902
  483 	 0.000389 	 0.014780 	 0.014902
  484 	 0.000195 	 0.014748 	 0.014902
  485 	 0.000195 	 0.014581 	 0.014902
  486 	 0.000097 	 0.014620 	 0.014902
  487 	 0.003809 	 0.014749 	 0.014902
  488 	 0.000049 	 0.014423 	 0.014902
  489 	 0.000049 	 0.014524 	 0.014902
  490 	 0.000097 	 0.014543 	 0.014902
  491 	 0.000251 	 0.014558 	 0.014902
  492 	 0.001969 	 0.014750 	 0.014902
  493 	 0.003809 	 0.014667 	 0.014902
  494 	 0.000195 	 0.014558 	 0.014902
  495 	 0.000389 	 0.014638 	 0.014902
  496 	 0.000097 	 0.014429 	 0.014902
  497 	 0.000778 	 0.014543 	 0.014902
  498 	 0.000251 	 0.014603 	 0.014902
  499 	 0.000251 	 0.014670 	 0.014902
 