   0 	 0.003949 	 0.010059 	 0.026941
    1 	 0.003243 	 0.016156 	 0.184429
    2 	 0.003320 	 0.032678 	 0.217354
    3 	 0.006162 	 0.081818 	 0.217354
    4 	 0.007019 	 0.133349 	 0.246927
    5 	 0.014983 	 0.169373 	 0.246927
    6 	 0.007421 	 0.180105 	 0.240678
    7 	 0.007124 	 0.180337 	 0.241138
    8 	 0.059463 	 0.190108 	 0.235104
    9 	 0.029719 	 0.187412 	 0.235728
   10 	 0.038124 	 0.191982 	 0.288712
   11 	 0.014161 	 0.185583 	 0.288712
   12 	 0.014276 	 0.191951 	 0.291145
   13 	 0.007011 	 0.190795 	 0.308405
   14 	 0.007191 	 0.195951 	 0.308405
   15 	 0.015646 	 0.203981 	 0.296421
   16 	 0.018461 	 0.213672 	 0.297854
   17 	 0.015562 	 0.217625 	 0.296013
   18 	 0.076373 	 0.220454 	 0.297756
   19 	 0.084181 	 0.229668 	 0.297939
   20 	 0.084181 	 0.234948 	 0.300886
   21 	 0.007269 	 0.230991 	 0.316143
   22 	 0.129834 	 0.244432 	 0.316143
   23 	 0.015362 	 0.237531 	 0.303801
   24 	 0.019042 	 0.242619 	 0.375264
   25 	 0.062747 	 0.257536 	 0.382806
   26 	 0.035583 	 0.253391 	 0.382806
   27 	 0.014456 	 0.266554 	 0.382806
   28 	 0.007220 	 0.270354 	 0.382806
   29 	 0.007339 	 0.273463 	 0.384121
   30 	 0.007211 	 0.268719 	 0.384121
   31 	 0.009609 	 0.273689 	 0.384121
   32 	 0.007303 	 0.285082 	 0.384121
   33 	 0.007327 	 0.278954 	 0.384121
   34 	 0.028477 	 0.283858 	 0.389914
   35 	 0.018235 	 0.275351 	 0.389914
   36 	 0.045189 	 0.290711 	 0.389914
   37 	 0.148172 	 0.296156 	 0.384121
   38 	 0.031671 	 0.299182 	 0.384121
   39 	 0.027821 	 0.304438 	 0.384918
   40 	 0.012548 	 0.309601 	 0.385825
   41 	 0.022067 	 0.307713 	 0.384719
   42 	 0.019423 	 0.308619 	 0.390536
   43 	 0.007287 	 0.311541 	 0.384781
   44 	 0.019339 	 0.312126 	 0.385407
   45 	 0.007236 	 0.312036 	 0.385407
   46 	 0.091354 	 0.313788 	 0.388686
   47 	 0.014229 	 0.298529 	 0.388686
   48 	 0.094921 	 0.319270 	 0.391008
   49 	 0.125463 	 0.325498 	 0.391008
   50 	 0.019236 	 0.329519 	 0.394828
   51 	 0.029014 	 0.325134 	 0.394828
   52 	 0.014376 	 0.336478 	 0.392280
   53 	 0.107717 	 0.343811 	 0.392529
   54 	 0.019157 	 0.338022 	 0.393547
   55 	 0.029410 	 0.342072 	 0.393720
   56 	 0.029483 	 0.339974 	 0.392280
   57 	 0.007268 	 0.340402 	 0.391980
   58 	 0.150357 	 0.349924 	 0.391980
   59 	 0.053809 	 0.336248 	 0.389006
   60 	 0.007277 	 0.334233 	 0.393846
   61 	 0.014361 	 0.343017 	 0.393846
   62 	 0.058644 	 0.343147 	 0.392505
   63 	 0.155027 	 0.348779 	 0.392505
   64 	 0.007339 	 0.343535 	 0.389603
   65 	 0.009546 	 0.343344 	 0.389603
   66 	 0.090809 	 0.339592 	 0.389058
   67 	 0.027340 	 0.341714 	 0.390369
   68 	 0.029148 	 0.343996 	 0.392122
   69 	 0.009515 	 0.332870 	 0.386792
   70 	 0.014347 	 0.330969 	 0.386727
   71 	 0.014145 	 0.345943 	 0.390590
   72 	 0.038701 	 0.346282 	 0.394581
   73 	 0.037824 	 0.352359 	 0.391996
   74 	 0.007274 	 0.352466 	 0.397254
   75 	 0.099066 	 0.356691 	 0.394068
   76 	 0.007382 	 0.336368 	 0.389693
   77 	 0.047802 	 0.351694 	 0.388552
   78 	 0.098024 	 0.350324 	 0.390586
   79 	 0.099229 	 0.345326 	 0.388880
   80 	 0.014311 	 0.340175 	 0.386382
   81 	 0.088543 	 0.340069 	 0.391058
   82 	 0.090021 	 0.334841 	 0.386382
   83 	 0.223222 	 0.350638 	 0.386791
   84 	 0.014792 	 0.343746 	 0.386356
   85 	 0.027973 	 0.347337 	 0.386012
   86 	 0.007272 	 0.345455 	 0.386262
   87 	 0.028324 	 0.349829 	 0.387536
   88 	 0.014214 	 0.337513 	 0.387536
   89 	 0.007244 	 0.337896 	 0.391452
   90 	 0.014598 	 0.350647 	 0.390060
   91 	 0.077568 	 0.352044 	 0.391161
   92 	 0.014144 	 0.353239 	 0.391161
   93 	 0.096317 	 0.349832 	 0.390060
   94 	 0.007255 	 0.353977 	 0.390049
   95 	 0.009491 	 0.355208 	 0.390266
   96 	 0.029610 	 0.359445 	 0.390266
   97 	 0.019157 	 0.346874 	 0.390064
   98 	 0.019279 	 0.354319 	 0.392031
   99 	 0.009532 	 0.346182 	 0.390064
 