   0 	 0.003834 	 0.009747 	 0.028848
    1 	 0.003842 	 0.012159 	 0.028870
    2 	 0.004367 	 0.013669 	 0.031536
    3 	 0.004079 	 0.015056 	 0.065607
    4 	 0.005547 	 0.017809 	 0.065607
    5 	 0.007014 	 0.022736 	 0.065607
    6 	 0.006001 	 0.028674 	 0.077255
    7 	 0.008281 	 0.038294 	 0.077327
    8 	 0.008735 	 0.044697 	 0.085424
    9 	 0.010880 	 0.051166 	 0.088511
   10 	 0.007804 	 0.054028 	 0.099682
   11 	 0.009043 	 0.053585 	 0.099682
   12 	 0.009024 	 0.057367 	 0.099682
   13 	 0.007781 	 0.060092 	 0.173599
   14 	 0.015706 	 0.063474 	 0.119019
   15 	 0.013918 	 0.064531 	 0.124962
   16 	 0.007618 	 0.068093 	 0.144986
   17 	 0.010210 	 0.074503 	 0.221483
   18 	 0.039748 	 0.083693 	 0.315885
   19 	 0.014220 	 0.098880 	 0.318305
   20 	 0.036168 	 0.126603 	 0.318305
   21 	 0.009391 	 0.148209 	 0.322014
   22 	 0.007213 	 0.204828 	 0.325247
   23 	 0.007210 	 0.234308 	 0.338646
   24 	 0.039324 	 0.248787 	 0.354559
   25 	 0.051257 	 0.264900 	 0.354559
   26 	 0.015050 	 0.284369 	 0.354559
   27 	 0.086974 	 0.291419 	 0.354559
   28 	 0.019364 	 0.296279 	 0.354559
   29 	 0.187636 	 0.301822 	 0.334540
   30 	 0.025891 	 0.299898 	 0.334540
   31 	 0.028423 	 0.295969 	 0.328664
   32 	 0.019356 	 0.293466 	 0.329494
   33 	 0.019356 	 0.289839 	 0.329440
   34 	 0.014386 	 0.278871 	 0.329440
   35 	 0.040311 	 0.290319 	 0.329440
   36 	 0.014576 	 0.285898 	 0.337359
   37 	 0.014883 	 0.284612 	 0.332829
   38 	 0.030144 	 0.294413 	 0.332594
   39 	 0.014903 	 0.280361 	 0.333979
   40 	 0.030028 	 0.281541 	 0.337745
   41 	 0.094305 	 0.296814 	 0.331743
   42 	 0.028866 	 0.282096 	 0.332229
   43 	 0.007351 	 0.289418 	 0.330869
   44 	 0.029563 	 0.284712 	 0.332610
   45 	 0.049166 	 0.289287 	 0.331557
   46 	 0.193718 	 0.299757 	 0.332071
   47 	 0.014825 	 0.290714 	 0.331557
   48 	 0.007254 	 0.292453 	 0.332071
   49 	 0.009521 	 0.293877 	 0.332071
   50 	 0.028940 	 0.292639 	 0.332071
   51 	 0.099337 	 0.298187 	 0.331849
   52 	 0.100044 	 0.292130 	 0.331849
   53 	 0.029013 	 0.289291 	 0.331849
   54 	 0.060359 	 0.296921 	 0.331966
   55 	 0.060359 	 0.293662 	 0.331966
   56 	 0.013611 	 0.291747 	 0.332071
   57 	 0.014479 	 0.290807 	 0.335075
   58 	 0.014360 	 0.291990 	 0.335648
   59 	 0.056489 	 0.298941 	 0.335648
   60 	 0.009548 	 0.307986 	 0.335102
   61 	 0.053595 	 0.305752 	 0.335102
   62 	 0.053204 	 0.306758 	 0.333716
   63 	 0.091976 	 0.313180 	 0.337318
   64 	 0.112025 	 0.312599 	 0.332508
   65 	 0.014785 	 0.308243 	 0.333487
   66 	 0.009545 	 0.306870 	 0.333487
   67 	 0.014321 	 0.293620 	 0.333487
   68 	 0.055993 	 0.317326 	 0.335436
   69 	 0.045120 	 0.308717 	 0.346954
   70 	 0.007221 	 0.307207 	 0.346954
   71 	 0.007223 	 0.314149 	 0.346954
   72 	 0.007209 	 0.300026 	 0.337498
   73 	 0.019478 	 0.309370 	 0.337703
   74 	 0.086125 	 0.311052 	 0.337703
   75 	 0.007293 	 0.299758 	 0.337498
   76 	 0.152888 	 0.309214 	 0.337498
   77 	 0.009443 	 0.304882 	 0.339061
   78 	 0.019433 	 0.304717 	 0.337521
   79 	 0.007351 	 0.309301 	 0.337521
   80 	 0.028674 	 0.308530 	 0.337373
   81 	 0.007384 	 0.297501 	 0.342223
   82 	 0.019417 	 0.316339 	 0.351928
   83 	 0.018057 	 0.318744 	 0.351928
   84 	 0.014690 	 0.311694 	 0.361938
   85 	 0.015099 	 0.305351 	 0.344665
   86 	 0.014246 	 0.306822 	 0.344665
   87 	 0.029696 	 0.314699 	 0.344665
   88 	 0.039884 	 0.316038 	 0.344665
   89 	 0.159816 	 0.319760 	 0.340907
   90 	 0.009624 	 0.313883 	 0.340907
   91 	 0.014546 	 0.308480 	 0.345943
   92 	 0.039636 	 0.303106 	 0.355242
   93 	 0.057653 	 0.307275 	 0.361668
   94 	 0.014216 	 0.302375 	 0.361668
   95 	 0.019255 	 0.305465 	 0.361422
   96 	 0.018848 	 0.312464 	 0.361706
   97 	 0.056194 	 0.305313 	 0.345218
   98 	 0.046049 	 0.307198 	 0.345470
   99 	 0.018880 	 0.305392 	 0.354055
 