   0 	 0.003831 	 0.010280 	 0.032373
    1 	 0.004416 	 0.013941 	 0.054559
    2 	 0.004979 	 0.017370 	 0.053597
    3 	 0.005640 	 0.024054 	 0.100812
    4 	 0.005720 	 0.032156 	 0.100812
    5 	 0.006200 	 0.043513 	 0.107577
    6 	 0.009256 	 0.054615 	 0.126439
    7 	 0.010571 	 0.066631 	 0.126439
    8 	 0.010372 	 0.065006 	 0.132707
    9 	 0.019505 	 0.072951 	 0.133391
   10 	 0.020647 	 0.078312 	 0.124471
   11 	 0.007166 	 0.086401 	 0.124471
   12 	 0.007151 	 0.089771 	 0.129729
   13 	 0.023431 	 0.094168 	 0.141641
   14 	 0.033535 	 0.093337 	 0.141641
   15 	 0.014200 	 0.097174 	 0.141641
   16 	 0.027115 	 0.102942 	 0.141641
   17 	 0.015245 	 0.108052 	 0.141641
   18 	 0.026448 	 0.108640 	 0.150303
   19 	 0.009399 	 0.105272 	 0.150303
   20 	 0.040808 	 0.105774 	 0.144451
   21 	 0.014897 	 0.109342 	 0.144451
   22 	 0.056214 	 0.113606 	 0.141545
   23 	 0.006514 	 0.111275 	 0.141545
   24 	 0.028114 	 0.111322 	 0.139677
   25 	 0.085745 	 0.114352 	 0.141599
   26 	 0.013621 	 0.112095 	 0.141599
   27 	 0.014996 	 0.111988 	 0.141599
   28 	 0.014327 	 0.111953 	 0.141599
   29 	 0.053888 	 0.117267 	 0.141936
   30 	 0.009422 	 0.114416 	 0.143556
   31 	 0.024541 	 0.114848 	 0.141599
   32 	 0.007280 	 0.117209 	 0.157733
   33 	 0.045806 	 0.122878 	 0.157733
   34 	 0.007470 	 0.118232 	 0.157733
   35 	 0.014130 	 0.123888 	 0.157752
   36 	 0.042039 	 0.127524 	 0.157733
   37 	 0.009542 	 0.128741 	 0.157733
   38 	 0.009542 	 0.128189 	 0.157733
   39 	 0.072506 	 0.127792 	 0.156519
   40 	 0.044062 	 0.129043 	 0.153498
   41 	 0.013264 	 0.128199 	 0.153498
   42 	 0.035089 	 0.127771 	 0.153498
   43 	 0.007252 	 0.126207 	 0.154956
   44 	 0.015492 	 0.126855 	 0.154956
   45 	 0.047396 	 0.129395 	 0.154295
   46 	 0.014986 	 0.123378 	 0.157763
   47 	 0.015440 	 0.122653 	 0.157763
   48 	 0.028386 	 0.125088 	 0.157763
   49 	 0.026748 	 0.133927 	 0.154038
   50 	 0.027951 	 0.131689 	 0.151938
   51 	 0.027948 	 0.130566 	 0.153996
   52 	 0.014116 	 0.131580 	 0.154463
   53 	 0.062224 	 0.134943 	 0.153535
   54 	 0.015469 	 0.130237 	 0.151343
   55 	 0.007218 	 0.132102 	 0.160431
   56 	 0.057349 	 0.134753 	 0.160431
   57 	 0.014993 	 0.132799 	 0.146935
   58 	 0.028045 	 0.134068 	 0.156212
   59 	 0.007149 	 0.132497 	 0.156212
   60 	 0.007197 	 0.131772 	 0.148558
   61 	 0.033604 	 0.135189 	 0.156115
   62 	 0.078756 	 0.136926 	 0.156115
   63 	 0.009503 	 0.131523 	 0.149437
   64 	 0.018967 	 0.133759 	 0.146588
   65 	 0.007170 	 0.134067 	 0.146588
   66 	 0.055792 	 0.134830 	 0.161092
   67 	 0.009652 	 0.133349 	 0.161092
   68 	 0.007270 	 0.134659 	 0.156848
   69 	 0.016124 	 0.134656 	 0.156005
   70 	 0.007252 	 0.135588 	 0.147459
   71 	 0.018153 	 0.137114 	 0.158111
   72 	 0.015365 	 0.136617 	 0.146515
   73 	 0.051820 	 0.137377 	 0.147718
   74 	 0.009527 	 0.133837 	 0.147459
   75 	 0.064176 	 0.138815 	 0.148048
   76 	 0.007349 	 0.138193 	 0.148048
   77 	 0.007201 	 0.134622 	 0.146129
   78 	 0.007112 	 0.135948 	 0.148086
   79 	 0.013998 	 0.136951 	 0.146778
   80 	 0.009708 	 0.133585 	 0.150369
   81 	 0.045767 	 0.134486 	 0.152457
   82 	 0.015648 	 0.133596 	 0.147338
   83 	 0.026593 	 0.133885 	 0.148349
   84 	 0.009564 	 0.133126 	 0.147419
   85 	 0.015461 	 0.131863 	 0.147419
   86 	 0.067245 	 0.134438 	 0.148208
   87 	 0.007229 	 0.132883 	 0.147349
   88 	 0.007124 	 0.131287 	 0.147349
   89 	 0.044185 	 0.130671 	 0.147349
   90 	 0.015298 	 0.130152 	 0.158225
   91 	 0.007260 	 0.133827 	 0.150046
   92 	 0.077887 	 0.134347 	 0.150424
   93 	 0.077238 	 0.132249 	 0.153274
   94 	 0.047810 	 0.131777 	 0.150888
   95 	 0.007210 	 0.136647 	 0.152118
   96 	 0.009412 	 0.135940 	 0.158730
   97 	 0.068846 	 0.139061 	 0.158730
   98 	 0.065771 	 0.136521 	 0.158804
   99 	 0.007266 	 0.134269 	 0.151817
 