   0 	 0.003292 	 0.009806 	 0.030161
    1 	 0.003283 	 0.011595 	 0.036502
    2 	 0.004755 	 0.013991 	 0.041885
    3 	 0.005837 	 0.017532 	 0.054476
    4 	 0.004082 	 0.022912 	 0.062001
    5 	 0.008456 	 0.027621 	 0.074830
    6 	 0.007661 	 0.032119 	 0.074830
    7 	 0.007053 	 0.034718 	 0.093811
    8 	 0.007413 	 0.039510 	 0.094301
    9 	 0.006867 	 0.043096 	 0.094301
   10 	 0.011041 	 0.048406 	 0.117240
   11 	 0.013370 	 0.049984 	 0.121361
   12 	 0.007334 	 0.054992 	 0.125312
   13 	 0.007818 	 0.065715 	 0.192887
   14 	 0.010744 	 0.079848 	 0.192887
   15 	 0.013307 	 0.093249 	 0.250670
   16 	 0.009694 	 0.111584 	 0.250670
   17 	 0.009498 	 0.130245 	 0.250927
   18 	 0.055306 	 0.151131 	 0.252713
   19 	 0.018971 	 0.167415 	 0.263019
   20 	 0.036799 	 0.190096 	 0.260332
   21 	 0.015101 	 0.200977 	 0.260332
   22 	 0.019708 	 0.223056 	 0.260323
   23 	 0.007394 	 0.214951 	 0.260598
   24 	 0.025050 	 0.221722 	 0.260598
   25 	 0.093811 	 0.229545 	 0.271808
   26 	 0.007224 	 0.218698 	 0.261251
   27 	 0.063369 	 0.231741 	 0.263916
   28 	 0.007097 	 0.216443 	 0.282023
   29 	 0.029849 	 0.218065 	 0.282023
   30 	 0.014460 	 0.220041 	 0.284536
   31 	 0.053119 	 0.225391 	 0.285599
   32 	 0.014867 	 0.221349 	 0.285599
   33 	 0.015004 	 0.223879 	 0.287637
   34 	 0.053119 	 0.228112 	 0.287637
   35 	 0.028595 	 0.224690 	 0.287637
   36 	 0.028075 	 0.231933 	 0.282023
   37 	 0.007306 	 0.240576 	 0.292816
   38 	 0.088174 	 0.240351 	 0.296832
   39 	 0.052901 	 0.241371 	 0.286818
   40 	 0.015109 	 0.241152 	 0.294309
   41 	 0.028973 	 0.243841 	 0.294445
   42 	 0.030314 	 0.244528 	 0.294445
   43 	 0.007248 	 0.250041 	 0.294309
   44 	 0.018874 	 0.256145 	 0.303097
   45 	 0.043754 	 0.255579 	 0.294171
   46 	 0.009600 	 0.252064 	 0.308596
   47 	 0.007315 	 0.257299 	 0.308596
   48 	 0.102248 	 0.261453 	 0.303899
   49 	 0.014173 	 0.253859 	 0.308596
   50 	 0.014799 	 0.242484 	 0.294632
   51 	 0.007315 	 0.247569 	 0.297018
   52 	 0.086129 	 0.259073 	 0.295988
   53 	 0.018478 	 0.251604 	 0.298957
   54 	 0.036066 	 0.256788 	 0.299874
   55 	 0.030440 	 0.249448 	 0.299874
   56 	 0.009670 	 0.256043 	 0.299874
   57 	 0.083420 	 0.270335 	 0.299874
   58 	 0.072317 	 0.266880 	 0.299874
   59 	 0.014847 	 0.267550 	 0.308110
   60 	 0.055415 	 0.265994 	 0.308110
   61 	 0.084965 	 0.269658 	 0.308110
   62 	 0.007267 	 0.267531 	 0.308110
   63 	 0.014419 	 0.267092 	 0.308110
   64 	 0.009665 	 0.273507 	 0.308110
   65 	 0.007273 	 0.270586 	 0.317178
   66 	 0.029270 	 0.268185 	 0.317178
   67 	 0.035170 	 0.273285 	 0.310071
   68 	 0.007280 	 0.276178 	 0.310071
   69 	 0.014918 	 0.274173 	 0.311388
   70 	 0.035347 	 0.277116 	 0.310071
   71 	 0.013738 	 0.261406 	 0.308558
   72 	 0.007437 	 0.265228 	 0.308256
   73 	 0.014240 	 0.270337 	 0.310044
   74 	 0.054666 	 0.279850 	 0.308256
   75 	 0.014310 	 0.279541 	 0.309456
   76 	 0.014807 	 0.280481 	 0.308467
   77 	 0.140722 	 0.281849 	 0.308467
   78 	 0.029877 	 0.273798 	 0.314071
   79 	 0.009646 	 0.275403 	 0.314184
   80 	 0.136014 	 0.285743 	 0.314184
   81 	 0.079463 	 0.282764 	 0.314184
   82 	 0.088240 	 0.285323 	 0.314497
   83 	 0.014304 	 0.275854 	 0.328468
   84 	 0.007333 	 0.276786 	 0.328468
   85 	 0.028627 	 0.277364 	 0.328468
   86 	 0.009574 	 0.280743 	 0.315607
   87 	 0.009457 	 0.282865 	 0.315607
   88 	 0.140036 	 0.284807 	 0.315607
   89 	 0.029006 	 0.279846 	 0.319553
   90 	 0.009722 	 0.272470 	 0.317103
   91 	 0.014711 	 0.272998 	 0.313205
   92 	 0.083971 	 0.278768 	 0.312854
   93 	 0.014324 	 0.281221 	 0.312738
   94 	 0.094660 	 0.287961 	 0.312682
   95 	 0.037058 	 0.287479 	 0.316223
   96 	 0.037058 	 0.278329 	 0.314032
   97 	 0.060371 	 0.285660 	 0.312511
   98 	 0.014812 	 0.286941 	 0.312542
   99 	 0.047358 	 0.288126 	 0.314595
 