   0 	 0.003962 	 0.010774 	 0.037459
    1 	 0.003959 	 0.013768 	 0.060006
    2 	 0.004750 	 0.017106 	 0.095902
    3 	 0.004751 	 0.025174 	 0.095902
    4 	 0.010847 	 0.042005 	 0.117949
    5 	 0.008940 	 0.053650 	 0.117949
    6 	 0.009075 	 0.063880 	 0.134209
    7 	 0.011542 	 0.076509 	 0.152116
    8 	 0.014760 	 0.085296 	 0.152116
    9 	 0.007468 	 0.096782 	 0.166483
   10 	 0.008193 	 0.097778 	 0.166483
   11 	 0.011622 	 0.100794 	 0.204140
   12 	 0.014775 	 0.100819 	 0.149578
   13 	 0.029391 	 0.108639 	 0.174462
   14 	 0.008858 	 0.104087 	 0.174462
   15 	 0.007731 	 0.103751 	 0.174462
   16 	 0.014536 	 0.118542 	 0.174462
   17 	 0.007833 	 0.122917 	 0.177166
   18 	 0.007712 	 0.128180 	 0.265770
   19 	 0.010855 	 0.134902 	 0.272795
   20 	 0.007389 	 0.150854 	 0.273644
   21 	 0.028569 	 0.151034 	 0.272795
   22 	 0.025349 	 0.160675 	 0.284365
   23 	 0.038815 	 0.177520 	 0.308970
   24 	 0.007149 	 0.183040 	 0.308970
   25 	 0.029975 	 0.209641 	 0.308970
   26 	 0.027711 	 0.215473 	 0.308970
   27 	 0.006499 	 0.229393 	 0.315192
   28 	 0.064549 	 0.240524 	 0.302664
   29 	 0.009261 	 0.241592 	 0.299195
   30 	 0.072973 	 0.254558 	 0.299195
   31 	 0.014146 	 0.255191 	 0.290698
   32 	 0.018140 	 0.257187 	 0.305984
   33 	 0.014640 	 0.244428 	 0.290436
   34 	 0.009676 	 0.248565 	 0.298496
   35 	 0.007475 	 0.258155 	 0.298678
   36 	 0.066833 	 0.261163 	 0.299191
   37 	 0.130182 	 0.265266 	 0.299768
   38 	 0.014431 	 0.261130 	 0.316959
   39 	 0.124015 	 0.267091 	 0.316209
   40 	 0.190278 	 0.267803 	 0.315501
   41 	 0.074090 	 0.259882 	 0.315501
   42 	 0.036590 	 0.259072 	 0.315501
   43 	 0.007476 	 0.260518 	 0.315501
   44 	 0.100951 	 0.266223 	 0.322340
   45 	 0.014731 	 0.256260 	 0.322340
   46 	 0.039208 	 0.264880 	 0.322340
   47 	 0.039712 	 0.258783 	 0.309619
   48 	 0.014618 	 0.263642 	 0.309334
   49 	 0.014259 	 0.265485 	 0.303787
   50 	 0.014762 	 0.267187 	 0.305688
   51 	 0.055055 	 0.260202 	 0.305688
   52 	 0.007167 	 0.259478 	 0.305688
   53 	 0.014490 	 0.260195 	 0.305688
   54 	 0.067994 	 0.268470 	 0.305688
   55 	 0.007188 	 0.264276 	 0.315833
   56 	 0.007150 	 0.271484 	 0.315833
   57 	 0.040259 	 0.271708 	 0.323240
   58 	 0.009727 	 0.268772 	 0.313194
   59 	 0.009676 	 0.270735 	 0.313194
   60 	 0.062205 	 0.270554 	 0.311483
   61 	 0.014415 	 0.266641 	 0.311457
   62 	 0.014415 	 0.268530 	 0.311457
   63 	 0.182573 	 0.279638 	 0.317489
   64 	 0.014583 	 0.269856 	 0.314654
   65 	 0.027888 	 0.273709 	 0.322659
   66 	 0.053304 	 0.279976 	 0.316321
   67 	 0.019284 	 0.271983 	 0.316321
   68 	 0.082409 	 0.273187 	 0.327305
   69 	 0.060957 	 0.272907 	 0.327305
   70 	 0.084259 	 0.277733 	 0.318956
   71 	 0.084259 	 0.280957 	 0.316673
   72 	 0.055541 	 0.275614 	 0.313710
   73 	 0.030129 	 0.266101 	 0.316507
   74 	 0.007375 	 0.259794 	 0.313838
   75 	 0.136536 	 0.272203 	 0.316797
   76 	 0.014630 	 0.267462 	 0.318406
   77 	 0.082287 	 0.271595 	 0.317397
   78 	 0.014362 	 0.267665 	 0.311111
   79 	 0.131581 	 0.276439 	 0.316032
   80 	 0.093747 	 0.275350 	 0.315848
   81 	 0.106411 	 0.273519 	 0.311209
   82 	 0.028529 	 0.268854 	 0.311209
   83 	 0.102860 	 0.278681 	 0.311209
   84 	 0.018639 	 0.268814 	 0.311631
   85 	 0.007180 	 0.270375 	 0.313774
   86 	 0.014385 	 0.270955 	 0.311631
   87 	 0.014385 	 0.272590 	 0.311488
   88 	 0.009726 	 0.274482 	 0.317564
   89 	 0.007418 	 0.277134 	 0.317564
   90 	 0.060273 	 0.280792 	 0.314872
   91 	 0.014783 	 0.271189 	 0.317739
   92 	 0.007431 	 0.267623 	 0.318797
   93 	 0.021253 	 0.282228 	 0.311631
   94 	 0.082081 	 0.281864 	 0.318420
   95 	 0.014187 	 0.273844 	 0.318420
   96 	 0.037892 	 0.271895 	 0.321158
   97 	 0.014122 	 0.278732 	 0.328660
   98 	 0.029020 	 0.277547 	 0.309592
   99 	 0.009882 	 0.276494 	 0.310162
 