   0 	 0.000000 	 0.000000 	 0.000001
    1 	 0.000000 	 0.000000 	 0.000002
    2 	 0.000000 	 0.000000 	 0.000002
    3 	 0.000000 	 0.000000 	 0.000002
    4 	 0.000000 	 0.000000 	 0.000002
    5 	 0.000000 	 0.000001 	 0.000002
    6 	 0.000000 	 0.000001 	 0.000002
    7 	 0.000000 	 0.000001 	 0.000002
    8 	 0.000000 	 0.000001 	 0.000002
    9 	 0.000000 	 0.000001 	 0.000002
   10 	 0.000001 	 0.000002 	 0.000002
   11 	 0.000000 	 0.000002 	 0.000003
   12 	 0.000001 	 0.000002 	 0.000003
   13 	 0.000002 	 0.000002 	 0.000007
   14 	 0.000000 	 0.000002 	 0.000007
   15 	 0.000002 	 0.000002 	 0.000007
   16 	 0.000000 	 0.000003 	 0.000007
   17 	 0.000000 	 0.000003 	 0.000007
   18 	 0.000000 	 0.000005 	 0.000008
   19 	 0.000000 	 0.000007 	 0.000009
   20 	 0.000000 	 0.000007 	 0.000009
   21 	 0.000005 	 0.000007 	 0.000009
   22 	 0.000000 	 0.000007 	 0.000009
   23 	 0.000001 	 0.000007 	 0.000009
   24 	 0.000000 	 0.000008 	 0.000009
   25 	 0.000000 	 0.000008 	 0.000009
   26 	 0.000005 	 0.000009 	 0.000009
   27 	 0.000000 	 0.000009 	 0.000009
   28 	 0.000009 	 0.000009 	 0.000010
   29 	 0.000000 	 0.000009 	 0.000010
   30 	 0.000001 	 0.000009 	 0.000010
   31 	 0.000000 	 0.000009 	 0.000010
   32 	 0.000000 	 0.000009 	 0.000010
   33 	 0.000000 	 0.000009 	 0.000009
   34 	 0.000000 	 0.000009 	 0.000010
   35 	 0.000002 	 0.000009 	 0.000010
   36 	 0.000002 	 0.000009 	 0.000010
   37 	 0.000000 	 0.000009 	 0.000010
   38 	 0.000005 	 0.000009 	 0.000010
   39 	 0.000000 	 0.000009 	 0.000018
   40 	 0.000000 	 0.000009 	 0.000019
   41 	 0.000000 	 0.000009 	 0.000019
   42 	 0.000000 	 0.000010 	 0.000019
   43 	 0.000000 	 0.000010 	 0.000020
   44 	 0.000000 	 0.000011 	 0.000019
   45 	 0.000000 	 0.000012 	 0.000020
   46 	 0.000007 	 0.000014 	 0.000021
   47 	 0.000000 	 0.000019 	 0.000062
   48 	 0.000000 	 0.000020 	 0.000062
   49 	 0.000000 	 0.000019 	 0.000062
   50 	 0.000019 	 0.000020 	 0.000061
   51 	 0.000000 	 0.000021 	 0.000062
   52 	 0.000001 	 0.000023 	 0.000062
   53 	 0.000001 	 0.000026 	 0.000062
   54 	 0.000000 	 0.000030 	 0.000062
   55 	 0.000000 	 0.000039 	 0.000062
   56 	 0.000006 	 0.000055 	 0.000063
   57 	 0.000001 	 0.000061 	 0.000063
   58 	 0.000000 	 0.000061 	 0.000063
   59 	 0.000001 	 0.000061 	 0.000063
   60 	 0.000000 	 0.000061 	 0.000063
   61 	 0.000000 	 0.000061 	 0.000077
   62 	 0.000000 	 0.000060 	 0.000077
   63 	 0.000000 	 0.000062 	 0.000077
   64 	 0.000000 	 0.000063 	 0.000077
   65 	 0.000001 	 0.000065 	 0.000077
   66 	 0.000000 	 0.000068 	 0.000166
   67 	 0.000001 	 0.000073 	 0.000167
   68 	 0.000000 	 0.000078 	 0.000168
   69 	 0.000001 	 0.000083 	 0.000169
   70 	 0.000000 	 0.000093 	 0.000176
   71 	 0.000000 	 0.000114 	 0.000170
   72 	 0.000000 	 0.000152 	 0.000323
   73 	 0.000000 	 0.000162 	 0.000321
   74 	 0.000002 	 0.000168 	 0.000321
   75 	 0.000001 	 0.000170 	 0.000318
   76 	 0.000000 	 0.000173 	 0.000329
   77 	 0.000000 	 0.000178 	 0.000320
   78 	 0.000000 	 0.000185 	 0.000335
   79 	 0.000001 	 0.000198 	 0.000415
   80 	 0.000000 	 0.000210 	 0.000415
   81 	 0.000000 	 0.000244 	 0.000415
   82 	 0.000000 	 0.000290 	 0.000415
   83 	 0.000004 	 0.000322 	 0.000419
   84 	 0.000001 	 0.000330 	 0.000418
   85 	 0.000000 	 0.000349 	 0.000490
   86 	 0.000000 	 0.000379 	 0.000479
   87 	 0.000000 	 0.000397 	 0.000580
   88 	 0.000001 	 0.000414 	 0.000590
   89 	 0.000002 	 0.000407 	 0.000588
   90 	 0.000000 	 0.000413 	 0.000588
   91 	 0.000001 	 0.000426 	 0.000604
   92 	 0.000000 	 0.000440 	 0.000605
   93 	 0.000002 	 0.000477 	 0.000605
   94 	 0.000000 	 0.000531 	 0.000638
   95 	 0.000001 	 0.000570 	 0.000679
   96 	 0.000001 	 0.000583 	 0.000680
   97 	 0.000001 	 0.000597 	 0.000679
   98 	 0.000001 	 0.000599 	 0.000679
   99 	 0.000000 	 0.000605 	 0.000679
  100 	 0.000000 	 0.000608 	 0.000674
  101 	 0.000000 	 0.000607 	 0.000679
  102 	 0.000000 	 0.000645 	 0.000680
  103 	 0.000000 	 0.000642 	 0.000680
  104 	 0.000001 	 0.000652 	 0.000680
  105 	 0.000000 	 0.000650 	 0.000684
  106 	 0.000000 	 0.000647 	 0.000694
  107 	 0.000003 	 0.000660 	 0.000684
  108 	 0.000000 	 0.000663 	 0.000685
  109 	 0.000001 	 0.000657 	 0.000723
  110 	 0.000000 	 0.000666 	 0.000712
  111 	 0.000000 	 0.000663 	 0.000710
  112 	 0.000000 	 0.000666 	 0.000711
  113 	 0.000000 	 0.000658 	 0.000711
  114 	 0.000000 	 0.000661 	 0.000711
  115 	 0.000000 	 0.000677 	 0.000715
  116 	 0.000000 	 0.000670 	 0.000715
  117 	 0.000000 	 0.000683 	 0.000715
  118 	 0.000000 	 0.000696 	 0.000718
  119 	 0.000000 	 0.000688 	 0.000727
  120 	 0.000002 	 0.000706 	 0.000738
  121 	 0.000001 	 0.000706 	 0.000740
  122 	 0.000001 	 0.000697 	 0.000740
  123 	 0.000000 	 0.000702 	 0.000740
  124 	 0.000000 	 0.000699 	 0.000740
  125 	 0.000002 	 0.000710 	 0.000740
  126 	 0.000001 	 0.000706 	 0.000740
  127 	 0.000002 	 0.000696 	 0.000740
  128 	 0.000000 	 0.000708 	 0.000739
  129 	 0.000000 	 0.000704 	 0.000740
  130 	 0.000000 	 0.000710 	 0.000741
  131 	 0.000002 	 0.000720 	 0.000741
  132 	 0.000000 	 0.000722 	 0.000742
  133 	 0.000000 	 0.000713 	 0.000743
  134 	 0.000000 	 0.000701 	 0.000744
  135 	 0.000000 	 0.000723 	 0.000744
  136 	 0.000000 	 0.000719 	 0.000747
  137 	 0.000000 	 0.000732 	 0.000751
  138 	 0.000000 	 0.000729 	 0.000752
  139 	 0.000000 	 0.000714 	 0.000752
  140 	 0.000000 	 0.000725 	 0.000752
  141 	 0.000000 	 0.000732 	 0.000752
  142 	 0.000006 	 0.000733 	 0.000752
  143 	 0.000001 	 0.000723 	 0.000753
  144 	 0.000000 	 0.000740 	 0.000753
  145 	 0.000000 	 0.000731 	 0.000753
  146 	 0.000000 	 0.000729 	 0.000753
  147 	 0.000000 	 0.000741 	 0.000753
  148 	 0.000004 	 0.000742 	 0.000754
  149 	 0.000001 	 0.000734 	 0.000755
  150 	 0.000002 	 0.000733 	 0.000755
  151 	 0.000000 	 0.000739 	 0.000755
  152 	 0.000001 	 0.000735 	 0.000755
  153 	 0.000012 	 0.000748 	 0.000755
  154 	 0.000000 	 0.000728 	 0.000757
  155 	 0.000000 	 0.000731 	 0.000758
  156 	 0.000006 	 0.000750 	 0.000758
  157 	 0.000000 	 0.000734 	 0.000758
  158 	 0.000000 	 0.000751 	 0.000758
  159 	 0.000000 	 0.000733 	 0.000759
  160 	 0.000001 	 0.000740 	 0.000759
  161 	 0.000000 	 0.000735 	 0.000759
  162 	 0.000000 	 0.000745 	 0.000759
  163 	 0.000001 	 0.000736 	 0.000761
  164 	 0.000002 	 0.000739 	 0.000761
  165 	 0.000000 	 0.000733 	 0.000761
  166 	 0.000000 	 0.000745 	 0.000762
  167 	 0.000006 	 0.000748 	 0.000762
  168 	 0.000000 	 0.000730 	 0.000765
  169 	 0.000000 	 0.000741 	 0.000765
  170 	 0.000000 	 0.000740 	 0.000765
  171 	 0.000000 	 0.000738 	 0.000765
  172 	 0.000002 	 0.000746 	 0.000765
  173 	 0.000001 	 0.000742 	 0.000765
  174 	 0.000002 	 0.000747 	 0.000765
  175 	 0.000001 	 0.000735 	 0.000765
  176 	 0.000001 	 0.000750 	 0.000765
  177 	 0.000000 	 0.000734 	 0.000765
  178 	 0.000002 	 0.000743 	 0.000766
  179 	 0.000000 	 0.000750 	 0.000766
  180 	 0.000000 	 0.000747 	 0.000766
  181 	 0.000000 	 0.000744 	 0.000766
  182 	 0.000001 	 0.000749 	 0.000766
  183 	 0.000000 	 0.000745 	 0.000766
  184 	 0.000000 	 0.000743 	 0.000766
  185 	 0.000000 	 0.000742 	 0.000766
  186 	 0.000000 	 0.000740 	 0.000767
  187 	 0.000000 	 0.000749 	 0.000767
  188 	 0.000131 	 0.000759 	 0.000767
  189 	 0.000006 	 0.000755 	 0.000767
  190 	 0.000001 	 0.000754 	 0.000767
  191 	 0.000000 	 0.000751 	 0.000767
  192 	 0.000001 	 0.000752 	 0.000767
  193 	 0.000000 	 0.000742 	 0.000767
  194 	 0.000000 	 0.000726 	 0.000767
  195 	 0.000000 	 0.000753 	 0.000767
  196 	 0.000000 	 0.000742 	 0.000767
  197 	 0.000001 	 0.000750 	 0.000767
  198 	 0.000000 	 0.000741 	 0.000767
  199 	 0.000000 	 0.000750 	 0.000767
  200 	 0.000000 	 0.000750 	 0.000767
  201 	 0.000000 	 0.000736 	 0.000767
  202 	 0.000000 	 0.000760 	 0.000768
  203 	 0.000000 	 0.000741 	 0.000768
  204 	 0.000000 	 0.000729 	 0.000768
  205 	 0.000002 	 0.000755 	 0.000768
  206 	 0.000000 	 0.000755 	 0.000768
  207 	 0.000000 	 0.000742 	 0.000768
  208 	 0.000000 	 0.000747 	 0.000768
  209 	 0.000000 	 0.000747 	 0.000768
  210 	 0.000002 	 0.000750 	 0.000768
  211 	 0.000012 	 0.000745 	 0.000768
  212 	 0.000000 	 0.000752 	 0.000768
  213 	 0.000001 	 0.000747 	 0.000768
  214 	 0.000000 	 0.000756 	 0.000768
  215 	 0.000000 	 0.000759 	 0.000768
  216 	 0.000000 	 0.000735 	 0.000768
  217 	 0.000000 	 0.000755 	 0.000768
  218 	 0.000000 	 0.000747 	 0.000768
  219 	 0.000000 	 0.000759 	 0.000768
  220 	 0.000000 	 0.000745 	 0.000768
  221 	 0.000000 	 0.000746 	 0.000768
  222 	 0.000000 	 0.000751 	 0.000768
  223 	 0.000000 	 0.000732 	 0.000768
  224 	 0.000000 	 0.000758 	 0.000768
  225 	 0.000000 	 0.000747 	 0.000768
  226 	 0.000000 	 0.000744 	 0.000768
  227 	 0.000000 	 0.000749 	 0.000768
  228 	 0.000002 	 0.000757 	 0.000768
  229 	 0.000000 	 0.000732 	 0.000768
  230 	 0.000000 	 0.000743 	 0.000768
  231 	 0.000000 	 0.000749 	 0.000768
  232 	 0.000000 	 0.000745 	 0.000768
  233 	 0.000001 	 0.000753 	 0.000768
  234 	 0.000000 	 0.000746 	 0.000768
  235 	 0.000000 	 0.000742 	 0.000768
  236 	 0.000000 	 0.000730 	 0.000768
  237 	 0.000002 	 0.000756 	 0.000768
  238 	 0.000000 	 0.000734 	 0.000768
  239 	 0.000000 	 0.000746 	 0.000768
  240 	 0.000000 	 0.000744 	 0.000768
  241 	 0.000000 	 0.000747 	 0.000768
  242 	 0.000000 	 0.000749 	 0.000768
  243 	 0.000000 	 0.000744 	 0.000768
  244 	 0.000000 	 0.000745 	 0.000768
  245 	 0.000001 	 0.000744 	 0.000768
  246 	 0.000000 	 0.000753 	 0.000768
  247 	 0.000000 	 0.000731 	 0.000768
  248 	 0.000001 	 0.000733 	 0.000768
  249 	 0.000000 	 0.000744 	 0.000768
  250 	 0.000004 	 0.000745 	 0.000768
  251 	 0.000000 	 0.000744 	 0.000768
  252 	 0.000006 	 0.000760 	 0.000768
  253 	 0.000035 	 0.000763 	 0.000768
  254 	 0.000000 	 0.000734 	 0.000768
  255 	 0.000000 	 0.000756 	 0.000768
  256 	 0.000002 	 0.000757 	 0.000768
  257 	 0.000001 	 0.000746 	 0.000768
  258 	 0.000000 	 0.000745 	 0.000768
  259 	 0.000000 	 0.000738 	 0.000768
  260 	 0.000000 	 0.000753 	 0.000768
  261 	 0.000000 	 0.000736 	 0.000768
  262 	 0.000000 	 0.000741 	 0.000768
  263 	 0.000018 	 0.000750 	 0.000768
  264 	 0.000000 	 0.000742 	 0.000769
  265 	 0.000000 	 0.000733 	 0.000769
  266 	 0.000000 	 0.000747 	 0.000769
  267 	 0.000000 	 0.000737 	 0.000769
  268 	 0.000001 	 0.000753 	 0.000769
  269 	 0.000000 	 0.000759 	 0.000769
  270 	 0.000000 	 0.000743 	 0.000769
  271 	 0.000000 	 0.000734 	 0.000769
  272 	 0.000000 	 0.000734 	 0.000769
  273 	 0.000000 	 0.000738 	 0.000769
  274 	 0.000000 	 0.000750 	 0.000769
  275 	 0.000000 	 0.000748 	 0.000769
  276 	 0.000000 	 0.000739 	 0.000769
  277 	 0.000000 	 0.000736 	 0.000769
  278 	 0.000000 	 0.000746 	 0.000769
  279 	 0.000000 	 0.000742 	 0.000769
  280 	 0.000001 	 0.000749 	 0.000771
  281 	 0.000000 	 0.000744 	 0.000771
  282 	 0.000001 	 0.000751 	 0.000771
  283 	 0.000000 	 0.000729 	 0.000771
  284 	 0.000000 	 0.000749 	 0.000771
  285 	 0.000000 	 0.000738 	 0.000771
  286 	 0.000000 	 0.000740 	 0.000771
  287 	 0.000001 	 0.000748 	 0.000771
  288 	 0.000000 	 0.000751 	 0.000771
  289 	 0.000000 	 0.000741 	 0.000771
  290 	 0.000001 	 0.000752 	 0.000771
  291 	 0.000000 	 0.000747 	 0.000771
  292 	 0.000000 	 0.000757 	 0.000771
  293 	 0.000000 	 0.000729 	 0.000771
  294 	 0.000002 	 0.000755 	 0.000771
  295 	 0.000004 	 0.000754 	 0.000771
  296 	 0.000000 	 0.000724 	 0.000771
  297 	 0.000000 	 0.000752 	 0.000771
  298 	 0.000000 	 0.000752 	 0.000771
  299 	 0.000000 	 0.000754 	 0.000771
  300 	 0.000003 	 0.000753 	 0.000771
  301 	 0.000000 	 0.000739 	 0.000771
  302 	 0.000001 	 0.000737 	 0.000771
  303 	 0.000000 	 0.000738 	 0.000771
  304 	 0.000000 	 0.000734 	 0.000771
  305 	 0.000000 	 0.000735 	 0.000771
  306 	 0.000001 	 0.000742 	 0.000771
  307 	 0.000000 	 0.000740 	 0.000771
  308 	 0.000000 	 0.000755 	 0.000771
  309 	 0.000001 	 0.000751 	 0.000771
  310 	 0.000000 	 0.000747 	 0.000771
  311 	 0.000001 	 0.000759 	 0.000771
  312 	 0.000049 	 0.000764 	 0.000771
  313 	 0.000001 	 0.000756 	 0.000771
  314 	 0.000000 	 0.000758 	 0.000771
  315 	 0.000000 	 0.000751 	 0.000771
  316 	 0.000000 	 0.000740 	 0.000771
  317 	 0.000000 	 0.000748 	 0.000771
  318 	 0.000002 	 0.000744 	 0.000771
  319 	 0.000000 	 0.000728 	 0.000771
  320 	 0.000000 	 0.000739 	 0.000771
  321 	 0.000000 	 0.000754 	 0.000771
  322 	 0.000001 	 0.000746 	 0.000771
  323 	 0.000000 	 0.000757 	 0.000771
  324 	 0.000268 	 0.000762 	 0.000771
  325 	 0.000000 	 0.000754 	 0.000771
  326 	 0.000000 	 0.000744 	 0.000771
  327 	 0.000001 	 0.000758 	 0.000771
  328 	 0.000000 	 0.000747 	 0.000771
  329 	 0.000000 	 0.000737 	 0.000771
  330 	 0.000002 	 0.000749 	 0.000771
  331 	 0.000000 	 0.000753 	 0.000771
  332 	 0.000000 	 0.000748 	 0.000771
  333 	 0.000000 	 0.000751 	 0.000771
  334 	 0.000000 	 0.000749 	 0.000771
  335 	 0.000000 	 0.000754 	 0.000771
  336 	 0.000001 	 0.000756 	 0.000771
  337 	 0.000000 	 0.000761 	 0.000771
  338 	 0.000001 	 0.000744 	 0.000771
  339 	 0.000000 	 0.000751 	 0.000771
  340 	 0.000000 	 0.000754 	 0.000771
  341 	 0.000000 	 0.000744 	 0.000771
  342 	 0.000000 	 0.000741 	 0.000771
  343 	 0.000000 	 0.000750 	 0.000771
  344 	 0.000000 	 0.000762 	 0.000771
  345 	 0.000000 	 0.000756 	 0.000771
  346 	 0.000000 	 0.000747 	 0.000771
  347 	 0.000000 	 0.000747 	 0.000771
  348 	 0.000000 	 0.000752 	 0.000771
  349 	 0.000001 	 0.000763 	 0.000771
  350 	 0.000000 	 0.000747 	 0.000771
  351 	 0.000000 	 0.000746 	 0.000771
  352 	 0.000009 	 0.000758 	 0.000771
  353 	 0.000000 	 0.000763 	 0.000771
  354 	 0.000000 	 0.000750 	 0.000771
  355 	 0.000000 	 0.000743 	 0.000771
  356 	 0.000003 	 0.000761 	 0.000771
  357 	 0.000000 	 0.000752 	 0.000771
  358 	 0.000000 	 0.000745 	 0.000771
  359 	 0.000000 	 0.000754 	 0.000771
  360 	 0.000000 	 0.000745 	 0.000771
  361 	 0.000000 	 0.000746 	 0.000771
  362 	 0.000000 	 0.000743 	 0.000771
  363 	 0.000000 	 0.000735 	 0.000771
  364 	 0.000001 	 0.000744 	 0.000771
  365 	 0.000000 	 0.000745 	 0.000771
  366 	 0.000001 	 0.000756 	 0.000771
  367 	 0.000000 	 0.000758 	 0.000771
  368 	 0.000000 	 0.000750 	 0.000771
  369 	 0.000000 	 0.000741 	 0.000771
  370 	 0.000000 	 0.000750 	 0.000771
  371 	 0.000603 	 0.000770 	 0.000771
  372 	 0.000000 	 0.000754 	 0.000771
  373 	 0.000000 	 0.000757 	 0.000771
  374 	 0.000000 	 0.000742 	 0.000771
  375 	 0.000002 	 0.000753 	 0.000771
  376 	 0.000000 	 0.000748 	 0.000771
  377 	 0.000001 	 0.000763 	 0.000771
  378 	 0.000000 	 0.000748 	 0.000771
  379 	 0.000000 	 0.000759 	 0.000771
  380 	 0.000000 	 0.000740 	 0.000771
  381 	 0.000000 	 0.000748 	 0.000771
  382 	 0.000000 	 0.000747 	 0.000771
  383 	 0.000000 	 0.000748 	 0.000771
  384 	 0.000001 	 0.000742 	 0.000771
  385 	 0.000006 	 0.000758 	 0.000771
  386 	 0.000000 	 0.000745 	 0.000771
  387 	 0.000002 	 0.000752 	 0.000771
  388 	 0.000000 	 0.000744 	 0.000771
  389 	 0.000002 	 0.000761 	 0.000771
  390 	 0.000000 	 0.000748 	 0.000771
  391 	 0.000000 	 0.000741 	 0.000771
  392 	 0.000000 	 0.000739 	 0.000771
  393 	 0.000000 	 0.000740 	 0.000771
  394 	 0.000002 	 0.000759 	 0.000771
  395 	 0.000000 	 0.000753 	 0.000771
  396 	 0.000000 	 0.000742 	 0.000771
  397 	 0.000000 	 0.000750 	 0.000771
  398 	 0.000000 	 0.000754 	 0.000771
  399 	 0.000000 	 0.000745 	 0.000771
  400 	 0.000000 	 0.000756 	 0.000771
  401 	 0.000000 	 0.000745 	 0.000771
  402 	 0.000000 	 0.000750 	 0.000771
  403 	 0.000000 	 0.000743 	 0.000771
  404 	 0.000000 	 0.000746 	 0.000771
  405 	 0.000000 	 0.000759 	 0.000771
  406 	 0.000001 	 0.000759 	 0.000771
  407 	 0.000009 	 0.000763 	 0.000771
  408 	 0.000000 	 0.000750 	 0.000771
  409 	 0.000002 	 0.000740 	 0.000771
  410 	 0.000000 	 0.000733 	 0.000771
  411 	 0.000000 	 0.000747 	 0.000771
  412 	 0.000002 	 0.000750 	 0.000771
  413 	 0.000000 	 0.000747 	 0.000771
  414 	 0.000003 	 0.000757 	 0.000771
  415 	 0.000000 	 0.000726 	 0.000771
  416 	 0.000001 	 0.000752 	 0.000771
  417 	 0.000000 	 0.000735 	 0.000771
  418 	 0.000006 	 0.000752 	 0.000771
  419 	 0.000000 	 0.000745 	 0.000771
  420 	 0.000001 	 0.000758 	 0.000771
  421 	 0.000000 	 0.000745 	 0.000771
  422 	 0.000006 	 0.000755 	 0.000771
  423 	 0.000000 	 0.000751 	 0.000771
  424 	 0.000000 	 0.000746 	 0.000771
  425 	 0.000000 	 0.000761 	 0.000771
  426 	 0.000000 	 0.000740 	 0.000771
  427 	 0.000000 	 0.000741 	 0.000771
  428 	 0.000000 	 0.000736 	 0.000771
  429 	 0.000096 	 0.000759 	 0.000771
  430 	 0.000000 	 0.000747 	 0.000771
  431 	 0.000000 	 0.000750 	 0.000771
  432 	 0.000000 	 0.000754 	 0.000771
  433 	 0.000000 	 0.000745 	 0.000771
  434 	 0.000000 	 0.000754 	 0.000771
  435 	 0.000002 	 0.000750 	 0.000771
  436 	 0.000001 	 0.000752 	 0.000771
  437 	 0.000001 	 0.000752 	 0.000771
  438 	 0.000000 	 0.000753 	 0.000771
  439 	 0.000000 	 0.000754 	 0.000771
  440 	 0.000000 	 0.000748 	 0.000771
  441 	 0.000000 	 0.000751 	 0.000771
  442 	 0.000002 	 0.000755 	 0.000771
  443 	 0.000001 	 0.000763 	 0.000771
  444 	 0.000000 	 0.000749 	 0.000771
  445 	 0.000000 	 0.000746 	 0.000771
  446 	 0.000000 	 0.000755 	 0.000771
  447 	 0.000000 	 0.000754 	 0.000771
  448 	 0.000000 	 0.000728 	 0.000771
  449 	 0.000001 	 0.000755 	 0.000771
  450 	 0.000000 	 0.000759 	 0.000771
  451 	 0.000000 	 0.000753 	 0.000771
  452 	 0.000000 	 0.000729 	 0.000771
  453 	 0.000000 	 0.000758 	 0.000771
  454 	 0.000000 	 0.000754 	 0.000771
  455 	 0.000000 	 0.000760 	 0.000771
  456 	 0.000001 	 0.000758 	 0.000771
  457 	 0.000000 	 0.000741 	 0.000771
  458 	 0.000000 	 0.000745 	 0.000771
  459 	 0.000000 	 0.000749 	 0.000771
  460 	 0.000001 	 0.000754 	 0.000771
  461 	 0.000000 	 0.000753 	 0.000771
  462 	 0.000000 	 0.000755 	 0.000771
  463 	 0.000000 	 0.000748 	 0.000771
  464 	 0.000000 	 0.000739 	 0.000771
  465 	 0.000001 	 0.000762 	 0.000771
  466 	 0.000000 	 0.000748 	 0.000771
  467 	 0.000000 	 0.000753 	 0.000771
  468 	 0.000000 	 0.000738 	 0.000771
  469 	 0.000000 	 0.000748 	 0.000771
  470 	 0.000001 	 0.000754 	 0.000771
  471 	 0.000001 	 0.000760 	 0.000771
  472 	 0.000000 	 0.000748 	 0.000771
  473 	 0.000000 	 0.000741 	 0.000771
  474 	 0.000001 	 0.000743 	 0.000771
  475 	 0.000049 	 0.000759 	 0.000771
  476 	 0.000003 	 0.000736 	 0.000771
  477 	 0.000000 	 0.000750 	 0.000771
  478 	 0.000000 	 0.000748 	 0.000771
  479 	 0.000000 	 0.000744 	 0.000771
  480 	 0.000000 	 0.000740 	 0.000771
  481 	 0.000000 	 0.000756 	 0.000771
  482 	 0.000001 	 0.000747 	 0.000771
  483 	 0.000001 	 0.000765 	 0.000771
  484 	 0.000000 	 0.000753 	 0.000771
  485 	 0.000000 	 0.000748 	 0.000771
  486 	 0.000001 	 0.000745 	 0.000771
  487 	 0.000000 	 0.000755 	 0.000771
  488 	 0.000000 	 0.000756 	 0.000771
  489 	 0.000000 	 0.000736 	 0.000771
  490 	 0.000001 	 0.000749 	 0.000771
  491 	 0.000131 	 0.000763 	 0.000771
  492 	 0.000000 	 0.000758 	 0.000771
  493 	 0.000002 	 0.000741 	 0.000771
  494 	 0.000000 	 0.000757 	 0.000771
  495 	 0.000000 	 0.000742 	 0.000771
  496 	 0.000000 	 0.000738 	 0.000771
  497 	 0.000000 	 0.000760 	 0.000771
  498 	 0.000001 	 0.000743 	 0.000771
  499 	 0.000001 	 0.000762 	 0.000771
 