   0 	 0.003693 	 0.009650 	 0.026137
    1 	 0.003684 	 0.011667 	 0.056141
    2 	 0.003670 	 0.014229 	 0.056141
    3 	 0.004661 	 0.018721 	 0.056141
    4 	 0.005043 	 0.025996 	 0.070316
    5 	 0.007512 	 0.032633 	 0.071315
    6 	 0.009903 	 0.040033 	 0.072342
    7 	 0.009541 	 0.046610 	 0.077220
    8 	 0.007440 	 0.046191 	 0.075469
    9 	 0.006813 	 0.043568 	 0.084290
   10 	 0.009518 	 0.048981 	 0.085601
   11 	 0.007557 	 0.046821 	 0.086852
   12 	 0.007489 	 0.048439 	 0.086852
   13 	 0.018864 	 0.052470 	 0.086852
   14 	 0.006669 	 0.053161 	 0.086852
   15 	 0.017677 	 0.055840 	 0.085902
   16 	 0.013307 	 0.056709 	 0.136794
   17 	 0.013874 	 0.058347 	 0.136794
   18 	 0.007367 	 0.060000 	 0.136794
   19 	 0.012931 	 0.069296 	 0.136794
   20 	 0.011859 	 0.070206 	 0.136605
   21 	 0.007369 	 0.078020 	 0.163634
   22 	 0.013386 	 0.083651 	 0.167179
   23 	 0.045017 	 0.092476 	 0.168115
   24 	 0.009349 	 0.086857 	 0.167293
   25 	 0.035868 	 0.091108 	 0.189991
   26 	 0.027126 	 0.085709 	 0.189991
   27 	 0.007392 	 0.092545 	 0.168115
   28 	 0.014211 	 0.100604 	 0.168115
   29 	 0.009890 	 0.105047 	 0.214558
   30 	 0.027570 	 0.108155 	 0.166099
   31 	 0.038902 	 0.116424 	 0.166321
   32 	 0.036721 	 0.114821 	 0.165988
   33 	 0.035887 	 0.115743 	 0.181351
   34 	 0.035807 	 0.119032 	 0.181027
   35 	 0.007428 	 0.122905 	 0.181052
   36 	 0.026542 	 0.126665 	 0.180772
   37 	 0.014576 	 0.128623 	 0.180772
   38 	 0.035634 	 0.130705 	 0.161794
   39 	 0.009614 	 0.130769 	 0.191490
   40 	 0.009624 	 0.126242 	 0.159160
   41 	 0.007380 	 0.130161 	 0.159160
   42 	 0.014807 	 0.127916 	 0.159160
   43 	 0.030536 	 0.128747 	 0.145212
   44 	 0.007390 	 0.127018 	 0.144757
   45 	 0.081728 	 0.131161 	 0.179219
   46 	 0.063009 	 0.129029 	 0.188394
   47 	 0.063009 	 0.129795 	 0.192512
   48 	 0.063009 	 0.132529 	 0.188223
   49 	 0.028842 	 0.131305 	 0.188563
   50 	 0.028842 	 0.130778 	 0.146587
   51 	 0.007378 	 0.129529 	 0.167826
   52 	 0.028482 	 0.130978 	 0.169014
   53 	 0.028482 	 0.131870 	 0.162661
   54 	 0.052233 	 0.131452 	 0.162661
   55 	 0.052233 	 0.131954 	 0.163624
   56 	 0.052233 	 0.131974 	 0.170152
   57 	 0.052233 	 0.126456 	 0.159640
   58 	 0.028845 	 0.127262 	 0.162268
   59 	 0.007471 	 0.123810 	 0.146327
   60 	 0.067341 	 0.126278 	 0.145212
   61 	 0.007358 	 0.127575 	 0.145212
   62 	 0.035830 	 0.125424 	 0.145212
   63 	 0.007381 	 0.123940 	 0.176885
   64 	 0.007410 	 0.124100 	 0.176885
   65 	 0.014986 	 0.123128 	 0.159102
   66 	 0.013766 	 0.122623 	 0.155241
   67 	 0.029338 	 0.127822 	 0.169048
   68 	 0.051515 	 0.129123 	 0.169048
   69 	 0.051476 	 0.131139 	 0.169048
   70 	 0.014577 	 0.130570 	 0.166650
   71 	 0.012418 	 0.125882 	 0.160761
   72 	 0.013655 	 0.126668 	 0.160761
   73 	 0.035625 	 0.127195 	 0.181360
   74 	 0.054819 	 0.127925 	 0.151690
   75 	 0.029607 	 0.125722 	 0.145229
   76 	 0.015667 	 0.127849 	 0.145229
   77 	 0.009612 	 0.130247 	 0.142757
   78 	 0.014542 	 0.131860 	 0.144508
   79 	 0.007368 	 0.130915 	 0.147331
   80 	 0.078007 	 0.133604 	 0.147518
   81 	 0.017295 	 0.133170 	 0.146970
   82 	 0.047952 	 0.132700 	 0.147040
   83 	 0.048677 	 0.131485 	 0.146459
   84 	 0.025996 	 0.130141 	 0.146676
   85 	 0.013779 	 0.130044 	 0.143617
   86 	 0.018682 	 0.129399 	 0.143563
   87 	 0.007380 	 0.131647 	 0.143563
   88 	 0.090018 	 0.132832 	 0.143599
   89 	 0.034309 	 0.131820 	 0.149574
   90 	 0.013744 	 0.131178 	 0.148068
   91 	 0.007380 	 0.132554 	 0.144871
   92 	 0.007310 	 0.130646 	 0.142706
   93 	 0.014689 	 0.132117 	 0.143580
   94 	 0.013803 	 0.132084 	 0.143685
   95 	 0.013803 	 0.131080 	 0.143237
   96 	 0.018742 	 0.132548 	 0.143781
   97 	 0.026376 	 0.132953 	 0.150847
   98 	 0.013828 	 0.129883 	 0.150847
   99 	 0.007351 	 0.130489 	 0.144011
 