   0 	 0.003879 	 0.010195 	 0.031055
    1 	 0.004286 	 0.012752 	 0.055079
    2 	 0.005196 	 0.015790 	 0.055079
    3 	 0.005825 	 0.019689 	 0.055884
    4 	 0.006423 	 0.026168 	 0.099673
    5 	 0.005535 	 0.036642 	 0.099673
    6 	 0.006119 	 0.046866 	 0.217112
    7 	 0.007996 	 0.058544 	 0.217112
    8 	 0.006337 	 0.073465 	 0.282015
    9 	 0.016161 	 0.082081 	 0.282015
   10 	 0.022325 	 0.087820 	 0.282015
   11 	 0.007248 	 0.098220 	 0.282015
   12 	 0.007544 	 0.119867 	 0.275223
   13 	 0.008491 	 0.130859 	 0.282642
   14 	 0.025062 	 0.127155 	 0.282642
   15 	 0.013797 	 0.149296 	 0.320373
   16 	 0.009142 	 0.155572 	 0.320373
   17 	 0.007137 	 0.155472 	 0.320373
   18 	 0.029146 	 0.179597 	 0.348564
   19 	 0.018231 	 0.179394 	 0.366689
   20 	 0.028784 	 0.187391 	 0.373409
   21 	 0.030648 	 0.190171 	 0.318086
   22 	 0.014348 	 0.178299 	 0.318086
   23 	 0.013730 	 0.174828 	 0.322363
   24 	 0.029903 	 0.178989 	 0.341479
   25 	 0.026092 	 0.187318 	 0.341479
   26 	 0.027377 	 0.206251 	 0.367644
   27 	 0.024831 	 0.199570 	 0.367644
   28 	 0.026190 	 0.199773 	 0.367644
   29 	 0.022013 	 0.217752 	 0.339421
   30 	 0.026877 	 0.223639 	 0.342457
   31 	 0.007225 	 0.228966 	 0.369888
   32 	 0.007253 	 0.240939 	 0.370336
   33 	 0.026609 	 0.224360 	 0.347378
   34 	 0.026453 	 0.235530 	 0.371125
   35 	 0.009572 	 0.239465 	 0.372843
   36 	 0.051201 	 0.258865 	 0.372843
   37 	 0.051201 	 0.265229 	 0.372843
   38 	 0.014015 	 0.265503 	 0.336475
   39 	 0.009745 	 0.253755 	 0.412575
   40 	 0.014497 	 0.261201 	 0.395472
   41 	 0.029859 	 0.266273 	 0.358757
   42 	 0.027830 	 0.259053 	 0.376709
   43 	 0.027846 	 0.257872 	 0.376709
   44 	 0.027960 	 0.261564 	 0.380586
   45 	 0.017339 	 0.265553 	 0.378166
   46 	 0.009311 	 0.272669 	 0.378166
   47 	 0.124675 	 0.272537 	 0.378166
   48 	 0.009471 	 0.259292 	 0.378166
   49 	 0.045462 	 0.267565 	 0.408702
   50 	 0.007054 	 0.256560 	 0.407798
   51 	 0.102573 	 0.270604 	 0.407798
   52 	 0.091334 	 0.259373 	 0.409721
   53 	 0.007338 	 0.254472 	 0.407798
   54 	 0.014193 	 0.252951 	 0.407798
   55 	 0.009170 	 0.263445 	 0.409721
   56 	 0.014489 	 0.291524 	 0.409721
   57 	 0.014487 	 0.287133 	 0.417171
   58 	 0.019721 	 0.302075 	 0.421278
   59 	 0.054019 	 0.301688 	 0.421296
   60 	 0.094908 	 0.303517 	 0.419116
   61 	 0.027852 	 0.318049 	 0.418083
   62 	 0.086552 	 0.329157 	 0.418083
   63 	 0.086552 	 0.308262 	 0.417171
   64 	 0.028826 	 0.314697 	 0.417869
   65 	 0.014482 	 0.320053 	 0.417869
   66 	 0.014974 	 0.334822 	 0.418516
   67 	 0.019165 	 0.345967 	 0.421278
   68 	 0.029400 	 0.340670 	 0.419695
   69 	 0.014433 	 0.341597 	 0.419847
   70 	 0.176998 	 0.348488 	 0.422167
   71 	 0.031102 	 0.349027 	 0.422167
   72 	 0.007178 	 0.346710 	 0.422327
   73 	 0.028488 	 0.351411 	 0.422030
   74 	 0.019207 	 0.359872 	 0.422030
   75 	 0.094334 	 0.350956 	 0.423321
   76 	 0.050939 	 0.347652 	 0.425090
   77 	 0.101812 	 0.351970 	 0.425090
   78 	 0.051714 	 0.345458 	 0.421364
   79 	 0.089307 	 0.347804 	 0.418656
   80 	 0.075838 	 0.361766 	 0.420239
   81 	 0.027910 	 0.350329 	 0.417379
   82 	 0.014770 	 0.352358 	 0.418065
   83 	 0.007430 	 0.344322 	 0.420915
   84 	 0.009305 	 0.359612 	 0.422724
   85 	 0.007397 	 0.373977 	 0.422724
   86 	 0.081515 	 0.372513 	 0.420755
   87 	 0.009550 	 0.357801 	 0.421696
   88 	 0.055410 	 0.369016 	 0.421813
   89 	 0.007189 	 0.359477 	 0.421813
   90 	 0.014603 	 0.359102 	 0.421813
   91 	 0.007390 	 0.357639 	 0.421813
   92 	 0.014202 	 0.351998 	 0.421519
   93 	 0.056818 	 0.351642 	 0.417996
   94 	 0.092689 	 0.364718 	 0.419617
   95 	 0.120532 	 0.370673 	 0.421658
   96 	 0.007400 	 0.372000 	 0.422756
   97 	 0.007205 	 0.367560 	 0.423843
   98 	 0.094784 	 0.382113 	 0.423843
   99 	 0.014995 	 0.384169 	 0.423843
 