   0 	 0.003020 	 0.010577 	 0.056364
    1 	 0.003020 	 0.012767 	 0.038795
    2 	 0.004709 	 0.016370 	 0.038795
    3 	 0.005056 	 0.019490 	 0.051234
    4 	 0.005389 	 0.023419 	 0.051391
    5 	 0.007115 	 0.028213 	 0.051417
    6 	 0.007115 	 0.033218 	 0.060408
    7 	 0.008496 	 0.036992 	 0.099810
    8 	 0.008885 	 0.039209 	 0.099810
    9 	 0.006315 	 0.042055 	 0.091926
   10 	 0.008209 	 0.044144 	 0.091926
   11 	 0.007991 	 0.048112 	 0.100895
   12 	 0.012633 	 0.056167 	 0.095741
   13 	 0.010530 	 0.055550 	 0.151415
   14 	 0.009866 	 0.059435 	 0.165120
   15 	 0.011208 	 0.063105 	 0.164037
   16 	 0.011208 	 0.071757 	 0.164146
   17 	 0.011637 	 0.070677 	 0.164037
   18 	 0.008253 	 0.077425 	 0.164055
   19 	 0.010941 	 0.083752 	 0.164055
   20 	 0.008881 	 0.095313 	 0.164055
   21 	 0.006982 	 0.103565 	 0.164055
   22 	 0.011170 	 0.114643 	 0.180810
   23 	 0.006975 	 0.121497 	 0.176461
   24 	 0.007592 	 0.135535 	 0.180542
   25 	 0.009682 	 0.138584 	 0.180542
   26 	 0.062075 	 0.140035 	 0.184515
   27 	 0.011894 	 0.136302 	 0.182452
   28 	 0.011876 	 0.144071 	 0.184168
   29 	 0.007289 	 0.137545 	 0.189862
   30 	 0.011668 	 0.147134 	 0.189862
   31 	 0.007263 	 0.150559 	 0.190318
   32 	 0.014695 	 0.153569 	 0.190318
   33 	 0.007204 	 0.155752 	 0.189536
   34 	 0.026505 	 0.156262 	 0.186476
   35 	 0.077615 	 0.161623 	 0.196153
   36 	 0.014798 	 0.157201 	 0.197078
   37 	 0.036173 	 0.159193 	 0.197078
   38 	 0.046611 	 0.163834 	 0.198562
   39 	 0.080629 	 0.169069 	 0.198562
   40 	 0.055508 	 0.173865 	 0.198562
   41 	 0.007267 	 0.169987 	 0.197097
   42 	 0.007217 	 0.173921 	 0.197097
   43 	 0.007267 	 0.171856 	 0.193316
   44 	 0.028705 	 0.174360 	 0.195722
   45 	 0.014824 	 0.177048 	 0.195730
   46 	 0.014847 	 0.176743 	 0.195876
   47 	 0.014733 	 0.175378 	 0.195876
   48 	 0.009789 	 0.176294 	 0.196879
   49 	 0.030342 	 0.177730 	 0.196879
   50 	 0.007231 	 0.173915 	 0.196879
   51 	 0.007368 	 0.174946 	 0.196879
   52 	 0.009784 	 0.176541 	 0.196879
   53 	 0.029727 	 0.175757 	 0.196139
   54 	 0.007356 	 0.172862 	 0.196357
   55 	 0.078153 	 0.181149 	 0.197958
   56 	 0.007193 	 0.179025 	 0.198719
   57 	 0.007373 	 0.176963 	 0.197958
   58 	 0.140444 	 0.184434 	 0.199109
   59 	 0.009679 	 0.181557 	 0.195888
   60 	 0.015215 	 0.176954 	 0.200672
   61 	 0.058328 	 0.179529 	 0.200672
   62 	 0.053647 	 0.179845 	 0.200672
   63 	 0.007180 	 0.179406 	 0.216075
   64 	 0.009806 	 0.177261 	 0.224952
   65 	 0.014461 	 0.175726 	 0.222304
   66 	 0.010053 	 0.179630 	 0.223853
   67 	 0.015130 	 0.184536 	 0.224870
   68 	 0.007321 	 0.177857 	 0.224870
   69 	 0.007209 	 0.180090 	 0.224768
   70 	 0.014722 	 0.180769 	 0.224768
   71 	 0.055155 	 0.181757 	 0.224768
   72 	 0.080297 	 0.186583 	 0.225596
   73 	 0.049923 	 0.180730 	 0.223405
   74 	 0.015055 	 0.177922 	 0.223508
   75 	 0.007182 	 0.173061 	 0.223508
   76 	 0.028151 	 0.178944 	 0.223508
   77 	 0.088177 	 0.182974 	 0.223508
   78 	 0.029094 	 0.183464 	 0.223508
   79 	 0.013282 	 0.182474 	 0.223508
   80 	 0.007176 	 0.180588 	 0.226296
   81 	 0.047659 	 0.183878 	 0.223508
   82 	 0.014547 	 0.181771 	 0.224477
   83 	 0.028526 	 0.183439 	 0.224477
   84 	 0.014411 	 0.183056 	 0.225186
   85 	 0.101559 	 0.189355 	 0.226048
   86 	 0.019064 	 0.186419 	 0.226048
   87 	 0.009501 	 0.190165 	 0.226048
   88 	 0.076636 	 0.192166 	 0.225960
   89 	 0.015157 	 0.188364 	 0.248856
   90 	 0.027733 	 0.186117 	 0.230900
   91 	 0.065223 	 0.183227 	 0.225960
   92 	 0.019312 	 0.184158 	 0.225960
   93 	 0.050723 	 0.188977 	 0.229734
   94 	 0.145238 	 0.195776 	 0.229536
   95 	 0.095475 	 0.194325 	 0.237710
   96 	 0.014753 	 0.193302 	 0.237689
   97 	 0.007253 	 0.193635 	 0.236991
   98 	 0.066269 	 0.202095 	 0.237806
   99 	 0.014179 	 0.197140 	 0.240095
 