   0 	 0.000000 	 0.000000 	 0.000001
    1 	 0.000000 	 0.000000 	 0.000001
    2 	 0.000000 	 0.000000 	 0.000003
    3 	 0.000000 	 0.000000 	 0.000019
    4 	 0.000000 	 0.000001 	 0.000019
    5 	 0.000000 	 0.000001 	 0.000019
    6 	 0.000000 	 0.000002 	 0.000038
    7 	 0.000000 	 0.000004 	 0.000038
    8 	 0.000000 	 0.000005 	 0.000039
    9 	 0.000000 	 0.000008 	 0.000046
   10 	 0.000000 	 0.000014 	 0.000046
   11 	 0.000001 	 0.000024 	 0.000046
   12 	 0.000000 	 0.000033 	 0.000050
   13 	 0.000001 	 0.000039 	 0.000050
   14 	 0.000027 	 0.000041 	 0.000056
   15 	 0.000000 	 0.000043 	 0.000071
   16 	 0.000000 	 0.000047 	 0.000071
   17 	 0.000000 	 0.000051 	 0.000071
   18 	 0.000001 	 0.000054 	 0.000080
   19 	 0.000047 	 0.000060 	 0.000082
   20 	 0.000000 	 0.000065 	 0.000081
   21 	 0.000000 	 0.000068 	 0.000081
   22 	 0.000000 	 0.000070 	 0.000081
   23 	 0.000000 	 0.000070 	 0.000082
   24 	 0.000000 	 0.000073 	 0.000167
   25 	 0.000000 	 0.000076 	 0.000167
   26 	 0.000000 	 0.000082 	 0.000276
   27 	 0.000000 	 0.000084 	 0.000264
   28 	 0.000000 	 0.000085 	 0.000264
   29 	 0.000032 	 0.000097 	 0.000265
   30 	 0.000000 	 0.000104 	 0.000290
   31 	 0.000000 	 0.000117 	 0.000290
   32 	 0.000001 	 0.000131 	 0.000400
   33 	 0.000001 	 0.000177 	 0.000424
   34 	 0.000002 	 0.000211 	 0.000540
   35 	 0.000006 	 0.000256 	 0.000557
   36 	 0.000000 	 0.000307 	 0.000556
   37 	 0.000000 	 0.000342 	 0.000583
   38 	 0.000003 	 0.000394 	 0.000673
   39 	 0.000000 	 0.000463 	 0.000661
   40 	 0.000000 	 0.000501 	 0.000662
   41 	 0.000002 	 0.000512 	 0.000668
   42 	 0.000001 	 0.000540 	 0.000756
   43 	 0.000000 	 0.000564 	 0.000724
   44 	 0.000000 	 0.000622 	 0.000768
   45 	 0.000001 	 0.000647 	 0.000797
   46 	 0.000000 	 0.000664 	 0.000797
   47 	 0.000000 	 0.000668 	 0.000861
   48 	 0.000000 	 0.000701 	 0.000912
   49 	 0.000002 	 0.000734 	 0.001069
   50 	 0.000076 	 0.000786 	 0.001097
   51 	 0.000000 	 0.000790 	 0.001105
   52 	 0.000000 	 0.000837 	 0.001104
   53 	 0.000003 	 0.000914 	 0.001112
   54 	 0.000000 	 0.000979 	 0.001115
   55 	 0.000002 	 0.001053 	 0.001115
   56 	 0.000000 	 0.001058 	 0.001171
   57 	 0.000000 	 0.001068 	 0.001135
   58 	 0.000000 	 0.001064 	 0.001143
   59 	 0.000000 	 0.001054 	 0.001151
   60 	 0.000000 	 0.001081 	 0.001153
   61 	 0.000000 	 0.001073 	 0.001164
   62 	 0.000000 	 0.001105 	 0.001168
   63 	 0.000001 	 0.001104 	 0.001178
   64 	 0.000001 	 0.001123 	 0.001185
   65 	 0.000000 	 0.001110 	 0.001196
   66 	 0.000001 	 0.001119 	 0.001197
   67 	 0.000000 	 0.001137 	 0.001197
   68 	 0.000000 	 0.001122 	 0.001205
   69 	 0.000000 	 0.001142 	 0.001212
   70 	 0.000000 	 0.001138 	 0.001291
   71 	 0.000000 	 0.001138 	 0.001254
   72 	 0.000000 	 0.001174 	 0.001291
   73 	 0.000025 	 0.001206 	 0.001306
   74 	 0.000000 	 0.001197 	 0.001315
   75 	 0.000000 	 0.001184 	 0.001327
   76 	 0.000000 	 0.001210 	 0.001322
   77 	 0.000000 	 0.001222 	 0.001328
   78 	 0.000000 	 0.001263 	 0.001332
   79 	 0.000000 	 0.001266 	 0.001330
   80 	 0.000001 	 0.001277 	 0.001339
   81 	 0.000002 	 0.001279 	 0.001338
   82 	 0.000002 	 0.001299 	 0.001342
   83 	 0.000018 	 0.001302 	 0.001342
   84 	 0.000000 	 0.001307 	 0.001345
   85 	 0.000000 	 0.001300 	 0.001345
   86 	 0.000000 	 0.001291 	 0.001347
   87 	 0.000000 	 0.001282 	 0.001347
   88 	 0.000000 	 0.001309 	 0.001347
   89 	 0.000000 	 0.001299 	 0.001348
   90 	 0.000000 	 0.001310 	 0.001352
   91 	 0.000000 	 0.001271 	 0.001350
   92 	 0.000001 	 0.001296 	 0.001353
   93 	 0.000001 	 0.001316 	 0.001355
   94 	 0.000000 	 0.001327 	 0.001356
   95 	 0.000000 	 0.001311 	 0.001356
   96 	 0.000000 	 0.001306 	 0.001358
   97 	 0.000000 	 0.001296 	 0.001360
   98 	 0.000002 	 0.001317 	 0.001362
   99 	 0.000001 	 0.001336 	 0.001363
  100 	 0.000001 	 0.001264 	 0.001363
  101 	 0.000012 	 0.001330 	 0.001364
  102 	 0.000001 	 0.001328 	 0.001364
  103 	 0.000000 	 0.001298 	 0.001366
  104 	 0.000000 	 0.001317 	 0.001367
  105 	 0.000000 	 0.001320 	 0.001369
  106 	 0.000000 	 0.001315 	 0.001369
  107 	 0.000000 	 0.001342 	 0.001370
  108 	 0.000001 	 0.001296 	 0.001371
  109 	 0.000000 	 0.001303 	 0.001371
  110 	 0.000000 	 0.001331 	 0.001375
  111 	 0.000000 	 0.001328 	 0.001375
  112 	 0.000000 	 0.001328 	 0.001375
  113 	 0.000000 	 0.001335 	 0.001376
  114 	 0.000000 	 0.001330 	 0.001376
  115 	 0.000001 	 0.001322 	 0.001377
  116 	 0.000006 	 0.001331 	 0.001378
  117 	 0.000000 	 0.001334 	 0.001378
  118 	 0.000009 	 0.001340 	 0.001381
  119 	 0.000000 	 0.001327 	 0.001380
  120 	 0.000295 	 0.001362 	 0.001382
  121 	 0.000018 	 0.001361 	 0.001382
  122 	 0.000000 	 0.001344 	 0.001383
  123 	 0.000000 	 0.001339 	 0.001385
  124 	 0.000001 	 0.001352 	 0.001385
  125 	 0.000006 	 0.001353 	 0.001386
  126 	 0.000000 	 0.001363 	 0.001386
  127 	 0.000000 	 0.001326 	 0.001386
  128 	 0.000000 	 0.001331 	 0.001387
  129 	 0.000001 	 0.001318 	 0.001387
  130 	 0.000002 	 0.001335 	 0.001387
  131 	 0.000000 	 0.001339 	 0.001388
  132 	 0.000001 	 0.001348 	 0.001389
  133 	 0.000000 	 0.001330 	 0.001389
  134 	 0.000000 	 0.001357 	 0.001389
  135 	 0.000002 	 0.001334 	 0.001390
  136 	 0.000001 	 0.001341 	 0.001390
  137 	 0.000000 	 0.001324 	 0.001390
  138 	 0.000000 	 0.001335 	 0.001390
  139 	 0.000000 	 0.001318 	 0.001391
  140 	 0.000000 	 0.001349 	 0.001390
  141 	 0.000000 	 0.001366 	 0.001391
  142 	 0.000000 	 0.001339 	 0.001391
  143 	 0.000000 	 0.001368 	 0.001392
  144 	 0.000000 	 0.001332 	 0.001392
  145 	 0.000000 	 0.001330 	 0.001392
  146 	 0.000000 	 0.001351 	 0.001392
  147 	 0.000000 	 0.001323 	 0.001393
  148 	 0.000000 	 0.001352 	 0.001393
  149 	 0.000000 	 0.001366 	 0.001393
  150 	 0.000000 	 0.001371 	 0.001393
  151 	 0.000000 	 0.001340 	 0.001393
  152 	 0.000000 	 0.001363 	 0.001394
  153 	 0.000000 	 0.001353 	 0.001394
  154 	 0.000000 	 0.001346 	 0.001394
  155 	 0.000434 	 0.001375 	 0.001394
  156 	 0.000000 	 0.001353 	 0.001394
  157 	 0.000000 	 0.001358 	 0.001395
  158 	 0.000002 	 0.001369 	 0.001394
  159 	 0.000000 	 0.001357 	 0.001394
  160 	 0.000002 	 0.001351 	 0.001395
  161 	 0.000002 	 0.001368 	 0.001395
  162 	 0.000000 	 0.001356 	 0.001395
  163 	 0.000000 	 0.001379 	 0.001395
  164 	 0.000000 	 0.001358 	 0.001395
  165 	 0.000000 	 0.001361 	 0.001395
  166 	 0.000000 	 0.001380 	 0.001395
  167 	 0.000001 	 0.001331 	 0.001396
  168 	 0.000000 	 0.001364 	 0.001396
  169 	 0.000001 	 0.001320 	 0.001396
  170 	 0.000000 	 0.001336 	 0.001396
  171 	 0.000000 	 0.001341 	 0.001396
  172 	 0.000025 	 0.001362 	 0.001396
  173 	 0.000000 	 0.001344 	 0.001396
  174 	 0.000000 	 0.001335 	 0.001396
  175 	 0.000006 	 0.001362 	 0.001397
  176 	 0.000000 	 0.001356 	 0.001397
  177 	 0.000000 	 0.001328 	 0.001397
  178 	 0.000000 	 0.001351 	 0.001397
  179 	 0.000001 	 0.001376 	 0.001397
  180 	 0.000000 	 0.001354 	 0.001397
  181 	 0.000000 	 0.001348 	 0.001397
  182 	 0.000000 	 0.001344 	 0.001397
  183 	 0.000000 	 0.001356 	 0.001397
  184 	 0.000001 	 0.001341 	 0.001397
  185 	 0.000000 	 0.001316 	 0.001397
  186 	 0.000000 	 0.001354 	 0.001397
  187 	 0.000000 	 0.001330 	 0.001397
  188 	 0.000000 	 0.001347 	 0.001397
  189 	 0.000000 	 0.001352 	 0.001397
  190 	 0.000000 	 0.001348 	 0.001397
  191 	 0.000012 	 0.001360 	 0.001398
  192 	 0.000002 	 0.001366 	 0.001398
  193 	 0.000000 	 0.001371 	 0.001398
  194 	 0.000000 	 0.001357 	 0.001398
  195 	 0.000000 	 0.001344 	 0.001398
  196 	 0.000000 	 0.001376 	 0.001398
  197 	 0.000000 	 0.001307 	 0.001398
  198 	 0.000000 	 0.001362 	 0.001398
  199 	 0.000000 	 0.001372 	 0.001398
  200 	 0.000000 	 0.001348 	 0.001398
  201 	 0.000000 	 0.001345 	 0.001398
  202 	 0.000000 	 0.001336 	 0.001398
  203 	 0.000000 	 0.001355 	 0.001398
  204 	 0.000000 	 0.001352 	 0.001398
  205 	 0.000001 	 0.001356 	 0.001398
  206 	 0.000000 	 0.001312 	 0.001398
  207 	 0.000000 	 0.001355 	 0.001398
  208 	 0.000000 	 0.001359 	 0.001398
  209 	 0.000000 	 0.001340 	 0.001398
  210 	 0.000006 	 0.001354 	 0.001398
  211 	 0.000000 	 0.001373 	 0.001398
  212 	 0.000001 	 0.001334 	 0.001398
  213 	 0.000000 	 0.001334 	 0.001398
  214 	 0.000000 	 0.001368 	 0.001398
  215 	 0.000000 	 0.001347 	 0.001398
  216 	 0.000000 	 0.001337 	 0.001398
  217 	 0.000001 	 0.001361 	 0.001398
  218 	 0.000000 	 0.001371 	 0.001398
  219 	 0.000000 	 0.001333 	 0.001398
  220 	 0.000003 	 0.001349 	 0.001398
  221 	 0.000000 	 0.001369 	 0.001398
  222 	 0.000000 	 0.001369 	 0.001398
  223 	 0.000000 	 0.001349 	 0.001398
  224 	 0.000000 	 0.001350 	 0.001398
  225 	 0.000000 	 0.001372 	 0.001398
  226 	 0.000000 	 0.001324 	 0.001398
  227 	 0.000000 	 0.001359 	 0.001398
  228 	 0.000000 	 0.001362 	 0.001398
  229 	 0.000000 	 0.001320 	 0.001398
  230 	 0.000000 	 0.001340 	 0.001398
  231 	 0.000000 	 0.001349 	 0.001398
  232 	 0.000000 	 0.001350 	 0.001398
  233 	 0.000000 	 0.001365 	 0.001398
  234 	 0.000001 	 0.001371 	 0.001398
  235 	 0.000000 	 0.001378 	 0.001398
  236 	 0.000000 	 0.001353 	 0.001398
  237 	 0.000049 	 0.001370 	 0.001398
  238 	 0.000001 	 0.001370 	 0.001398
  239 	 0.000000 	 0.001358 	 0.001398
  240 	 0.000000 	 0.001342 	 0.001398
  241 	 0.000000 	 0.001351 	 0.001398
  242 	 0.000000 	 0.001380 	 0.001398
  243 	 0.000000 	 0.001355 	 0.001398
  244 	 0.000000 	 0.001337 	 0.001398
  245 	 0.000000 	 0.001351 	 0.001398
  246 	 0.000000 	 0.001328 	 0.001398
  247 	 0.000000 	 0.001325 	 0.001398
  248 	 0.000000 	 0.001347 	 0.001398
  249 	 0.000001 	 0.001349 	 0.001398
  250 	 0.000000 	 0.001350 	 0.001398
  251 	 0.000036 	 0.001383 	 0.001398
  252 	 0.000000 	 0.001380 	 0.001398
  253 	 0.000002 	 0.001361 	 0.001398
  254 	 0.000000 	 0.001359 	 0.001398
  255 	 0.000000 	 0.001353 	 0.001398
  256 	 0.000000 	 0.001337 	 0.001398
  257 	 0.000000 	 0.001332 	 0.001398
  258 	 0.000000 	 0.001366 	 0.001398
  259 	 0.000000 	 0.001356 	 0.001398
  260 	 0.000000 	 0.001368 	 0.001398
  261 	 0.000000 	 0.001359 	 0.001398
  262 	 0.000000 	 0.001335 	 0.001398
  263 	 0.000000 	 0.001351 	 0.001398
  264 	 0.000002 	 0.001343 	 0.001398
  265 	 0.000000 	 0.001350 	 0.001398
  266 	 0.000002 	 0.001387 	 0.001398
  267 	 0.000003 	 0.001353 	 0.001398
  268 	 0.000000 	 0.001359 	 0.001398
  269 	 0.000025 	 0.001374 	 0.001398
  270 	 0.000004 	 0.001330 	 0.001398
  271 	 0.000000 	 0.001335 	 0.001398
  272 	 0.000004 	 0.001347 	 0.001398
  273 	 0.000000 	 0.001341 	 0.001398
  274 	 0.000002 	 0.001361 	 0.001398
  275 	 0.000000 	 0.001341 	 0.001398
  276 	 0.000000 	 0.001347 	 0.001398
  277 	 0.000000 	 0.001353 	 0.001398
  278 	 0.000000 	 0.001346 	 0.001398
  279 	 0.000001 	 0.001354 	 0.001398
  280 	 0.000000 	 0.001348 	 0.001398
  281 	 0.000000 	 0.001371 	 0.001398
  282 	 0.000000 	 0.001366 	 0.001398
  283 	 0.000000 	 0.001349 	 0.001398
  284 	 0.000000 	 0.001359 	 0.001398
  285 	 0.000000 	 0.001340 	 0.001398
  286 	 0.000000 	 0.001347 	 0.001398
  287 	 0.000006 	 0.001374 	 0.001398
  288 	 0.000000 	 0.001351 	 0.001398
  289 	 0.000000 	 0.001362 	 0.001398
  290 	 0.000000 	 0.001355 	 0.001398
  291 	 0.000000 	 0.001329 	 0.001398
  292 	 0.000000 	 0.001349 	 0.001398
  293 	 0.000036 	 0.001377 	 0.001398
  294 	 0.000000 	 0.001373 	 0.001398
  295 	 0.000000 	 0.001375 	 0.001398
  296 	 0.000000 	 0.001348 	 0.001398
  297 	 0.000000 	 0.001359 	 0.001398
  298 	 0.000000 	 0.001349 	 0.001398
  299 	 0.000000 	 0.001358 	 0.001398
  300 	 0.000000 	 0.001353 	 0.001398
  301 	 0.000000 	 0.001347 	 0.001398
  302 	 0.000001 	 0.001362 	 0.001398
  303 	 0.000001 	 0.001363 	 0.001398
  304 	 0.000001 	 0.001349 	 0.001398
  305 	 0.000000 	 0.001347 	 0.001398
  306 	 0.000000 	 0.001346 	 0.001398
  307 	 0.000000 	 0.001330 	 0.001398
  308 	 0.000002 	 0.001353 	 0.001398
  309 	 0.000000 	 0.001343 	 0.001398
  310 	 0.000018 	 0.001341 	 0.001398
  311 	 0.000001 	 0.001366 	 0.001398
  312 	 0.000000 	 0.001310 	 0.001398
  313 	 0.000000 	 0.001350 	 0.001398
  314 	 0.000000 	 0.001338 	 0.001398
  315 	 0.000000 	 0.001335 	 0.001398
  316 	 0.000004 	 0.001375 	 0.001398
  317 	 0.000002 	 0.001373 	 0.001398
  318 	 0.000001 	 0.001346 	 0.001398
  319 	 0.000000 	 0.001372 	 0.001398
  320 	 0.000001 	 0.001327 	 0.001398
  321 	 0.000000 	 0.001363 	 0.001398
  322 	 0.000001 	 0.001317 	 0.001398
  323 	 0.000002 	 0.001348 	 0.001398
  324 	 0.000000 	 0.001346 	 0.001398
  325 	 0.000002 	 0.001364 	 0.001398
  326 	 0.000096 	 0.001373 	 0.001398
  327 	 0.000000 	 0.001339 	 0.001398
  328 	 0.000146 	 0.001375 	 0.001398
  329 	 0.000000 	 0.001364 	 0.001398
  330 	 0.000001 	 0.001324 	 0.001398
  331 	 0.000000 	 0.001341 	 0.001398
  332 	 0.000001 	 0.001355 	 0.001398
  333 	 0.000000 	 0.001354 	 0.001398
  334 	 0.000000 	 0.001330 	 0.001398
  335 	 0.000003 	 0.001352 	 0.001398
  336 	 0.000000 	 0.001319 	 0.001398
  337 	 0.000000 	 0.001351 	 0.001398
  338 	 0.000000 	 0.001358 	 0.001398
  339 	 0.000000 	 0.001349 	 0.001398
  340 	 0.000000 	 0.001349 	 0.001398
  341 	 0.000001 	 0.001366 	 0.001398
  342 	 0.000000 	 0.001334 	 0.001398
  343 	 0.000000 	 0.001357 	 0.001398
  344 	 0.000000 	 0.001364 	 0.001398
  345 	 0.000000 	 0.001329 	 0.001398
  346 	 0.000000 	 0.001349 	 0.001398
  347 	 0.000000 	 0.001350 	 0.001398
  348 	 0.000000 	 0.001351 	 0.001398
  349 	 0.000000 	 0.001339 	 0.001398
  350 	 0.000000 	 0.001322 	 0.001398
  351 	 0.000001 	 0.001364 	 0.001398
  352 	 0.000000 	 0.001359 	 0.001398
  353 	 0.000292 	 0.001386 	 0.001398
  354 	 0.000000 	 0.001343 	 0.001398
  355 	 0.000000 	 0.001363 	 0.001398
  356 	 0.000000 	 0.001331 	 0.001398
  357 	 0.000000 	 0.001375 	 0.001398
  358 	 0.000000 	 0.001358 	 0.001398
  359 	 0.000000 	 0.001332 	 0.001398
  360 	 0.000000 	 0.001366 	 0.001398
  361 	 0.000000 	 0.001330 	 0.001398
  362 	 0.000000 	 0.001355 	 0.001398
  363 	 0.000000 	 0.001358 	 0.001398
  364 	 0.000000 	 0.001367 	 0.001398
  365 	 0.000000 	 0.001384 	 0.001398
  366 	 0.000001 	 0.001343 	 0.001398
  367 	 0.000001 	 0.001356 	 0.001398
  368 	 0.000000 	 0.001367 	 0.001398
  369 	 0.000000 	 0.001327 	 0.001398
  370 	 0.000000 	 0.001359 	 0.001398
  371 	 0.000000 	 0.001376 	 0.001398
  372 	 0.000000 	 0.001345 	 0.001398
  373 	 0.000000 	 0.001338 	 0.001398
  374 	 0.000000 	 0.001344 	 0.001398
  375 	 0.000000 	 0.001347 	 0.001398
  376 	 0.000000 	 0.001373 	 0.001398
  377 	 0.000001 	 0.001355 	 0.001398
  378 	 0.000000 	 0.001362 	 0.001398
  379 	 0.000001 	 0.001369 	 0.001398
  380 	 0.000000 	 0.001354 	 0.001398
  381 	 0.000000 	 0.001366 	 0.001398
  382 	 0.000000 	 0.001352 	 0.001398
  383 	 0.000000 	 0.001340 	 0.001398
  384 	 0.000000 	 0.001377 	 0.001398
  385 	 0.000000 	 0.001344 	 0.001398
  386 	 0.000000 	 0.001340 	 0.001398
  387 	 0.000000 	 0.001340 	 0.001398
  388 	 0.000000 	 0.001340 	 0.001398
  389 	 0.000025 	 0.001363 	 0.001398
  390 	 0.000000 	 0.001372 	 0.001398
  391 	 0.000002 	 0.001381 	 0.001398
  392 	 0.000000 	 0.001366 	 0.001398
  393 	 0.000000 	 0.001340 	 0.001398
  394 	 0.000001 	 0.001347 	 0.001398
  395 	 0.000002 	 0.001355 	 0.001398
  396 	 0.000000 	 0.001349 	 0.001398
  397 	 0.000001 	 0.001342 	 0.001398
  398 	 0.000000 	 0.001338 	 0.001398
  399 	 0.000003 	 0.001373 	 0.001398
  400 	 0.000000 	 0.001351 	 0.001398
  401 	 0.000002 	 0.001322 	 0.001398
  402 	 0.000000 	 0.001361 	 0.001398
  403 	 0.000000 	 0.001345 	 0.001398
  404 	 0.000002 	 0.001343 	 0.001398
  405 	 0.000002 	 0.001351 	 0.001398
  406 	 0.000002 	 0.001360 	 0.001398
  407 	 0.000000 	 0.001356 	 0.001398
  408 	 0.000000 	 0.001350 	 0.001398
  409 	 0.000000 	 0.001358 	 0.001398
  410 	 0.000000 	 0.001318 	 0.001398
  411 	 0.000000 	 0.001368 	 0.001398
  412 	 0.000000 	 0.001350 	 0.001398
  413 	 0.000000 	 0.001355 	 0.001398
  414 	 0.000000 	 0.001334 	 0.001398
  415 	 0.000000 	 0.001362 	 0.001398
  416 	 0.000000 	 0.001355 	 0.001398
  417 	 0.000000 	 0.001358 	 0.001398
  418 	 0.000000 	 0.001303 	 0.001398
  419 	 0.000000 	 0.001359 	 0.001398
  420 	 0.000000 	 0.001348 	 0.001398
  421 	 0.000012 	 0.001370 	 0.001398
  422 	 0.000001 	 0.001354 	 0.001398
  423 	 0.000000 	 0.001346 	 0.001398
  424 	 0.000096 	 0.001384 	 0.001398
  425 	 0.000003 	 0.001356 	 0.001398
  426 	 0.000000 	 0.001380 	 0.001398
  427 	 0.000036 	 0.001366 	 0.001398
  428 	 0.000000 	 0.001361 	 0.001398
  429 	 0.000003 	 0.001362 	 0.001398
  430 	 0.000000 	 0.001319 	 0.001398
  431 	 0.000002 	 0.001354 	 0.001398
  432 	 0.000001 	 0.001388 	 0.001398
  433 	 0.000000 	 0.001345 	 0.001398
  434 	 0.000000 	 0.001357 	 0.001398
  435 	 0.000000 	 0.001334 	 0.001398
  436 	 0.000000 	 0.001356 	 0.001398
  437 	 0.000000 	 0.001354 	 0.001398
  438 	 0.000000 	 0.001359 	 0.001398
  439 	 0.000000 	 0.001319 	 0.001398
  440 	 0.000000 	 0.001343 	 0.001398
  441 	 0.000000 	 0.001338 	 0.001398
  442 	 0.000000 	 0.001334 	 0.001398
  443 	 0.000000 	 0.001329 	 0.001398
  444 	 0.000001 	 0.001354 	 0.001398
  445 	 0.000001 	 0.001369 	 0.001398
  446 	 0.000000 	 0.001355 	 0.001398
  447 	 0.000000 	 0.001352 	 0.001398
  448 	 0.000000 	 0.001324 	 0.001398
  449 	 0.000000 	 0.001344 	 0.001398
  450 	 0.000001 	 0.001351 	 0.001398
  451 	 0.000000 	 0.001335 	 0.001398
  452 	 0.000000 	 0.001334 	 0.001398
  453 	 0.000000 	 0.001356 	 0.001398
  454 	 0.000000 	 0.001356 	 0.001398
  455 	 0.000000 	 0.001361 	 0.001398
  456 	 0.000000 	 0.001353 	 0.001398
  457 	 0.000002 	 0.001380 	 0.001398
  458 	 0.000000 	 0.001344 	 0.001398
  459 	 0.000004 	 0.001381 	 0.001398
  460 	 0.000000 	 0.001357 	 0.001398
  461 	 0.000000 	 0.001334 	 0.001398
  462 	 0.000000 	 0.001367 	 0.001398
  463 	 0.000000 	 0.001376 	 0.001398
  464 	 0.000000 	 0.001370 	 0.001398
  465 	 0.000000 	 0.001362 	 0.001398
  466 	 0.000000 	 0.001329 	 0.001398
  467 	 0.000006 	 0.001368 	 0.001398
  468 	 0.000004 	 0.001381 	 0.001398
  469 	 0.000000 	 0.001364 	 0.001398
  470 	 0.000000 	 0.001370 	 0.001398
  471 	 0.000000 	 0.001357 	 0.001398
  472 	 0.000000 	 0.001357 	 0.001398
  473 	 0.000000 	 0.001352 	 0.001398
  474 	 0.000000 	 0.001353 	 0.001398
  475 	 0.000000 	 0.001343 	 0.001398
  476 	 0.000000 	 0.001370 	 0.001398
  477 	 0.000000 	 0.001354 	 0.001398
  478 	 0.000000 	 0.001350 	 0.001398
  479 	 0.000000 	 0.001378 	 0.001398
  480 	 0.000000 	 0.001354 	 0.001398
  481 	 0.000000 	 0.001312 	 0.001398
  482 	 0.000000 	 0.001379 	 0.001398
  483 	 0.000000 	 0.001355 	 0.001398
  484 	 0.000003 	 0.001360 	 0.001398
  485 	 0.000006 	 0.001364 	 0.001398
  486 	 0.000000 	 0.001315 	 0.001398
  487 	 0.000000 	 0.001349 	 0.001398
  488 	 0.000001 	 0.001341 	 0.001398
  489 	 0.000000 	 0.001369 	 0.001398
  490 	 0.000000 	 0.001357 	 0.001398
  491 	 0.000006 	 0.001363 	 0.001398
  492 	 0.000002 	 0.001359 	 0.001398
  493 	 0.000000 	 0.001375 	 0.001398
  494 	 0.000000 	 0.001344 	 0.001398
  495 	 0.000000 	 0.001361 	 0.001398
  496 	 0.000002 	 0.001372 	 0.001398
  497 	 0.000000 	 0.001366 	 0.001398
  498 	 0.000000 	 0.001331 	 0.001398
  499 	 0.000049 	 0.001368 	 0.001398
 