   0 	 0.000000 	 0.000000 	 0.000003
    1 	 0.000000 	 0.000000 	 0.000003
    2 	 0.000000 	 0.000000 	 0.000008
    3 	 0.000000 	 0.000001 	 0.000015
    4 	 0.000000 	 0.000001 	 0.000015
    5 	 0.000000 	 0.000002 	 0.000015
    6 	 0.000000 	 0.000003 	 0.000015
    7 	 0.000000 	 0.000004 	 0.000016
    8 	 0.000000 	 0.000005 	 0.000025
    9 	 0.000000 	 0.000006 	 0.000024
   10 	 0.000000 	 0.000009 	 0.000025
   11 	 0.000000 	 0.000012 	 0.000026
   12 	 0.000000 	 0.000015 	 0.000073
   13 	 0.000000 	 0.000016 	 0.000073
   14 	 0.000000 	 0.000018 	 0.000073
   15 	 0.000000 	 0.000020 	 0.000073
   16 	 0.000001 	 0.000024 	 0.000064
   17 	 0.000000 	 0.000026 	 0.000064
   18 	 0.000000 	 0.000027 	 0.000064
   19 	 0.000000 	 0.000027 	 0.000044
   20 	 0.000000 	 0.000028 	 0.000044
   21 	 0.000004 	 0.000030 	 0.000049
   22 	 0.000001 	 0.000033 	 0.000056
   23 	 0.000000 	 0.000035 	 0.000075
   24 	 0.000000 	 0.000037 	 0.000078
   25 	 0.000000 	 0.000044 	 0.000079
   26 	 0.000003 	 0.000055 	 0.000293
   27 	 0.000000 	 0.000069 	 0.000351
   28 	 0.000000 	 0.000082 	 0.000351
   29 	 0.000000 	 0.000091 	 0.000158
   30 	 0.000001 	 0.000105 	 0.000158
   31 	 0.000001 	 0.000123 	 0.000193
   32 	 0.000000 	 0.000124 	 0.000290
   33 	 0.000000 	 0.000131 	 0.000301
   34 	 0.000002 	 0.000137 	 0.000301
   35 	 0.000004 	 0.000148 	 0.000327
   36 	 0.000000 	 0.000157 	 0.000310
   37 	 0.000000 	 0.000164 	 0.000305
   38 	 0.000000 	 0.000174 	 0.000316
   39 	 0.000000 	 0.000196 	 0.000307
   40 	 0.000000 	 0.000210 	 0.000305
   41 	 0.000000 	 0.000221 	 0.000332
   42 	 0.000000 	 0.000238 	 0.000389
   43 	 0.000018 	 0.000286 	 0.000387
   44 	 0.000000 	 0.000289 	 0.000461
   45 	 0.000000 	 0.000299 	 0.000456
   46 	 0.000000 	 0.000304 	 0.000474
   47 	 0.000000 	 0.000320 	 0.000474
   48 	 0.000000 	 0.000338 	 0.000462
   49 	 0.000003 	 0.000376 	 0.000470
   50 	 0.000009 	 0.000403 	 0.000471
   51 	 0.000000 	 0.000409 	 0.000471
   52 	 0.000000 	 0.000424 	 0.000471
   53 	 0.000000 	 0.000451 	 0.000471
   54 	 0.000000 	 0.000455 	 0.000498
   55 	 0.000001 	 0.000460 	 0.000501
   56 	 0.000000 	 0.000453 	 0.000505
   57 	 0.000000 	 0.000460 	 0.000507
   58 	 0.000000 	 0.000458 	 0.000507
   59 	 0.000001 	 0.000468 	 0.000613
   60 	 0.000012 	 0.000477 	 0.000660
   61 	 0.000000 	 0.000476 	 0.000659
   62 	 0.000004 	 0.000501 	 0.000659
   63 	 0.000009 	 0.000529 	 0.000659
   64 	 0.000000 	 0.000550 	 0.000666
   65 	 0.000000 	 0.000608 	 0.000674
   66 	 0.000000 	 0.000640 	 0.000685
   67 	 0.000000 	 0.000637 	 0.000741
   68 	 0.000000 	 0.000644 	 0.000742
   69 	 0.000000 	 0.000647 	 0.000742
   70 	 0.000000 	 0.000650 	 0.000742
   71 	 0.000000 	 0.000671 	 0.000745
   72 	 0.000001 	 0.000678 	 0.000790
   73 	 0.000000 	 0.000669 	 0.000790
   74 	 0.000000 	 0.000682 	 0.000790
   75 	 0.000000 	 0.000686 	 0.000792
   76 	 0.000013 	 0.000702 	 0.000792
   77 	 0.000000 	 0.000714 	 0.000792
   78 	 0.000000 	 0.000742 	 0.000793
   79 	 0.000001 	 0.000743 	 0.000797
   80 	 0.000000 	 0.000750 	 0.000795
   81 	 0.000000 	 0.000773 	 0.000796
   82 	 0.000000 	 0.000766 	 0.000797
   83 	 0.000000 	 0.000773 	 0.000798
   84 	 0.000000 	 0.000780 	 0.000799
   85 	 0.000000 	 0.000751 	 0.000805
   86 	 0.000000 	 0.000765 	 0.000805
   87 	 0.000000 	 0.000765 	 0.000801
   88 	 0.000000 	 0.000782 	 0.000801
   89 	 0.000002 	 0.000783 	 0.000812
   90 	 0.000000 	 0.000765 	 0.000812
   91 	 0.000000 	 0.000771 	 0.000812
   92 	 0.000000 	 0.000779 	 0.000812
   93 	 0.000000 	 0.000756 	 0.000813
   94 	 0.000001 	 0.000781 	 0.000813
   95 	 0.000000 	 0.000788 	 0.000813
   96 	 0.000000 	 0.000768 	 0.000813
   97 	 0.000000 	 0.000774 	 0.000817
   98 	 0.000000 	 0.000795 	 0.000817
   99 	 0.000000 	 0.000785 	 0.000817
  100 	 0.000000 	 0.000797 	 0.000817
  101 	 0.000002 	 0.000798 	 0.000818
  102 	 0.000001 	 0.000793 	 0.000818
  103 	 0.000000 	 0.000794 	 0.000818
  104 	 0.000002 	 0.000793 	 0.000818
  105 	 0.000003 	 0.000787 	 0.000818
  106 	 0.000001 	 0.000802 	 0.000820
  107 	 0.000000 	 0.000779 	 0.000821
  108 	 0.000012 	 0.000805 	 0.000821
  109 	 0.000000 	 0.000804 	 0.000821
  110 	 0.000001 	 0.000803 	 0.000822
  111 	 0.000000 	 0.000794 	 0.000822
  112 	 0.000000 	 0.000776 	 0.000821
  113 	 0.000001 	 0.000795 	 0.000822
  114 	 0.000000 	 0.000794 	 0.000822
  115 	 0.000002 	 0.000793 	 0.000823
  116 	 0.000000 	 0.000782 	 0.000823
  117 	 0.000000 	 0.000788 	 0.000823
  118 	 0.000001 	 0.000808 	 0.000824
  119 	 0.000000 	 0.000799 	 0.000824
  120 	 0.000000 	 0.000786 	 0.000824
  121 	 0.000000 	 0.000796 	 0.000825
  122 	 0.000000 	 0.000791 	 0.000825
  123 	 0.000000 	 0.000804 	 0.000825
  124 	 0.000000 	 0.000775 	 0.000825
  125 	 0.000000 	 0.000784 	 0.000825
  126 	 0.000000 	 0.000789 	 0.000826
  127 	 0.000000 	 0.000785 	 0.000825
  128 	 0.000001 	 0.000815 	 0.000825
  129 	 0.000012 	 0.000812 	 0.000825
  130 	 0.000001 	 0.000808 	 0.000825
  131 	 0.000000 	 0.000800 	 0.000826
  132 	 0.000132 	 0.000819 	 0.000826
  133 	 0.000006 	 0.000795 	 0.000826
  134 	 0.000000 	 0.000809 	 0.000826
  135 	 0.000002 	 0.000809 	 0.000826
  136 	 0.000000 	 0.000805 	 0.000826
  137 	 0.000001 	 0.000802 	 0.000826
  138 	 0.000025 	 0.000814 	 0.000826
  139 	 0.000000 	 0.000791 	 0.000826
  140 	 0.000000 	 0.000777 	 0.000826
  141 	 0.000000 	 0.000789 	 0.000826
  142 	 0.000001 	 0.000810 	 0.000827
  143 	 0.000000 	 0.000788 	 0.000826
  144 	 0.000009 	 0.000809 	 0.000827
  145 	 0.000000 	 0.000809 	 0.000827
  146 	 0.000001 	 0.000805 	 0.000827
  147 	 0.000000 	 0.000806 	 0.000827
  148 	 0.000000 	 0.000802 	 0.000827
  149 	 0.000000 	 0.000814 	 0.000827
  150 	 0.000000 	 0.000815 	 0.000827
  151 	 0.000000 	 0.000807 	 0.000827
  152 	 0.000001 	 0.000820 	 0.000827
  153 	 0.000000 	 0.000797 	 0.000827
  154 	 0.000000 	 0.000808 	 0.000827
  155 	 0.000000 	 0.000802 	 0.000827
  156 	 0.000000 	 0.000796 	 0.000827
  157 	 0.000000 	 0.000807 	 0.000828
  158 	 0.000000 	 0.000808 	 0.000828
  159 	 0.000000 	 0.000800 	 0.000828
  160 	 0.000000 	 0.000792 	 0.000828
  161 	 0.000000 	 0.000807 	 0.000828
  162 	 0.000001 	 0.000813 	 0.000828
  163 	 0.000003 	 0.000820 	 0.000828
  164 	 0.000001 	 0.000807 	 0.000828
  165 	 0.000000 	 0.000809 	 0.000828
  166 	 0.000001 	 0.000800 	 0.000828
  167 	 0.000000 	 0.000803 	 0.000828
  168 	 0.000000 	 0.000811 	 0.000828
  169 	 0.000000 	 0.000820 	 0.000829
  170 	 0.000000 	 0.000811 	 0.000829
  171 	 0.000000 	 0.000819 	 0.000829
  172 	 0.000000 	 0.000800 	 0.000829
  173 	 0.000000 	 0.000800 	 0.000829
  174 	 0.000003 	 0.000803 	 0.000829
  175 	 0.000000 	 0.000781 	 0.000829
  176 	 0.000000 	 0.000798 	 0.000829
  177 	 0.000000 	 0.000807 	 0.000829
  178 	 0.000006 	 0.000805 	 0.000829
  179 	 0.000000 	 0.000810 	 0.000829
  180 	 0.000001 	 0.000801 	 0.000829
  181 	 0.000000 	 0.000801 	 0.000829
  182 	 0.000000 	 0.000789 	 0.000829
  183 	 0.000000 	 0.000794 	 0.000829
  184 	 0.000001 	 0.000798 	 0.000829
  185 	 0.000000 	 0.000794 	 0.000829
  186 	 0.000000 	 0.000800 	 0.000829
  187 	 0.000000 	 0.000807 	 0.000829
  188 	 0.000000 	 0.000812 	 0.000829
  189 	 0.000000 	 0.000798 	 0.000829
  190 	 0.000000 	 0.000788 	 0.000829
  191 	 0.000000 	 0.000801 	 0.000829
  192 	 0.000000 	 0.000801 	 0.000829
  193 	 0.000000 	 0.000816 	 0.000829
  194 	 0.000001 	 0.000812 	 0.000829
  195 	 0.000000 	 0.000811 	 0.000829
  196 	 0.000000 	 0.000797 	 0.000829
  197 	 0.000000 	 0.000797 	 0.000829
  198 	 0.000000 	 0.000801 	 0.000829
  199 	 0.000000 	 0.000785 	 0.000829
  200 	 0.000001 	 0.000796 	 0.000829
  201 	 0.000000 	 0.000794 	 0.000829
  202 	 0.000000 	 0.000802 	 0.000829
  203 	 0.000000 	 0.000800 	 0.000829
  204 	 0.000000 	 0.000808 	 0.000829
  205 	 0.000000 	 0.000813 	 0.000829
  206 	 0.000000 	 0.000804 	 0.000829
  207 	 0.000000 	 0.000800 	 0.000829
  208 	 0.000002 	 0.000809 	 0.000829
  209 	 0.000001 	 0.000814 	 0.000829
  210 	 0.000000 	 0.000814 	 0.000829
  211 	 0.000000 	 0.000805 	 0.000829
  212 	 0.000348 	 0.000823 	 0.000829
  213 	 0.000000 	 0.000797 	 0.000829
  214 	 0.000009 	 0.000810 	 0.000829
  215 	 0.000000 	 0.000806 	 0.000829
  216 	 0.000001 	 0.000798 	 0.000829
  217 	 0.000000 	 0.000815 	 0.000829
  218 	 0.000002 	 0.000820 	 0.000829
  219 	 0.000000 	 0.000796 	 0.000829
  220 	 0.000000 	 0.000817 	 0.000829
  221 	 0.000000 	 0.000787 	 0.000829
  222 	 0.000000 	 0.000800 	 0.000829
  223 	 0.000002 	 0.000817 	 0.000829
  224 	 0.000000 	 0.000810 	 0.000829
  225 	 0.000000 	 0.000802 	 0.000829
  226 	 0.000000 	 0.000799 	 0.000829
  227 	 0.000000 	 0.000807 	 0.000829
  228 	 0.000001 	 0.000804 	 0.000829
  229 	 0.000001 	 0.000808 	 0.000829
  230 	 0.000000 	 0.000813 	 0.000829
  231 	 0.000000 	 0.000805 	 0.000829
  232 	 0.000006 	 0.000824 	 0.000829
  233 	 0.000000 	 0.000815 	 0.000829
  234 	 0.000003 	 0.000803 	 0.000829
  235 	 0.000002 	 0.000818 	 0.000829
  236 	 0.000000 	 0.000804 	 0.000829
  237 	 0.000000 	 0.000785 	 0.000829
  238 	 0.000001 	 0.000804 	 0.000829
  239 	 0.000000 	 0.000810 	 0.000829
  240 	 0.000001 	 0.000803 	 0.000829
  241 	 0.000000 	 0.000798 	 0.000829
  242 	 0.000000 	 0.000794 	 0.000830
  243 	 0.000003 	 0.000809 	 0.000830
  244 	 0.000000 	 0.000801 	 0.000830
  245 	 0.000000 	 0.000797 	 0.000830
  246 	 0.000000 	 0.000806 	 0.000830
  247 	 0.000000 	 0.000803 	 0.000830
  248 	 0.000000 	 0.000805 	 0.000830
  249 	 0.000001 	 0.000817 	 0.000830
  250 	 0.000000 	 0.000808 	 0.000830
  251 	 0.000000 	 0.000809 	 0.000830
  252 	 0.000000 	 0.000800 	 0.000830
  253 	 0.000000 	 0.000808 	 0.000830
  254 	 0.000000 	 0.000796 	 0.000830
  255 	 0.000000 	 0.000811 	 0.000830
  256 	 0.000000 	 0.000817 	 0.000830
  257 	 0.000000 	 0.000801 	 0.000830
  258 	 0.000000 	 0.000816 	 0.000830
  259 	 0.000000 	 0.000802 	 0.000830
  260 	 0.000001 	 0.000817 	 0.000830
  261 	 0.000000 	 0.000801 	 0.000830
  262 	 0.000000 	 0.000812 	 0.000830
  263 	 0.000000 	 0.000804 	 0.000830
  264 	 0.000000 	 0.000800 	 0.000830
  265 	 0.000000 	 0.000816 	 0.000830
  266 	 0.000800 	 0.000829 	 0.000830
  267 	 0.000000 	 0.000811 	 0.000830
  268 	 0.000000 	 0.000790 	 0.000830
  269 	 0.000000 	 0.000806 	 0.000830
  270 	 0.000000 	 0.000813 	 0.000830
  271 	 0.000000 	 0.000812 	 0.000830
  272 	 0.000000 	 0.000801 	 0.000830
  273 	 0.000000 	 0.000811 	 0.000830
  274 	 0.000000 	 0.000813 	 0.000830
  275 	 0.000000 	 0.000812 	 0.000830
  276 	 0.000000 	 0.000813 	 0.000830
  277 	 0.000000 	 0.000811 	 0.000830
  278 	 0.000001 	 0.000819 	 0.000830
  279 	 0.000000 	 0.000807 	 0.000830
  280 	 0.000001 	 0.000793 	 0.000830
  281 	 0.000000 	 0.000797 	 0.000830
  282 	 0.000000 	 0.000801 	 0.000830
  283 	 0.000000 	 0.000796 	 0.000830
  284 	 0.000000 	 0.000792 	 0.000830
  285 	 0.000000 	 0.000813 	 0.000830
  286 	 0.000000 	 0.000797 	 0.000830
  287 	 0.000001 	 0.000802 	 0.000830
  288 	 0.000022 	 0.000814 	 0.000830
  289 	 0.000000 	 0.000814 	 0.000830
  290 	 0.000000 	 0.000814 	 0.000830
  291 	 0.000001 	 0.000798 	 0.000830
  292 	 0.000000 	 0.000800 	 0.000830
  293 	 0.000000 	 0.000801 	 0.000830
  294 	 0.000000 	 0.000808 	 0.000830
  295 	 0.000000 	 0.000802 	 0.000830
  296 	 0.000001 	 0.000817 	 0.000830
  297 	 0.000000 	 0.000791 	 0.000830
  298 	 0.000000 	 0.000811 	 0.000830
  299 	 0.000000 	 0.000824 	 0.000830
  300 	 0.000000 	 0.000800 	 0.000830
  301 	 0.000001 	 0.000790 	 0.000830
  302 	 0.000000 	 0.000807 	 0.000830
  303 	 0.000001 	 0.000808 	 0.000830
  304 	 0.000001 	 0.000817 	 0.000830
  305 	 0.000002 	 0.000811 	 0.000830
  306 	 0.000000 	 0.000809 	 0.000830
  307 	 0.000002 	 0.000815 	 0.000830
  308 	 0.000000 	 0.000806 	 0.000830
  309 	 0.000000 	 0.000797 	 0.000830
  310 	 0.000000 	 0.000808 	 0.000830
  311 	 0.000000 	 0.000797 	 0.000830
  312 	 0.000002 	 0.000812 	 0.000830
  313 	 0.000001 	 0.000806 	 0.000830
  314 	 0.000000 	 0.000807 	 0.000830
  315 	 0.000000 	 0.000790 	 0.000830
  316 	 0.000001 	 0.000812 	 0.000830
  317 	 0.000000 	 0.000801 	 0.000830
  318 	 0.000000 	 0.000815 	 0.000830
  319 	 0.000002 	 0.000798 	 0.000830
  320 	 0.000006 	 0.000819 	 0.000830
  321 	 0.000000 	 0.000796 	 0.000830
  322 	 0.000000 	 0.000811 	 0.000830
  323 	 0.000000 	 0.000802 	 0.000830
  324 	 0.000000 	 0.000792 	 0.000830
  325 	 0.000000 	 0.000816 	 0.000830
  326 	 0.000002 	 0.000814 	 0.000830
  327 	 0.000000 	 0.000808 	 0.000830
  328 	 0.000002 	 0.000800 	 0.000830
  329 	 0.000000 	 0.000799 	 0.000830
  330 	 0.000000 	 0.000801 	 0.000830
  331 	 0.000000 	 0.000816 	 0.000830
  332 	 0.000000 	 0.000798 	 0.000830
  333 	 0.000000 	 0.000816 	 0.000830
  334 	 0.000004 	 0.000823 	 0.000830
  335 	 0.000000 	 0.000813 	 0.000830
  336 	 0.000000 	 0.000796 	 0.000830
  337 	 0.000000 	 0.000812 	 0.000830
  338 	 0.000001 	 0.000808 	 0.000830
  339 	 0.000004 	 0.000811 	 0.000830
  340 	 0.000002 	 0.000812 	 0.000830
  341 	 0.000000 	 0.000766 	 0.000830
  342 	 0.000000 	 0.000807 	 0.000830
  343 	 0.000001 	 0.000814 	 0.000830
  344 	 0.000002 	 0.000810 	 0.000830
  345 	 0.000000 	 0.000807 	 0.000830
  346 	 0.000000 	 0.000812 	 0.000830
  347 	 0.000000 	 0.000816 	 0.000830
  348 	 0.000000 	 0.000805 	 0.000830
  349 	 0.000000 	 0.000796 	 0.000830
  350 	 0.000000 	 0.000814 	 0.000830
  351 	 0.000000 	 0.000810 	 0.000830
  352 	 0.000001 	 0.000816 	 0.000830
  353 	 0.000000 	 0.000812 	 0.000830
  354 	 0.000000 	 0.000807 	 0.000830
  355 	 0.000000 	 0.000801 	 0.000830
  356 	 0.000000 	 0.000790 	 0.000830
  357 	 0.000000 	 0.000809 	 0.000830
  358 	 0.000000 	 0.000817 	 0.000830
  359 	 0.000000 	 0.000813 	 0.000830
  360 	 0.000000 	 0.000816 	 0.000830
  361 	 0.000003 	 0.000810 	 0.000830
  362 	 0.000000 	 0.000825 	 0.000830
  363 	 0.000000 	 0.000807 	 0.000830
  364 	 0.000000 	 0.000808 	 0.000830
  365 	 0.000001 	 0.000810 	 0.000830
  366 	 0.000000 	 0.000797 	 0.000830
  367 	 0.000000 	 0.000808 	 0.000830
  368 	 0.000000 	 0.000801 	 0.000830
  369 	 0.000000 	 0.000807 	 0.000830
  370 	 0.000000 	 0.000819 	 0.000830
  371 	 0.000001 	 0.000813 	 0.000830
  372 	 0.000002 	 0.000803 	 0.000830
  373 	 0.000000 	 0.000809 	 0.000830
  374 	 0.000002 	 0.000811 	 0.000830
  375 	 0.000000 	 0.000808 	 0.000830
  376 	 0.000001 	 0.000815 	 0.000830
  377 	 0.000000 	 0.000805 	 0.000830
  378 	 0.000004 	 0.000817 	 0.000830
  379 	 0.000000 	 0.000809 	 0.000830
  380 	 0.000001 	 0.000813 	 0.000830
  381 	 0.000000 	 0.000813 	 0.000830
  382 	 0.000009 	 0.000805 	 0.000830
  383 	 0.000000 	 0.000784 	 0.000830
  384 	 0.000000 	 0.000802 	 0.000830
  385 	 0.000000 	 0.000810 	 0.000830
  386 	 0.000000 	 0.000804 	 0.000830
  387 	 0.000000 	 0.000818 	 0.000830
  388 	 0.000000 	 0.000782 	 0.000830
  389 	 0.000000 	 0.000800 	 0.000830
  390 	 0.000002 	 0.000801 	 0.000830
  391 	 0.000000 	 0.000815 	 0.000830
  392 	 0.000000 	 0.000796 	 0.000830
  393 	 0.000000 	 0.000780 	 0.000830
  394 	 0.000000 	 0.000811 	 0.000830
  395 	 0.000000 	 0.000794 	 0.000830
  396 	 0.000000 	 0.000792 	 0.000830
  397 	 0.000000 	 0.000807 	 0.000830
  398 	 0.000000 	 0.000796 	 0.000830
  399 	 0.000000 	 0.000794 	 0.000830
  400 	 0.000000 	 0.000781 	 0.000830
  401 	 0.000002 	 0.000818 	 0.000830
  402 	 0.000002 	 0.000813 	 0.000830
  403 	 0.000035 	 0.000826 	 0.000830
  404 	 0.000001 	 0.000809 	 0.000830
  405 	 0.000000 	 0.000803 	 0.000830
  406 	 0.000001 	 0.000817 	 0.000830
  407 	 0.000000 	 0.000805 	 0.000830
  408 	 0.000000 	 0.000809 	 0.000830
  409 	 0.000000 	 0.000809 	 0.000830
  410 	 0.000000 	 0.000803 	 0.000830
  411 	 0.000000 	 0.000799 	 0.000830
  412 	 0.000000 	 0.000808 	 0.000830
  413 	 0.000000 	 0.000813 	 0.000830
  414 	 0.000000 	 0.000815 	 0.000830
  415 	 0.000002 	 0.000811 	 0.000830
  416 	 0.000012 	 0.000813 	 0.000830
  417 	 0.000000 	 0.000811 	 0.000830
  418 	 0.000000 	 0.000810 	 0.000830
  419 	 0.000000 	 0.000802 	 0.000830
  420 	 0.000000 	 0.000806 	 0.000830
  421 	 0.000004 	 0.000819 	 0.000830
  422 	 0.000000 	 0.000809 	 0.000830
  423 	 0.000000 	 0.000809 	 0.000830
  424 	 0.000001 	 0.000808 	 0.000830
  425 	 0.000000 	 0.000790 	 0.000830
  426 	 0.000000 	 0.000795 	 0.000830
  427 	 0.000000 	 0.000811 	 0.000830
  428 	 0.000001 	 0.000807 	 0.000830
  429 	 0.000001 	 0.000809 	 0.000830
  430 	 0.000000 	 0.000817 	 0.000830
  431 	 0.000001 	 0.000817 	 0.000830
  432 	 0.000000 	 0.000796 	 0.000830
  433 	 0.000000 	 0.000797 	 0.000830
  434 	 0.000000 	 0.000811 	 0.000830
  435 	 0.000000 	 0.000809 	 0.000830
  436 	 0.000000 	 0.000806 	 0.000830
  437 	 0.000001 	 0.000802 	 0.000830
  438 	 0.000000 	 0.000808 	 0.000830
  439 	 0.000002 	 0.000816 	 0.000830
  440 	 0.000000 	 0.000804 	 0.000830
  441 	 0.000000 	 0.000810 	 0.000830
  442 	 0.000000 	 0.000814 	 0.000830
  443 	 0.000000 	 0.000802 	 0.000830
  444 	 0.000000 	 0.000805 	 0.000830
  445 	 0.000035 	 0.000811 	 0.000830
  446 	 0.000000 	 0.000796 	 0.000830
  447 	 0.000000 	 0.000804 	 0.000830
  448 	 0.000000 	 0.000793 	 0.000830
  449 	 0.000003 	 0.000803 	 0.000830
  450 	 0.000000 	 0.000800 	 0.000830
  451 	 0.000000 	 0.000803 	 0.000830
  452 	 0.000000 	 0.000802 	 0.000830
  453 	 0.000001 	 0.000798 	 0.000830
  454 	 0.000001 	 0.000811 	 0.000830
  455 	 0.000000 	 0.000793 	 0.000830
  456 	 0.000000 	 0.000793 	 0.000830
  457 	 0.000009 	 0.000821 	 0.000830
  458 	 0.000000 	 0.000793 	 0.000830
  459 	 0.000000 	 0.000801 	 0.000830
  460 	 0.000000 	 0.000811 	 0.000830
  461 	 0.000000 	 0.000793 	 0.000830
  462 	 0.000000 	 0.000799 	 0.000830
  463 	 0.000000 	 0.000813 	 0.000830
  464 	 0.000000 	 0.000810 	 0.000830
  465 	 0.000000 	 0.000801 	 0.000830
  466 	 0.000132 	 0.000821 	 0.000830
  467 	 0.000000 	 0.000807 	 0.000830
  468 	 0.000001 	 0.000799 	 0.000830
  469 	 0.000035 	 0.000822 	 0.000830
  470 	 0.000000 	 0.000808 	 0.000830
  471 	 0.000001 	 0.000804 	 0.000830
  472 	 0.000000 	 0.000804 	 0.000830
  473 	 0.000000 	 0.000802 	 0.000830
  474 	 0.000000 	 0.000817 	 0.000830
  475 	 0.000189 	 0.000821 	 0.000830
  476 	 0.000004 	 0.000817 	 0.000830
  477 	 0.000000 	 0.000813 	 0.000830
  478 	 0.000004 	 0.000822 	 0.000830
  479 	 0.000000 	 0.000801 	 0.000830
  480 	 0.000000 	 0.000803 	 0.000830
  481 	 0.000000 	 0.000798 	 0.000830
  482 	 0.000000 	 0.000809 	 0.000830
  483 	 0.000000 	 0.000798 	 0.000830
  484 	 0.000000 	 0.000803 	 0.000830
  485 	 0.000000 	 0.000797 	 0.000830
  486 	 0.000006 	 0.000819 	 0.000830
  487 	 0.000000 	 0.000788 	 0.000830
  488 	 0.000002 	 0.000801 	 0.000830
  489 	 0.000000 	 0.000794 	 0.000830
  490 	 0.000000 	 0.000805 	 0.000830
  491 	 0.000000 	 0.000824 	 0.000830
  492 	 0.000001 	 0.000806 	 0.000830
  493 	 0.000000 	 0.000795 	 0.000830
  494 	 0.000000 	 0.000804 	 0.000830
  495 	 0.000000 	 0.000811 	 0.000830
  496 	 0.000000 	 0.000799 	 0.000830
  497 	 0.000002 	 0.000812 	 0.000830
  498 	 0.000000 	 0.000806 	 0.000830
  499 	 0.000000 	 0.000798 	 0.000830
 