   0 	 0.003837 	 0.010016 	 0.029569
    1 	 0.004470 	 0.012097 	 0.057640
    2 	 0.004719 	 0.015904 	 0.065160
    3 	 0.005604 	 0.024446 	 0.082973
    4 	 0.007275 	 0.033769 	 0.084637
    5 	 0.007184 	 0.043086 	 0.084637
    6 	 0.008449 	 0.048109 	 0.130842
    7 	 0.006669 	 0.056049 	 0.147760
    8 	 0.013550 	 0.062442 	 0.165826
    9 	 0.017956 	 0.077708 	 0.165826
   10 	 0.013141 	 0.088093 	 0.165826
   11 	 0.013973 	 0.093830 	 0.189722
   12 	 0.006645 	 0.113551 	 0.198563
   13 	 0.013201 	 0.116930 	 0.201666
   14 	 0.007520 	 0.124623 	 0.194456
   15 	 0.011366 	 0.131886 	 0.197852
   16 	 0.009417 	 0.135240 	 0.197852
   17 	 0.007559 	 0.130960 	 0.198637
   18 	 0.007652 	 0.140705 	 0.198637
   19 	 0.013724 	 0.147959 	 0.205325
   20 	 0.013823 	 0.145629 	 0.196693
   21 	 0.011998 	 0.143004 	 0.196693
   22 	 0.007581 	 0.143797 	 0.196693
   23 	 0.012293 	 0.144678 	 0.197815
   24 	 0.012400 	 0.141218 	 0.197826
   25 	 0.007501 	 0.141905 	 0.206837
   26 	 0.013839 	 0.155623 	 0.214604
   27 	 0.013926 	 0.162062 	 0.217336
   28 	 0.007499 	 0.154180 	 0.217336
   29 	 0.012525 	 0.147335 	 0.216319
   30 	 0.012196 	 0.156788 	 0.239525
   31 	 0.007512 	 0.155390 	 0.239226
   32 	 0.013319 	 0.159333 	 0.218882
   33 	 0.013387 	 0.156063 	 0.218882
   34 	 0.012068 	 0.154694 	 0.210158
   35 	 0.013701 	 0.159108 	 0.204887
   36 	 0.007288 	 0.146741 	 0.204887
   37 	 0.007486 	 0.152409 	 0.208406
   38 	 0.007548 	 0.157206 	 0.208406
   39 	 0.012331 	 0.156235 	 0.214338
   40 	 0.013179 	 0.158437 	 0.214338
   41 	 0.012176 	 0.150983 	 0.223366
   42 	 0.007257 	 0.157778 	 0.223366
   43 	 0.007455 	 0.151768 	 0.243589
   44 	 0.013583 	 0.163070 	 0.243589
   45 	 0.007658 	 0.160977 	 0.241877
   46 	 0.011823 	 0.155601 	 0.241877
   47 	 0.007623 	 0.164534 	 0.245126
   48 	 0.013799 	 0.168096 	 0.263387
   49 	 0.013654 	 0.179622 	 0.263387
   50 	 0.013971 	 0.174811 	 0.283745
   51 	 0.029619 	 0.186733 	 0.293663
   52 	 0.013465 	 0.191527 	 0.302272
   53 	 0.013997 	 0.192951 	 0.302272
   54 	 0.013601 	 0.198716 	 0.314444
   55 	 0.007408 	 0.207030 	 0.306713
   56 	 0.011939 	 0.210537 	 0.306713
   57 	 0.069947 	 0.225857 	 0.306713
   58 	 0.120032 	 0.225291 	 0.320235
   59 	 0.078950 	 0.220323 	 0.327479
   60 	 0.014086 	 0.225593 	 0.327479
   61 	 0.027047 	 0.219614 	 0.321167
   62 	 0.007499 	 0.240513 	 0.321473
   63 	 0.007375 	 0.241082 	 0.317164
   64 	 0.014642 	 0.243888 	 0.324117
   65 	 0.019134 	 0.246379 	 0.327600
   66 	 0.007277 	 0.250663 	 0.323315
   67 	 0.030198 	 0.262907 	 0.328704
   68 	 0.030198 	 0.255614 	 0.328704
   69 	 0.077006 	 0.257423 	 0.326325
   70 	 0.030843 	 0.258176 	 0.324759
   71 	 0.012803 	 0.265287 	 0.324759
   72 	 0.013620 	 0.260574 	 0.347995
   73 	 0.014996 	 0.265488 	 0.326035
   74 	 0.014671 	 0.270489 	 0.326035
   75 	 0.015278 	 0.277654 	 0.326244
   76 	 0.166855 	 0.279297 	 0.331424
   77 	 0.088974 	 0.287043 	 0.330420
   78 	 0.027627 	 0.280182 	 0.327646
   79 	 0.013974 	 0.291034 	 0.329071
   80 	 0.007304 	 0.277903 	 0.333682
   81 	 0.038419 	 0.270522 	 0.333682
   82 	 0.081561 	 0.273079 	 0.335423
   83 	 0.007245 	 0.268229 	 0.336586
   84 	 0.028725 	 0.284254 	 0.337827
   85 	 0.014978 	 0.288495 	 0.338924
   86 	 0.009595 	 0.284860 	 0.338924
   87 	 0.007264 	 0.281674 	 0.335006
   88 	 0.007382 	 0.282725 	 0.343011
   89 	 0.029633 	 0.290028 	 0.346699
   90 	 0.080684 	 0.294133 	 0.347115
   91 	 0.053639 	 0.293609 	 0.339032
   92 	 0.009439 	 0.290796 	 0.343541
   93 	 0.009566 	 0.288772 	 0.343541
   94 	 0.014883 	 0.290800 	 0.343541
   95 	 0.230422 	 0.300002 	 0.342649
   96 	 0.027917 	 0.295949 	 0.342649
   97 	 0.057762 	 0.285861 	 0.336637
   98 	 0.053062 	 0.289554 	 0.336637
   99 	 0.038146 	 0.286871 	 0.337548
 