   0 	 0.015287 	 0.069959 	 0.868810
    1 	 0.021433 	 0.197051 	 1.499250
    2 	 0.038881 	 0.505250 	 2.129472
    3 	 0.032160 	 0.944769 	 3.696858
    4 	 0.024464 	 1.142867 	 6.807352
    5 	 0.014033 	 2.661373 	 52.910053
    6 	 0.039926 	 13.698129 	 106.382979
    7 	 0.038419 	 33.910375 	 107.526882
    8 	 0.137550 	 52.747713 	 263.157895
    9 	 0.038346 	 61.154809 	 238.095238
   10 	 0.038441 	 106.466942 	 714.285714
   11 	 0.019413 	 182.096430 	 714.285714
   12 	 0.038441 	 266.325106 	 1111.111111
   13 	 0.038293 	 378.360377 	 1666.666667
   14 	 0.038295 	 432.849469 	 1666.666667
   15 	 0.038295 	 570.075176 	 1666.666667
   16 	 0.035929 	 808.192159 	 1666.666667
   17 	 0.038597 	 810.847645 	 1666.666667
   18 	 0.038445 	 990.399950 	 3333.333333
   19 	 0.038291 	 1089.767676 	 3333.333333
   20 	 0.037813 	 1192.847827 	 3333.333333
   21 	 0.038295 	 1619.084415 	 3333.333333
   22 	 0.038284 	 1844.618046 	 3333.333333
   23 	 0.030565 	 1906.204204 	 3333.333333
   24 	 0.038296 	 2244.084156 	 3333.333333
   25 	 0.037686 	 2408.026857 	 3333.333333
   26 	 0.037687 	 2423.012850 	 3333.333333
   27 	 0.038296 	 2456.371119 	 3333.333333
   28 	 0.038284 	 2482.609321 	 3333.333333
   29 	 0.038296 	 2545.790189 	 3333.333333
   30 	 0.038137 	 2465.585358 	 3333.333333
   31 	 0.038296 	 2387.347055 	 3333.333333
   32 	 0.038296 	 2274.168657 	 3333.333333
   33 	 0.038284 	 2349.323445 	 3333.333333
   34 	 0.030565 	 2181.259708 	 3333.333333
   35 	 0.037687 	 2331.752132 	 3333.333333
   36 	 0.038296 	 2427.262562 	 3333.333333
   37 	 0.038296 	 2581.281581 	 3333.333333
   38 	 0.038296 	 2554.255329 	 3333.333333
   39 	 0.150227 	 2581.561120 	 3333.333333
   40 	 0.038296 	 2479.078046 	 3333.333333
   41 	 0.038296 	 2420.330795 	 3333.333333
   42 	 0.038293 	 2423.022792 	 3333.333333
   43 	 0.030565 	 2618.678026 	 3333.333333
   44 	 0.038296 	 2523.736366 	 3333.333333
   45 	 0.151398 	 2463.917833 	 3333.333333
   46 	 0.038293 	 2435.690613 	 3333.333333
   47 	 0.038296 	 2451.590617 	 3333.333333
   48 	 0.038296 	 2568.938629 	 3333.333333
   49 	 0.036002 	 2704.462575 	 3333.333333
   50 	 0.036002 	 2436.269331 	 3333.333333
   51 	 0.038296 	 2480.484917 	 3333.333333
   52 	 0.038296 	 2526.191969 	 3333.333333
   53 	 0.038296 	 2489.902892 	 3333.333333
   54 	 0.037687 	 2086.851610 	 3333.333333
   55 	 0.038296 	 2475.844131 	 3333.333333
   56 	 0.038296 	 2420.612888 	 3333.333333
   57 	 0.038284 	 2313.228727 	 3333.333333
   58 	 0.142395 	 2503.074802 	 3333.333333
   59 	 0.038137 	 2374.258960 	 3333.333333
   60 	 0.038296 	 2344.458290 	 3333.333333
   61 	 0.038296 	 2460.031658 	 3333.333333
   62 	 0.038296 	 2458.708768 	 3333.333333
   63 	 0.038296 	 2276.326968 	 3333.333333
   64 	 0.038296 	 2588.624090 	 3333.333333
   65 	 0.038295 	 2383.686570 	 3333.333333
   66 	 0.038293 	 2410.352273 	 3333.333333
   67 	 0.038296 	 2622.675671 	 3333.333333
   68 	 0.038296 	 2599.925225 	 3333.333333
   69 	 0.038296 	 2400.496651 	 3333.333333
   70 	 0.038296 	 2428.310929 	 3333.333333
   71 	 0.038296 	 2664.304814 	 3333.333333
   72 	 0.038137 	 2264.651295 	 3333.333333
   73 	 0.038295 	 2456.836677 	 3333.333333
   74 	 0.038296 	 2470.395891 	 3333.333333
   75 	 0.038296 	 2439.126482 	 3333.333333
   76 	 0.036002 	 2290.340071 	 3333.333333
   77 	 0.038293 	 2371.314488 	 3333.333333
   78 	 0.038296 	 2293.051306 	 3333.333333
   79 	 0.151391 	 2571.256246 	 3333.333333
   80 	 0.036002 	 2231.870184 	 3333.333333
   81 	 0.037687 	 2478.259824 	 3333.333333
   82 	 0.038296 	 2584.927169 	 3333.333333
   83 	 0.030565 	 2395.692192 	 3333.333333
   84 	 0.038296 	 2584.397236 	 3333.333333
   85 	 0.038296 	 2422.034909 	 3333.333333
   86 	 0.019148 	 2461.610701 	 3333.333333
   87 	 0.038296 	 2430.683419 	 3333.333333
   88 	 0.038446 	 2429.867916 	 3333.333333
   89 	 0.038296 	 2733.901070 	 3333.333333
   90 	 0.038296 	 2411.829760 	 3333.333333
   91 	 0.038254 	 2528.689550 	 3333.333333
   92 	 0.038254 	 2527.698159 	 3333.333333
   93 	 0.019148 	 2417.139083 	 3333.333333
   94 	 0.038296 	 2483.490330 	 3333.333333
   95 	 0.038293 	 2393.690398 	 3333.333333
   96 	 0.038296 	 2484.075799 	 3333.333333
   97 	 0.038296 	 2422.996628 	 3333.333333
   98 	 0.038296 	 2503.368038 	 3333.333333
   99 	 0.038296 	 2526.508119 	 3333.333333
 