   0 	 0.015948 	 0.049811 	 0.249370
    1 	 0.020449 	 0.073759 	 0.421781
    2 	 0.019063 	 0.150679 	 4.524887
    3 	 0.024342 	 0.708099 	 6.934813
    4 	 0.036802 	 2.532897 	 8.431703
    5 	 0.023190 	 4.013689 	 8.431703
    6 	 0.040216 	 5.011131 	 22.222222
    7 	 0.037385 	 6.332184 	 28.901734
    8 	 0.037975 	 7.453934 	 41.322314
    9 	 0.040453 	 9.428228 	 76.923077
   10 	 0.020940 	 17.224863 	 76.923077
   11 	 0.039828 	 38.916748 	 555.555556
   12 	 0.038112 	 101.448490 	 555.555556
   13 	 0.038143 	 255.015423 	 1000.000000
   14 	 0.038144 	 337.385245 	 1000.000000
   15 	 0.038580 	 430.616214 	 1000.000000
   16 	 0.038144 	 518.919012 	 1000.000000
   17 	 0.038144 	 561.596400 	 5000.000000
   18 	 0.038295 	 831.338469 	 5000.000000
   19 	 0.038294 	 1628.933891 	 5000.000000
   20 	 0.038598 	 2919.470829 	 5000.000000
   21 	 0.038296 	 3445.565164 	 5000.000000
   22 	 0.038137 	 3659.670891 	 5000.000000
   23 	 0.037705 	 3798.911276 	 5000.000000
   24 	 0.038296 	 3924.492745 	 5000.000000
   25 	 0.038296 	 3588.042206 	 5000.000000
   26 	 0.038147 	 3521.572781 	 5000.000000
   27 	 0.038147 	 3367.177374 	 5000.000000
   28 	 0.038146 	 3499.908808 	 5000.000000
   29 	 0.038147 	 3720.298394 	 5000.000000
   30 	 0.151400 	 3917.997966 	 5000.000000
   31 	 0.038147 	 3641.800297 	 5000.000000
   32 	 0.038147 	 3747.665721 	 5000.000000
   33 	 0.038147 	 3449.799140 	 5000.000000
   34 	 0.038147 	 3728.233957 	 5000.000000
   35 	 0.134174 	 3434.112015 	 5000.000000
   36 	 0.038147 	 3479.944854 	 5000.000000
   37 	 0.038147 	 3948.115705 	 5000.000000
   38 	 0.038296 	 3862.317198 	 5000.000000
   39 	 0.030470 	 3506.307083 	 5000.000000
   40 	 0.038296 	 4094.118133 	 5000.000000
   41 	 0.038296 	 3581.311988 	 5000.000000
   42 	 0.038296 	 3618.791150 	 5000.000000
   43 	 0.036002 	 3776.075168 	 5000.000000
   44 	 0.038147 	 3573.467658 	 5000.000000
   45 	 0.038147 	 3655.143728 	 5000.000000
   46 	 0.038147 	 3539.456057 	 5000.000000
   47 	 0.038147 	 3883.656082 	 5000.000000
   48 	 0.038147 	 3664.234687 	 5000.000000
   49 	 0.038132 	 3466.568775 	 5000.000000
   50 	 0.151400 	 3842.013215 	 5000.000000
   51 	 0.037989 	 3720.212883 	 5000.000000
   52 	 0.038296 	 3643.133803 	 5000.000000
   53 	 0.038296 	 3865.739275 	 5000.000000
   54 	 0.038295 	 3768.063007 	 5000.000000
   55 	 0.030565 	 3981.912780 	 5000.000000
   56 	 0.152583 	 3647.674812 	 5000.000000
   57 	 0.038147 	 3764.765824 	 5000.000000
   58 	 0.135161 	 4130.458893 	 5000.000000
   59 	 0.038147 	 4052.826278 	 5000.000000
   60 	 0.037542 	 3775.572538 	 5000.000000
   61 	 0.038296 	 3693.488255 	 5000.000000
   62 	 0.038295 	 3533.735535 	 5000.000000
   63 	 0.038296 	 3539.392502 	 5000.000000
   64 	 0.120560 	 3934.107113 	 5000.000000
   65 	 0.038296 	 3837.609113 	 5000.000000
   66 	 0.038147 	 3827.937161 	 5000.000000
   67 	 0.038147 	 3930.684370 	 5000.000000
   68 	 0.118335 	 4195.952467 	 5000.000000
   69 	 0.019111 	 3309.345657 	 5000.000000
   70 	 0.038296 	 4065.382734 	 5000.000000
   71 	 0.038147 	 3509.898857 	 5000.000000
   72 	 0.036035 	 3413.152480 	 5000.000000
   73 	 0.038143 	 3769.952340 	 5000.000000
   74 	 0.151400 	 3987.673485 	 5000.000000
   75 	 0.600601 	 3812.911833 	 5000.000000
   76 	 0.038285 	 3805.245603 	 5000.000000
   77 	 0.038147 	 3773.560724 	 5000.000000
   78 	 0.038147 	 3475.660014 	 5000.000000
   79 	 0.038147 	 3802.165125 	 5000.000000
   80 	 0.120934 	 3911.745427 	 5000.000000
   81 	 0.038147 	 3395.030623 	 5000.000000
   82 	 0.038296 	 3666.902105 	 5000.000000
   83 	 0.019111 	 3453.480446 	 5000.000000
   84 	 0.038105 	 3690.046378 	 5000.000000
   85 	 0.038296 	 3409.263963 	 5000.000000
   86 	 0.038147 	 3403.519061 	 5000.000000
   87 	 0.038296 	 3971.668514 	 5000.000000
   88 	 0.151400 	 3612.536992 	 5000.000000
   89 	 0.038296 	 3477.317283 	 5000.000000
   90 	 0.038296 	 3657.902590 	 5000.000000
   91 	 0.038147 	 3599.693424 	 5000.000000
   92 	 0.038296 	 3963.206356 	 5000.000000
   93 	 0.038296 	 3624.818149 	 5000.000000
   94 	 0.038296 	 3502.386241 	 5000.000000
   95 	 0.038143 	 3987.487233 	 5000.000000
   96 	 0.038147 	 3985.509725 	 5000.000000
   97 	 0.038147 	 3468.029463 	 5000.000000
   98 	 0.038143 	 3776.383698 	 5000.000000
   99 	 0.038147 	 3914.815337 	 5000.000000
 