   0 	 0.016962 	 0.064332 	 1.156738
    1 	 0.019783 	 0.211802 	 8.190008
    2 	 0.024335 	 1.817315 	 8.190008
    3 	 0.039444 	 5.130083 	 14.749263
    4 	 0.040489 	 6.653611 	 11.507480
    5 	 0.040652 	 6.467418 	 15.503876
    6 	 0.040652 	 6.815843 	 15.015015
    7 	 0.040489 	 7.291855 	 25.706941
    8 	 0.040658 	 8.388178 	 28.011204
    9 	 0.040535 	 9.691794 	 33.557047
   10 	 0.039596 	 11.786684 	 33.557047
   11 	 0.039596 	 14.776290 	 34.129693
   12 	 0.038085 	 17.117410 	 112.359551
   13 	 0.019731 	 23.686094 	 344.827586
   14 	 0.039777 	 76.868899 	 2000.000000
   15 	 0.038143 	 650.485497 	 10000.000000
   16 	 0.038146 	 1966.884252 	 10000.000000
   17 	 0.038296 	 3414.752285 	 10000.000000
   18 	 0.036035 	 5502.867358 	 10000.000000
   19 	 0.038147 	 6836.338828 	 10000.000000
   20 	 0.030565 	 7425.549955 	 10000.000000
   21 	 0.038147 	 7756.766466 	 10000.000000
   22 	 0.038147 	 7331.104709 	 10000.000000
   23 	 0.038147 	 7163.346581 	 10000.000000
   24 	 0.038143 	 7281.629839 	 10000.000000
   25 	 0.038147 	 6760.342591 	 10000.000000
   26 	 0.038147 	 7382.694061 	 10000.000000
   27 	 0.038147 	 7648.472268 	 10000.000000
   28 	 0.038296 	 7252.981020 	 10000.000000
   29 	 0.038147 	 7791.044313 	 10000.000000
   30 	 0.039524 	 7626.626785 	 10000.000000
   31 	 0.035870 	 7578.130988 	 10000.000000
   32 	 0.038109 	 6965.541639 	 10000.000000
   33 	 0.152586 	 6969.167457 	 10000.000000
   34 	 0.038147 	 6795.140102 	 10000.000000
   35 	 0.038147 	 7053.657126 	 10000.000000
   36 	 0.121689 	 7591.236816 	 10000.000000
   37 	 0.038147 	 7645.025538 	 10000.000000
   38 	 0.038135 	 7777.899699 	 10000.000000
   39 	 0.043403 	 6770.795339 	 10000.000000
   40 	 0.036035 	 7196.696586 	 10000.000000
   41 	 0.036035 	 7313.640731 	 10000.000000
   42 	 0.038147 	 7329.871056 	 10000.000000
   43 	 0.038147 	 6482.288006 	 10000.000000
   44 	 0.036035 	 6842.140038 	 10000.000000
   45 	 0.038147 	 7594.280251 	 10000.000000
   46 	 0.038147 	 7644.729402 	 10000.000000
   47 	 0.038105 	 7503.533295 	 10000.000000
   48 	 0.030470 	 7463.205718 	 10000.000000
   49 	 0.038147 	 7528.446923 	 10000.000000
   50 	 0.038138 	 6846.132598 	 10000.000000
   51 	 0.038147 	 6528.436489 	 10000.000000
   52 	 0.038147 	 7595.219454 	 10000.000000
   53 	 0.038147 	 8273.939461 	 10000.000000
   54 	 0.038147 	 7788.010543 	 10000.000000
   55 	 0.038296 	 7066.655163 	 10000.000000
   56 	 0.038147 	 7150.155487 	 10000.000000
   57 	 0.121689 	 7689.479325 	 10000.000000
   58 	 0.038147 	 6785.721321 	 10000.000000
   59 	 0.038147 	 6975.457267 	 10000.000000
   60 	 0.038147 	 7770.391742 	 10000.000000
   61 	 0.038147 	 6937.347451 	 10000.000000
   62 	 0.038147 	 7517.636677 	 10000.000000
   63 	 0.038147 	 7274.433687 	 10000.000000
   64 	 0.030613 	 7655.271606 	 10000.000000
   65 	 0.038147 	 7013.143095 	 10000.000000
   66 	 0.038147 	 7583.236279 	 10000.000000
   67 	 0.038147 	 6812.730954 	 10000.000000
   68 	 0.038147 	 7275.495539 	 10000.000000
   69 	 0.038147 	 7859.409907 	 10000.000000
   70 	 0.037542 	 7971.543674 	 10000.000000
   71 	 0.019073 	 7372.256918 	 10000.000000
   72 	 0.038147 	 6912.251607 	 10000.000000
   73 	 0.038147 	 7611.286359 	 10000.000000
   74 	 0.038146 	 7488.342826 	 10000.000000
   75 	 0.038296 	 7799.110957 	 10000.000000
   76 	 0.019111 	 6955.502161 	 10000.000000
   77 	 0.038296 	 7857.383190 	 10000.000000
   78 	 0.036035 	 7612.025715 	 10000.000000
   79 	 0.038147 	 7353.233360 	 10000.000000
   80 	 0.030517 	 7531.900178 	 10000.000000
   81 	 0.038147 	 6771.105890 	 10000.000000
   82 	 0.037998 	 6974.545074 	 10000.000000
   83 	 0.038296 	 7482.610974 	 10000.000000
   84 	 0.038147 	 7714.119501 	 10000.000000
   85 	 0.038147 	 7833.516683 	 10000.000000
   86 	 0.038294 	 7958.962449 	 10000.000000
   87 	 0.019717 	 7748.695272 	 10000.000000
   88 	 0.038105 	 7694.648024 	 10000.000000
   89 	 0.038147 	 7979.221540 	 10000.000000
   90 	 0.038147 	 7708.396780 	 10000.000000
   91 	 0.035870 	 6918.028801 	 10000.000000
   92 	 0.038146 	 7176.237895 	 10000.000000
   93 	 0.038147 	 7761.289277 	 10000.000000
   94 	 0.038147 	 7783.337673 	 10000.000000
   95 	 0.038147 	 7089.821405 	 10000.000000
   96 	 0.038147 	 7377.268558 	 10000.000000
   97 	 0.038146 	 7388.978814 	 10000.000000
   98 	 0.037533 	 7407.320564 	 10000.000000
   99 	 0.018962 	 8023.678724 	 10000.000000
 