   0 	 0.015286 	 0.058829 	 0.366394
    1 	 0.015193 	 0.122555 	 1.052410
    2 	 0.020831 	 0.316790 	 3.996803
    3 	 0.034097 	 1.361524 	 10.706638
    4 	 0.037172 	 4.113973 	 47.619048
    5 	 0.029966 	 6.291063 	 47.619048
    6 	 0.038601 	 14.719768 	 200.000000
    7 	 0.029559 	 39.303244 	 200.000000
    8 	 0.019450 	 79.116827 	 200.000000
    9 	 0.038897 	 124.923919 	 238.095238
   10 	 0.038692 	 131.354779 	 384.615385
   11 	 0.038591 	 149.418795 	 384.615385
   12 	 0.038582 	 161.197065 	 555.555556
   13 	 0.038290 	 134.754575 	 555.555556
   14 	 0.038589 	 201.263016 	 1000.000000
   15 	 0.038745 	 243.578201 	 1000.000000
   16 	 0.038142 	 435.976008 	 5000.000000
   17 	 0.038296 	 1458.427206 	 5000.000000
   18 	 0.037687 	 3200.249879 	 5000.000000
   19 	 0.151400 	 3739.318241 	 5000.000000
   20 	 0.037989 	 3640.200801 	 5000.000000
   21 	 0.038146 	 3413.806250 	 5000.000000
   22 	 0.038232 	 3848.866456 	 5000.000000
   23 	 0.038147 	 3549.397283 	 5000.000000
   24 	 0.019111 	 3722.678441 	 5000.000000
   25 	 0.036002 	 3871.706425 	 5000.000000
   26 	 0.037979 	 3510.249565 	 5000.000000
   27 	 0.038287 	 3162.138406 	 5000.000000
   28 	 0.038296 	 3499.851479 	 5000.000000
   29 	 0.019111 	 3597.450410 	 5000.000000
   30 	 0.038147 	 3465.221830 	 5000.000000
   31 	 0.038147 	 3311.173362 	 5000.000000
   32 	 0.037705 	 3409.242348 	 5000.000000
   33 	 0.038147 	 3831.514189 	 5000.000000
   34 	 0.038147 	 3922.614722 	 5000.000000
   35 	 0.038143 	 3797.587851 	 5000.000000
   36 	 0.038296 	 3721.140785 	 5000.000000
   37 	 0.035870 	 3664.151168 	 5000.000000
   38 	 0.038296 	 3546.831149 	 5000.000000
   39 	 0.036002 	 3992.103119 	 5000.000000
   40 	 0.038296 	 3565.415595 	 5000.000000
   41 	 0.038147 	 3414.250151 	 5000.000000
   42 	 0.038259 	 3636.157259 	 5000.000000
   43 	 0.038296 	 3893.503715 	 5000.000000
   44 	 0.038296 	 3656.186953 	 5000.000000
   45 	 0.038147 	 3138.473011 	 5000.000000
   46 	 0.038147 	 3165.724944 	 5000.000000
   47 	 0.038147 	 3654.130058 	 5000.000000
   48 	 0.038147 	 3888.518804 	 5000.000000
   49 	 0.038296 	 3907.434660 	 5000.000000
   50 	 0.038147 	 3855.297911 	 5000.000000
   51 	 0.030469 	 4007.959554 	 5000.000000
   52 	 0.038296 	 4127.326482 	 5000.000000
   53 	 0.038147 	 3287.710869 	 5000.000000
   54 	 0.038147 	 3732.452211 	 5000.000000
   55 	 0.038296 	 3909.181553 	 5000.000000
   56 	 0.037542 	 3536.878525 	 5000.000000
   57 	 0.038254 	 3937.612290 	 5000.000000
   58 	 0.038296 	 3352.404769 	 5000.000000
   59 	 0.038147 	 3725.094325 	 5000.000000
   60 	 0.151400 	 4045.841585 	 5000.000000
   61 	 0.038287 	 3746.064274 	 5000.000000
   62 	 0.038296 	 3794.669420 	 5000.000000
   63 	 0.038285 	 3671.905334 	 5000.000000
   64 	 0.038147 	 3406.593071 	 5000.000000
   65 	 0.037705 	 3656.173228 	 5000.000000
   66 	 0.038295 	 3676.935464 	 5000.000000
   67 	 0.038296 	 4068.448245 	 5000.000000
   68 	 0.038147 	 3690.371364 	 5000.000000
   69 	 0.038296 	 3945.313651 	 5000.000000
   70 	 0.038147 	 3990.279091 	 5000.000000
   71 	 0.038296 	 3732.781283 	 5000.000000
   72 	 0.038296 	 4280.220805 	 5000.000000
   73 	 0.038147 	 3639.526521 	 5000.000000
   74 	 0.038296 	 3617.912467 	 5000.000000
   75 	 0.038296 	 3711.233923 	 5000.000000
   76 	 0.037687 	 3888.651240 	 5000.000000
   77 	 0.038147 	 3606.872884 	 5000.000000
   78 	 0.038296 	 3943.686104 	 5000.000000
   79 	 0.038147 	 3953.475382 	 5000.000000
   80 	 0.038147 	 3663.818343 	 5000.000000
   81 	 0.038296 	 3609.636321 	 5000.000000
   82 	 0.019111 	 3602.253765 	 5000.000000
   83 	 0.038147 	 3738.966690 	 5000.000000
   84 	 0.151400 	 4019.815620 	 5000.000000
   85 	 0.038296 	 3980.609342 	 5000.000000
   86 	 0.038147 	 3275.099065 	 5000.000000
   87 	 0.038146 	 3898.659935 	 5000.000000
   88 	 0.038147 	 3885.499207 	 5000.000000
   89 	 0.038147 	 3654.937807 	 5000.000000
   90 	 0.038296 	 3833.776946 	 5000.000000
   91 	 0.038296 	 3718.644609 	 5000.000000
   92 	 0.038147 	 3625.465182 	 5000.000000
   93 	 0.151400 	 3661.542232 	 5000.000000
   94 	 0.038105 	 3746.654176 	 5000.000000
   95 	 0.038147 	 3732.919325 	 5000.000000
   96 	 0.038147 	 3626.444004 	 5000.000000
   97 	 0.037687 	 3695.815500 	 5000.000000
   98 	 0.038147 	 3757.286239 	 5000.000000
   99 	 0.038296 	 3641.749649 	 5000.000000
 