   0 	 0.016333 	 0.051593 	 0.216610
    1 	 0.017621 	 0.091488 	 0.876885
    2 	 0.022642 	 0.219559 	 2.344666
    3 	 0.036064 	 0.578594 	 5.405405
    4 	 0.023813 	 1.577200 	 5.917160
    5 	 0.038327 	 3.955339 	 44.247788
    6 	 0.021695 	 8.869841 	 68.493151
    7 	 0.038263 	 21.816745 	 151.515152
    8 	 0.031708 	 34.080871 	 151.515152
    9 	 0.038287 	 49.731090 	 151.515152
   10 	 0.039367 	 62.829736 	 151.515152
   11 	 0.037160 	 82.148645 	 151.515152
   12 	 0.038287 	 95.025530 	 555.555556
   13 	 0.038275 	 118.430800 	 555.555556
   14 	 0.030559 	 247.913569 	 5000.000000
   15 	 0.038294 	 1740.354433 	 5000.000000
   16 	 0.038296 	 3598.533434 	 5000.000000
   17 	 0.600889 	 3974.326944 	 5000.000000
   18 	 0.036035 	 3806.604117 	 5000.000000
   19 	 0.035870 	 3616.465564 	 5000.000000
   20 	 0.038147 	 3517.487522 	 5000.000000
   21 	 0.038295 	 3774.536228 	 5000.000000
   22 	 0.038147 	 3352.488556 	 5000.000000
   23 	 0.038147 	 3417.807262 	 5000.000000
   24 	 0.038147 	 3757.154800 	 5000.000000
   25 	 0.038296 	 4177.455473 	 5000.000000
   26 	 0.038296 	 3939.602224 	 5000.000000
   27 	 0.038137 	 4300.066886 	 5000.000000
   28 	 0.038296 	 3352.704131 	 5000.000000
   29 	 0.151400 	 3685.385608 	 5000.000000
   30 	 0.038147 	 4000.649261 	 5000.000000
   31 	 0.030565 	 3817.059471 	 5000.000000
   32 	 0.036135 	 3738.575976 	 5000.000000
   33 	 0.038296 	 3999.315797 	 5000.000000
   34 	 0.038296 	 3316.718152 	 5000.000000
   35 	 0.038296 	 3762.934707 	 5000.000000
   36 	 0.038147 	 3439.738427 	 5000.000000
   37 	 0.038294 	 3900.754438 	 5000.000000
   38 	 0.038296 	 3920.469317 	 5000.000000
   39 	 0.038147 	 3586.785670 	 5000.000000
   40 	 0.038147 	 3473.126325 	 5000.000000
   41 	 0.145677 	 3582.992087 	 5000.000000
   42 	 0.037687 	 3910.986859 	 5000.000000
   43 	 0.038296 	 2972.348150 	 5000.000000
   44 	 0.037687 	 3443.664386 	 5000.000000
   45 	 0.151400 	 3514.530746 	 5000.000000
   46 	 0.038254 	 3767.128237 	 5000.000000
   47 	 0.038147 	 3772.497086 	 5000.000000
   48 	 0.038254 	 3627.568210 	 5000.000000
   49 	 0.038296 	 3126.851208 	 5000.000000
   50 	 0.038147 	 3793.744567 	 5000.000000
   51 	 0.038147 	 3893.151434 	 5000.000000
   52 	 0.038146 	 3937.533036 	 5000.000000
   53 	 0.038147 	 3612.986036 	 5000.000000
   54 	 0.038296 	 3614.626607 	 5000.000000
   55 	 0.038147 	 3761.354943 	 5000.000000
   56 	 0.030565 	 3944.003054 	 5000.000000
   57 	 0.038147 	 3714.756519 	 5000.000000
   58 	 0.019148 	 4043.547740 	 5000.000000
   59 	 0.038147 	 3359.334883 	 5000.000000
   60 	 0.038147 	 3619.582519 	 5000.000000
   61 	 0.019111 	 3357.689771 	 5000.000000
   62 	 0.038296 	 3558.819047 	 5000.000000
   63 	 0.038296 	 3578.527306 	 5000.000000
   64 	 0.019412 	 3585.426312 	 5000.000000
   65 	 0.038296 	 3689.589070 	 5000.000000
   66 	 0.038294 	 3437.354478 	 5000.000000
   67 	 0.038147 	 3597.976117 	 5000.000000
   68 	 0.038296 	 4124.319679 	 5000.000000
   69 	 0.038147 	 3747.210646 	 5000.000000
   70 	 0.038147 	 3778.250546 	 5000.000000
   71 	 0.038147 	 3780.866671 	 5000.000000
   72 	 0.038147 	 4027.856812 	 5000.000000
   73 	 0.027460 	 3979.614827 	 5000.000000
   74 	 0.036002 	 3939.301940 	 5000.000000
   75 	 0.038296 	 3208.667409 	 5000.000000
   76 	 0.030661 	 4016.759599 	 5000.000000
   77 	 0.038296 	 3409.037016 	 5000.000000
   78 	 0.150816 	 3771.867394 	 5000.000000
   79 	 0.038147 	 3622.415482 	 5000.000000
   80 	 0.038147 	 3593.837054 	 5000.000000
   81 	 0.029702 	 3598.789934 	 5000.000000
   82 	 0.038296 	 3539.202898 	 5000.000000
   83 	 0.038296 	 3428.846140 	 5000.000000
   84 	 0.151400 	 3881.776975 	 5000.000000
   85 	 0.037687 	 3846.191133 	 5000.000000
   86 	 0.038143 	 3779.377749 	 5000.000000
   87 	 0.038147 	 3959.471630 	 5000.000000
   88 	 0.038295 	 3893.871586 	 5000.000000
   89 	 0.038147 	 3719.604581 	 5000.000000
   90 	 0.039524 	 3717.109160 	 5000.000000
   91 	 0.151400 	 3612.355973 	 5000.000000
   92 	 0.036002 	 4105.927057 	 5000.000000
   93 	 0.038296 	 3495.017144 	 5000.000000
   94 	 0.038296 	 3812.029073 	 5000.000000
   95 	 0.038147 	 3788.372750 	 5000.000000
   96 	 0.038296 	 3897.041618 	 5000.000000
   97 	 0.019148 	 3922.997911 	 5000.000000
   98 	 0.038147 	 3506.692057 	 5000.000000
   99 	 0.037904 	 3742.105123 	 5000.000000
 