   0 	 0.013807 	 0.075181 	 0.969462
    1 	 0.018875 	 0.295739 	 13.210040
    2 	 0.031369 	 5.044414 	 22.883295
    3 	 0.030735 	 9.914624 	 24.752475
    4 	 0.039908 	 12.499623 	 24.752475
    5 	 0.039890 	 13.681126 	 32.362460
    6 	 0.040740 	 20.143919 	 476.190476
    7 	 0.044763 	 62.897117 	 555.555556
    8 	 0.038293 	 265.586151 	 2000.000000
    9 	 0.038293 	 433.894129 	 2000.000000
   10 	 0.038293 	 698.969905 	 2000.000000
   11 	 0.037851 	 1014.196789 	 5000.000000
   12 	 0.038104 	 1310.695892 	 5000.000000
   13 	 0.038296 	 1575.482905 	 5000.000000
   14 	 0.038146 	 1688.723200 	 5000.000000
   15 	 0.030470 	 1786.160985 	 5000.000000
   16 	 0.038296 	 2753.188503 	 10000.000000
   17 	 0.038296 	 3383.161111 	 10000.000000
   18 	 0.038146 	 3565.087439 	 10000.000000
   19 	 0.038147 	 3943.866151 	 10000.000000
   20 	 0.038296 	 3559.540046 	 10000.000000
   21 	 0.038296 	 4063.701162 	 10000.000000
   22 	 0.038147 	 4543.739097 	 10000.000000
   23 	 0.038146 	 5225.671478 	 10000.000000
   24 	 0.035903 	 5837.429424 	 10000.000000
   25 	 0.038296 	 6788.228813 	 10000.000000
   26 	 0.037814 	 6448.387649 	 10000.000000
   27 	 0.038147 	 6824.025135 	 10000.000000
   28 	 0.151403 	 7554.322576 	 10000.000000
   29 	 0.038147 	 6922.594687 	 10000.000000
   30 	 0.038296 	 7514.995981 	 10000.000000
   31 	 0.038147 	 7485.351225 	 10000.000000
   32 	 0.038147 	 7195.825979 	 10000.000000
   33 	 0.030470 	 7508.067499 	 10000.000000
   34 	 0.037989 	 6458.143083 	 10000.000000
   35 	 0.151403 	 7554.837417 	 10000.000000
   36 	 0.038296 	 6731.234591 	 10000.000000
   37 	 0.038147 	 6599.602429 	 10000.000000
   38 	 0.038147 	 7496.235104 	 10000.000000
   39 	 0.038147 	 8062.074446 	 10000.000000
   40 	 0.038296 	 6953.773961 	 10000.000000
   41 	 0.038147 	 7425.943362 	 10000.000000
   42 	 0.038147 	 8135.763607 	 10000.000000
   43 	 0.038147 	 6711.358617 	 10000.000000
   44 	 0.038147 	 7479.332200 	 10000.000000
   45 	 0.038147 	 7665.119924 	 10000.000000
   46 	 0.030470 	 7119.422502 	 10000.000000
   47 	 0.038147 	 8223.774197 	 10000.000000
   48 	 0.037560 	 7578.977821 	 10000.000000
   49 	 0.038147 	 7335.299817 	 10000.000000
   50 	 0.038147 	 7158.086894 	 10000.000000
   51 	 0.037560 	 7579.691057 	 10000.000000
   52 	 0.018487 	 6720.678228 	 10000.000000
   53 	 0.038147 	 7879.683192 	 10000.000000
   54 	 0.038147 	 7315.160096 	 10000.000000
   55 	 0.049820 	 7476.283349 	 10000.000000
   56 	 0.037998 	 7337.880897 	 10000.000000
   57 	 0.038147 	 6434.522670 	 10000.000000
   58 	 0.038296 	 7577.183569 	 10000.000000
   59 	 0.038147 	 6632.866440 	 10000.000000
   60 	 0.038147 	 7355.270997 	 10000.000000
   61 	 0.037989 	 7336.126522 	 10000.000000
   62 	 0.038296 	 7308.879434 	 10000.000000
   63 	 0.038110 	 7949.437831 	 10000.000000
   64 	 0.038147 	 7182.096374 	 10000.000000
   65 	 0.038147 	 7804.050247 	 10000.000000
   66 	 0.037560 	 7478.495355 	 10000.000000
   67 	 0.038138 	 7085.212495 	 10000.000000
   68 	 0.038147 	 7256.007606 	 10000.000000
   69 	 0.038147 	 7908.852224 	 10000.000000
   70 	 0.038147 	 6986.099314 	 10000.000000
   71 	 0.038147 	 7563.814776 	 10000.000000
   72 	 0.038147 	 6938.901363 	 10000.000000
   73 	 0.038147 	 6591.668912 	 10000.000000
   74 	 0.038147 	 6035.309467 	 10000.000000
   75 	 0.019111 	 7246.869124 	 10000.000000
   76 	 0.038296 	 7660.911674 	 10000.000000
   77 	 0.038146 	 6758.785048 	 10000.000000
   78 	 0.038147 	 7063.142588 	 10000.000000
   79 	 0.038147 	 7478.757431 	 10000.000000
   80 	 0.038147 	 7237.715727 	 10000.000000
   81 	 0.021653 	 6339.651307 	 10000.000000
   82 	 0.038296 	 6964.316340 	 10000.000000
   83 	 0.038147 	 7810.869721 	 10000.000000
   84 	 0.030470 	 7703.513977 	 10000.000000
   85 	 0.038147 	 7678.582954 	 10000.000000
   86 	 0.038147 	 7176.515616 	 10000.000000
   87 	 0.035870 	 7006.832126 	 10000.000000
   88 	 0.037705 	 6851.022416 	 10000.000000
   89 	 0.038147 	 7014.051506 	 10000.000000
   90 	 0.038063 	 7755.066315 	 10000.000000
   91 	 0.038147 	 7835.257739 	 10000.000000
   92 	 0.038147 	 7320.456660 	 10000.000000
   93 	 0.038058 	 7339.173393 	 10000.000000
   94 	 0.038147 	 7476.200590 	 10000.000000
   95 	 0.038147 	 7279.124078 	 10000.000000
   96 	 0.038100 	 7390.594770 	 10000.000000
   97 	 0.143347 	 7294.238355 	 10000.000000
   98 	 0.019073 	 7477.591797 	 10000.000000
   99 	 0.038147 	 7449.871803 	 10000.000000
 