   0 	 0.017367 	 0.112890 	 4.016064
    1 	 0.018070 	 0.675969 	 10.482180
    2 	 0.036552 	 3.592875 	 15.384615
    3 	 0.039230 	 5.960749 	 15.384615
    4 	 0.038815 	 7.357345 	 15.384615
    5 	 0.039224 	 8.543450 	 23.041475
    6 	 0.040980 	 9.139193 	 33.557047
    7 	 0.039386 	 11.464570 	 81.967213
    8 	 0.038569 	 15.535978 	 81.967213
    9 	 0.038370 	 35.005219 	 217.391304
   10 	 0.142643 	 74.799997 	 222.222222
   11 	 0.039046 	 81.150346 	 294.117647
   12 	 0.031040 	 100.887664 	 294.117647
   13 	 0.038139 	 142.425914 	 1000.000000
   14 	 0.038295 	 209.558305 	 1000.000000
   15 	 0.038144 	 264.576618 	 1000.000000
   16 	 0.038596 	 409.178795 	 1000.000000
   17 	 0.038295 	 505.770735 	 1000.000000
   18 	 0.038237 	 721.040403 	 5000.000000
   19 	 0.038116 	 1025.042442 	 5000.000000
   20 	 0.038295 	 1417.033962 	 5000.000000
   21 	 0.038147 	 2621.436520 	 10000.000000
   22 	 0.038147 	 3290.359493 	 10000.000000
   23 	 0.036035 	 4159.407082 	 10000.000000
   24 	 0.038296 	 4642.825292 	 10000.000000
   25 	 0.030613 	 5662.466611 	 10000.000000
   26 	 0.038296 	 5698.430100 	 10000.000000
   27 	 0.038295 	 7407.800189 	 10000.000000
   28 	 0.038147 	 6506.794197 	 10000.000000
   29 	 0.038147 	 7780.943933 	 10000.000000
   30 	 0.152586 	 7826.205343 	 10000.000000
   31 	 0.038147 	 8297.043370 	 10000.000000
   32 	 0.038147 	 7486.766522 	 10000.000000
   33 	 0.038147 	 7183.501432 	 10000.000000
   34 	 0.038296 	 7832.151216 	 10000.000000
   35 	 0.036035 	 7764.061266 	 10000.000000
   36 	 0.038147 	 7921.917729 	 10000.000000
   37 	 0.143338 	 7397.473402 	 10000.000000
   38 	 0.038147 	 7054.916347 	 10000.000000
   39 	 0.038147 	 7354.577841 	 10000.000000
   40 	 0.038147 	 7728.530096 	 10000.000000
   41 	 0.038147 	 7764.993617 	 10000.000000
   42 	 0.037560 	 7107.438174 	 10000.000000
   43 	 0.038295 	 7165.900034 	 10000.000000
   44 	 0.038147 	 7400.506375 	 10000.000000
   45 	 0.038147 	 7361.114687 	 10000.000000
   46 	 0.037542 	 7757.358612 	 10000.000000
   47 	 0.038144 	 7367.833201 	 10000.000000
   48 	 0.038144 	 7387.427667 	 10000.000000
   49 	 0.037542 	 7111.137797 	 10000.000000
   50 	 0.038147 	 7069.704881 	 10000.000000
   51 	 0.038147 	 7203.266239 	 10000.000000
   52 	 0.038147 	 7654.355603 	 10000.000000
   53 	 0.038147 	 7018.902384 	 10000.000000
   54 	 0.038147 	 7322.849569 	 10000.000000
   55 	 0.038147 	 7434.779300 	 10000.000000
   56 	 0.038147 	 6886.489289 	 10000.000000
   57 	 0.038147 	 7223.187351 	 10000.000000
   58 	 0.038147 	 7358.173803 	 10000.000000
   59 	 0.038147 	 8141.717397 	 10000.000000
   60 	 0.035903 	 7702.397801 	 10000.000000
   61 	 0.038296 	 8175.454325 	 10000.000000
   62 	 0.038147 	 6827.557013 	 10000.000000
   63 	 0.037549 	 6459.914540 	 10000.000000
   64 	 0.038146 	 7337.099916 	 10000.000000
   65 	 0.038296 	 7097.467777 	 10000.000000
   66 	 0.019073 	 8126.618695 	 10000.000000
   67 	 0.037998 	 6950.218789 	 10000.000000
   68 	 0.038147 	 7073.755593 	 10000.000000
   69 	 0.030517 	 6826.701656 	 10000.000000
   70 	 0.038147 	 7671.098467 	 10000.000000
   71 	 0.038147 	 7007.738435 	 10000.000000
   72 	 0.038147 	 6665.563119 	 10000.000000
   73 	 0.038147 	 7380.331077 	 10000.000000
   74 	 0.038296 	 7658.568704 	 10000.000000
   75 	 0.038147 	 7007.336065 	 10000.000000
   76 	 0.038147 	 6620.639548 	 10000.000000
   77 	 0.038147 	 6763.183034 	 10000.000000
   78 	 0.037705 	 7450.871165 	 10000.000000
   79 	 0.038147 	 7719.410432 	 10000.000000
   80 	 0.035837 	 7238.278951 	 10000.000000
   81 	 0.041480 	 7261.516266 	 10000.000000
   82 	 0.035763 	 6732.525345 	 10000.000000
   83 	 0.038147 	 6692.608266 	 10000.000000
   84 	 0.038147 	 7652.175915 	 10000.000000
   85 	 0.038147 	 8034.601751 	 10000.000000
   86 	 0.038147 	 7611.344606 	 10000.000000
   87 	 0.038147 	 8182.554876 	 10000.000000
   88 	 0.038147 	 7191.807663 	 10000.000000
   89 	 0.038147 	 7583.635766 	 10000.000000
   90 	 0.038147 	 7444.254659 	 10000.000000
   91 	 0.038147 	 7002.928217 	 10000.000000
   92 	 0.038147 	 7371.000863 	 10000.000000
   93 	 0.035903 	 7296.781885 	 10000.000000
   94 	 0.038147 	 7461.911375 	 10000.000000
   95 	 0.038147 	 7573.405814 	 10000.000000
   96 	 0.030613 	 7854.951923 	 10000.000000
   97 	 0.035367 	 6892.027221 	 10000.000000
   98 	 0.038147 	 7224.154692 	 10000.000000
   99 	 0.038147 	 7488.147045 	 10000.000000
 