   0 	 0.015901 	 0.050490 	 0.228394
    1 	 0.015503 	 0.105166 	 0.745768
    2 	 0.015200 	 0.228018 	 1.461561
    3 	 0.038409 	 0.532746 	 4.789272
    4 	 0.041715 	 1.103293 	 33.333333
    5 	 0.038416 	 5.556355 	 49.019608
    6 	 0.039162 	 18.214035 	 50.000000
    7 	 0.035668 	 28.327434 	 92.592593
    8 	 0.038122 	 34.948758 	 96.153846
    9 	 0.038403 	 39.635719 	 96.153846
   10 	 0.038131 	 40.104111 	 91.743119
   11 	 0.036729 	 48.490408 	 100.000000
   12 	 0.038734 	 56.652229 	 833.333333
   13 	 0.039650 	 126.798937 	 833.333333
   14 	 0.038290 	 470.295849 	 1250.000000
   15 	 0.038446 	 573.662771 	 1250.000000
   16 	 0.038446 	 589.269040 	 1250.000000
   17 	 0.038445 	 648.235251 	 2000.000000
   18 	 0.030708 	 710.215831 	 2500.000000
   19 	 0.038445 	 861.923246 	 2500.000000
   20 	 0.038146 	 878.007386 	 2500.000000
   21 	 0.038132 	 1027.199111 	 2500.000000
   22 	 0.038446 	 881.488934 	 2500.000000
   23 	 0.038446 	 1156.899607 	 10000.000000
   24 	 0.038296 	 2433.182341 	 10000.000000
   25 	 0.038296 	 4982.922927 	 10000.000000
   26 	 0.037998 	 6553.515408 	 10000.000000
   27 	 0.038147 	 7815.308891 	 10000.000000
   28 	 0.038147 	 7739.280442 	 10000.000000
   29 	 0.038147 	 7761.170215 	 10000.000000
   30 	 0.038296 	 6982.589616 	 10000.000000
   31 	 0.038296 	 7332.509446 	 10000.000000
   32 	 0.038147 	 7728.825967 	 10000.000000
   33 	 0.151256 	 8022.343280 	 10000.000000
   34 	 0.038147 	 8032.470118 	 10000.000000
   35 	 0.038294 	 7852.834672 	 10000.000000
   36 	 0.038147 	 7121.522625 	 10000.000000
   37 	 0.035870 	 7734.276705 	 10000.000000
   38 	 0.038147 	 7383.886300 	 10000.000000
   39 	 0.038147 	 7987.582091 	 10000.000000
   40 	 0.038110 	 7341.526398 	 10000.000000
   41 	 0.038296 	 7886.550766 	 10000.000000
   42 	 0.038147 	 7429.201953 	 10000.000000
   43 	 0.038147 	 7864.528376 	 10000.000000
   44 	 0.151403 	 7824.372531 	 10000.000000
   45 	 0.038147 	 7052.970731 	 10000.000000
   46 	 0.038147 	 7374.107935 	 10000.000000
   47 	 0.071674 	 7933.684356 	 10000.000000
   48 	 0.038147 	 6373.991331 	 10000.000000
   49 	 0.038110 	 7886.735732 	 10000.000000
   50 	 0.037542 	 7471.013636 	 10000.000000
   51 	 0.038147 	 7295.011250 	 10000.000000
   52 	 0.038147 	 7897.573545 	 10000.000000
   53 	 0.019374 	 7852.806006 	 10000.000000
   54 	 0.038146 	 7193.344733 	 10000.000000
   55 	 0.038147 	 7530.747486 	 10000.000000
   56 	 0.038147 	 7874.483032 	 10000.000000
   57 	 0.038147 	 8107.127161 	 10000.000000
   58 	 0.038146 	 7823.542418 	 10000.000000
   59 	 0.038147 	 7130.169693 	 10000.000000
   60 	 0.038147 	 7183.413020 	 10000.000000
   61 	 0.030517 	 7640.613230 	 10000.000000
   62 	 0.151403 	 6660.089662 	 10000.000000
   63 	 0.038147 	 7427.193247 	 10000.000000
   64 	 0.038146 	 7759.123590 	 10000.000000
   65 	 0.035903 	 8458.144800 	 10000.000000
   66 	 0.038147 	 7572.124770 	 10000.000000
   67 	 0.038143 	 7680.464437 	 10000.000000
   68 	 0.037542 	 7718.268277 	 10000.000000
   69 	 0.037989 	 8129.585503 	 10000.000000
   70 	 0.038147 	 7844.353807 	 10000.000000
   71 	 0.038147 	 8442.154872 	 10000.000000
   72 	 0.037542 	 7290.812314 	 10000.000000
   73 	 0.038147 	 7317.462487 	 10000.000000
   74 	 0.038147 	 7196.596066 	 10000.000000
   75 	 0.038147 	 7075.565593 	 10000.000000
   76 	 0.121689 	 8194.074734 	 10000.000000
   77 	 0.038147 	 7108.217011 	 10000.000000
   78 	 0.038100 	 7598.718630 	 10000.000000
   79 	 0.038147 	 7666.228759 	 10000.000000
   80 	 0.038147 	 7104.698092 	 10000.000000
   81 	 0.038138 	 7223.786989 	 10000.000000
   82 	 0.038147 	 7852.862495 	 10000.000000
   83 	 0.038147 	 7445.178679 	 10000.000000
   84 	 0.038147 	 7300.025857 	 10000.000000
   85 	 0.038147 	 7479.708834 	 10000.000000
   86 	 0.038147 	 7438.187222 	 10000.000000
   87 	 0.038147 	 7148.670266 	 10000.000000
   88 	 0.038128 	 6660.508574 	 10000.000000
   89 	 0.038147 	 7897.574943 	 10000.000000
   90 	 0.038147 	 7196.538142 	 10000.000000
   91 	 0.038147 	 7295.432068 	 10000.000000
   92 	 0.038296 	 7737.565428 	 10000.000000
   93 	 0.038147 	 7576.826347 	 10000.000000
   94 	 0.038146 	 7824.941820 	 10000.000000
   95 	 0.038296 	 7252.162610 	 10000.000000
   96 	 0.038296 	 8025.105147 	 10000.000000
   97 	 0.038147 	 8350.062949 	 10000.000000
   98 	 0.038296 	 7730.903912 	 10000.000000
   99 	 0.019073 	 7065.262894 	 10000.000000
 