   0 	 0.017015 	 0.064436 	 0.429535
    1 	 0.019539 	 0.100208 	 0.592066
    2 	 0.020767 	 0.177754 	 0.791077
    3 	 0.029810 	 0.348676 	 2.247696
    4 	 0.026297 	 0.693555 	 11.299435
    5 	 0.040702 	 1.866484 	 19.342360
    6 	 0.031787 	 4.316725 	 22.883295
    7 	 0.034246 	 6.655965 	 19.960080
    8 	 0.019629 	 11.354861 	 188.679245
    9 	 0.038209 	 32.985342 	 188.679245
   10 	 0.520698 	 106.708235 	 476.190476
   11 	 0.038163 	 168.432232 	 476.190476
   12 	 0.038289 	 226.906255 	 476.190476
   13 	 0.144934 	 256.949351 	 555.555556
   14 	 0.147850 	 331.457337 	 2000.000000
   15 	 0.038443 	 487.942920 	 2000.000000
   16 	 0.038749 	 806.511365 	 2500.000000
   17 	 0.038144 	 1406.432017 	 2500.000000
   18 	 0.019148 	 1583.188455 	 2500.000000
   19 	 0.038296 	 1754.931160 	 10000.000000
   20 	 0.038146 	 2073.983192 	 10000.000000
   21 	 0.038146 	 2809.572347 	 10000.000000
   22 	 0.030470 	 4406.567160 	 10000.000000
   23 	 0.038296 	 5944.682980 	 10000.000000
   24 	 0.038296 	 7002.370664 	 10000.000000
   25 	 0.038147 	 7253.475990 	 10000.000000
   26 	 0.035870 	 7142.561155 	 10000.000000
   27 	 0.038147 	 8097.481852 	 10000.000000
   28 	 0.038296 	 7331.483514 	 10000.000000
   29 	 0.038147 	 7459.788882 	 10000.000000
   30 	 0.038296 	 8076.406113 	 10000.000000
   31 	 0.038147 	 7869.520547 	 10000.000000
   32 	 0.030613 	 7610.673665 	 10000.000000
   33 	 0.038147 	 7856.428564 	 10000.000000
   34 	 0.038147 	 7012.577368 	 10000.000000
   35 	 0.037989 	 7786.193812 	 10000.000000
   36 	 0.038147 	 6495.362943 	 10000.000000
   37 	 0.039367 	 8067.129017 	 10000.000000
   38 	 0.038144 	 6494.034934 	 10000.000000
   39 	 0.038147 	 7464.628359 	 10000.000000
   40 	 0.038147 	 7172.737726 	 10000.000000
   41 	 0.038147 	 7102.529872 	 10000.000000
   42 	 0.038147 	 6686.490152 	 10000.000000
   43 	 0.038147 	 6747.308305 	 10000.000000
   44 	 0.038147 	 7649.725943 	 10000.000000
   45 	 0.038147 	 6845.999534 	 10000.000000
   46 	 0.038147 	 7212.889905 	 10000.000000
   47 	 0.030470 	 7325.581829 	 10000.000000
   48 	 0.038294 	 7487.490196 	 10000.000000
   49 	 0.037998 	 7654.729475 	 10000.000000
   50 	 0.038147 	 7774.826827 	 10000.000000
   51 	 0.038147 	 7895.192076 	 10000.000000
   52 	 0.038147 	 8075.136882 	 10000.000000
   53 	 0.038147 	 7703.698901 	 10000.000000
   54 	 0.038147 	 8482.545907 	 10000.000000
   55 	 0.038135 	 7626.861214 	 10000.000000
   56 	 0.038147 	 7167.525633 	 10000.000000
   57 	 0.037989 	 7789.313452 	 10000.000000
   58 	 0.019073 	 7381.836018 	 10000.000000
   59 	 0.152586 	 7587.485604 	 10000.000000
   60 	 0.038147 	 6810.024567 	 10000.000000
   61 	 0.038147 	 7418.950992 	 10000.000000
   62 	 0.122069 	 7654.477136 	 10000.000000
   63 	 0.038147 	 7321.536398 	 10000.000000
   64 	 0.038147 	 7049.028765 	 10000.000000
   65 	 0.019111 	 6949.736445 	 10000.000000
   66 	 0.038147 	 7168.513913 	 10000.000000
   67 	 0.038147 	 6137.960124 	 10000.000000
   68 	 0.030470 	 6732.665440 	 10000.000000
   69 	 0.038146 	 7329.623815 	 10000.000000
   70 	 0.038147 	 7393.967948 	 10000.000000
   71 	 0.038147 	 7410.219681 	 10000.000000
   72 	 0.038147 	 7162.617579 	 10000.000000
   73 	 0.038147 	 7485.761171 	 10000.000000
   74 	 0.038147 	 7791.599858 	 10000.000000
   75 	 0.038147 	 7606.288667 	 10000.000000
   76 	 0.038138 	 7141.169370 	 10000.000000
   77 	 0.038147 	 7377.151725 	 10000.000000
   78 	 0.038147 	 7127.879926 	 10000.000000
   79 	 0.038147 	 7273.351216 	 10000.000000
   80 	 0.039367 	 8044.362188 	 10000.000000
   81 	 0.038296 	 7427.697612 	 10000.000000
   82 	 0.038147 	 7015.962714 	 10000.000000
   83 	 0.038126 	 7768.956923 	 10000.000000
   84 	 0.038147 	 7017.960143 	 10000.000000
   85 	 0.038147 	 7862.032564 	 10000.000000
   86 	 0.151403 	 7080.301306 	 10000.000000
   87 	 0.038147 	 7667.527095 	 10000.000000
   88 	 0.038147 	 7246.123277 	 10000.000000
   89 	 0.038147 	 7598.170889 	 10000.000000
   90 	 0.038147 	 7564.017593 	 10000.000000
   91 	 0.038146 	 7291.923844 	 10000.000000
   92 	 0.038146 	 7132.998629 	 10000.000000
   93 	 0.038147 	 6836.196416 	 10000.000000
   94 	 0.038296 	 6461.182777 	 10000.000000
   95 	 0.038105 	 7721.023425 	 10000.000000
   96 	 0.030470 	 6925.993963 	 10000.000000
   97 	 0.038147 	 7427.252103 	 10000.000000
   98 	 0.038147 	 7420.182292 	 10000.000000
   99 	 0.019186 	 7044.796063 	 10000.000000
 