   0 	 0.017106 	 0.067199 	 1.052742
    1 	 0.017545 	 0.245553 	 5.913661
    2 	 0.023641 	 1.600317 	 7.880221
    3 	 0.037081 	 4.168372 	 14.430014
    4 	 0.039593 	 5.164589 	 15.360983
    5 	 0.039593 	 6.068531 	 24.449878
    6 	 0.038537 	 6.517487 	 37.735849
    7 	 0.038226 	 7.197211 	 51.546392
    8 	 0.039254 	 10.905200 	 91.743119
    9 	 0.038258 	 23.427946 	 129.870130
   10 	 0.038560 	 50.458390 	 1111.111111
   11 	 0.038583 	 278.084302 	 2000.000000
   12 	 0.038144 	 634.775763 	 2000.000000
   13 	 0.038146 	 1184.031812 	 10000.000000
   14 	 0.038146 	 3357.605740 	 10000.000000
   15 	 0.038146 	 6075.895777 	 10000.000000
   16 	 0.042772 	 7282.552292 	 10000.000000
   17 	 0.038144 	 6921.919853 	 10000.000000
   18 	 0.038296 	 7907.522524 	 10000.000000
   19 	 0.038147 	 7413.874925 	 10000.000000
   20 	 0.038296 	 7377.793069 	 10000.000000
   21 	 0.019073 	 7475.718895 	 10000.000000
   22 	 0.038147 	 7077.700435 	 10000.000000
   23 	 0.038147 	 6299.201414 	 10000.000000
   24 	 0.038147 	 6571.743231 	 10000.000000
   25 	 0.038147 	 8128.831803 	 10000.000000
   26 	 0.037957 	 7205.223457 	 10000.000000
   27 	 0.038147 	 7378.933580 	 10000.000000
   28 	 0.019111 	 6805.142420 	 10000.000000
   29 	 0.038147 	 7400.794677 	 10000.000000
   30 	 0.038147 	 7512.658946 	 10000.000000
   31 	 0.038144 	 7356.245682 	 10000.000000
   32 	 0.038287 	 8095.260863 	 10000.000000
   33 	 0.035902 	 7998.222765 	 10000.000000
   34 	 0.038105 	 7951.547389 	 10000.000000
   35 	 0.038143 	 7181.200166 	 10000.000000
   36 	 0.038147 	 8128.363485 	 10000.000000
   37 	 0.038147 	 6533.716180 	 10000.000000
   38 	 0.038296 	 8318.243783 	 10000.000000
   39 	 0.038105 	 7673.548485 	 10000.000000
   40 	 0.038294 	 7363.415214 	 10000.000000
   41 	 0.038296 	 7286.247863 	 10000.000000
   42 	 0.038147 	 7729.971061 	 10000.000000
   43 	 0.038147 	 7348.226674 	 10000.000000
   44 	 0.038147 	 6916.937644 	 10000.000000
   45 	 0.038147 	 7315.557807 	 10000.000000
   46 	 0.038147 	 7635.477060 	 10000.000000
   47 	 0.038147 	 7933.823232 	 10000.000000
   48 	 0.037380 	 7764.074866 	 10000.000000
   49 	 0.038105 	 7368.924774 	 10000.000000
   50 	 0.038147 	 7186.071500 	 10000.000000
   51 	 0.038287 	 7501.075082 	 10000.000000
   52 	 0.038147 	 6920.033546 	 10000.000000
   53 	 0.030613 	 7203.811322 	 10000.000000
   54 	 0.038147 	 7472.514799 	 10000.000000
   55 	 0.038147 	 7883.281000 	 10000.000000
   56 	 0.038147 	 7535.526949 	 10000.000000
   57 	 0.151403 	 8086.980436 	 10000.000000
   58 	 0.037998 	 7517.578965 	 10000.000000
   59 	 0.038146 	 7355.654099 	 10000.000000
   60 	 0.038147 	 7847.122897 	 10000.000000
   61 	 0.038147 	 7007.584923 	 10000.000000
   62 	 0.038147 	 7171.505749 	 10000.000000
   63 	 0.151403 	 7465.920309 	 10000.000000
   64 	 0.038147 	 8255.057792 	 10000.000000
   65 	 0.038296 	 8542.758233 	 10000.000000
   66 	 0.038146 	 7515.404600 	 10000.000000
   67 	 0.038147 	 7525.471857 	 10000.000000
   68 	 0.038296 	 6876.308148 	 10000.000000
   69 	 0.038146 	 7183.945411 	 10000.000000
   70 	 0.038147 	 7510.811724 	 10000.000000
   71 	 0.030094 	 6484.683542 	 10000.000000
   72 	 0.038147 	 7067.989798 	 10000.000000
   73 	 0.038138 	 8060.010825 	 10000.000000
   74 	 0.035870 	 7013.878792 	 10000.000000
   75 	 0.067816 	 6938.631409 	 10000.000000
   76 	 0.038147 	 6832.828732 	 10000.000000
   77 	 0.067816 	 7432.718445 	 10000.000000
   78 	 0.038147 	 6699.119421 	 10000.000000
   79 	 0.038147 	 7571.310746 	 10000.000000
   80 	 0.019186 	 7161.911233 	 10000.000000
   81 	 0.038147 	 7227.504990 	 10000.000000
   82 	 0.038147 	 7055.273355 	 10000.000000
   83 	 0.030517 	 7077.485073 	 10000.000000
   84 	 0.038147 	 7447.956030 	 10000.000000
   85 	 0.038147 	 8411.305158 	 10000.000000
   86 	 0.038296 	 8131.053353 	 10000.000000
   87 	 0.038147 	 6600.917099 	 10000.000000
   88 	 0.038147 	 7580.030984 	 10000.000000
   89 	 0.038147 	 7698.374329 	 10000.000000
   90 	 0.038147 	 7214.132242 	 10000.000000
   91 	 0.035870 	 7142.854661 	 10000.000000
   92 	 0.019073 	 6853.032564 	 10000.000000
   93 	 0.038147 	 6863.190462 	 10000.000000
   94 	 0.038135 	 7853.660536 	 10000.000000
   95 	 0.151918 	 7562.671011 	 10000.000000
   96 	 0.038135 	 8318.275515 	 10000.000000
   97 	 0.038147 	 7697.809789 	 10000.000000
   98 	 0.038296 	 7987.272148 	 10000.000000
   99 	 0.038147 	 7130.535296 	 10000.000000
 