   0 	 0.017763 	 0.068194 	 1.864976
    1 	 0.015798 	 0.196470 	 2.135839
    2 	 0.027029 	 1.374148 	 26.178010
    3 	 0.037914 	 8.028959 	 29.239766
    4 	 0.037922 	 18.826466 	 161.290323
    5 	 0.019439 	 28.381593 	 161.290323
    6 	 0.038134 	 72.752370 	 263.157895
    7 	 0.038438 	 118.479428 	 263.157895
    8 	 0.082455 	 131.506062 	 263.157895
    9 	 0.038438 	 133.656875 	 344.827586
   10 	 0.038590 	 156.224892 	 344.827586
   11 	 0.030901 	 172.649245 	 344.827586
   12 	 0.038442 	 207.103871 	 769.230769
   13 	 0.019260 	 196.338994 	 588.235294
   14 	 0.038142 	 226.250982 	 714.285714
   15 	 0.038442 	 252.657518 	 769.230769
   16 	 0.030707 	 289.274880 	 1250.000000
   17 	 0.038295 	 375.398201 	 1250.000000
   18 	 0.038145 	 479.538624 	 1250.000000
   19 	 0.038145 	 558.589509 	 1250.000000
   20 	 0.038295 	 603.897759 	 1250.000000
   21 	 0.038145 	 695.801903 	 2500.000000
   22 	 0.038446 	 908.860248 	 2500.000000
   23 	 0.038146 	 inf 	 inf
   24 	 0.038147 	 inf 	 inf
   25 	 0.152588 	 inf 	 inf
   26 	 0.035903 	 inf 	 inf
   27 	 0.038147 	 inf 	 inf
   28 	 0.019073 	 inf 	 inf
   29 	 0.038147 	 inf 	 inf
   30 	 0.038147 	 inf 	 inf
   31 	 0.038750 	 inf 	 inf
   32 	 0.030516 	 inf 	 inf
   33 	 0.038147 	 inf 	 inf
   34 	 0.038146 	 inf 	 inf
   35 	 0.035836 	 inf 	 inf
   36 	 0.038147 	 inf 	 inf
   37 	 0.038147 	 inf 	 inf
   38 	 0.038147 	 inf 	 inf
   39 	 0.038147 	 inf 	 inf
   40 	 0.038147 	 inf 	 inf
   41 	 0.038147 	 inf 	 inf
   42 	 0.038110 	 inf 	 inf
   43 	 0.152588 	 inf 	 inf
   44 	 0.038145 	 inf 	 inf
   45 	 0.039368 	 inf 	 inf
   46 	 0.038147 	 inf 	 inf
   47 	 0.038147 	 inf 	 inf
   48 	 0.037999 	 inf 	 inf
   49 	 0.038138 	 inf 	 inf
   50 	 0.038147 	 inf 	 inf
   51 	 0.038147 	 inf 	 inf
   52 	 0.038147 	 inf 	 inf
   53 	 0.038147 	 inf 	 inf
   54 	 0.038147 	 inf 	 inf
   55 	 0.038147 	 inf 	 inf
   56 	 0.038147 	 inf 	 inf
   57 	 0.038147 	 inf 	 inf
   58 	 0.038146 	 inf 	 inf
   59 	 0.038147 	 inf 	 inf
   60 	 0.067116 	 inf 	 inf
   61 	 0.032097 	 inf 	 inf
   62 	 0.038147 	 inf 	 inf
   63 	 0.038147 	 inf 	 inf
   64 	 0.038147 	 inf 	 inf
   65 	 0.038110 	 inf 	 inf
   66 	 0.038147 	 inf 	 inf
   67 	 0.038147 	 inf 	 inf
   68 	 0.038138 	 inf 	 inf
   69 	 0.038146 	 inf 	 inf
   70 	 0.038147 	 inf 	 inf
   71 	 0.020303 	 inf 	 inf
   72 	 0.038147 	 inf 	 inf
   73 	 0.038147 	 inf 	 inf
   74 	 0.019073 	 inf 	 inf
   75 	 0.038147 	 inf 	 inf
   76 	 0.067349 	 inf 	 inf
   77 	 0.038110 	 inf 	 inf
   78 	 0.038147 	 inf 	 inf
   79 	 0.038147 	 inf 	 inf
   80 	 0.038147 	 inf 	 inf
   81 	 0.038147 	 inf 	 inf
   82 	 0.038147 	 inf 	 inf
   83 	 0.038147 	 inf 	 inf
   84 	 0.037999 	 inf 	 inf
   85 	 0.037542 	 inf 	 inf
   86 	 0.038147 	 inf 	 inf
   87 	 0.038146 	 inf 	 inf
   88 	 0.038147 	 inf 	 inf
   89 	 0.038147 	 inf 	 inf
   90 	 0.152579 	 inf 	 inf
   91 	 0.152588 	 inf 	 inf
   92 	 0.038147 	 inf 	 inf
   93 	 0.150240 	 inf 	 inf
   94 	 0.035903 	 inf 	 inf
   95 	 0.038110 	 inf 	 inf
   96 	 0.038145 	 inf 	 inf
   97 	 0.037542 	 inf 	 inf
   98 	 0.038147 	 inf 	 inf
   99 	 0.038147 	 inf 	 inf
 