   0 	 0.014287 	 0.075718 	 1.260398
    1 	 0.018429 	 0.333166 	 3.402518
    2 	 0.018978 	 0.902452 	 15.384615
    3 	 0.031426 	 2.977792 	 23.866348
    4 	 0.019759 	 8.370716 	 169.491525
    5 	 0.019709 	 27.446610 	 285.714286
    6 	 0.038594 	 68.565651 	 285.714286
    7 	 0.038291 	 119.415563 	 285.714286
    8 	 0.039210 	 157.556609 	 285.714286
    9 	 0.038591 	 176.897671 	 285.714286
   10 	 0.038291 	 189.143779 	 370.370370
   11 	 0.038291 	 208.994215 	 384.615385
   12 	 0.038591 	 236.649962 	 909.090909
   13 	 0.038291 	 236.002237 	 3333.333333
   14 	 0.019148 	 626.517098 	 3333.333333
   15 	 0.038293 	 1656.505852 	 5000.000000
   16 	 0.038293 	 2186.028189 	 5000.000000
   17 	 0.038249 	 2612.704878 	 5000.000000
   18 	 0.038296 	 2923.756206 	 5000.000000
   19 	 0.038296 	 2727.623381 	 5000.000000
   20 	 0.038137 	 2862.039857 	 5000.000000
   21 	 0.038287 	 3081.508620 	 10000.000000
   22 	 0.038147 	 3745.724338 	 10000.000000
   23 	 0.036035 	 3700.570245 	 10000.000000
   24 	 0.038254 	 4726.470561 	 10000.000000
   25 	 0.038138 	 5221.148391 	 10000.000000
   26 	 0.038147 	 5789.100106 	 10000.000000
   27 	 0.038146 	 6911.163281 	 10000.000000
   28 	 0.038147 	 7242.691334 	 10000.000000
   29 	 0.038147 	 7031.550723 	 10000.000000
   30 	 0.038296 	 7884.352978 	 10000.000000
   31 	 0.038147 	 7481.221400 	 10000.000000
   32 	 0.038147 	 6989.418799 	 10000.000000
   33 	 0.038147 	 6902.608467 	 10000.000000
   34 	 0.038147 	 7738.386094 	 10000.000000
   35 	 0.038147 	 7177.819482 	 10000.000000
   36 	 0.152586 	 7582.817997 	 10000.000000
   37 	 0.038147 	 6946.133565 	 10000.000000
   38 	 0.037705 	 6781.846031 	 10000.000000
   39 	 0.038147 	 7825.177192 	 10000.000000
   40 	 0.038296 	 7173.698774 	 10000.000000
   41 	 0.151256 	 8198.986051 	 10000.000000
   42 	 0.035763 	 7319.603508 	 10000.000000
   43 	 0.037705 	 7489.994549 	 10000.000000
   44 	 0.038147 	 7320.834454 	 10000.000000
   45 	 0.038296 	 7587.207204 	 10000.000000
   46 	 0.038147 	 7560.572789 	 10000.000000
   47 	 0.151403 	 7305.128471 	 10000.000000
   48 	 0.038147 	 7063.622690 	 10000.000000
   49 	 0.038143 	 7211.171383 	 10000.000000
   50 	 0.037542 	 7737.470430 	 10000.000000
   51 	 0.038147 	 7002.877344 	 10000.000000
   52 	 0.038147 	 6942.074983 	 10000.000000
   53 	 0.037542 	 7941.009977 	 10000.000000
   54 	 0.038147 	 8276.982755 	 10000.000000
   55 	 0.038146 	 7014.801840 	 10000.000000
   56 	 0.038147 	 6920.847492 	 10000.000000
   57 	 0.036035 	 7350.963036 	 10000.000000
   58 	 0.030517 	 7854.427721 	 10000.000000
   59 	 0.030613 	 7263.799243 	 10000.000000
   60 	 0.038296 	 7618.316008 	 10000.000000
   61 	 0.038147 	 7465.333239 	 10000.000000
   62 	 0.037560 	 7396.334422 	 10000.000000
   63 	 0.038132 	 8025.860719 	 10000.000000
   64 	 0.037407 	 6571.056130 	 10000.000000
   65 	 0.038147 	 7016.185666 	 10000.000000
   66 	 0.038147 	 6759.650350 	 10000.000000
   67 	 0.038147 	 7614.064929 	 10000.000000
   68 	 0.038147 	 7230.943147 	 10000.000000
   69 	 0.038147 	 6665.425814 	 10000.000000
   70 	 0.038147 	 8151.803345 	 10000.000000
   71 	 0.038147 	 6916.902110 	 10000.000000
   72 	 0.038147 	 7253.781216 	 10000.000000
   73 	 0.067816 	 7256.911723 	 10000.000000
   74 	 0.037560 	 7373.225072 	 10000.000000
   75 	 0.038144 	 6925.662603 	 10000.000000
   76 	 0.038147 	 7633.024904 	 10000.000000
   77 	 0.037560 	 7006.050698 	 10000.000000
   78 	 0.037542 	 7017.020015 	 10000.000000
   79 	 0.038145 	 6861.931292 	 10000.000000
   80 	 0.037705 	 7482.815203 	 10000.000000
   81 	 0.037998 	 7049.330017 	 10000.000000
   82 	 0.037542 	 7087.788453 	 10000.000000
   83 	 0.030517 	 7407.008378 	 10000.000000
   84 	 0.038147 	 7533.897827 	 10000.000000
   85 	 0.038147 	 7602.442877 	 10000.000000
   86 	 0.037705 	 7150.960336 	 10000.000000
   87 	 0.037998 	 7818.374287 	 10000.000000
   88 	 0.038147 	 7144.501496 	 10000.000000
   89 	 0.038147 	 6725.668469 	 10000.000000
   90 	 0.038147 	 7322.455296 	 10000.000000
   91 	 0.038147 	 7485.641644 	 10000.000000
   92 	 0.038147 	 6915.875024 	 10000.000000
   93 	 0.038147 	 6985.405224 	 10000.000000
   94 	 0.038147 	 7428.472909 	 10000.000000
   95 	 0.038147 	 6924.976597 	 10000.000000
   96 	 0.037998 	 6611.876769 	 10000.000000
   97 	 0.038147 	 7525.220389 	 10000.000000
   98 	 0.038147 	 7423.646320 	 10000.000000
   99 	 0.038147 	 7534.689306 	 10000.000000
 