   0 	 0.017799 	 0.101708 	 1.955799
    1 	 0.018041 	 0.499709 	 7.662835
    2 	 0.040967 	 1.874765 	 8.984726
    3 	 0.031154 	 3.482133 	 15.037594
    4 	 0.039375 	 6.145535 	 54.054054
    5 	 0.039486 	 10.377547 	 57.471264
    6 	 0.038724 	 19.137696 	 112.359551
    7 	 0.038425 	 36.591377 	 204.081633
    8 	 0.038276 	 45.460436 	 112.359551
    9 	 0.030740 	 54.774774 	 204.081633
   10 	 0.039678 	 78.866932 	 588.235294
   11 	 0.038416 	 131.983890 	 588.235294
   12 	 0.038444 	 207.760811 	 1111.111111
   13 	 0.038445 	 320.239558 	 1111.111111
   14 	 0.031691 	 356.952731 	 1666.666667
   15 	 0.038442 	 487.671361 	 1666.666667
   16 	 0.038597 	 590.638094 	 1666.666667
   17 	 0.038296 	 712.565530 	 3333.333333
   18 	 0.038295 	 894.661240 	 3333.333333
   19 	 0.038296 	 1121.166943 	 3333.333333
   20 	 0.038296 	 1424.447413 	 3333.333333
   21 	 0.150227 	 1832.049511 	 3333.333333
   22 	 0.038296 	 2054.257007 	 3333.333333
   23 	 0.038296 	 2116.515602 	 3333.333333
   24 	 0.038296 	 2314.920418 	 3333.333333
   25 	 0.038296 	 2427.681499 	 3333.333333
   26 	 0.038296 	 2451.784037 	 3333.333333
   27 	 0.038296 	 2311.233605 	 3333.333333
   28 	 0.038296 	 2384.129864 	 3333.333333
   29 	 0.038296 	 2265.871205 	 3333.333333
   30 	 0.037530 	 2212.074755 	 3333.333333
   31 	 0.036002 	 2306.322128 	 3333.333333
   32 	 0.038295 	 2565.841420 	 3333.333333
   33 	 0.037649 	 2746.742610 	 3333.333333
   34 	 0.038284 	 2481.489917 	 3333.333333
   35 	 0.038296 	 2390.797623 	 3333.333333
   36 	 0.036002 	 2189.039673 	 3333.333333
   37 	 0.038296 	 2640.976573 	 3333.333333
   38 	 0.038296 	 2423.679089 	 3333.333333
   39 	 0.038296 	 2591.766771 	 3333.333333
   40 	 0.038137 	 2570.555669 	 3333.333333
   41 	 0.036002 	 2453.745549 	 3333.333333
   42 	 0.038137 	 2230.334413 	 3333.333333
   43 	 0.038296 	 2608.000487 	 3333.333333
   44 	 0.038296 	 2274.950564 	 3333.333333
   45 	 0.038296 	 2660.364191 	 3333.333333
   46 	 0.038296 	 2585.819024 	 3333.333333
   47 	 0.038284 	 2383.642439 	 3333.333333
   48 	 0.038903 	 2271.253075 	 3333.333333
   49 	 0.038296 	 2250.343957 	 3333.333333
   50 	 0.038296 	 2614.278689 	 3333.333333
   51 	 0.038296 	 2267.860166 	 3333.333333
   52 	 0.038254 	 2339.960528 	 3333.333333
   53 	 0.151398 	 2301.631609 	 3333.333333
   54 	 0.038296 	 2536.832573 	 3333.333333
   55 	 0.038296 	 2419.746264 	 3333.333333
   56 	 0.046145 	 2385.699967 	 3333.333333
   57 	 0.038296 	 2572.125710 	 3333.333333
   58 	 0.038296 	 2250.702461 	 3333.333333
   59 	 0.037687 	 2406.380279 	 3333.333333
   60 	 0.038296 	 2690.851774 	 3333.333333
   61 	 0.038296 	 2614.015205 	 3333.333333
   62 	 0.038293 	 2517.828333 	 3333.333333
   63 	 0.038296 	 2604.424208 	 3333.333333
   64 	 0.030565 	 2404.910863 	 3333.333333
   65 	 0.019148 	 2519.526264 	 3333.333333
   66 	 0.038296 	 2551.735028 	 3333.333333
   67 	 0.038296 	 2656.050393 	 3333.333333
   68 	 0.038296 	 2494.736732 	 3333.333333
   69 	 0.038296 	 2222.330279 	 3333.333333
   70 	 0.038296 	 2445.387100 	 3333.333333
   71 	 0.038296 	 2545.042922 	 3333.333333
   72 	 0.038296 	 2367.081391 	 3333.333333
   73 	 0.038284 	 2501.567353 	 3333.333333
   74 	 0.038296 	 2621.601658 	 3333.333333
   75 	 0.038296 	 2464.433367 	 3333.333333
   76 	 0.038296 	 2466.528794 	 3333.333333
   77 	 0.036002 	 2575.612644 	 3333.333333
   78 	 0.038295 	 2317.154547 	 3333.333333
   79 	 0.030565 	 2431.989288 	 3333.333333
   80 	 0.038296 	 2635.811183 	 3333.333333
   81 	 0.038296 	 2327.721140 	 3333.333333
   82 	 0.038296 	 2520.870942 	 3333.333333
   83 	 0.036002 	 2363.537004 	 3333.333333
   84 	 0.038296 	 2487.963579 	 3333.333333
   85 	 0.038296 	 2525.860925 	 3333.333333
   86 	 0.037687 	 2486.375958 	 3333.333333
   87 	 0.019108 	 2452.157012 	 3333.333333
   88 	 0.038296 	 2440.763299 	 3333.333333
   89 	 0.038296 	 2411.906175 	 3333.333333
   90 	 0.037687 	 2442.841131 	 3333.333333
   91 	 0.038296 	 2594.672340 	 3333.333333
   92 	 0.038296 	 2421.313484 	 3333.333333
   93 	 0.038293 	 2363.023090 	 3333.333333
   94 	 0.036002 	 2582.353332 	 3333.333333
   95 	 0.030565 	 2333.895201 	 3333.333333
   96 	 0.151398 	 2593.085544 	 3333.333333
   97 	 0.038296 	 2622.335508 	 3333.333333
   98 	 0.038254 	 2452.311222 	 3333.333333
   99 	 0.151398 	 2415.455199 	 3333.333333
 