   0 	 0.014734 	 0.063457 	 0.570353
    1 	 0.019862 	 0.259983 	 11.185682
    2 	 0.026480 	 4.576804 	 13.717421
    3 	 0.037683 	 10.614756 	 15.290520
    4 	 0.041756 	 11.066943 	 15.290520
    5 	 0.041756 	 11.138380 	 18.450185
    6 	 0.127867 	 11.289791 	 26.737968
    7 	 2.949853 	 11.358582 	 26.737968
    8 	 0.128261 	 11.253425 	 26.737968
    9 	 0.451630 	 11.918432 	 26.737968
   10 	 0.152891 	 12.528219 	 26.737968
   11 	 0.131596 	 15.303913 	 185.185185
   12 	 0.041054 	 29.583168 	 185.185185
   13 	 0.151281 	 85.228106 	 185.185185
   14 	 0.039156 	 154.419691 	 185.185185
   15 	 2.337541 	 172.020673 	 188.679245
   16 	 2.337541 	 178.295749 	 188.679245
   17 	 0.151281 	 179.950003 	 188.679245
   18 	 0.150119 	 183.097717 	 333.333333
   19 	 0.144563 	 186.055014 	 333.333333
   20 	 26.737968 	 185.725737 	 333.333333
   21 	 43.478261 	 188.607352 	 333.333333
   22 	 0.548546 	 187.101407 	 333.333333
   23 	 29.239766 	 202.636240 	 333.333333
   24 	 26.737968 	 211.572621 	 384.615385
   25 	 116.279070 	 231.727291 	 384.615385
   26 	 0.150119 	 244.532491 	 384.615385
   27 	 2.350729 	 270.456556 	 384.615385
   28 	 0.589971 	 288.463201 	 384.615385
   29 	 161.290323 	 309.012813 	 384.615385
   30 	 0.151336 	 304.327312 	 384.615385
   31 	 0.039211 	 321.814931 	 384.615385
   32 	 0.565163 	 321.877673 	 384.615385
   33 	 185.185185 	 333.048433 	 384.615385
   34 	 0.030515 	 321.586456 	 384.615385
   35 	 285.714286 	 342.087912 	 384.615385
   36 	 0.038902 	 338.242147 	 384.615385
   37 	 0.150173 	 330.196791 	 384.615385
   38 	 0.151336 	 332.623566 	 384.615385
   39 	 31.446541 	 334.277539 	 384.615385
   40 	 90.909091 	 341.341991 	 384.615385
   41 	 0.151345 	 337.018265 	 384.615385
   42 	 0.038903 	 325.680621 	 384.615385
   43 	 0.038293 	 331.303965 	 384.615385
   44 	 0.146776 	 337.041746 	 384.615385
   45 	 0.038443 	 357.021801 	 1666.666667
   46 	 185.185185 	 357.666662 	 1666.666667
   47 	 0.039057 	 390.268015 	 1666.666667
   48 	 185.185185 	 493.916091 	 1666.666667
   49 	 0.038296 	 884.023976 	 5000.000000
   50 	 0.038296 	 1657.362469 	 5000.000000
   51 	 57.471264 	 2727.155909 	 5000.000000
   52 	 0.600889 	 3701.141522 	 5000.000000
   53 	 1666.666667 	 4466.666667 	 5000.000000
   54 	 0.038296 	 4772.230116 	 5000.000000
   55 	 9.746589 	 4771.553405 	 5000.000000
   56 	 0.600889 	 4950.006009 	 5000.000000
   57 	 0.610277 	 4850.189589 	 5000.000000
   58 	 0.038296 	 4793.437191 	 5000.000000
   59 	 0.151400 	 4760.124157 	 5000.000000
   60 	 0.600889 	 4851.322987 	 5000.000000
   61 	 0.038296 	 4900.345211 	 5000.000000
   62 	 0.038147 	 4860.006390 	 5000.000000
   63 	 0.040812 	 4900.388005 	 5000.000000
   64 	 0.038147 	 4853.852638 	 5000.000000
   65 	 9.174312 	 4798.490742 	 5000.000000
   66 	 9.174312 	 4910.091743 	 5000.000000
   67 	 0.151400 	 4900.007523 	 5000.000000
   68 	 9.174312 	 4884.644589 	 5000.000000
   69 	 0.038147 	 4883.339818 	 5000.000000
   70 	 121.951220 	 4855.065666 	 5000.000000
   71 	 0.038296 	 4805.410877 	 5000.000000
   72 	 2.366304 	 4756.074624 	 5000.000000
   73 	 0.151400 	 4903.847668 	 5000.000000
   74 	 5000.000000 	 5000.000000 	 5000.000000
   75 	 0.151400 	 4753.946946 	 5000.000000
   76 	 34.482759 	 4950.344828 	 5000.000000
   77 	 34.482759 	 4822.247576 	 5000.000000
   78 	 2.366304 	 4950.048065 	 10000.000000
   79 	 0.038296 	 4957.698793 	 10000.000000
   80 	 0.152583 	 5038.400525 	 10000.000000
   81 	 121.951220 	 5501.219512 	 10000.000000
   82 	 0.152586 	 5721.540340 	 10000.000000
   83 	 0.152583 	 6401.522686 	 10000.000000
   84 	 2.440215 	 7051.442456 	 10000.000000
   85 	 0.038296 	 7650.389488 	 10000.000000
   86 	 0.038105 	 8100.006390 	 10000.000000
   87 	 0.038147 	 8226.539196 	 10000.000000
   88 	 0.610314 	 9250.006103 	 10000.000000
   89 	 0.152586 	 8754.244725 	 10000.000000
   90 	 0.038296 	 9561.135163 	 10000.000000
   91 	 0.610314 	 9715.117214 	 10000.000000
   92 	 0.152586 	 9850.001526 	 10000.000000
   93 	 0.152586 	 9653.078449 	 10000.000000
   94 	 2.440810 	 9510.004322 	 10000.000000
   95 	 0.600925 	 9450.887883 	 10000.000000
   96 	 0.038296 	 9461.210857 	 10000.000000
   97 	 0.038147 	 9651.332510 	 10000.000000
   98 	 0.152586 	 9661.204464 	 10000.000000
   99 	 0.152586 	 9711.210198 	 10000.000000
 