   0 	 0.016333 	 0.051593 	 0.216610
    1 	 0.019158 	 0.081160 	 0.605107
    2 	 0.021001 	 0.145633 	 0.605107
    3 	 0.030220 	 0.307081 	 7.547170
    4 	 0.041693 	 1.957329 	 13.351135
    5 	 0.131728 	 5.822636 	 13.351135
    6 	 0.131907 	 7.328889 	 13.351135
    7 	 0.211051 	 8.155149 	 13.351135
    8 	 0.032238 	 8.426710 	 14.641288
    9 	 1.369675 	 8.954301 	 13.351135
   10 	 0.040906 	 9.187540 	 13.351135
   11 	 0.040486 	 9.948586 	 16.528926
   12 	 6.807352 	 11.076121 	 16.528926
   13 	 6.807352 	 11.920219 	 20.283976
   14 	 0.040566 	 11.871503 	 20.283976
   15 	 3.418803 	 12.940271 	 20.283976
   16 	 1.450747 	 13.172956 	 20.283976
   17 	 7.547170 	 13.506461 	 20.283976
   18 	 1.536334 	 13.494076 	 20.283976
   19 	 1.536334 	 13.777913 	 20.283976
   20 	 0.038816 	 13.816758 	 20.283976
   21 	 0.132449 	 14.136423 	 28.653295
   22 	 0.471054 	 14.200942 	 28.653295
   23 	 0.040590 	 14.774701 	 28.653295
   24 	 1.387925 	 15.760846 	 28.653295
   25 	 10.537408 	 16.244107 	 28.653295
   26 	 9.354537 	 17.161279 	 35.087719
   27 	 1.481701 	 18.638145 	 35.087719
   28 	 0.463027 	 23.773368 	 344.827586
   29 	 0.463027 	 61.258616 	 344.827586
   30 	 0.038443 	 218.949192 	 344.827586
   31 	 0.565195 	 327.884708 	 344.827586
   32 	 0.038443 	 322.810736 	 384.615385
   33 	 2.424242 	 354.540599 	 2000.000000
   34 	 163.934426 	 441.389188 	 2000.000000
   35 	 80.000000 	 736.786889 	 2000.000000
   36 	 344.827586 	 1336.021220 	 5000.000000
   37 	 30.769231 	 2014.445623 	 5000.000000
   38 	 344.827586 	 2324.703802 	 5000.000000
   39 	 0.038146 	 2661.591973 	 5000.000000
   40 	 38.759690 	 3383.852262 	 5000.000000
   41 	 2.366304 	 4100.627975 	 5000.000000
   42 	 384.615385 	 4590.512821 	 5000.000000
   43 	 0.152583 	 4583.902762 	 5000.000000
   44 	 0.151400 	 4870.007617 	 5000.000000
   45 	 384.615385 	 4953.846154 	 5000.000000
   46 	 1000.000000 	 4930.000000 	 5000.000000
   47 	 121.951220 	 4881.219512 	 5000.000000
   48 	 2.440215 	 4830.116145 	 5000.000000
   49 	 2.440215 	 4870.116145 	 5000.000000
   50 	 0.151400 	 4801.571957 	 5000.000000
   51 	 34.482759 	 4865.900383 	 5000.000000
   52 	 0.151400 	 4900.007523 	 5000.000000
   53 	 2.440215 	 4950.024402 	 5000.000000
   54 	 0.151400 	 4760.442877 	 5000.000000
   55 	 2.366304 	 4850.503003 	 5000.000000
   56 	 0.610277 	 4900.029766 	 5000.000000
   57 	 9.174312 	 4901.606895 	 5000.000000
   58 	 2.366304 	 4859.425372 	 5000.000000
   59 	 9.746589 	 4893.430799 	 5000.000000
   60 	 0.038147 	 4751.518561 	 5000.000000
   61 	 0.038296 	 4803.852640 	 5000.000000
   62 	 0.151400 	 4542.714424 	 5000.000000
   63 	 0.610277 	 4883.683079 	 5000.000000
   64 	 0.038296 	 4750.696430 	 5000.000000
   65 	 2.366304 	 4850.023663 	 5000.000000
   66 	 9.746589 	 4910.097466 	 5000.000000
   67 	 0.030613 	 4855.647605 	 5000.000000
   68 	 34.482759 	 4904.190981 	 5000.000000
   69 	 9.174312 	 4950.091743 	 5000.000000
   70 	 121.951220 	 4911.219512 	 5000.000000
   71 	 34.482759 	 4854.535809 	 5000.000000
   72 	 2.440215 	 4950.024402 	 5000.000000
   73 	 0.151400 	 4853.945134 	 5000.000000
   74 	 384.615385 	 4953.846154 	 5000.000000
   75 	 0.600889 	 4903.852163 	 5000.000000
   76 	 0.038296 	 4695.234940 	 5000.000000
   77 	 2000.000000 	 4940.000000 	 5000.000000
   78 	 0.151400 	 4663.173127 	 5000.000000
   79 	 0.151400 	 4773.358510 	 5000.000000
   80 	 2000.000000 	 4940.000000 	 5000.000000
   81 	 0.600889 	 4810.121415 	 5000.000000
   82 	 0.038296 	 4773.944289 	 5000.000000
   83 	 0.038296 	 4787.013403 	 5000.000000
   84 	 0.151400 	 4751.977853 	 5000.000000
   85 	 0.610277 	 4870.350930 	 5000.000000
   86 	 2.440215 	 4852.759066 	 5000.000000
   87 	 0.038147 	 4800.466338 	 5000.000000
   88 	 2.366304 	 4901.243175 	 5000.000000
   89 	 0.038147 	 4754.349538 	 5000.000000
   90 	 2.440215 	 4950.024402 	 5000.000000
   91 	 34.482759 	 4840.857648 	 5000.000000
   92 	 0.038147 	 4886.667048 	 5000.000000
   93 	 0.038296 	 4824.191364 	 5000.000000
   94 	 0.151400 	 4734.360488 	 5000.000000
   95 	 384.615385 	 4893.846154 	 5000.000000
   96 	 0.038296 	 4750.008012 	 5000.000000
   97 	 0.600889 	 4804.202999 	 5000.000000
   98 	 0.600889 	 4805.464780 	 5000.000000
   99 	 2.366304 	 4950.023663 	 5000.000000
 