   0 	 0.017367 	 0.112890 	 4.016064
    1 	 0.021884 	 0.903232 	 4.016064
    2 	 0.053057 	 2.839109 	 4.147657
    3 	 0.044708 	 3.728273 	 4.147657
    4 	 0.416771 	 3.951704 	 4.677268
    5 	 1.686341 	 3.994381 	 4.677268
    6 	 1.088732 	 3.921106 	 4.147657
    7 	 0.041493 	 3.959318 	 4.284490
    8 	 0.040837 	 3.947639 	 4.677268
    9 	 0.125310 	 3.910614 	 4.782401
   10 	 2.005616 	 3.962549 	 4.782401
   11 	 2.134472 	 4.031297 	 5.224660
   12 	 3.303601 	 4.058550 	 5.224660
   13 	 2.005616 	 4.055824 	 5.224660
   14 	 2.114165 	 4.081377 	 5.224660
   15 	 0.125310 	 3.999343 	 5.224660
   16 	 0.125310 	 4.036847 	 5.224660
   17 	 0.112987 	 4.099172 	 5.224660
   18 	 0.044708 	 4.225244 	 5.224660
   19 	 3.538570 	 4.337850 	 5.224660
   20 	 0.125310 	 4.251330 	 5.224660
   21 	 0.125310 	 4.427504 	 5.324814
   22 	 0.044333 	 4.461267 	 5.324814
   23 	 0.044520 	 4.360665 	 5.727377
   24 	 0.408864 	 4.628365 	 6.973501
   25 	 0.410055 	 4.596646 	 5.727377
   26 	 3.411805 	 4.701315 	 5.727377
   27 	 3.650968 	 4.728145 	 5.324814
   28 	 3.650968 	 4.821271 	 5.727377
   29 	 0.431742 	 4.791160 	 5.903188
   30 	 0.043236 	 4.837221 	 5.903188
   31 	 0.129719 	 4.890610 	 5.727377
   32 	 0.119283 	 4.912568 	 6.146281
   33 	 0.129234 	 5.020879 	 6.553080
   34 	 0.129234 	 5.038016 	 6.402049
   35 	 0.043236 	 5.155222 	 7.173601
   36 	 0.979336 	 5.090237 	 6.553080
   37 	 0.041568 	 5.224972 	 7.173601
   38 	 0.532510 	 5.387712 	 6.784261
   39 	 0.126462 	 5.508686 	 7.173601
   40 	 4.016064 	 5.654804 	 7.173601
   41 	 0.145700 	 5.577049 	 7.209805
   42 	 0.043302 	 5.657739 	 7.209805
   43 	 0.038358 	 5.695313 	 7.209805
   44 	 0.038393 	 5.969922 	 7.564297
   45 	 0.038349 	 6.080911 	 7.564297
   46 	 0.043514 	 6.173574 	 7.564297
   47 	 0.146058 	 6.717263 	 27.027027
   48 	 0.038544 	 6.565770 	 18.587361
   49 	 0.380358 	 6.931106 	 27.027027
   50 	 5.170631 	 8.281290 	 27.027027
   51 	 0.537317 	 12.600319 	 33.557047
   52 	 5.672150 	 18.971033 	 33.557047
   53 	 0.570711 	 22.712606 	 34.482759
   54 	 0.596872 	 26.301556 	 34.482759
   55 	 2.061856 	 27.333207 	 33.557047
   56 	 0.151731 	 32.962973 	 555.555556
   57 	 15.974441 	 117.294706 	 1000.000000
   58 	 0.582411 	 455.817047 	 1000.000000
   59 	 0.149054 	 591.066043 	 1000.000000
   60 	 526.315789 	 678.830409 	 1000.000000
   61 	 2.430724 	 715.609809 	 1000.000000
   62 	 0.038598 	 773.114913 	 1000.000000
   63 	 0.151382 	 796.259566 	 1000.000000
   64 	 0.609979 	 839.328946 	 1111.111111
   65 	 0.149054 	 908.522583 	 1111.111111
   66 	 27.027027 	 955.825826 	 1111.111111
   67 	 0.038295 	 934.720924 	 1000.000000
   68 	 555.555556 	 977.777778 	 1000.000000
   69 	 0.149071 	 977.779268 	 1111.111111
   70 	 0.038598 	 972.222608 	 1000.000000
   71 	 9.107468 	 966.848816 	 1000.000000
   72 	 0.151382 	 975.892640 	 1000.000000
   73 	 37.593985 	 967.418546 	 1000.000000
   74 	 0.151382 	 952.034836 	 1000.000000
   75 	 555.555556 	 995.555556 	 1000.000000
   76 	 1000.000000 	 1000.000000 	 1000.000000
   77 	 9.671180 	 1070.096712 	 5000.000000
   78 	 81.967213 	 1346.702025 	 5000.000000
   79 	 294.117647 	 2032.941176 	 5000.000000
   80 	 0.151400 	 3410.383463 	 5000.000000
   81 	 1000.000000 	 4606.666667 	 5000.000000
   82 	 0.151400 	 4635.688835 	 5000.000000
   83 	 0.038296 	 4866.691452 	 5000.000000
   84 	 0.600889 	 4860.029672 	 5000.000000
   85 	 151.515152 	 4905.361305 	 5000.000000
   86 	 9.174312 	 4950.091743 	 5000.000000
   87 	 121.951220 	 4951.219512 	 5000.000000
   88 	 38.759690 	 4736.891171 	 5000.000000
   89 	 121.951220 	 4951.219512 	 5000.000000
   90 	 0.038296 	 4765.067563 	 5000.000000
   91 	 121.951220 	 4911.219512 	 5000.000000
   92 	 34.482759 	 4815.410494 	 5000.000000
   93 	 1000.000000 	 5010.000000 	 10000.000000
   94 	 0.151254 	 4901.547862 	 10000.000000
   95 	 0.038296 	 5351.225998 	 10000.000000
   96 	 5000.000000 	 5800.000000 	 10000.000000
   97 	 38.910506 	 6100.389105 	 10000.000000
   98 	 2.440215 	 6452.478482 	 10000.000000
   99 	 0.152583 	 7051.611722 	 10000.000000
 