   0 	 0.015215 	 0.055790 	 0.271695
    1 	 0.019615 	 0.081020 	 0.418393
    2 	 0.017615 	 0.135360 	 0.437924
    3 	 0.034676 	 0.185200 	 0.442204
    4 	 0.036556 	 0.245757 	 1.110988
    5 	 0.036013 	 0.347438 	 3.696858
    6 	 0.041461 	 0.802614 	 4.880429
    7 	 0.038304 	 2.416054 	 5.640158
    8 	 0.039918 	 3.273444 	 5.640158
    9 	 0.047774 	 3.639626 	 7.097232
   10 	 0.497810 	 3.884358 	 15.822785
   11 	 1.665279 	 4.538614 	 21.186441
   12 	 3.351206 	 7.399812 	 65.789474
   13 	 3.576538 	 14.620298 	 65.789474
   14 	 0.040940 	 32.310317 	 112.359551
   15 	 0.040953 	 48.101747 	 112.359551
   16 	 0.145366 	 59.681629 	 112.359551
   17 	 0.039999 	 66.314078 	 112.359551
   18 	 21.186441 	 70.359310 	 112.359551
   19 	 21.186441 	 73.109467 	 112.359551
   20 	 0.149781 	 78.160705 	 112.359551
   21 	 0.039680 	 84.935278 	 112.359551
   22 	 5.144033 	 90.400654 	 416.666667
   23 	 0.588097 	 108.800666 	 416.666667
   24 	 0.150040 	 181.504856 	 1111.111111
   25 	 2.158895 	 378.441371 	 1111.111111
   26 	 29.069767 	 656.286768 	 1111.111111
   27 	 0.150220 	 827.304361 	 1111.111111
   28 	 0.150220 	 910.021544 	 1111.111111
   29 	 0.150220 	 971.235810 	 1111.111111
   30 	 243.902439 	 1040.747105 	 2000.000000
   31 	 2.293052 	 1080.650436 	 2000.000000
   32 	 833.333333 	 1128.055556 	 2000.000000
   33 	 95.238095 	 1141.904762 	 2000.000000
   34 	 0.150220 	 1163.449562 	 2000.000000
   35 	 0.038295 	 1255.797173 	 2000.000000
   36 	 0.600781 	 1417.869918 	 2000.000000
   37 	 270.270270 	 1600.480480 	 2000.000000
   38 	 0.038146 	 1603.149211 	 5000.000000
   39 	 8.613264 	 1700.468952 	 5000.000000
   40 	 117.647059 	 1828.169935 	 5000.000000
   41 	 99.009901 	 2050.990099 	 5000.000000
   42 	 2.364625 	 2369.316059 	 5000.000000
   43 	 0.600745 	 2983.362292 	 5000.000000
   44 	 0.038296 	 3303.335242 	 5000.000000
   45 	 0.038147 	 3986.667048 	 5000.000000
   46 	 0.151394 	 4400.352258 	 5000.000000
   47 	 0.151400 	 4710.461748 	 5000.000000
   48 	 2.366304 	 4856.690330 	 5000.000000
   49 	 0.038296 	 4830.001897 	 5000.000000
   50 	 2.366304 	 4903.869817 	 5000.000000
   51 	 0.600889 	 4805.077778 	 5000.000000
   52 	 9.746589 	 4887.276953 	 5000.000000
   53 	 9.746589 	 4893.430799 	 5000.000000
   54 	 34.482759 	 4901.859979 	 5000.000000
   55 	 384.615385 	 4913.846154 	 5000.000000
   56 	 151.515152 	 4921.515152 	 5000.000000
   57 	 0.038296 	 4820.115789 	 5000.000000
   58 	 34.482759 	 4800.689655 	 5000.000000
   59 	 0.038296 	 4950.000383 	 5000.000000
   60 	 0.038296 	 4850.368874 	 5000.000000
   61 	 2.440215 	 4743.853733 	 5000.000000
   62 	 384.615385 	 4923.846154 	 5000.000000
   63 	 0.038296 	 4670.615211 	 5000.000000
   64 	 34.482759 	 4950.344828 	 5000.000000
   65 	 38.759690 	 4950.387597 	 5000.000000
   66 	 0.038296 	 4801.267221 	 5000.000000
   67 	 0.038296 	 4753.728836 	 5000.000000
   68 	 0.038296 	 4833.697827 	 5000.000000
   69 	 9.174312 	 4851.656083 	 5000.000000
   70 	 2.366304 	 4818.365226 	 5000.000000
   71 	 1666.666667 	 4966.666667 	 5000.000000
   72 	 2.366304 	 4920.023663 	 5000.000000
   73 	 0.151400 	 4855.944666 	 5000.000000
   74 	 0.151400 	 4883.359249 	 5000.000000
   75 	 0.152583 	 4820.859174 	 5000.000000
   76 	 34.482759 	 4877.011494 	 5000.000000
   77 	 38.759690 	 4884.940442 	 5000.000000
   78 	 384.615385 	 4937.179487 	 5000.000000
   79 	 121.951220 	 4911.219512 	 5000.000000
   80 	 1000.000000 	 4880.000000 	 5000.000000
   81 	 0.151400 	 4721.700152 	 5000.000000
   82 	 2.366304 	 4670.474297 	 5000.000000
   83 	 9.174312 	 4784.282725 	 5000.000000
   84 	 0.149071 	 4905.557046 	 5000.000000
   85 	 0.152583 	 4920.001526 	 5000.000000
   86 	 0.151400 	 4820.370744 	 5000.000000
   87 	 9.174312 	 4845.647299 	 5000.000000
   88 	 9.746589 	 4828.986355 	 5000.000000
   89 	 38.759690 	 4875.943152 	 5000.000000
   90 	 0.152583 	 4910.001526 	 5000.000000
   91 	 0.038296 	 4860.345211 	 5000.000000
   92 	 0.152583 	 4901.221038 	 5000.000000
   93 	 0.038147 	 4810.917242 	 5000.000000
   94 	 0.038147 	 4851.564721 	 5000.000000
   95 	 0.151400 	 4810.370005 	 5000.000000
   96 	 384.615385 	 4913.846154 	 5000.000000
   97 	 0.151391 	 4682.103076 	 5000.000000
   98 	 0.600889 	 4857.698317 	 5000.000000
   99 	 0.038296 	 4800.394372 	 5000.000000
 