   0 	 0.015287 	 0.069959 	 0.868810
    1 	 0.018467 	 0.199819 	 1.875469
    2 	 0.018467 	 0.493387 	 2.162162
    3 	 0.042050 	 0.988101 	 4.376368
    4 	 0.101970 	 1.568519 	 7.782101
    5 	 0.040750 	 2.248337 	 9.680542
    6 	 0.039278 	 3.224853 	 15.384615
    7 	 0.430867 	 5.137032 	 15.384615
    8 	 0.040114 	 7.308589 	 22.421525
    9 	 0.168449 	 9.639161 	 22.421525
   10 	 0.611658 	 11.594600 	 23.866348
   11 	 0.174490 	 13.439328 	 24.630542
   12 	 0.040280 	 15.794770 	 49.261084
   13 	 0.040275 	 19.003299 	 49.261084
   14 	 0.038535 	 22.508567 	 49.261084
   15 	 0.040118 	 26.250432 	 49.261084
   16 	 0.040280 	 33.082746 	 86.956522
   17 	 0.040310 	 40.501681 	 74.626866
   18 	 1.677008 	 44.358975 	 74.626866
   19 	 0.146415 	 45.625825 	 86.956522
   20 	 0.137110 	 47.197689 	 86.956522
   21 	 0.545435 	 50.558911 	 109.890110
   22 	 0.039673 	 52.222247 	 86.956522
   23 	 0.038844 	 57.380008 	 109.890110
   24 	 39.370079 	 61.103251 	 109.890110
   25 	 11.428571 	 68.062595 	 109.890110
   26 	 0.146563 	 71.670857 	 109.890110
   27 	 4.800768 	 77.627671 	 120.481928
   28 	 0.038586 	 80.424084 	 120.481928
   29 	 0.142379 	 86.376228 	 120.481928
   30 	 0.038579 	 89.579043 	 285.714286
   31 	 0.038902 	 100.559364 	 370.370370
   32 	 0.039519 	 176.846480 	 3333.333333
   33 	 0.038887 	 707.352837 	 3333.333333
   34 	 0.600853 	 2028.023031 	 3333.333333
   35 	 285.714286 	 2957.229437 	 3333.333333
   36 	 0.600853 	 3081.824190 	 3333.333333
   37 	 0.600853 	 3131.417741 	 3333.333333
   38 	 909.090909 	 3309.090909 	 3333.333333
   39 	 370.370370 	 3238.552189 	 3333.333333
   40 	 0.600853 	 3300.006009 	 3333.333333
   41 	 909.090909 	 3309.090909 	 3333.333333
   42 	 120.481928 	 3301.204819 	 3333.333333
   43 	 0.038296 	 3233.358888 	 3333.333333
   44 	 2.365744 	 3243.652719 	 3333.333333
   45 	 0.038296 	 3275.757959 	 3333.333333
   46 	 0.038296 	 3209.116463 	 3333.333333
   47 	 370.370370 	 3255.218855 	 3333.333333
   48 	 0.142395 	 3187.136129 	 3333.333333
   49 	 120.481928 	 3260.295728 	 3333.333333
   50 	 0.038296 	 3176.184615 	 3333.333333
   51 	 0.600853 	 3283.339342 	 3333.333333
   52 	 3333.333333 	 3333.333333 	 3333.333333
   53 	 0.151398 	 3266.691838 	 3333.333333
   54 	 0.038296 	 3167.028718 	 3333.333333
   55 	 9.165903 	 3300.091659 	 3333.333333
   56 	 9.165903 	 3267.101968 	 3333.333333
   57 	 0.600853 	 3283.339342 	 3333.333333
   58 	 0.038296 	 3134.997495 	 3333.333333
   59 	 2.365744 	 3185.766629 	 3333.333333
   60 	 0.151398 	 3170.463543 	 3333.333333
   61 	 9.165903 	 3167.101968 	 3333.333333
   62 	 909.090909 	 3259.090909 	 3333.333333
   63 	 0.038296 	 3039.563889 	 3333.333333
   64 	 0.038296 	 3225.763967 	 3333.333333
   65 	 9.165903 	 3233.768635 	 3333.333333
   66 	 0.600853 	 3237.386688 	 3333.333333
   67 	 0.151398 	 3142.864086 	 3333.333333
   68 	 9.165903 	 3300.091659 	 3333.333333
   69 	 0.151398 	 3250.007523 	 3333.333333
   70 	 0.038296 	 3266.668564 	 3333.333333
   71 	 3333.333333 	 3333.333333 	 3333.333333
   72 	 0.600853 	 3234.635820 	 3333.333333
   73 	 0.600853 	 3180.672107 	 3333.333333
   74 	 0.151398 	 3084.715426 	 3333.333333
   75 	 120.481928 	 3238.241856 	 3333.333333
   76 	 9.165903 	 3220.183318 	 3333.333333
   77 	 2.365744 	 3300.023657 	 3333.333333
   78 	 2.365744 	 3300.023657 	 3333.333333
   79 	 3333.333333 	 3333.333333 	 3333.333333
   80 	 3333.333333 	 3333.333333 	 3333.333333
   81 	 2.365744 	 3152.317753 	 3333.333333
   82 	 0.151398 	 3194.835395 	 3333.333333
   83 	 0.600853 	 3250.012017 	 3333.333333
   84 	 0.038296 	 3101.646512 	 3333.333333
   85 	 0.151398 	 3220.373398 	 3333.333333
   86 	 2.365744 	 3300.023657 	 3333.333333
   87 	 0.151398 	 3163.163427 	 3333.333333
   88 	 0.600853 	 3235.748980 	 3333.333333
   89 	 0.151398 	 3237.044560 	 3333.333333
   90 	 0.151398 	 3251.206333 	 3333.333333
   91 	 0.151398 	 3253.705218 	 3333.333333
   92 	 2.365744 	 3251.538809 	 3333.333333
   93 	 0.038296 	 3177.078094 	 3333.333333
   94 	 0.151398 	 3243.630576 	 3333.333333
   95 	 0.600853 	 3210.325394 	 3333.333333
   96 	 0.038296 	 3088.387222 	 3333.333333
   97 	 0.038296 	 3166.680581 	 3333.333333
   98 	 0.038296 	 3216.714365 	 3333.333333
   99 	 0.151398 	 3183.708156 	 3333.333333
 