   0 	 0.015286 	 0.058829 	 0.366394
    1 	 0.019222 	 0.126835 	 1.076426
    2 	 0.024358 	 0.380000 	 8.216927
    3 	 0.028888 	 1.789181 	 9.671180
    4 	 0.057445 	 5.327717 	 13.003901
    5 	 0.039033 	 7.566697 	 13.586957
    6 	 0.038575 	 8.533834 	 13.586957
    7 	 3.306878 	 9.705778 	 14.836795
    8 	 3.360215 	 10.104476 	 14.662757
    9 	 1.065530 	 10.413741 	 15.220700
   10 	 0.145262 	 11.738083 	 22.271715
   11 	 0.527844 	 12.532753 	 22.271715
   12 	 8.216927 	 12.840851 	 22.271715
   13 	 1.735810 	 13.061582 	 24.449878
   14 	 0.038575 	 13.371238 	 24.937656
   15 	 8.216927 	 15.055474 	 55.248619
   16 	 8.216927 	 17.208711 	 55.248619
   17 	 0.038491 	 19.499881 	 68.965517
   18 	 8.496177 	 27.577820 	 68.965517
   19 	 0.041966 	 36.438679 	 84.745763
   20 	 0.039986 	 44.855444 	 84.745763
   21 	 0.039184 	 47.425533 	 84.745763
   22 	 2.141786 	 52.407989 	 79.365079
   23 	 0.139003 	 56.572087 	 72.992701
   24 	 0.141113 	 57.435294 	 72.992701
   25 	 0.145364 	 59.040207 	 79.365079
   26 	 0.523862 	 62.660748 	 79.365079
   27 	 1.999600 	 64.829722 	 84.745763
   28 	 0.553557 	 66.170556 	 84.745763
   29 	 43.668122 	 70.455369 	 84.745763
   30 	 0.038276 	 69.775856 	 84.745763
   31 	 0.039675 	 70.442475 	 84.745763
   32 	 2.004008 	 71.528608 	 84.745763
   33 	 0.039676 	 70.887886 	 84.745763
   34 	 52.910053 	 77.713865 	 263.157895
   35 	 0.145505 	 78.853051 	 263.157895
   36 	 0.038291 	 77.164394 	 263.157895
   37 	 0.148675 	 83.516740 	 263.157895
   38 	 0.039517 	 104.499976 	 263.157895
   39 	 0.554139 	 147.523106 	 1666.666667
   40 	 0.038592 	 289.713930 	 1666.666667
   41 	 0.151318 	 686.985330 	 2000.000000
   42 	 0.599592 	 1223.542725 	 2000.000000
   43 	 9.140768 	 1572.653101 	 2000.000000
   44 	 270.270270 	 1691.432861 	 3333.333333
   45 	 0.152576 	 1688.431524 	 3333.333333
   46 	 0.150227 	 1749.732339 	 3333.333333
   47 	 0.038296 	 1874.537749 	 5000.000000
   48 	 2.433682 	 2206.213438 	 5000.000000
   49 	 1666.666667 	 2630.000000 	 5000.000000
   50 	 370.370370 	 2783.703704 	 5000.000000
   51 	 0.038296 	 2990.438713 	 5000.000000
   52 	 909.090909 	 3351.515152 	 5000.000000
   53 	 2.365744 	 3325.781233 	 5000.000000
   54 	 0.151398 	 3313.722319 	 5000.000000
   55 	 0.600853 	 3550.006009 	 5000.000000
   56 	 909.090909 	 3592.424242 	 5000.000000
   57 	 0.610277 	 3766.672769 	 5000.000000
   58 	 1000.000000 	 4043.333333 	 5000.000000
   59 	 909.090909 	 4362.424242 	 5000.000000
   60 	 0.038296 	 4392.425008 	 5000.000000
   61 	 121.951220 	 4452.734664 	 5000.000000
   62 	 0.151400 	 4600.692683 	 5000.000000
   63 	 0.600889 	 4816.696339 	 5000.000000
   64 	 2.366304 	 4876.690330 	 5000.000000
   65 	 0.038147 	 4751.404894 	 5000.000000
   66 	 0.038147 	 4850.024426 	 5000.000000
   67 	 1000.000000 	 4960.000000 	 5000.000000
   68 	 0.151400 	 4903.847668 	 5000.000000
   69 	 0.038296 	 4836.758793 	 5000.000000
   70 	 0.610277 	 4875.561658 	 5000.000000
   71 	 0.151400 	 4726.788693 	 5000.000000
   72 	 0.152583 	 4901.221038 	 5000.000000
   73 	 0.151400 	 4950.001514 	 5000.000000
   74 	 1666.666667 	 4966.666667 	 5000.000000
   75 	 0.152583 	 4777.985171 	 5000.000000
   76 	 9.174312 	 4855.992126 	 5000.000000
   77 	 9.174312 	 4950.091743 	 5000.000000
   78 	 5000.000000 	 5000.000000 	 5000.000000
   79 	 0.151400 	 4871.221026 	 5000.000000
   80 	 0.151400 	 4821.565854 	 5000.000000
   81 	 0.152583 	 4920.001526 	 5000.000000
   82 	 2000.000000 	 4970.000000 	 5000.000000
   83 	 0.038147 	 4750.002278 	 5000.000000
   84 	 0.600889 	 4950.006009 	 5000.000000
   85 	 9.746589 	 4861.612617 	 5000.000000
   86 	 0.038296 	 4810.098232 	 5000.000000
   87 	 0.038147 	 4712.247061 	 5000.000000
   88 	 0.151400 	 4761.958959 	 5000.000000
   89 	 0.151400 	 4900.004227 	 5000.000000
   90 	 9.174312 	 4851.698638 	 5000.000000
   91 	 1000.000000 	 4943.333333 	 5000.000000
   92 	 0.610277 	 4860.350930 	 5000.000000
   93 	 0.151400 	 4730.419522 	 5000.000000
   94 	 0.038296 	 4625.446557 	 5000.000000
   95 	 0.038296 	 4857.692691 	 5000.000000
   96 	 34.482759 	 4905.900383 	 5000.000000
   97 	 121.951220 	 4857.994580 	 5000.000000
   98 	 0.038147 	 4900.092125 	 5000.000000
   99 	 0.151400 	 4801.614632 	 5000.000000
 