   0 	 0.016324 	 0.050239 	 0.159556
    1 	 0.017640 	 0.090540 	 1.474709
    2 	 0.017904 	 0.304604 	 1.840943
    3 	 0.030363 	 0.782392 	 3.657644
    4 	 0.047464 	 1.305499 	 4.116921
    5 	 0.043861 	 1.645722 	 4.249894
    6 	 0.744214 	 2.253977 	 4.249894
    7 	 0.109768 	 2.933223 	 13.333333
    8 	 0.136647 	 3.837045 	 15.290520
    9 	 0.041059 	 5.153087 	 15.360983
   10 	 0.041076 	 6.469341 	 15.290520
   11 	 0.021487 	 8.877572 	 33.112583
   12 	 0.155248 	 13.040373 	 33.112583
   13 	 4.249894 	 14.220864 	 33.112583
   14 	 0.040736 	 14.753013 	 33.112583
   15 	 0.039580 	 17.217295 	 33.444816
   16 	 4.657662 	 19.623528 	 33.444816
   17 	 0.581463 	 21.828876 	 34.013605
   18 	 12.165450 	 26.616899 	 34.013605
   19 	 0.038403 	 34.419889 	 714.285714
   20 	 6.600660 	 119.437355 	 909.090909
   21 	 0.040809 	 570.174173 	 909.090909
   22 	 0.038597 	 718.351028 	 909.090909
   23 	 2.359604 	 721.433032 	 909.090909
   24 	 0.149062 	 736.663590 	 909.090909
   25 	 0.038295 	 730.627772 	 909.090909
   26 	 2.361275 	 758.966031 	 909.090909
   27 	 2.361275 	 774.963936 	 909.090909
   28 	 0.600456 	 764.129433 	 909.090909
   29 	 33.444816 	 782.841415 	 909.090909
   30 	 0.150209 	 773.436598 	 909.090909
   31 	 33.444816 	 808.981065 	 909.090909
   32 	 0.151373 	 812.612587 	 909.090909
   33 	 2.359604 	 807.122542 	 3333.333333
   34 	 0.038598 	 838.347178 	 3333.333333
   35 	 384.615385 	 1065.386368 	 3333.333333
   36 	 0.038598 	 1625.400119 	 3333.333333
   37 	 2.364066 	 2457.474958 	 3333.333333
   38 	 370.370370 	 2884.223184 	 3333.333333
   39 	 0.600853 	 3232.906441 	 3333.333333
   40 	 0.600853 	 3242.476144 	 3333.333333
   41 	 0.600853 	 3159.790211 	 3333.333333
   42 	 0.068171 	 3055.434148 	 3333.333333
   43 	 9.165903 	 3275.849235 	 3333.333333
   44 	 120.481928 	 3260.295728 	 3333.333333
   45 	 0.038296 	 3220.376762 	 3333.333333
   46 	 0.038296 	 3218.525844 	 3333.333333
   47 	 909.090909 	 3251.515152 	 3333.333333
   48 	 34.364261 	 3234.881795 	 3333.333333
   49 	 0.038296 	 3170.378659 	 3333.333333
   50 	 3333.333333 	 3333.333333 	 3333.333333
   51 	 909.090909 	 3309.090909 	 3333.333333
   52 	 0.038296 	 3160.956095 	 3333.333333
   53 	 2.365744 	 3151.997768 	 3333.333333
   54 	 0.038296 	 3218.183715 	 3333.333333
   55 	 120.481928 	 3173.448600 	 3333.333333
   56 	 0.038296 	 3210.387770 	 3333.333333
   57 	 0.038296 	 3213.138638 	 3333.333333
   58 	 0.038296 	 3209.098813 	 3333.333333
   59 	 9.165903 	 3246.219605 	 3333.333333
   60 	 0.600853 	 3218.211484 	 3333.333333
   61 	 0.038296 	 3169.443988 	 3333.333333
   62 	 0.038296 	 3209.206609 	 3333.333333
   63 	 0.600853 	 3283.339342 	 3333.333333
   64 	 2.365744 	 3283.356991 	 3333.333333
   65 	 0.600853 	 3129.606262 	 3333.333333
   66 	 0.038296 	 3250.092042 	 3333.333333
   67 	 0.600853 	 3237.134705 	 3333.333333
   68 	 0.151398 	 3270.371884 	 3333.333333
   69 	 2.365744 	 3266.781983 	 3333.333333
   70 	 0.038296 	 3300.000383 	 3333.333333
   71 	 0.600853 	 3209.280236 	 3333.333333
   72 	 370.370370 	 3303.703704 	 3333.333333
   73 	 0.038296 	 3205.252549 	 3333.333333
   74 	 0.151398 	 3154.146528 	 3333.333333
   75 	 0.038296 	 3233.431384 	 3333.333333
   76 	 34.364261 	 3270.714013 	 3333.333333
   77 	 2.365744 	 3147.380080 	 3333.333333
   78 	 34.364261 	 3197.676408 	 3333.333333
   79 	 0.600853 	 3217.883503 	 3333.333333
   80 	 0.151398 	 3207.414930 	 3333.333333
   81 	 0.038296 	 3192.791925 	 3333.333333
   82 	 34.364261 	 3234.881795 	 3333.333333
   83 	 0.038296 	 3242.424625 	 3333.333333
   84 	 0.151398 	 3224.075588 	 3333.333333
   85 	 0.151398 	 3212.819784 	 3333.333333
   86 	 120.481928 	 3271.575190 	 3333.333333
   87 	 0.038296 	 3221.885905 	 3333.333333
   88 	 2.365744 	 3207.774707 	 3333.333333
   89 	 0.600853 	 3146.592914 	 3333.333333
   90 	 0.038296 	 3233.340108 	 3333.333333
   91 	 2.365744 	 3300.023657 	 3333.333333
   92 	 9.165903 	 3204.230664 	 3333.333333
   93 	 2.365744 	 3238.265514 	 3333.333333
   94 	 2.365744 	 3234.905453 	 3333.333333
   95 	 909.090909 	 3309.090909 	 3333.333333
   96 	 120.481928 	 3226.962395 	 3333.333333
   97 	 0.038296 	 3250.092042 	 3333.333333
   98 	 9.140768 	 3250.183067 	 3333.333333
   99 	 0.151398 	 3134.892346 	 3333.333333
 