   0 	 0.016960 	 0.054707 	 0.520616
    1 	 0.019097 	 0.100200 	 1.579030
    2 	 0.023522 	 0.336995 	 1.579030
    3 	 0.042407 	 0.966609 	 1.883594
    4 	 0.115019 	 1.332634 	 2.043736
    5 	 0.281555 	 1.436445 	 3.400204
    6 	 0.042425 	 1.471364 	 3.400204
    7 	 0.794660 	 1.561117 	 3.400204
    8 	 0.046315 	 1.521001 	 3.400204
    9 	 0.281555 	 1.638045 	 3.400204
   10 	 1.313543 	 1.867764 	 3.400204
   11 	 0.281555 	 1.969592 	 3.400204
   12 	 0.340402 	 2.122134 	 3.400204
   13 	 1.413827 	 2.430932 	 3.400204
   14 	 0.323530 	 2.595214 	 3.815338
   15 	 0.275596 	 2.659919 	 3.815338
   16 	 0.657851 	 2.919736 	 6.261741
   17 	 0.744214 	 3.117222 	 6.261741
   18 	 0.744214 	 3.372319 	 13.071895
   19 	 0.041424 	 4.349657 	 13.071895
   20 	 0.126216 	 6.408183 	 28.653295
   21 	 2.440810 	 9.778281 	 28.653295
   22 	 1.395673 	 17.843130 	 344.827586
   23 	 0.041479 	 80.695842 	 344.827586
   24 	 0.038143 	 283.281802 	 344.827586
   25 	 21.691974 	 336.692016 	 344.827586
   26 	 0.609273 	 326.326695 	 344.827586
   27 	 28.653295 	 341.665843 	 344.827586
   28 	 222.222222 	 343.601533 	 344.827586
   29 	 2.098636 	 335.801934 	 344.827586
   30 	 0.150175 	 334.764403 	 344.827586
   31 	 0.038143 	 334.507491 	 344.827586
   32 	 0.038443 	 341.662630 	 384.615385
   33 	 8.467401 	 350.970875 	 1666.666667
   34 	 0.038902 	 446.541537 	 2000.000000
   35 	 0.038296 	 1000.551649 	 5000.000000
   36 	 333.333333 	 1766.566460 	 5000.000000
   37 	 144.927536 	 2139.707534 	 5000.000000
   38 	 0.151394 	 2392.634619 	 5000.000000
   39 	 151.515152 	 2824.217854 	 5000.000000
   40 	 270.270270 	 3425.251722 	 5000.000000
   41 	 0.152576 	 3973.771178 	 5000.000000
   42 	 0.038296 	 4390.024429 	 5000.000000
   43 	 0.038296 	 4635.677450 	 5000.000000
   44 	 0.038296 	 4810.387980 	 5000.000000
   45 	 121.951220 	 4902.439024 	 5000.000000
   46 	 0.600889 	 4768.917829 	 5000.000000
   47 	 2.366304 	 4823.967283 	 5000.000000
   48 	 5000.000000 	 5000.000000 	 5000.000000
   49 	 0.038147 	 4933.333715 	 5000.000000
   50 	 9.174312 	 4900.189209 	 5000.000000
   51 	 5000.000000 	 5000.000000 	 5000.000000
   52 	 0.038147 	 4800.466338 	 5000.000000
   53 	 0.610277 	 4815.585321 	 5000.000000
   54 	 0.151400 	 4903.847668 	 5000.000000
   55 	 121.951220 	 4812.757974 	 5000.000000
   56 	 121.951220 	 4833.441734 	 5000.000000
   57 	 0.038296 	 4737.675489 	 5000.000000
   58 	 0.038296 	 4783.426973 	 5000.000000
   59 	 3333.333333 	 4983.333333 	 5000.000000
   60 	 0.610277 	 4800.077092 	 5000.000000
   61 	 0.038147 	 4804.197372 	 5000.000000
   62 	 0.151400 	 4860.025916 	 5000.000000
   63 	 0.151400 	 4900.025177 	 5000.000000
   64 	 0.600889 	 4900.103475 	 5000.000000
   65 	 0.600889 	 4853.436808 	 5000.000000
   66 	 9.746589 	 4868.279284 	 5000.000000
   67 	 2.366304 	 4763.146303 	 5000.000000
   68 	 0.151400 	 4737.641235 	 5000.000000
   69 	 0.151400 	 4810.123382 	 5000.000000
   70 	 0.610277 	 4905.561658 	 5000.000000
   71 	 34.482759 	 4905.900383 	 5000.000000
   72 	 0.038296 	 4753.967952 	 5000.000000
   73 	 9.174312 	 4857.784051 	 5000.000000
   74 	 0.038296 	 4752.760236 	 5000.000000
   75 	 0.600889 	 4861.521160 	 5000.000000
   76 	 5000.000000 	 5000.000000 	 5000.000000
   77 	 555.555556 	 4911.111111 	 5000.000000
   78 	 34.482759 	 4719.939884 	 5000.000000
   79 	 0.151400 	 4901.221026 	 5000.000000
   80 	 34.482759 	 4854.578578 	 5000.000000
   81 	 0.151400 	 4814.235265 	 5000.000000
   82 	 0.038147 	 4820.103856 	 5000.000000
   83 	 1000.000000 	 4900.000000 	 5000.000000
   84 	 0.038296 	 4785.561579 	 5000.000000
   85 	 0.038147 	 4910.000381 	 5000.000000
   86 	 0.600889 	 4830.012018 	 5000.000000
   87 	 2.366304 	 4788.229883 	 5000.000000
   88 	 2000.000000 	 4970.000000 	 5000.000000
   89 	 0.151400 	 4836.669707 	 5000.000000
   90 	 9.746589 	 4950.097466 	 5000.000000
   91 	 0.038147 	 4816.764897 	 5000.000000
   92 	 0.152583 	 4916.668192 	 5000.000000
   93 	 5000.000000 	 5000.000000 	 5000.000000
   94 	 0.038296 	 4753.882312 	 5000.000000
   95 	 0.151400 	 4900.007617 	 5000.000000
   96 	 0.038147 	 4950.000381 	 5000.000000
   97 	 0.600889 	 4916.672676 	 5000.000000
   98 	 0.600889 	 4787.622067 	 5000.000000
   99 	 0.038296 	 4640.727795 	 5000.000000
 