   0 	 0.013343 	 0.061590 	 0.675311
    1 	 0.016148 	 0.142280 	 1.222942
    2 	 0.034291 	 0.292523 	 1.236400
    3 	 0.042210 	 0.519823 	 1.464558
    4 	 0.039511 	 0.751391 	 1.526252
    5 	 0.039451 	 0.940127 	 1.526252
    6 	 0.040287 	 1.094338 	 1.547509
    7 	 0.052592 	 1.146317 	 1.547509
    8 	 0.103356 	 1.178081 	 1.547509
    9 	 0.040152 	 1.171795 	 1.580028
   10 	 0.039954 	 1.180427 	 1.556420
   11 	 0.040128 	 1.167460 	 1.573069
   12 	 0.044615 	 1.206144 	 1.575299
   13 	 0.051364 	 1.174606 	 1.575299
   14 	 0.071361 	 1.215189 	 1.575299
   15 	 0.044624 	 1.219859 	 1.588058
   16 	 0.151439 	 1.234815 	 1.684352
   17 	 0.320338 	 1.266949 	 1.694915
   18 	 0.039821 	 1.232267 	 1.694915
   19 	 0.039821 	 1.230839 	 1.694915
   20 	 0.043871 	 1.187177 	 1.694915
   21 	 0.040120 	 1.175084 	 1.633186
   22 	 0.040128 	 1.258733 	 1.694628
   23 	 0.040287 	 1.219501 	 1.751620
   24 	 0.127367 	 1.240225 	 1.751620
   25 	 0.040287 	 1.248241 	 1.751620
   26 	 0.091163 	 1.282791 	 1.683502
   27 	 0.051831 	 1.310333 	 1.751620
   28 	 0.091203 	 1.288419 	 1.759324
   29 	 0.039361 	 1.302899 	 1.759324
   30 	 0.159246 	 1.356181 	 1.759324
   31 	 0.039192 	 1.333746 	 1.759324
   32 	 0.039200 	 1.461902 	 1.759324
   33 	 1.122334 	 1.504374 	 1.759324
   34 	 0.516076 	 1.474233 	 1.759324
   35 	 0.240674 	 1.472948 	 1.968117
   36 	 0.153607 	 1.512657 	 1.751620
   37 	 0.039215 	 1.521775 	 1.960400
   38 	 0.041179 	 1.557101 	 1.960400
   39 	 0.243037 	 1.583595 	 2.079867
   40 	 1.241619 	 1.589628 	 2.204100
   41 	 1.120951 	 1.589694 	 2.204100
   42 	 0.242548 	 1.596827 	 2.204100
   43 	 0.038955 	 1.691637 	 11.834320
   44 	 0.051209 	 2.106479 	 13.210040
   45 	 0.846310 	 4.803676 	 27.777778
   46 	 0.039546 	 10.745029 	 40.816327
   47 	 1.243781 	 16.785541 	 40.816327
   48 	 0.139858 	 19.818048 	 40.816327
   49 	 0.141042 	 27.516820 	 60.606061
   50 	 0.041956 	 32.810012 	 60.606061
   51 	 11.834320 	 36.305679 	 60.606061
   52 	 11.001100 	 37.225303 	 60.606061
   53 	 1.641228 	 37.146754 	 60.606061
   54 	 0.039499 	 38.520303 	 99.009901
   55 	 12.180268 	 40.667718 	 99.009901
   56 	 0.535418 	 40.040759 	 99.009901
   57 	 0.039659 	 43.348176 	 99.009901
   58 	 0.142068 	 46.299769 	 99.009901
   59 	 12.180268 	 52.505974 	 144.927536
   60 	 0.143273 	 60.505652 	 144.927536
   61 	 0.528178 	 92.048434 	 2000.000000
   62 	 0.152576 	 572.220641 	 2000.000000
   63 	 0.143470 	 1704.578609 	 2000.000000
   64 	 0.610165 	 1949.920632 	 2000.000000
   65 	 9.718173 	 2004.535557 	 5000.000000
   66 	 0.038447 	 2028.876582 	 5000.000000
   67 	 0.038146 	 2160.539994 	 5000.000000
   68 	 0.038146 	 2323.946959 	 5000.000000
   69 	 8.643042 	 2760.086430 	 5000.000000
   70 	 0.038147 	 3337.820999 	 5000.000000
   71 	 0.600889 	 3955.112741 	 5000.000000
   72 	 0.038296 	 4300.383525 	 5000.000000
   73 	 9.174312 	 4593.937897 	 5000.000000
   74 	 0.152583 	 4730.013637 	 5000.000000
   75 	 0.038296 	 4860.000766 	 5000.000000
   76 	 0.610277 	 4804.263517 	 5000.000000
   77 	 0.038296 	 4950.000383 	 5000.000000
   78 	 0.038296 	 4920.000383 	 5000.000000
   79 	 2000.000000 	 4970.000000 	 5000.000000
   80 	 9.174312 	 4916.758410 	 5000.000000
   81 	 151.515152 	 4918.181818 	 5000.000000
   82 	 0.610277 	 4950.006103 	 5000.000000
   83 	 0.151400 	 4886.668181 	 5000.000000
   84 	 0.151254 	 4851.312768 	 5000.000000
   85 	 0.038296 	 4916.667050 	 5000.000000
   86 	 0.038296 	 4933.333716 	 5000.000000
   87 	 0.038296 	 4851.564723 	 5000.000000
   88 	 0.038147 	 4880.000381 	 5000.000000
   89 	 0.038147 	 4855.562040 	 5000.000000
   90 	 121.951220 	 4951.219512 	 5000.000000
   91 	 0.038296 	 4816.692966 	 5000.000000
   92 	 2.366304 	 4827.035157 	 5000.000000
   93 	 34.482759 	 4861.564340 	 5000.000000
   94 	 0.038296 	 4667.899840 	 5000.000000
   95 	 34.482759 	 4903.678161 	 5000.000000
   96 	 9.174312 	 4765.864101 	 5000.000000
   97 	 0.038296 	 4900.345211 	 5000.000000
   98 	 0.599736 	 4901.521149 	 5000.000000
   99 	 384.615385 	 4953.846154 	 5000.000000
 