   0 	 123.700757 	 262.027144 	 442.103688
    1 	 123.700757 	 273.815196 	 449.214476
    2 	 135.324145 	 287.071904 	 442.453637
    3 	 119.860271 	 300.539517 	 423.545167
    4 	 171.791278 	 312.491710 	 469.678917
    5 	 166.978558 	 317.612812 	 462.379218
    6 	 196.645758 	 328.900909 	 484.563949
    7 	 202.647163 	 342.254942 	 462.379218
    8 	 196.225689 	 349.230928 	 491.673019
    9 	 237.841648 	 362.656619 	 491.748968
   10 	 246.469655 	 369.500857 	 520.255247
   11 	 273.160812 	 375.039227 	 519.049047
   12 	 222.802417 	 374.885245 	 519.049047
   13 	 222.802417 	 373.475129 	 519.049047
   14 	 195.201482 	 374.745195 	 524.829124
   15 	 195.201482 	 377.546678 	 474.325984
   16 	 227.985812 	 391.059275 	 502.024429
   17 	 250.219240 	 395.473407 	 577.475829
   18 	 250.828407 	 408.657802 	 577.475829
   19 	 268.906680 	 424.975402 	 577.475829
   20 	 311.789711 	 438.093982 	 584.644276
   21 	 301.624567 	 438.002197 	 584.644276
   22 	 286.539439 	 450.971813 	 607.078635
   23 	 283.449087 	 463.712449 	 677.983241
   24 	 278.105144 	 474.303866 	 594.391294
   25 	 246.512358 	 482.896543 	 625.009764
   26 	 232.644396 	 487.685344 	 601.944924
   27 	 349.932857 	 489.120569 	 620.506463
   28 	 333.635155 	 492.308450 	 627.111882
   29 	 276.578317 	 496.129273 	 668.365497
   30 	 281.419878 	 501.625429 	 647.953809
   31 	 265.566204 	 500.249044 	 653.068341
   32 	 383.371926 	 505.213560 	 657.246850
   33 	 343.312738 	 501.324786 	 680.702386
   34 	 320.467567 	 507.668805 	 680.702386
   35 	 349.782443 	 523.086890 	 680.772192
   36 	 329.624931 	 531.857206 	 676.174596
   37 	 398.304903 	 537.750583 	 674.217798
   38 	 402.414985 	 536.675216 	 655.926097
   39 	 429.440885 	 544.826126 	 670.425050
   40 	 408.951943 	 552.221191 	 668.460759
   41 	 425.763871 	 547.573153 	 662.798374
   42 	 396.652753 	 556.359367 	 678.219764
   43 	 387.780531 	 553.717032 	 684.234276
   44 	 392.201944 	 557.991567 	 691.205370
   45 	 410.776906 	 566.404344 	 713.518957
   46 	 371.249408 	 566.449595 	 789.691257
   47 	 394.753266 	 572.656574 	 694.056868
   48 	 394.753266 	 569.365915 	 735.515038
   49 	 427.268536 	 572.402122 	 783.462751
   50 	 433.199777 	 570.372809 	 741.066348
   51 	 404.984652 	 563.485207 	 826.601934
   52 	 450.267926 	 569.292717 	 705.168261
   53 	 388.207116 	 569.932900 	 725.742632
   54 	 419.699304 	 565.127828 	 694.686754
   55 	 420.242343 	 563.602492 	 694.686754
   56 	 354.467343 	 556.731188 	 706.746526
   57 	 350.638133 	 553.954040 	 700.120876
   58 	 399.025953 	 564.209734 	 749.560774
   59 	 399.025953 	 579.125748 	 749.560774
   60 	 351.008901 	 592.355254 	 756.213743
   61 	 383.388803 	 591.980944 	 756.213743
   62 	 430.421494 	 596.380529 	 756.213743
   63 	 401.502476 	 595.450504 	 770.444396
   64 	 437.221330 	 600.081364 	 770.969858
   65 	 392.383375 	 608.807147 	 786.562886
   66 	 395.205292 	 615.795966 	 747.356099
   67 	 384.515242 	 627.995966 	 792.161501
   68 	 384.515242 	 627.522153 	 768.063939
   69 	 485.385256 	 639.908680 	 802.589119
   70 	 491.977067 	 663.955368 	 796.987456
   71 	 468.896307 	 659.891385 	 810.243718
   72 	 466.162483 	 668.109937 	 791.552870
   73 	 493.976090 	 689.343921 	 825.843337
   74 	 529.773330 	 711.192470 	 871.106737
   75 	 498.841898 	 714.974118 	 853.845897
   76 	 502.737272 	 710.215745 	 843.240435
   77 	 537.357016 	 717.211627 	 885.316578
   78 	 557.119025 	 717.391251 	 895.148057
   79 	 564.622242 	 732.161927 	 895.148057
   80 	 596.729954 	 743.172277 	 895.148057
   81 	 628.029044 	 746.588086 	 889.378561
   82 	 593.618042 	 743.815684 	 884.343281
   83 	 558.426545 	 756.858871 	 885.687560
   84 	 621.295144 	 758.309436 	 884.343281
   85 	 596.874615 	 765.077430 	 899.916730
   86 	 593.179722 	 765.995088 	 906.661810
   87 	 570.898895 	 771.266989 	 915.796776
   88 	 612.982310 	 775.541353 	 918.724702
   89 	 640.859077 	 774.254069 	 924.368446
   90 	 639.489036 	 778.415687 	 895.762373
   91 	 659.712476 	 782.601307 	 889.450013
   92 	 659.712476 	 779.125202 	 886.777807
   93 	 652.132004 	 777.826044 	 891.376110
   94 	 625.822370 	 774.402244 	 931.880118
   95 	 625.822370 	 769.918738 	 900.758578
   96 	 621.909053 	 766.791862 	 900.758578
   97 	 626.508265 	 776.549686 	 882.158850
   98 	 626.168392 	 777.300508 	 882.158850
   99 	 628.612842 	 776.503205 	 865.035748
 