   0 	 125.766415 	 261.741147 	 403.554164
    1 	 133.992000 	 274.200013 	 523.636628
    2 	 138.758239 	 284.079539 	 432.371283
    3 	 136.187600 	 292.830747 	 478.632115
    4 	 186.785145 	 318.808096 	 461.989273
    5 	 141.598419 	 324.828680 	 480.347511
    6 	 197.991567 	 345.059964 	 481.946590
    7 	 202.393093 	 355.145600 	 510.091850
    8 	 222.164201 	 361.969291 	 510.193938
    9 	 199.809622 	 367.017675 	 516.085829
   10 	 216.223834 	 379.993318 	 509.258764
   11 	 204.601628 	 398.221552 	 585.239002
   12 	 232.307876 	 407.461321 	 585.239002
   13 	 260.055632 	 417.970179 	 585.239002
   14 	 273.270693 	 427.539765 	 578.432893
   15 	 273.270693 	 443.136721 	 634.360959
   16 	 273.270693 	 459.058895 	 593.086610
   17 	 279.193744 	 474.999014 	 662.550928
   18 	 279.193744 	 476.813642 	 683.919343
   19 	 309.614950 	 491.654985 	 656.834463
   20 	 303.759885 	 513.679721 	 659.465449
   21 	 298.113165 	 527.142256 	 726.861327
   22 	 248.341069 	 520.465703 	 726.861327
   23 	 328.493426 	 525.399587 	 719.996372
   24 	 364.113758 	 530.636603 	 709.746265
   25 	 319.133621 	 532.668582 	 684.163768
   26 	 378.903386 	 537.736898 	 685.120521
   27 	 335.070691 	 539.436362 	 724.042663
   28 	 357.115731 	 540.269936 	 710.661091
   29 	 297.241796 	 554.732020 	 710.661091
   30 	 390.621256 	 564.142362 	 710.661091
   31 	 406.946431 	 582.573207 	 712.820120
   32 	 406.946431 	 581.370252 	 716.907830
   33 	 463.627394 	 576.214327 	 705.787547
   34 	 454.142484 	 589.302567 	 710.143456
   35 	 455.778701 	 591.586575 	 710.143456
   36 	 430.962334 	 589.540909 	 698.675381
   37 	 426.455425 	 601.911028 	 749.190893
   38 	 442.001637 	 606.584207 	 755.036886
   39 	 414.396114 	 611.418550 	 767.619187
   40 	 414.396114 	 612.603600 	 762.585378
   41 	 371.138255 	 614.772603 	 778.923884
   42 	 475.922433 	 632.612216 	 761.538571
   43 	 475.922433 	 643.620953 	 813.287609
   44 	 482.803355 	 650.483543 	 819.916520
   45 	 482.803355 	 652.681630 	 813.915195
   46 	 491.764429 	 652.177919 	 819.294152
   47 	 500.694331 	 657.391629 	 814.478115
   48 	 518.873343 	 664.569919 	 812.917527
   49 	 541.039691 	 676.097084 	 795.580062
   50 	 560.091907 	 683.025937 	 819.749774
   51 	 540.674961 	 690.747948 	 794.338714
   52 	 519.114873 	 688.972752 	 802.750794
   53 	 534.175431 	 689.761389 	 782.348597
   54 	 504.869280 	 690.232308 	 808.465353
   55 	 532.511075 	 693.463121 	 808.465353
   56 	 545.117998 	 690.085194 	 798.437342
   57 	 549.342205 	 690.405940 	 802.328546
   58 	 549.342205 	 685.129264 	 805.150908
   59 	 530.804675 	 687.823363 	 800.451476
   60 	 539.917279 	 683.711702 	 800.451476
   61 	 547.190757 	 684.366882 	 800.451476
   62 	 553.895191 	 684.977173 	 797.899732
   63 	 553.895191 	 680.962077 	 816.366467
   64 	 551.244978 	 679.057816 	 816.366467
   65 	 571.070807 	 684.400023 	 806.220186
   66 	 554.577668 	 684.368614 	 798.178045
   67 	 560.995936 	 686.970643 	 820.222275
   68 	 548.675278 	 688.605196 	 819.622401
   69 	 547.469059 	 684.376827 	 758.367425
   70 	 554.418824 	 692.098530 	 764.489878
   71 	 531.962916 	 689.325240 	 797.810648
   72 	 515.769610 	 691.694868 	 779.540757
   73 	 515.769610 	 690.051132 	 781.770649
   74 	 480.274927 	 686.923591 	 782.290740
   75 	 486.696762 	 686.933081 	 772.392342
   76 	 476.925762 	 688.575312 	 772.049250
   77 	 511.911224 	 696.084832 	 792.195381
   78 	 463.592864 	 693.107995 	 771.464899
   79 	 463.592864 	 693.747929 	 788.301320
   80 	 435.045063 	 696.744828 	 791.304789
   81 	 567.267775 	 707.769552 	 793.705304
   82 	 567.164456 	 707.216738 	 833.562007
   83 	 571.054010 	 705.571874 	 835.451986
   84 	 566.088752 	 705.077588 	 823.238322
   85 	 613.834764 	 714.980932 	 823.238322
   86 	 581.402327 	 711.141395 	 826.290662
   87 	 598.026200 	 710.335100 	 826.290662
   88 	 598.026200 	 715.429530 	 822.483307
   89 	 579.445567 	 707.889537 	 818.727404
   90 	 579.445567 	 718.136385 	 818.727404
   91 	 580.726760 	 719.756774 	 828.426186
   92 	 588.969245 	 725.985241 	 828.426186
   93 	 573.499198 	 723.284277 	 816.577349
   94 	 588.969245 	 734.296427 	 838.983206
   95 	 588.969245 	 731.874089 	 846.820251
   96 	 582.882784 	 740.024912 	 832.800731
   97 	 596.175409 	 743.422595 	 855.400676
   98 	 596.175409 	 743.677348 	 817.842849
   99 	 596.175409 	 748.550239 	 815.947602
 