   0 	 116.666559 	 255.035249 	 447.378831
    1 	 142.955130 	 274.451620 	 431.203407
    2 	 110.933359 	 283.315550 	 442.196136
    3 	 152.720611 	 314.474626 	 442.196136
    4 	 201.221840 	 333.805887 	 500.382810
    5 	 158.232177 	 344.369819 	 552.856809
    6 	 159.254212 	 343.895646 	 519.861554
    7 	 167.671668 	 347.868943 	 527.471836
    8 	 191.019487 	 361.830968 	 519.861554
    9 	 198.750464 	 377.996867 	 534.935076
   10 	 198.750464 	 385.792984 	 569.083357
   11 	 232.508646 	 385.440772 	 569.083357
   12 	 218.987220 	 397.351522 	 559.600609
   13 	 218.987220 	 407.778898 	 552.949139
   14 	 266.561653 	 422.772650 	 552.949139
   15 	 266.561653 	 420.055448 	 552.949139
   16 	 258.654319 	 417.759997 	 579.415986
   17 	 277.232071 	 430.011270 	 568.022988
   18 	 287.624480 	 439.207669 	 607.824280
   19 	 283.836790 	 443.347562 	 539.532122
   20 	 316.355865 	 449.655676 	 559.800535
   21 	 336.334728 	 454.300294 	 584.170563
   22 	 336.334728 	 459.323776 	 600.460061
   23 	 322.386770 	 464.550351 	 613.332501
   24 	 322.386770 	 468.897191 	 613.917762
   25 	 323.386297 	 468.153221 	 598.195687
   26 	 323.386297 	 480.452989 	 672.530059
   27 	 323.368709 	 484.633551 	 694.878755
   28 	 349.106142 	 501.954181 	 694.878755
   29 	 364.579235 	 503.559086 	 619.705998
   30 	 388.638694 	 506.682155 	 619.705998
   31 	 387.740957 	 513.847257 	 618.217061
   32 	 390.013508 	 519.961130 	 617.531111
   33 	 390.013508 	 518.007599 	 652.805215
   34 	 427.023867 	 522.816546 	 630.292008
   35 	 407.769099 	 519.924679 	 631.510687
   36 	 395.751900 	 511.385130 	 623.299555
   37 	 419.721960 	 510.357664 	 620.306886
   38 	 353.335521 	 509.995192 	 620.306886
   39 	 408.065685 	 516.496115 	 613.651398
   40 	 401.094793 	 514.185617 	 643.333472
   41 	 417.679460 	 521.463093 	 643.333472
   42 	 417.679460 	 532.956165 	 650.579660
   43 	 405.631842 	 541.197098 	 646.942826
   44 	 424.309582 	 541.296044 	 656.138824
   45 	 428.030374 	 544.535540 	 671.289447
   46 	 439.454543 	 544.957752 	 659.226096
   47 	 442.213506 	 541.432250 	 660.432439
   48 	 433.801424 	 546.892947 	 663.840777
   49 	 402.419163 	 546.768201 	 663.840777
   50 	 444.411455 	 549.308176 	 678.809449
   51 	 425.827595 	 558.036564 	 686.711282
   52 	 420.798917 	 551.490829 	 698.269733
   53 	 416.922483 	 560.295457 	 743.901068
   54 	 394.184680 	 565.093296 	 701.769277
   55 	 407.172354 	 573.541316 	 722.842896
   56 	 419.685170 	 585.239610 	 757.471628
   57 	 417.243965 	 590.573117 	 757.471628
   58 	 481.185015 	 601.177387 	 752.750166
   59 	 459.696815 	 607.003253 	 738.766513
   60 	 459.696815 	 612.573098 	 797.518335
   61 	 501.303705 	 617.887556 	 797.518335
   62 	 470.465378 	 622.388701 	 803.685139
   63 	 441.332545 	 625.953196 	 810.676750
   64 	 440.425952 	 621.682713 	 820.754288
   65 	 448.972141 	 628.474372 	 822.999442
   66 	 435.872069 	 632.347150 	 822.999442
   67 	 406.526595 	 646.959366 	 822.999442
   68 	 466.583027 	 641.252506 	 833.256186
   69 	 482.891455 	 657.880130 	 832.478783
   70 	 557.092144 	 672.225024 	 832.478783
   71 	 513.001627 	 669.189018 	 832.478783
   72 	 509.565922 	 667.684320 	 832.478783
   73 	 508.329390 	 685.488342 	 844.003274
   74 	 506.334889 	 691.214997 	 831.699093
   75 	 506.334889 	 704.902649 	 850.903725
   76 	 509.107565 	 699.130153 	 850.903725
   77 	 549.290512 	 698.834194 	 856.835902
   78 	 502.447759 	 691.631084 	 826.130066
   79 	 534.529237 	 700.863035 	 861.599137
   80 	 529.913722 	 710.888310 	 832.259605
   81 	 529.913722 	 709.794211 	 816.097824
   82 	 549.290512 	 718.775077 	 827.621841
   83 	 571.286637 	 721.280504 	 839.495246
   84 	 586.523655 	 720.335511 	 837.665243
   85 	 549.972226 	 717.818498 	 824.497679
   86 	 556.797153 	 723.238455 	 812.069292
   87 	 556.797153 	 725.369498 	 841.089590
   88 	 537.053385 	 720.501388 	 825.775193
   89 	 581.245210 	 724.877675 	 844.123812
   90 	 578.251238 	 722.825559 	 844.123812
   91 	 603.038672 	 726.828725 	 836.811828
   92 	 535.726373 	 730.067907 	 836.811828
   93 	 535.726373 	 733.883607 	 851.363762
   94 	 639.451908 	 743.328394 	 816.724837
   95 	 629.492010 	 744.863940 	 827.593369
   96 	 633.411228 	 740.746060 	 827.593369
   97 	 642.818172 	 746.620381 	 826.403180
   98 	 636.853162 	 739.969312 	 820.664883
   99 	 591.675849 	 746.490331 	 834.032257
 