   0 	 122.454935 	 259.721376 	 450.581316
    1 	 131.348590 	 279.722738 	 442.358251
    2 	 149.609415 	 292.056523 	 506.916994
    3 	 123.686610 	 309.206478 	 507.226769
    4 	 172.124927 	 329.283117 	 507.226769
    5 	 179.456530 	 343.796172 	 590.135070
    6 	 174.220410 	 357.609610 	 628.594441
    7 	 178.464058 	 379.391432 	 581.585727
    8 	 183.646109 	 396.855648 	 602.775533
    9 	 153.327423 	 417.903556 	 635.732130
   10 	 183.194745 	 414.846663 	 519.188090
   11 	 293.168161 	 429.509978 	 544.482394
   12 	 256.718682 	 423.332941 	 576.889436
   13 	 229.817837 	 430.990812 	 604.522577
   14 	 282.816239 	 433.085549 	 585.745719
   15 	 248.472981 	 441.994709 	 609.231622
   16 	 307.583205 	 452.255572 	 603.820821
   17 	 315.387313 	 460.330975 	 592.844015
   18 	 330.188441 	 463.218854 	 592.844015
   19 	 271.236928 	 457.256594 	 624.007659
   20 	 274.576282 	 473.073222 	 624.007659
   21 	 272.904805 	 481.838559 	 615.878161
   22 	 272.904805 	 475.560407 	 593.494708
   23 	 324.611513 	 487.349367 	 610.111656
   24 	 340.533445 	 490.991430 	 599.642156
   25 	 340.533445 	 496.132648 	 629.549858
   26 	 381.366460 	 500.757744 	 616.415858
   27 	 345.310998 	 507.606865 	 609.046959
   28 	 379.710564 	 518.492991 	 639.065901
   29 	 375.438715 	 532.712264 	 673.439826
   30 	 376.937986 	 533.909040 	 673.439826
   31 	 379.749234 	 546.641033 	 716.244848
   32 	 387.651880 	 544.831762 	 692.793201
   33 	 406.343588 	 556.174346 	 692.793201
   34 	 410.101878 	 569.355594 	 692.793201
   35 	 411.386506 	 565.487900 	 688.880429
   36 	 346.493831 	 567.725670 	 686.546613
   37 	 402.050878 	 558.739778 	 689.443475
   38 	 431.864563 	 566.253348 	 735.648515
   39 	 415.042696 	 572.095997 	 728.309326
   40 	 415.042696 	 577.197713 	 749.945723
   41 	 466.233464 	 576.980811 	 749.945723
   42 	 481.651807 	 593.150363 	 768.377240
   43 	 450.301349 	 589.685037 	 776.160389
   44 	 435.025447 	 602.585010 	 793.173244
   45 	 458.150381 	 608.964091 	 757.725728
   46 	 453.637089 	 610.991784 	 769.156859
   47 	 445.322433 	 622.620476 	 769.156859
   48 	 457.511858 	 618.162953 	 764.047678
   49 	 488.648934 	 615.694768 	 732.450008
   50 	 459.860465 	 616.284458 	 732.538381
   51 	 435.365539 	 620.110513 	 738.643867
   52 	 438.146499 	 617.031055 	 747.599466
   53 	 405.769275 	 618.813632 	 786.466306
   54 	 480.506972 	 628.076096 	 786.466306
   55 	 479.040029 	 631.612867 	 766.574176
   56 	 473.332894 	 637.509163 	 762.136177
   57 	 507.370698 	 652.416421 	 790.574554
   58 	 492.407756 	 655.331679 	 772.623573
   59 	 527.557603 	 659.340808 	 757.269929
   60 	 511.225864 	 657.908484 	 820.024430
   61 	 524.879583 	 666.925665 	 820.024430
   62 	 536.122102 	 663.622282 	 820.024430
   63 	 536.122102 	 661.565522 	 783.218979
   64 	 536.122102 	 674.643090 	 831.728297
   65 	 471.143225 	 677.127757 	 840.057018
   66 	 466.214385 	 685.127645 	 840.586117
   67 	 534.910462 	 698.171255 	 833.780884
   68 	 530.025414 	 696.755742 	 833.780884
   69 	 547.509754 	 697.138375 	 833.780884
   70 	 599.790707 	 706.948164 	 830.870439
   71 	 517.138373 	 715.643391 	 868.843317
   72 	 527.025589 	 722.304422 	 873.940089
   73 	 591.891233 	 727.001506 	 878.575165
   74 	 594.732668 	 730.878509 	 860.865662
   75 	 609.652861 	 740.118599 	 865.428983
   76 	 606.873191 	 739.283919 	 848.062854
   77 	 609.652861 	 747.434253 	 855.980475
   78 	 612.081611 	 751.231904 	 886.303857
   79 	 611.908707 	 750.388239 	 877.619871
   80 	 609.043482 	 748.363126 	 877.619871
   81 	 549.154883 	 743.707207 	 877.619871
   82 	 568.752341 	 749.518928 	 906.100507
   83 	 562.998897 	 756.374904 	 906.100507
   84 	 568.752341 	 762.169650 	 914.613622
   85 	 620.522208 	 780.022763 	 890.092602
   86 	 620.522208 	 772.163313 	 903.138318
   87 	 589.238034 	 767.263649 	 903.138318
   88 	 628.914653 	 773.889930 	 903.138318
   89 	 612.531046 	 773.368952 	 937.235824
   90 	 612.531046 	 773.788884 	 931.154540
   91 	 603.000761 	 786.029768 	 914.987689
   92 	 603.000761 	 785.730558 	 900.924140
   93 	 553.340360 	 788.928311 	 909.601842
   94 	 548.363956 	 785.451949 	 909.601842
   95 	 630.507626 	 789.635979 	 928.916995
   96 	 669.506313 	 801.883629 	 912.929991
   97 	 689.602690 	 802.934452 	 915.285799
   98 	 678.477416 	 805.472699 	 915.285799
   99 	 628.790216 	 803.250033 	 929.139425
 