   0 	 115.637736 	 250.111064 	 461.742422
    1 	 87.509182 	 273.837896 	 448.900028
    2 	 109.068248 	 288.043119 	 426.015455
    3 	 150.591190 	 303.998657 	 445.843789
    4 	 175.612118 	 322.638854 	 474.818020
    5 	 162.866445 	 330.904643 	 474.312592
    6 	 192.721627 	 342.179974 	 517.230109
    7 	 213.113528 	 357.486403 	 494.945176
    8 	 221.365546 	 375.860034 	 505.606956
    9 	 230.007059 	 377.179950 	 531.710881
   10 	 238.130419 	 389.121542 	 554.987372
   11 	 285.383079 	 407.970808 	 578.852776
   12 	 237.424833 	 414.303368 	 537.559059
   13 	 237.424833 	 424.210759 	 557.949334
   14 	 295.070375 	 434.159891 	 557.949334
   15 	 296.617155 	 440.806513 	 630.424438
   16 	 272.148865 	 447.645139 	 630.424438
   17 	 268.965841 	 464.177273 	 603.447434
   18 	 315.096857 	 466.417012 	 617.654247
   19 	 347.401528 	 473.549742 	 614.906895
   20 	 354.838092 	 472.966200 	 607.407688
   21 	 304.815029 	 473.160375 	 644.270460
   22 	 353.532723 	 485.411407 	 643.715288
   23 	 344.743024 	 499.102330 	 649.592028
   24 	 301.745683 	 505.190708 	 649.592028
   25 	 323.012582 	 507.923400 	 654.272759
   26 	 360.114913 	 509.584592 	 633.659621
   27 	 360.261129 	 523.488321 	 656.829691
   28 	 360.261129 	 530.140556 	 656.829691
   29 	 308.659557 	 536.577601 	 666.765648
   30 	 367.115414 	 548.928815 	 665.227160
   31 	 414.542615 	 556.596489 	 676.133942
   32 	 414.542615 	 554.761262 	 675.263077
   33 	 414.542615 	 557.583154 	 647.814611
   34 	 411.368776 	 570.960991 	 667.347573
   35 	 404.615767 	 567.336901 	 673.276703
   36 	 404.615767 	 565.020137 	 697.968214
   37 	 404.862575 	 576.568967 	 699.790965
   38 	 442.921865 	 577.518153 	 712.361328
   39 	 442.921865 	 576.128742 	 712.662645
   40 	 452.155114 	 582.980380 	 712.361328
   41 	 405.023462 	 581.489949 	 716.531248
   42 	 454.581418 	 586.972383 	 714.918581
   43 	 442.606762 	 596.693040 	 738.448364
   44 	 442.606762 	 613.614024 	 745.615391
   45 	 445.954014 	 605.857348 	 755.152405
   46 	 445.458302 	 620.527253 	 755.152405
   47 	 436.164552 	 616.741363 	 755.152405
   48 	 490.955025 	 631.286975 	 743.268685
   49 	 499.305645 	 636.643358 	 777.714778
   50 	 487.760135 	 630.488776 	 718.480618
   51 	 496.229184 	 636.309036 	 729.609249
   52 	 474.926047 	 632.593620 	 719.464727
   53 	 482.923831 	 636.567309 	 788.967131
   54 	 482.923831 	 640.373781 	 727.010014
   55 	 471.366889 	 644.887165 	 734.623093
   56 	 460.114826 	 639.162361 	 758.169268
   57 	 465.561227 	 644.761933 	 762.467977
   58 	 467.234912 	 638.962395 	 783.828301
   59 	 467.205669 	 623.379480 	 776.736486
   60 	 410.858534 	 619.421680 	 776.736486
   61 	 482.710787 	 624.851291 	 776.840165
   62 	 471.506431 	 618.522638 	 776.431513
   63 	 478.564658 	 614.711947 	 760.155080
   64 	 477.331293 	 621.046921 	 772.213400
   65 	 477.331293 	 619.466313 	 770.999921
   66 	 492.142550 	 643.219507 	 789.216601
   67 	 525.096528 	 648.390551 	 789.216601
   68 	 504.895283 	 650.690460 	 792.852124
   69 	 510.867149 	 654.111970 	 766.393663
   70 	 533.359843 	 649.732435 	 767.231936
   71 	 533.196702 	 650.034213 	 767.231936
   72 	 481.867453 	 660.920738 	 760.322932
   73 	 506.627575 	 655.900153 	 766.744874
   74 	 529.185263 	 651.224298 	 778.536625
   75 	 560.238593 	 650.965693 	 760.980216
   76 	 506.003257 	 644.569517 	 768.863568
   77 	 535.506613 	 636.544392 	 743.153224
   78 	 537.192400 	 635.112352 	 735.459971
   79 	 544.089596 	 643.438097 	 735.033952
   80 	 521.714372 	 650.043143 	 776.278648
   81 	 480.873720 	 655.022650 	 776.278648
   82 	 475.849213 	 650.907769 	 738.070879
   83 	 475.849213 	 645.101421 	 745.464980
   84 	 563.320492 	 649.541717 	 747.303610
   85 	 549.235585 	 648.905884 	 756.541734
   86 	 531.288544 	 650.708548 	 757.768140
   87 	 429.618663 	 656.670921 	 777.182816
   88 	 474.480410 	 654.991333 	 777.182816
   89 	 528.785719 	 660.682253 	 777.182816
   90 	 440.085531 	 667.859978 	 791.579751
   91 	 480.114834 	 662.822210 	 765.912535
   92 	 480.114834 	 669.464330 	 768.012652
   93 	 500.094600 	 674.370380 	 780.725124
   94 	 495.421154 	 667.713398 	 777.043240
   95 	 524.063252 	 668.746087 	 808.043359
   96 	 514.809201 	 675.882831 	 808.043359
   97 	 524.063252 	 675.328892 	 755.786246
   98 	 509.322680 	 671.598138 	 772.531828
   99 	 512.385127 	 667.921195 	 815.453172
 