   0 	 17.243243 	 29.177683 	 42.804395
    1 	 17.279848 	 30.826596 	 45.094599
    2 	 14.626631 	 31.515094 	 45.094599
    3 	 20.807758 	 33.466557 	 47.553803
    4 	 22.871560 	 34.143263 	 44.695482
    5 	 24.774922 	 34.154211 	 45.388989
    6 	 25.293393 	 35.547625 	 47.874333
    7 	 24.255041 	 36.473903 	 47.602713
    8 	 25.372608 	 36.735817 	 47.602713
    9 	 25.372608 	 37.371184 	 47.602713
   10 	 26.651077 	 37.920330 	 50.877307
   11 	 27.463923 	 38.743393 	 49.402393
   12 	 29.993981 	 38.854311 	 51.586152
   13 	 29.993981 	 38.956468 	 50.422426
   14 	 29.035200 	 38.909443 	 47.516113
   15 	 28.400955 	 38.750858 	 49.797881
   16 	 27.697276 	 38.558869 	 47.955322
   17 	 25.636241 	 38.894676 	 51.517220
   18 	 26.377976 	 39.194944 	 49.091825
   19 	 30.347318 	 40.091948 	 48.217811
   20 	 30.345977 	 40.416195 	 52.766603
   21 	 29.464636 	 40.578242 	 55.307099
   22 	 30.432835 	 41.177130 	 52.039456
   23 	 30.091814 	 41.843071 	 51.233985
   24 	 30.987233 	 42.932353 	 54.929333
   25 	 31.448533 	 43.281495 	 53.000840
   26 	 30.338468 	 43.769750 	 52.862272
   27 	 34.884301 	 43.548992 	 52.862272
   28 	 31.861252 	 43.899967 	 53.684680
   29 	 31.823094 	 43.758959 	 53.256034
   30 	 31.823094 	 44.041762 	 53.438930
   31 	 30.248748 	 44.250892 	 53.306324
   32 	 30.373515 	 44.389713 	 54.340211
   33 	 35.778812 	 44.211048 	 53.417585
   34 	 33.464560 	 44.277695 	 53.417585
   35 	 33.302309 	 44.230857 	 51.984141
   36 	 32.406774 	 44.391653 	 53.815786
   37 	 32.406774 	 44.960236 	 53.815786
   38 	 32.406774 	 45.093642 	 53.860925
   39 	 36.117043 	 44.903086 	 56.975731
   40 	 35.602093 	 45.632457 	 53.524386
   41 	 36.489184 	 45.878272 	 54.675888
   42 	 38.046793 	 46.535257 	 54.690432
   43 	 35.803176 	 46.838857 	 57.210906
   44 	 32.928030 	 46.789493 	 59.390241
   45 	 32.928030 	 46.177059 	 59.390241
   46 	 36.704909 	 46.942393 	 59.390241
   47 	 39.135462 	 47.674260 	 58.681881
   48 	 39.103130 	 48.159632 	 58.167212
   49 	 37.373569 	 48.835741 	 59.040632
   50 	 39.774351 	 48.646780 	 62.627277
   51 	 39.774351 	 49.264431 	 62.627277
   52 	 39.774351 	 49.197793 	 62.627277
   53 	 37.491949 	 49.834020 	 62.627277
   54 	 37.565187 	 50.026928 	 62.627277
   55 	 34.961384 	 50.761843 	 61.868236
   56 	 37.592121 	 50.659999 	 62.353724
   57 	 38.358984 	 50.697061 	 61.474799
   58 	 38.563913 	 51.190531 	 61.151655
   59 	 40.238051 	 51.990017 	 62.937496
   60 	 42.223860 	 51.897216 	 61.675426
   61 	 42.267500 	 52.302165 	 61.675426
   62 	 43.382694 	 53.085742 	 64.579368
   63 	 43.313968 	 53.474394 	 63.172090
   64 	 41.916603 	 53.894202 	 64.551394
   65 	 45.087957 	 53.834165 	 64.551394
   66 	 45.394148 	 53.970566 	 61.557575
   67 	 43.029794 	 54.288856 	 62.061728
   68 	 43.956044 	 54.509005 	 63.872428
   69 	 41.752353 	 55.115196 	 66.211575
   70 	 43.843292 	 55.302604 	 62.895517
   71 	 44.621115 	 54.958758 	 64.166104
   72 	 47.389696 	 55.061758 	 63.300484
   73 	 48.298042 	 55.803786 	 64.627410
   74 	 46.135267 	 55.534924 	 61.913534
   75 	 44.128214 	 55.704389 	 62.222825
   76 	 44.152018 	 56.026470 	 62.647289
   77 	 41.840312 	 56.553267 	 63.056170
   78 	 47.423156 	 56.355326 	 62.396215
   79 	 48.568811 	 56.812793 	 64.377690
   80 	 49.797308 	 56.994991 	 64.654851
   81 	 50.663067 	 57.458822 	 65.297710
   82 	 48.331107 	 57.204866 	 65.573610
   83 	 49.548150 	 56.633684 	 65.297710
   84 	 48.572299 	 56.904397 	 66.207836
   85 	 50.150675 	 57.344116 	 66.982433
   86 	 50.150675 	 57.763683 	 67.019168
   87 	 49.468302 	 57.793163 	 66.613694
   88 	 47.853324 	 57.577881 	 67.304196
   89 	 48.189615 	 58.754229 	 67.304196
   90 	 47.936479 	 59.351930 	 69.822428
   91 	 49.241843 	 60.020778 	 69.822428
   92 	 49.715707 	 60.566977 	 67.999646
   93 	 52.515644 	 60.670546 	 68.495307
   94 	 54.069298 	 60.462681 	 67.996332
   95 	 52.548671 	 59.989351 	 66.971019
   96 	 53.184787 	 61.003015 	 67.192379
   97 	 51.714697 	 61.028859 	 68.872741
   98 	 53.380019 	 60.983721 	 68.156922
   99 	 53.380019 	 60.759651 	 67.906107
 