   0 	 106.339831 	 260.538822 	 502.669075
    1 	 133.745693 	 290.171993 	 504.343360
    2 	 151.944692 	 309.520764 	 606.129275
    3 	 167.544906 	 346.337997 	 606.129275
    4 	 180.576682 	 381.389073 	 619.243259
    5 	 170.419063 	 393.133338 	 619.243259
    6 	 177.942452 	 407.550345 	 619.169176
    7 	 177.942452 	 441.166404 	 682.758813
    8 	 201.818845 	 467.407609 	 653.086847
    9 	 270.678041 	 481.924747 	 650.179660
   10 	 278.536633 	 518.955357 	 684.475553
   11 	 278.536633 	 525.837514 	 676.089655
   12 	 368.352229 	 530.094411 	 666.291410
   13 	 394.777500 	 543.081698 	 666.291410
   14 	 416.206637 	 552.773688 	 680.071342
   15 	 397.989546 	 563.420264 	 680.071342
   16 	 388.862139 	 568.107713 	 682.185454
   17 	 391.416523 	 566.595219 	 735.223772
   18 	 427.012472 	 575.854287 	 735.223772
   19 	 457.603736 	 586.386986 	 713.759298
   20 	 434.150143 	 585.394210 	 712.767634
   21 	 331.420919 	 585.022932 	 770.195805
   22 	 373.928066 	 581.541343 	 742.516816
   23 	 418.479238 	 590.278960 	 736.905763
   24 	 419.502281 	 596.273360 	 736.971726
   25 	 430.285947 	 598.909263 	 739.435741
   26 	 428.170524 	 600.728867 	 741.963877
   27 	 463.150542 	 610.547532 	 754.098719
   28 	 463.961414 	 603.543983 	 730.315424
   29 	 418.249986 	 607.947328 	 719.852911
   30 	 445.052718 	 625.053150 	 727.632282
   31 	 539.065464 	 630.067134 	 768.598044
   32 	 435.957301 	 628.887997 	 768.598044
   33 	 443.791278 	 634.785461 	 731.866229
   34 	 443.791278 	 638.754884 	 758.877318
   35 	 444.124708 	 639.288738 	 746.530481
   36 	 450.709631 	 640.271951 	 736.782088
   37 	 450.709631 	 645.577941 	 765.572290
   38 	 513.502804 	 645.568384 	 768.309495
   39 	 516.112010 	 657.881113 	 756.540353
   40 	 565.825130 	 661.226214 	 758.349019
   41 	 577.365986 	 661.123259 	 799.552242
   42 	 548.075867 	 656.505534 	 757.502750
   43 	 527.141752 	 654.196916 	 753.820846
   44 	 541.419451 	 658.287053 	 752.009612
   45 	 524.711623 	 656.679335 	 789.303037
   46 	 547.193413 	 657.813440 	 789.511006
   47 	 515.331605 	 655.316431 	 766.090066
   48 	 507.404027 	 651.491391 	 756.747544
   49 	 497.557854 	 655.107801 	 756.747544
   50 	 569.175183 	 659.009054 	 758.360358
   51 	 562.392391 	 663.872943 	 763.336969
   52 	 571.403273 	 664.372249 	 760.970465
   53 	 547.678603 	 666.282712 	 752.369432
   54 	 540.607076 	 668.018224 	 783.838058
   55 	 532.679272 	 670.762729 	 772.425114
   56 	 516.299366 	 667.253445 	 772.425114
   57 	 516.467204 	 663.667272 	 780.287141
   58 	 529.997790 	 669.975806 	 793.693559
   59 	 528.185937 	 677.498758 	 793.693559
   60 	 514.011721 	 680.141950 	 793.803219
   61 	 542.341959 	 686.322725 	 793.803219
   62 	 534.907216 	 695.859215 	 809.545749
   63 	 556.785048 	 703.583861 	 817.235390
   64 	 530.193036 	 703.538782 	 829.639893
   65 	 530.193036 	 711.163387 	 833.431521
   66 	 543.236933 	 708.486901 	 833.431521
   67 	 578.861798 	 712.734549 	 833.431521
   68 	 567.311960 	 719.535143 	 862.132245
   69 	 567.311960 	 726.590859 	 862.132245
   70 	 561.148174 	 734.800036 	 862.132245
   71 	 572.709868 	 739.616615 	 851.920212
   72 	 551.661614 	 737.927002 	 856.387277
   73 	 532.003103 	 739.621531 	 880.502824
   74 	 526.351317 	 739.250718 	 887.921528
   75 	 574.946292 	 751.393816 	 893.277919
   76 	 574.946292 	 748.024750 	 872.337082
   77 	 574.691169 	 749.532860 	 862.967425
   78 	 599.784787 	 750.269135 	 877.743774
   79 	 589.604386 	 755.295312 	 873.118641
   80 	 612.708818 	 757.989224 	 894.644827
   81 	 574.521277 	 757.112146 	 894.644827
   82 	 624.902543 	 767.336469 	 893.217194
   83 	 670.436604 	 768.133180 	 893.217194
   84 	 627.769975 	 775.807098 	 910.739163
   85 	 622.344879 	 778.965982 	 920.977041
   86 	 609.752626 	 782.008104 	 899.409398
   87 	 631.789381 	 783.660711 	 905.916600
   88 	 652.258300 	 792.509500 	 899.409398
   89 	 652.258300 	 790.499038 	 899.409398
   90 	 668.260226 	 787.510766 	 866.229271
   91 	 675.510951 	 789.523730 	 883.224589
   92 	 641.960057 	 785.719073 	 882.154175
   93 	 626.072462 	 784.095134 	 899.633838
   94 	 624.045690 	 783.406963 	 892.143711
   95 	 645.812411 	 785.374613 	 899.236153
   96 	 627.451890 	 774.944820 	 953.653103
   97 	 587.923712 	 778.247537 	 958.521610
   98 	 589.485522 	 783.938748 	 951.506473
   99 	 589.485522 	 782.158303 	 937.169455
 