   0 	 13.249332 	 28.217420 	 45.058003
    1 	 14.516706 	 30.989558 	 44.632680
    2 	 17.896293 	 32.651361 	 42.696571
    3 	 20.240509 	 34.101487 	 42.809237
    4 	 20.572601 	 35.347100 	 46.790634
    5 	 24.147775 	 36.180356 	 46.790634
    6 	 19.452378 	 36.707791 	 47.075317
    7 	 25.891061 	 37.403147 	 46.854029
    8 	 28.944688 	 38.050401 	 46.854029
    9 	 26.060344 	 38.238754 	 48.865012
   10 	 23.732479 	 39.026661 	 51.361140
   11 	 21.037491 	 39.174599 	 53.703372
   12 	 23.610152 	 40.306861 	 50.875504
   13 	 23.222176 	 40.784949 	 51.664127
   14 	 26.542104 	 40.717509 	 51.914475
   15 	 30.307611 	 41.569030 	 52.238705
   16 	 32.290692 	 42.172888 	 55.092764
   17 	 30.474220 	 42.221813 	 52.153075
   18 	 31.916324 	 41.944634 	 53.451498
   19 	 29.261057 	 42.315530 	 53.918002
   20 	 31.189712 	 43.075038 	 55.406581
   21 	 31.189712 	 43.275015 	 52.884858
   22 	 34.475324 	 45.072058 	 54.083017
   23 	 32.471411 	 45.398886 	 55.357084
   24 	 27.574769 	 44.747339 	 57.329307
   25 	 27.577229 	 45.491053 	 58.337617
   26 	 32.983908 	 46.036867 	 57.042614
   27 	 33.833400 	 45.856724 	 56.239559
   28 	 34.569100 	 47.528313 	 56.239559
   29 	 32.792147 	 49.131035 	 58.788019
   30 	 32.792147 	 49.212460 	 60.122523
   31 	 33.959932 	 49.249236 	 58.846002
   32 	 36.680600 	 49.988766 	 58.846002
   33 	 36.954848 	 50.524042 	 60.017959
   34 	 36.954848 	 51.143818 	 60.017959
   35 	 33.166321 	 50.778777 	 60.265300
   36 	 33.182853 	 50.417448 	 57.573055
   37 	 38.570443 	 50.426557 	 59.877034
   38 	 38.570443 	 50.858966 	 59.878605
   39 	 40.749673 	 51.122139 	 59.877034
   40 	 40.096591 	 51.576464 	 59.877034
   41 	 40.096591 	 51.213888 	 60.323361
   42 	 39.800305 	 51.426500 	 61.011479
   43 	 39.644180 	 51.952565 	 59.335091
   44 	 42.862796 	 52.234018 	 61.071677
   45 	 43.182624 	 52.500853 	 61.071677
   46 	 44.372580 	 52.920769 	 61.071677
   47 	 44.965174 	 53.392347 	 61.939238
   48 	 42.376232 	 53.565416 	 63.572957
   49 	 42.380061 	 53.809167 	 63.572957
   50 	 46.378179 	 54.010464 	 63.572957
   51 	 43.609184 	 54.043082 	 64.172969
   52 	 42.273180 	 54.015126 	 63.066765
   53 	 44.007266 	 54.136783 	 65.813710
   54 	 42.867227 	 53.582725 	 63.260793
   55 	 42.867227 	 53.604437 	 60.897040
   56 	 39.662994 	 53.654108 	 60.897040
   57 	 39.843980 	 53.753629 	 61.149544
   58 	 44.166119 	 54.081823 	 61.149544
   59 	 43.684002 	 54.206962 	 62.288022
   60 	 46.538946 	 54.031722 	 62.782388
   61 	 42.480470 	 54.345221 	 62.782388
   62 	 44.579456 	 54.335096 	 65.898100
   63 	 44.120457 	 54.929442 	 63.048541
   64 	 42.639915 	 54.920884 	 65.329078
   65 	 44.507262 	 54.782831 	 64.110612
   66 	 43.990696 	 55.290323 	 64.397486
   67 	 45.422597 	 55.917285 	 63.806539
   68 	 48.495375 	 55.776204 	 63.117109
   69 	 47.219169 	 56.384332 	 62.939734
   70 	 49.834678 	 56.424743 	 64.289283
   71 	 47.050856 	 56.298168 	 66.431808
   72 	 44.970551 	 56.240772 	 64.391641
   73 	 46.169862 	 55.983309 	 63.673114
   74 	 44.720422 	 57.100260 	 64.863775
   75 	 48.270369 	 57.171765 	 66.257434
   76 	 45.796809 	 57.165515 	 66.549924
   77 	 49.076817 	 57.848693 	 64.922169
   78 	 50.302273 	 57.783713 	 65.376590
   79 	 50.473751 	 58.606706 	 66.470288
   80 	 50.366093 	 58.717596 	 67.643428
   81 	 49.797771 	 58.689132 	 65.869342
   82 	 48.007966 	 58.659774 	 66.003124
   83 	 48.007966 	 58.626794 	 65.589001
   84 	 47.996908 	 58.269947 	 65.038039
   85 	 45.765937 	 58.031490 	 66.515203
   86 	 47.254181 	 58.725010 	 66.745956
   87 	 49.936167 	 58.987104 	 67.653484
   88 	 49.355754 	 59.051691 	 67.653484
   89 	 50.085240 	 59.541018 	 68.396630
   90 	 50.843450 	 59.587624 	 68.520413
   91 	 50.448176 	 60.062768 	 67.143261
   92 	 49.698753 	 59.996945 	 67.975220
   93 	 49.698753 	 59.926035 	 66.746833
   94 	 49.698753 	 59.628353 	 67.323816
   95 	 49.698753 	 60.033924 	 67.323816
   96 	 49.698753 	 59.724412 	 68.604993
   97 	 51.555812 	 59.921251 	 68.604993
   98 	 51.237516 	 60.292926 	 68.604993
   99 	 53.338660 	 60.402786 	 68.604993
 