   0 	 17.638533 	 28.701311 	 39.504720
    1 	 18.784042 	 28.948589 	 39.569136
    2 	 18.868465 	 30.532977 	 44.572065
    3 	 21.278031 	 31.784743 	 44.572065
    4 	 21.433453 	 32.481240 	 45.398492
    5 	 21.166548 	 34.665842 	 47.767757
    6 	 21.915723 	 35.052944 	 49.287446
    7 	 23.659616 	 36.911497 	 49.891450
    8 	 23.659616 	 37.762460 	 53.120161
    9 	 22.449990 	 38.861162 	 53.120161
   10 	 27.505856 	 39.851900 	 52.838187
   11 	 29.007481 	 40.513335 	 50.727459
   12 	 26.778239 	 40.657047 	 50.845363
   13 	 30.044146 	 40.980422 	 53.934831
   14 	 30.044146 	 41.125287 	 55.047360
   15 	 28.364396 	 41.686094 	 55.327696
   16 	 28.973601 	 40.817126 	 55.327696
   17 	 30.677588 	 42.255396 	 55.405895
   18 	 31.845890 	 43.069685 	 55.590791
   19 	 32.479914 	 43.024283 	 55.834995
   20 	 32.479914 	 42.774327 	 55.834995
   21 	 32.479914 	 43.560662 	 53.787431
   22 	 33.370104 	 43.582897 	 54.971587
   23 	 32.050049 	 43.737997 	 54.971587
   24 	 32.651611 	 44.095616 	 55.147573
   25 	 33.961782 	 44.324989 	 53.445526
   26 	 30.277533 	 43.752696 	 54.224974
   27 	 31.739075 	 44.556115 	 54.898849
   28 	 30.299018 	 44.854380 	 54.900766
   29 	 32.807069 	 45.852856 	 54.898849
   30 	 33.991442 	 46.602621 	 58.955270
   31 	 35.290640 	 47.078491 	 58.955270
   32 	 36.985068 	 46.881014 	 58.246230
   33 	 33.486393 	 47.043385 	 57.560211
   34 	 32.627844 	 46.786456 	 55.082045
   35 	 32.653340 	 46.748210 	 57.815293
   36 	 39.279241 	 47.336976 	 55.189640
   37 	 36.771248 	 47.613113 	 55.607660
   38 	 39.252555 	 47.912044 	 55.180410
   39 	 39.252555 	 48.015945 	 56.375894
   40 	 40.161761 	 47.831576 	 56.418152
   41 	 36.478415 	 47.921258 	 55.634216
   42 	 37.338985 	 48.751916 	 56.788525
   43 	 37.704394 	 49.099325 	 57.265460
   44 	 39.790990 	 49.193367 	 57.265460
   45 	 38.381064 	 49.493610 	 57.265460
   46 	 39.658782 	 49.620470 	 57.971265
   47 	 39.062335 	 49.620144 	 61.400300
   48 	 38.051471 	 49.754529 	 59.637878
   49 	 39.220538 	 50.465970 	 61.065757
   50 	 38.571413 	 50.477032 	 61.065757
   51 	 39.087006 	 50.917106 	 61.509695
   52 	 42.768359 	 52.011310 	 59.791521
   53 	 44.498748 	 51.858525 	 63.034844
   54 	 43.876562 	 51.701129 	 59.986840
   55 	 40.341853 	 52.029148 	 59.938498
   56 	 42.064349 	 52.383552 	 59.979787
   57 	 42.064349 	 52.572851 	 59.932465
   58 	 42.645057 	 53.026275 	 59.932465
   59 	 42.616193 	 53.595948 	 60.949925
   60 	 45.300594 	 53.826641 	 60.949925
   61 	 47.207598 	 53.636284 	 60.661391
   62 	 46.194966 	 53.573334 	 59.748626
   63 	 48.226890 	 53.746397 	 60.785631
   64 	 44.411678 	 54.156215 	 60.766304
   65 	 42.518952 	 53.978046 	 60.766304
   66 	 46.458243 	 54.149220 	 61.162347
   67 	 45.558744 	 54.086577 	 60.777612
   68 	 44.272156 	 53.661624 	 63.375546
   69 	 45.168967 	 53.912056 	 61.324765
   70 	 44.283090 	 54.267248 	 60.877479
   71 	 46.065665 	 54.615838 	 60.169708
   72 	 44.456885 	 54.600878 	 60.188580
   73 	 46.390317 	 54.645785 	 60.188580
   74 	 46.923507 	 54.569303 	 59.825181
   75 	 47.908425 	 54.419369 	 59.894120
   76 	 48.544565 	 54.269056 	 59.894120
   77 	 47.228853 	 54.580637 	 60.410170
   78 	 45.571605 	 54.521288 	 60.491327
   79 	 46.060210 	 54.556847 	 62.593565
   80 	 46.331613 	 54.249507 	 61.768836
   81 	 47.176224 	 54.381111 	 61.768836
   82 	 47.176224 	 54.480051 	 62.748470
   83 	 46.617466 	 54.734003 	 62.748470
   84 	 46.192361 	 54.906265 	 64.718320
   85 	 43.114639 	 55.399638 	 64.718320
   86 	 43.114639 	 55.559712 	 62.450759
   87 	 49.946007 	 56.142334 	 62.450759
   88 	 46.778893 	 56.302366 	 62.202643
   89 	 48.469646 	 55.701186 	 61.649585
   90 	 47.877464 	 55.875239 	 61.706243
   91 	 47.190453 	 55.913233 	 63.616072
   92 	 46.875338 	 56.477146 	 62.159099
   93 	 48.567795 	 56.690270 	 62.159099
   94 	 49.219752 	 57.100582 	 63.303771
   95 	 49.219752 	 57.192227 	 62.906704
   96 	 49.219752 	 57.378358 	 62.906704
   97 	 50.085023 	 57.237751 	 63.644699
   98 	 49.515008 	 57.060256 	 62.622142
   99 	 49.915422 	 56.971645 	 62.660945
 