   0 	 91.735604 	 264.502211 	 455.049103
    1 	 133.239418 	 273.589039 	 483.344665
    2 	 176.756696 	 296.169342 	 534.355488
    3 	 185.641310 	 318.680634 	 545.761085
    4 	 181.591203 	 346.254492 	 548.569199
    5 	 181.591203 	 368.505356 	 561.918188
    6 	 205.512855 	 381.581447 	 563.646418
    7 	 179.693318 	 404.105342 	 539.583439
    8 	 252.106628 	 413.606024 	 539.597245
    9 	 271.874947 	 420.435641 	 596.928819
   10 	 277.918775 	 427.966627 	 558.604779
   11 	 301.289355 	 435.722925 	 574.150495
   12 	 295.068047 	 436.463542 	 553.366565
   13 	 261.483393 	 446.083331 	 558.667280
   14 	 264.848745 	 443.390489 	 554.141221
   15 	 313.525478 	 449.631630 	 617.736407
   16 	 336.862201 	 463.938769 	 617.736407
   17 	 311.998312 	 467.497264 	 569.906431
   18 	 294.813393 	 469.839583 	 593.210262
   19 	 325.517893 	 468.686839 	 593.210262
   20 	 301.705780 	 475.695221 	 634.121558
   21 	 301.705780 	 479.789404 	 606.641424
   22 	 301.705780 	 484.971204 	 631.554113
   23 	 350.127837 	 503.860056 	 633.278624
   24 	 356.005997 	 524.705368 	 651.272637
   25 	 333.659384 	 526.294822 	 664.432433
   26 	 333.659384 	 531.852269 	 670.656935
   27 	 333.659384 	 536.780312 	 670.656935
   28 	 351.443301 	 555.759350 	 698.061762
   29 	 369.889058 	 559.362128 	 662.887692
   30 	 423.592230 	 560.343409 	 682.568769
   31 	 424.772566 	 553.592589 	 721.804843
   32 	 424.772566 	 561.222495 	 706.282248
   33 	 403.223607 	 572.734576 	 707.982720
   34 	 439.631515 	 575.445814 	 737.878026
   35 	 443.422338 	 578.890900 	 732.002694
   36 	 443.422338 	 587.095022 	 721.560621
   37 	 426.660736 	 584.086480 	 729.117053
   38 	 361.651316 	 583.778154 	 772.556866
   39 	 416.960720 	 602.009587 	 772.556866
   40 	 416.960720 	 601.816022 	 770.685174
   41 	 437.747509 	 610.266214 	 759.868960
   42 	 395.052119 	 612.672096 	 755.933206
   43 	 395.052119 	 603.783751 	 751.364910
   44 	 406.620287 	 603.664149 	 740.596519
   45 	 430.757473 	 615.791856 	 747.398321
   46 	 441.236941 	 624.567533 	 749.797952
   47 	 492.390849 	 627.383122 	 752.628000
   48 	 475.032842 	 630.859621 	 796.157160
   49 	 487.854770 	 633.382796 	 767.655722
   50 	 506.709464 	 643.210643 	 781.604357
   51 	 499.815762 	 636.799692 	 781.604357
   52 	 455.134412 	 650.086496 	 823.741037
   53 	 482.227067 	 654.441848 	 823.741037
   54 	 483.962594 	 650.973789 	 814.936967
   55 	 483.027773 	 659.945968 	 824.723007
   56 	 524.135135 	 657.226447 	 778.704038
   57 	 524.135135 	 665.029223 	 810.943209
   58 	 524.413756 	 672.421648 	 782.544750
   59 	 553.565404 	 674.198377 	 786.108602
   60 	 517.408702 	 669.719164 	 764.920123
   61 	 524.222233 	 672.714059 	 778.313695
   62 	 524.222233 	 676.134820 	 777.321767
   63 	 524.222233 	 678.419984 	 782.743181
   64 	 510.452904 	 672.623446 	 791.328403
   65 	 443.038164 	 672.147259 	 812.124479
   66 	 439.472623 	 677.113516 	 782.912000
   67 	 500.663530 	 688.229211 	 792.666290
   68 	 585.007659 	 694.061460 	 801.583550
   69 	 562.177501 	 689.909714 	 819.847246
   70 	 505.300160 	 685.691485 	 819.847246
   71 	 521.327887 	 691.559197 	 819.847246
   72 	 521.327887 	 700.274866 	 824.432809
   73 	 575.941487 	 703.737256 	 821.362542
   74 	 568.647362 	 703.055982 	 822.608508
   75 	 560.600692 	 698.158791 	 822.608508
   76 	 539.080005 	 704.468142 	 822.608508
   77 	 534.906903 	 707.628292 	 822.608508
   78 	 561.112186 	 717.135861 	 822.632992
   79 	 604.978162 	 726.787336 	 822.248479
   80 	 603.468807 	 717.129352 	 842.691187
   81 	 611.507068 	 724.822003 	 854.779488
   82 	 568.247056 	 727.264005 	 830.321569
   83 	 552.298319 	 724.121213 	 874.368332
   84 	 552.298319 	 726.000758 	 843.978907
   85 	 587.746269 	 726.126530 	 854.040500
   86 	 572.684639 	 727.893352 	 833.095868
   87 	 569.439678 	 732.696518 	 847.203452
   88 	 569.439678 	 746.445943 	 860.077579
   89 	 606.145955 	 747.040803 	 873.871339
   90 	 611.392859 	 751.765892 	 874.647974
   91 	 610.672955 	 745.515807 	 845.189286
   92 	 607.717790 	 743.728334 	 862.917309
   93 	 603.897238 	 739.505186 	 844.042873
   94 	 603.188439 	 739.313729 	 857.684643
   95 	 603.897238 	 733.372420 	 852.157701
   96 	 610.850144 	 740.867295 	 870.187364
   97 	 606.370423 	 745.954536 	 869.772056
   98 	 604.253985 	 747.385907 	 870.882487
   99 	 612.298204 	 747.685574 	 866.610327
 