   0 	 116.289736 	 264.964256 	 486.210252
    1 	 146.552003 	 280.855988 	 484.725969
    2 	 130.938745 	 306.612053 	 484.725969
    3 	 169.711891 	 322.798981 	 484.725969
    4 	 190.031643 	 348.334931 	 493.758078
    5 	 209.630611 	 366.436413 	 535.504153
    6 	 213.548204 	 371.142635 	 566.730124
    7 	 213.548204 	 384.161846 	 551.097907
    8 	 215.139789 	 393.961551 	 551.097907
    9 	 263.319490 	 406.796285 	 551.097907
   10 	 258.545212 	 406.613087 	 565.717673
   11 	 256.496993 	 428.406709 	 600.270261
   12 	 256.496993 	 436.800581 	 601.920603
   13 	 255.767126 	 447.191870 	 581.171155
   14 	 291.954024 	 464.012338 	 611.133884
   15 	 277.125765 	 476.724708 	 678.086796
   16 	 292.116948 	 467.553597 	 597.236317
   17 	 323.227121 	 473.201067 	 600.726591
   18 	 283.344976 	 479.648823 	 600.726591
   19 	 332.415541 	 481.164920 	 601.442522
   20 	 327.555570 	 477.638188 	 596.526953
   21 	 332.415510 	 487.369113 	 639.412208
   22 	 343.982073 	 505.971307 	 645.235398
   23 	 345.045918 	 510.841817 	 645.235398
   24 	 365.868500 	 525.496434 	 680.493350
   25 	 342.298212 	 542.112863 	 680.493350
   26 	 353.033810 	 545.934539 	 674.778172
   27 	 366.905807 	 555.551089 	 702.606441
   28 	 343.645255 	 549.308666 	 734.447065
   29 	 299.121732 	 558.879430 	 731.892761
   30 	 299.121732 	 558.332121 	 739.062385
   31 	 428.329138 	 577.989303 	 737.495599
   32 	 396.948933 	 572.474704 	 794.872583
   33 	 364.389051 	 578.610595 	 795.881289
   34 	 391.645725 	 579.579869 	 737.168177
   35 	 423.286843 	 576.477338 	 767.477652
   36 	 403.157582 	 586.108080 	 746.187804
   37 	 437.111969 	 587.451357 	 748.144399
   38 	 437.030151 	 592.362086 	 746.187804
   39 	 437.030151 	 582.921750 	 746.187804
   40 	 448.371871 	 590.500882 	 739.204083
   41 	 424.182963 	 589.575458 	 736.405690
   42 	 435.989364 	 600.962142 	 747.056620
   43 	 463.548829 	 607.713667 	 736.405690
   44 	 467.843529 	 614.104086 	 747.972771
   45 	 460.878567 	 619.566324 	 747.972771
   46 	 474.024634 	 622.944984 	 756.064777
   47 	 482.580335 	 634.915317 	 756.064777
   48 	 499.655344 	 645.566727 	 754.884405
   49 	 495.222801 	 647.246457 	 746.793651
   50 	 528.032513 	 653.684211 	 791.107941
   51 	 531.958913 	 657.672045 	 791.107941
   52 	 497.054627 	 659.681045 	 770.323562
   53 	 472.972532 	 666.367845 	 777.490732
   54 	 527.126466 	 665.100014 	 783.652662
   55 	 552.111430 	 669.007349 	 788.252101
   56 	 553.942618 	 680.631612 	 800.970294
   57 	 553.942618 	 672.319749 	 800.970294
   58 	 534.612316 	 667.873309 	 791.540957
   59 	 534.612316 	 666.582105 	 818.855127
   60 	 455.427664 	 658.677994 	 791.556471
   61 	 516.124689 	 661.581493 	 780.479049
   62 	 543.340264 	 668.450428 	 779.151406
   63 	 550.480162 	 670.024027 	 781.199794
   64 	 545.646473 	 670.399354 	 800.657556
   65 	 521.913064 	 670.362691 	 773.798018
   66 	 521.913064 	 671.285921 	 773.798018
   67 	 521.913064 	 661.124459 	 777.458386
   68 	 521.913064 	 656.346280 	 770.260404
   69 	 537.819789 	 655.229279 	 784.492496
   70 	 528.522429 	 650.794060 	 776.292190
   71 	 528.370729 	 660.037724 	 779.108238
   72 	 524.052608 	 665.896659 	 801.218117
   73 	 501.594531 	 651.618343 	 801.218117
   74 	 489.314724 	 670.275766 	 801.218117
   75 	 489.314724 	 673.418621 	 805.685453
   76 	 533.251526 	 675.078094 	 792.223499
   77 	 576.278422 	 675.807577 	 792.096919
   78 	 547.971046 	 670.463019 	 792.873267
   79 	 502.248522 	 668.486596 	 807.437486
   80 	 512.233201 	 666.941668 	 807.437486
   81 	 536.702274 	 660.435648 	 817.158460
   82 	 535.177622 	 658.422377 	 766.001130
   83 	 532.371707 	 657.643316 	 771.490973
   84 	 526.341307 	 660.260513 	 782.793200
   85 	 466.192020 	 666.853252 	 782.793200
   86 	 506.533484 	 674.254945 	 786.245925
   87 	 532.696665 	 668.555162 	 771.559956
   88 	 481.421564 	 668.311548 	 811.630069
   89 	 480.839834 	 657.043104 	 811.630069
   90 	 514.884388 	 660.308238 	 811.630069
   91 	 525.451982 	 665.874558 	 811.630069
   92 	 525.451982 	 663.355377 	 811.630069
   93 	 528.962619 	 672.253864 	 825.198949
   94 	 510.225661 	 688.344539 	 811.630069
   95 	 534.013429 	 685.329656 	 808.087441
   96 	 563.484771 	 688.950708 	 866.356759
   97 	 546.644608 	 699.472142 	 814.728954
   98 	 567.747253 	 702.623445 	 814.728954
   99 	 586.283893 	 704.315982 	 812.769282
 