   0 	 107.347890 	 263.285116 	 424.414708
    1 	 107.347890 	 276.148074 	 424.414708
    2 	 165.413643 	 295.700968 	 441.822835
    3 	 153.490272 	 304.781714 	 436.000965
    4 	 171.598403 	 311.050300 	 455.647225
    5 	 176.087955 	 315.982520 	 510.880827
    6 	 169.861497 	 337.633449 	 510.821321
    7 	 185.918420 	 352.250306 	 531.043807
    8 	 221.006306 	 361.072561 	 524.942757
    9 	 196.680677 	 370.550948 	 531.988618
   10 	 198.577626 	 395.791289 	 533.389026
   11 	 221.006306 	 415.505340 	 540.193060
   12 	 221.006306 	 428.001529 	 605.384849
   13 	 259.888968 	 442.485764 	 605.384849
   14 	 281.770645 	 449.433629 	 605.389478
   15 	 313.655303 	 464.255537 	 606.978278
   16 	 299.146245 	 467.007151 	 606.978278
   17 	 302.692305 	 464.711275 	 607.954833
   18 	 286.299893 	 463.863999 	 615.897506
   19 	 297.949180 	 471.021693 	 629.606853
   20 	 319.525687 	 471.404070 	 626.465915
   21 	 312.266354 	 478.787000 	 626.465915
   22 	 312.266354 	 490.173960 	 626.465915
   23 	 323.713626 	 492.369455 	 640.927044
   24 	 323.405316 	 494.790029 	 646.771909
   25 	 312.256669 	 494.859078 	 709.250822
   26 	 317.553029 	 504.292966 	 644.516294
   27 	 374.628149 	 507.929486 	 661.964696
   28 	 368.461300 	 508.773618 	 659.966312
   29 	 388.762215 	 524.605003 	 684.341646
   30 	 388.762215 	 526.551274 	 678.154476
   31 	 391.258687 	 537.687145 	 678.154476
   32 	 386.563720 	 543.810428 	 689.081027
   33 	 362.221213 	 556.224090 	 714.218815
   34 	 311.563317 	 565.415477 	 728.544195
   35 	 401.739042 	 574.441338 	 737.676785
   36 	 425.302384 	 570.694147 	 737.676785
   37 	 396.697570 	 575.931198 	 745.708645
   38 	 442.349262 	 574.084862 	 720.734247
   39 	 418.984996 	 579.438188 	 726.861957
   40 	 420.331323 	 579.329213 	 722.949767
   41 	 404.946211 	 593.580272 	 761.716438
   42 	 432.489952 	 593.156552 	 749.891791
   43 	 436.409283 	 607.712108 	 759.821183
   44 	 477.987809 	 617.386353 	 763.115414
   45 	 480.315359 	 631.368317 	 763.115414
   46 	 441.681908 	 646.438406 	 785.498395
   47 	 403.629400 	 651.295321 	 791.369747
   48 	 393.247784 	 647.262698 	 791.369747
   49 	 403.629400 	 649.913567 	 788.565316
   50 	 470.797665 	 657.644610 	 764.238398
   51 	 464.214478 	 648.540462 	 803.180931
   52 	 438.703338 	 652.268680 	 819.802522
   53 	 535.868948 	 676.404594 	 822.243289
   54 	 499.554828 	 681.213281 	 793.044507
   55 	 499.554828 	 701.987081 	 802.271684
   56 	 499.562160 	 702.028600 	 812.425088
   57 	 504.827951 	 705.012858 	 812.425088
   58 	 534.345256 	 711.375627 	 816.722090
   59 	 578.911735 	 717.951939 	 808.119231
   60 	 489.842555 	 714.003503 	 824.265031
   61 	 489.833884 	 718.488644 	 828.142937
   62 	 536.884197 	 717.043394 	 828.142937
   63 	 536.884197 	 724.169625 	 823.866817
   64 	 589.745147 	 729.891190 	 817.967172
   65 	 588.452546 	 724.707094 	 821.247915
   66 	 598.671687 	 733.784592 	 831.408203
   67 	 616.618198 	 735.809403 	 850.134136
   68 	 622.455530 	 741.929318 	 852.481207
   69 	 631.452372 	 742.350835 	 853.431914
   70 	 625.103460 	 750.025643 	 853.487120
   71 	 603.451022 	 756.462795 	 856.837511
   72 	 645.715609 	 765.610660 	 864.234088
   73 	 637.728413 	 761.635007 	 862.355003
   74 	 570.360386 	 762.416292 	 883.008721
   75 	 556.993985 	 760.430486 	 872.627659
   76 	 572.232295 	 769.079916 	 872.627659
   77 	 572.230591 	 771.749205 	 869.849318
   78 	 547.244346 	 771.805748 	 869.849318
   79 	 694.768484 	 785.663701 	 880.942086
   80 	 679.716715 	 793.107526 	 880.942086
   81 	 662.638327 	 792.193482 	 880.942086
   82 	 662.638327 	 804.219842 	 888.027570
   83 	 698.688874 	 804.285644 	 872.393262
   84 	 682.471523 	 802.970525 	 874.312275
   85 	 712.358051 	 806.707773 	 873.249059
   86 	 712.358051 	 800.479927 	 880.671420
   87 	 704.283053 	 799.150203 	 880.671420
   88 	 704.283053 	 798.923703 	 883.388332
   89 	 714.735450 	 801.021128 	 884.649276
   90 	 681.603316 	 801.805278 	 886.843860
   91 	 681.603316 	 804.681212 	 900.372705
   92 	 654.944276 	 796.740829 	 884.649276
   93 	 685.965339 	 800.262029 	 890.966525
   94 	 649.060597 	 802.564386 	 895.675220
   95 	 645.102404 	 805.838936 	 897.009304
   96 	 669.288040 	 808.912410 	 892.095728
   97 	 635.548048 	 806.342279 	 894.165294
   98 	 693.805758 	 809.218151 	 897.042522
   99 	 637.715583 	 805.840000 	 882.382733
 