   0 	 69.760299 	 271.621034 	 471.502657
    1 	 134.938250 	 287.097394 	 483.883884
    2 	 122.469879 	 301.551291 	 524.883855
    3 	 169.356764 	 316.599949 	 521.406567
    4 	 190.377818 	 321.688436 	 519.463398
    5 	 179.701211 	 333.039992 	 532.890298
    6 	 169.606726 	 351.957390 	 491.810607
    7 	 222.952268 	 361.504393 	 545.447854
    8 	 226.228084 	 369.720175 	 517.316343
    9 	 251.184410 	 380.106830 	 562.686755
   10 	 263.890772 	 386.941841 	 562.686755
   11 	 261.644462 	 380.824313 	 532.107199
   12 	 265.453491 	 393.103077 	 567.114274
   13 	 252.566334 	 401.978043 	 550.561235
   14 	 265.750369 	 398.995309 	 629.274880
   15 	 271.182414 	 406.298967 	 545.000837
   16 	 284.569505 	 418.066313 	 595.796414
   17 	 301.716396 	 418.108409 	 595.796414
   18 	 222.576072 	 425.531742 	 603.945808
   19 	 242.048152 	 429.048495 	 554.008413
   20 	 216.379669 	 428.905501 	 581.931953
   21 	 242.048152 	 427.817159 	 586.336744
   22 	 311.249384 	 442.448969 	 586.336744
   23 	 304.433780 	 453.262333 	 582.460818
   24 	 262.960097 	 457.498757 	 619.426608
   25 	 262.960097 	 474.600160 	 614.722101
   26 	 300.400284 	 489.506385 	 647.762211
   27 	 300.400284 	 493.056733 	 650.628687
   28 	 282.723669 	 484.139041 	 629.859199
   29 	 378.971850 	 488.642765 	 647.138245
   30 	 345.390737 	 494.956109 	 672.160600
   31 	 357.527608 	 504.624787 	 695.429644
   32 	 356.114560 	 515.577457 	 669.308701
   33 	 356.114560 	 517.152364 	 644.842809
   34 	 399.325885 	 528.562615 	 644.842809
   35 	 394.046039 	 533.803759 	 718.102273
   36 	 344.293631 	 535.685271 	 708.021379
   37 	 344.293631 	 541.417638 	 695.488687
   38 	 344.293631 	 542.334708 	 714.848423
   39 	 369.001727 	 550.350768 	 742.541996
   40 	 349.648435 	 570.220025 	 738.646344
   41 	 402.560013 	 581.607600 	 742.802352
   42 	 446.845751 	 604.147764 	 741.620979
   43 	 480.998414 	 600.126078 	 740.494317
   44 	 461.205204 	 607.927734 	 731.866187
   45 	 476.991030 	 614.570810 	 749.580551
   46 	 462.353665 	 628.051365 	 749.586639
   47 	 447.784186 	 627.865192 	 757.874322
   48 	 469.500680 	 644.579177 	 778.518229
   49 	 473.328424 	 643.169652 	 782.491047
   50 	 473.328424 	 662.824335 	 807.313560
   51 	 473.328424 	 652.643098 	 831.371337
   52 	 478.343862 	 656.626799 	 772.044957
   53 	 528.707234 	 661.277213 	 794.836538
   54 	 498.471311 	 670.931186 	 776.917858
   55 	 517.231366 	 672.543483 	 811.252058
   56 	 488.410367 	 673.630957 	 811.252058
   57 	 517.231366 	 673.993453 	 811.252058
   58 	 528.516470 	 685.079602 	 811.252058
   59 	 528.516470 	 701.744234 	 829.754898
   60 	 528.516470 	 708.753164 	 829.754898
   61 	 528.516470 	 707.644045 	 854.450551
   62 	 568.011035 	 714.338191 	 837.578910
   63 	 585.800883 	 723.418605 	 818.938454
   64 	 586.584418 	 731.810163 	 808.197589
   65 	 608.094742 	 735.912790 	 820.675967
   66 	 578.455099 	 729.007237 	 831.791093
   67 	 600.960942 	 731.373294 	 845.607190
   68 	 623.237557 	 733.957853 	 834.931266
   69 	 641.502042 	 742.507236 	 837.036739
   70 	 616.462141 	 743.318076 	 837.036739
   71 	 629.481403 	 747.153367 	 837.036739
   72 	 655.073342 	 751.374964 	 836.703598
   73 	 655.073342 	 741.615079 	 826.195233
   74 	 646.300320 	 739.555125 	 815.033454
   75 	 619.242776 	 742.395707 	 824.691504
   76 	 642.666591 	 744.803855 	 824.691504
   77 	 657.226435 	 741.870955 	 824.691504
   78 	 636.928685 	 741.031278 	 820.523001
   79 	 628.268587 	 741.202687 	 829.146921
   80 	 631.689924 	 747.255360 	 841.990202
   81 	 605.974720 	 744.693238 	 837.103599
   82 	 608.215755 	 752.718366 	 841.341654
   83 	 644.178327 	 752.205629 	 841.341654
   84 	 644.178327 	 745.315223 	 841.341654
   85 	 647.713463 	 743.251885 	 839.679577
   86 	 644.905701 	 736.967251 	 831.992750
   87 	 591.791126 	 736.267607 	 831.992750
   88 	 624.806661 	 751.263368 	 840.901534
   89 	 624.806661 	 750.327911 	 837.373361
   90 	 628.838998 	 754.424208 	 840.321095
   91 	 628.838998 	 756.462808 	 833.043862
   92 	 628.838998 	 759.112391 	 849.078543
   93 	 655.432895 	 755.679576 	 839.432560
   94 	 629.824695 	 755.280558 	 833.118060
   95 	 652.621954 	 757.854710 	 833.118060
   96 	 610.217856 	 759.465251 	 836.400147
   97 	 631.741047 	 761.498556 	 843.331089
   98 	 657.194330 	 762.807742 	 857.556641
   99 	 662.135957 	 759.123209 	 848.505314
 