   0 	 84.123287 	 262.432403 	 466.165037
    1 	 78.148176 	 270.033531 	 451.661514
    2 	 149.829114 	 308.561900 	 465.538285
    3 	 147.780362 	 311.855922 	 450.202125
    4 	 174.028188 	 338.673752 	 506.059114
    5 	 164.536418 	 358.798804 	 552.773094
    6 	 164.536418 	 372.551856 	 548.670647
    7 	 144.338388 	 388.480900 	 548.670647
    8 	 240.302456 	 397.198942 	 593.304755
    9 	 234.726839 	 408.791847 	 643.409834
   10 	 275.141981 	 435.610399 	 643.409834
   11 	 278.120397 	 462.756836 	 643.409834
   12 	 264.569954 	 465.479535 	 646.270518
   13 	 264.569954 	 463.446943 	 646.270518
   14 	 289.306272 	 465.186286 	 655.931187
   15 	 270.381815 	 476.822603 	 655.931187
   16 	 268.265877 	 487.959076 	 657.057570
   17 	 339.074687 	 488.471630 	 656.163644
   18 	 277.214079 	 487.539489 	 646.167026
   19 	 326.280489 	 486.905787 	 648.079145
   20 	 339.802777 	 493.159318 	 621.695351
   21 	 367.063540 	 502.009814 	 644.100596
   22 	 239.410151 	 509.478278 	 681.727035
   23 	 348.559529 	 523.672627 	 681.727035
   24 	 369.391304 	 530.855154 	 655.686215
   25 	 368.646730 	 522.735484 	 656.870028
   26 	 304.493546 	 529.437665 	 692.198613
   27 	 293.699202 	 535.890277 	 678.267909
   28 	 344.104703 	 546.834245 	 663.311954
   29 	 344.104510 	 559.453373 	 728.779011
   30 	 422.831551 	 570.142616 	 715.122652
   31 	 415.982010 	 570.174489 	 715.122652
   32 	 436.007346 	 579.339867 	 692.297209
   33 	 430.331761 	 578.956422 	 692.297209
   34 	 444.670839 	 589.953225 	 679.839391
   35 	 467.575491 	 595.082581 	 680.591610
   36 	 467.575491 	 601.522157 	 733.315977
   37 	 427.626093 	 598.774285 	 758.302262
   38 	 455.232425 	 607.754111 	 761.170264
   39 	 426.727955 	 612.911580 	 758.302262
   40 	 504.504076 	 618.939857 	 793.445719
   41 	 468.265653 	 623.243656 	 784.794285
   42 	 504.708326 	 630.329772 	 758.479584
   43 	 460.740559 	 627.548367 	 777.029149
   44 	 492.877493 	 626.230751 	 771.323411
   45 	 440.573099 	 616.343112 	 747.383325
   46 	 466.520550 	 617.905069 	 766.635834
   47 	 400.775923 	 624.779285 	 781.626979
   48 	 468.084020 	 639.587730 	 765.699459
   49 	 463.258560 	 640.097263 	 794.823886
   50 	 506.743280 	 637.347699 	 790.187267
   51 	 486.612068 	 652.348726 	 790.876557
   52 	 422.680701 	 650.387706 	 769.959016
   53 	 445.237928 	 658.978879 	 793.533826
   54 	 446.890542 	 659.620790 	 757.438105
   55 	 526.664807 	 668.640272 	 769.436363
   56 	 520.151874 	 677.353863 	 778.503737
   57 	 556.201546 	 682.024185 	 786.894659
   58 	 526.941950 	 681.441768 	 786.465386
   59 	 526.941950 	 679.754071 	 848.453979
   60 	 505.901446 	 676.395886 	 846.500901
   61 	 505.901446 	 672.786889 	 813.978278
   62 	 496.164017 	 673.259702 	 801.697199
   63 	 515.699272 	 675.972250 	 837.786297
   64 	 537.731853 	 678.419053 	 814.714694
   65 	 506.899484 	 678.358195 	 860.704841
   66 	 502.967110 	 684.936547 	 832.245654
   67 	 502.967110 	 706.639264 	 857.757642
   68 	 560.111002 	 710.837317 	 860.506165
   69 	 574.689989 	 712.175097 	 870.239523
   70 	 562.672748 	 711.921054 	 836.474238
   71 	 555.145205 	 716.154776 	 836.474238
   72 	 555.145205 	 716.355193 	 854.517387
   73 	 569.784480 	 731.637884 	 857.179724
   74 	 613.687703 	 739.093000 	 860.574199
   75 	 620.347025 	 744.275570 	 882.907806
   76 	 635.127397 	 753.354356 	 864.876534
   77 	 624.837196 	 756.733360 	 883.402767
   78 	 592.607484 	 763.542860 	 887.310188
   79 	 642.167757 	 767.045862 	 894.986209
   80 	 613.550552 	 769.750859 	 894.986209
   81 	 627.890895 	 770.014995 	 897.276017
   82 	 634.039483 	 780.238322 	 910.063950
   83 	 637.805704 	 782.412777 	 910.063950
   84 	 616.927621 	 783.716270 	 876.695724
   85 	 603.622695 	 791.364687 	 886.710751
   86 	 639.122461 	 792.142218 	 910.920787
   87 	 651.228050 	 803.071987 	 900.476795
   88 	 670.887164 	 801.944278 	 896.121939
   89 	 664.948666 	 798.364527 	 912.432280
   90 	 627.388234 	 792.110765 	 875.651316
   91 	 664.948666 	 797.351416 	 894.863851
   92 	 689.379285 	 805.493535 	 920.604838
   93 	 679.892915 	 806.239714 	 894.350686
   94 	 679.892915 	 812.212182 	 926.487782
   95 	 659.953057 	 802.313444 	 931.279363
   96 	 606.546858 	 793.203759 	 931.279363
   97 	 574.943399 	 799.476212 	 957.397804
   98 	 649.565927 	 796.541436 	 926.535648
   99 	 665.721674 	 794.281866 	 918.564686
 