   0 	 124.447284 	 270.608447 	 432.389955
    1 	 132.047685 	 295.072309 	 483.535088
    2 	 178.339325 	 310.256662 	 476.013958
    3 	 195.364398 	 325.489839 	 512.094222
    4 	 211.681196 	 337.702244 	 512.094222
    5 	 172.923884 	 341.260078 	 516.280695
    6 	 186.104544 	 355.091224 	 543.335409
    7 	 224.222165 	 371.027482 	 512.094222
    8 	 241.369979 	 387.949320 	 495.206305
    9 	 252.625010 	 400.656156 	 518.237844
   10 	 245.532920 	 400.541489 	 518.237844
   11 	 256.230019 	 410.483053 	 528.145959
   12 	 256.230019 	 414.025671 	 526.850319
   13 	 304.829711 	 414.760970 	 600.740412
   14 	 264.900332 	 420.526503 	 551.837306
   15 	 283.196803 	 438.185636 	 565.337754
   16 	 292.694365 	 446.185502 	 598.827876
   17 	 266.271151 	 442.442873 	 582.378577
   18 	 292.694365 	 446.175862 	 591.946298
   19 	 292.694365 	 459.163314 	 609.817341
   20 	 297.550555 	 470.696802 	 606.101541
   21 	 282.121735 	 470.134407 	 604.701482
   22 	 301.148285 	 470.586823 	 619.483826
   23 	 292.083877 	 473.037245 	 629.750635
   24 	 310.111403 	 475.508419 	 671.733977
   25 	 297.883943 	 476.125065 	 639.876822
   26 	 289.433465 	 483.145709 	 639.876822
   27 	 327.544085 	 486.326886 	 633.307331
   28 	 358.528157 	 488.977650 	 647.206663
   29 	 324.832966 	 484.133902 	 660.123820
   30 	 316.464854 	 486.472897 	 660.123820
   31 	 325.759841 	 494.288694 	 660.123820
   32 	 371.003179 	 519.329651 	 671.760039
   33 	 371.003179 	 521.960031 	 658.635437
   34 	 370.404534 	 524.694278 	 696.869183
   35 	 364.924868 	 532.685433 	 683.783034
   36 	 364.924868 	 538.523105 	 680.505236
   37 	 407.349672 	 543.894417 	 701.734130
   38 	 358.843194 	 554.544352 	 696.803032
   39 	 364.982783 	 550.125763 	 678.561660
   40 	 343.374726 	 555.345387 	 683.659872
   41 	 343.342210 	 558.226216 	 683.659872
   42 	 334.562699 	 558.902973 	 667.666327
   43 	 427.774803 	 554.104676 	 673.764604
   44 	 426.006819 	 561.395382 	 673.764604
   45 	 418.973636 	 570.113603 	 692.831508
   46 	 412.528524 	 562.904309 	 696.108402
   47 	 403.002724 	 567.918090 	 717.535424
   48 	 381.636198 	 580.144325 	 728.256249
   49 	 352.571180 	 590.024605 	 740.543338
   50 	 439.571270 	 593.690418 	 757.502215
   51 	 422.788991 	 610.975117 	 761.441619
   52 	 412.910530 	 620.753576 	 761.441619
   53 	 412.910530 	 622.777737 	 753.489977
   54 	 345.648634 	 629.857556 	 753.489977
   55 	 465.051103 	 635.827596 	 757.206073
   56 	 518.277284 	 642.812734 	 749.636316
   57 	 515.545009 	 641.958973 	 765.220263
   58 	 511.918141 	 647.365299 	 765.220263
   59 	 511.350008 	 653.114201 	 765.406707
   60 	 500.020360 	 651.111991 	 765.220263
   61 	 486.869146 	 652.634430 	 765.062038
   62 	 505.951773 	 650.888170 	 795.268134
   63 	 470.969842 	 656.207647 	 801.318004
   64 	 496.437932 	 675.498816 	 812.117790
   65 	 537.009331 	 679.243051 	 819.571564
   66 	 518.677372 	 683.181992 	 788.127937
   67 	 518.677372 	 680.492934 	 813.077924
   68 	 589.160181 	 681.603630 	 844.646897
   69 	 551.676245 	 677.012485 	 802.015359
   70 	 475.234810 	 680.833887 	 787.986343
   71 	 415.165039 	 683.394583 	 834.420743
   72 	 404.658711 	 683.368429 	 849.549472
   73 	 577.787896 	 689.653153 	 849.637603
   74 	 516.770136 	 682.309620 	 849.637603
   75 	 516.770136 	 681.673297 	 849.549472
   76 	 509.186615 	 682.325407 	 762.956503
   77 	 509.186615 	 682.918034 	 778.329053
   78 	 509.186615 	 685.477963 	 790.444239
   79 	 568.805943 	 686.009660 	 790.444239
   80 	 569.725330 	 690.848914 	 808.206144
   81 	 588.383673 	 702.353334 	 808.206144
   82 	 574.570107 	 701.083161 	 828.559903
   83 	 576.930630 	 706.613004 	 801.291133
   84 	 581.973943 	 711.454252 	 811.964365
   85 	 592.434385 	 714.365738 	 811.964365
   86 	 610.339653 	 718.719530 	 813.124925
   87 	 598.325999 	 725.518675 	 819.763049
   88 	 610.501761 	 729.067287 	 829.928548
   89 	 600.071207 	 733.412318 	 822.899274
   90 	 562.483104 	 739.972353 	 833.290902
   91 	 563.070232 	 747.274687 	 833.290902
   92 	 615.878947 	 750.233577 	 841.454364
   93 	 638.205849 	 754.144811 	 843.394479
   94 	 595.139563 	 749.277613 	 841.454364
   95 	 642.301997 	 749.769222 	 842.688072
   96 	 654.417427 	 750.143536 	 825.087530
   97 	 639.103403 	 744.266023 	 835.859883
   98 	 635.565946 	 749.244777 	 845.394600
   99 	 640.142595 	 743.957356 	 836.704205
 