   0 	 132.226923 	 266.321388 	 465.982640
    1 	 139.097813 	 281.252102 	 486.353844
    2 	 139.097813 	 295.652909 	 484.207193
    3 	 173.434579 	 322.632122 	 484.207193
    4 	 192.400408 	 341.235742 	 520.865565
    5 	 230.514114 	 352.726872 	 505.204841
    6 	 229.508639 	 359.476449 	 519.992541
    7 	 226.271178 	 375.186535 	 504.788888
    8 	 219.549815 	 391.160603 	 512.468751
    9 	 236.995492 	 400.562037 	 545.548182
   10 	 229.824131 	 413.428477 	 553.925594
   11 	 286.647258 	 423.432118 	 550.817177
   12 	 289.866698 	 429.683931 	 550.817177
   13 	 285.564236 	 439.424199 	 566.113826
   14 	 308.832982 	 451.907385 	 583.315950
   15 	 317.851939 	 458.217661 	 566.113826
   16 	 317.958096 	 455.635890 	 613.859582
   17 	 312.949861 	 458.617166 	 628.684286
   18 	 276.148722 	 465.032128 	 628.684286
   19 	 318.256029 	 472.591585 	 598.470852
   20 	 379.685070 	 476.501129 	 598.470852
   21 	 361.992119 	 481.296659 	 598.470852
   22 	 329.686629 	 478.781259 	 598.649739
   23 	 339.105327 	 483.748239 	 603.302634
   24 	 300.727280 	 494.293713 	 604.908265
   25 	 369.040943 	 501.094804 	 611.711661
   26 	 369.040943 	 510.864463 	 615.898292
   27 	 369.040943 	 522.576086 	 616.975424
   28 	 367.314347 	 516.486467 	 630.183259
   29 	 396.134916 	 522.782479 	 660.164152
   30 	 396.134916 	 525.494171 	 669.608011
   31 	 414.749265 	 535.096362 	 665.903690
   32 	 376.972529 	 537.347981 	 677.397903
   33 	 408.442634 	 532.634472 	 635.734380
   34 	 407.369212 	 536.888755 	 634.807087
   35 	 423.319110 	 537.737567 	 653.768021
   36 	 423.319110 	 545.678712 	 669.505774
   37 	 430.270372 	 548.551126 	 670.107815
   38 	 448.895877 	 555.579509 	 690.057900
   39 	 462.272762 	 558.054015 	 677.788043
   40 	 459.937803 	 560.658055 	 669.390381
   41 	 461.459121 	 565.929366 	 706.286246
   42 	 457.454691 	 572.134008 	 718.560378
   43 	 486.495637 	 582.765155 	 718.560378
   44 	 452.419812 	 587.604984 	 718.560378
   45 	 460.920785 	 591.695430 	 715.448828
   46 	 437.731389 	 586.726794 	 715.448828
   47 	 433.654428 	 591.517069 	 715.448828
   48 	 402.717960 	 605.559760 	 715.448828
   49 	 413.650653 	 603.188023 	 713.383719
   50 	 435.998659 	 602.026594 	 716.871286
   51 	 435.998659 	 604.877775 	 710.969374
   52 	 498.851980 	 604.209779 	 710.969374
   53 	 485.618203 	 612.435767 	 724.659060
   54 	 484.946589 	 624.643859 	 746.769751
   55 	 468.372178 	 626.790778 	 781.014924
   56 	 468.372178 	 629.627903 	 791.942257
   57 	 501.344928 	 628.017932 	 791.942257
   58 	 490.362089 	 640.142100 	 791.942257
   59 	 508.632485 	 637.843643 	 791.942257
   60 	 515.889477 	 647.154151 	 787.089770
   61 	 496.800319 	 643.937563 	 817.544967
   62 	 518.049346 	 653.139853 	 829.073157
   63 	 469.576203 	 654.352048 	 791.670595
   64 	 524.228425 	 661.827876 	 830.620862
   65 	 481.851494 	 665.775503 	 823.091535
   66 	 481.851494 	 667.654891 	 837.198508
   67 	 481.917253 	 663.737604 	 829.111505
   68 	 484.999535 	 652.346145 	 821.894338
   69 	 522.210996 	 652.169385 	 791.983949
   70 	 494.267624 	 656.600706 	 789.339695
   71 	 512.618711 	 665.597171 	 800.509692
   72 	 524.112220 	 668.583384 	 806.584173
   73 	 535.113005 	 671.829145 	 818.608866
   74 	 525.025901 	 680.351281 	 790.954721
   75 	 535.113005 	 690.461161 	 804.526367
   76 	 518.090425 	 686.655092 	 799.817481
   77 	 557.531556 	 686.415175 	 817.510085
   78 	 506.066396 	 688.969587 	 817.510085
   79 	 506.066396 	 699.020940 	 820.539277
   80 	 553.585146 	 700.430424 	 827.460146
   81 	 506.183502 	 692.921594 	 828.428504
   82 	 486.457023 	 698.069066 	 815.605454
   83 	 536.681875 	 687.533234 	 795.948904
   84 	 534.983722 	 692.810942 	 812.193453
   85 	 566.183831 	 698.178908 	 809.289868
   86 	 538.095782 	 693.126150 	 800.597481
   87 	 498.333051 	 693.489199 	 799.318966
   88 	 565.162774 	 690.190772 	 799.318966
   89 	 583.135334 	 702.390127 	 799.023943
   90 	 577.885824 	 701.875291 	 784.121777
   91 	 566.250173 	 702.379821 	 796.367810
   92 	 552.061265 	 706.094893 	 808.935754
   93 	 602.925411 	 709.352979 	 814.896740
   94 	 590.052983 	 716.570036 	 814.987004
   95 	 564.934716 	 719.539569 	 822.529223
   96 	 517.666368 	 719.109377 	 870.939401
   97 	 560.595103 	 736.294455 	 845.973026
   98 	 560.595103 	 730.866938 	 862.183595
   99 	 610.162497 	 738.995590 	 862.183595
 