   0 	 120.202127 	 255.134261 	 437.050500
    1 	 120.202127 	 264.851777 	 456.097179
    2 	 146.120901 	 266.351314 	 456.097179
    3 	 140.115242 	 276.807380 	 528.510704
    4 	 167.594149 	 284.016189 	 513.535793
    5 	 169.568421 	 289.094408 	 513.535793
    6 	 168.169222 	 309.284410 	 524.035772
    7 	 170.381473 	 325.675975 	 525.360046
    8 	 155.628165 	 341.967194 	 525.360046
    9 	 130.760890 	 364.672126 	 567.519332
   10 	 160.225752 	 381.783118 	 553.608831
   11 	 212.577808 	 395.276045 	 569.239121
   12 	 251.143987 	 403.394506 	 589.459660
   13 	 233.710772 	 417.793070 	 589.501890
   14 	 264.702057 	 441.603916 	 589.501890
   15 	 307.885212 	 451.956976 	 586.382560
   16 	 302.460205 	 463.953082 	 617.545327
   17 	 315.463485 	 476.828202 	 588.578224
   18 	 317.772833 	 484.305977 	 588.578224
   19 	 319.765410 	 495.255408 	 609.097474
   20 	 366.050854 	 500.853789 	 618.076546
   21 	 358.140117 	 496.302637 	 620.946951
   22 	 347.583909 	 493.653994 	 601.263188
   23 	 347.583909 	 502.643854 	 619.739131
   24 	 347.583909 	 494.626936 	 601.007753
   25 	 386.958531 	 498.197930 	 601.679611
   26 	 350.767136 	 501.134102 	 624.478150
   27 	 350.127283 	 506.113265 	 627.027446
   28 	 309.818590 	 509.804886 	 648.789304
   29 	 347.700671 	 511.316157 	 670.254158
   30 	 349.155070 	 543.167224 	 670.254158
   31 	 349.155070 	 551.340316 	 707.177288
   32 	 380.998001 	 554.309891 	 691.953053
   33 	 420.332945 	 557.377728 	 687.728965
   34 	 453.596563 	 566.176129 	 686.684054
   35 	 423.960395 	 562.508814 	 699.084554
   36 	 443.435568 	 576.521156 	 699.084554
   37 	 392.317605 	 576.214531 	 716.703396
   38 	 411.760988 	 573.313971 	 709.032570
   39 	 430.941977 	 589.119113 	 713.097970
   40 	 451.500868 	 584.925196 	 671.068332
   41 	 423.775531 	 585.549305 	 687.062381
   42 	 423.775531 	 596.410072 	 720.232642
   43 	 423.775531 	 593.533102 	 718.947471
   44 	 405.899754 	 589.262643 	 722.448641
   45 	 442.949271 	 587.059319 	 718.187492
   46 	 442.949271 	 598.477737 	 718.187492
   47 	 451.951127 	 603.691809 	 720.743589
   48 	 451.951127 	 612.633358 	 765.211079
   49 	 471.012224 	 621.393270 	 808.840446
   50 	 471.151185 	 630.087147 	 748.575253
   51 	 462.497621 	 629.090321 	 758.530899
   52 	 479.882966 	 642.130764 	 766.123480
   53 	 479.882966 	 641.941476 	 749.420534
   54 	 535.663939 	 643.312745 	 745.332766
   55 	 556.575423 	 645.610890 	 740.411969
   56 	 537.992739 	 656.112816 	 728.290691
   57 	 542.807310 	 671.010227 	 791.156582
   58 	 542.211168 	 672.316196 	 791.156582
   59 	 560.408603 	 675.295934 	 793.485044
   60 	 515.257358 	 680.360732 	 797.564235
   61 	 547.691554 	 684.374960 	 797.564235
   62 	 585.908653 	 687.048040 	 808.400391
   63 	 577.870340 	 678.693611 	 797.214215
   64 	 573.430873 	 682.602435 	 776.832311
   65 	 531.782714 	 683.486036 	 770.591392
   66 	 531.782714 	 681.798547 	 770.591392
   67 	 531.782714 	 684.678697 	 794.086103
   68 	 552.434820 	 687.960526 	 775.630423
   69 	 526.111362 	 683.074612 	 783.431246
   70 	 513.463938 	 687.848874 	 775.357348
   71 	 576.600772 	 688.529583 	 782.075390
   72 	 576.600772 	 688.566807 	 791.631595
   73 	 543.933859 	 686.585483 	 782.341129
   74 	 591.223484 	 700.719553 	 819.794392
   75 	 591.949558 	 700.270487 	 832.708203
   76 	 581.169092 	 698.565650 	 832.708203
   77 	 544.085286 	 705.190181 	 824.995809
   78 	 529.425603 	 703.419749 	 822.269789
   79 	 587.775339 	 696.867675 	 825.724524
   80 	 587.775339 	 696.405410 	 799.662062
   81 	 588.265086 	 694.576313 	 799.662062
   82 	 566.864587 	 695.903919 	 784.665329
   83 	 547.080335 	 696.603246 	 825.966001
   84 	 547.080335 	 701.089919 	 821.213621
   85 	 531.760888 	 700.250711 	 810.231610
   86 	 569.179556 	 700.410072 	 810.318620
   87 	 581.463980 	 702.696375 	 810.318620
   88 	 554.354393 	 704.691538 	 810.318620
   89 	 559.422041 	 703.491066 	 796.364878
   90 	 531.851885 	 700.232788 	 813.030016
   91 	 531.851885 	 702.460249 	 786.420593
   92 	 548.560556 	 707.018665 	 786.420593
   93 	 597.602710 	 706.261398 	 786.420593
   94 	 563.083901 	 711.060343 	 792.357125
   95 	 597.891126 	 714.416249 	 804.301492
   96 	 577.811900 	 710.865971 	 787.912528
   97 	 577.850095 	 712.634073 	 805.940882
   98 	 529.012701 	 718.256350 	 800.317838
   99 	 578.071852 	 723.224215 	 812.616262
 