   0 	 140.816164 	 262.072839 	 502.832580
    1 	 130.930419 	 285.382034 	 502.832580
    2 	 155.915032 	 297.928027 	 500.211665
    3 	 147.479107 	 320.603668 	 481.306954
    4 	 146.130813 	 339.567775 	 481.306954
    5 	 149.157776 	 347.208877 	 482.099451
    6 	 242.513965 	 362.454484 	 507.156312
    7 	 241.912567 	 367.443804 	 500.445380
    8 	 240.377889 	 368.008202 	 479.914083
    9 	 267.550298 	 371.987291 	 557.889649
   10 	 255.735295 	 385.972791 	 496.441653
   11 	 255.735295 	 395.155335 	 526.057910
   12 	 270.304582 	 416.603085 	 539.709757
   13 	 277.163902 	 423.535277 	 562.362853
   14 	 324.549999 	 435.104220 	 576.846936
   15 	 288.930821 	 435.194046 	 574.870898
   16 	 260.357994 	 450.059543 	 570.180740
   17 	 285.493340 	 457.635768 	 555.698284
   18 	 321.912465 	 459.285760 	 580.265872
   19 	 306.363724 	 467.150660 	 592.644628
   20 	 295.441984 	 475.695517 	 592.644628
   21 	 339.778380 	 478.304949 	 647.502113
   22 	 341.726527 	 471.648110 	 636.848412
   23 	 321.710122 	 479.685324 	 636.848412
   24 	 314.984797 	 484.868635 	 636.528285
   25 	 342.330489 	 502.409873 	 632.164651
   26 	 342.330489 	 518.855945 	 630.957741
   27 	 364.268549 	 515.861826 	 664.976781
   28 	 372.378749 	 527.666488 	 702.884914
   29 	 391.309154 	 525.264558 	 702.884914
   30 	 411.396181 	 538.326941 	 702.884914
   31 	 411.396445 	 552.656183 	 730.088682
   32 	 381.677493 	 553.703476 	 717.550732
   33 	 364.481061 	 547.806572 	 717.550732
   34 	 402.380256 	 548.322505 	 702.859392
   35 	 389.354216 	 553.422086 	 727.996595
   36 	 404.024505 	 555.613388 	 719.265800
   37 	 404.632890 	 570.148960 	 724.573367
   38 	 417.202268 	 575.433011 	 724.573367
   39 	 385.613292 	 585.655032 	 751.751027
   40 	 388.591277 	 601.219223 	 724.649473
   41 	 417.945200 	 592.777446 	 738.987477
   42 	 446.976500 	 587.445966 	 726.501285
   43 	 428.912918 	 600.606537 	 746.151436
   44 	 431.863560 	 612.346588 	 747.972139
   45 	 427.643961 	 618.435191 	 748.507829
   46 	 427.643961 	 629.292185 	 748.507829
   47 	 433.748243 	 634.669159 	 756.746774
   48 	 413.201387 	 633.530793 	 766.558287
   49 	 413.201387 	 646.090670 	 766.558287
   50 	 523.127333 	 652.059776 	 766.558287
   51 	 481.178306 	 651.791151 	 743.470059
   52 	 483.878361 	 654.251087 	 735.741461
   53 	 479.823224 	 660.868839 	 755.468816
   54 	 541.069083 	 659.080350 	 729.542725
   55 	 550.246396 	 656.968439 	 738.929224
   56 	 539.352726 	 664.421844 	 755.855248
   57 	 542.613430 	 661.572887 	 755.855248
   58 	 534.424329 	 659.563740 	 761.445503
   59 	 534.424329 	 661.028062 	 752.117122
   60 	 522.248630 	 661.905579 	 776.840544
   61 	 475.384870 	 662.948655 	 754.254075
   62 	 575.674290 	 665.395067 	 735.557580
   63 	 563.135102 	 665.299396 	 749.901951
   64 	 561.848533 	 671.155152 	 749.901951
   65 	 553.859405 	 671.061273 	 759.429935
   66 	 557.442589 	 672.410847 	 764.504548
   67 	 567.087023 	 676.220646 	 768.396496
   68 	 550.975635 	 675.372862 	 776.046056
   69 	 500.280380 	 672.771650 	 771.948660
   70 	 551.947945 	 673.298351 	 771.948660
   71 	 533.071873 	 677.855015 	 789.642687
   72 	 495.429775 	 678.446124 	 762.449018
   73 	 507.333371 	 679.631202 	 776.775909
   74 	 558.935694 	 678.389192 	 782.473286
   75 	 576.184382 	 686.819027 	 785.318616
   76 	 560.514729 	 688.441006 	 796.061358
   77 	 556.358238 	 691.823068 	 795.314758
   78 	 574.829588 	 684.429418 	 791.362828
   79 	 574.829588 	 691.368573 	 803.875447
   80 	 563.475160 	 689.611659 	 814.032731
   81 	 569.656424 	 701.991619 	 812.262309
   82 	 546.077769 	 715.936357 	 818.129923
   83 	 542.768455 	 715.512073 	 820.344689
   84 	 542.768455 	 726.366015 	 845.494729
   85 	 542.768455 	 723.291568 	 834.735692
   86 	 531.621295 	 728.182662 	 839.549118
   87 	 578.703723 	 737.971890 	 835.178250
   88 	 578.703723 	 741.326787 	 835.178250
   89 	 571.751121 	 742.099938 	 834.182692
   90 	 578.703723 	 746.509045 	 840.527352
   91 	 579.611252 	 738.457631 	 830.182909
   92 	 580.234684 	 753.167503 	 832.232511
   93 	 612.589674 	 755.836914 	 838.854585
   94 	 667.822745 	 761.410545 	 837.021778
   95 	 673.276225 	 761.068808 	 834.464184
   96 	 673.931403 	 754.414749 	 834.464184
   97 	 642.187425 	 753.758970 	 851.589388
   98 	 649.489621 	 754.916556 	 851.110434
   99 	 650.891368 	 758.375897 	 851.110434
 