   0 	 100.158153 	 271.848957 	 515.253252
    1 	 129.334543 	 286.011826 	 519.487620
    2 	 125.065220 	 296.683322 	 426.347965
    3 	 124.209291 	 313.883324 	 480.251693
    4 	 148.486333 	 325.004671 	 481.576055
    5 	 128.737504 	 341.696001 	 500.060533
    6 	 194.130305 	 358.501314 	 484.476407
    7 	 186.995207 	 371.246765 	 550.787527
    8 	 261.772681 	 385.568991 	 553.544982
    9 	 267.517376 	 394.071592 	 545.072439
   10 	 243.451997 	 414.142530 	 601.876500
   11 	 208.811316 	 422.134953 	 637.920301
   12 	 233.730039 	 443.159112 	 625.070292
   13 	 266.010118 	 461.173744 	 652.879081
   14 	 326.038218 	 475.730302 	 659.825619
   15 	 281.285917 	 478.919499 	 659.825619
   16 	 281.285917 	 493.140450 	 659.825619
   17 	 360.434048 	 504.140108 	 672.656485
   18 	 362.989723 	 503.617820 	 658.124247
   19 	 352.020500 	 514.289853 	 658.893294
   20 	 318.754006 	 511.175453 	 657.871867
   21 	 318.754006 	 518.591609 	 657.871867
   22 	 406.130018 	 532.757127 	 666.792040
   23 	 353.472582 	 523.183323 	 652.961339
   24 	 369.566441 	 536.120053 	 652.961339
   25 	 417.484490 	 541.148148 	 664.739054
   26 	 425.091005 	 548.260232 	 710.827420
   27 	 407.566694 	 561.244004 	 710.827420
   28 	 431.223167 	 558.359213 	 689.689881
   29 	 398.325363 	 541.574640 	 686.487395
   30 	 373.208465 	 545.390486 	 684.247147
   31 	 376.404467 	 539.081857 	 752.371603
   32 	 376.404467 	 544.612157 	 736.042049
   33 	 407.181493 	 555.956886 	 740.954616
   34 	 446.606677 	 561.063282 	 771.721904
   35 	 428.707820 	 574.026741 	 771.721904
   36 	 369.795988 	 571.656052 	 695.446799
   37 	 379.403222 	 582.123180 	 722.833049
   38 	 392.028122 	 584.868067 	 746.734784
   39 	 413.453225 	 597.806441 	 763.172032
   40 	 378.332185 	 607.984332 	 777.347305
   41 	 406.563871 	 626.166119 	 786.545991
   42 	 471.847702 	 622.466162 	 814.460479
   43 	 455.324516 	 624.738942 	 814.460479
   44 	 453.338972 	 637.858555 	 814.460479
   45 	 453.338972 	 657.173478 	 814.460479
   46 	 469.134890 	 661.855075 	 795.599458
   47 	 449.620319 	 675.285984 	 850.690023
   48 	 481.056132 	 678.326298 	 824.262226
   49 	 515.506113 	 679.584556 	 841.067198
   50 	 470.941450 	 681.914715 	 841.067198
   51 	 460.150955 	 697.678443 	 846.460868
   52 	 533.098636 	 698.590817 	 889.782702
   53 	 488.857258 	 708.743959 	 889.782702
   54 	 444.843428 	 708.803908 	 889.782702
   55 	 568.335176 	 715.785322 	 840.881295
   56 	 568.335176 	 710.867578 	 864.153461
   57 	 547.067077 	 714.901541 	 847.954022
   58 	 553.694858 	 713.589631 	 850.978084
   59 	 563.377616 	 718.303126 	 862.002233
   60 	 489.785000 	 724.364745 	 862.002233
   61 	 526.767513 	 719.113229 	 862.002233
   62 	 502.930650 	 733.346517 	 860.180163
   63 	 502.930650 	 735.050094 	 855.129725
   64 	 534.431084 	 733.764419 	 855.021319
   65 	 612.611943 	 734.022787 	 886.643208
   66 	 622.335309 	 742.829822 	 890.884768
   67 	 620.988648 	 744.407355 	 833.737678
   68 	 588.477148 	 741.333191 	 851.676858
   69 	 588.477148 	 746.358637 	 851.676858
   70 	 629.437542 	 756.552700 	 860.938215
   71 	 631.211688 	 758.618815 	 860.938215
   72 	 592.893694 	 754.903345 	 854.310636
   73 	 606.056996 	 755.623611 	 886.267451
   74 	 612.568317 	 751.650202 	 856.325801
   75 	 620.447034 	 753.328244 	 847.204282
   76 	 606.028477 	 752.633456 	 846.141954
   77 	 614.574599 	 754.336265 	 853.504144
   78 	 572.342320 	 758.693799 	 842.648273
   79 	 614.773216 	 758.770322 	 849.470564
   80 	 635.741034 	 761.863947 	 849.470564
   81 	 615.246656 	 759.510834 	 882.899222
   82 	 529.840378 	 764.739892 	 849.470564
   83 	 666.930024 	 768.042634 	 855.394263
   84 	 666.930024 	 770.529770 	 863.968474
   85 	 664.005463 	 774.759425 	 884.774489
   86 	 685.209824 	 783.676868 	 908.869721
   87 	 670.507157 	 783.718016 	 908.869721
   88 	 664.992614 	 780.252631 	 898.150408
   89 	 664.992614 	 778.948669 	 898.150408
   90 	 600.929739 	 779.969639 	 898.150408
   91 	 594.889669 	 781.054950 	 898.598720
   92 	 579.813109 	 785.633572 	 916.175539
   93 	 579.813109 	 783.355260 	 916.175539
   94 	 576.579722 	 781.983720 	 916.175539
   95 	 560.310726 	 770.788196 	 915.930770
   96 	 543.176728 	 770.856871 	 915.930770
   97 	 544.136473 	 774.469838 	 894.838841
   98 	 626.855714 	 768.471939 	 866.232648
   99 	 626.855714 	 770.625104 	 866.058199
 