   0 	 103.586771 	 249.841016 	 457.003020
    1 	 109.935403 	 268.766844 	 415.557315
    2 	 150.191915 	 279.851221 	 449.788109
    3 	 169.327266 	 294.681658 	 438.409592
    4 	 152.075892 	 312.326578 	 449.988780
    5 	 152.601133 	 329.710011 	 471.806707
    6 	 134.486067 	 343.824493 	 478.633260
    7 	 156.273814 	 355.405770 	 527.034379
    8 	 211.582761 	 379.844567 	 527.034379
    9 	 218.473293 	 394.870455 	 532.972231
   10 	 210.163567 	 408.167299 	 595.786683
   11 	 226.706215 	 416.606433 	 537.838715
   12 	 214.768308 	 429.982220 	 538.151207
   13 	 244.682460 	 434.722379 	 555.430110
   14 	 279.835174 	 431.760273 	 608.579508
   15 	 297.317020 	 439.959040 	 606.770259
   16 	 326.727974 	 438.576565 	 568.237589
   17 	 320.957350 	 445.084239 	 573.684965
   18 	 268.828940 	 448.659869 	 601.207247
   19 	 315.966374 	 452.014942 	 602.109072
   20 	 331.968110 	 453.609346 	 602.282683
   21 	 329.250136 	 464.913924 	 650.899115
   22 	 308.747193 	 476.893978 	 658.636175
   23 	 298.818055 	 484.635626 	 658.636175
   24 	 320.919620 	 487.647034 	 653.967115
   25 	 336.534325 	 485.487410 	 607.470211
   26 	 314.496480 	 489.942155 	 646.668282
   27 	 305.393134 	 503.274066 	 670.627673
   28 	 363.427570 	 521.208456 	 689.078285
   29 	 290.995102 	 521.451438 	 687.087609
   30 	 346.483734 	 523.508136 	 693.548035
   31 	 378.239737 	 534.311361 	 692.491963
   32 	 371.078080 	 532.585787 	 692.491963
   33 	 375.840172 	 543.369989 	 677.502937
   34 	 349.834218 	 546.075843 	 668.853723
   35 	 405.217905 	 550.122434 	 677.302772
   36 	 419.729676 	 547.444236 	 677.302772
   37 	 425.731661 	 560.276026 	 690.620041
   38 	 443.294322 	 574.603909 	 711.518226
   39 	 413.879498 	 583.190681 	 711.518226
   40 	 436.552450 	 591.807904 	 712.941275
   41 	 469.089578 	 601.835768 	 730.264273
   42 	 462.969470 	 607.002383 	 713.548618
   43 	 430.226740 	 610.733850 	 772.092238
   44 	 428.742365 	 619.312855 	 770.038760
   45 	 428.742365 	 626.317679 	 770.038760
   46 	 476.785543 	 630.490265 	 772.176223
   47 	 460.330681 	 633.907732 	 772.176223
   48 	 469.015691 	 630.532406 	 801.707293
   49 	 462.659108 	 630.370105 	 820.094677
   50 	 464.027506 	 632.104801 	 783.126623
   51 	 430.909116 	 638.185488 	 757.306470
   52 	 492.369800 	 644.582997 	 763.238337
   53 	 492.763148 	 644.927794 	 813.026740
   54 	 492.763148 	 648.390881 	 787.332674
   55 	 485.927727 	 654.405912 	 802.442542
   56 	 508.842244 	 656.924712 	 835.813543
   57 	 513.834997 	 664.304425 	 837.849030
   58 	 484.295611 	 670.108059 	 838.881778
   59 	 451.975921 	 663.406907 	 821.819932
   60 	 495.740440 	 667.809477 	 821.819932
   61 	 477.255387 	 673.495533 	 805.096205
   62 	 506.133630 	 680.473475 	 805.351254
   63 	 565.129147 	 694.854808 	 821.994844
   64 	 564.902954 	 687.307465 	 813.002891
   65 	 555.928293 	 692.374677 	 835.287291
   66 	 568.099393 	 696.206268 	 834.445045
   67 	 573.440333 	 690.772448 	 834.445045
   68 	 545.640510 	 690.183372 	 823.687967
   69 	 530.850287 	 687.816209 	 811.076380
   70 	 528.622585 	 696.095579 	 832.789996
   71 	 546.955799 	 703.202606 	 811.051519
   72 	 502.009979 	 709.826986 	 811.051519
   73 	 502.009979 	 709.924930 	 814.391097
   74 	 522.922234 	 713.746985 	 839.101869
   75 	 522.922234 	 717.751861 	 890.047052
   76 	 574.022097 	 726.461227 	 881.630132
   77 	 578.884267 	 730.629198 	 881.630132
   78 	 578.884267 	 732.566756 	 881.655793
   79 	 578.025354 	 733.331769 	 887.279320
   80 	 548.138397 	 722.375050 	 882.514706
   81 	 553.826792 	 728.419962 	 882.514706
   82 	 578.209284 	 719.912308 	 855.974123
   83 	 583.929457 	 716.549747 	 842.212008
   84 	 591.405994 	 715.559692 	 867.818053
   85 	 586.204000 	 714.632612 	 867.818053
   86 	 621.578426 	 715.414627 	 858.130232
   87 	 606.608435 	 711.223403 	 858.130232
   88 	 574.520546 	 716.752444 	 846.267251
   89 	 589.852090 	 715.435168 	 820.624765
   90 	 576.621975 	 709.029813 	 823.057526
   91 	 551.392719 	 707.936183 	 828.996709
   92 	 551.392719 	 708.082498 	 868.946319
   93 	 554.703500 	 713.719738 	 856.972355
   94 	 578.706276 	 711.345842 	 876.261616
   95 	 567.714031 	 708.667920 	 887.021576
   96 	 525.320412 	 715.039085 	 887.021576
   97 	 553.781254 	 719.612886 	 884.760284
   98 	 614.717508 	 724.696181 	 862.040754
   99 	 625.547238 	 734.062292 	 896.917070
 