   0 	 16.045979 	 29.211382 	 45.136148
    1 	 18.411063 	 30.529834 	 45.136148
    2 	 18.411063 	 30.249744 	 48.259154
    3 	 21.332266 	 31.167638 	 50.142486
    4 	 19.542338 	 32.313256 	 50.142486
    5 	 20.844129 	 33.235015 	 47.407653
    6 	 25.203957 	 34.863625 	 48.461826
    7 	 24.570071 	 35.749011 	 46.415417
    8 	 24.060071 	 36.002283 	 47.780927
    9 	 23.212836 	 37.153829 	 47.907943
   10 	 25.986528 	 38.351674 	 47.399252
   11 	 30.412704 	 38.786997 	 47.459517
   12 	 29.678667 	 39.026587 	 49.233654
   13 	 27.809884 	 39.381407 	 50.923693
   14 	 26.300422 	 39.549436 	 49.770186
   15 	 28.761103 	 40.392763 	 49.770186
   16 	 27.276660 	 40.008715 	 50.050628
   17 	 26.972357 	 39.652162 	 51.096077
   18 	 26.850172 	 39.386238 	 50.052279
   19 	 31.210427 	 40.448580 	 50.892648
   20 	 29.870669 	 41.166087 	 50.892648
   21 	 30.931883 	 41.798949 	 50.892648
   22 	 29.154485 	 42.126504 	 50.368857
   23 	 29.154485 	 41.682199 	 50.856521
   24 	 30.432062 	 41.380351 	 50.533574
   25 	 32.950950 	 42.133120 	 50.533574
   26 	 31.515663 	 42.714187 	 50.863232
   27 	 31.515663 	 42.976878 	 51.892502
   28 	 31.515663 	 43.124128 	 56.239276
   29 	 31.515663 	 42.900872 	 51.248493
   30 	 33.707031 	 42.537556 	 51.718873
   31 	 32.265794 	 43.341322 	 54.874604
   32 	 35.187234 	 43.494080 	 54.874604
   33 	 33.317418 	 43.490984 	 52.500126
   34 	 35.006468 	 43.933760 	 54.659142
   35 	 27.923600 	 43.875900 	 57.445214
   36 	 35.254418 	 45.041738 	 54.531570
   37 	 35.932318 	 45.217235 	 54.527205
   38 	 35.932318 	 45.659439 	 55.856373
   39 	 37.924677 	 46.807529 	 58.677810
   40 	 36.434363 	 46.768722 	 58.674805
   41 	 37.011857 	 46.450688 	 57.540594
   42 	 35.888433 	 46.530019 	 57.540594
   43 	 35.679442 	 46.990720 	 55.264038
   44 	 36.744872 	 47.139323 	 54.806793
   45 	 36.896758 	 47.621021 	 56.300413
   46 	 37.502034 	 48.006414 	 57.063233
   47 	 41.539962 	 48.153785 	 57.063233
   48 	 41.539962 	 48.600658 	 56.165249
   49 	 41.017983 	 48.769890 	 57.064884
   50 	 41.769766 	 48.612262 	 57.127079
   51 	 40.431994 	 48.361946 	 57.120827
   52 	 38.604687 	 48.540672 	 58.264100
   53 	 37.993604 	 48.479926 	 56.819056
   54 	 40.448076 	 48.689941 	 58.782360
   55 	 38.383610 	 48.981413 	 58.769360
   56 	 41.114228 	 49.611843 	 58.769360
   57 	 39.680088 	 49.143935 	 59.118233
   58 	 41.156618 	 49.305211 	 59.118233
   59 	 41.957945 	 49.142222 	 56.782530
   60 	 38.281893 	 49.008705 	 56.782530
   61 	 38.281893 	 49.146310 	 57.547677
   62 	 38.068635 	 49.078625 	 58.171629
   63 	 37.989551 	 49.046614 	 60.107759
   64 	 37.088173 	 48.641979 	 58.927531
   65 	 38.171295 	 47.931701 	 58.670518
   66 	 37.678902 	 48.367973 	 58.670518
   67 	 35.617811 	 49.024884 	 55.999894
   68 	 38.327543 	 50.069441 	 56.662617
   69 	 41.165534 	 49.997071 	 58.443174
   70 	 42.854246 	 50.397691 	 58.443174
   71 	 42.104455 	 50.610772 	 57.776588
   72 	 42.490433 	 51.079886 	 60.608152
   73 	 39.893201 	 50.859299 	 56.674361
   74 	 44.861139 	 51.381031 	 57.885430
   75 	 43.346034 	 51.731218 	 57.998745
   76 	 43.965443 	 51.843394 	 59.523972
   77 	 44.180353 	 51.635617 	 58.726443
   78 	 44.180353 	 52.090115 	 58.081688
   79 	 44.376534 	 51.903916 	 58.958144
   80 	 40.877348 	 51.985181 	 59.216837
   81 	 39.841900 	 52.051211 	 59.982676
   82 	 39.841900 	 51.602684 	 58.641985
   83 	 45.105059 	 51.980969 	 59.756645
   84 	 44.211142 	 51.901839 	 59.602126
   85 	 43.870592 	 52.681120 	 60.215525
   86 	 44.103747 	 52.642860 	 60.215525
   87 	 45.107025 	 52.570880 	 58.598203
   88 	 42.671802 	 52.470127 	 59.132877
   89 	 44.909700 	 52.444115 	 60.941793
   90 	 44.205031 	 52.323878 	 59.372236
   91 	 44.220781 	 52.220713 	 59.637493
   92 	 41.536386 	 52.051685 	 58.992990
   93 	 41.733164 	 51.932570 	 59.029728
   94 	 40.420168 	 51.809010 	 59.160213
   95 	 36.520855 	 51.786162 	 60.498230
   96 	 36.520855 	 51.285135 	 59.561789
   97 	 41.624337 	 52.030949 	 59.795115
   98 	 41.402961 	 51.751794 	 59.261090
   99 	 41.402961 	 51.529032 	 59.261090
 