   0 	 132.306785 	 272.331737 	 471.453388
    1 	 144.982477 	 289.541834 	 439.340935
    2 	 187.552956 	 311.438452 	 443.386736
    3 	 199.307112 	 321.430137 	 456.841392
    4 	 215.930483 	 323.746635 	 487.190618
    5 	 201.528962 	 333.415398 	 479.677355
    6 	 216.858711 	 341.895978 	 500.060462
    7 	 203.676842 	 353.441336 	 523.613823
    8 	 209.839357 	 368.383965 	 533.768421
    9 	 187.318872 	 364.569790 	 504.344559
   10 	 236.694696 	 373.517438 	 516.108407
   11 	 233.178928 	 376.958396 	 586.927055
   12 	 233.178928 	 387.425858 	 587.761110
   13 	 213.491024 	 401.891824 	 587.761110
   14 	 173.348257 	 407.666867 	 589.221287
   15 	 225.776140 	 422.922066 	 589.221287
   16 	 278.078018 	 427.715093 	 553.836791
   17 	 278.786925 	 441.107891 	 612.800090
   18 	 275.249348 	 445.752926 	 621.393056
   19 	 274.813601 	 466.194716 	 611.145946
   20 	 306.078333 	 477.525550 	 685.663457
   21 	 317.267969 	 499.977718 	 685.663457
   22 	 261.008441 	 503.419788 	 685.663068
   23 	 267.929091 	 509.918319 	 724.952198
   24 	 287.106592 	 520.391318 	 729.403152
   25 	 337.172715 	 525.021942 	 696.345949
   26 	 358.440804 	 531.513056 	 713.610563
   27 	 358.440804 	 548.501416 	 716.710096
   28 	 352.801108 	 558.298189 	 733.299910
   29 	 388.943096 	 563.679581 	 715.348955
   30 	 388.943096 	 578.299974 	 712.852604
   31 	 385.461058 	 572.025805 	 716.009896
   32 	 375.156341 	 570.244553 	 713.177175
   33 	 420.681638 	 588.366122 	 730.384294
   34 	 438.022642 	 587.807186 	 722.258541
   35 	 451.148725 	 589.364395 	 758.843718
   36 	 399.429032 	 592.638196 	 729.464790
   37 	 410.493923 	 606.584781 	 745.309639
   38 	 410.493923 	 607.063241 	 789.107958
   39 	 408.023633 	 604.406112 	 773.185027
   40 	 447.037022 	 619.035712 	 747.914288
   41 	 447.931269 	 625.363662 	 784.072501
   42 	 425.937770 	 643.083470 	 784.072501
   43 	 437.980078 	 649.674157 	 806.015937
   44 	 417.670744 	 650.014348 	 778.699286
   45 	 520.097098 	 655.486447 	 775.021104
   46 	 513.973044 	 659.897407 	 791.852968
   47 	 424.203765 	 667.918169 	 791.852968
   48 	 487.123557 	 666.656963 	 781.567789
   49 	 500.114418 	 673.834274 	 781.458644
   50 	 514.047069 	 673.948602 	 839.854795
   51 	 497.762028 	 677.617037 	 823.467373
   52 	 526.220886 	 684.111584 	 811.073238
   53 	 522.533151 	 699.483070 	 818.912273
   54 	 522.533151 	 701.589215 	 819.542393
   55 	 524.791273 	 703.461944 	 883.507494
   56 	 496.277062 	 701.846480 	 883.507494
   57 	 550.256679 	 712.010302 	 883.507494
   58 	 591.605508 	 713.933909 	 825.726655
   59 	 571.554419 	 721.195454 	 841.419760
   60 	 571.554419 	 728.180500 	 868.584475
   61 	 592.899313 	 733.658968 	 868.584475
   62 	 614.416880 	 741.055020 	 867.974958
   63 	 604.010396 	 742.327330 	 828.585902
   64 	 604.517019 	 738.590349 	 846.429609
   65 	 537.106746 	 745.070384 	 887.128915
   66 	 613.635655 	 752.618608 	 897.572198
   67 	 591.334978 	 746.841911 	 897.572198
   68 	 592.766341 	 734.755740 	 840.846003
   69 	 604.077450 	 732.171526 	 812.171083
   70 	 616.558952 	 731.340974 	 857.350443
   71 	 559.201549 	 728.113908 	 823.435812
   72 	 620.607416 	 729.871350 	 840.793676
   73 	 537.471775 	 720.814423 	 841.492146
   74 	 538.658733 	 725.369028 	 847.194112
   75 	 538.658733 	 720.735217 	 862.629925
   76 	 534.601406 	 719.983640 	 862.409408
   77 	 564.852012 	 738.295121 	 855.409927
   78 	 599.613098 	 737.085734 	 895.372003
   79 	 599.613098 	 731.212066 	 895.372003
   80 	 598.751879 	 742.801982 	 879.826916
   81 	 589.215258 	 741.527901 	 844.068187
   82 	 589.215258 	 745.630862 	 849.284959
   83 	 585.342453 	 743.075225 	 844.068187
   84 	 605.141155 	 736.545508 	 868.438280
   85 	 611.399172 	 751.244877 	 881.836833
   86 	 622.098789 	 754.381855 	 881.836833
   87 	 633.128785 	 762.091136 	 881.785692
   88 	 628.872653 	 767.460729 	 881.785692
   89 	 628.945584 	 764.294205 	 897.361554
   90 	 607.388712 	 773.598273 	 898.701711
   91 	 607.388712 	 773.912090 	 900.360937
   92 	 607.388712 	 767.806580 	 892.705092
   93 	 643.688109 	 768.440908 	 891.177508
   94 	 637.549308 	 780.920935 	 876.850862
   95 	 647.177923 	 779.725765 	 926.601304
   96 	 657.111285 	 771.556348 	 899.012679
   97 	 660.689309 	 767.418542 	 899.012679
   98 	 682.298169 	 776.387218 	 904.246348
   99 	 642.225568 	 785.393118 	 929.267876
 