   0 	 0.015999 	 0.067771 	 0.576004
    1 	 0.015999 	 0.168935 	 4.522840
    2 	 0.022710 	 1.578104 	 4.522840
    3 	 0.030703 	 4.127269 	 4.522840
    4 	 2.625361 	 4.503866 	 4.522840
    5 	 4.522840 	 4.522840 	 4.522840
    6 	 4.522840 	 4.522840 	 4.522840
    7 	 4.522840 	 4.522840 	 4.522840
    8 	 4.522840 	 4.522840 	 4.522840
    9 	 4.522840 	 4.522840 	 4.522840
   10 	 3.031222 	 4.506345 	 4.522840
   11 	 4.364906 	 4.519682 	 4.522840
   12 	 2.246686 	 4.496920 	 4.522840
   13 	 0.040833 	 4.445767 	 4.522840
   14 	 2.246686 	 4.466246 	 4.522840
   15 	 2.602134 	 4.492562 	 4.522840
   16 	 4.522840 	 4.522840 	 4.522840
   17 	 4.522840 	 4.522840 	 4.522840
   18 	 0.045388 	 4.478066 	 4.522840
   19 	 0.337804 	 4.480990 	 4.522840
   20 	 4.522840 	 4.522840 	 4.522840
   21 	 0.426276 	 4.466959 	 4.522840
   22 	 4.522840 	 4.522840 	 4.522840
   23 	 4.522840 	 4.522840 	 4.522840
   24 	 3.877472 	 4.516387 	 4.522840
   25 	 3.877472 	 4.510747 	 4.522840
   26 	 3.877472 	 4.510747 	 4.522840
   27 	 3.877472 	 4.509933 	 4.522840
   28 	 0.846668 	 4.486079 	 4.522840
   29 	 4.522840 	 4.522840 	 4.522840
   30 	 0.045388 	 4.478066 	 4.522840
   31 	 4.522840 	 4.522840 	 4.522840
   32 	 4.522840 	 4.522840 	 4.522840
   33 	 4.522840 	 4.522840 	 4.522840
   34 	 4.522840 	 4.522840 	 4.522840
   35 	 4.522840 	 4.523610 	 4.599816
   36 	 0.111404 	 4.478726 	 4.522840
   37 	 4.522840 	 4.522840 	 4.522840
   38 	 4.522840 	 4.522840 	 4.522840
   39 	 4.522840 	 4.522840 	 4.522840
   40 	 4.522840 	 4.522840 	 4.522840
   41 	 4.522840 	 4.522840 	 4.522840
   42 	 4.522840 	 4.522840 	 4.522840
   43 	 4.522840 	 4.522840 	 4.522840
   44 	 4.522840 	 4.522840 	 4.522840
   45 	 4.522840 	 4.522840 	 4.522840
   46 	 4.522840 	 4.522840 	 4.522840
   47 	 0.040833 	 4.478020 	 4.522840
   48 	 4.522840 	 4.522840 	 4.522840
   49 	 4.522840 	 4.522840 	 4.522840
   50 	 4.203447 	 4.519646 	 4.522840
   51 	 4.203447 	 4.513259 	 4.522840
   52 	 4.203447 	 4.516452 	 4.522840
   53 	 4.522840 	 4.522840 	 4.522840
   54 	 4.522840 	 4.522840 	 4.522840
   55 	 4.522840 	 4.522840 	 4.522840
   56 	 0.146501 	 4.479077 	 4.522840
   57 	 4.522840 	 4.522840 	 4.522840
   58 	 4.522840 	 4.522840 	 4.522840
   59 	 4.522840 	 4.522840 	 4.522840
   60 	 4.522840 	 4.522840 	 4.522840
   61 	 4.522840 	 4.522840 	 4.522840
   62 	 4.522840 	 4.522840 	 4.522840
   63 	 4.522840 	 4.522840 	 4.522840
   64 	 4.522840 	 4.522840 	 4.522840
   65 	 4.522840 	 4.522840 	 4.522840
   66 	 4.522840 	 4.522840 	 4.522840
   67 	 4.522840 	 4.522840 	 4.522840
   68 	 4.522840 	 4.522840 	 4.522840
   69 	 4.522840 	 4.540624 	 6.301197
   70 	 4.522840 	 4.540624 	 6.301197
   71 	 4.522840 	 4.559177 	 6.301197
   72 	 4.522840 	 4.576191 	 6.301197
   73 	 4.522840 	 4.558407 	 6.301197
   74 	 0.037975 	 4.531342 	 6.301197
   75 	 0.037975 	 4.486494 	 6.301197
   76 	 2.602134 	 4.556984 	 6.301197
   77 	 0.045388 	 4.502875 	 6.301197
   78 	 4.522840 	 4.754027 	 6.301197
   79 	 4.522840 	 4.860728 	 6.301197
   80 	 4.522840 	 4.985213 	 6.301197
   81 	 4.522840 	 5.109698 	 6.301197
   82 	 4.522840 	 5.109698 	 6.301197
   83 	 4.522840 	 5.091915 	 6.301197
   84 	 4.522840 	 5.216400 	 6.301197
   85 	 4.522840 	 5.234183 	 6.301197
   86 	 4.522840 	 5.483153 	 6.301197
   87 	 0.846668 	 5.570876 	 6.301197
   88 	 0.846668 	 5.784279 	 6.301197
   89 	 0.846668 	 5.944331 	 6.301197
   90 	 2.613013 	 6.015345 	 6.301197
   91 	 4.522840 	 6.070011 	 6.301197
   92 	 4.522840 	 6.140829 	 6.301197
   93 	 4.522840 	 6.194496 	 6.301197
   94 	 0.038065 	 6.149648 	 6.301197
   95 	 4.522840 	 6.247847 	 6.301197
   96 	 4.522840 	 6.265630 	 6.301197
   97 	 4.522840 	 6.283414 	 6.301197
   98 	 6.301197 	 6.301197 	 6.301197
   99 	 6.301197 	 6.301197 	 6.301197
 