   0 	 0.015901 	 0.050490 	 0.228394
    1 	 0.016938 	 0.093282 	 1.164280
    2 	 0.021582 	 0.248524 	 1.164280
    3 	 0.021582 	 0.749054 	 2.782415
    4 	 0.021582 	 1.041280 	 2.782415
    5 	 0.114065 	 1.177280 	 2.782415
    6 	 0.655953 	 1.288647 	 2.782415
    7 	 0.046246 	 1.377233 	 2.859594
    8 	 1.164280 	 1.554401 	 2.859594
    9 	 1.164280 	 1.727738 	 3.479471
   10 	 0.223644 	 1.943532 	 2.939447
   11 	 0.045658 	 2.258134 	 2.859594
   12 	 1.164280 	 2.546003 	 3.022061
   13 	 1.164280 	 2.676221 	 3.022061
   14 	 2.344116 	 2.785484 	 3.022061
   15 	 1.985309 	 2.807519 	 4.382121
   16 	 1.985309 	 2.827065 	 4.382121
   17 	 2.344116 	 2.839829 	 4.382121
   18 	 0.802697 	 2.795593 	 4.382121
   19 	 2.344116 	 2.835596 	 4.382121
   20 	 2.344116 	 2.959423 	 4.382121
   21 	 2.344116 	 3.108382 	 4.382121
   22 	 2.344116 	 3.209945 	 4.382121
   23 	 2.344116 	 3.292811 	 4.382121
   24 	 2.344116 	 3.368311 	 4.382121
   25 	 2.344116 	 3.522015 	 4.510600
   26 	 2.344116 	 3.665439 	 4.510600
   27 	 2.344116 	 3.929438 	 8.375209
   28 	 2.344116 	 4.091435 	 8.375209
   29 	 2.344116 	 4.197254 	 8.375209
   30 	 2.344116 	 4.286295 	 8.375209
   31 	 2.707826 	 4.362824 	 8.375209
   32 	 2.782415 	 4.663359 	 8.375209
   33 	 4.257131 	 4.812646 	 8.375209
   34 	 4.257131 	 5.019660 	 8.375209
   35 	 4.257131 	 5.221919 	 8.375209
   36 	 4.257131 	 5.660669 	 8.375209
   37 	 4.257131 	 6.184210 	 8.375209
   38 	 4.382121 	 7.020154 	 8.375209
   39 	 0.118044 	 7.693318 	 8.382230
   40 	 4.382121 	 8.057658 	 8.382230
   41 	 4.382121 	 8.293529 	 8.382230
   42 	 4.382121 	 8.333952 	 8.382230
   43 	 8.319468 	 8.373602 	 8.375209
   44 	 8.354219 	 8.373950 	 8.375209
   45 	 1.438021 	 8.244880 	 8.375209
   46 	 2.342469 	 8.253085 	 8.375209
   47 	 2.342469 	 8.253085 	 8.375209
   48 	 8.354219 	 8.385436 	 9.523810
   49 	 8.354219 	 8.374160 	 8.375209
   50 	 3.278689 	 8.322565 	 8.375209
   51 	 3.278689 	 8.322845 	 8.382230
   52 	 1.065417 	 8.300922 	 8.382230
   53 	 8.354219 	 8.374650 	 8.382230
   54 	 8.354219 	 8.374999 	 8.375209
   55 	 1.845700 	 8.309704 	 8.375209
   56 	 8.375209 	 8.375209 	 8.375209
   57 	 8.375209 	 8.375209 	 8.375209
   58 	 8.375209 	 8.375209 	 8.375209
   59 	 8.375209 	 8.375209 	 8.375209
   60 	 8.375209 	 8.375209 	 8.375209
   61 	 8.375209 	 8.375209 	 8.375209
   62 	 8.375209 	 8.375209 	 8.375209
   63 	 8.375209 	 8.375209 	 8.375209
   64 	 8.375209 	 8.375209 	 8.375209
   65 	 8.375209 	 8.375209 	 8.375209
   66 	 8.375209 	 8.375209 	 8.375209
   67 	 8.375209 	 8.375209 	 8.375209
   68 	 8.375209 	 8.375209 	 8.375209
   69 	 0.560727 	 8.297065 	 8.375209
   70 	 0.560727 	 8.297065 	 8.375209
   71 	 8.375209 	 8.375209 	 8.375209
   72 	 8.375209 	 8.375209 	 8.375209
   73 	 8.375209 	 8.375209 	 8.375209
   74 	 8.375209 	 8.375209 	 8.375209
   75 	 8.375209 	 8.375209 	 8.375209
   76 	 8.375209 	 8.375209 	 8.375209
   77 	 8.375209 	 8.526199 	 23.474178
   78 	 8.375209 	 8.677189 	 23.474178
   79 	 8.375209 	 9.734117 	 23.474178
   80 	 8.375209 	 12.154617 	 23.474178
   81 	 8.375209 	 15.476390 	 23.474178
   82 	 8.375209 	 19.850426 	 23.474178
   83 	 8.375209 	 22.115271 	 23.474178
   84 	 0.040119 	 22.786869 	 23.474178
   85 	 8.375209 	 23.323189 	 23.474178
   86 	 23.474178 	 23.474178 	 23.474178
   87 	 23.474178 	 23.474178 	 23.474178
   88 	 23.474178 	 23.474178 	 23.474178
   89 	 0.150435 	 23.240941 	 23.474178
   90 	 0.478332 	 23.244220 	 23.474178
   91 	 23.474178 	 23.474178 	 23.474178
   92 	 23.474178 	 23.474178 	 23.474178
   93 	 23.474178 	 23.474178 	 23.474178
   94 	 23.474178 	 23.474178 	 23.474178
   95 	 23.474178 	 23.474178 	 23.474178
   96 	 23.474178 	 23.474178 	 23.474178
   97 	 23.474178 	 23.474178 	 23.474178
   98 	 23.474178 	 23.474178 	 23.474178
   99 	 23.474178 	 23.474178 	 23.474178
 