   0 	 0.778500 	 25.009827 	 58.559300
    1 	 4.089300 	 32.075136 	 58.559300
    2 	 8.250800 	 36.331312 	 65.205700
    3 	 10.843700 	 41.046509 	 65.205700
    4 	 7.015600 	 44.841255 	 65.205700
    5 	 13.508600 	 46.843298 	 65.205700
    6 	 26.250500 	 49.614987 	 71.151000
    7 	 26.990900 	 50.428397 	 71.151000
    8 	 36.407300 	 50.236506 	 71.151000
    9 	 26.775000 	 50.667641 	 71.151000
   10 	 37.682500 	 52.800984 	 71.151000
   11 	 26.013600 	 53.411187 	 68.312500
   12 	 26.013600 	 53.869852 	 75.538100
   13 	 19.604100 	 53.937274 	 75.538100
   14 	 30.986100 	 56.001648 	 75.538100
   15 	 24.874800 	 55.111412 	 75.538100
   16 	 33.204900 	 55.688889 	 75.928500
   17 	 33.204900 	 56.730895 	 75.538100
   18 	 35.869700 	 57.025714 	 75.538100
   19 	 42.380100 	 57.701984 	 75.538100
   20 	 31.917400 	 58.282184 	 75.538100
   21 	 45.602400 	 58.161902 	 75.538100
   22 	 45.687600 	 57.741147 	 69.762200
   23 	 43.444400 	 57.444050 	 69.762200
   24 	 45.562500 	 58.359359 	 71.151000
   25 	 43.563000 	 58.817860 	 70.743800
   26 	 48.212100 	 59.953745 	 70.743800
   27 	 50.181700 	 60.177573 	 69.743800
   28 	 51.548600 	 60.602244 	 70.104600
   29 	 30.404400 	 60.514937 	 75.234200
   30 	 42.994500 	 60.740096 	 75.331500
   31 	 42.994500 	 62.613423 	 75.331500
   32 	 52.286000 	 62.395050 	 75.436600
   33 	 52.286000 	 63.098799 	 75.049400
   34 	 52.286000 	 62.592313 	 74.419800
   35 	 52.286000 	 62.834471 	 74.419800
   36 	 52.286000 	 64.582683 	 74.520300
   37 	 52.286000 	 66.392278 	 74.520300
   38 	 55.425800 	 66.890136 	 74.419800
   39 	 52.520900 	 67.083976 	 74.419800
   40 	 52.520900 	 67.385554 	 74.419800
   41 	 52.520900 	 67.534196 	 74.419800
   42 	 52.520900 	 67.894419 	 74.520300
   43 	 52.520900 	 68.388382 	 74.520300
   44 	 52.520900 	 68.514673 	 75.234200
   45 	 56.468100 	 68.641310 	 75.234200
   46 	 60.942900 	 68.790739 	 75.234200
   47 	 60.942900 	 68.336312 	 75.234200
   48 	 57.977900 	 68.663513 	 75.234200
   49 	 57.977900 	 68.534344 	 75.234200
   50 	 57.977900 	 68.757414 	 74.520300
   51 	 57.977900 	 68.535895 	 74.520300
   52 	 57.977900 	 68.671904 	 74.520300
   53 	 57.977900 	 69.035597 	 74.520300
   54 	 57.977900 	 69.369598 	 75.331500
   55 	 57.977900 	 69.668499 	 75.331500
   56 	 57.977900 	 69.864181 	 75.331500
   57 	 57.977900 	 69.777610 	 75.331500
   58 	 68.109000 	 70.061360 	 75.234200
   59 	 68.109000 	 70.165999 	 75.234200
   60 	 50.787800 	 69.718410 	 75.234200
   61 	 68.109000 	 70.068332 	 75.234200
   62 	 68.109000 	 70.039162 	 75.234200
   63 	 63.291800 	 69.897319 	 75.234200
   64 	 63.291800 	 69.838601 	 75.234200
   65 	 68.611800 	 69.838463 	 75.234200
   66 	 68.511300 	 69.588506 	 75.234200
   67 	 52.424600 	 69.421665 	 75.234200
   68 	 52.424600 	 69.563257 	 75.234200
   69 	 52.424600 	 69.744631 	 75.234200
   70 	 52.424600 	 69.896243 	 75.234200
   71 	 52.424600 	 69.934874 	 75.234200
   72 	 63.944600 	 69.950427 	 75.639800
   73 	 58.133400 	 69.999195 	 75.639800
   74 	 58.133400 	 70.001625 	 75.639800
   75 	 68.008500 	 70.408155 	 75.639800
   76 	 54.174600 	 70.398978 	 75.639800
   77 	 68.109000 	 70.513511 	 75.639800
   78 	 68.109000 	 70.422611 	 75.639800
   79 	 68.109000 	 70.258055 	 75.639800
   80 	 68.109000 	 70.347040 	 75.639800
   81 	 68.109000 	 70.428156 	 75.639800
   82 	 68.109000 	 70.188732 	 75.639800
   83 	 68.109000 	 69.924594 	 75.639800
   84 	 68.109000 	 70.034083 	 75.639800
   85 	 68.109000 	 69.944955 	 75.639800
   86 	 68.109000 	 69.957739 	 75.639800
   87 	 51.725000 	 70.226263 	 75.639800
   88 	 51.725000 	 70.327655 	 75.639800
   89 	 68.109000 	 70.901853 	 75.639800
   90 	 68.443400 	 71.366797 	 75.639800
   91 	 68.443400 	 71.188802 	 75.639800
   92 	 68.443400 	 71.075885 	 75.639800
   93 	 68.443400 	 70.874267 	 75.639800
   94 	 68.443400 	 70.815740 	 75.639800
   95 	 68.342900 	 71.378326 	 75.639800
   96 	 68.443400 	 71.660513 	 75.639800
   97 	 68.443400 	 71.844954 	 75.639800
   98 	 68.443400 	 71.953277 	 75.639800
   99 	 68.443400 	 72.235188 	 75.639800
 