   0 	 2.729300 	 27.403200 	 65.421400
    1 	 3.582500 	 35.379297 	 65.421400
    2 	 18.302600 	 40.914743 	 65.421400
    3 	 15.642600 	 44.484930 	 65.421400
    4 	 19.930700 	 44.826924 	 65.421400
    5 	 19.930700 	 46.937353 	 65.421400
    6 	 25.965400 	 49.920555 	 69.165900
    7 	 28.882200 	 51.435487 	 69.165900
    8 	 31.085900 	 54.780404 	 71.591300
    9 	 31.085900 	 56.268383 	 74.526700
   10 	 30.823300 	 56.898766 	 74.526700
   11 	 34.011600 	 57.260203 	 73.904900
   12 	 37.076100 	 58.841424 	 73.904900
   13 	 32.364600 	 58.777532 	 73.904900
   14 	 32.364600 	 59.029235 	 73.904900
   15 	 32.364600 	 59.044053 	 73.904900
   16 	 32.364600 	 61.811920 	 76.117100
   17 	 32.364600 	 63.989338 	 76.117100
   18 	 33.643800 	 64.622106 	 76.117100
   19 	 52.489400 	 65.351616 	 76.117100
   20 	 49.031000 	 65.710111 	 76.117100
   21 	 46.819000 	 65.601506 	 76.117100
   22 	 46.819000 	 66.786782 	 76.117100
   23 	 46.819000 	 67.346564 	 76.015000
   24 	 46.819000 	 68.804156 	 76.015000
   25 	 46.819000 	 69.193215 	 76.015000
   26 	 40.621400 	 69.575274 	 76.015000
   27 	 49.897400 	 70.201534 	 76.114100
   28 	 49.897400 	 69.959962 	 76.114100
   29 	 49.827000 	 70.788231 	 75.620600
   30 	 49.827000 	 71.540572 	 75.620600
   31 	 49.827000 	 71.575114 	 75.620600
   32 	 60.265400 	 71.833411 	 75.620600
   33 	 60.265400 	 72.310052 	 74.403800
   34 	 60.265400 	 72.762495 	 74.403800
   35 	 60.265400 	 72.503977 	 74.403800
   36 	 60.265400 	 73.097504 	 74.403800
   37 	 60.265400 	 73.065811 	 74.304900
   38 	 60.265400 	 73.259389 	 74.304900
   39 	 60.265400 	 73.524707 	 74.405400
   40 	 55.412100 	 73.590095 	 74.403800
   41 	 65.262200 	 73.793837 	 74.304900
   42 	 65.262200 	 73.712876 	 74.304900
   43 	 65.262200 	 73.740052 	 74.304900
   44 	 65.262200 	 73.865507 	 74.504100
   45 	 65.262200 	 73.853821 	 74.504100
   46 	 65.262200 	 73.692899 	 74.504100
   47 	 72.340100 	 73.857885 	 74.504100
   48 	 72.340100 	 73.869693 	 74.504100
   49 	 73.413400 	 73.872298 	 74.504100
   50 	 73.413400 	 73.852250 	 74.504100
   51 	 73.413400 	 73.820374 	 74.504100
   52 	 73.413400 	 73.835139 	 74.104100
   53 	 73.413400 	 73.850863 	 74.104100
   54 	 73.413400 	 73.863688 	 74.104100
   55 	 70.845700 	 73.834125 	 74.104100
   56 	 73.413400 	 73.865732 	 74.104100
   57 	 73.413400 	 73.863670 	 74.104100
   58 	 73.413400 	 73.871588 	 74.203000
   59 	 73.413400 	 73.875538 	 74.203000
   60 	 73.511300 	 73.878413 	 74.203000
   61 	 73.511300 	 73.869538 	 74.104100
   62 	 73.511300 	 73.879372 	 74.104100
   63 	 73.511300 	 73.890181 	 74.003800
   64 	 73.511300 	 73.879354 	 74.003800
   65 	 73.511300 	 73.883306 	 74.102900
   66 	 49.226500 	 73.641477 	 74.102900
   67 	 49.226500 	 73.276737 	 74.102900
   68 	 62.896900 	 73.315246 	 74.304900
   69 	 62.896900 	 73.741778 	 74.304900
   70 	 62.896900 	 73.754509 	 74.102900
   71 	 73.511300 	 73.880355 	 74.102900
   72 	 73.120900 	 73.886271 	 74.102900
   73 	 73.120900 	 73.881326 	 74.003800
   74 	 73.120900 	 73.888235 	 74.003800
   75 	 73.120900 	 73.879362 	 74.003800
   76 	 70.919000 	 73.864258 	 74.102900
   77 	 70.919000 	 73.874172 	 74.304100
   78 	 70.919000 	 73.835458 	 74.304100
   79 	 70.919000 	 73.809489 	 74.102900
   80 	 67.952900 	 73.689278 	 74.102900
   81 	 70.919000 	 73.842315 	 74.102900
   82 	 73.511300 	 73.901066 	 74.102900
   83 	 73.609400 	 73.898103 	 74.102900
   84 	 73.609400 	 73.889178 	 74.102900
   85 	 73.609400 	 73.886207 	 74.102900
   86 	 73.609400 	 73.896089 	 74.102900
   87 	 70.826500 	 73.872192 	 74.102900
   88 	 73.609400 	 73.901024 	 74.102900
   89 	 54.960900 	 73.611358 	 74.102900
   90 	 54.960900 	 73.313790 	 74.102900
   91 	 54.960900 	 73.501248 	 74.102900
   92 	 54.960900 	 73.619230 	 74.102900
   93 	 54.960900 	 73.313774 	 74.102900
   94 	 54.960900 	 72.826794 	 74.102900
   95 	 54.960900 	 72.982563 	 74.104500
   96 	 54.960900 	 73.430851 	 74.104500
   97 	 54.960900 	 73.732383 	 74.104500
   98 	 54.960900 	 73.735366 	 74.104500
   99 	 73.904900 	 73.926784 	 74.104500
 