   0 	 1.093900 	 25.015883 	 62.149400
    1 	 8.470500 	 31.116649 	 62.149400
    2 	 8.094600 	 37.507050 	 62.149400
    3 	 11.953200 	 41.352236 	 62.343000
    4 	 20.792200 	 45.914880 	 67.937100
    5 	 22.405100 	 48.587393 	 67.937100
    6 	 27.571400 	 53.007178 	 67.937100
    7 	 30.397900 	 53.793304 	 67.937100
    8 	 31.035000 	 55.965401 	 72.878200
    9 	 30.761100 	 58.451178 	 72.878200
   10 	 20.802900 	 58.961456 	 72.623000
   11 	 31.525900 	 60.646644 	 72.775500
   12 	 31.525900 	 60.271327 	 72.623000
   13 	 31.525900 	 60.508151 	 71.014200
   14 	 27.425900 	 60.745468 	 68.845600
   15 	 33.046100 	 60.601848 	 74.715500
   16 	 34.488300 	 61.862931 	 74.715500
   17 	 34.488300 	 62.400176 	 68.209400
   18 	 43.566600 	 64.747550 	 73.735500
   19 	 43.566600 	 65.368335 	 73.735500
   20 	 42.000600 	 65.836453 	 74.517900
   21 	 42.000600 	 65.422879 	 73.735500
   22 	 42.000600 	 65.140969 	 73.735500
   23 	 42.000600 	 65.351888 	 73.735500
   24 	 42.000600 	 65.318188 	 73.735500
   25 	 39.441400 	 64.706565 	 68.789100
   26 	 39.441400 	 64.427498 	 69.751800
   27 	 47.008300 	 65.158394 	 70.046700
   28 	 46.016300 	 65.531371 	 73.939500
   29 	 46.016300 	 65.748915 	 73.939500
   30 	 46.016300 	 66.289529 	 73.939500
   31 	 59.393100 	 66.906931 	 73.939500
   32 	 58.791000 	 66.893599 	 73.939500
   33 	 59.085900 	 66.759403 	 73.939500
   34 	 59.085900 	 66.974661 	 73.939500
   35 	 59.393100 	 67.169466 	 73.939500
   36 	 59.393100 	 67.512594 	 73.939500
   37 	 59.393100 	 67.414328 	 73.939500
   38 	 41.583000 	 66.969260 	 73.939500
   39 	 43.968600 	 66.755860 	 73.735500
   40 	 40.716600 	 66.259894 	 73.735500
   41 	 41.583000 	 66.934111 	 74.223000
   42 	 43.968600 	 67.897840 	 75.338700
   43 	 43.968600 	 67.520463 	 73.735500
   44 	 43.968600 	 67.398196 	 73.735500
   45 	 43.968600 	 67.572518 	 73.735500
   46 	 43.925400 	 67.490651 	 73.735500
   47 	 43.873900 	 67.565121 	 75.034200
   48 	 43.873900 	 67.884603 	 73.929900
   49 	 60.077100 	 67.775759 	 74.933100
   50 	 60.245900 	 67.869012 	 74.933100
   51 	 60.077100 	 68.000657 	 74.933100
   52 	 60.245900 	 68.322115 	 74.933100
   53 	 64.655800 	 68.581293 	 74.933100
   54 	 64.655800 	 68.367202 	 74.933100
   55 	 64.655800 	 68.553170 	 74.933100
   56 	 64.655800 	 68.874242 	 74.933100
   57 	 64.655800 	 68.862373 	 74.933100
   58 	 64.655800 	 69.058126 	 75.228600
   59 	 64.655800 	 69.181483 	 75.228600
   60 	 64.655800 	 69.026712 	 75.228600
   61 	 64.655800 	 68.754950 	 75.228600
   62 	 64.655800 	 68.944776 	 75.228600
   63 	 64.655800 	 68.722114 	 74.933100
   64 	 64.655800 	 69.042533 	 75.135500
   65 	 64.655800 	 69.075439 	 75.737100
   66 	 64.753900 	 68.860340 	 74.933100
   67 	 64.753900 	 69.191420 	 75.135500
   68 	 64.753900 	 69.087950 	 75.339500
   69 	 64.753900 	 68.815137 	 75.137100
   70 	 65.148300 	 68.950932 	 75.137100
   71 	 65.148300 	 68.958016 	 75.137100
   72 	 67.713100 	 69.417832 	 75.137100
   73 	 67.642200 	 69.670185 	 75.137100
   74 	 67.033400 	 69.773314 	 75.339500
   75 	 67.033400 	 69.856664 	 75.339500
   76 	 67.033400 	 69.763198 	 75.339500
   77 	 67.033400 	 69.954817 	 75.339500
   78 	 67.033400 	 70.153780 	 75.339500
   79 	 67.033400 	 70.042733 	 75.339500
   80 	 67.544300 	 69.891825 	 75.339500
   81 	 67.544300 	 70.369782 	 75.339500
   82 	 67.544300 	 70.613217 	 75.339500
   83 	 67.544300 	 70.504625 	 75.339500
   84 	 67.544300 	 71.066355 	 75.533900
   85 	 67.544300 	 70.970715 	 75.533900
   86 	 67.642200 	 70.901730 	 75.533900
   87 	 67.615400 	 70.955641 	 75.533900
   88 	 67.642200 	 70.965293 	 75.533900
   89 	 67.642200 	 71.233661 	 75.533900
   90 	 67.748300 	 71.325112 	 75.533900
   91 	 67.811000 	 71.514180 	 75.533900
   92 	 67.811000 	 71.493002 	 75.533900
   93 	 62.033900 	 71.021886 	 75.533900
   94 	 66.209800 	 71.896758 	 75.533900
   95 	 67.713100 	 71.953410 	 75.533900
   96 	 67.642200 	 72.250956 	 76.319500
   97 	 67.642200 	 72.765420 	 75.331500
   98 	 67.642200 	 72.516535 	 75.331500
   99 	 67.446600 	 72.700148 	 75.331500
 