   0 	 2.495200 	 28.798168 	 58.705600
    1 	 7.029700 	 34.403654 	 63.251600
    2 	 6.882500 	 38.045101 	 63.251600
    3 	 6.882500 	 39.734582 	 70.502200
    4 	 16.028500 	 42.704492 	 64.230200
    5 	 18.685200 	 44.163097 	 64.441100
    6 	 18.685200 	 46.700362 	 71.751300
    7 	 18.685200 	 49.054651 	 71.751300
    8 	 18.685200 	 50.029168 	 74.735300
    9 	 18.685200 	 51.172950 	 74.856200
   10 	 23.119400 	 51.016214 	 74.856200
   11 	 24.389300 	 52.193234 	 74.856200
   12 	 24.389300 	 54.879522 	 74.856200
   13 	 37.387800 	 57.673409 	 74.856200
   14 	 19.591400 	 58.612379 	 74.856200
   15 	 37.387800 	 59.504916 	 74.856200
   16 	 37.387800 	 61.893742 	 74.856200
   17 	 40.333000 	 62.548729 	 74.856200
   18 	 40.333000 	 62.303945 	 75.334100
   19 	 28.636200 	 61.790718 	 75.334100
   20 	 35.945900 	 65.965041 	 75.334100
   21 	 44.917800 	 66.216074 	 75.334100
   22 	 54.697100 	 67.576623 	 75.334100
   23 	 58.317000 	 66.934893 	 73.828200
   24 	 46.124900 	 65.482223 	 73.828200
   25 	 50.481000 	 66.088994 	 73.828200
   26 	 31.178600 	 66.581928 	 73.543700
   27 	 54.846600 	 66.521951 	 73.543700
   28 	 47.423400 	 66.116748 	 73.352100
   29 	 41.999700 	 65.804528 	 73.250000
   30 	 47.423400 	 66.666649 	 73.250000
   31 	 44.871200 	 67.324612 	 73.352100
   32 	 52.871400 	 68.321999 	 73.250000
   33 	 55.982100 	 68.791153 	 72.932900
   34 	 39.070200 	 68.936932 	 72.932900
   35 	 47.159400 	 69.601311 	 73.835000
   36 	 47.542500 	 69.848166 	 72.932900
   37 	 41.096900 	 70.050483 	 72.932900
   38 	 54.033600 	 70.465503 	 72.944900
   39 	 54.033600 	 69.836272 	 72.531700
   40 	 53.896400 	 69.877769 	 72.532100
   41 	 53.936900 	 70.162410 	 72.532100
   42 	 57.203400 	 70.728826 	 72.632000
   43 	 57.203400 	 70.524032 	 72.632000
   44 	 57.203400 	 70.398597 	 72.433800
   45 	 57.203400 	 70.302992 	 72.532100
   46 	 54.324900 	 70.220850 	 72.433800
   47 	 54.324900 	 69.741197 	 72.823400
   48 	 54.324900 	 69.805712 	 72.823400
   49 	 54.324900 	 69.035102 	 72.823400
   50 	 54.324900 	 69.609034 	 72.823400
   51 	 48.777000 	 69.620159 	 72.823400
   52 	 54.087500 	 70.061294 	 72.823400
   53 	 54.324900 	 70.606639 	 72.832200
   54 	 54.324900 	 70.778926 	 72.823400
   55 	 54.262500 	 70.896603 	 72.923300
   56 	 54.262500 	 70.808874 	 72.923300
   57 	 54.324900 	 70.713690 	 72.932900
   58 	 54.324900 	 70.776193 	 72.932900
   59 	 47.156900 	 70.648934 	 72.932900
   60 	 47.336100 	 71.009893 	 72.932900
   61 	 54.324900 	 71.191122 	 73.027800
   62 	 69.044900 	 71.951155 	 73.027800
   63 	 53.436200 	 71.831209 	 73.027800
   64 	 68.753600 	 71.914886 	 72.932900
   65 	 68.753600 	 72.089071 	 72.932900
   66 	 66.303300 	 72.074307 	 72.932900
   67 	 66.303300 	 71.849433 	 72.932900
   68 	 66.303300 	 71.744086 	 72.823400
   69 	 66.303300 	 71.764545 	 72.823400
   70 	 66.303300 	 71.809959 	 73.224200
   71 	 66.303300 	 71.857342 	 73.224200
   72 	 66.303300 	 71.844012 	 73.224200
   73 	 65.965700 	 71.760518 	 73.224200
   74 	 65.965700 	 71.739631 	 73.224200
   75 	 65.631300 	 71.730607 	 73.224200
   76 	 65.631300 	 71.713074 	 73.224200
   77 	 66.644100 	 71.984410 	 73.224200
   78 	 66.644100 	 71.964176 	 72.923300
   79 	 53.761700 	 71.771158 	 72.923300
   80 	 71.552100 	 72.031270 	 72.923300
   81 	 71.552100 	 72.060680 	 72.923300
   82 	 71.552100 	 72.014303 	 72.923300
   83 	 70.180100 	 71.986613 	 72.923300
   84 	 71.552100 	 72.064913 	 73.425600
   85 	 71.552100 	 72.054450 	 73.425600
   86 	 71.552100 	 72.073688 	 73.425600
   87 	 66.019400 	 72.078690 	 73.425600
   88 	 71.552100 	 72.174955 	 73.425600
   89 	 71.552100 	 72.225843 	 73.425600
   90 	 68.765000 	 72.195802 	 73.425600
   91 	 68.765000 	 72.186834 	 73.425600
   92 	 68.473700 	 72.224255 	 73.425600
   93 	 68.473700 	 72.272170 	 73.425600
   94 	 71.552100 	 72.287021 	 73.425600
   95 	 66.444900 	 72.199332 	 73.716900
   96 	 66.444900 	 72.255892 	 73.425600
   97 	 71.751300 	 72.288337 	 72.923300
   98 	 71.748500 	 72.284505 	 72.923300
   99 	 71.748500 	 72.291354 	 72.826000
 