   0 	 0.793400 	 25.405397 	 69.995700
    1 	 5.267000 	 33.456237 	 69.995700
    2 	 9.837000 	 37.243204 	 69.995700
    3 	 14.526900 	 41.785949 	 69.995700
    4 	 14.526900 	 46.175067 	 69.995700
    5 	 16.629900 	 51.112237 	 71.857700
    6 	 16.629900 	 52.758536 	 74.825000
    7 	 13.047800 	 55.375523 	 76.013200
    8 	 18.859400 	 57.967443 	 76.013200
    9 	 28.601900 	 59.154961 	 71.857700
   10 	 34.262600 	 62.261749 	 76.013200
   11 	 40.023800 	 65.211112 	 76.038800
   12 	 40.023800 	 66.757091 	 76.038800
   13 	 45.893000 	 68.786782 	 78.030800
   14 	 51.505900 	 69.325898 	 76.532900
   15 	 50.668300 	 69.431767 	 76.532900
   16 	 50.668300 	 70.016831 	 78.132900
   17 	 61.718900 	 70.946885 	 78.132900
   18 	 54.705700 	 71.021389 	 78.132900
   19 	 64.433800 	 70.611564 	 78.132900
   20 	 64.433800 	 71.108308 	 78.132900
   21 	 64.433800 	 70.833329 	 78.132900
   22 	 64.433800 	 70.881464 	 78.132900
   23 	 64.531700 	 70.784665 	 78.132900
   24 	 64.531700 	 71.035516 	 78.132900
   25 	 65.923300 	 71.100307 	 78.132900
   26 	 65.923300 	 70.880575 	 78.132900
   27 	 65.923300 	 71.116144 	 78.132900
   28 	 65.923300 	 70.858630 	 78.132900
   29 	 65.923300 	 70.592169 	 78.132900
   30 	 65.923300 	 70.628389 	 78.132900
   31 	 65.923300 	 71.170936 	 78.132900
   32 	 64.214100 	 71.068561 	 78.132900
   33 	 64.214100 	 70.747094 	 78.132900
   34 	 64.214100 	 70.532699 	 78.132900
   35 	 51.053200 	 70.179068 	 77.829000
   36 	 46.252900 	 70.223884 	 77.829000
   37 	 46.252900 	 70.718896 	 77.829000
   38 	 46.252900 	 69.686270 	 78.132900
   39 	 57.171600 	 71.393322 	 77.829000
   40 	 57.171600 	 70.844953 	 77.829000
   41 	 57.171600 	 71.388298 	 77.829000
   42 	 67.017700 	 71.946078 	 77.829000
   43 	 66.340900 	 71.911768 	 77.829000
   44 	 66.340900 	 71.551992 	 77.829000
   45 	 66.340900 	 71.772881 	 77.829000
   46 	 66.340900 	 71.969382 	 77.829000
   47 	 65.948900 	 72.202178 	 77.829000
   48 	 65.923300 	 72.398594 	 77.930100
   49 	 65.948900 	 73.137956 	 77.829000
   50 	 66.340900 	 73.360119 	 77.829000
   51 	 66.340900 	 73.632921 	 77.829000
   52 	 65.948900 	 74.296259 	 78.234600
   53 	 65.948900 	 74.895944 	 78.234600
   54 	 65.555300 	 74.820836 	 78.234600
   55 	 65.923300 	 75.796529 	 78.234600
   56 	 65.948900 	 75.997771 	 78.234600
   57 	 65.948900 	 75.704269 	 78.234600
   58 	 65.948900 	 75.677869 	 78.234600
   59 	 65.948900 	 75.675224 	 78.234600
   60 	 69.508900 	 76.365731 	 78.234600
   61 	 70.107400 	 76.938208 	 78.234600
   62 	 70.401700 	 77.158828 	 78.234600
   63 	 70.401700 	 77.097340 	 78.234600
   64 	 65.089700 	 77.043613 	 78.234600
   65 	 65.089700 	 76.720916 	 78.234600
   66 	 65.089700 	 76.569431 	 78.234600
   67 	 65.089700 	 76.492507 	 78.234600
   68 	 65.089700 	 76.486168 	 78.234600
   69 	 64.697700 	 76.077965 	 78.234600
   70 	 65.089700 	 76.122155 	 78.234600
   71 	 65.089700 	 76.165062 	 78.234600
   72 	 65.089700 	 76.668114 	 78.234600
   73 	 70.401700 	 76.649616 	 78.234600
   74 	 70.401700 	 76.705882 	 78.234600
   75 	 70.401700 	 76.649404 	 78.234600
   76 	 58.523300 	 76.541257 	 78.234600
   77 	 58.523300 	 76.312109 	 78.234600
   78 	 58.523300 	 76.526243 	 78.234600
   79 	 56.923300 	 76.981863 	 78.234600
   80 	 56.923300 	 77.109071 	 78.234600
   81 	 56.923300 	 76.973580 	 78.234600
   82 	 56.923300 	 76.740707 	 78.234600
   83 	 56.872100 	 76.491398 	 78.234600
   84 	 56.872100 	 76.919374 	 78.234600
   85 	 56.872100 	 76.880291 	 78.234600
   86 	 57.021800 	 77.016787 	 78.234600
   87 	 57.021800 	 77.061904 	 78.234600
   88 	 57.021800 	 77.233852 	 78.234600
   89 	 57.021800 	 77.112719 	 78.234600
   90 	 56.923300 	 77.222485 	 78.234600
   91 	 56.923300 	 77.226113 	 78.234600
   92 	 56.923300 	 77.198169 	 78.234600
   93 	 56.923300 	 77.046153 	 78.234600
   94 	 56.923300 	 77.130534 	 78.234600
   95 	 56.923300 	 77.240695 	 78.234600
   96 	 56.923300 	 77.343691 	 78.234600
   97 	 56.923300 	 77.178386 	 78.234600
   98 	 56.923300 	 77.319915 	 78.234600
   99 	 56.923300 	 77.439639 	 78.234600
 