   0 	 1.031500 	 25.643227 	 72.427500
    1 	 2.225300 	 33.590173 	 72.427500
    2 	 9.618600 	 39.132609 	 72.427500
    3 	 15.264200 	 45.616984 	 72.427500
    4 	 15.366800 	 52.171708 	 73.319500
    5 	 22.354100 	 56.415363 	 72.937000
    6 	 24.300900 	 60.244971 	 72.937000
    7 	 35.381900 	 62.210909 	 75.303500
    8 	 30.630700 	 61.745242 	 75.303500
    9 	 39.509000 	 63.736539 	 73.738700
   10 	 33.329900 	 61.908357 	 72.628300
   11 	 19.265000 	 61.439598 	 72.628300
   12 	 33.345100 	 61.808532 	 72.628300
   13 	 40.862900 	 62.498255 	 72.628300
   14 	 43.748200 	 63.580017 	 72.529000
   15 	 45.556300 	 66.042832 	 75.505900
   16 	 30.291400 	 65.309585 	 72.529000
   17 	 26.447700 	 65.527571 	 75.406600
   18 	 49.414100 	 65.832061 	 75.406600
   19 	 49.414100 	 65.843742 	 75.406600
   20 	 49.890900 	 67.619933 	 75.406600
   21 	 49.890900 	 68.037726 	 76.307500
   22 	 51.226200 	 67.219547 	 73.079400
   23 	 41.388200 	 66.706093 	 76.307500
   24 	 41.388200 	 66.599485 	 76.307500
   25 	 51.088600 	 68.366689 	 76.307500
   26 	 51.088600 	 67.935704 	 76.307500
   27 	 49.254700 	 67.850021 	 76.307500
   28 	 50.662600 	 67.896332 	 76.409000
   29 	 50.662600 	 68.556763 	 76.409000
   30 	 54.731500 	 68.722916 	 73.279400
   31 	 48.198700 	 68.905126 	 73.279400
   32 	 25.260900 	 68.324421 	 73.279400
   33 	 48.198700 	 69.013751 	 74.710700
   34 	 48.198700 	 68.718232 	 74.710700
   35 	 44.290900 	 68.838010 	 75.001800
   36 	 53.329900 	 69.288068 	 74.710700
   37 	 53.329900 	 69.537596 	 74.710700
   38 	 53.329900 	 69.568039 	 73.279400
   39 	 44.741000 	 69.153182 	 74.311500
   40 	 44.741000 	 68.640956 	 74.311500
   41 	 44.829100 	 69.710445 	 74.311500
   42 	 44.829100 	 70.341574 	 76.409000
   43 	 52.789100 	 70.576527 	 74.710700
   44 	 52.789100 	 70.763301 	 74.717100
   45 	 52.789100 	 70.834551 	 74.818600
   46 	 65.521000 	 71.093957 	 73.374100
   47 	 64.066600 	 71.128419 	 74.717100
   48 	 62.081900 	 71.113913 	 74.818600
   49 	 62.081900 	 71.279494 	 73.177900
   50 	 65.414700 	 70.932326 	 76.409000
   51 	 62.387500 	 71.109140 	 75.505900
   52 	 46.724200 	 70.521223 	 74.042600
   53 	 49.197100 	 71.254754 	 74.717100
   54 	 67.245100 	 71.478222 	 74.818600
   55 	 61.777000 	 71.585400 	 74.818600
   56 	 53.482600 	 71.021191 	 75.607400
   57 	 53.482600 	 70.715661 	 75.607400
   58 	 46.724200 	 70.092970 	 75.607400
   59 	 46.724200 	 68.891032 	 75.607400
   60 	 46.724200 	 70.103662 	 75.607400
   61 	 47.657900 	 70.335263 	 75.607400
   62 	 47.657900 	 70.909717 	 75.607400
   63 	 46.907500 	 70.681321 	 76.307500
   64 	 46.907500 	 70.663718 	 76.307500
   65 	 47.657900 	 70.753021 	 76.307500
   66 	 46.724200 	 68.918703 	 75.505900
   67 	 46.724200 	 70.455236 	 76.307500
   68 	 47.752600 	 71.248763 	 76.409000
   69 	 47.752600 	 70.998512 	 76.307500
   70 	 47.752600 	 71.166340 	 76.307500
   71 	 49.056300 	 71.107016 	 76.409000
   72 	 50.796200 	 71.851110 	 76.307500
   73 	 50.787500 	 71.404642 	 76.409000
   74 	 50.796200 	 71.386643 	 76.409000
   75 	 50.796200 	 71.409522 	 76.307500
   76 	 47.666600 	 71.632491 	 76.307500
   77 	 47.666600 	 72.400380 	 76.307500
   78 	 47.474600 	 71.085844 	 76.409000
   79 	 50.857900 	 71.079239 	 76.307500
   80 	 50.857900 	 71.884035 	 76.307500
   81 	 47.475500 	 71.166437 	 76.307500
   82 	 47.475500 	 70.783526 	 76.307500
   83 	 42.242600 	 70.699021 	 76.307500
   84 	 47.475500 	 71.477714 	 76.307500
   85 	 47.475500 	 72.154343 	 76.307500
   86 	 47.475500 	 72.531739 	 76.307500
   87 	 47.475500 	 72.981244 	 76.307500
   88 	 47.475500 	 72.510058 	 76.307500
   89 	 49.014700 	 72.702125 	 76.307500
   90 	 45.987500 	 73.211024 	 76.409000
   91 	 61.837100 	 73.571599 	 76.307500
   92 	 61.837100 	 73.308758 	 76.307500
   93 	 64.144300 	 74.309510 	 76.307500
   94 	 47.475500 	 73.882897 	 76.307500
   95 	 50.787500 	 74.721337 	 76.409000
   96 	 64.144300 	 74.725329 	 76.409000
   97 	 64.144300 	 74.833288 	 76.307500
   98 	 64.144300 	 75.372296 	 76.307500
   99 	 64.144300 	 75.296991 	 76.307500
 