   0 	 0.016333 	 0.051593 	 0.216610
    1 	 0.018928 	 0.097946 	 0.242807
    2 	 0.026844 	 0.157472 	 0.472478
    3 	 0.034227 	 0.193409 	 0.472478
    4 	 0.058509 	 0.218576 	 0.514350
    5 	 0.036979 	 0.251919 	 0.712606
    6 	 0.115300 	 0.295570 	 0.712606
    7 	 0.173094 	 0.340321 	 0.712606
    8 	 0.052231 	 0.389520 	 0.733084
    9 	 0.057429 	 0.421390 	 0.733084
   10 	 0.043804 	 0.486591 	 0.799169
   11 	 0.162588 	 0.588095 	 1.638002
   12 	 0.220066 	 0.648100 	 2.095118
   13 	 0.216183 	 0.785470 	 2.095118
   14 	 0.416997 	 1.067929 	 2.484472
   15 	 0.416997 	 1.352674 	 2.484472
   16 	 0.038458 	 1.637218 	 2.484472
   17 	 0.458589 	 1.853612 	 2.484472
   18 	 0.689180 	 2.000745 	 2.496879
   19 	 1.550628 	 2.098450 	 2.496879
   20 	 0.045219 	 2.064319 	 2.496879
   21 	 1.237471 	 2.143574 	 2.496879
   22 	 0.137678 	 2.166127 	 2.496879
   23 	 1.638002 	 2.201397 	 2.496879
   24 	 1.638002 	 2.267742 	 2.496879
   25 	 1.638002 	 2.307840 	 2.496879
   26 	 1.638002 	 2.321077 	 2.496879
   27 	 2.045408 	 2.366030 	 2.484472
   28 	 2.045408 	 2.366032 	 2.484472
   29 	 2.045408 	 2.352984 	 2.484472
   30 	 2.045408 	 2.364374 	 2.484472
   31 	 1.840604 	 2.384182 	 2.484472
   32 	 1.840604 	 2.393487 	 2.484472
   33 	 2.045408 	 2.409557 	 2.484472
   34 	 2.045408 	 2.416856 	 2.484472
   35 	 2.045408 	 2.407942 	 2.484472
   36 	 2.045408 	 2.434283 	 2.484472
   37 	 2.045408 	 2.446500 	 2.484472
   38 	 2.045408 	 2.438080 	 2.484472
   39 	 2.045408 	 2.457815 	 2.484472
   40 	 2.045408 	 2.466281 	 2.484472
   41 	 2.045408 	 2.474903 	 2.484472
   42 	 2.045408 	 2.467749 	 2.484472
   43 	 2.045408 	 2.470396 	 2.484472
   44 	 2.045408 	 2.472659 	 2.710762
   45 	 2.045408 	 2.475691 	 2.484472
   46 	 2.484472 	 2.484472 	 2.484472
   47 	 2.484472 	 2.484472 	 2.484472
   48 	 2.484472 	 2.484472 	 2.484472
   49 	 2.484472 	 2.484472 	 2.484472
   50 	 2.484472 	 2.484472 	 2.484472
   51 	 2.484472 	 2.484472 	 2.484472
   52 	 2.484472 	 2.484472 	 2.484472
   53 	 2.484472 	 2.484472 	 2.484472
   54 	 2.484472 	 2.484472 	 2.484472
   55 	 2.484472 	 2.484472 	 2.484472
   56 	 2.484472 	 2.484472 	 2.484472
   57 	 2.484472 	 2.484472 	 2.484472
   58 	 2.484472 	 2.484472 	 2.484472
   59 	 0.121417 	 2.460841 	 2.484472
   60 	 2.484472 	 2.484472 	 2.484472
   61 	 2.484472 	 2.484472 	 2.484472
   62 	 2.484472 	 2.491263 	 3.163556
   63 	 2.484472 	 2.484472 	 2.484472
   64 	 2.484472 	 2.484472 	 2.484472
   65 	 2.484472 	 2.484472 	 2.484472
   66 	 0.048361 	 2.437931 	 2.484472
   67 	 2.467308 	 2.484129 	 2.484472
   68 	 2.484472 	 2.484472 	 2.484472
   69 	 2.484472 	 2.484472 	 2.484472
   70 	 2.484472 	 2.484472 	 2.484472
   71 	 2.484472 	 2.484472 	 2.484472
   72 	 2.484472 	 2.484472 	 2.484472
   73 	 2.484472 	 2.484472 	 2.484472
   74 	 2.484472 	 2.484472 	 2.484472
   75 	 2.484472 	 2.484472 	 2.484472
   76 	 2.484472 	 2.484472 	 2.484472
   77 	 0.455685 	 2.464184 	 2.484472
   78 	 2.484472 	 2.484472 	 2.484472
   79 	 2.484472 	 2.488355 	 2.872738
   80 	 0.643294 	 2.470142 	 2.872738
   81 	 0.643294 	 2.466060 	 2.484472
   82 	 2.484472 	 2.484472 	 2.484472
   83 	 0.100749 	 2.460635 	 2.484472
   84 	 2.484472 	 2.484472 	 2.484472
   85 	 2.484472 	 2.484472 	 2.484472
   86 	 2.484472 	 2.484540 	 2.491281
   87 	 0.373009 	 2.463426 	 2.491281
   88 	 2.484472 	 2.484472 	 2.484472
   89 	 2.484472 	 2.484540 	 2.491281
   90 	 2.484472 	 2.484472 	 2.484472
   91 	 2.484472 	 2.484472 	 2.484472
   92 	 2.357934 	 2.483207 	 2.484472
   93 	 2.357934 	 2.481941 	 2.484472
   94 	 2.357934 	 2.483207 	 2.484472
   95 	 2.357934 	 2.483207 	 2.484472
   96 	 0.137678 	 2.461004 	 2.484472
   97 	 2.484472 	 2.484472 	 2.484472
   98 	 0.643294 	 2.466060 	 2.484472
   99 	 2.484472 	 2.484472 	 2.484472
 