   0 	 2.328100 	 24.564438 	 58.772900
    1 	 8.677000 	 31.501929 	 58.772900
    2 	 9.848900 	 39.080722 	 64.310900
    3 	 3.233900 	 41.801888 	 64.171000
    4 	 25.407500 	 45.154148 	 64.171000
    5 	 28.967000 	 46.017148 	 68.140200
    6 	 28.967000 	 48.183554 	 69.355000
    7 	 26.986200 	 49.224436 	 69.355000
    8 	 27.429300 	 50.543902 	 71.036500
    9 	 20.035700 	 53.006004 	 71.348300
   10 	 20.035700 	 53.238314 	 71.348300
   11 	 30.841400 	 54.527716 	 71.348300
   12 	 30.841400 	 55.068523 	 71.348300
   13 	 30.841400 	 57.586427 	 75.817400
   14 	 25.564300 	 59.615420 	 75.817400
   15 	 25.564300 	 58.369589 	 75.817400
   16 	 31.470900 	 59.567177 	 75.817400
   17 	 36.006500 	 60.884660 	 75.817400
   18 	 36.006500 	 60.588459 	 75.817400
   19 	 36.006500 	 61.794120 	 76.912100
   20 	 36.006500 	 62.417638 	 76.912100
   21 	 36.006500 	 62.638737 	 77.017400
   22 	 39.064500 	 63.941061 	 77.017400
   23 	 43.929400 	 64.257422 	 77.118500
   24 	 34.143500 	 66.079499 	 77.118500
   25 	 41.374700 	 66.626078 	 77.217400
   26 	 44.239000 	 66.582251 	 77.420600
   27 	 44.239000 	 66.960095 	 76.912100
   28 	 44.239000 	 68.112219 	 77.318500
   29 	 55.185700 	 69.614287 	 77.318500
   30 	 40.267700 	 68.296123 	 77.318500
   31 	 47.742500 	 68.562316 	 77.318500
   32 	 53.396600 	 69.731331 	 77.318500
   33 	 55.185700 	 69.968900 	 77.318500
   34 	 55.185700 	 70.519377 	 77.318500
   35 	 55.185700 	 71.234576 	 77.318500
   36 	 58.195000 	 71.345444 	 77.318500
   37 	 64.737400 	 72.886531 	 77.319300
   38 	 49.961700 	 71.984063 	 77.319300
   39 	 49.961700 	 72.148339 	 77.319300
   40 	 49.961700 	 72.160612 	 77.318500
   41 	 45.535000 	 71.632513 	 77.318500
   42 	 52.533400 	 71.441267 	 77.318500
   43 	 52.533400 	 70.732654 	 77.318500
   44 	 45.765400 	 70.708295 	 77.318500
   45 	 45.765400 	 70.820882 	 77.216600
   46 	 45.765400 	 70.993956 	 77.216600
   47 	 55.913700 	 71.586553 	 77.216600
   48 	 65.144600 	 72.102992 	 77.216600
   49 	 64.871300 	 72.411913 	 77.216600
   50 	 64.871300 	 72.845913 	 77.115300
   51 	 64.871300 	 73.382848 	 76.912100
   52 	 67.859300 	 73.573069 	 76.912100
   53 	 67.859300 	 73.626112 	 76.912100
   54 	 67.859300 	 73.688600 	 77.115300
   55 	 67.859300 	 73.908883 	 77.115300
   56 	 67.859300 	 74.007068 	 77.115300
   57 	 67.859300 	 74.387294 	 76.912100
   58 	 69.155800 	 74.482281 	 77.216600
   59 	 69.155800 	 74.767108 	 77.013400
   60 	 46.025900 	 74.625482 	 76.912100
   61 	 46.025900 	 74.418228 	 76.912100
   62 	 46.025900 	 74.656914 	 76.912100
   63 	 46.025900 	 74.332418 	 77.318500
   64 	 68.952600 	 75.000780 	 77.115300
   65 	 57.558500 	 74.879182 	 77.115300
   66 	 69.291300 	 75.459465 	 76.912100
   67 	 70.884900 	 75.365650 	 76.912100
   68 	 70.884900 	 75.582740 	 77.115300
   69 	 70.481700 	 75.483271 	 76.912100
   70 	 70.688100 	 75.482385 	 76.912100
   71 	 70.688100 	 75.306945 	 76.912100
   72 	 70.688100 	 75.508664 	 76.912100
   73 	 70.688100 	 75.516738 	 77.318500
   74 	 73.024100 	 75.415700 	 76.912100
   75 	 73.032200 	 75.622871 	 76.912100
   76 	 73.032200 	 75.714328 	 77.318500
   77 	 73.234200 	 75.970758 	 77.318500
   78 	 73.234200 	 76.035097 	 77.318500
   79 	 73.234200 	 76.055181 	 77.318500
   80 	 73.234200 	 76.208392 	 77.318500
   81 	 73.234200 	 76.362705 	 77.318500
   82 	 74.515300 	 76.300789 	 77.318500
   83 	 51.318500 	 75.998615 	 77.318500
   84 	 74.515300 	 76.211474 	 77.318500
   85 	 74.515300 	 76.215208 	 77.318500
   86 	 73.234200 	 76.174411 	 77.318500
   87 	 74.515300 	 76.156966 	 77.318500
   88 	 74.515300 	 76.103132 	 77.318500
   89 	 74.515300 	 76.190141 	 77.318500
   90 	 74.515300 	 76.060460 	 77.318500
   91 	 74.515300 	 76.048410 	 76.912100
   92 	 74.515300 	 76.101883 	 76.912100
   93 	 70.028900 	 76.030801 	 76.912100
   94 	 70.028900 	 76.009181 	 76.912100
   95 	 73.586900 	 76.208027 	 76.912100
   96 	 71.586900 	 76.183541 	 76.912100
   97 	 71.586900 	 76.274651 	 76.912100
   98 	 71.586900 	 76.286410 	 76.912100
   99 	 71.586900 	 76.381093 	 76.912100
 