   0 	 1.920800 	 26.711049 	 58.960600
    1 	 5.830100 	 33.714864 	 70.444500
    2 	 15.613400 	 37.717740 	 74.305100
    3 	 16.510500 	 42.401151 	 70.444500
    4 	 16.446200 	 47.283477 	 70.444500
    5 	 16.446200 	 51.753683 	 73.931300
    6 	 22.339300 	 55.343119 	 75.808600
    7 	 24.553300 	 58.987214 	 75.808600
    8 	 38.529800 	 62.533596 	 75.808600
    9 	 40.082600 	 64.314644 	 75.808600
   10 	 40.082600 	 65.168421 	 75.808600
   11 	 39.242700 	 66.951078 	 75.808600
   12 	 40.082600 	 67.666776 	 75.808600
   13 	 50.975700 	 68.001265 	 75.808600
   14 	 50.801700 	 68.195857 	 76.008200
   15 	 50.975700 	 68.337674 	 75.808600
   16 	 51.750200 	 69.161835 	 76.208600
   17 	 49.546200 	 69.309163 	 76.208600
   18 	 50.975700 	 69.196435 	 76.208600
   19 	 51.018200 	 69.286267 	 76.208600
   20 	 51.018200 	 70.196746 	 76.208600
   21 	 59.480100 	 70.493728 	 76.208600
   22 	 50.975700 	 70.037606 	 75.808600
   23 	 45.147300 	 70.817861 	 75.808600
   24 	 44.395600 	 70.229314 	 76.321700
   25 	 47.396900 	 71.608709 	 76.321700
   26 	 47.396900 	 70.695462 	 76.321700
   27 	 47.396900 	 71.577407 	 76.321700
   28 	 64.227000 	 72.149699 	 76.321700
   29 	 64.227000 	 72.141944 	 76.321700
   30 	 64.879700 	 72.610095 	 76.321700
   31 	 41.400400 	 72.173581 	 75.214600
   32 	 51.075800 	 72.639009 	 75.537700
   33 	 42.857300 	 72.410325 	 75.214600
   34 	 42.857300 	 72.524822 	 75.214600
   35 	 46.496600 	 72.605387 	 75.411800
   36 	 46.496600 	 73.203992 	 75.411800
   37 	 69.958100 	 73.338992 	 76.008200
   38 	 67.818200 	 73.379893 	 75.537700
   39 	 50.852900 	 73.215440 	 77.018200
   40 	 51.075800 	 73.537550 	 75.537700
   41 	 66.240600 	 73.870332 	 76.108500
   42 	 58.137100 	 73.534596 	 75.537700
   43 	 55.601700 	 73.392235 	 76.108300
   44 	 55.601700 	 72.890530 	 75.542700
   45 	 55.601700 	 72.874046 	 75.542700
   46 	 54.623700 	 72.111254 	 75.537700
   47 	 54.623700 	 72.791632 	 75.537700
   48 	 58.955300 	 73.474160 	 77.018200
   49 	 58.955300 	 73.736951 	 77.018200
   50 	 50.456100 	 73.081232 	 77.018200
   51 	 51.075800 	 73.470485 	 77.018200
   52 	 50.456100 	 73.334459 	 77.018200
   53 	 50.456100 	 73.577581 	 77.018200
   54 	 70.775000 	 74.242253 	 77.018200
   55 	 67.818200 	 74.210571 	 77.018200
   56 	 50.456100 	 73.567137 	 77.118500
   57 	 51.081100 	 73.657431 	 77.118500
   58 	 50.456100 	 73.365058 	 77.018200
   59 	 58.363000 	 74.061299 	 77.118500
   60 	 58.896600 	 74.225739 	 77.118500
   61 	 50.448600 	 73.759618 	 77.118500
   62 	 50.448600 	 73.693750 	 77.118500
   63 	 50.448600 	 73.694156 	 77.118500
   64 	 50.448600 	 73.720822 	 77.018200
   65 	 59.870500 	 74.276506 	 77.018200
   66 	 73.050200 	 74.385142 	 77.018200
   67 	 73.050200 	 74.209783 	 77.018200
   68 	 73.050200 	 74.145668 	 76.308900
   69 	 54.424100 	 74.047813 	 75.537700
   70 	 72.680600 	 74.377515 	 75.537700
   71 	 54.424100 	 74.260166 	 75.537700
   72 	 73.147300 	 74.456614 	 75.537700
   73 	 50.448600 	 74.091493 	 77.018200
   74 	 73.147300 	 74.631951 	 77.018200
   75 	 73.147300 	 74.720292 	 75.537700
   76 	 73.147300 	 74.833807 	 77.118500
   77 	 51.991000 	 74.394713 	 77.118500
   78 	 52.055000 	 74.527588 	 77.118500
   79 	 52.055000 	 73.994436 	 77.118500
   80 	 52.055000 	 73.981006 	 77.018200
   81 	 73.834200 	 74.770130 	 77.018200
   82 	 73.834200 	 74.818868 	 75.537700
   83 	 72.874200 	 74.773000 	 77.118500
   84 	 72.874200 	 74.842894 	 77.018200
   85 	 55.601700 	 74.535022 	 75.537700
   86 	 72.874200 	 74.767054 	 75.537700
   87 	 58.264100 	 74.385187 	 75.537700
   88 	 57.387300 	 74.098882 	 75.537700
   89 	 58.264100 	 74.345659 	 75.537700
   90 	 58.264100 	 74.436230 	 75.537700
   91 	 59.870500 	 74.499930 	 77.118500
   92 	 73.834200 	 74.686554 	 77.118500
   93 	 73.834200 	 74.592679 	 75.537700
   94 	 73.834200 	 74.656732 	 75.537700
   95 	 73.834200 	 74.603380 	 75.537700
   96 	 73.834200 	 74.656094 	 75.537700
   97 	 73.834200 	 74.624626 	 75.537700
   98 	 73.834200 	 74.691839 	 75.537700
   99 	 73.834200 	 74.658747 	 75.537700
 