   0 	 2.018200 	 26.847636 	 64.280200
    1 	 5.566800 	 33.045308 	 64.280200
    2 	 3.833000 	 36.906945 	 64.280200
    3 	 14.309800 	 39.735652 	 66.029800
    4 	 20.974200 	 43.188016 	 65.453800
    5 	 20.974200 	 43.364863 	 65.453800
    6 	 4.350600 	 46.368299 	 69.041000
    7 	 8.938400 	 48.822590 	 69.041000
    8 	 8.938400 	 50.605880 	 69.041000
    9 	 28.251000 	 53.257756 	 69.041000
   10 	 18.906900 	 56.440046 	 69.041000
   11 	 32.657400 	 58.805825 	 69.041000
   12 	 32.657400 	 57.829374 	 69.041000
   13 	 32.657400 	 59.164396 	 69.442600
   14 	 41.159500 	 61.096160 	 69.437200
   15 	 25.092100 	 61.547763 	 69.437200
   16 	 25.092100 	 62.916414 	 69.437200
   17 	 49.817000 	 64.184386 	 69.451000
   18 	 50.861900 	 65.415575 	 73.241000
   19 	 53.069000 	 65.216518 	 73.241000
   20 	 52.696300 	 65.176237 	 73.241000
   21 	 51.585800 	 65.086633 	 73.241000
   22 	 53.528200 	 66.100291 	 73.241000
   23 	 50.438600 	 65.267277 	 73.241000
   24 	 50.438600 	 65.712232 	 73.831400
   25 	 50.438600 	 66.525961 	 75.409000
   26 	 47.436200 	 66.386459 	 73.831400
   27 	 35.250200 	 66.043164 	 73.831400
   28 	 49.663500 	 67.543110 	 73.831400
   29 	 35.796200 	 67.016235 	 73.831400
   30 	 35.796200 	 67.728288 	 73.831400
   31 	 44.601000 	 68.176385 	 74.417000
   32 	 45.649900 	 67.959277 	 73.831400
   33 	 44.567400 	 68.111212 	 73.831400
   34 	 57.932200 	 68.935709 	 73.831400
   35 	 57.932200 	 68.887003 	 73.831400
   36 	 57.932200 	 68.682777 	 73.831400
   37 	 57.932200 	 68.808225 	 73.831400
   38 	 57.932200 	 68.856012 	 73.831400
   39 	 67.475400 	 68.973283 	 73.831400
   40 	 67.475400 	 68.947168 	 71.505000
   41 	 50.455400 	 68.824040 	 71.505000
   42 	 67.475400 	 69.096816 	 71.705800
   43 	 45.341000 	 68.816920 	 71.505000
   44 	 67.475400 	 68.970912 	 70.513000
   45 	 67.475400 	 68.917816 	 70.513000
   46 	 67.475400 	 68.990760 	 70.233800
   47 	 67.475400 	 68.987224 	 70.233800
   48 	 67.669800 	 68.944856 	 70.233800
   49 	 67.669800 	 68.888056 	 70.033000
   50 	 67.669800 	 68.884120 	 70.762600
   51 	 67.669800 	 68.909224 	 70.762600
   52 	 67.669800 	 68.997152 	 70.233800
   53 	 67.669800 	 68.951296 	 70.233800
   54 	 67.669800 	 68.961424 	 70.762600
   55 	 68.059400 	 69.030864 	 70.762600
   56 	 68.059400 	 68.965072 	 70.033000
   57 	 68.059400 	 68.926984 	 70.033000
   58 	 68.455400 	 68.914208 	 70.033000
   59 	 68.455400 	 68.887088 	 70.033000
   60 	 68.455400 	 68.908328 	 70.033000
   61 	 52.061000 	 68.670624 	 70.033000
   62 	 68.455400 	 68.831433 	 70.033000
   63 	 68.455400 	 68.796273 	 70.033000
   64 	 68.455400 	 68.813714 	 70.033000
   65 	 68.455400 	 68.779370 	 70.233800
   66 	 68.261800 	 68.760195 	 70.233800
   67 	 68.455400 	 68.778869 	 70.233800
   68 	 68.455400 	 68.730705 	 70.233800
   69 	 68.455400 	 68.790817 	 70.233800
   70 	 68.455400 	 68.856023 	 70.233800
   71 	 62.723400 	 68.778519 	 70.233800
   72 	 44.371400 	 68.479506 	 70.233800
   73 	 62.723400 	 68.811396 	 70.233800
   74 	 62.723400 	 68.950474 	 70.233800
   75 	 68.455400 	 69.117880 	 70.233800
   76 	 68.455400 	 69.161019 	 70.233800
   77 	 46.561100 	 68.863860 	 70.324300
   78 	 46.561100 	 68.854961 	 70.324300
   79 	 62.529000 	 69.037766 	 70.324300
   80 	 68.455400 	 69.146353 	 70.324300
   81 	 68.455400 	 69.285474 	 70.324300
   82 	 63.273800 	 69.226100 	 70.324300
   83 	 68.455400 	 69.351837 	 70.324300
   84 	 68.455400 	 69.215991 	 70.324300
   85 	 68.455400 	 69.255669 	 70.324300
   86 	 68.455400 	 69.174306 	 70.324300
   87 	 68.455400 	 69.231458 	 70.435400
   88 	 57.821000 	 69.075407 	 70.841000
   89 	 68.069000 	 69.173981 	 70.841000
   90 	 68.069000 	 69.211373 	 70.841000
   91 	 68.069000 	 69.260525 	 70.841000
   92 	 68.069000 	 69.156113 	 70.324300
   93 	 68.069000 	 69.014648 	 70.233800
   94 	 68.069000 	 69.089840 	 70.233800
   95 	 68.069000 	 69.194120 	 73.229000
   96 	 68.455400 	 69.281080 	 73.229000
   97 	 68.455400 	 69.255288 	 73.229000
   98 	 68.095400 	 69.164440 	 70.435400
   99 	 48.579400 	 68.777568 	 70.435400
 