   0 	 0.536200 	 27.411050 	 56.297400
    1 	 13.460000 	 32.513999 	 56.742500
    2 	 16.844200 	 36.710560 	 61.800200
    3 	 16.844200 	 40.712688 	 61.800200
    4 	 14.454100 	 44.594789 	 63.983300
    5 	 17.625700 	 46.990557 	 61.800200
    6 	 20.631400 	 48.004354 	 63.065700
    7 	 20.631400 	 48.941867 	 62.994500
    8 	 29.000600 	 48.544897 	 68.057700
    9 	 26.877800 	 50.506835 	 72.621000
   10 	 19.060300 	 51.242742 	 72.621000
   11 	 28.232300 	 53.862626 	 72.621000
   12 	 29.000600 	 56.265947 	 72.621000
   13 	 26.189300 	 56.970900 	 76.818600
   14 	 29.000600 	 58.223429 	 76.818600
   15 	 33.002900 	 59.270427 	 76.818600
   16 	 37.452900 	 60.633881 	 76.818600
   17 	 30.800300 	 60.771379 	 76.818600
   18 	 37.452900 	 63.472442 	 76.818600
   19 	 37.452900 	 64.563196 	 76.818600
   20 	 37.452900 	 64.325299 	 77.219400
   21 	 33.008300 	 66.295047 	 77.219400
   22 	 36.507400 	 66.692760 	 77.219400
   23 	 42.479500 	 67.880687 	 77.219400
   24 	 42.479500 	 68.476667 	 77.320100
   25 	 42.479500 	 69.420669 	 77.219400
   26 	 49.228200 	 69.758725 	 77.219400
   27 	 51.018100 	 70.925746 	 77.219400
   28 	 51.018100 	 71.847583 	 77.219400
   29 	 43.430600 	 71.725914 	 77.219400
   30 	 43.430600 	 72.434379 	 77.219400
   31 	 45.670200 	 72.600278 	 77.219400
   32 	 60.271500 	 73.387522 	 77.219400
   33 	 60.271500 	 73.245314 	 77.219400
   34 	 60.271500 	 73.158421 	 77.219400
   35 	 60.271500 	 73.399724 	 77.321100
   36 	 60.271500 	 73.693228 	 77.219400
   37 	 60.271500 	 74.099927 	 77.219400
   38 	 60.271500 	 74.192929 	 77.423000
   39 	 64.192200 	 74.817585 	 77.423000
   40 	 63.585800 	 74.728704 	 77.423000
   41 	 64.192200 	 74.854817 	 77.423000
   42 	 64.192200 	 75.410077 	 77.423000
   43 	 64.192200 	 75.671664 	 77.423000
   44 	 56.651300 	 75.397802 	 77.219400
   45 	 50.814500 	 75.403053 	 77.219400
   46 	 50.814500 	 75.579293 	 77.219400
   47 	 50.814500 	 75.599585 	 77.219400
   48 	 57.366600 	 76.049710 	 77.219400
   49 	 57.366600 	 75.998799 	 77.219400
   50 	 71.609000 	 76.105838 	 77.219400
   51 	 71.609000 	 76.265041 	 77.219400
   52 	 71.609000 	 76.361437 	 77.219400
   53 	 71.609000 	 76.207840 	 77.219400
   54 	 71.609000 	 76.467627 	 77.219400
   55 	 71.609000 	 76.287939 	 77.219400
   56 	 72.844200 	 76.326175 	 77.219400
   57 	 72.844200 	 76.423734 	 77.219400
   58 	 72.844200 	 76.593159 	 77.219400
   59 	 57.558900 	 76.433464 	 77.219400
   60 	 72.844200 	 76.681532 	 77.219400
   61 	 72.844200 	 76.667643 	 77.219400
   62 	 72.844200 	 76.776788 	 77.219400
   63 	 74.102600 	 76.825040 	 77.219400
   64 	 74.102600 	 76.807855 	 77.219400
   65 	 74.102600 	 76.754607 	 77.219400
   66 	 74.102600 	 76.850070 	 77.219400
   67 	 74.102600 	 76.910550 	 77.219400
   68 	 74.102600 	 76.915469 	 77.219400
   69 	 74.102600 	 76.972774 	 77.219400
   70 	 74.102600 	 76.948692 	 77.219400
   71 	 74.102600 	 76.924601 	 77.321100
   72 	 76.012200 	 76.945804 	 77.219400
   73 	 75.218600 	 76.927902 	 77.219400
   74 	 76.012200 	 76.933824 	 77.219400
   75 	 76.012200 	 76.954084 	 77.219400
   76 	 76.012200 	 76.937031 	 77.219400
   77 	 76.012200 	 76.964232 	 77.219400
   78 	 76.012200 	 76.962420 	 77.219400
   79 	 76.012200 	 76.978500 	 77.219400
   80 	 76.012200 	 76.963365 	 77.219400
   81 	 76.310900 	 76.963461 	 77.219400
   82 	 57.763400 	 76.776745 	 77.219400
   83 	 57.763400 	 76.766789 	 77.623400
   84 	 57.763400 	 76.771710 	 77.219400
   85 	 76.716500 	 77.019565 	 77.219400
   86 	 70.738900 	 76.976918 	 77.219400
   87 	 76.716500 	 77.062704 	 77.321100
   88 	 76.716500 	 77.055713 	 77.219400
   89 	 76.716500 	 77.056734 	 77.219400
   90 	 76.716500 	 77.038584 	 77.219400
   91 	 70.623700 	 77.021668 	 77.219400
   92 	 57.917300 	 76.845852 	 77.219400
   93 	 76.716500 	 77.098780 	 77.219400
   94 	 76.716500 	 77.117875 	 77.219400
   95 	 76.818600 	 77.124966 	 78.030600
   96 	 71.190600 	 77.099653 	 78.030600
   97 	 71.190600 	 77.093547 	 78.030600
   98 	 71.190600 	 77.033203 	 78.030600
   99 	 71.190600 	 76.942917 	 78.030600
 