   0 	 0.249000 	 24.262846 	 57.581700
    1 	 3.917300 	 32.513686 	 57.581700
    2 	 6.133800 	 35.107596 	 57.581700
    3 	 8.622100 	 36.674819 	 57.581700
    4 	 8.622100 	 39.324500 	 57.581700
    5 	 4.730900 	 41.280608 	 57.581700
    6 	 27.387800 	 45.140192 	 64.383800
    7 	 17.350800 	 46.141389 	 64.383800
    8 	 24.830900 	 48.093208 	 65.826600
    9 	 24.830900 	 49.620346 	 67.162100
   10 	 14.424100 	 50.527211 	 67.162100
   11 	 32.214500 	 51.518040 	 70.186500
   12 	 32.214500 	 52.381995 	 70.186500
   13 	 32.002200 	 53.513535 	 70.186500
   14 	 32.214500 	 54.640494 	 70.186500
   15 	 42.708100 	 56.785763 	 70.186500
   16 	 34.704900 	 56.762994 	 72.141100
   17 	 33.073400 	 57.603356 	 70.186500
   18 	 38.954200 	 58.998553 	 70.964100
   19 	 43.137900 	 60.181911 	 71.876600
   20 	 43.137900 	 61.151402 	 71.876600
   21 	 43.137900 	 62.436650 	 71.358700
   22 	 45.599300 	 63.547278 	 72.557700
   23 	 32.651000 	 63.728065 	 72.557700
   24 	 47.044100 	 64.994456 	 71.358700
   25 	 47.044100 	 65.080900 	 71.358700
   26 	 50.613400 	 65.595041 	 71.358700
   27 	 50.613400 	 65.936942 	 71.358700
   28 	 54.094200 	 66.557813 	 73.050200
   29 	 47.936600 	 65.618613 	 72.954500
   30 	 48.580100 	 66.721059 	 72.954500
   31 	 54.094200 	 67.612168 	 71.358700
   32 	 54.094200 	 67.905182 	 71.358700
   33 	 54.094200 	 68.264185 	 71.454600
   34 	 54.094200 	 68.660407 	 71.454600
   35 	 51.242400 	 69.310465 	 71.454600
   36 	 51.242400 	 69.155302 	 72.044600
   37 	 51.242400 	 69.394326 	 71.358700
   38 	 50.113700 	 69.851120 	 71.358700
   39 	 50.113700 	 69.807025 	 71.457800
   40 	 51.568800 	 69.957506 	 73.452600
   41 	 53.147300 	 70.054247 	 73.452600
   42 	 53.343300 	 69.969762 	 71.358700
   43 	 53.343300 	 69.945231 	 71.358700
   44 	 64.464900 	 70.316561 	 71.358700
   45 	 64.464900 	 70.143698 	 71.358700
   46 	 64.426500 	 70.159479 	 71.358700
   47 	 52.159800 	 69.885723 	 71.358700
   48 	 47.044100 	 70.017341 	 71.358700
   49 	 47.044100 	 69.977308 	 71.358700
   50 	 69.796100 	 70.264694 	 70.964100
   51 	 69.992300 	 70.291137 	 70.964100
   52 	 69.992300 	 70.318297 	 71.062200
   53 	 47.351300 	 70.092005 	 71.062200
   54 	 69.992300 	 70.320151 	 71.456600
   55 	 69.992300 	 70.280088 	 71.062200
   56 	 69.992300 	 70.283073 	 71.062200
   57 	 69.992300 	 70.253917 	 71.062200
   58 	 69.992300 	 70.256860 	 71.062200
   59 	 69.992300 	 70.295712 	 71.062200
   60 	 69.992300 	 70.290861 	 71.062200
   61 	 69.992300 	 70.283253 	 71.160500
   62 	 69.992300 	 70.302525 	 71.160500
   63 	 69.708600 	 70.327821 	 71.160500
   64 	 69.804900 	 70.305566 	 71.062200
   65 	 59.329800 	 70.172582 	 71.062200
   66 	 69.804900 	 70.309452 	 70.964300
   67 	 69.804900 	 70.283956 	 71.358700
   68 	 69.804900 	 70.309989 	 71.358700
   69 	 69.804900 	 70.255485 	 71.358700
   70 	 69.804900 	 70.260348 	 71.062200
   71 	 69.804900 	 70.264540 	 70.866200
   72 	 69.707000 	 70.242964 	 70.866200
   73 	 69.707000 	 70.199145 	 70.768300
   74 	 69.804900 	 70.196260 	 70.768300
   75 	 46.946200 	 69.996963 	 70.964300
   76 	 46.946200 	 70.040786 	 71.358700
   77 	 46.946200 	 69.780044 	 70.964300
   78 	 46.946200 	 69.981327 	 70.964300
   79 	 46.946200 	 69.977195 	 71.062200
   80 	 46.946200 	 69.761309 	 70.866200
   81 	 46.946200 	 70.018702 	 70.866200
   82 	 46.946200 	 70.073052 	 70.866200
   83 	 69.992300 	 70.283090 	 70.866200
   84 	 69.992300 	 70.307381 	 70.866200
   85 	 69.992300 	 70.345234 	 70.964300
   86 	 64.245100 	 70.339201 	 71.062200
   87 	 64.245100 	 70.297239 	 70.866200
   88 	 64.245100 	 70.306064 	 70.866200
   89 	 64.245100 	 70.265180 	 70.964300
   90 	 64.245100 	 70.244785 	 70.866200
   91 	 64.245100 	 70.295400 	 70.866200
   92 	 69.992300 	 70.384899 	 70.866200
   93 	 69.992300 	 70.345048 	 70.866200
   94 	 69.992300 	 70.363481 	 70.768300
   95 	 67.106200 	 70.299704 	 70.866200
   96 	 69.992300 	 70.328581 	 70.866200
   97 	 69.992300 	 70.363545 	 70.866200
   98 	 69.992300 	 70.367413 	 70.866200
   99 	 69.992300 	 70.377115 	 70.866200
 