   0 	 1.940000 	 25.278955 	 66.409300
    1 	 1.850000 	 30.669966 	 66.409300
    2 	 4.102700 	 37.182001 	 67.532500
    3 	 12.226100 	 44.307519 	 67.532500
    4 	 24.693800 	 47.917111 	 67.532500
    5 	 16.800200 	 49.259007 	 67.532500
    6 	 25.494500 	 52.478875 	 66.409300
    7 	 27.018900 	 56.666083 	 66.594500
    8 	 27.018900 	 60.858789 	 71.946400
    9 	 31.519400 	 62.538382 	 71.946400
   10 	 31.519400 	 63.992182 	 71.946400
   11 	 38.117000 	 64.495637 	 71.946400
   12 	 41.072900 	 64.184013 	 71.946400
   13 	 41.072900 	 64.900472 	 71.946400
   14 	 41.072900 	 64.380479 	 71.946400
   15 	 29.476600 	 64.286850 	 72.147600
   16 	 37.898500 	 64.791551 	 72.131600
   17 	 37.898500 	 64.863688 	 72.131600
   18 	 37.898500 	 66.063240 	 72.131600
   19 	 37.898500 	 66.027982 	 72.131600
   20 	 37.898500 	 67.719701 	 72.148400
   21 	 62.060900 	 68.567440 	 72.249700
   22 	 62.572900 	 69.114327 	 72.249700
   23 	 46.958900 	 68.770348 	 72.249700
   24 	 46.958900 	 68.932605 	 72.249700
   25 	 62.746000 	 69.640471 	 72.249700
   26 	 62.746000 	 70.080165 	 72.148400
   27 	 54.845600 	 69.864528 	 72.148400
   28 	 63.038900 	 70.486911 	 72.148400
   29 	 63.038900 	 70.829510 	 72.148400
   30 	 63.038900 	 70.926401 	 71.946400
   31 	 63.049300 	 70.905725 	 72.249700
   32 	 56.783700 	 70.697528 	 72.249700
   33 	 56.783700 	 70.404512 	 72.249700
   34 	 45.952400 	 69.817015 	 71.946400
   35 	 51.309200 	 69.545047 	 71.946400
   36 	 56.783700 	 70.223016 	 72.349600
   37 	 46.856900 	 69.492365 	 71.946400
   38 	 46.856900 	 69.919958 	 71.946400
   39 	 56.783700 	 70.793112 	 71.946400
   40 	 56.783700 	 70.960808 	 71.946400
   41 	 56.783700 	 70.742811 	 71.946400
   42 	 46.445200 	 70.601726 	 71.946400
   43 	 62.746000 	 71.057980 	 71.946400
   44 	 62.746000 	 71.234073 	 71.946400
   45 	 62.746000 	 71.266750 	 71.946400
   46 	 62.746000 	 71.191159 	 71.946400
   47 	 62.746000 	 71.286424 	 71.946400
   48 	 62.746000 	 71.124506 	 71.946400
   49 	 62.746000 	 71.020203 	 71.946400
   50 	 62.269600 	 70.785394 	 71.946400
   51 	 62.269600 	 71.130791 	 71.946400
   52 	 62.269600 	 71.240302 	 71.946400
   53 	 62.269600 	 71.530685 	 71.946400
   54 	 62.269600 	 71.497275 	 71.946400
   55 	 62.269600 	 71.403786 	 71.946400
   56 	 62.269600 	 71.626325 	 71.946400
   57 	 62.269600 	 71.667697 	 71.946400
   58 	 70.365600 	 71.785741 	 71.946400
   59 	 70.273300 	 71.749941 	 71.946400
   60 	 70.273300 	 71.723414 	 71.946400
   61 	 70.273300 	 71.696663 	 71.946400
   62 	 70.273300 	 71.685578 	 71.946400
   63 	 54.645200 	 71.522196 	 71.946400
   64 	 54.645200 	 71.530204 	 71.946400
   65 	 54.645200 	 71.295580 	 71.946400
   66 	 54.645200 	 70.988940 	 71.946400
   67 	 54.645200 	 70.814276 	 71.946400
   68 	 54.445600 	 70.649664 	 71.946400
   69 	 54.445600 	 71.068156 	 71.946400
   70 	 54.445600 	 71.072148 	 71.946400
   71 	 54.445600 	 71.567168 	 71.946400
   72 	 54.445600 	 71.583176 	 71.946400
   73 	 71.546400 	 71.746216 	 71.946400
   74 	 71.347600 	 71.730208 	 71.946400
   75 	 60.682400 	 71.619564 	 71.946400
   76 	 71.546400 	 71.733237 	 71.946400
   77 	 71.347600 	 71.711209 	 71.946400
   78 	 71.347600 	 71.717213 	 71.946400
   79 	 71.347600 	 71.736234 	 71.946400
   80 	 71.347600 	 71.739191 	 71.946400
   81 	 71.546400 	 71.751183 	 71.946400
   82 	 71.546400 	 71.755183 	 71.946400
   83 	 71.546400 	 71.747199 	 71.946400
   84 	 71.446900 	 71.767215 	 71.946400
   85 	 71.446900 	 71.786204 	 71.946400
   86 	 71.446900 	 71.781193 	 71.946400
   87 	 71.546400 	 71.774184 	 71.946400
   88 	 71.347600 	 71.776220 	 71.946400
   89 	 71.546400 	 71.794216 	 71.946400
   90 	 71.546400 	 71.796188 	 71.946400
   91 	 71.546400 	 71.806184 	 71.946400
   92 	 71.546400 	 71.818176 	 71.946400
   93 	 71.546400 	 71.820196 	 71.946400
   94 	 71.546400 	 71.828212 	 71.946400
   95 	 71.546400 	 71.822200 	 71.946400
   96 	 52.695200 	 71.637680 	 71.946400
   97 	 71.546400 	 71.842216 	 71.946400
   98 	 71.546400 	 71.852220 	 71.946400
   99 	 71.746000 	 71.846200 	 71.946400
 