   0 	 0.017034 	 0.054189 	 0.455083
    1 	 0.019671 	 0.100302 	 0.455083
    2 	 0.030571 	 0.236862 	 0.492587
    3 	 0.030061 	 0.374540 	 4.042037
    4 	 0.123394 	 0.641638 	 4.042037
    5 	 0.152929 	 1.689282 	 4.042037
    6 	 0.148566 	 3.500342 	 23.474178
    7 	 0.039792 	 5.806758 	 23.474178
    8 	 0.046411 	 11.703182 	 23.474178
    9 	 4.042037 	 19.004786 	 23.474178
   10 	 4.042037 	 22.308250 	 23.474178
   11 	 4.042037 	 22.891214 	 23.474178
   12 	 4.042037 	 23.085536 	 23.474178
   13 	 4.042037 	 23.279857 	 23.474178
   14 	 0.150435 	 23.240941 	 23.474178
   15 	 0.478332 	 23.262643 	 25.316456
   16 	 23.474178 	 23.511024 	 25.316456
   17 	 23.041475 	 23.608142 	 35.460993
   18 	 23.041475 	 23.857647 	 35.460993
   19 	 23.041475 	 23.857647 	 35.460993
   20 	 20.746888 	 23.923166 	 35.460993
   21 	 23.041475 	 24.126959 	 35.460993
   22 	 23.041475 	 24.446098 	 35.460993
   23 	 23.041475 	 24.685835 	 35.460993
   24 	 6.605020 	 25.174257 	 35.460993
   25 	 23.041475 	 26.740901 	 35.460993
   26 	 23.041475 	 28.740186 	 42.735043
   27 	 23.041475 	 30.840852 	 35.460993
   28 	 23.041475 	 31.512469 	 35.460993
   29 	 2.219263 	 31.659525 	 35.460993
   30 	 23.474178 	 32.829235 	 58.823529
   31 	 23.474178 	 34.729562 	 58.823529
   32 	 0.038255 	 35.202190 	 58.823529
   33 	 23.474178 	 36.257293 	 58.823529
   34 	 23.474178 	 36.964280 	 58.823529
   35 	 23.474178 	 37.898782 	 58.823529
   36 	 23.474178 	 39.540270 	 58.823529
   37 	 23.474178 	 42.230018 	 58.823529
   38 	 0.040643 	 44.909272 	 58.823529
   39 	 34.482759 	 48.300606 	 58.823529
   40 	 34.482759 	 51.318171 	 58.823529
   41 	 35.460993 	 52.749270 	 58.823529
   42 	 35.460993 	 56.720901 	 58.823529
   43 	 35.460993 	 56.954526 	 58.823529
   44 	 35.460993 	 57.421777 	 58.823529
   45 	 35.460993 	 57.421777 	 58.823529
   46 	 35.460993 	 57.655403 	 58.823529
   47 	 31.847134 	 57.619264 	 58.823529
   48 	 35.460993 	 58.589904 	 58.823529
   49 	 0.560727 	 58.240901 	 58.823529
   50 	 58.823529 	 58.823529 	 58.823529
   51 	 58.823529 	 58.823529 	 58.823529
   52 	 58.823529 	 58.823529 	 58.823529
   53 	 0.594884 	 58.241243 	 58.823529
   54 	 51.546392 	 58.750758 	 58.823529
   55 	 58.823529 	 58.823529 	 58.823529
   56 	 58.823529 	 58.823529 	 58.823529
   57 	 58.823529 	 58.823529 	 58.823529
   58 	 58.823529 	 58.823529 	 58.823529
   59 	 0.039996 	 58.235694 	 58.823529
   60 	 58.823529 	 58.823529 	 58.823529
   61 	 58.823529 	 58.823529 	 58.823529
   62 	 58.823529 	 58.823529 	 58.823529
   63 	 58.823529 	 58.823529 	 58.823529
   64 	 58.823529 	 58.823529 	 58.823529
   65 	 58.823529 	 58.823529 	 58.823529
   66 	 58.823529 	 58.823529 	 58.823529
   67 	 58.823529 	 58.823529 	 58.823529
   68 	 0.509528 	 58.240389 	 58.823529
   69 	 58.823529 	 58.823529 	 58.823529
   70 	 58.823529 	 58.823529 	 58.823529
   71 	 58.823529 	 58.823529 	 58.823529
   72 	 58.823529 	 58.823529 	 58.823529
   73 	 58.823529 	 58.823529 	 58.823529
   74 	 57.803468 	 58.813329 	 58.823529
   75 	 57.803468 	 58.813329 	 58.823529
   76 	 58.823529 	 58.823529 	 58.823529
   77 	 0.038272 	 58.235677 	 58.823529
   78 	 58.823529 	 58.823529 	 58.823529
   79 	 58.823529 	 58.823529 	 58.823529
   80 	 58.823529 	 58.823529 	 58.823529
   81 	 58.823529 	 58.823529 	 58.823529
   82 	 0.039996 	 57.865799 	 58.823529
   83 	 58.823529 	 58.823529 	 58.823529
   84 	 58.823529 	 58.823529 	 58.823529
   85 	 5.096840 	 58.286263 	 58.823529
   86 	 58.823529 	 58.823529 	 58.823529
   87 	 58.823529 	 58.823529 	 58.823529
   88 	 58.823529 	 58.823529 	 58.823529
   89 	 0.146486 	 58.236759 	 58.823529
   90 	 58.823529 	 58.823529 	 58.823529
   91 	 58.823529 	 58.823529 	 58.823529
   92 	 58.823529 	 58.823529 	 58.823529
   93 	 58.823529 	 58.823529 	 58.823529
   94 	 58.823529 	 58.823529 	 58.823529
   95 	 58.823529 	 58.823529 	 58.823529
   96 	 0.038272 	 58.235677 	 58.823529
   97 	 58.823529 	 58.823529 	 58.823529
   98 	 58.823529 	 58.823529 	 58.823529
   99 	 58.823529 	 58.823529 	 58.823529
 