   0 	 1.480800 	 25.334983 	 74.944900
    1 	 1.480800 	 32.834325 	 74.944900
    2 	 6.677100 	 40.857216 	 74.944900
    3 	 12.454900 	 47.680655 	 74.944900
    4 	 21.700200 	 54.380841 	 74.944900
    5 	 18.018200 	 56.682048 	 74.944900
    6 	 22.257000 	 62.755804 	 75.349700
    7 	 34.242100 	 67.312958 	 75.349700
    8 	 34.242100 	 67.070512 	 75.349700
    9 	 26.843300 	 68.703018 	 75.349700
   10 	 51.829700 	 70.184763 	 75.349700
   11 	 55.284100 	 71.010912 	 75.349700
   12 	 55.284100 	 71.789822 	 75.349700
   13 	 46.401000 	 71.647822 	 75.349700
   14 	 52.265000 	 70.868011 	 75.349700
   15 	 52.265000 	 70.254922 	 75.349700
   16 	 55.284100 	 70.365827 	 75.349700
   17 	 55.284100 	 70.369945 	 75.724100
   18 	 55.284100 	 70.986602 	 75.724100
   19 	 44.532100 	 70.670008 	 75.724100
   20 	 54.056900 	 71.727559 	 74.944900
   21 	 54.056900 	 71.538250 	 75.146900
   22 	 54.056900 	 72.122818 	 75.349700
   23 	 54.056900 	 72.548929 	 75.349700
   24 	 43.098500 	 71.946374 	 75.349700
   25 	 48.015300 	 72.107286 	 75.349700
   26 	 48.015300 	 72.265524 	 75.349700
   27 	 49.140100 	 73.462467 	 74.944900
   28 	 49.140100 	 72.782693 	 74.944900
   29 	 49.118500 	 72.964118 	 75.332900
   30 	 49.118500 	 73.456100 	 75.138500
   31 	 48.924100 	 73.235854 	 74.944900
   32 	 53.581800 	 73.778334 	 74.944900
   33 	 51.738500 	 73.550651 	 74.944900
   34 	 68.994500 	 74.069922 	 74.944900
   35 	 59.839400 	 74.073569 	 75.349700
   36 	 59.839400 	 73.827481 	 75.349700
   37 	 49.549700 	 73.514434 	 75.349700
   38 	 49.549700 	 73.438139 	 75.045800
   39 	 49.118500 	 73.403114 	 75.045800
   40 	 49.118500 	 73.185040 	 75.045800
   41 	 49.118500 	 73.478212 	 74.944900
   42 	 49.356900 	 74.016796 	 75.349700
   43 	 49.356900 	 74.009764 	 75.349700
   44 	 49.356900 	 74.036212 	 75.349700
   45 	 49.356900 	 73.421316 	 74.944900
   46 	 49.356900 	 73.986068 	 74.944900
   47 	 72.776100 	 74.475036 	 74.944900
   48 	 72.968900 	 74.470700 	 74.944900
   49 	 72.968900 	 74.445252 	 75.349700
   50 	 72.968900 	 74.637068 	 75.349700
   51 	 72.968900 	 74.629164 	 75.349700
   52 	 72.968900 	 74.575124 	 74.944900
   53 	 72.968900 	 74.563428 	 74.944900
   54 	 72.968900 	 74.620812 	 74.944900
   55 	 72.968900 	 74.567188 	 74.944900
   56 	 72.968900 	 74.616668 	 74.944900
   57 	 72.390500 	 74.672636 	 75.349700
   58 	 72.390500 	 74.629100 	 75.349700
   59 	 72.968900 	 74.682404 	 75.349700
   60 	 68.903300 	 74.631948 	 75.349700
   61 	 68.903300 	 74.681428 	 74.944900
   62 	 72.968900 	 74.817220 	 74.944900
   63 	 72.968900 	 74.849252 	 74.944900
   64 	 72.968900 	 74.797716 	 74.944900
   65 	 72.968900 	 74.869268 	 74.944900
   66 	 72.968900 	 74.897060 	 74.944900
   67 	 74.144900 	 74.896836 	 75.349700
   68 	 69.172100 	 74.863140 	 74.944900
   69 	 69.172100 	 74.867124 	 74.944900
   70 	 74.144900 	 74.916820 	 74.944900
   71 	 74.144900 	 74.920868 	 74.944900
   72 	 74.144900 	 74.920868 	 74.944900
   73 	 74.144900 	 74.930888 	 75.146900
   74 	 74.144900 	 74.937909 	 75.045800
   75 	 74.144900 	 74.922918 	 75.045800
   76 	 74.944900 	 74.944900 	 74.944900
   77 	 68.903300 	 74.884484 	 74.944900
   78 	 74.944900 	 74.944900 	 74.944900
   79 	 51.700100 	 74.712452 	 74.944900
   80 	 48.730500 	 74.217860 	 74.944900
   81 	 51.700100 	 74.720244 	 75.724100
   82 	 51.700100 	 74.712452 	 74.944900
   83 	 51.700100 	 74.480004 	 74.944900
   84 	 74.944900 	 74.944900 	 74.944900
   85 	 74.944900 	 74.944900 	 74.944900
   86 	 74.944900 	 74.944900 	 74.944900
   87 	 74.944900 	 74.944900 	 74.944900
   88 	 74.944900 	 74.944900 	 74.944900
   89 	 74.944900 	 74.944900 	 74.944900
   90 	 74.944900 	 74.944900 	 74.944900
   91 	 55.284100 	 74.748292 	 74.944900
   92 	 55.284100 	 74.748292 	 74.944900
   93 	 74.944900 	 74.944900 	 74.944900
   94 	 74.944900 	 74.944900 	 74.944900
   95 	 74.944900 	 74.944900 	 74.944900
   96 	 74.944900 	 74.944900 	 74.944900
   97 	 74.944900 	 74.944900 	 74.944900
   98 	 74.944900 	 74.944900 	 74.944900
   99 	 74.944900 	 74.944900 	 74.944900
 