   0 	 3.680600 	 25.893410 	 65.726100
    1 	 3.965400 	 34.652520 	 66.606100
    2 	 12.735400 	 37.752909 	 66.606100
    3 	 15.784600 	 43.145830 	 66.606100
    4 	 14.363600 	 47.036858 	 66.606100
    5 	 14.363600 	 51.034321 	 66.606100
    6 	 27.098100 	 54.755573 	 66.606100
    7 	 27.098100 	 56.282110 	 67.143700
    8 	 27.098100 	 56.236549 	 67.143700
    9 	 27.098100 	 56.918845 	 71.164600
   10 	 40.930700 	 58.635298 	 71.164600
   11 	 38.353700 	 58.538384 	 71.970400
   12 	 37.085600 	 58.657355 	 71.970400
   13 	 44.135000 	 59.485330 	 71.970400
   14 	 46.056400 	 60.179403 	 71.970400
   15 	 40.097900 	 59.692164 	 72.004300
   16 	 27.515600 	 59.078084 	 72.004300
   17 	 27.251000 	 60.477799 	 72.004300
   18 	 27.251000 	 62.249887 	 71.970400
   19 	 27.251000 	 62.394480 	 71.970400
   20 	 27.251000 	 63.448472 	 71.970400
   21 	 27.251000 	 63.379638 	 71.970400
   22 	 46.710600 	 64.635088 	 73.262500
   23 	 41.055000 	 64.851262 	 72.254500
   24 	 40.743000 	 64.527401 	 73.541300
   25 	 50.606100 	 64.853594 	 73.541300
   26 	 47.790000 	 64.316077 	 73.541300
   27 	 49.510900 	 65.366179 	 73.541300
   28 	 49.510900 	 64.898985 	 73.541300
   29 	 47.232500 	 64.609104 	 73.541300
   30 	 43.051700 	 64.926242 	 73.541300
   31 	 48.010500 	 65.782244 	 73.541300
   32 	 41.048600 	 65.336048 	 73.912100
   33 	 42.365400 	 65.538694 	 73.912100
   34 	 49.327300 	 65.849169 	 73.541300
   35 	 49.327300 	 65.728588 	 73.541300
   36 	 49.510900 	 65.556741 	 73.541300
   37 	 47.666400 	 66.283429 	 72.170000
   38 	 47.666400 	 66.420389 	 72.170000
   39 	 49.510900 	 67.060139 	 73.288400
   40 	 49.510900 	 67.383087 	 73.288400
   41 	 47.226100 	 67.037487 	 73.288400
   42 	 49.510900 	 67.546417 	 73.288400
   43 	 49.510900 	 67.538835 	 73.288400
   44 	 49.144500 	 67.253022 	 73.288400
   45 	 49.510900 	 67.742866 	 73.288400
   46 	 47.175700 	 66.927362 	 72.170000
   47 	 47.226100 	 67.362890 	 72.170000
   48 	 47.226100 	 67.513948 	 72.170000
   49 	 47.226100 	 67.332429 	 72.170000
   50 	 57.107700 	 67.236131 	 72.170000
   51 	 49.619700 	 67.197840 	 72.170000
   52 	 55.315000 	 66.920684 	 72.170000
   53 	 46.082900 	 66.684838 	 72.170000
   54 	 57.107700 	 67.418797 	 72.170000
   55 	 57.107700 	 66.765419 	 72.170000
   56 	 47.254100 	 67.052401 	 72.170000
   57 	 47.254100 	 67.127491 	 72.070100
   58 	 47.175700 	 67.227321 	 71.870900
   59 	 47.175700 	 66.665412 	 71.970400
   60 	 47.476000 	 66.576523 	 72.170000
   61 	 47.476000 	 67.240097 	 72.170000
   62 	 47.542100 	 67.271361 	 72.170000
   63 	 52.414100 	 67.605341 	 72.170000
   64 	 52.506100 	 67.693349 	 71.970400
   65 	 52.506100 	 67.713619 	 71.870900
   66 	 52.506100 	 67.974696 	 72.170000
   67 	 52.506100 	 68.298251 	 72.170000
   68 	 47.024500 	 68.381568 	 72.170000
   69 	 47.024500 	 67.938052 	 72.170000
   70 	 46.997200 	 67.518166 	 72.170000
   71 	 59.548500 	 68.971285 	 72.170000
   72 	 59.548500 	 69.148626 	 72.170000
   73 	 56.350900 	 68.944347 	 72.170000
   74 	 59.548500 	 69.190657 	 72.170000
   75 	 59.548500 	 69.045945 	 72.170000
   76 	 64.392500 	 69.176955 	 72.170000
   77 	 47.192500 	 68.382462 	 72.170000
   78 	 47.618900 	 68.722398 	 72.170000
   79 	 47.618900 	 69.327627 	 72.170000
   80 	 65.537300 	 70.116988 	 72.170000
   81 	 55.612500 	 69.875329 	 72.170000
   82 	 65.537300 	 70.538414 	 72.170000
   83 	 65.903700 	 70.633942 	 72.170000
   84 	 41.500500 	 70.659361 	 74.917300
   85 	 65.903700 	 71.087939 	 72.170000
   86 	 65.903700 	 71.152612 	 72.170000
   87 	 65.903700 	 70.993864 	 72.170000
   88 	 65.903700 	 70.988630 	 72.170000
   89 	 65.903700 	 71.122057 	 72.170000
   90 	 65.903700 	 71.044939 	 72.170000
   91 	 65.903700 	 71.119723 	 72.170000
   92 	 66.963700 	 71.149148 	 72.170000
   93 	 66.963700 	 70.875208 	 72.170000
   94 	 65.723700 	 70.686434 	 72.306100
   95 	 65.723700 	 70.517558 	 72.070100
   96 	 65.357300 	 70.409001 	 72.170000
   97 	 65.357300 	 70.106780 	 72.170000
   98 	 63.946100 	 70.242269 	 72.170000
   99 	 63.946100 	 70.432840 	 72.170000
 