   0 	 0.444816 	 490.774713 	 3018.613171
    1 	 54.609990 	 1247.407762 	 3018.613171
    2 	 1.363723 	 1731.803121 	 3018.613171
    3 	 129.496485 	 2061.958122 	 3018.613171
    4 	 326.454736 	 2318.423615 	 3485.381430
    5 	 611.157756 	 2414.972234 	 3762.917002
    6 	 990.813358 	 2564.164987 	 3762.917002
    7 	 281.311960 	 2614.257640 	 3762.917002
    8 	 671.736059 	 2707.143273 	 3762.917002
    9 	 992.704457 	 2806.447390 	 3762.917002
   10 	 992.704457 	 2865.677627 	 3762.917002
   11 	 1483.321609 	 2899.554348 	 3802.910018
   12 	 1616.179927 	 3004.445001 	 3802.910018
   13 	 1695.579995 	 3130.682730 	 3802.910018
   14 	 2278.765600 	 3209.508177 	 3802.910018
   15 	 2278.765600 	 3273.832087 	 3802.910018
   16 	 2481.078400 	 3296.319319 	 3802.910018
   17 	 2481.078400 	 3351.272727 	 3802.910018
   18 	 2481.078400 	 3362.920396 	 3802.910018
   19 	 2404.002162 	 3348.989800 	 3802.910018
   20 	 2764.473616 	 3377.245677 	 3802.910018
   21 	 2147.656781 	 3372.689625 	 3802.910018
   22 	 2764.473616 	 3387.851453 	 3802.910018
   23 	 968.129397 	 3413.559386 	 3802.910018
   24 	 2764.473616 	 3524.895157 	 3802.910018
   25 	 2699.851759 	 3561.326376 	 3802.910018
   26 	 400.400656 	 3458.754701 	 3802.910018
   27 	 3018.613171 	 3586.337372 	 3804.813993
   28 	 406.653749 	 3509.347292 	 3802.910018
   29 	 3134.722490 	 3589.261429 	 3802.910018
   30 	 3049.413261 	 3615.342635 	 3802.910018
   31 	 3049.413261 	 3594.841717 	 3802.910018
   32 	 3018.613171 	 3604.335301 	 3802.910018
   33 	 3018.613171 	 3617.296599 	 3802.910018
   34 	 3018.613171 	 3596.067549 	 3802.910018
   35 	 3014.225958 	 3597.847201 	 3802.910018
   36 	 2992.347763 	 3606.570697 	 3802.910018
   37 	 2297.859064 	 3608.758711 	 3804.813993
   38 	 2297.859064 	 3623.142618 	 3804.813993
   39 	 985.080247 	 3579.168897 	 3804.813993
   40 	 428.947849 	 3551.199669 	 3804.813993
   41 	 2297.859064 	 3610.069059 	 3804.813993
   42 	 1970.029761 	 3604.349187 	 3802.230820
   43 	 957.284955 	 3544.936328 	 3802.230820
   44 	 1865.885437 	 3654.603671 	 3802.230820
   45 	 1865.885437 	 3650.975605 	 3802.230820
   46 	 1865.885437 	 3690.445873 	 3802.230820
   47 	 398.685173 	 3630.097461 	 3844.388035
   48 	 398.685173 	 3676.824951 	 3802.230820
   49 	 957.284955 	 3631.027812 	 3834.287912
   50 	 963.443805 	 3559.795220 	 3804.813993
   51 	 1967.352270 	 3687.936770 	 3834.287912
   52 	 1967.352270 	 3689.416807 	 3802.230820
   53 	 1967.352270 	 3695.428633 	 3802.230820
   54 	 1967.352270 	 3703.306639 	 3802.230820
   55 	 1967.352270 	 3709.436782 	 3802.230820
   56 	 3587.427558 	 3724.605801 	 3802.230820
   57 	 3577.874649 	 3718.063187 	 3802.230820
   58 	 3587.427558 	 3723.962172 	 3802.230820
   59 	 406.741136 	 3591.491221 	 3802.230820
   60 	 1090.527358 	 3667.224864 	 3802.230820
   61 	 1098.014096 	 3663.189009 	 3802.230820
   62 	 2779.269998 	 3706.472175 	 3802.230820
   63 	 2779.269998 	 3726.064575 	 3802.230820
   64 	 3606.595610 	 3733.547468 	 3802.230820
   65 	 3601.798797 	 3735.842668 	 3802.230820
   66 	 3601.798797 	 3741.642660 	 3878.026320
   67 	 3601.798797 	 3742.203001 	 3878.026320
   68 	 2656.730861 	 3735.917169 	 3878.026320
   69 	 2656.730861 	 3749.935651 	 3878.026320
   70 	 3606.595610 	 3771.309410 	 3883.003869
   71 	 3606.595610 	 3776.311945 	 3878.026320
   72 	 3606.595610 	 3776.578479 	 3883.003869
   73 	 3597.017164 	 3776.849201 	 3883.003869
   74 	 3597.017164 	 3785.264741 	 3883.003869
   75 	 3493.675662 	 3792.781526 	 3883.003869
   76 	 3488.954626 	 3793.274414 	 3883.003869
   77 	 3597.017164 	 3799.963862 	 3883.003869
   78 	 3597.017164 	 3802.189565 	 3903.429705
   79 	 2641.663229 	 3795.269359 	 3903.429705
   80 	 2641.663229 	 3778.653396 	 3903.429705
   81 	 2641.663229 	 3782.700972 	 3883.003869
   82 	 3748.082934 	 3800.745614 	 3883.003869
   83 	 3748.082934 	 3796.742783 	 3883.003869
   84 	 3748.082934 	 3787.907898 	 3883.003869
   85 	 3748.082934 	 3792.102042 	 3883.003869
   86 	 3758.017175 	 3790.305433 	 3883.003869
   87 	 3748.082934 	 3783.608052 	 3883.003869
   88 	 3748.082934 	 3789.285591 	 3883.003869
   89 	 3748.082934 	 3789.085996 	 3883.003869
   90 	 3748.082934 	 3785.100597 	 3883.003869
   91 	 3748.082934 	 3785.018269 	 3883.003869
   92 	 3493.675662 	 3783.494717 	 3883.003869
   93 	 3493.675662 	 3785.770082 	 3883.003869
   94 	 3493.675662 	 3786.009043 	 3883.003869
   95 	 3493.675662 	 3786.888169 	 3883.003869
   96 	 3758.017175 	 3788.067490 	 3883.003869
   97 	 1890.112471 	 3764.432908 	 3883.003869
   98 	 1890.112471 	 3759.506788 	 3802.230820
   99 	 3748.082934 	 3778.382414 	 3802.230820
 