   0 	 1.000009 	 3.519094 	 10.253764
    1 	 1.000100 	 5.267868 	 10.253764
    2 	 1.001296 	 6.698048 	 10.253764
    3 	 1.501264 	 7.769315 	 10.265936
    4 	 3.295225 	 8.379474 	 10.265936
    5 	 4.869089 	 8.809741 	 10.265936
    6 	 4.869089 	 9.155028 	 10.265936
    7 	 6.635876 	 9.322899 	 10.265936
    8 	 7.441444 	 9.327336 	 10.265936
    9 	 7.441444 	 9.340042 	 10.265936
   10 	 7.441444 	 9.343584 	 10.265936
   11 	 7.937956 	 9.391471 	 10.265936
   12 	 7.937956 	 9.391657 	 10.253764
   13 	 8.064964 	 9.542601 	 10.253764
   14 	 7.980164 	 9.516934 	 10.253764
   15 	 7.959044 	 9.550661 	 10.253764
   16 	 7.980164 	 9.578447 	 10.253764
   17 	 8.064964 	 9.689736 	 10.253764
   18 	 8.064964 	 9.780258 	 10.253764
   19 	 8.064964 	 9.833482 	 10.253764
   20 	 8.064964 	 9.891761 	 10.253764
   21 	 8.064964 	 9.843207 	 10.253764
   22 	 8.064964 	 9.939757 	 10.253764
   23 	 8.107556 	 9.921888 	 10.253764
   24 	 8.107556 	 9.931843 	 10.247681
   25 	 8.107556 	 9.996366 	 10.247681
   26 	 8.107556 	 10.012070 	 10.247681
   27 	 8.107556 	 10.055618 	 10.247681
   28 	 8.623121 	 10.106497 	 10.247681
   29 	 9.369449 	 10.124671 	 10.247681
   30 	 9.988004 	 10.133807 	 10.247681
   31 	 10.102289 	 10.137673 	 10.247681
   32 	 10.102289 	 10.135312 	 10.247681
   33 	 10.102289 	 10.131745 	 10.247681
   34 	 10.102289 	 10.133810 	 10.247681
   35 	 10.102289 	 10.131934 	 10.247681
   36 	 10.102289 	 10.135444 	 10.247681
   37 	 10.102289 	 10.133381 	 10.247681
   38 	 10.102289 	 10.132890 	 10.247681
   39 	 10.102289 	 10.130709 	 10.253764
   40 	 8.667361 	 10.119984 	 10.253764
   41 	 8.623121 	 10.100599 	 10.253764
   42 	 8.623121 	 10.098831 	 10.223369
   43 	 8.623121 	 10.093022 	 10.223369
   44 	 8.623121 	 10.106058 	 10.223369
   45 	 8.623121 	 10.100721 	 10.229444
   46 	 9.720209 	 10.112847 	 10.223369
   47 	 9.720209 	 10.109211 	 10.223369
   48 	 9.720209 	 10.117571 	 10.223369
   49 	 9.720209 	 10.115573 	 10.223369
   50 	 10.102289 	 10.119149 	 10.223369
   51 	 10.102289 	 10.119085 	 10.223369
   52 	 10.102289 	 10.113764 	 10.156676
   53 	 10.102289 	 10.115335 	 10.156676
   54 	 10.102289 	 10.113461 	 10.156676
   55 	 10.102289 	 10.115938 	 10.156676
   56 	 10.102289 	 10.114125 	 10.156676
   57 	 10.102289 	 10.112614 	 10.156676
   58 	 10.102289 	 10.112916 	 10.156676
   59 	 10.108324 	 10.111043 	 10.156676
   60 	 10.108324 	 10.111466 	 10.156676
   61 	 10.108324 	 10.111104 	 10.156676
   62 	 9.352100 	 10.103663 	 10.156676
   63 	 9.352100 	 10.097551 	 10.156676
   64 	 9.352100 	 10.102212 	 10.156676
   65 	 9.352100 	 10.103179 	 10.156676
   66 	 10.108324 	 10.109775 	 10.156676
   67 	 10.108324 	 10.110258 	 10.156676
   68 	 10.108324 	 10.109291 	 10.156676
   69 	 10.108324 	 10.108808 	 10.156676
   70 	 10.108324 	 10.109291 	 10.156676
   71 	 10.108324 	 10.109291 	 10.156676
   72 	 10.108324 	 10.108808 	 10.156676
   73 	 7.280036 	 10.081008 	 10.156676
   74 	 7.280036 	 10.081008 	 10.156676
   75 	 10.108324 	 10.109775 	 10.156676
   76 	 10.108324 	 10.109291 	 10.156676
   77 	 10.108324 	 10.109291 	 10.156676
   78 	 10.108324 	 10.108808 	 10.156676
   79 	 10.108324 	 10.109291 	 10.156676
   80 	 10.108324 	 10.108808 	 10.156676
   81 	 10.108324 	 10.108808 	 10.156676
   82 	 10.108324 	 10.109291 	 10.156676
   83 	 10.108324 	 10.108808 	 10.156676
   84 	 10.108324 	 10.108324 	 10.108324
   85 	 10.108324 	 10.108324 	 10.108324
   86 	 10.108324 	 10.108324 	 10.108324
   87 	 1.940900 	 10.026771 	 10.120400
   88 	 1.940900 	 10.026771 	 10.120400
   89 	 10.108324 	 10.108566 	 10.120400
   90 	 1.944784 	 10.026809 	 10.120400
   91 	 10.108324 	 10.108807 	 10.120400
   92 	 10.108324 	 10.108928 	 10.120400
   93 	 10.108324 	 10.108686 	 10.120400
   94 	 4.976036 	 10.057726 	 10.120400
   95 	 10.108324 	 10.109049 	 10.120400
   96 	 10.108324 	 10.108807 	 10.120400
   97 	 10.108324 	 10.108928 	 10.120400
   98 	 10.108324 	 10.109049 	 10.120400
   99 	 10.108324 	 10.109049 	 10.120400
 