   0 	 0.363014 	 625.111031 	 3009.468721
    1 	 177.280284 	 1584.142754 	 3009.468721
    2 	 1.607701 	 1882.738407 	 3079.989605
    3 	 413.171898 	 2279.719881 	 3079.989605
    4 	 859.957313 	 2350.920621 	 3751.541553
    5 	 1388.515385 	 2434.886786 	 3751.541553
    6 	 1441.219600 	 2554.125513 	 3762.561053
    7 	 340.193865 	 2632.435393 	 3762.561053
    8 	 1376.052266 	 2681.051401 	 3762.561053
    9 	 48.330724 	 2640.300958 	 3762.561053
   10 	 1379.021159 	 2858.442686 	 3762.561053
   11 	 1379.021159 	 2821.901965 	 3762.561053
   12 	 197.138848 	 2766.254642 	 3762.561053
   13 	 2086.986648 	 2848.293961 	 3762.561053
   14 	 33.392987 	 2806.925365 	 3771.142974
   15 	 2086.986648 	 2940.440138 	 3771.142974
   16 	 78.403147 	 2879.535485 	 3762.561053
   17 	 176.304181 	 2961.300935 	 3762.561053
   18 	 835.224896 	 2983.678005 	 3762.561053
   19 	 1012.183799 	 3119.024943 	 3762.561053
   20 	 2341.839594 	 3112.162829 	 3762.561053
   21 	 699.121753 	 3033.018195 	 3762.561053
   22 	 961.837817 	 3075.833576 	 3762.561053
   23 	 2341.839594 	 3120.898843 	 3762.561053
   24 	 2341.839594 	 3203.953980 	 3762.561053
   25 	 1878.591676 	 3242.285913 	 3841.389136
   26 	 2445.968291 	 3351.198100 	 3762.561053
   27 	 2966.809107 	 3422.727530 	 3762.561053
   28 	 2966.809107 	 3460.544089 	 3772.573316
   29 	 2887.797157 	 3425.363798 	 3767.463808
   30 	 2811.145235 	 3516.936508 	 3771.346496
   31 	 2811.145235 	 3527.177620 	 3767.463808
   32 	 2811.145235 	 3549.541612 	 3767.463808
   33 	 2811.145235 	 3524.205513 	 3841.389136
   34 	 3007.278144 	 3561.684241 	 3841.389136
   35 	 894.598773 	 3540.526447 	 3841.389136
   36 	 3041.321997 	 3587.271475 	 3841.389136
   37 	 3041.321997 	 3649.254012 	 3841.389136
   38 	 3071.129694 	 3655.996071 	 3841.389136
   39 	 3078.881416 	 3662.065519 	 3767.463808
   40 	 3078.881416 	 3639.826877 	 3767.463808
   41 	 3079.989605 	 3628.267327 	 3772.369763
   42 	 3079.989605 	 3628.667132 	 3841.389136
   43 	 3079.989605 	 3642.455772 	 3841.389136
   44 	 3079.989605 	 3632.016384 	 3772.369763
   45 	 3079.989605 	 3669.081795 	 3772.369763
   46 	 3079.989605 	 3699.179068 	 3772.369763
   47 	 3161.427587 	 3697.374966 	 3772.369763
   48 	 1607.984886 	 3687.096549 	 3772.369763
   49 	 1679.131901 	 3681.053926 	 3772.369763
   50 	 3071.129694 	 3706.284135 	 3772.369763
   51 	 2604.565411 	 3718.098541 	 3772.369763
   52 	 3161.427587 	 3738.069777 	 3840.151147
   53 	 3519.641196 	 3747.983568 	 3840.151147
   54 	 3674.858659 	 3752.044777 	 3840.151147
   55 	 3636.212617 	 3751.590325 	 3840.151147
   56 	 3636.212617 	 3751.010915 	 3840.151147
   57 	 3636.212617 	 3750.741667 	 3840.151147
   58 	 3636.212617 	 3751.679083 	 3840.151147
   59 	 3636.212617 	 3758.757810 	 3840.151147
   60 	 3636.212617 	 3761.626421 	 3840.151147
   61 	 3636.212617 	 3760.848061 	 3840.151147
   62 	 3733.211721 	 3765.235598 	 3840.151147
   63 	 3733.211721 	 3765.138407 	 3840.151147
   64 	 3733.211721 	 3765.791841 	 3851.300246
   65 	 3733.211721 	 3766.444159 	 3840.151147
   66 	 3733.211721 	 3766.636184 	 3840.151147
   67 	 3733.211721 	 3767.793077 	 3851.300246
   68 	 1849.946035 	 3744.816364 	 3840.151147
   69 	 3713.709501 	 3765.161729 	 3840.151147
   70 	 3733.211721 	 3768.073966 	 3840.151147
   71 	 3733.211721 	 3769.770423 	 3851.300246
   72 	 3733.211721 	 3772.618773 	 3851.300246
   73 	 3733.211721 	 3776.662628 	 3841.389136
   74 	 3733.211721 	 3776.933856 	 3841.389136
   75 	 3616.966397 	 3776.184727 	 3851.300246
   76 	 3616.966397 	 3776.359342 	 3851.300246
   77 	 3616.966397 	 3774.445177 	 3851.300246
   78 	 3616.966397 	 3784.763057 	 3852.540035
   79 	 3616.966397 	 3782.298175 	 3852.540035
   80 	 3751.541553 	 3780.556559 	 3851.300246
   81 	 3616.966397 	 3783.902975 	 3851.300246
   82 	 3616.966397 	 3781.581468 	 3851.300246
   83 	 3616.966397 	 3778.355541 	 3851.300246
   84 	 3616.966397 	 3781.121292 	 3851.300246
   85 	 3615.081772 	 3779.711127 	 3851.300246
   86 	 3615.081772 	 3782.143384 	 3851.300246
   87 	 3615.081772 	 3787.504503 	 3851.300246
   88 	 3752.765142 	 3788.402637 	 3851.300246
   89 	 3752.765142 	 3790.779114 	 3852.540035
   90 	 3752.765142 	 3793.736331 	 3852.540035
   91 	 3757.661497 	 3797.762342 	 3852.540035
   92 	 3757.661497 	 3801.967942 	 3852.540035
   93 	 3757.661497 	 3802.291831 	 3852.540035
   94 	 3757.661497 	 3803.123936 	 3852.540035
   95 	 3757.661497 	 3803.655255 	 3852.540035
   96 	 3757.661497 	 3806.585908 	 3852.540035
   97 	 3757.661497 	 3800.221998 	 3852.540035
   98 	 3757.661497 	 3801.540926 	 3852.540035
   99 	 3738.095277 	 3798.667776 	 3852.540035
 