   0 	 0.020343 	 460.590145 	 2334.336951
    1 	 5.151255 	 986.824622 	 2396.490628
    2 	 143.809045 	 1357.247692 	 2396.490628
    3 	 330.871439 	 1573.434913 	 3100.411301
    4 	 724.503221 	 1907.812453 	 3354.521381
    5 	 184.700502 	 2079.055270 	 3100.411301
    6 	 358.578860 	 2248.361997 	 3800.262157
    7 	 358.578860 	 2348.524728 	 3800.262157
    8 	 724.503221 	 2416.861019 	 3800.262157
    9 	 147.135575 	 2478.346069 	 3538.607021
   10 	 1753.674927 	 2602.793490 	 3538.607021
   11 	 1753.674927 	 2695.963181 	 3538.607021
   12 	 1753.674927 	 2769.863005 	 3538.607021
   13 	 1753.674927 	 2812.496263 	 3538.607021
   14 	 1753.674927 	 2832.966572 	 3533.855741
   15 	 1683.358575 	 2869.052997 	 3540.983861
   16 	 1752.839276 	 2899.716526 	 3540.983861
   17 	 1753.674927 	 2969.392083 	 3540.983861
   18 	 1753.674927 	 2955.770225 	 3542.172581
   19 	 1753.674927 	 3073.928907 	 3542.172581
   20 	 1753.674927 	 3139.534256 	 3542.172581
   21 	 2334.336951 	 3186.927563 	 3542.172581
   22 	 2554.243501 	 3252.211544 	 3542.172581
   23 	 2065.653301 	 3266.689603 	 3542.172581
   24 	 2065.653301 	 3270.427599 	 3542.172581
   25 	 2065.653301 	 3269.008237 	 3542.172581
   26 	 3064.929061 	 3314.228242 	 3542.172581
   27 	 3064.929061 	 3359.154992 	 3542.172581
   28 	 3064.929061 	 3382.846615 	 3618.666661
   29 	 3064.929061 	 3389.899238 	 3542.172581
   30 	 2856.336421 	 3400.100958 	 3542.172581
   31 	 3092.632061 	 3394.874633 	 3542.172581
   32 	 3092.632061 	 3401.537446 	 3542.172581
   33 	 3092.632061 	 3408.704096 	 3580.317221
   34 	 3092.632061 	 3404.684612 	 3580.317221
   35 	 3097.076141 	 3436.934544 	 3579.122101
   36 	 3097.076141 	 3459.057614 	 3579.122101
   37 	 3064.929061 	 3475.345421 	 3618.666661
   38 	 3100.411301 	 3498.012535 	 3610.260221
   39 	 3092.632061 	 3494.266617 	 3610.260221
   40 	 3100.411301 	 3510.382377 	 3571.955581
   41 	 3100.411301 	 3508.363806 	 3542.172581
   42 	 3346.428541 	 3520.140704 	 3542.172581
   43 	 3420.785021 	 3525.418737 	 3542.172581
   44 	 3354.521381 	 3527.202505 	 3580.317221
   45 	 3354.521381 	 3524.006465 	 3542.172581
   46 	 2979.579113 	 3517.252112 	 3618.666661
   47 	 3354.521381 	 3522.158491 	 3618.666661
   48 	 3354.521381 	 3530.850062 	 3618.666661
   49 	 3354.521381 	 3528.836473 	 3618.666661
   50 	 3354.521381 	 3534.772019 	 3618.666661
   51 	 3354.521381 	 3539.056215 	 3618.666661
   52 	 2979.579113 	 3537.077998 	 3618.666661
   53 	 3244.388261 	 3541.972833 	 3618.666661
   54 	 3244.388261 	 3542.473955 	 3618.666661
   55 	 3420.785021 	 3552.912582 	 3618.666661
   56 	 3420.785021 	 3548.808841 	 3618.666661
   57 	 3420.785021 	 3545.183998 	 3618.666661
   58 	 3420.785021 	 3539.255611 	 3618.666661
   59 	 3420.785021 	 3539.691368 	 3618.666661
   60 	 3420.785021 	 3543.216444 	 3618.666661
   61 	 3420.785021 	 3541.602193 	 3618.666661
   62 	 3420.785021 	 3548.250555 	 3618.666661
   63 	 3420.785021 	 3549.396325 	 3618.666661
   64 	 3420.785021 	 3548.994308 	 3618.666661
   65 	 3420.785021 	 3543.657467 	 3618.666661
   66 	 3420.785021 	 3541.494549 	 3618.666661
   67 	 2954.281541 	 3536.459749 	 3618.666661
   68 	 2954.281541 	 3540.797640 	 3618.666661
   69 	 2954.281541 	 3537.858685 	 3618.666661
   70 	 3383.504381 	 3543.940763 	 3618.666661
   71 	 3383.504381 	 3544.793763 	 3618.666661
   72 	 3244.388261 	 3544.344040 	 3618.666661
   73 	 3383.504381 	 3561.890533 	 3618.666661
   74 	 3383.504381 	 3562.139399 	 3618.666661
   75 	 3383.504381 	 3566.118562 	 3618.666661
   76 	 3383.504381 	 3565.574852 	 3618.666661
   77 	 3383.504381 	 3564.368107 	 3618.666661
   78 	 3383.504381 	 3565.076275 	 3618.666661
   79 	 3383.504381 	 3576.027003 	 3618.666661
   80 	 3535.043261 	 3582.037015 	 3618.666661
   81 	 3535.043261 	 3580.222089 	 3618.666661
   82 	 3535.043261 	 3580.784733 	 3618.666661
   83 	 3535.043261 	 3581.299833 	 3618.666661
   84 	 3535.043261 	 3578.814399 	 3618.666661
   85 	 3535.043261 	 3576.412392 	 3618.666661
   86 	 3535.043261 	 3570.244558 	 3621.038992
   87 	 3535.043261 	 3572.479132 	 3621.038992
   88 	 3535.043261 	 3570.553696 	 3621.038992
   89 	 3535.043261 	 3574.378066 	 3628.254669
   90 	 3535.043261 	 3570.457986 	 3618.666661
   91 	 3535.043261 	 3569.523759 	 3618.666661
   92 	 3323.414465 	 3571.230639 	 3618.666661
   93 	 3535.043261 	 3579.369595 	 3618.666661
   94 	 3535.043261 	 3584.962089 	 3618.666661
   95 	 2493.065381 	 3575.092804 	 3618.666661
   96 	 2493.065381 	 3560.612760 	 3618.666661
   97 	 2498.239301 	 3570.125452 	 3618.666661
   98 	 2498.239301 	 3564.870786 	 3618.666661
   99 	 2498.239301 	 3570.680469 	 3618.666661
 