   0 	 0.086262 	 496.502154 	 3545.093956
    1 	 75.329349 	 1772.210361 	 3553.029956
    2 	 214.580455 	 2159.777631 	 3554.625566
    3 	 323.134995 	 2501.222868 	 3554.625566
    4 	 521.095459 	 2797.225874 	 3808.515360
    5 	 989.402842 	 3025.422000 	 3778.426125
    6 	 385.911056 	 3118.467421 	 3592.704861
    7 	 1960.167456 	 3262.003911 	 3592.704861
    8 	 1960.167456 	 3351.417451 	 3592.704861
    9 	 1960.167456 	 3399.042059 	 3592.704861
   10 	 1960.167456 	 3401.514293 	 3592.704861
   11 	 2814.216664 	 3469.344044 	 3592.704861
   12 	 2095.791696 	 3427.116912 	 3592.704861
   13 	 2095.791696 	 3430.733365 	 3670.355725
   14 	 2102.582500 	 3455.902620 	 3670.355725
   15 	 2829.758621 	 3490.084459 	 3578.510590
   16 	 2829.758621 	 3490.689248 	 3578.510590
   17 	 2834.740245 	 3507.255513 	 3583.171014
   18 	 2967.426041 	 3513.357171 	 3597.549760
   19 	 2967.426041 	 3523.784889 	 3597.549760
   20 	 2991.911650 	 3532.627539 	 3579.580828
   21 	 2991.911650 	 3527.817483 	 3578.510590
   22 	 3469.301879 	 3531.235480 	 3578.510590
   23 	 3469.301879 	 3525.501143 	 3587.960729
   24 	 3469.301879 	 3521.024208 	 3587.960729
   25 	 3469.301879 	 3528.075175 	 3587.960729
   26 	 3469.301879 	 3526.117360 	 3587.960729
   27 	 3469.301879 	 3526.696187 	 3587.960729
   28 	 3469.301879 	 3524.299466 	 3570.141731
   29 	 3469.301879 	 3521.755557 	 3589.158658
   30 	 3469.301879 	 3528.107386 	 3587.960729
   31 	 3469.301879 	 3529.703629 	 3602.211319
   32 	 3469.301879 	 3534.758643 	 3602.211319
   33 	 2961.694942 	 3524.629306 	 3626.255383
   34 	 2961.694942 	 3527.441607 	 3587.960729
   35 	 2430.724727 	 3527.010507 	 3587.960729
   36 	 3469.301879 	 3537.921543 	 3589.158658
   37 	 3469.301879 	 3542.588403 	 3587.960729
   38 	 3431.713041 	 3539.482093 	 3587.960729
   39 	 3431.713041 	 3540.833500 	 3589.158658
   40 	 3469.301879 	 3542.045250 	 3589.158658
   41 	 3469.301879 	 3541.213805 	 3589.158658
   42 	 3469.301879 	 3542.903475 	 3589.158658
   43 	 3469.301879 	 3537.114783 	 3589.158658
   44 	 3469.301879 	 3533.847201 	 3583.171014
   45 	 3469.301879 	 3535.254617 	 3587.960729
   46 	 3469.301879 	 3538.747255 	 3587.960729
   47 	 1538.513171 	 3520.418093 	 3583.171014
   48 	 1538.513171 	 3506.312512 	 3583.171014
   49 	 3469.301879 	 3542.932338 	 3583.171014
   50 	 3474.014884 	 3545.930825 	 3583.171014
   51 	 3269.549696 	 3538.392717 	 3583.171014
   52 	 3469.301879 	 3543.108335 	 3583.171014
   53 	 3474.014884 	 3539.432175 	 3583.171014
   54 	 2984.477852 	 3542.586753 	 3583.171014
   55 	 3474.014884 	 3549.811991 	 3578.384499
   56 	 3474.014884 	 3548.865642 	 3578.384499
   57 	 3474.014884 	 3553.721464 	 3578.384499
   58 	 3474.014884 	 3553.056504 	 3589.158658
   59 	 3474.014884 	 3552.487086 	 3589.158658
   60 	 3488.048710 	 3548.491863 	 3574.796712
   61 	 3488.048710 	 3546.839957 	 3583.171014
   62 	 3488.048710 	 3547.590850 	 3587.960729
   63 	 2979.018208 	 3540.734024 	 3587.960729
   64 	 3488.048710 	 3545.348286 	 3587.960729
   65 	 3488.048710 	 3546.516515 	 3587.960729
   66 	 3277.014946 	 3546.449625 	 3587.960729
   67 	 3277.014946 	 3546.891835 	 3587.960729
   68 	 3204.160213 	 3539.367575 	 3570.015797
   69 	 3275.870291 	 3544.257115 	 3570.015797
   70 	 3275.870291 	 3542.355784 	 3570.015797
   71 	 3275.870291 	 3546.264926 	 3589.158658
   72 	 3275.870291 	 3547.216180 	 3589.158658
   73 	 3275.870291 	 3548.284620 	 3589.158658
   74 	 3488.048710 	 3549.481420 	 3589.158658
   75 	 3488.048710 	 3552.320783 	 3573.601184
   76 	 1538.513171 	 3531.671840 	 3573.601184
   77 	 1538.513171 	 3516.143124 	 3573.601184
   78 	 1538.513171 	 3536.041039 	 3573.601184
   79 	 1538.513171 	 3531.109611 	 3573.601184
   80 	 3488.048710 	 3551.522786 	 3573.601184
   81 	 3488.048710 	 3552.736753 	 3573.601184
   82 	 3488.048710 	 3558.737738 	 3573.601184
   83 	 3488.048710 	 3555.662049 	 3573.601184
   84 	 3488.048710 	 3559.701618 	 3573.601184
   85 	 3488.048710 	 3561.035091 	 3578.384499
   86 	 3488.048710 	 3561.297300 	 3578.384499
   87 	 1763.870434 	 3543.140836 	 3573.601184
   88 	 1763.870434 	 3523.686441 	 3570.015797
   89 	 3488.048710 	 3559.659881 	 3570.015797
   90 	 3488.048710 	 3560.205574 	 3570.015797
   91 	 3488.048710 	 3561.382250 	 3570.015797
   92 	 3417.546982 	 3560.215587 	 3570.015797
   93 	 3275.870291 	 3556.810791 	 3570.015797
   94 	 3275.870291 	 3555.274759 	 3570.015797
   95 	 3275.870291 	 3558.423944 	 3570.015797
   96 	 3417.546982 	 3560.003784 	 3570.015797
   97 	 3417.546982 	 3558.147607 	 3570.015797
   98 	 3417.546982 	 3550.150687 	 3570.015797
   99 	 3417.546982 	 3556.082218 	 3570.015797
 