   0 	 0.057978 	 507.028160 	 3438.514399
    1 	 9.010525 	 1348.227429 	 3715.621880
    2 	 123.021705 	 1727.839613 	 3802.291165
    3 	 415.678110 	 2350.508720 	 3802.291165
    4 	 791.923955 	 2826.383227 	 3802.291165
    5 	 1041.998745 	 2997.532696 	 3812.151587
    6 	 1041.998745 	 3060.055614 	 3812.151587
    7 	 1367.420622 	 3125.957262 	 3812.151587
    8 	 1300.384104 	 3230.655376 	 3812.151587
    9 	 1483.065960 	 3325.402543 	 3812.375899
   10 	 1587.763014 	 3411.136357 	 3812.375899
   11 	 2179.578547 	 3427.333933 	 3812.375899
   12 	 2179.578547 	 3443.817902 	 3825.955258
   13 	 3003.508140 	 3485.696793 	 3816.076960
   14 	 3003.508140 	 3477.588120 	 3825.955258
   15 	 3003.508140 	 3469.261186 	 3812.375899
   16 	 2865.059653 	 3467.605806 	 3805.987323
   17 	 2865.059653 	 3477.999453 	 3805.987323
   18 	 2865.059653 	 3506.202643 	 3805.987323
   19 	 3003.508140 	 3518.221645 	 3822.024810
   20 	 3003.508140 	 3527.720715 	 3831.910832
   21 	 3003.508140 	 3539.985275 	 3815.852546
   22 	 3003.508140 	 3531.770287 	 3815.852546
   23 	 3003.508140 	 3570.621556 	 3815.852546
   24 	 3003.508140 	 3561.855364 	 3815.852546
   25 	 3091.399342 	 3553.992776 	 3815.852546
   26 	 3091.399342 	 3567.595103 	 3815.852546
   27 	 3091.399342 	 3579.869015 	 3815.852546
   28 	 2485.273055 	 3595.728393 	 3805.987323
   29 	 2333.415091 	 3591.355816 	 3815.852546
   30 	 2469.374994 	 3622.498329 	 3822.483877
   31 	 2469.374994 	 3619.217077 	 3822.483877
   32 	 3416.233741 	 3638.487116 	 3814.618693
   33 	 3416.233741 	 3639.753736 	 3802.291165
   34 	 2865.059653 	 3664.503716 	 3802.291165
   35 	 1632.424781 	 3632.789676 	 3861.645699
   36 	 2993.632910 	 3672.995533 	 3802.291165
   37 	 2993.632910 	 3668.498699 	 3861.645699
   38 	 2853.314636 	 3645.085578 	 3871.808884
   39 	 2853.314636 	 3646.205367 	 3871.808884
   40 	 2993.632910 	 3655.622148 	 3861.645699
   41 	 2993.632910 	 3658.114363 	 3814.618693
   42 	 3004.568782 	 3699.680786 	 3814.618693
   43 	 3004.568782 	 3690.241327 	 3861.645699
   44 	 2844.729101 	 3659.166856 	 3861.645699
   45 	 2844.729101 	 3644.676493 	 3861.645699
   46 	 3004.568782 	 3652.773558 	 3861.645699
   47 	 3416.233741 	 3672.841819 	 3861.645699
   48 	 3416.233741 	 3667.524671 	 3841.809654
   49 	 3416.233741 	 3669.738223 	 3815.852546
   50 	 3529.227661 	 3672.091357 	 3815.852546
   51 	 3529.227661 	 3679.667128 	 3815.852546
   52 	 3529.227661 	 3678.683446 	 3815.852546
   53 	 3529.227661 	 3683.935465 	 3815.852546
   54 	 3529.227661 	 3667.409779 	 3815.852546
   55 	 3529.227661 	 3670.977841 	 3815.852546
   56 	 3567.301901 	 3679.910620 	 3815.852546
   57 	 3567.301901 	 3674.177622 	 3815.852546
   58 	 3567.301901 	 3683.052377 	 3815.852546
   59 	 3567.301901 	 3678.564213 	 3815.852546
   60 	 3567.301901 	 3667.071885 	 3815.852546
   61 	 3567.301901 	 3664.685241 	 3815.852546
   62 	 3567.301901 	 3647.571304 	 3815.852546
   63 	 3567.301901 	 3659.989718 	 3815.852546
   64 	 3567.301901 	 3655.657987 	 3815.852546
   65 	 3567.301901 	 3672.842348 	 3815.852546
   66 	 3567.301901 	 3683.050652 	 3815.852546
   67 	 3567.301901 	 3683.329923 	 3815.852546
   68 	 3567.301901 	 3677.325744 	 3815.852546
   69 	 3567.301901 	 3674.217393 	 3815.852546
   70 	 3503.432792 	 3675.943093 	 3815.852546
   71 	 3567.301901 	 3680.595377 	 3815.852546
   72 	 3567.301901 	 3680.183740 	 3815.852546
   73 	 3567.301901 	 3684.797191 	 3815.852546
   74 	 3567.301901 	 3682.983035 	 3815.852546
   75 	 3567.301901 	 3683.158304 	 3816.076960
   76 	 3567.301901 	 3697.533007 	 3816.076960
   77 	 3567.301901 	 3692.005608 	 3816.076960
   78 	 3567.301901 	 3696.197011 	 3822.249396
   79 	 3567.301901 	 3728.800625 	 3816.076960
   80 	 3567.301901 	 3716.432127 	 3816.076960
   81 	 3567.301901 	 3713.119979 	 3815.852546
   82 	 3567.301901 	 3724.184542 	 3815.852546
   83 	 3567.301901 	 3738.811813 	 3815.852546
   84 	 3567.301901 	 3733.296403 	 3815.852546
   85 	 3567.301901 	 3721.713023 	 3815.852546
   86 	 3567.301901 	 3735.555784 	 3822.249396
   87 	 3567.301901 	 3751.983844 	 3815.852546
   88 	 3567.301901 	 3748.325165 	 3815.852546
   89 	 3567.301901 	 3760.839111 	 3815.852546
   90 	 1800.612993 	 3738.042851 	 3815.852546
   91 	 3569.688341 	 3773.174137 	 3815.852546
   92 	 3644.064781 	 3774.528432 	 3815.852546
   93 	 3494.899781 	 3773.069023 	 3825.955258
   94 	 3644.064781 	 3778.656749 	 3825.955258
   95 	 3644.064781 	 3774.332090 	 3822.249396
   96 	 396.614457 	 3740.353335 	 3816.076960
   97 	 3416.490429 	 3776.280948 	 3815.852546
   98 	 3416.490429 	 3777.122907 	 3815.852546
   99 	 3416.490429 	 3768.345007 	 3815.852546
 