   0 	 1.006245 	 464.261482 	 2993.066763
    1 	 42.119160 	 1519.876075 	 2993.066763
    2 	 245.518237 	 2156.100423 	 3274.930210
    3 	 747.308147 	 2523.997554 	 3310.277758
    4 	 747.308147 	 2537.215106 	 3424.720626
    5 	 608.852588 	 2538.592846 	 3693.185389
    6 	 608.852588 	 2640.395801 	 3466.456708
    7 	 662.827525 	 2607.309718 	 3466.456708
    8 	 251.431952 	 2697.572663 	 3424.720626
    9 	 347.461301 	 2799.765427 	 3424.720626
   10 	 250.290414 	 2752.040825 	 3571.912879
   11 	 340.072970 	 2865.181055 	 3571.912879
   12 	 340.072970 	 2947.946918 	 3571.912879
   13 	 320.771610 	 2946.962078 	 3571.912879
   14 	 1708.643875 	 3061.184922 	 3571.912879
   15 	 2064.329856 	 3099.628366 	 3571.912879
   16 	 2064.329856 	 3125.523827 	 3574.300881
   17 	 2064.329856 	 3225.310025 	 3575.495182
   18 	 2064.329856 	 3234.681593 	 3575.495182
   19 	 2064.329856 	 3279.532325 	 3575.495182
   20 	 2064.329856 	 3282.970363 	 3730.503614
   21 	 2993.066763 	 3328.621279 	 3730.503614
   22 	 2803.244326 	 3338.924536 	 3736.606438
   23 	 2803.244326 	 3353.672860 	 3736.606438
   24 	 2803.244326 	 3367.608253 	 3736.606438
   25 	 2075.134113 	 3372.682929 	 3737.719266
   26 	 2803.244326 	 3415.537561 	 3806.421813
   27 	 2874.532004 	 3425.693307 	 3737.719266
   28 	 2874.532004 	 3431.847612 	 3737.719266
   29 	 2874.532004 	 3448.886914 	 3737.719266
   30 	 2993.066763 	 3434.756230 	 3737.719266
   31 	 2993.066763 	 3437.887281 	 3737.719266
   32 	 2993.066763 	 3458.580696 	 3806.421813
   33 	 2993.066763 	 3460.748992 	 3806.421813
   34 	 2993.066763 	 3447.112835 	 3806.421813
   35 	 3272.977049 	 3444.550100 	 3726.844320
   36 	 3337.152719 	 3446.760464 	 3730.503614
   37 	 3346.389526 	 3453.752503 	 3726.844320
   38 	 3282.000681 	 3447.341937 	 3730.503614
   39 	 3282.000681 	 3442.024388 	 3726.844320
   40 	 3272.977049 	 3419.221553 	 3730.503614
   41 	 294.686221 	 3382.375758 	 3726.844320
   42 	 3272.977049 	 3410.665796 	 3729.283650
   43 	 3272.977049 	 3430.090534 	 3730.503614
   44 	 3272.977049 	 3420.645972 	 3730.503614
   45 	 3272.977049 	 3440.100403 	 3728.063885
   46 	 3272.977049 	 3445.734170 	 3730.503614
   47 	 3272.977049 	 3457.770615 	 3726.844320
   48 	 3272.977049 	 3468.559969 	 3726.844320
   49 	 3272.977049 	 3467.779904 	 3726.844320
   50 	 3272.977049 	 3485.644538 	 3730.503614
   51 	 3272.977049 	 3486.534468 	 3730.503614
   52 	 3272.977049 	 3484.865321 	 3730.503614
   53 	 3239.924613 	 3503.833117 	 3730.503614
   54 	 3239.924613 	 3502.317610 	 3730.503614
   55 	 3239.924613 	 3519.392078 	 3730.503614
   56 	 2784.198618 	 3538.380794 	 3810.120006
   57 	 2784.198618 	 3524.871373 	 3730.503614
   58 	 3057.160521 	 3544.082380 	 3730.503614
   59 	 3057.160521 	 3559.269191 	 3730.503614
   60 	 3057.160521 	 3560.016319 	 3730.503614
   61 	 3057.160521 	 3549.368349 	 3730.503614
   62 	 3132.044837 	 3544.002213 	 3810.120006
   63 	 3132.044837 	 3522.170015 	 3810.120006
   64 	 748.374978 	 3486.968593 	 3810.120006
   65 	 748.374978 	 3469.074310 	 3730.503614
   66 	 3272.977049 	 3527.241010 	 3730.503614
   67 	 3272.977049 	 3507.716856 	 3806.421813
   68 	 3272.977049 	 3513.476579 	 3806.421813
   69 	 3272.977049 	 3527.133831 	 3806.421813
   70 	 3272.977049 	 3524.222407 	 3810.120006
   71 	 3272.977049 	 3532.492662 	 3730.503614
   72 	 3272.977049 	 3522.507886 	 3730.503614
   73 	 3272.977049 	 3533.968802 	 3810.120006
   74 	 3272.977049 	 3528.005787 	 3810.120006
   75 	 2331.277967 	 3527.885677 	 3810.120006
   76 	 2385.794314 	 3562.749511 	 3810.120006
   77 	 2385.794314 	 3574.041096 	 3810.120006
   78 	 2385.794314 	 3574.250305 	 3810.120006
   79 	 2385.794314 	 3552.725369 	 3810.120006
   80 	 2385.794314 	 3563.204235 	 3810.120006
   81 	 3349.856628 	 3607.205273 	 3810.120006
   82 	 3349.856628 	 3646.199772 	 3810.120006
   83 	 3349.856628 	 3642.241469 	 3810.120006
   84 	 3349.856628 	 3656.761307 	 3810.120006
   85 	 3349.856628 	 3667.524793 	 3810.120006
   86 	 3349.856628 	 3688.931378 	 3810.120006
   87 	 3424.720626 	 3711.786205 	 3810.120006
   88 	 3424.720626 	 3710.763504 	 3810.120006
   89 	 3424.720626 	 3704.600058 	 3810.120006
   90 	 3424.720626 	 3700.673597 	 3810.120006
   91 	 3424.720626 	 3704.631312 	 3810.120006
   92 	 3424.720626 	 3701.671446 	 3810.120006
   93 	 3424.720626 	 3700.523850 	 3810.120006
   94 	 3424.720626 	 3706.722559 	 3810.120006
   95 	 3349.856628 	 3702.078089 	 3810.120006
   96 	 3349.856628 	 3709.532034 	 3810.120006
   97 	 3349.856628 	 3711.560523 	 3810.120006
   98 	 3424.720626 	 3726.206108 	 3810.120006
   99 	 412.330097 	 3697.360628 	 3810.120006
 