   0 	 0.448578 	 521.280226 	 3595.006384
    1 	 16.139457 	 1655.176187 	 3595.006384
    2 	 238.448820 	 2292.280869 	 3595.006384
    3 	 480.682513 	 2546.782281 	 3595.006384
    4 	 344.035198 	 2637.317324 	 3754.926630
    5 	 1461.077728 	 2920.133730 	 3754.926630
    6 	 1463.734957 	 2997.177000 	 3794.198470
    7 	 1549.511996 	 3112.226195 	 3794.198470
    8 	 2106.938554 	 3244.133486 	 3794.198470
    9 	 2106.938554 	 3364.202677 	 3794.198470
   10 	 951.951556 	 3421.096153 	 3794.198470
   11 	 2106.938554 	 3481.291722 	 3820.081915
   12 	 2387.424124 	 3470.855280 	 3820.081915
   13 	 2520.016374 	 3510.651766 	 3820.081915
   14 	 2606.362150 	 3512.930835 	 3820.081915
   15 	 2469.447378 	 3573.034866 	 3799.215340
   16 	 2469.447378 	 3592.860711 	 3800.052027
   17 	 2469.447378 	 3596.080624 	 3794.198470
   18 	 2469.447378 	 3628.618256 	 3794.198470
   19 	 3294.288661 	 3644.235123 	 3794.198470
   20 	 3443.347990 	 3643.942327 	 3794.198470
   21 	 3443.347990 	 3639.030850 	 3794.198470
   22 	 3443.347990 	 3648.046844 	 3794.198470
   23 	 3443.347990 	 3650.111994 	 3794.198470
   24 	 3443.347990 	 3659.627520 	 3794.198470
   25 	 3443.347990 	 3676.421779 	 3794.198470
   26 	 3443.347990 	 3690.937562 	 3799.215340
   27 	 3480.955389 	 3698.149277 	 3799.215340
   28 	 3485.758150 	 3708.205509 	 3794.198470
   29 	 3480.955389 	 3720.496472 	 3794.198470
   30 	 2638.097845 	 3714.584406 	 3794.198470
   31 	 924.026421 	 3689.039152 	 3794.198470
   32 	 2653.632864 	 3721.730122 	 3823.786750
   33 	 2653.632864 	 3722.763140 	 3833.675110
   34 	 2653.632864 	 3709.462935 	 3833.675110
   35 	 3561.639430 	 3726.823455 	 3823.786750
   36 	 3561.639430 	 3724.402279 	 3833.675110
   37 	 3561.639430 	 3726.652256 	 3833.675110
   38 	 3162.002018 	 3718.845076 	 3833.675110
   39 	 3590.131205 	 3730.151420 	 3833.675110
   40 	 3595.006384 	 3737.881858 	 3828.637974
   41 	 3595.006384 	 3744.391124 	 3828.823161
   42 	 1854.100685 	 3731.334862 	 3828.637974
   43 	 3595.006384 	 3750.219224 	 3823.786750
   44 	 3595.006384 	 3755.236593 	 3833.675110
   45 	 3595.006384 	 3757.857551 	 3833.675110
   46 	 3595.006384 	 3753.273117 	 3799.215340
   47 	 3595.006384 	 3751.809211 	 3799.215340
   48 	 3595.006384 	 3755.147497 	 3799.215340
   49 	 3715.859590 	 3761.531119 	 3823.606623
   50 	 3666.072714 	 3764.625406 	 3833.675110
   51 	 3666.072714 	 3764.811565 	 3833.675110
   52 	 3666.072714 	 3765.322170 	 3833.675110
   53 	 3476.158296 	 3764.649620 	 3833.675110
   54 	 3202.360998 	 3767.080987 	 3838.718034
   55 	 3710.900579 	 3770.193788 	 3838.718034
   56 	 3705.947314 	 3768.144299 	 3838.718034
   57 	 3153.433465 	 3764.121500 	 3838.718034
   58 	 3705.947314 	 3773.794979 	 3838.718034
   59 	 3705.947314 	 3774.579606 	 3838.718034
   60 	 3705.947314 	 3774.683040 	 3834.912055
   61 	 1879.072261 	 3756.412987 	 3834.912055
   62 	 1879.072261 	 3759.895720 	 3834.912055
   63 	 3744.962283 	 3776.351351 	 3834.912055
   64 	 3744.962283 	 3780.750715 	 3833.675110
   65 	 418.428125 	 3746.019462 	 3833.675110
   66 	 3638.339910 	 3782.155685 	 3833.675110
   67 	 3638.339910 	 3781.275177 	 3838.718034
   68 	 3744.962283 	 3781.946281 	 3838.718034
   69 	 3715.859590 	 3786.391122 	 3838.718034
   70 	 3715.859590 	 3790.932996 	 3838.718034
   71 	 3715.859590 	 3781.834729 	 3838.718034
   72 	 3448.124710 	 3777.185484 	 3838.718034
   73 	 3705.947314 	 3772.110581 	 3838.718034
   74 	 3705.947314 	 3777.080318 	 3838.718034
   75 	 3720.824351 	 3769.572486 	 3838.718034
   76 	 3720.824351 	 3772.424670 	 3838.718034
   77 	 3705.947314 	 3774.480256 	 3838.718034
   78 	 3484.920951 	 3773.574183 	 3838.718034
   79 	 3484.920951 	 3772.691834 	 3838.718034
   80 	 3484.920951 	 3765.512414 	 3838.718034
   81 	 3484.920951 	 3765.753521 	 3838.718034
   82 	 3484.920951 	 3770.514870 	 3838.718034
   83 	 3705.947314 	 3773.507713 	 3838.718034
   84 	 3715.859590 	 3776.252894 	 3838.718034
   85 	 3715.859590 	 3773.682288 	 3838.718034
   86 	 3720.824351 	 3777.503368 	 3838.718034
   87 	 3705.947314 	 3779.726749 	 3838.718034
   88 	 3705.947314 	 3780.168513 	 3838.718034
   89 	 3705.947314 	 3784.939352 	 3838.718034
   90 	 3744.962283 	 3788.581514 	 3838.718034
   91 	 3705.947314 	 3786.704692 	 3838.718034
   92 	 3705.947314 	 3785.736619 	 3838.718034
   93 	 3705.947314 	 3784.119851 	 3838.718034
   94 	 3705.947314 	 3784.765975 	 3838.718034
   95 	 3744.962283 	 3784.714996 	 3838.718034
   96 	 3744.962283 	 3782.362324 	 3838.718034
   97 	 3744.962283 	 3785.656020 	 3838.718034
   98 	 3744.962283 	 3780.336449 	 3838.718034
   99 	 3744.962283 	 3779.596860 	 3838.718034
 