   0 	 0.725603 	 551.888899 	 2737.539080
    1 	 84.553610 	 1477.833577 	 2990.356048
    2 	 194.164048 	 2008.193779 	 3457.430771
    3 	 2.032531 	 2066.989034 	 3457.430771
    4 	 370.183295 	 2295.761118 	 3457.430771
    5 	 425.351419 	 2536.991536 	 3599.595639
    6 	 1170.982196 	 2622.469476 	 3715.450394
    7 	 777.671737 	 2706.606053 	 3722.759412
    8 	 885.563807 	 2875.230479 	 3722.759412
    9 	 885.563807 	 3030.245030 	 3722.759412
   10 	 1665.610793 	 3283.578689 	 3766.764725
   11 	 106.057650 	 3354.330216 	 3771.783021
   12 	 2112.883520 	 3467.353686 	 3766.764725
   13 	 2112.883520 	 3447.655921 	 3779.034423
   14 	 2112.883520 	 3477.627811 	 3779.034423
   15 	 2357.086900 	 3522.378070 	 3781.490763
   16 	 2752.863290 	 3526.216981 	 3781.490763
   17 	 2752.863290 	 3514.528951 	 3781.490763
   18 	 2489.318816 	 3516.618383 	 3845.636392
   19 	 3305.817135 	 3538.877035 	 3781.490763
   20 	 3306.437305 	 3546.611755 	 3783.947902
   21 	 3306.437305 	 3560.930641 	 3880.400347
   22 	 3100.451939 	 3565.509363 	 3880.400347
   23 	 334.426755 	 3555.994621 	 3880.400347
   24 	 3306.437305 	 3619.339139 	 3880.400347
   25 	 3306.437305 	 3603.062303 	 3880.400347
   26 	 3306.437305 	 3617.507727 	 3880.400347
   27 	 3306.437305 	 3646.574952 	 3771.670204
   28 	 3306.437305 	 3640.718906 	 3771.670204
   29 	 3306.437305 	 3650.431501 	 3776.578884
   30 	 3306.437305 	 3673.407208 	 3776.578884
   31 	 3306.437305 	 3667.010320 	 3776.578884
   32 	 3306.437305 	 3680.535096 	 3791.324121
   33 	 3306.437305 	 3690.938995 	 3791.324121
   34 	 3611.478991 	 3691.649228 	 3791.324121
   35 	 3405.946890 	 3696.480703 	 3776.578884
   36 	 3405.946890 	 3695.797061 	 3776.578884
   37 	 3611.478991 	 3698.586759 	 3791.324121
   38 	 3611.478991 	 3697.717376 	 3774.124144
   39 	 3611.478991 	 3691.787872 	 3766.764725
   40 	 3398.652427 	 3689.242498 	 3865.482309
   41 	 3609.078651 	 3695.808433 	 3865.482309
   42 	 3609.078651 	 3699.799972 	 3766.764725
   43 	 3609.078651 	 3699.648896 	 3766.764725
   44 	 3609.078651 	 3699.386318 	 3766.764725
   45 	 3609.078651 	 3694.781985 	 3766.764725
   46 	 3609.078651 	 3699.476428 	 3766.764725
   47 	 3609.078651 	 3699.427885 	 3766.764725
   48 	 3609.078651 	 3701.702428 	 3766.764725
   49 	 3609.078651 	 3697.497453 	 3766.764725
   50 	 3609.078651 	 3701.584317 	 3766.764725
   51 	 3609.078651 	 3701.814149 	 3715.450394
   52 	 3611.478991 	 3702.415954 	 3715.450394
   53 	 3611.478991 	 3699.589861 	 3715.450394
   54 	 3611.478991 	 3696.370497 	 3715.450394
   55 	 3611.478991 	 3695.962111 	 3715.450394
   56 	 3405.642246 	 3693.150471 	 3715.450394
   57 	 3405.642246 	 3685.893166 	 3713.015654
   58 	 3405.642246 	 3691.343163 	 3713.015654
   59 	 3405.642246 	 3694.907452 	 3713.015654
   60 	 1636.453624 	 3679.645661 	 3717.885933
   61 	 3611.478991 	 3701.097243 	 3713.015654
   62 	 3611.478991 	 3700.878532 	 3713.015654
   63 	 1636.453624 	 3681.126110 	 3715.450394
   64 	 1636.453624 	 3682.089830 	 3715.450394
   65 	 1636.453624 	 3672.268407 	 3715.450394
   66 	 3630.710508 	 3703.705497 	 3715.450394
   67 	 3630.710508 	 3703.681046 	 3715.450394
   68 	 3688.712258 	 3705.451990 	 3715.450394
   69 	 3688.712258 	 3705.087515 	 3715.450394
   70 	 3688.712258 	 3706.448289 	 3715.450394
   71 	 3688.712258 	 3707.347103 	 3715.450394
   72 	 3688.712258 	 3707.663195 	 3715.450394
   73 	 3688.712258 	 3707.832867 	 3715.450394
   74 	 3688.712258 	 3707.444140 	 3715.450394
   75 	 3688.712258 	 3707.747686 	 3708.148575
   76 	 3688.712258 	 3707.759849 	 3708.148575
   77 	 3688.712258 	 3707.759849 	 3708.148575
   78 	 3688.712258 	 3707.759849 	 3708.148575
   79 	 3688.712258 	 3707.565485 	 3708.148575
   80 	 2567.443500 	 3696.352798 	 3708.148575
   81 	 3688.712258 	 3707.371122 	 3708.148575
   82 	 3116.810605 	 3701.846469 	 3708.148575
   83 	 3116.810605 	 3695.933089 	 3708.148575
   84 	 3116.810605 	 3700.089026 	 3708.148575
   85 	 3116.810605 	 3699.505936 	 3708.148575
   86 	 3688.712258 	 3707.565485 	 3708.148575
   87 	 3688.712258 	 3707.759849 	 3708.148575
   88 	 3688.712258 	 3707.371122 	 3708.148575
   89 	 3668.523535 	 3707.169235 	 3708.148575
   90 	 3688.712258 	 3707.176759 	 3708.148575
   91 	 3688.712258 	 3706.593670 	 3708.148575
   92 	 1636.453624 	 3686.459810 	 3708.148575
   93 	 3688.712258 	 3706.982396 	 3708.148575
   94 	 3688.712258 	 3707.176759 	 3708.148575
   95 	 3688.712258 	 3707.371122 	 3708.148575
   96 	 3688.712258 	 3707.954212 	 3708.148575
   97 	 3688.712258 	 3707.954212 	 3708.148575
   98 	 3688.712258 	 3709.527549 	 3865.482309
   99 	 3688.712258 	 3711.100886 	 3865.482309
 