   0 	 0.166351 	 421.199072 	 2923.993021
    1 	 27.268580 	 1150.556606 	 2923.993021
    2 	 12.792724 	 1599.815462 	 2923.993021
    3 	 29.093721 	 1819.023475 	 2923.993021
    4 	 627.879774 	 1967.136160 	 3411.453141
    5 	 402.853580 	 2257.204342 	 3812.246461
    6 	 159.554018 	 2437.614244 	 3812.246461
    7 	 402.853580 	 2552.941349 	 3812.246461
    8 	 829.176341 	 2656.571088 	 3812.246461
    9 	 1133.886537 	 2837.501063 	 3812.246461
   10 	 1133.886537 	 2886.679951 	 3812.246461
   11 	 1769.629121 	 3055.201665 	 3812.246461
   12 	 1116.114529 	 3177.752589 	 3812.246461
   13 	 1867.339389 	 3263.453512 	 3812.246461
   14 	 1898.872214 	 3292.164770 	 3812.246461
   15 	 2740.099785 	 3345.264155 	 3812.246461
   16 	 2735.919809 	 3356.774851 	 3812.246461
   17 	 2735.919809 	 3388.319326 	 3813.479941
   18 	 2740.099785 	 3441.586285 	 3813.479941
   19 	 2740.099785 	 3543.404021 	 3813.479941
   20 	 2740.099785 	 3629.351441 	 3813.479941
   21 	 2923.993021 	 3661.641757 	 3893.205100
   22 	 2923.993021 	 3665.201229 	 3893.205100
   23 	 2923.993021 	 3705.625943 	 3813.479941
   24 	 3206.970301 	 3733.064553 	 3813.479941
   25 	 3206.970301 	 3742.171215 	 3813.479941
   26 	 3206.970301 	 3754.274199 	 3813.479941
   27 	 3206.970301 	 3754.150899 	 3813.479941
   28 	 3206.970301 	 3766.014365 	 3814.713621
   29 	 3206.970301 	 3759.986303 	 3814.713621
   30 	 3206.970301 	 3762.971797 	 3814.713621
   31 	 3206.970301 	 3765.866423 	 3814.713621
   32 	 3206.970301 	 3769.212748 	 3814.713621
   33 	 3206.970301 	 3784.323907 	 3814.713621
   34 	 3206.970301 	 3793.623813 	 3814.713621
   35 	 3206.970301 	 3802.928799 	 3814.713621
   36 	 3772.321879 	 3811.440411 	 3814.713621
   37 	 3808.547221 	 3811.827314 	 3814.713621
   38 	 3807.314541 	 3811.777983 	 3814.713621
   39 	 3808.547221 	 3811.617696 	 3814.713621
   40 	 3808.547221 	 3811.321771 	 3814.713621
   41 	 3808.547221 	 3811.346431 	 3814.713621
   42 	 3808.547221 	 3811.186116 	 3814.713621
   43 	 3733.719741 	 3810.311835 	 3814.713621
   44 	 3733.719741 	 3810.050382 	 3814.713621
   45 	 3733.719741 	 3808.729580 	 3814.713621
   46 	 3733.719741 	 3807.242485 	 3814.713621
   47 	 3212.665368 	 3801.145129 	 3814.713621
   48 	 3216.062631 	 3800.331956 	 3813.479941
   49 	 3733.719741 	 3804.982483 	 3813.479941
   50 	 3733.719741 	 3805.549981 	 3813.479941
   51 	 3733.719741 	 3808.989520 	 3814.713621
   52 	 3788.548696 	 3809.925745 	 3814.713621
   53 	 3734.940421 	 3808.432328 	 3814.713621
   54 	 3734.940421 	 3808.530935 	 3814.713621
   55 	 3732.499261 	 3807.235346 	 3814.713621
   56 	 3732.499261 	 3806.797886 	 3814.713621
   57 	 3788.548696 	 3809.657445 	 3814.713621
   58 	 3788.548696 	 3808.872406 	 3814.713621
   59 	 3788.548696 	 3808.247577 	 3814.713621
   60 	 3503.054781 	 3804.521551 	 3814.713621
   61 	 3203.578261 	 3797.883819 	 3814.713621
   62 	 3503.054781 	 3803.526448 	 3814.713621
   63 	 3749.305970 	 3806.426199 	 3814.713621
   64 	 3749.305970 	 3808.094641 	 3814.713621
   65 	 3788.548696 	 3809.808007 	 3814.713621
   66 	 3769.200661 	 3809.340287 	 3814.713621
   67 	 3769.200661 	 3810.377337 	 3814.713621
   68 	 3769.200661 	 3809.814115 	 3814.713621
   69 	 3504.237061 	 3807.851175 	 3814.713621
   70 	 3788.548696 	 3810.738018 	 3814.713621
   71 	 3788.548696 	 3810.513242 	 3814.713621
   72 	 3503.054781 	 3807.895564 	 3814.713621
   73 	 3788.548696 	 3811.483587 	 3814.713621
   74 	 3788.548696 	 3811.883809 	 3814.713621
   75 	 3788.548696 	 3811.735686 	 3814.713621
   76 	 3788.548696 	 3811.970021 	 3814.713621
   77 	 3792.238202 	 3812.046770 	 3814.713621
   78 	 3808.547221 	 3812.394827 	 3814.713621
   79 	 3208.101381 	 3806.600012 	 3814.713621
   80 	 3203.578261 	 3800.205012 	 3814.713621
   81 	 3203.578261 	 3801.203955 	 3895.698346
   82 	 3203.578261 	 3788.454081 	 3814.713621
   83 	 1900.612744 	 3769.498058 	 3814.713621
   84 	 1900.612744 	 3763.300355 	 3814.713621
   85 	 3203.578261 	 3770.612312 	 3814.713621
   86 	 3203.578261 	 3794.923156 	 3814.713621
   87 	 3203.578261 	 3800.750909 	 3814.713621
   88 	 3203.578261 	 3800.566983 	 3814.713621
   89 	 3203.578261 	 3807.097678 	 3814.713621
   90 	 650.727246 	 3781.655457 	 3814.713621
   91 	 650.727246 	 3781.692546 	 3814.713621
   92 	 3803.617701 	 3813.246138 	 3814.713621
   93 	 3803.617701 	 3813.727015 	 3814.713621
   94 	 2655.151621 	 3801.613589 	 3814.713621
   95 	 3803.617701 	 3813.369550 	 3814.713621
   96 	 3803.617701 	 3813.677754 	 3814.713621
   97 	 3803.617701 	 3813.714764 	 3814.713621
   98 	 3794.698872 	 3813.453011 	 3814.713621
   99 	 3794.698872 	 3812.848866 	 3814.713621
 