   0 	 0.142377 	 430.654172 	 2204.928641
    1 	 2.296290 	 1113.679129 	 3386.887213
    2 	 9.485463 	 1505.107175 	 3594.413331
    3 	 123.237345 	 1833.347907 	 3529.491722
    4 	 227.880200 	 2167.769317 	 3529.491722
    5 	 495.630774 	 2385.544521 	 3529.491722
    6 	 154.999983 	 2627.481486 	 3529.491722
    7 	 832.453943 	 2694.557372 	 3529.491722
    8 	 1627.915981 	 2887.479573 	 3557.794161
    9 	 1450.913860 	 2982.543723 	 3557.794161
   10 	 1627.915981 	 3074.443417 	 3561.684756
   11 	 238.373784 	 3012.673015 	 3557.794161
   12 	 1627.915981 	 3231.504289 	 3557.794161
   13 	 1627.915981 	 3235.968267 	 3557.901369
   14 	 412.844255 	 3264.824282 	 3674.713421
   15 	 740.252535 	 3273.095707 	 3813.856810
   16 	 2160.208330 	 3335.329300 	 3567.401366
   17 	 811.133665 	 3240.263653 	 3567.401366
   18 	 1681.701045 	 3366.574341 	 3567.401366
   19 	 1681.701045 	 3368.764431 	 3567.401366
   20 	 1601.409371 	 3374.424525 	 3567.401366
   21 	 1681.701045 	 3402.671185 	 3567.401366
   22 	 1681.701045 	 3400.589222 	 3567.401366
   23 	 1681.701045 	 3413.192335 	 3567.401366
   24 	 1681.701045 	 3435.701196 	 3567.401366
   25 	 1631.167606 	 3459.865153 	 3567.401366
   26 	 2953.898125 	 3476.187219 	 3548.504471
   27 	 2953.898125 	 3476.004216 	 3548.504471
   28 	 2953.898125 	 3488.964471 	 3548.504471
   29 	 2953.898125 	 3478.468618 	 3548.504471
   30 	 2937.849166 	 3482.100215 	 3548.504471
   31 	 2937.849166 	 3500.788870 	 3548.504471
   32 	 2937.849166 	 3475.966196 	 3548.504471
   33 	 2937.849166 	 3485.185197 	 3548.504471
   34 	 2948.117360 	 3492.523651 	 3822.024810
   35 	 2948.117360 	 3484.858787 	 3822.024810
   36 	 2953.898125 	 3502.378943 	 3548.504471
   37 	 2953.898125 	 3502.176809 	 3548.504471
   38 	 2953.898125 	 3479.957661 	 3548.504471
   39 	 2953.898125 	 3503.160687 	 3548.337930
   40 	 2953.898125 	 3507.218052 	 3548.504471
   41 	 3473.202781 	 3513.417733 	 3548.504471
   42 	 3473.202781 	 3513.027680 	 3548.504471
   43 	 3473.202781 	 3512.412534 	 3548.504471
   44 	 403.510014 	 3481.434682 	 3548.504471
   45 	 3473.202781 	 3517.705080 	 3842.269849
   46 	 3473.202781 	 3513.577324 	 3548.504471
   47 	 404.834701 	 3478.623914 	 3548.504471
   48 	 3245.733082 	 3507.839230 	 3543.580070
   49 	 3245.733082 	 3507.919152 	 3543.580070
   50 	 3449.699181 	 3510.196256 	 3548.504471
   51 	 3449.699181 	 3508.589080 	 3548.504471
   52 	 3449.699181 	 3504.746735 	 3548.504471
   53 	 3449.699181 	 3506.392167 	 3548.504471
   54 	 3449.699181 	 3505.155612 	 3548.504471
   55 	 3449.699181 	 3507.281226 	 3548.504471
   56 	 3449.699181 	 3508.009084 	 3548.504471
   57 	 3449.699181 	 3508.244364 	 3548.504471
   58 	 3449.699181 	 3507.814932 	 3548.504471
   59 	 3449.699181 	 3507.106223 	 3548.504471
   60 	 3449.699181 	 3506.030330 	 3548.504471
   61 	 3449.699181 	 3505.852274 	 3567.401366
   62 	 3449.699181 	 3505.698439 	 3548.504471
   63 	 2943.781773 	 3498.424948 	 3548.504471
   64 	 3209.625968 	 3500.864626 	 3548.504471
   65 	 1716.084805 	 3482.258708 	 3548.504471
   66 	 1716.084805 	 3473.340231 	 3525.932531
   67 	 2399.611913 	 3494.776422 	 3529.491722
   68 	 3472.962874 	 3505.344791 	 3529.491722
   69 	 1506.159127 	 3486.804635 	 3529.491722
   70 	 3473.202781 	 3506.773840 	 3529.491722
   71 	 3473.202781 	 3505.289896 	 3529.491722
   72 	 3463.857513 	 3504.595530 	 3543.580070
   73 	 3463.857513 	 3504.749310 	 3543.580070
   74 	 3468.255933 	 3507.402826 	 3543.580070
   75 	 3468.255933 	 3504.994518 	 3543.580070
   76 	 3468.255933 	 3507.165669 	 3529.491722
   77 	 3468.255933 	 3507.958143 	 3529.491722
   78 	 3468.255933 	 3507.362816 	 3530.678519
   79 	 3468.255933 	 3508.098346 	 3530.678519
   80 	 3468.255933 	 3509.364514 	 3529.491722
   81 	 3468.255933 	 3509.435464 	 3548.504471
   82 	 3482.230936 	 3511.453272 	 3543.746483
   83 	 3486.900237 	 3512.511014 	 3543.746483
   84 	 3486.947360 	 3511.593226 	 3530.678519
   85 	 3468.312332 	 3514.832263 	 3530.678519
   86 	 3486.900237 	 3511.517433 	 3530.678519
   87 	 3486.947360 	 3513.646144 	 3530.678519
   88 	 3486.900237 	 3515.498777 	 3529.695763
   89 	 3486.900237 	 3513.267470 	 3529.491722
   90 	 3486.900237 	 3515.682562 	 3529.491722
   91 	 3472.962874 	 3516.870126 	 3548.504471
   92 	 3454.984720 	 3514.657324 	 3529.695763
   93 	 3454.984720 	 3514.368898 	 3529.695763
   94 	 3482.230936 	 3517.338229 	 3529.695763
   95 	 3482.230936 	 3519.136333 	 3543.794038
   96 	 3227.755660 	 3517.487468 	 3529.695763
   97 	 3486.900237 	 3522.353136 	 3548.504471
   98 	 3486.947360 	 3526.092278 	 3548.504471
   99 	 3491.619824 	 3526.185400 	 3548.504471
 