   0 	 0.602117 	 610.235940 	 3395.641459
    1 	 4.648026 	 1479.089545 	 3395.641459
    2 	 309.905821 	 1999.292908 	 3395.641459
    3 	 391.386525 	 2344.437299 	 3497.732969
    4 	 726.972555 	 2685.334269 	 3497.732969
    5 	 891.457176 	 2883.380339 	 3639.736460
    6 	 1411.364576 	 3023.152071 	 3767.564294
    7 	 2044.705174 	 3073.272621 	 3639.736460
    8 	 2065.275118 	 3233.072836 	 3746.031639
    9 	 2065.275118 	 3242.564457 	 3746.031639
   10 	 2291.776722 	 3305.983743 	 3746.031639
   11 	 1906.982829 	 3346.362003 	 3771.679336
   12 	 1906.982829 	 3366.119043 	 3771.679336
   13 	 2406.772872 	 3389.504445 	 3759.854381
   14 	 2406.772872 	 3400.159226 	 3774.821335
   15 	 2406.772872 	 3424.466138 	 3774.821335
   16 	 2406.772872 	 3422.919819 	 3774.821335
   17 	 3157.020941 	 3436.874211 	 3774.821335
   18 	 3157.020941 	 3434.679371 	 3774.821335
   19 	 2863.149101 	 3415.621194 	 3774.821335
   20 	 2863.149101 	 3414.429025 	 3761.860903
   21 	 2932.039981 	 3440.613441 	 3761.860903
   22 	 2932.039981 	 3446.908965 	 3761.860903
   23 	 2932.039981 	 3435.010271 	 3761.860903
   24 	 2937.456581 	 3455.716295 	 3761.860903
   25 	 2937.456581 	 3474.467493 	 3771.679336
   26 	 2937.456581 	 3475.985888 	 3771.679336
   27 	 2937.456581 	 3518.801406 	 3811.081071
   28 	 2937.456581 	 3523.262576 	 3771.679336
   29 	 2937.456581 	 3521.135179 	 3791.354603
   30 	 3086.841493 	 3538.427923 	 3771.679336
   31 	 3086.841493 	 3542.177147 	 3771.679336
   32 	 3086.841493 	 3540.238280 	 3810.373220
   33 	 3086.841493 	 3554.901098 	 3786.430987
   34 	 3086.841493 	 3571.954496 	 3786.430987
   35 	 3086.841493 	 3588.366755 	 3796.281420
   36 	 3086.841493 	 3589.937412 	 3783.970378
   37 	 3302.597581 	 3590.685332 	 3771.679336
   38 	 3302.597581 	 3592.390545 	 3791.354603
   39 	 3265.243437 	 3584.465529 	 3783.970378
   40 	 3302.597581 	 3580.155228 	 3783.970378
   41 	 3288.893836 	 3589.947555 	 3783.970378
   42 	 3288.893836 	 3596.770222 	 3783.970378
   43 	 3288.893836 	 3599.774498 	 3783.970378
   44 	 3288.893836 	 3607.807236 	 3783.970378
   45 	 3288.893836 	 3620.145649 	 3810.373220
   46 	 3288.893836 	 3629.442901 	 3810.373220
   47 	 361.108160 	 3584.323939 	 3783.970378
   48 	 3288.893836 	 3624.919372 	 3783.970378
   49 	 3304.968527 	 3634.487475 	 3823.436113
   50 	 3320.514272 	 3645.528749 	 3823.436113
   51 	 3320.514272 	 3651.607570 	 3823.436113
   52 	 3320.514272 	 3651.680567 	 3823.436113
   53 	 3351.621058 	 3638.835735 	 3823.436113
   54 	 3297.508336 	 3635.824555 	 3823.436113
   55 	 3351.621058 	 3635.424316 	 3811.081071
   56 	 3307.287440 	 3651.937780 	 3811.081071
   57 	 3307.287440 	 3659.173816 	 3823.436113
   58 	 3307.287440 	 3660.103840 	 3823.436113
   59 	 3270.901771 	 3653.123515 	 3778.269581
   60 	 3270.901771 	 3647.874216 	 3778.269581
   61 	 3526.652304 	 3654.304826 	 3778.269581
   62 	 3521.426125 	 3652.711070 	 3810.707370
   63 	 3452.735247 	 3654.009371 	 3810.707370
   64 	 3452.735247 	 3652.109062 	 3810.707370
   65 	 3419.942302 	 3650.060075 	 3851.102960
   66 	 3452.735247 	 3654.230258 	 3851.102960
   67 	 3452.735247 	 3655.321237 	 3798.285813
   68 	 3452.735247 	 3655.455167 	 3783.264991
   69 	 3452.735247 	 3650.203402 	 3752.577686
   70 	 3452.735247 	 3637.397372 	 3752.577686
   71 	 3452.735247 	 3634.404028 	 3763.942860
   72 	 3452.735247 	 3635.500375 	 3763.942860
   73 	 3452.735247 	 3631.249360 	 3763.942860
   74 	 3452.735247 	 3640.851356 	 3767.537533
   75 	 3452.735247 	 3651.406145 	 3767.537533
   76 	 3412.929267 	 3638.980972 	 3824.303563
   77 	 3452.735247 	 3643.102163 	 3824.303563
   78 	 3452.735247 	 3646.698492 	 3824.303563
   79 	 3384.919686 	 3639.682029 	 3804.090508
   80 	 3380.267551 	 3644.722641 	 3804.090508
   81 	 3299.402225 	 3648.237002 	 3763.942860
   82 	 3380.267551 	 3649.818484 	 3771.679336
   83 	 3452.735247 	 3652.704845 	 3771.679336
   84 	 3457.436982 	 3657.208153 	 3771.679336
   85 	 3532.075020 	 3666.870176 	 3803.304300
   86 	 3455.375593 	 3676.514053 	 3803.304300
   87 	 3532.075020 	 3676.500220 	 3803.304300
   88 	 3493.544414 	 3674.170494 	 3803.304300
   89 	 3493.544414 	 3675.202130 	 3838.595866
   90 	 3493.544414 	 3664.012365 	 3803.304300
   91 	 3493.544414 	 3661.622811 	 3804.090508
   92 	 3493.544414 	 3667.849845 	 3803.304300
   93 	 1675.952335 	 3658.995811 	 3830.858738
   94 	 3527.238824 	 3681.551573 	 3830.858738
   95 	 3527.238824 	 3685.722093 	 3830.858738
   96 	 3532.075020 	 3694.124785 	 3830.858738
   97 	 3532.075020 	 3696.333441 	 3830.858738
   98 	 411.183855 	 3654.573105 	 3810.707370
   99 	 3532.075020 	 3689.183446 	 3810.707370
 