   0 	 0.744935 	 508.640742 	 3219.480428
    1 	 86.035066 	 1237.503059 	 3219.480428
    2 	 136.836416 	 1707.630320 	 3246.986400
    3 	 136.836416 	 2004.958115 	 3246.986400
    4 	 212.433556 	 2455.497108 	 3246.986400
    5 	 990.225054 	 2716.805228 	 3367.511644
    6 	 1037.089699 	 2890.378198 	 3367.511644
    7 	 759.723796 	 2921.876529 	 3367.511644
    8 	 940.935290 	 2982.321639 	 3679.621318
    9 	 1906.665953 	 3100.015079 	 3679.621318
   10 	 1906.665953 	 3151.963226 	 3679.621318
   11 	 2230.943804 	 3199.932281 	 3708.791609
   12 	 2635.462207 	 3202.806343 	 3679.621318
   13 	 2635.462207 	 3230.438745 	 3709.023002
   14 	 2411.530572 	 3256.321431 	 3709.023002
   15 	 1344.496326 	 3248.941457 	 3748.544381
   16 	 2411.530572 	 3292.719354 	 3748.544381
   17 	 2217.602662 	 3317.203460 	 3748.544381
   18 	 3076.106516 	 3353.924006 	 3828.690643
   19 	 3022.950609 	 3334.038670 	 3828.690643
   20 	 3022.950609 	 3335.633342 	 3828.690643
   21 	 3022.950609 	 3321.806596 	 3828.690643
   22 	 1315.191046 	 3328.160456 	 3748.544381
   23 	 3022.950609 	 3351.502593 	 3738.629727
   24 	 2972.184264 	 3342.180195 	 3718.772320
   25 	 2972.184264 	 3316.205216 	 3718.772320
   26 	 2972.184264 	 3287.742051 	 3709.023002
   27 	 2972.184264 	 3297.137528 	 3709.023002
   28 	 2972.184264 	 3297.150460 	 3709.023002
   29 	 3183.096617 	 3326.706691 	 3709.023002
   30 	 3210.355901 	 3328.196975 	 3709.023002
   31 	 3102.629495 	 3294.611888 	 3838.595866
   32 	 3102.629495 	 3293.220084 	 3718.869076
   33 	 3102.629495 	 3286.580436 	 3718.869076
   34 	 3111.429664 	 3309.460802 	 3718.869076
   35 	 3111.429664 	 3308.947656 	 3728.737971
   36 	 3084.716972 	 3304.305137 	 3728.737971
   37 	 3111.429664 	 3331.590091 	 3698.997821
   38 	 3111.429664 	 3314.063445 	 3698.997821
   39 	 3111.429664 	 3334.885346 	 3718.869076
   40 	 3120.232388 	 3345.783082 	 3718.869076
   41 	 3120.232388 	 3354.259299 	 3718.869076
   42 	 3120.232388 	 3360.116305 	 3718.869076
   43 	 3156.094890 	 3390.418229 	 3718.869076
   44 	 3192.306937 	 3395.924299 	 3708.791609
   45 	 3192.306937 	 3379.108607 	 3758.101895
   46 	 3201.253374 	 3383.602204 	 3718.608102
   47 	 3201.253374 	 3369.915947 	 3718.608102
   48 	 3201.253374 	 3369.925114 	 3718.608102
   49 	 3201.253374 	 3379.317845 	 3689.331948
   50 	 3192.306937 	 3410.439105 	 3689.399161
   51 	 3183.114167 	 3402.428807 	 3838.813140
   52 	 3210.311076 	 3429.554010 	 3828.690643
   53 	 3210.409798 	 3450.778818 	 3828.690643
   54 	 3201.253374 	 3443.247103 	 3828.690643
   55 	 3210.355901 	 3445.521243 	 3828.690643
   56 	 3210.355901 	 3459.278017 	 3838.595866
   57 	 3210.355901 	 3465.564537 	 3838.595866
   58 	 3210.355901 	 3477.705306 	 3838.595866
   59 	 2830.376036 	 3462.222160 	 3828.690643
   60 	 2830.376036 	 3474.987532 	 3828.690643
   61 	 3210.355901 	 3479.633548 	 3828.690643
   62 	 3210.355901 	 3502.013123 	 3828.690643
   63 	 3210.355901 	 3513.767099 	 3828.690643
   64 	 3210.355901 	 3523.179520 	 3828.690643
   65 	 3210.355901 	 3552.071371 	 3828.690643
   66 	 3210.355901 	 3540.898743 	 3828.690643
   67 	 3338.462910 	 3541.776947 	 3818.591396
   68 	 3356.975115 	 3567.558290 	 3808.712036
   69 	 3356.975115 	 3560.821379 	 3808.712036
   70 	 2595.962605 	 3563.126698 	 3798.845476
   71 	 2595.962605 	 3558.910095 	 3798.845476
   72 	 2595.962605 	 3583.241571 	 3798.845476
   73 	 2595.962605 	 3574.478345 	 3798.845476
   74 	 2610.285542 	 3582.070407 	 3848.306276
   75 	 3356.975115 	 3593.528974 	 3858.662536
   76 	 3356.975115 	 3576.610601 	 3858.662536
   77 	 3356.975115 	 3570.502149 	 3858.662536
   78 	 3356.975115 	 3591.962763 	 3858.662536
   79 	 3356.975115 	 3590.844998 	 3858.662536
   80 	 3356.975115 	 3580.489276 	 3858.662536
   81 	 3356.975115 	 3595.708363 	 3858.662536
   82 	 3356.975115 	 3611.627107 	 3858.662536
   83 	 3356.975115 	 3642.043184 	 3858.662536
   84 	 3356.975115 	 3660.865395 	 3858.662536
   85 	 3366.250417 	 3675.398866 	 3858.662536
   86 	 3366.250417 	 3675.749960 	 3858.662536
   87 	 1601.867377 	 3652.998318 	 3868.606433
   88 	 3660.133592 	 3675.739428 	 3868.606433
   89 	 2526.142884 	 3661.829606 	 3708.791609
   90 	 3660.133592 	 3673.264689 	 3708.791609
   91 	 3360.410389 	 3670.273440 	 3708.791609
   92 	 3360.410389 	 3672.415372 	 3708.791609
   93 	 418.170591 	 3643.285370 	 3708.791609
   94 	 3660.133592 	 3675.996062 	 3708.791609
   95 	 3066.923838 	 3668.533866 	 3708.791609
   96 	 1841.518100 	 3653.307529 	 3708.791609
   97 	 1841.518100 	 3655.181004 	 3708.791609
   98 	 3660.133592 	 3673.557573 	 3708.791609
   99 	 3660.133592 	 3675.700043 	 3708.791609
 