   0 	 0.192537 	 454.373265 	 2977.188199
    1 	 70.623845 	 1615.623275 	 3532.626353
    2 	 76.436159 	 2064.095198 	 3532.626353
    3 	 371.603939 	 2349.889727 	 3532.626353
    4 	 1205.663140 	 2467.954119 	 3532.626353
    5 	 95.872601 	 2507.283164 	 3550.456865
    6 	 1205.663140 	 2715.875617 	 3550.456865
    7 	 1205.663140 	 2739.842773 	 3550.456865
    8 	 1770.602118 	 2804.584202 	 3550.456865
    9 	 1876.272225 	 2805.253678 	 3561.284352
   10 	 924.620151 	 2819.772266 	 3561.284352
   11 	 1902.791017 	 2882.304110 	 3561.284352
   12 	 1902.791017 	 2909.716666 	 3561.284352
   13 	 1903.661703 	 2912.756774 	 3561.284352
   14 	 2420.947806 	 2872.422956 	 3561.284352
   15 	 1951.294801 	 2888.263282 	 3637.982772
   16 	 2074.313536 	 3019.265411 	 3637.982772
   17 	 2256.381796 	 3114.541244 	 3637.982772
   18 	 2256.381796 	 3168.618251 	 3637.982772
   19 	 2256.381796 	 3210.793380 	 3646.476821
   20 	 2235.038946 	 3221.385586 	 3646.476821
   21 	 2256.381796 	 3254.143558 	 3637.982772
   22 	 2582.973919 	 3290.904617 	 3637.982772
   23 	 2582.973919 	 3307.764049 	 3637.982772
   24 	 2687.231723 	 3317.172627 	 3637.982772
   25 	 2670.696503 	 3351.165289 	 3637.982772
   26 	 2744.466249 	 3379.969004 	 3598.611102
   27 	 2744.466249 	 3432.165067 	 3593.445686
   28 	 2950.993943 	 3446.338539 	 3657.285376
   29 	 2784.849137 	 3417.975351 	 3747.519562
   30 	 2784.849137 	 3414.736027 	 3657.285376
   31 	 2707.610942 	 3432.910457 	 3657.285376
   32 	 2950.993943 	 3441.819221 	 3676.639181
   33 	 2950.993943 	 3455.640684 	 3657.285376
   34 	 2977.188199 	 3457.132834 	 3657.285376
   35 	 2977.188199 	 3467.253499 	 3657.285376
   36 	 2977.188199 	 3462.936466 	 3657.285376
   37 	 2977.188199 	 3476.955409 	 3657.285376
   38 	 2977.188199 	 3474.422693 	 3657.285376
   39 	 2977.188199 	 3476.155605 	 3657.285376
   40 	 2977.188199 	 3492.062697 	 3687.816886
   41 	 3066.907554 	 3498.187223 	 3697.709726
   42 	 3066.907554 	 3513.524863 	 3687.816886
   43 	 3310.511025 	 3521.905266 	 3687.816886
   44 	 3310.511025 	 3533.694264 	 3687.816886
   45 	 3325.624711 	 3528.955663 	 3687.816886
   46 	 3325.624711 	 3526.975277 	 3687.816886
   47 	 3239.240106 	 3544.199403 	 3717.564416
   48 	 3239.240106 	 3541.891244 	 3717.564416
   49 	 1526.918083 	 3531.973623 	 3795.920896
   50 	 1526.918083 	 3539.660058 	 3717.564416
   51 	 3257.454006 	 3563.120466 	 3717.564416
   52 	 3429.440699 	 3562.473716 	 3717.564416
   53 	 3410.750856 	 3564.286725 	 3737.076736
   54 	 3429.440699 	 3565.262665 	 3737.076736
   55 	 3257.454006 	 3572.247080 	 3737.076736
   56 	 3429.440699 	 3580.756784 	 3737.076736
   57 	 3429.440699 	 3577.372508 	 3737.076736
   58 	 3429.440699 	 3585.891124 	 3737.076736
   59 	 3429.440699 	 3597.809598 	 3717.564416
   60 	 3429.440699 	 3594.041690 	 3815.638016
   61 	 3429.440699 	 3611.483005 	 3737.076736
   62 	 3429.440699 	 3617.586023 	 3795.920896
   63 	 3410.750856 	 3608.585839 	 3795.920896
   64 	 3410.750856 	 3606.080532 	 3795.920896
   65 	 3410.750856 	 3604.587103 	 3795.920896
   66 	 3410.750856 	 3623.505785 	 3795.920896
   67 	 3383.152821 	 3609.733595 	 3795.920896
   68 	 3410.750856 	 3630.361583 	 3795.920896
   69 	 3410.750856 	 3637.367728 	 3795.920896
   70 	 3410.969703 	 3656.440774 	 3795.920896
   71 	 3410.969703 	 3659.504771 	 3795.920896
   72 	 3410.969703 	 3640.338328 	 3795.920896
   73 	 3410.969703 	 3630.348506 	 3795.920896
   74 	 398.365696 	 3600.453519 	 3795.920896
   75 	 3265.807268 	 3630.205612 	 3795.920896
   76 	 3410.969703 	 3626.265281 	 3795.920896
   77 	 3429.440699 	 3641.542607 	 3795.920896
   78 	 3192.006656 	 3633.603433 	 3737.076736
   79 	 3192.006656 	 3636.840036 	 3737.076736
   80 	 3192.006656 	 3631.287924 	 3737.076736
   81 	 3192.006656 	 3635.146232 	 3737.076736
   82 	 3192.006656 	 3635.176416 	 3737.076736
   83 	 3192.006656 	 3641.650775 	 3815.638016
   84 	 3192.006656 	 3636.901686 	 3815.638016
   85 	 3192.006656 	 3639.498527 	 3815.638016
   86 	 3138.077696 	 3636.052073 	 3815.638016
   87 	 3192.006656 	 3651.443664 	 3815.638016
   88 	 3047.333018 	 3638.897219 	 3795.920896
   89 	 3047.333018 	 3628.918226 	 3795.920896
   90 	 3047.333018 	 3604.643504 	 3795.920896
   91 	 3047.333018 	 3587.413715 	 3795.920896
   92 	 3047.333018 	 3602.193125 	 3805.568661
   93 	 3047.333018 	 3592.055328 	 3815.638016
   94 	 3047.333018 	 3578.056467 	 3815.638016
   95 	 3047.333018 	 3586.519175 	 3815.638016
   96 	 3047.333018 	 3634.835671 	 3815.638016
   97 	 3047.333018 	 3642.578349 	 3815.638016
   98 	 3047.333018 	 3656.775309 	 3815.638016
   99 	 3047.333018 	 3642.792965 	 3815.638016
 