   0 	 0.127912 	 435.978585 	 3193.010968
    1 	 45.185533 	 1347.130106 	 3193.010968
    2 	 296.092653 	 1905.468251 	 3193.010968
    3 	 296.092653 	 2335.959413 	 3582.286060
    4 	 296.092653 	 2485.280179 	 3209.961196
    5 	 296.092653 	 2677.021265 	 3556.033125
    6 	 1296.604695 	 2787.115948 	 3615.603316
    7 	 1590.275216 	 2830.406964 	 3615.603316
    8 	 1832.625334 	 2884.114357 	 3615.603316
    9 	 1832.625334 	 2971.767133 	 3615.603316
   10 	 1620.391913 	 2993.954737 	 3616.804496
   11 	 1835.190144 	 3062.572760 	 3636.286744
   12 	 2299.376900 	 3134.937583 	 3636.286744
   13 	 2299.376900 	 3137.826597 	 3636.286744
   14 	 2299.376900 	 3154.843174 	 3636.286744
   15 	 2299.376900 	 3170.047216 	 3636.286744
   16 	 2627.412146 	 3194.111854 	 3635.082328
   17 	 2627.412146 	 3196.753617 	 3635.082328
   18 	 2632.317825 	 3251.303254 	 3654.140276
   19 	 2297.462500 	 3250.485364 	 3615.603316
   20 	 2297.462500 	 3291.351819 	 3615.603316
   21 	 2297.462500 	 3298.188676 	 3615.603316
   22 	 2297.462500 	 3309.239842 	 3621.666542
   23 	 2297.462500 	 3293.526325 	 3615.603316
   24 	 2297.462500 	 3324.212541 	 3660.417048
   25 	 2411.530572 	 3387.541811 	 3635.082328
   26 	 2411.530572 	 3397.165475 	 3615.603316
   27 	 2389.031585 	 3409.939375 	 3615.603316
   28 	 2411.530572 	 3396.479294 	 3615.603316
   29 	 2669.096473 	 3433.138098 	 3615.603316
   30 	 2669.096473 	 3437.202279 	 3615.603316
   31 	 3045.045344 	 3462.928187 	 3654.140276
   32 	 3055.223683 	 3479.934429 	 3654.140276
   33 	 3055.223683 	 3489.537857 	 3654.140276
   34 	 2964.283638 	 3478.838446 	 3654.140276
   35 	 2950.164816 	 3446.824796 	 3651.725716
   36 	 2963.196375 	 3436.242779 	 3641.106404
   37 	 2963.196375 	 3433.305565 	 3641.106404
   38 	 2946.911427 	 3414.322364 	 3641.106404
   39 	 2946.911427 	 3423.289166 	 3660.417048
   40 	 2946.911427 	 3432.359141 	 3683.351911
   41 	 2946.911427 	 3443.152789 	 3636.286744
   42 	 2915.554794 	 3465.735674 	 3635.082328
   43 	 2963.196375 	 3462.294981 	 3635.082328
   44 	 2911.242941 	 3460.311009 	 3635.082328
   45 	 2911.242941 	 3470.507755 	 3635.082328
   46 	 3055.223683 	 3493.477770 	 3635.082328
   47 	 3055.223683 	 3501.152697 	 3635.082328
   48 	 3329.090218 	 3500.539620 	 3635.082328
   49 	 3329.090218 	 3497.987777 	 3635.082328
   50 	 3329.090218 	 3494.380730 	 3635.082328
   51 	 3329.090218 	 3490.001315 	 3545.321188
   52 	 3329.090218 	 3500.807999 	 3545.321188
   53 	 3329.090218 	 3499.107564 	 3545.321188
   54 	 3329.090218 	 3500.997340 	 3545.321188
   55 	 3364.911115 	 3499.366663 	 3545.321188
   56 	 3364.911115 	 3505.250716 	 3545.321188
   57 	 3364.911115 	 3502.606180 	 3545.321188
   58 	 3248.192656 	 3499.966044 	 3545.321188
   59 	 3248.192656 	 3497.344203 	 3545.321188
   60 	 3248.192656 	 3508.935964 	 3545.321188
   61 	 3248.192656 	 3515.734916 	 3545.321188
   62 	 3248.192656 	 3521.930825 	 3545.321188
   63 	 3248.192656 	 3519.099013 	 3545.321188
   64 	 2962.606206 	 3513.976827 	 3545.321188
   65 	 2962.606206 	 3516.059054 	 3545.321188
   66 	 3479.033137 	 3521.233124 	 3545.321188
   67 	 3477.855122 	 3521.922992 	 3545.321188
   68 	 3477.855122 	 3523.661283 	 3545.321188
   69 	 3477.855122 	 3523.402751 	 3545.321188
   70 	 3477.855122 	 3520.488854 	 3545.321188
   71 	 2902.052555 	 3515.913019 	 3545.321188
   72 	 3477.855122 	 3522.463463 	 3545.321188
   73 	 3477.855122 	 3523.953286 	 3545.321188
   74 	 3477.855122 	 3524.759953 	 3545.321188
   75 	 2945.827363 	 3519.685774 	 3545.321188
   76 	 2945.827363 	 3517.302664 	 3545.321188
   77 	 3477.855122 	 3522.359734 	 3545.321188
   78 	 3477.855122 	 3524.311483 	 3545.321188
   79 	 3477.855122 	 3525.798870 	 3545.321188
   80 	 3477.855122 	 3526.723690 	 3545.321188
   81 	 3477.855122 	 3525.802662 	 3545.321188
   82 	 3477.855122 	 3526.172983 	 3545.321188
   83 	 3477.855122 	 3527.061798 	 3545.321188
   84 	 3477.855122 	 3528.626147 	 3545.321188
   85 	 3477.855122 	 3528.731568 	 3545.321188
   86 	 3477.855122 	 3527.917145 	 3545.321188
   87 	 3477.855122 	 3528.792757 	 3545.321188
   88 	 2952.832069 	 3523.510266 	 3545.321188
   89 	 2952.832069 	 3516.782884 	 3545.321188
   90 	 2952.832069 	 3523.653963 	 3545.321188
   91 	 2952.832069 	 3518.681929 	 3545.321188
   92 	 2952.832069 	 3519.643305 	 3545.321188
   93 	 2952.832069 	 3524.771742 	 3545.321188
   94 	 2952.832069 	 3525.151107 	 3545.321188
   95 	 3477.855122 	 3531.716534 	 3545.321188
   96 	 3477.855122 	 3531.633585 	 3544.131973
   97 	 3477.855122 	 3532.201288 	 3544.131973
   98 	 3477.855122 	 3533.445172 	 3544.131973
   99 	 3237.175160 	 3529.819777 	 3544.131973
 