   0 	 0.034689 	 471.633263 	 2963.234835
    1 	 11.784215 	 1369.241705 	 3271.964064
    2 	 248.048109 	 2028.526032 	 3719.865040
    3 	 606.134856 	 2375.773516 	 3719.865040
    4 	 640.466941 	 2452.990149 	 3719.865040
    5 	 957.055569 	 2637.910144 	 3719.865040
    6 	 311.221436 	 2784.458798 	 3719.865040
    7 	 188.373108 	 2789.549222 	 3794.291903
    8 	 311.221436 	 2995.905993 	 3794.291903
    9 	 1635.865556 	 3087.055470 	 3719.865040
   10 	 180.951341 	 3092.794035 	 3719.865040
   11 	 821.743156 	 3091.668782 	 3719.865040
   12 	 2521.053041 	 3193.503270 	 3829.251730
   13 	 1795.889308 	 3225.360901 	 3829.251730
   14 	 2537.466526 	 3297.416305 	 3829.251730
   15 	 2537.466526 	 3350.982953 	 3710.114280
   16 	 2537.466526 	 3364.164090 	 3710.114280
   17 	 2609.488585 	 3416.314299 	 3764.916972
   18 	 2029.742379 	 3389.423903 	 3764.916972
   19 	 3018.467707 	 3467.758997 	 3764.916972
   20 	 3066.407822 	 3470.766135 	 3764.916972
   21 	 2895.058918 	 3479.969815 	 3764.916972
   22 	 2868.732665 	 3447.990839 	 3814.324318
   23 	 302.467591 	 3339.790183 	 3814.324318
   24 	 403.939921 	 3404.525643 	 3814.324318
   25 	 2857.004689 	 3488.450735 	 3839.527567
   26 	 2012.028378 	 3482.582716 	 3835.324172
   27 	 970.061575 	 3520.738422 	 3835.324172
   28 	 1079.964326 	 3569.906262 	 3835.324172
   29 	 1079.964326 	 3608.380717 	 3880.154944
   30 	 2938.258286 	 3616.761229 	 3840.396806
   31 	 2938.258286 	 3648.548046 	 3854.719152
   32 	 2589.891398 	 3626.922928 	 3845.237957
   33 	 2589.891398 	 3658.946545 	 3835.324172
   34 	 2875.062194 	 3646.224200 	 3880.154944
   35 	 2924.234934 	 3670.601729 	 3880.154944
   36 	 2924.234934 	 3678.979029 	 3880.154944
   37 	 2911.221181 	 3712.126744 	 3888.879336
   38 	 2912.300265 	 3725.897555 	 3875.056114
   39 	 2970.323254 	 3723.541196 	 3875.056114
   40 	 2970.323254 	 3761.008077 	 3880.154944
   41 	 3656.552621 	 3770.263971 	 3865.103929
   42 	 3656.552621 	 3776.630331 	 3865.103929
   43 	 3636.024781 	 3775.493770 	 3865.103929
   44 	 3617.828415 	 3761.698092 	 3870.196209
   45 	 3627.457222 	 3766.934848 	 3865.103929
   46 	 3627.457222 	 3755.370155 	 3875.056114
   47 	 3636.024781 	 3757.106258 	 3875.056114
   48 	 3636.024781 	 3766.344142 	 3875.056114
   49 	 3603.399601 	 3780.023377 	 3875.056114
   50 	 3656.552621 	 3780.010271 	 3865.103929
   51 	 3617.819600 	 3782.551709 	 3865.103929
   52 	 3656.552621 	 3781.214166 	 3865.103929
   53 	 3656.552621 	 3784.370521 	 3865.103929
   54 	 3656.552621 	 3781.141267 	 3865.103929
   55 	 3656.552621 	 3783.175936 	 3865.103929
   56 	 3656.552621 	 3781.876720 	 3854.719152
   57 	 3485.658232 	 3772.531638 	 3854.719152
   58 	 3485.658232 	 3764.964403 	 3854.719152
   59 	 3485.658232 	 3767.880958 	 3854.719152
   60 	 2613.321657 	 3756.424579 	 3854.719152
   61 	 2613.321657 	 3742.318864 	 3854.719152
   62 	 3466.500061 	 3752.050363 	 3854.719152
   63 	 3485.658232 	 3760.511448 	 3854.719152
   64 	 3485.658232 	 3770.984842 	 3854.719152
   65 	 403.553844 	 3721.580748 	 3854.719152
   66 	 3485.658232 	 3753.028146 	 3854.719152
   67 	 3485.658232 	 3761.174587 	 3854.719152
   68 	 3604.617038 	 3766.235046 	 3854.719152
   69 	 3604.617038 	 3770.680564 	 3854.719152
   70 	 3604.617038 	 3775.109857 	 3854.719152
   71 	 3599.464051 	 3770.183138 	 3854.719152
   72 	 3599.464051 	 3760.870583 	 3854.719152
   73 	 3599.464051 	 3755.839759 	 3854.719152
   74 	 3541.511440 	 3757.324164 	 3864.657974
   75 	 3541.511440 	 3762.619683 	 3864.657974
   76 	 3541.511440 	 3764.988190 	 3864.657974
   77 	 3541.511440 	 3769.824689 	 3864.657974
   78 	 3604.617038 	 3769.714887 	 3864.657974
   79 	 3604.617038 	 3773.490892 	 3864.657974
   80 	 3604.617038 	 3779.041373 	 3864.657974
   81 	 3618.963101 	 3775.745607 	 3864.657974
   82 	 3618.963101 	 3778.043506 	 3864.657974
   83 	 3618.963101 	 3777.266426 	 3864.657974
   84 	 3618.963101 	 3769.110055 	 3854.719152
   85 	 3618.963101 	 3767.651963 	 3854.719152
   86 	 3173.203886 	 3756.766355 	 3854.719152
   87 	 3173.203886 	 3758.704953 	 3854.719152
   88 	 3173.203886 	 3763.399742 	 3854.719152
   89 	 3599.741021 	 3765.387036 	 3873.811391
   90 	 3599.741021 	 3762.865427 	 3854.719152
   91 	 3599.741021 	 3760.910009 	 3854.719152
   92 	 3599.464051 	 3757.728035 	 3834.879907
   93 	 3599.741021 	 3754.425626 	 3834.879907
   94 	 3599.741021 	 3756.559100 	 3834.879907
   95 	 3599.741021 	 3749.776945 	 3834.879907
   96 	 3599.741021 	 3743.161124 	 3834.879907
   97 	 3598.264416 	 3755.163709 	 3835.324172
   98 	 3598.264416 	 3749.969659 	 3835.324172
   99 	 910.854166 	 3704.668160 	 3833.641654
 