   0 	 1.092896 	 495.143110 	 2575.719473
    1 	 49.402806 	 1277.238117 	 3663.968760
    2 	 3.193409 	 1750.458457 	 3663.968760
    3 	 520.413218 	 2123.628581 	 3663.968760
    4 	 706.834535 	 2256.941130 	 3663.968760
    5 	 719.608415 	 2467.537724 	 3709.961208
    6 	 728.188335 	 2582.027267 	 3709.961208
    7 	 377.487704 	 2711.653648 	 3709.961208
    8 	 224.694670 	 2798.672754 	 3709.961208
    9 	 1896.247783 	 2865.276936 	 3709.961208
   10 	 1896.247783 	 3007.390677 	 3748.180054
   11 	 375.547675 	 3071.820522 	 3815.334755
   12 	 1414.693369 	 3204.437680 	 3815.334755
   13 	 1754.321315 	 3296.037871 	 3709.961208
   14 	 2362.306976 	 3369.469125 	 3717.669149
   15 	 2362.306976 	 3406.495768 	 3714.926889
   16 	 2258.468458 	 3442.241923 	 3851.300246
   17 	 1817.794307 	 3429.701115 	 3851.300246
   18 	 2265.798582 	 3521.553593 	 3851.300246
   19 	 2265.798582 	 3515.634159 	 3851.300246
   20 	 2265.798582 	 3531.761080 	 3765.025299
   21 	 3256.744195 	 3564.938162 	 3852.540035
   22 	 2871.193843 	 3547.886096 	 3832.727414
   23 	 2871.193843 	 3558.295444 	 3832.727414
   24 	 3228.313290 	 3575.810281 	 3832.727414
   25 	 3280.106898 	 3586.467281 	 3845.104302
   26 	 3280.106898 	 3577.983109 	 3845.104302
   27 	 3280.106898 	 3565.075411 	 3845.104302
   28 	 3280.106898 	 3594.830340 	 3845.104302
   29 	 3280.106898 	 3622.243569 	 3845.104302
   30 	 3279.554898 	 3626.427502 	 3845.104302
   31 	 3107.442849 	 3599.171050 	 3880.750868
   32 	 3107.442849 	 3582.287768 	 3845.104302
   33 	 3084.705456 	 3584.755921 	 3891.958777
   34 	 3084.705456 	 3602.839230 	 3845.104302
   35 	 3047.511603 	 3582.975052 	 3838.913358
   36 	 3242.793981 	 3587.173185 	 3868.316636
   37 	 2872.887555 	 3601.877396 	 3868.316636
   38 	 3242.793981 	 3609.809872 	 3847.582080
   39 	 3280.106898 	 3644.351646 	 3842.627325
   40 	 3071.129694 	 3644.601910 	 3891.958777
   41 	 3071.129694 	 3651.133227 	 3840.462769
   42 	 3169.240720 	 3698.981533 	 3840.462769
   43 	 3069.680157 	 3699.667607 	 3841.389136
   44 	 3214.424261 	 3730.414163 	 3891.958777
   45 	 3214.424261 	 3738.037600 	 3891.958777
   46 	 3214.424261 	 3738.346412 	 3891.958777
   47 	 3214.424261 	 3737.659987 	 3891.958777
   48 	 3214.424261 	 3747.338838 	 3891.958777
   49 	 3214.424261 	 3756.570743 	 3891.958777
   50 	 1408.110370 	 3733.557910 	 3851.300246
   51 	 3362.037530 	 3762.535769 	 3851.300246
   52 	 3362.037530 	 3765.267955 	 3851.300246
   53 	 2707.086487 	 3742.726315 	 3851.300246
   54 	 2707.086487 	 3759.495459 	 3851.300246
   55 	 3374.590144 	 3782.035899 	 3852.540035
   56 	 3374.590144 	 3780.059805 	 3852.540035
   57 	 3403.660064 	 3779.199019 	 3851.300246
   58 	 3601.571875 	 3792.726724 	 3871.582922
   59 	 3660.342393 	 3791.178076 	 3851.300246
   60 	 2707.086487 	 3769.634612 	 3851.300246
   61 	 3660.342393 	 3784.323467 	 3851.300246
   62 	 3660.342393 	 3783.340785 	 3870.340069
   63 	 3606.162897 	 3785.897929 	 3851.300246
   64 	 3606.162897 	 3785.017319 	 3851.300246
   65 	 3606.162897 	 3797.180869 	 3851.300246
   66 	 3660.342393 	 3809.270861 	 3851.300246
   67 	 3660.342393 	 3813.578365 	 3851.300246
   68 	 3663.596262 	 3820.208621 	 3851.300246
   69 	 3663.596262 	 3815.048730 	 3851.300246
   70 	 3663.596262 	 3808.626609 	 3851.300246
   71 	 3660.342393 	 3796.561383 	 3872.825974
   72 	 3660.342393 	 3800.082264 	 3872.825974
   73 	 3663.596262 	 3795.239047 	 3860.865697
   74 	 3640.660770 	 3790.929201 	 3880.750868
   75 	 3640.660770 	 3794.266755 	 3840.571602
   76 	 3640.660770 	 3784.093556 	 3851.300246
   77 	 3640.660770 	 3784.462564 	 3857.142927
   78 	 3644.277363 	 3799.697003 	 3857.142927
   79 	 3644.277363 	 3803.239285 	 3860.865697
   80 	 3644.277363 	 3815.555644 	 3860.865697
   81 	 3663.596262 	 3820.663437 	 3860.865697
   82 	 3663.596262 	 3818.873982 	 3860.865697
   83 	 3663.596262 	 3816.155631 	 3860.865697
   84 	 3663.596262 	 3819.793891 	 3860.865697
   85 	 3663.596262 	 3818.616193 	 3860.865697
   86 	 3663.596262 	 3818.403752 	 3860.865697
   87 	 3663.596262 	 3819.743677 	 3860.865697
   88 	 3796.568763 	 3823.153012 	 3860.865697
   89 	 3780.584858 	 3823.841095 	 3860.865697
   90 	 1708.683897 	 3801.885659 	 3860.865697
   91 	 3780.584858 	 3823.798455 	 3860.865697
   92 	 3780.584858 	 3822.339184 	 3860.865697
   93 	 3780.584858 	 3821.416871 	 3860.865697
   94 	 409.060501 	 3785.933457 	 3860.865697
   95 	 2720.611750 	 3811.455325 	 3860.865697
   96 	 3780.584858 	 3825.400702 	 3860.865697
   97 	 3780.584858 	 3824.560401 	 3860.865697
   98 	 3780.584858 	 3826.248624 	 3860.865697
   99 	 3796.568763 	 3827.211105 	 3880.750868
 