   0 	 1.003025 	 3.671320 	 10.132484
    1 	 1.002500 	 5.770633 	 10.132484
    2 	 1.082369 	 7.220453 	 10.132484
    3 	 1.081796 	 7.973970 	 10.132484
    4 	 2.723969 	 8.554624 	 10.132484
    5 	 3.805625 	 8.933930 	 10.132484
    6 	 3.839225 	 9.169325 	 10.132484
    7 	 6.760000 	 9.212994 	 10.132484
    8 	 6.764801 	 9.380798 	 10.138529
    9 	 6.798464 	 9.524758 	 10.247681
   10 	 7.874884 	 9.567374 	 10.247681
   11 	 7.874884 	 9.709118 	 10.247681
   12 	 8.150276 	 9.801768 	 10.247681
   13 	 8.150276 	 9.848483 	 10.144576
   14 	 9.294400 	 9.842532 	 10.241600
   15 	 9.076964 	 9.827196 	 10.290304
   16 	 9.076964 	 9.796843 	 10.290304
   17 	 9.162449 	 9.812942 	 10.290304
   18 	 9.162449 	 9.865048 	 10.241600
   19 	 9.265625 	 9.890052 	 10.241600
   20 	 9.122500 	 9.904143 	 10.253764
   21 	 9.122500 	 9.915710 	 10.253764
   22 	 9.122500 	 9.922530 	 10.253764
   23 	 9.082649 	 9.929199 	 10.253764
   24 	 9.122500 	 9.950152 	 10.253764
   25 	 9.381025 	 9.971883 	 10.253764
   26 	 9.381025 	 9.967898 	 10.253764
   27 	 9.381025 	 9.947746 	 10.241600
   28 	 9.637721 	 9.959845 	 10.241600
   29 	 9.637721 	 9.967416 	 10.241600
   30 	 9.082649 	 9.974059 	 10.253764
   31 	 9.637721 	 9.969201 	 10.241600
   32 	 9.637721 	 9.964777 	 10.259849
   33 	 9.637721 	 9.964814 	 10.259849
   34 	 9.637721 	 9.984117 	 10.259849
   35 	 9.637721 	 9.976332 	 10.259849
   36 	 9.637721 	 9.994784 	 10.259849
   37 	 9.637721 	 10.009907 	 10.259849
   38 	 9.637721 	 10.000592 	 10.290304
   39 	 9.567329 	 10.001506 	 10.290304
   40 	 9.567329 	 9.970634 	 10.284209
   41 	 9.637721 	 9.954253 	 10.284209
   42 	 9.637721 	 9.996751 	 10.284209
   43 	 9.637721 	 9.965130 	 10.284209
   44 	 9.573184 	 9.949093 	 10.284209
   45 	 9.637721 	 9.961996 	 10.284209
   46 	 9.661249 	 10.003438 	 10.241600
   47 	 9.667136 	 10.012353 	 10.241600
   48 	 9.667136 	 10.005081 	 10.241600
   49 	 9.567329 	 10.001340 	 10.241600
   50 	 9.761600 	 10.011025 	 10.241600
   51 	 9.737936 	 10.009461 	 10.241600
   52 	 9.737936 	 10.013725 	 10.241600
   53 	 9.737936 	 10.021490 	 10.241600
   54 	 9.667136 	 10.010453 	 10.241600
   55 	 9.667136 	 10.015087 	 10.241600
   56 	 9.667136 	 9.999619 	 10.241600
   57 	 9.573184 	 9.992212 	 10.241600
   58 	 9.667136 	 9.989965 	 10.241600
   59 	 9.567329 	 9.979172 	 10.241600
   60 	 9.567329 	 9.958511 	 10.241600
   61 	 9.661249 	 9.963817 	 10.241600
   62 	 9.661249 	 9.963004 	 10.241600
   63 	 9.667136 	 9.956484 	 10.241600
   64 	 9.667136 	 9.953871 	 10.241600
   65 	 9.661249 	 9.966453 	 10.241600
   66 	 9.667136 	 9.987367 	 10.241600
   67 	 9.573184 	 10.000484 	 10.241600
   68 	 9.761600 	 10.009671 	 10.241600
   69 	 9.755681 	 10.023995 	 10.241600
   70 	 9.856576 	 10.026368 	 10.241600
   71 	 9.761600 	 10.022824 	 10.241600
   72 	 9.761600 	 10.015955 	 10.241600
   73 	 9.856576 	 10.031942 	 10.241600
   74 	 9.573184 	 10.022755 	 10.241600
   75 	 9.856576 	 10.039139 	 10.241600
   76 	 9.761600 	 10.023729 	 10.241600
   77 	 9.856576 	 10.032158 	 10.241600
   78 	 9.832784 	 10.057666 	 10.241600
   79 	 9.850625 	 10.046272 	 10.241600
   80 	 9.850625 	 10.057404 	 10.241600
   81 	 9.850625 	 10.068363 	 10.241600
   82 	 9.761600 	 10.085099 	 10.241600
   83 	 9.856576 	 10.102410 	 10.241600
   84 	 9.856576 	 10.114469 	 10.241600
   85 	 9.761600 	 10.122255 	 10.241600
   86 	 9.856576 	 10.116817 	 10.241600
   87 	 9.856576 	 10.131044 	 10.241600
   88 	 9.946081 	 10.142100 	 10.241600
   89 	 9.946081 	 10.135607 	 10.241600
   90 	 9.946081 	 10.125863 	 10.241600
   91 	 9.946081 	 10.123800 	 10.241600
   92 	 9.946081 	 10.137349 	 10.241600
   93 	 9.946081 	 10.132665 	 10.241600
   94 	 9.946081 	 10.132128 	 10.241600
   95 	 9.946081 	 10.141055 	 10.241600
   96 	 9.952064 	 10.146966 	 10.241600
   97 	 9.952064 	 10.145825 	 10.241600
   98 	 9.952064 	 10.155623 	 10.241600
   99 	 9.952064 	 10.153929 	 10.241600
 