   0 	 0.969253 	 546.089369 	 2949.033389
    1 	 0.233748 	 1210.881532 	 3737.382381
    2 	 157.118340 	 1724.207004 	 3252.350329
    3 	 183.532019 	 2053.834194 	 3252.350329
    4 	 628.068380 	 2184.560763 	 3252.350329
    5 	 646.107205 	 2285.532624 	 3256.932701
    6 	 1384.982389 	 2455.143655 	 3256.932701
    7 	 648.453227 	 2492.437185 	 3363.930392
    8 	 152.868408 	 2546.097199 	 3363.930392
    9 	 156.675031 	 2619.388670 	 3367.369352
   10 	 54.722590 	 2705.402144 	 3268.605236
   11 	 152.519236 	 2775.122687 	 3268.605236
   12 	 23.926853 	 2789.330562 	 3306.153529
   13 	 133.699856 	 2793.216508 	 3306.153529
   14 	 156.443748 	 2815.856804 	 3531.612468
   15 	 658.838794 	 2907.861498 	 3531.612468
   16 	 638.355002 	 2929.506225 	 3569.698459
   17 	 156.194533 	 2852.617329 	 3725.309508
   18 	 637.849794 	 3013.479588 	 3725.309508
   19 	 1427.317776 	 3076.106466 	 3725.309508
   20 	 156.482756 	 3000.642135 	 3569.698459
   21 	 226.296919 	 2994.916531 	 3589.282980
   22 	 666.870258 	 3052.581008 	 3589.282980
   23 	 666.870258 	 3110.857230 	 3551.092234
   24 	 2525.085391 	 3158.683944 	 3551.092234
   25 	 2642.093456 	 3198.571038 	 3551.092234
   26 	 546.106538 	 3182.655622 	 3551.092234
   27 	 2228.110745 	 3254.545530 	 3551.092234
   28 	 1397.012822 	 3253.094883 	 3833.372381
   29 	 157.024638 	 3175.140803 	 3842.034792
   30 	 791.738824 	 3232.927541 	 3883.003869
   31 	 2737.601536 	 3315.336440 	 3883.003869
   32 	 2677.016116 	 3304.517624 	 3881.759182
   33 	 2677.016116 	 3307.945565 	 3833.372381
   34 	 2810.888756 	 3331.029938 	 3833.372381
   35 	 2810.888756 	 3353.267376 	 3833.372381
   36 	 2810.888756 	 3380.798557 	 3551.092234
   37 	 2811.947536 	 3396.431150 	 3551.092234
   38 	 2811.947536 	 3399.523931 	 3551.092234
   39 	 2811.947536 	 3416.483745 	 3842.034792
   40 	 2811.947536 	 3423.447517 	 3842.034792
   41 	 2420.995176 	 3388.807718 	 3548.268951
   42 	 2420.995176 	 3399.622326 	 3548.268951
   43 	 2420.995176 	 3387.246010 	 3685.185230
   44 	 2420.995176 	 3446.628109 	 3551.092234
   45 	 2420.995176 	 3459.922294 	 3551.092234
   46 	 2420.995176 	 3474.799820 	 3541.576548
   47 	 2420.995176 	 3463.218640 	 3541.576548
   48 	 2420.995176 	 3480.402884 	 3543.954269
   49 	 2420.995176 	 3478.568539 	 3862.352599
   50 	 3234.297345 	 3508.783014 	 3862.352599
   51 	 3234.297345 	 3510.351846 	 3862.352599
   52 	 3234.297345 	 3514.384525 	 3862.352599
   53 	 3227.486222 	 3513.080832 	 3862.352599
   54 	 2950.089422 	 3513.429634 	 3902.181744
   55 	 3226.351735 	 3525.181460 	 3881.759182
   56 	 3226.351735 	 3527.428302 	 3844.511566
   57 	 3226.351735 	 3530.022306 	 3844.511566
   58 	 3226.351735 	 3539.688475 	 3844.511566
   59 	 2455.987927 	 3534.602388 	 3844.511566
   60 	 3522.122971 	 3542.648697 	 3844.511566
   61 	 3492.927103 	 3542.892403 	 3844.511566
   62 	 3492.927103 	 3543.087364 	 3844.511566
   63 	 3492.927103 	 3536.343116 	 3844.511566
   64 	 3492.927103 	 3544.509342 	 3844.511566
   65 	 3492.927103 	 3544.124998 	 3844.511566
   66 	 1685.791094 	 3518.099469 	 3844.511566
   67 	 3492.927103 	 3531.451324 	 3551.092234
   68 	 3492.927103 	 3533.049737 	 3553.473156
   69 	 3492.927103 	 3531.696533 	 3553.473156
   70 	 3492.927103 	 3534.391583 	 3553.473156
   71 	 1692.354333 	 3517.751888 	 3553.473156
   72 	 3492.927103 	 3533.382073 	 3553.473156
   73 	 3232.167476 	 3533.148831 	 3553.473156
   74 	 3232.167476 	 3533.875343 	 3553.473156
   75 	 3232.167476 	 3532.464481 	 3553.473156
   76 	 3232.167476 	 3523.784076 	 3553.473156
   77 	 3232.167476 	 3508.411707 	 3553.473156
   78 	 1702.467490 	 3493.489739 	 3553.473156
   79 	 3232.167476 	 3509.464331 	 3553.473156
   80 	 3232.167476 	 3515.267264 	 3553.473156
   81 	 792.344876 	 3491.805755 	 3553.473156
   82 	 792.344876 	 3489.204678 	 3553.473156
   83 	 3250.220644 	 3510.151075 	 3553.473156
   84 	 3250.220644 	 3513.856405 	 3553.473156
   85 	 3250.220644 	 3514.922235 	 3553.473156
   86 	 3250.220644 	 3514.101040 	 3553.473156
   87 	 3250.220644 	 3523.067359 	 3553.473156
   88 	 3250.220644 	 3528.114749 	 3553.473156
   89 	 3383.639681 	 3534.168576 	 3553.473156
   90 	 3381.316507 	 3529.944223 	 3553.473156
   91 	 3381.316507 	 3526.205323 	 3553.473156
   92 	 3345.776844 	 3530.700070 	 3553.473156
   93 	 3343.466726 	 3526.961684 	 3553.473156
   94 	 3343.466726 	 3519.325626 	 3553.473156
   95 	 3383.639681 	 3524.558007 	 3553.473156
   96 	 3400.377252 	 3526.863427 	 3553.473156
   97 	 3488.206866 	 3525.123567 	 3553.473156
   98 	 3492.927103 	 3525.776292 	 3553.473156
   99 	 3492.927103 	 3520.451400 	 3553.473156
 