   0 	 0.614081 	 522.479187 	 3120.171701
    1 	 36.782332 	 1435.529849 	 3175.015445
    2 	 198.090707 	 2199.912306 	 3718.279861
    3 	 417.672771 	 2507.710350 	 3718.279861
    4 	 417.672771 	 2590.528830 	 3718.279861
    5 	 874.476821 	 2761.168323 	 3857.202658
    6 	 1500.280485 	 2952.439103 	 3857.202658
    7 	 222.503071 	 3013.599826 	 3857.202658
    8 	 1873.889056 	 3099.557233 	 3857.202658
    9 	 1873.889056 	 3135.943171 	 3857.202658
   10 	 213.581570 	 3101.951070 	 3857.202658
   11 	 1671.885856 	 3235.702888 	 3857.202658
   12 	 391.621979 	 3207.299964 	 3857.202658
   13 	 1730.408275 	 3287.076257 	 3857.202658
   14 	 1887.765536 	 3311.639528 	 3857.202658
   15 	 2745.873463 	 3422.068089 	 3857.202658
   16 	 2977.793969 	 3457.193609 	 3857.202658
   17 	 2977.793969 	 3486.661901 	 3857.202658
   18 	 2977.793969 	 3506.157099 	 3877.546161
   19 	 2977.793969 	 3523.954211 	 3877.546161
   20 	 2977.793969 	 3555.607901 	 3877.546161
   21 	 2977.793969 	 3605.164518 	 3877.546161
   22 	 2977.793969 	 3660.747786 	 3877.546161
   23 	 2977.793969 	 3678.298160 	 3877.546161
   24 	 2977.793969 	 3696.252403 	 3877.546161
   25 	 2977.793969 	 3698.767423 	 3877.546161
   26 	 2977.793969 	 3704.511685 	 3877.546161
   27 	 2977.793969 	 3708.234561 	 3877.546161
   28 	 2977.793969 	 3726.467596 	 3877.546161
   29 	 2641.117719 	 3730.282824 	 3877.546161
   30 	 2641.117719 	 3735.924629 	 3877.546161
   31 	 2641.117719 	 3723.304665 	 3877.546161
   32 	 3563.837621 	 3741.830171 	 3877.546161
   33 	 3563.837621 	 3748.764975 	 3877.546161
   34 	 3563.837621 	 3744.367655 	 3877.546161
   35 	 3563.837621 	 3759.741070 	 3877.546161
   36 	 3563.837621 	 3765.486841 	 3877.546161
   37 	 3563.837621 	 3778.107918 	 3877.546161
   38 	 3129.654175 	 3757.983741 	 3877.546161
   39 	 3563.837621 	 3762.645068 	 3877.546161
   40 	 3563.837621 	 3770.599500 	 3857.202658
   41 	 3563.837621 	 3765.466750 	 3857.202658
   42 	 417.328526 	 3732.251815 	 3857.202658
   43 	 3561.450461 	 3767.047263 	 3877.546161
   44 	 3561.450461 	 3768.735609 	 3877.546161
   45 	 3468.380866 	 3774.734599 	 3877.546161
   46 	 2574.492341 	 3772.495084 	 3877.546161
   47 	 3468.380866 	 3784.884893 	 3877.546161
   48 	 3468.380866 	 3786.547465 	 3877.546161
   49 	 3468.380866 	 3782.133214 	 3877.546161
   50 	 3468.380866 	 3779.758513 	 3877.546161
   51 	 3468.380866 	 3779.167670 	 3877.546161
   52 	 3468.380866 	 3790.769302 	 3877.546161
   53 	 417.186724 	 3763.223347 	 3877.546161
   54 	 417.165636 	 3772.464671 	 3877.546161
   55 	 3698.514738 	 3815.350527 	 3877.546161
   56 	 3698.514738 	 3816.232604 	 3877.546161
   57 	 3698.514738 	 3817.126288 	 3877.546161
   58 	 3698.514738 	 3813.973443 	 3877.546161
   59 	 3698.514738 	 3814.169204 	 3877.546161
   60 	 3698.514738 	 3823.472296 	 3877.546161
   61 	 3698.514738 	 3820.900491 	 3877.546161
   62 	 3698.514738 	 3825.483449 	 3877.546161
   63 	 3698.514738 	 3825.959859 	 3877.546161
   64 	 3698.514738 	 3829.637191 	 3877.546161
   65 	 3698.514738 	 3832.618147 	 3877.546161
   66 	 3698.514738 	 3838.194362 	 3877.546161
   67 	 3620.256951 	 3833.207629 	 3877.546161
   68 	 3620.256951 	 3827.256797 	 3877.546161
   69 	 3620.256951 	 3816.304143 	 3877.546161
   70 	 3620.256951 	 3812.981015 	 3877.546161
   71 	 3620.256951 	 3818.370370 	 3877.546161
   72 	 3698.514738 	 3826.345557 	 3877.546161
   73 	 3698.514738 	 3828.256412 	 3877.546161
   74 	 3698.514738 	 3821.458866 	 3877.546161
   75 	 3698.514738 	 3830.681586 	 3877.546161
   76 	 3698.514738 	 3825.983124 	 3877.546161
   77 	 3698.514738 	 3826.558105 	 3877.546161
   78 	 3698.514738 	 3824.614849 	 3877.546161
   79 	 3698.514738 	 3828.456204 	 3877.546161
   80 	 3698.514738 	 3821.824283 	 3877.546161
   81 	 3698.514738 	 3825.380549 	 3877.546161
   82 	 3698.514738 	 3839.090423 	 3877.546161
   83 	 3696.082867 	 3841.711942 	 3877.546161
   84 	 3696.082867 	 3838.267952 	 3877.546161
   85 	 3696.082867 	 3838.605087 	 3877.546161
   86 	 3696.082867 	 3848.174411 	 3877.546161
   87 	 3696.082867 	 3843.452965 	 3877.546161
   88 	 3696.082867 	 3847.108159 	 3877.546161
   89 	 3698.514738 	 3845.981705 	 3877.546161
   90 	 3698.514738 	 3846.760942 	 3877.546161
   91 	 3565.322621 	 3845.637124 	 3877.546161
   92 	 3565.322621 	 3851.912895 	 3877.546161
   93 	 3565.322621 	 3852.966807 	 3877.546161
   94 	 3776.756990 	 3852.994446 	 3877.546161
   95 	 3776.756990 	 3852.653117 	 3877.546161
   96 	 3776.756990 	 3854.187476 	 3877.546161
   97 	 3776.756990 	 3855.328876 	 3877.546161
   98 	 948.938651 	 3825.328515 	 3877.546161
   99 	 3776.756990 	 3852.147164 	 3877.546161
 