   0 	 1.629000 	 25.657168 	 58.854200
    1 	 8.841300 	 30.636641 	 58.854200
    2 	 4.225300 	 37.797248 	 67.121000
    3 	 15.386600 	 41.408850 	 67.121000
    4 	 17.703400 	 44.204430 	 67.121000
    5 	 17.703400 	 45.403231 	 72.578100
    6 	 17.703400 	 47.827714 	 72.578100
    7 	 23.593400 	 49.932432 	 68.434700
    8 	 26.606100 	 51.204015 	 69.034200
    9 	 26.606100 	 51.484054 	 69.034200
   10 	 26.853200 	 51.843472 	 69.034200
   11 	 26.853200 	 53.544028 	 69.034200
   12 	 28.072600 	 54.324348 	 69.034200
   13 	 33.192100 	 55.182985 	 69.034200
   14 	 36.296900 	 56.285840 	 74.332500
   15 	 30.358800 	 54.793065 	 74.332500
   16 	 30.358800 	 56.269984 	 74.332500
   17 	 13.000900 	 56.453882 	 74.332500
   18 	 34.644200 	 56.704364 	 74.332500
   19 	 26.662900 	 55.990569 	 74.332500
   20 	 37.065400 	 57.009646 	 74.332500
   21 	 37.805300 	 56.465112 	 74.332500
   22 	 28.385700 	 56.852217 	 70.396600
   23 	 32.759300 	 57.024239 	 70.396600
   24 	 32.050200 	 57.033082 	 68.328600
   25 	 39.228600 	 57.083982 	 72.290900
   26 	 31.956200 	 57.830031 	 67.830900
   27 	 43.404600 	 59.027588 	 70.886200
   28 	 43.707800 	 59.402156 	 67.830900
   29 	 32.426900 	 58.829983 	 67.830900
   30 	 15.786500 	 58.865925 	 69.424500
   31 	 15.786500 	 58.413370 	 69.424500
   32 	 28.691700 	 58.393138 	 69.424500
   33 	 35.660600 	 58.597845 	 68.424500
   34 	 35.660600 	 59.589474 	 68.424500
   35 	 39.318900 	 60.531197 	 68.424500
   36 	 34.154100 	 60.508806 	 68.424500
   37 	 34.154100 	 61.157961 	 68.424500
   38 	 38.138100 	 61.966195 	 68.424500
   39 	 35.306900 	 60.947805 	 68.424500
   40 	 44.030900 	 62.562650 	 69.222900
   41 	 44.116600 	 62.885330 	 68.424500
   42 	 43.934200 	 63.396305 	 69.424500
   43 	 34.483700 	 63.251735 	 69.424500
   44 	 39.756600 	 63.748174 	 69.830100
   45 	 39.631700 	 64.660402 	 69.424500
   46 	 39.631700 	 63.931873 	 69.424500
   47 	 41.395700 	 64.845300 	 69.424500
   48 	 43.869300 	 64.145943 	 70.034100
   49 	 52.982900 	 64.578200 	 70.034100
   50 	 37.593400 	 63.949991 	 70.034100
   51 	 25.344500 	 62.466000 	 70.034100
   52 	 37.593400 	 63.576686 	 70.034100
   53 	 41.588600 	 64.002644 	 70.034100
   54 	 41.588600 	 64.573659 	 70.034100
   55 	 41.588600 	 65.468946 	 70.034100
   56 	 51.374900 	 66.130591 	 73.526900
   57 	 55.579700 	 66.640004 	 73.526900
   58 	 55.579700 	 66.388692 	 70.034100
   59 	 43.910200 	 65.197586 	 70.034100
   60 	 43.910200 	 65.064109 	 70.034100
   61 	 43.950900 	 65.814067 	 70.034100
   62 	 43.950900 	 65.970884 	 70.034100
   63 	 45.948600 	 66.438077 	 70.034100
   64 	 58.264500 	 66.813202 	 70.034100
   65 	 47.201400 	 66.507199 	 70.034100
   66 	 47.201400 	 66.596204 	 70.034100
   67 	 50.838900 	 66.871363 	 70.034100
   68 	 55.828600 	 66.577133 	 70.034100
   69 	 50.121400 	 66.550811 	 70.034100
   70 	 48.040500 	 66.990669 	 70.034100
   71 	 48.040500 	 67.140907 	 70.034100
   72 	 57.390900 	 67.575406 	 69.424500
   73 	 55.828600 	 67.382448 	 69.424500
   74 	 55.828600 	 66.812472 	 68.622900
   75 	 55.828600 	 67.006166 	 68.510200
   76 	 55.989400 	 67.302183 	 69.510200
   77 	 55.989400 	 67.338600 	 68.510200
   78 	 55.989400 	 67.831504 	 68.510200
   79 	 59.210100 	 67.922864 	 68.510200
   80 	 64.165300 	 68.010774 	 68.510200
   81 	 64.165300 	 67.995808 	 68.510200
   82 	 64.165300 	 67.883143 	 68.510200
   83 	 63.432500 	 67.774848 	 68.510200
   84 	 64.165300 	 67.850706 	 68.510200
   85 	 50.811700 	 67.752174 	 68.510200
   86 	 64.165300 	 67.815420 	 68.510200
   87 	 49.156600 	 67.630944 	 68.510200
   88 	 66.053300 	 67.857617 	 68.510200
   89 	 66.053300 	 67.927935 	 68.510200
   90 	 66.053300 	 67.971543 	 68.510200
   91 	 42.474900 	 67.781965 	 68.510200
   92 	 66.053300 	 67.898421 	 68.510200
   93 	 66.053300 	 67.991210 	 68.510200
   94 	 53.064500 	 67.879829 	 68.510200
   95 	 66.053300 	 68.104988 	 68.510200
   96 	 66.053300 	 68.160316 	 68.510200
   97 	 66.053300 	 68.073609 	 68.510200
   98 	 66.053300 	 68.071235 	 68.510200
   99 	 66.830900 	 68.157105 	 68.510200
 