   0 	 -13.000000 	 0.230000 	 12.000000
    1 	 -1.000000 	 6.950000 	 16.000000
    2 	 0.000000 	 8.620000 	 17.000000
    3 	 1.000000 	 9.800000 	 17.000000
    4 	 1.000000 	 11.290000 	 17.000000
    5 	 4.000000 	 12.120000 	 17.000000
    6 	 4.000000 	 12.500000 	 17.000000
    7 	 6.000000 	 13.420000 	 18.000000
    8 	 6.000000 	 13.650000 	 20.000000
    9 	 6.000000 	 13.870000 	 20.000000
   10 	 7.000000 	 14.900000 	 20.000000
   11 	 7.000000 	 15.290000 	 20.000000
   12 	 8.000000 	 15.750000 	 20.000000
   13 	 9.000000 	 15.690000 	 20.000000
   14 	 9.000000 	 16.190000 	 20.000000
   15 	 11.000000 	 17.120000 	 20.000000
   16 	 13.000000 	 17.480000 	 20.000000
   17 	 14.000000 	 17.610000 	 20.000000
   18 	 14.000000 	 17.820000 	 21.000000
   19 	 13.000000 	 17.980000 	 20.000000
   20 	 13.000000 	 17.880000 	 20.000000
   21 	 13.000000 	 18.230000 	 21.000000
   22 	 15.000000 	 18.510000 	 22.000000
   23 	 14.000000 	 18.560000 	 22.000000
   24 	 14.000000 	 18.620000 	 22.000000
   25 	 14.000000 	 18.930000 	 22.000000
   26 	 14.000000 	 19.070000 	 22.000000
   27 	 15.000000 	 19.220000 	 22.000000
   28 	 15.000000 	 19.380000 	 22.000000
   29 	 15.000000 	 19.570000 	 22.000000
   30 	 14.000000 	 19.510000 	 23.000000
   31 	 14.000000 	 19.680000 	 23.000000
   32 	 14.000000 	 19.820000 	 23.000000
   33 	 14.000000 	 19.950000 	 23.000000
   34 	 14.000000 	 19.940000 	 22.000000
   35 	 13.000000 	 20.060000 	 23.000000
   36 	 16.000000 	 20.120000 	 23.000000
   37 	 16.000000 	 20.220000 	 22.000000
   38 	 15.000000 	 20.270000 	 22.000000
   39 	 16.000000 	 20.220000 	 22.000000
   40 	 16.000000 	 20.460000 	 22.000000
   41 	 15.000000 	 20.480000 	 23.000000
   42 	 16.000000 	 20.600000 	 23.000000
   43 	 16.000000 	 20.870000 	 23.000000
   44 	 16.000000 	 20.850000 	 23.000000
   45 	 16.000000 	 20.770000 	 23.000000
   46 	 17.000000 	 20.770000 	 23.000000
   47 	 15.000000 	 20.850000 	 23.000000
   48 	 18.000000 	 20.990000 	 23.000000
   49 	 18.000000 	 21.080000 	 23.000000
   50 	 18.000000 	 21.130000 	 23.000000
   51 	 17.000000 	 21.250000 	 23.000000
   52 	 17.000000 	 21.150000 	 23.000000
   53 	 18.000000 	 21.320000 	 23.000000
   54 	 17.000000 	 21.400000 	 23.000000
   55 	 17.000000 	 21.340000 	 23.000000
   56 	 18.000000 	 21.470000 	 23.000000
   57 	 18.000000 	 21.530000 	 23.000000
   58 	 15.000000 	 21.510000 	 23.000000
   59 	 16.000000 	 21.450000 	 23.000000
   60 	 16.000000 	 21.410000 	 23.000000
   61 	 16.000000 	 21.360000 	 23.000000
   62 	 16.000000 	 21.500000 	 23.000000
   63 	 15.000000 	 21.200000 	 23.000000
   64 	 15.000000 	 20.970000 	 23.000000
   65 	 16.000000 	 21.140000 	 23.000000
   66 	 17.000000 	 21.010000 	 23.000000
   67 	 17.000000 	 21.030000 	 23.000000
   68 	 16.000000 	 20.880000 	 23.000000
   69 	 12.000000 	 20.870000 	 23.000000
   70 	 15.000000 	 20.950000 	 23.000000
   71 	 15.000000 	 21.100000 	 23.000000
   72 	 16.000000 	 21.220000 	 23.000000
   73 	 16.000000 	 21.190000 	 23.000000
   74 	 14.000000 	 21.370000 	 23.000000
   75 	 17.000000 	 21.150000 	 23.000000
   76 	 17.000000 	 21.180000 	 23.000000
   77 	 17.000000 	 21.180000 	 23.000000
   78 	 17.000000 	 21.250000 	 23.000000
   79 	 16.000000 	 20.980000 	 23.000000
   80 	 16.000000 	 20.910000 	 23.000000
   81 	 16.000000 	 20.770000 	 23.000000
   82 	 17.000000 	 20.930000 	 23.000000
   83 	 17.000000 	 21.010000 	 23.000000
   84 	 15.000000 	 21.100000 	 23.000000
   85 	 15.000000 	 21.080000 	 23.000000
   86 	 16.000000 	 21.020000 	 23.000000
   87 	 17.000000 	 20.990000 	 23.000000
   88 	 16.000000 	 20.960000 	 23.000000
   89 	 18.000000 	 20.990000 	 23.000000
   90 	 19.000000 	 21.280000 	 23.000000
   91 	 19.000000 	 21.350000 	 23.000000
   92 	 19.000000 	 21.400000 	 23.000000
   93 	 19.000000 	 21.600000 	 23.000000
   94 	 19.000000 	 21.580000 	 23.000000
   95 	 17.000000 	 21.290000 	 23.000000
   96 	 17.000000 	 21.280000 	 23.000000
   97 	 17.000000 	 21.410000 	 23.000000
   98 	 17.000000 	 21.320000 	 23.000000
   99 	 17.000000 	 21.180000 	 23.000000
 