   0 	 -1.000000 	 472446402.565366 	 4294967296.000000
    1 	 -1.000000 	 2405181685.777187 	 4294967296.000000
    2 	 -1.000000 	 2362232012.789500 	 4294967296.000000
    3 	 -1.000000 	 1675037245.435833 	 4294967296.000000
    4 	 -1.000000 	 2491081031.683333 	 4294967296.000000
    5 	 -1.000000 	 3049426780.152262 	 4294967296.000000
    6 	 -1.000000 	 2491081031.682000 	 4294967296.000000
    7 	 -1.000000 	 2877628088.321333 	 4294967296.000000
    8 	 -1.000000 	 2233382993.901762 	 4294967296.000000
    9 	 -1.000000 	 2405181685.764166 	 4294967296.000000
   10 	 -1.000000 	 3092376453.120500 	 4294967296.000000
   11 	 -1.000000 	 3779571220.488667 	 4294967296.000000
   12 	 -1.000000 	 3135326126.091667 	 4294967296.000000
   13 	 -1.000000 	 3221225471.983334 	 4294967296.000000
   14 	 -1.000000 	 3822520893.450000 	 4294967296.000000
   15 	 -0.500000 	 3693671874.570000 	 4294967296.000000
   16 	 -1.000000 	 3736621547.530000 	 4294967296.000000
   17 	 -1.000000 	 3951369912.350000 	 4294967296.000000
   18 	 -1.000000 	 4080218931.197500 	 4294967296.000000
   19 	 -1.000000 	 3908420239.355000 	 4294967296.000000
   20 	 -0.500000 	 4080218931.207500 	 4294967296.000000
   21 	 -0.500000 	 4166118277.130000 	 4294967296.000000
   22 	 -1.000000 	 3994319585.285000 	 4294967296.000000
   23 	 -1.000000 	 4080218931.180000 	 4294967296.000000
   24 	 -1.000000 	 4123168604.155000 	 4294967296.000000
   25 	 -0.500000 	 4037269258.257500 	 4294967296.000000
   26 	 -0.500000 	 3994319585.280834 	 4294967296.000000
   27 	 -0.500000 	 4166118277.120000 	 4294967296.000000
   28 	 -0.500000 	 3908420239.364999 	 4294967296.000000
   29 	 -0.500000 	 3951369912.360000 	 4294967296.000000
   30 	 -0.500000 	 3908420239.378333 	 4294967296.000000
   31 	 0.333333 	 4123168604.183333 	 4294967296.000000
   32 	 -1.000000 	 3951369912.325000 	 4294967296.000000
   33 	 -1.000000 	 3994319585.273334 	 4294967296.000000
   34 	 -0.500000 	 4037269258.248333 	 4294967296.000000
   35 	 -1.000000 	 4252017623.030000 	 4294967296.000000
   36 	 0.500000 	 4252017623.045000 	 4294967296.000000
   37 	 0.500000 	 4166118277.145000 	 4294967296.000000
   38 	 -1.000000 	 4209067950.080000 	 4294967296.000000
   39 	 -1.000000 	 4166118277.100000 	 4294967296.000000
   40 	 -1.000000 	 4166118277.117500 	 4294967296.000000
   41 	 -1.000000 	 4166118277.108333 	 4294967296.000000
   42 	 -1.000000 	 4166118277.105000 	 4294967296.000000
   43 	 -1.000000 	 4166118277.117500 	 4294967296.000000
   44 	 -1.000000 	 4166118277.115000 	 4294967296.000000
   45 	 -0.250000 	 4209067950.087500 	 4294967296.000000
   46 	 1.000000 	 4209067950.100000 	 4294967296.000000
   47 	 -1.000000 	 3994319585.316667 	 4294967296.000000
   48 	 -0.500000 	 4123168604.185000 	 4294967296.000000
   49 	 0.333333 	 4209067950.093333 	 4294967296.000000
   50 	 -1.000000 	 4123168604.140000 	 4294967296.000000
   51 	 -1.000000 	 4209067950.067500 	 4294967296.000000
   52 	 -1.000000 	 4123168604.127500 	 4294967296.000000
   53 	 -0.500000 	 4252017623.035000 	 4294967296.000000
   54 	 4294967296.000000 	 4294967296.000000 	 4294967296.000000
   55 	 -1.000000 	 4252017623.030000 	 4294967296.000000
   56 	 0.333333 	 4252017623.043333 	 4294967296.000000
   57 	 -1.000000 	 4123168604.120000 	 4294967296.000000
   58 	 1.000000 	 4252017623.050000 	 4294967296.000000
   59 	 -1.000000 	 4123168604.145000 	 4294967296.000000
   60 	 -1.000000 	 4166118277.125000 	 4294967296.000000
   61 	 1.000000 	 4166118277.150000 	 4294967296.000000
   62 	 0.250000 	 4166118277.142500 	 4294967296.000000
   63 	 -1.000000 	 4080218931.210000 	 4294967296.000000
   64 	 -1.000000 	 4209067950.080000 	 4294967296.000000
   65 	 -1.000000 	 4166118277.110000 	 4294967296.000000
   66 	 -1.000000 	 4123168604.147500 	 4294967296.000000
   67 	 4294967296.000000 	 4294967296.000000 	 4294967296.000000
   68 	 -1.000000 	 4080218931.203333 	 4294967296.000000
   69 	 -0.500000 	 4252017623.035000 	 4294967296.000000
   70 	 1.000000 	 4252017623.050000 	 4294967296.000000
   71 	 -0.500000 	 4252017623.035000 	 4294967296.000000
   72 	 -0.500000 	 4166118277.120000 	 4294967296.000000
   73 	 0.333333 	 4209067950.093334 	 4294967296.000000
   74 	 -1.000000 	 4252017623.030000 	 4294967296.000000
   75 	 -0.500000 	 4123168604.162500 	 4294967296.000000
   76 	 -0.500000 	 4209067950.080000 	 4294967296.000000
   77 	 4294967296.000000 	 4294967296.000000 	 4294967296.000000
   78 	 4294967296.000000 	 4294967296.000000 	 4294967296.000000
   79 	 -1.000000 	 4209067950.067500 	 4294967296.000000
   80 	 1.000000 	 4209067950.100000 	 4294967296.000000
   81 	 -0.250000 	 4166118277.112500 	 4294967296.000000
   82 	 0.250000 	 4166118277.142500 	 4294967296.000000
   83 	 -0.250000 	 4166118277.137500 	 4294967296.000000
   84 	 -1.000000 	 4166118277.110000 	 4294967296.000000
   85 	 -1.000000 	 4166118277.123333 	 4294967296.000000
   86 	 -1.000000 	 4166118277.130000 	 4294967296.000000
   87 	 0.500000 	 4209067950.090000 	 4294967296.000000
   88 	 0.250000 	 4080218931.235833 	 4294967296.000000
   89 	 -1.000000 	 3994319585.253000 	 4294967296.000000
   90 	 0.333333 	 4166118277.136666 	 4294967296.000000
   91 	 -1.000000 	 4166118277.102500 	 4294967296.000000
   92 	 -1.000000 	 4252017623.030000 	 4294967296.000000
   93 	 4294967296.000000 	 4294967296.000000 	 4294967296.000000
   94 	 -0.500000 	 4166118277.123333 	 4294967296.000000
   95 	 -0.500000 	 4209067950.085000 	 4294967296.000000
   96 	 -1.000000 	 4166118277.110000 	 4294967296.000000
   97 	 -0.250000 	 4209067950.087500 	 4294967296.000000
   98 	 4294967296.000000 	 4294967296.000000 	 4294967296.000000
   99 	 1.000000 	 4252017623.050000 	 4294967296.000000
 