   0 	 -14.000000 	 0.390000 	 16.000000
    1 	 -1.000000 	 8.000000 	 18.000000
    2 	 -3.000000 	 8.840000 	 18.000000
    3 	 2.000000 	 10.000000 	 18.000000
    4 	 4.000000 	 11.190000 	 19.000000
    5 	 2.000000 	 11.940000 	 20.000000
    6 	 3.000000 	 12.730000 	 20.000000
    7 	 5.000000 	 12.980000 	 21.000000
    8 	 5.000000 	 13.260000 	 20.000000
    9 	 5.000000 	 14.540000 	 20.000000
   10 	 4.000000 	 15.740000 	 21.000000
   11 	 7.000000 	 16.400000 	 21.000000
   12 	 9.000000 	 16.710000 	 21.000000
   13 	 10.000000 	 17.340000 	 22.000000
   14 	 12.000000 	 17.640000 	 22.000000
   15 	 12.000000 	 17.930000 	 22.000000
   16 	 14.000000 	 18.110000 	 22.000000
   17 	 11.000000 	 18.190000 	 22.000000
   18 	 14.000000 	 18.890000 	 22.000000
   19 	 13.000000 	 19.030000 	 22.000000
   20 	 13.000000 	 19.340000 	 22.000000
   21 	 13.000000 	 19.420000 	 23.000000
   22 	 13.000000 	 19.520000 	 23.000000
   23 	 14.000000 	 19.750000 	 22.000000
   24 	 14.000000 	 19.810000 	 23.000000
   25 	 15.000000 	 19.740000 	 23.000000
   26 	 13.000000 	 19.370000 	 22.000000
   27 	 15.000000 	 19.880000 	 22.000000
   28 	 15.000000 	 19.940000 	 22.000000
   29 	 16.000000 	 20.040000 	 22.000000
   30 	 16.000000 	 20.050000 	 22.000000
   31 	 16.000000 	 20.070000 	 22.000000
   32 	 16.000000 	 20.110000 	 22.000000
   33 	 17.000000 	 20.190000 	 22.000000
   34 	 16.000000 	 20.090000 	 23.000000
   35 	 15.000000 	 20.080000 	 22.000000
   36 	 15.000000 	 20.140000 	 23.000000
   37 	 16.000000 	 20.470000 	 23.000000
   38 	 16.000000 	 20.620000 	 23.000000
   39 	 17.000000 	 20.780000 	 24.000000
   40 	 16.000000 	 20.730000 	 24.000000
   41 	 16.000000 	 20.820000 	 24.000000
   42 	 16.000000 	 20.960000 	 24.000000
   43 	 16.000000 	 20.810000 	 25.000000
   44 	 16.000000 	 20.620000 	 24.000000
   45 	 16.000000 	 20.780000 	 24.000000
   46 	 17.000000 	 20.790000 	 23.000000
   47 	 16.000000 	 20.870000 	 23.000000
   48 	 14.000000 	 20.770000 	 23.000000
   49 	 16.000000 	 20.850000 	 23.000000
   50 	 17.000000 	 21.080000 	 23.000000
   51 	 17.000000 	 21.190000 	 24.000000
   52 	 19.000000 	 21.090000 	 23.000000
   53 	 19.000000 	 21.180000 	 23.000000
   54 	 17.000000 	 21.090000 	 23.000000
   55 	 19.000000 	 21.150000 	 23.000000
   56 	 16.000000 	 21.320000 	 23.000000
   57 	 16.000000 	 21.470000 	 23.000000
   58 	 17.000000 	 21.530000 	 23.000000
   59 	 18.000000 	 21.470000 	 23.000000
   60 	 16.000000 	 21.560000 	 23.000000
   61 	 16.000000 	 21.490000 	 23.000000
   62 	 16.000000 	 21.640000 	 23.000000
   63 	 16.000000 	 21.620000 	 23.000000
   64 	 16.000000 	 21.680000 	 23.000000
   65 	 16.000000 	 21.740000 	 23.000000
   66 	 17.000000 	 21.700000 	 23.000000
   67 	 16.000000 	 21.650000 	 23.000000
   68 	 20.000000 	 21.830000 	 23.000000
   69 	 20.000000 	 22.040000 	 23.000000
   70 	 20.000000 	 21.990000 	 23.000000
   71 	 17.000000 	 21.820000 	 23.000000
   72 	 19.000000 	 21.750000 	 23.000000
   73 	 18.000000 	 21.610000 	 23.000000
   74 	 18.000000 	 21.610000 	 23.000000
   75 	 18.000000 	 21.520000 	 23.000000
   76 	 18.000000 	 21.560000 	 23.000000
   77 	 16.000000 	 21.460000 	 23.000000
   78 	 16.000000 	 21.410000 	 23.000000
   79 	 16.000000 	 21.690000 	 23.000000
   80 	 11.000000 	 21.710000 	 23.000000
   81 	 14.000000 	 21.350000 	 23.000000
   82 	 18.000000 	 21.340000 	 23.000000
   83 	 18.000000 	 21.190000 	 23.000000
   84 	 13.000000 	 20.890000 	 23.000000
   85 	 17.000000 	 20.910000 	 23.000000
   86 	 14.000000 	 20.790000 	 23.000000
   87 	 14.000000 	 20.750000 	 23.000000
   88 	 15.000000 	 20.860000 	 23.000000
   89 	 17.000000 	 21.150000 	 23.000000
   90 	 18.000000 	 21.130000 	 23.000000
   91 	 16.000000 	 21.150000 	 23.000000
   92 	 16.000000 	 21.190000 	 23.000000
   93 	 17.000000 	 21.250000 	 23.000000
   94 	 17.000000 	 21.310000 	 23.000000
   95 	 18.000000 	 21.380000 	 23.000000
   96 	 14.000000 	 21.330000 	 23.000000
   97 	 19.000000 	 21.530000 	 23.000000
   98 	 18.000000 	 21.640000 	 23.000000
   99 	 16.000000 	 21.540000 	 23.000000
 