   0 	 -12.000000 	 0.660000 	 14.000000
    1 	 0.000000 	 7.670000 	 19.000000
    2 	 -2.000000 	 10.150000 	 18.000000
    3 	 4.000000 	 11.790000 	 18.000000
    4 	 7.000000 	 13.280000 	 19.000000
    5 	 5.000000 	 13.230000 	 19.000000
    6 	 9.000000 	 13.700000 	 19.000000
    7 	 7.000000 	 14.190000 	 20.000000
    8 	 10.000000 	 14.660000 	 21.000000
    9 	 8.000000 	 15.090000 	 20.000000
   10 	 10.000000 	 15.250000 	 20.000000
   11 	 11.000000 	 15.430000 	 19.000000
   12 	 8.000000 	 15.850000 	 19.000000
   13 	 9.000000 	 15.890000 	 20.000000
   14 	 8.000000 	 16.060000 	 20.000000
   15 	 8.000000 	 16.180000 	 20.000000
   16 	 9.000000 	 16.240000 	 20.000000
   17 	 7.000000 	 16.660000 	 21.000000
   18 	 9.000000 	 17.060000 	 21.000000
   19 	 12.000000 	 17.580000 	 21.000000
   20 	 12.000000 	 18.310000 	 21.000000
   21 	 12.000000 	 18.390000 	 21.000000
   22 	 12.000000 	 18.400000 	 21.000000
   23 	 12.000000 	 18.560000 	 21.000000
   24 	 12.000000 	 18.620000 	 21.000000
   25 	 11.000000 	 18.720000 	 21.000000
   26 	 11.000000 	 18.850000 	 21.000000
   27 	 12.000000 	 18.930000 	 21.000000
   28 	 12.000000 	 18.830000 	 21.000000
   29 	 12.000000 	 18.870000 	 21.000000
   30 	 13.000000 	 18.880000 	 21.000000
   31 	 12.000000 	 18.960000 	 22.000000
   32 	 15.000000 	 18.940000 	 22.000000
   33 	 15.000000 	 19.040000 	 22.000000
   34 	 15.000000 	 19.250000 	 22.000000
   35 	 15.000000 	 19.300000 	 22.000000
   36 	 16.000000 	 19.570000 	 22.000000
   37 	 12.000000 	 19.560000 	 22.000000
   38 	 15.000000 	 19.620000 	 22.000000
   39 	 15.000000 	 19.490000 	 22.000000
   40 	 16.000000 	 19.710000 	 22.000000
   41 	 14.000000 	 19.800000 	 22.000000
   42 	 16.000000 	 20.000000 	 22.000000
   43 	 16.000000 	 19.880000 	 22.000000
   44 	 16.000000 	 19.820000 	 22.000000
   45 	 15.000000 	 19.930000 	 22.000000
   46 	 16.000000 	 20.010000 	 22.000000
   47 	 14.000000 	 19.880000 	 22.000000
   48 	 16.000000 	 19.890000 	 22.000000
   49 	 17.000000 	 19.980000 	 23.000000
   50 	 16.000000 	 19.930000 	 22.000000
   51 	 17.000000 	 20.160000 	 22.000000
   52 	 16.000000 	 20.010000 	 22.000000
   53 	 16.000000 	 20.020000 	 22.000000
   54 	 15.000000 	 19.870000 	 22.000000
   55 	 15.000000 	 19.980000 	 22.000000
   56 	 12.000000 	 19.750000 	 22.000000
   57 	 14.000000 	 19.880000 	 22.000000
   58 	 14.000000 	 19.970000 	 22.000000
   59 	 12.000000 	 20.060000 	 22.000000
   60 	 12.000000 	 20.230000 	 22.000000
   61 	 12.000000 	 20.100000 	 22.000000
   62 	 16.000000 	 20.160000 	 22.000000
   63 	 16.000000 	 20.240000 	 22.000000
   64 	 17.000000 	 20.250000 	 22.000000
   65 	 16.000000 	 20.150000 	 22.000000
   66 	 16.000000 	 20.330000 	 22.000000
   67 	 15.000000 	 20.320000 	 22.000000
   68 	 15.000000 	 20.200000 	 22.000000
   69 	 15.000000 	 20.230000 	 22.000000
   70 	 15.000000 	 20.240000 	 22.000000
   71 	 14.000000 	 20.300000 	 22.000000
   72 	 15.000000 	 20.240000 	 22.000000
   73 	 15.000000 	 20.220000 	 22.000000
   74 	 12.000000 	 20.100000 	 22.000000
   75 	 13.000000 	 20.260000 	 22.000000
   76 	 15.000000 	 20.480000 	 22.000000
   77 	 17.000000 	 20.700000 	 22.000000
   78 	 17.000000 	 20.740000 	 22.000000
   79 	 19.000000 	 20.670000 	 22.000000
   80 	 18.000000 	 20.710000 	 22.000000
   81 	 16.000000 	 20.570000 	 22.000000
   82 	 16.000000 	 20.530000 	 22.000000
   83 	 16.000000 	 20.480000 	 22.000000
   84 	 16.000000 	 20.550000 	 22.000000
   85 	 16.000000 	 20.370000 	 22.000000
   86 	 16.000000 	 20.370000 	 22.000000
   87 	 16.000000 	 20.370000 	 21.000000
   88 	 16.000000 	 20.560000 	 21.000000
   89 	 16.000000 	 20.640000 	 21.000000
   90 	 18.000000 	 20.720000 	 21.000000
   91 	 16.000000 	 20.660000 	 21.000000
   92 	 16.000000 	 20.530000 	 21.000000
   93 	 14.000000 	 20.510000 	 21.000000
   94 	 14.000000 	 20.480000 	 21.000000
   95 	 14.000000 	 20.570000 	 21.000000
   96 	 14.000000 	 20.490000 	 21.000000
   97 	 14.000000 	 20.580000 	 21.000000
   98 	 14.000000 	 20.730000 	 21.000000
   99 	 14.000000 	 20.720000 	 21.000000
 