   0 	 -15.000000 	 0.120000 	 13.000000
    1 	 3.000000 	 9.790000 	 14.000000
    2 	 2.000000 	 10.150000 	 18.000000
    3 	 1.000000 	 10.840000 	 18.000000
    4 	 5.000000 	 12.360000 	 20.000000
    5 	 5.000000 	 13.110000 	 23.000000
    6 	 3.000000 	 14.350000 	 23.000000
    7 	 7.000000 	 15.570000 	 23.000000
    8 	 7.000000 	 16.280000 	 23.000000
    9 	 7.000000 	 16.700000 	 23.000000
   10 	 10.000000 	 17.620000 	 23.000000
   11 	 10.000000 	 17.930000 	 23.000000
   12 	 11.000000 	 18.410000 	 23.000000
   13 	 11.000000 	 18.700000 	 23.000000
   14 	 9.000000 	 19.190000 	 23.000000
   15 	 12.000000 	 19.670000 	 23.000000
   16 	 12.000000 	 20.140000 	 23.000000
   17 	 12.000000 	 20.350000 	 23.000000
   18 	 14.000000 	 20.820000 	 23.000000
   19 	 15.000000 	 20.980000 	 23.000000
   20 	 15.000000 	 20.830000 	 23.000000
   21 	 15.000000 	 20.850000 	 23.000000
   22 	 15.000000 	 20.850000 	 23.000000
   23 	 16.000000 	 20.660000 	 23.000000
   24 	 16.000000 	 20.850000 	 23.000000
   25 	 15.000000 	 20.740000 	 23.000000
   26 	 15.000000 	 20.980000 	 23.000000
   27 	 15.000000 	 21.170000 	 23.000000
   28 	 16.000000 	 21.430000 	 23.000000
   29 	 18.000000 	 21.560000 	 23.000000
   30 	 17.000000 	 21.380000 	 23.000000
   31 	 14.000000 	 21.310000 	 23.000000
   32 	 14.000000 	 21.500000 	 23.000000
   33 	 15.000000 	 21.670000 	 23.000000
   34 	 15.000000 	 21.770000 	 23.000000
   35 	 17.000000 	 21.910000 	 23.000000
   36 	 18.000000 	 21.910000 	 23.000000
   37 	 17.000000 	 21.980000 	 23.000000
   38 	 18.000000 	 22.160000 	 23.000000
   39 	 18.000000 	 22.190000 	 23.000000
   40 	 18.000000 	 22.220000 	 23.000000
   41 	 17.000000 	 22.250000 	 23.000000
   42 	 17.000000 	 22.210000 	 23.000000
   43 	 17.000000 	 22.280000 	 23.000000
   44 	 17.000000 	 22.260000 	 23.000000
   45 	 19.000000 	 22.320000 	 23.000000
   46 	 19.000000 	 22.220000 	 23.000000
   47 	 18.000000 	 22.110000 	 23.000000
   48 	 18.000000 	 22.170000 	 23.000000
   49 	 15.000000 	 22.170000 	 23.000000
   50 	 16.000000 	 21.980000 	 23.000000
   51 	 16.000000 	 21.990000 	 23.000000
   52 	 16.000000 	 21.740000 	 23.000000
   53 	 16.000000 	 21.570000 	 23.000000
   54 	 16.000000 	 21.750000 	 23.000000
   55 	 14.000000 	 21.640000 	 23.000000
   56 	 16.000000 	 21.770000 	 23.000000
   57 	 15.000000 	 21.710000 	 23.000000
   58 	 15.000000 	 21.370000 	 23.000000
   59 	 16.000000 	 21.540000 	 23.000000
   60 	 16.000000 	 21.760000 	 23.000000
   61 	 17.000000 	 21.690000 	 23.000000
   62 	 16.000000 	 21.600000 	 23.000000
   63 	 17.000000 	 21.720000 	 23.000000
   64 	 15.000000 	 21.580000 	 23.000000
   65 	 15.000000 	 21.530000 	 23.000000
   66 	 17.000000 	 21.620000 	 23.000000
   67 	 17.000000 	 21.700000 	 23.000000
   68 	 17.000000 	 21.600000 	 23.000000
   69 	 17.000000 	 21.530000 	 23.000000
   70 	 17.000000 	 21.420000 	 23.000000
   71 	 14.000000 	 21.100000 	 23.000000
   72 	 17.000000 	 21.400000 	 23.000000
   73 	 16.000000 	 21.350000 	 23.000000
   74 	 18.000000 	 21.370000 	 23.000000
   75 	 16.000000 	 21.480000 	 23.000000
   76 	 17.000000 	 21.350000 	 23.000000
   77 	 17.000000 	 21.320000 	 23.000000
   78 	 16.000000 	 21.290000 	 23.000000
   79 	 16.000000 	 21.480000 	 23.000000
   80 	 17.000000 	 21.290000 	 23.000000
   81 	 17.000000 	 21.320000 	 23.000000
   82 	 17.000000 	 21.310000 	 23.000000
   83 	 17.000000 	 21.230000 	 23.000000
   84 	 16.000000 	 21.240000 	 23.000000
   85 	 16.000000 	 21.100000 	 23.000000
   86 	 16.000000 	 21.530000 	 23.000000
   87 	 16.000000 	 21.460000 	 23.000000
   88 	 16.000000 	 21.660000 	 23.000000
   89 	 17.000000 	 21.790000 	 23.000000
   90 	 17.000000 	 22.010000 	 23.000000
   91 	 18.000000 	 21.930000 	 23.000000
   92 	 18.000000 	 21.830000 	 23.000000
   93 	 18.000000 	 21.870000 	 23.000000
   94 	 18.000000 	 22.110000 	 23.000000
   95 	 16.000000 	 22.000000 	 23.000000
   96 	 17.000000 	 21.890000 	 23.000000
   97 	 17.000000 	 21.970000 	 23.000000
   98 	 17.000000 	 21.740000 	 23.000000
   99 	 17.000000 	 21.930000 	 23.000000
 