   0 	 -18.000000 	 0.000000 	 19.000000
    1 	 0.000000 	 0.090000 	 3.000000
    2 	 -1.000000 	 1.800000 	 5.000000
    3 	 0.000000 	 2.490000 	 5.000000
    4 	 1.000000 	 3.050000 	 5.000000
    5 	 1.000000 	 3.460000 	 9.000000
    6 	 2.000000 	 3.740000 	 9.000000
    7 	 1.000000 	 3.910000 	 6.000000
    8 	 2.000000 	 4.320000 	 7.000000
    9 	 2.000000 	 4.520000 	 7.000000
   10 	 2.000000 	 4.770000 	 7.000000
   11 	 2.000000 	 5.100000 	 10.000000
   12 	 3.000000 	 5.370000 	 10.000000
   13 	 3.000000 	 5.560000 	 10.000000
   14 	 2.000000 	 5.770000 	 11.000000
   15 	 2.000000 	 6.220000 	 12.000000
   16 	 3.000000 	 7.010000 	 12.000000
   17 	 3.000000 	 7.840000 	 13.000000
   18 	 3.000000 	 8.660000 	 13.000000
   19 	 5.000000 	 9.380000 	 13.000000
   20 	 5.000000 	 9.480000 	 13.000000
   21 	 3.000000 	 9.850000 	 13.000000
   22 	 4.000000 	 10.580000 	 15.000000
   23 	 7.000000 	 10.970000 	 14.000000
   24 	 7.000000 	 11.150000 	 14.000000
   25 	 9.000000 	 11.360000 	 15.000000
   26 	 9.000000 	 11.640000 	 15.000000
   27 	 9.000000 	 11.710000 	 15.000000
   28 	 9.000000 	 12.010000 	 15.000000
   29 	 8.000000 	 12.140000 	 15.000000
   30 	 8.000000 	 12.300000 	 15.000000
   31 	 10.000000 	 12.280000 	 15.000000
   32 	 7.000000 	 12.180000 	 15.000000
   33 	 11.000000 	 12.380000 	 15.000000
   34 	 10.000000 	 12.280000 	 15.000000
   35 	 11.000000 	 12.490000 	 15.000000
   36 	 10.000000 	 12.450000 	 15.000000
   37 	 10.000000 	 12.610000 	 15.000000
   38 	 11.000000 	 12.780000 	 17.000000
   39 	 8.000000 	 12.750000 	 17.000000
   40 	 10.000000 	 12.850000 	 17.000000
   41 	 11.000000 	 13.030000 	 17.000000
   42 	 11.000000 	 12.870000 	 17.000000
   43 	 11.000000 	 13.260000 	 15.000000
   44 	 11.000000 	 13.540000 	 17.000000
   45 	 11.000000 	 13.530000 	 16.000000
   46 	 11.000000 	 13.680000 	 17.000000
   47 	 10.000000 	 13.590000 	 17.000000
   48 	 10.000000 	 13.630000 	 17.000000
   49 	 11.000000 	 13.670000 	 17.000000
   50 	 9.000000 	 13.710000 	 17.000000
   51 	 10.000000 	 13.700000 	 17.000000
   52 	 9.000000 	 13.680000 	 18.000000
   53 	 9.000000 	 13.760000 	 18.000000
   54 	 9.000000 	 13.800000 	 20.000000
   55 	 8.000000 	 14.130000 	 20.000000
   56 	 8.000000 	 14.340000 	 20.000000
   57 	 9.000000 	 14.920000 	 20.000000
   58 	 11.000000 	 14.930000 	 21.000000
   59 	 11.000000 	 14.960000 	 20.000000
   60 	 12.000000 	 15.270000 	 21.000000
   61 	 12.000000 	 15.410000 	 22.000000
   62 	 8.000000 	 15.860000 	 21.000000
   63 	 10.000000 	 16.160000 	 21.000000
   64 	 10.000000 	 16.730000 	 21.000000
   65 	 12.000000 	 17.380000 	 21.000000
   66 	 10.000000 	 17.350000 	 22.000000
   67 	 9.000000 	 17.930000 	 22.000000
   68 	 12.000000 	 18.130000 	 21.000000
   69 	 11.000000 	 18.350000 	 21.000000
   70 	 11.000000 	 19.110000 	 22.000000
   71 	 15.000000 	 19.430000 	 22.000000
   72 	 15.000000 	 19.730000 	 22.000000
   73 	 15.000000 	 19.660000 	 22.000000
   74 	 15.000000 	 19.790000 	 21.000000
   75 	 16.000000 	 19.910000 	 21.000000
   76 	 16.000000 	 20.040000 	 21.000000
   77 	 15.000000 	 19.860000 	 21.000000
   78 	 16.000000 	 19.940000 	 21.000000
   79 	 16.000000 	 19.820000 	 21.000000
   80 	 17.000000 	 19.810000 	 21.000000
   81 	 16.000000 	 19.770000 	 21.000000
   82 	 18.000000 	 19.760000 	 21.000000
   83 	 15.000000 	 19.740000 	 21.000000
   84 	 16.000000 	 19.820000 	 21.000000
   85 	 16.000000 	 19.860000 	 21.000000
   86 	 17.000000 	 19.880000 	 21.000000
   87 	 17.000000 	 19.900000 	 21.000000
   88 	 16.000000 	 19.970000 	 21.000000
   89 	 16.000000 	 19.970000 	 21.000000
   90 	 16.000000 	 19.970000 	 22.000000
   91 	 17.000000 	 19.980000 	 22.000000
   92 	 17.000000 	 20.060000 	 21.000000
   93 	 17.000000 	 20.070000 	 22.000000
   94 	 17.000000 	 19.930000 	 22.000000
   95 	 16.000000 	 19.900000 	 22.000000
   96 	 15.000000 	 19.900000 	 22.000000
   97 	 15.000000 	 19.780000 	 22.000000
   98 	 15.000000 	 19.820000 	 21.000000
   99 	 15.000000 	 19.860000 	 21.000000
 