   0 	 -16.000000 	 -0.070000 	 12.000000
    1 	 0.000000 	 0.030000 	 1.000000
    2 	 -2.000000 	 0.970000 	 2.000000
    3 	 0.000000 	 1.200000 	 3.000000
    4 	 0.000000 	 1.370000 	 3.000000
    5 	 -1.000000 	 1.680000 	 3.000000
    6 	 0.000000 	 1.960000 	 5.000000
    7 	 -3.000000 	 2.100000 	 7.000000
    8 	 -1.000000 	 2.550000 	 11.000000
    9 	 1.000000 	 3.200000 	 11.000000
   10 	 1.000000 	 4.670000 	 11.000000
   11 	 1.000000 	 6.850000 	 11.000000
   12 	 1.000000 	 8.300000 	 11.000000
   13 	 3.000000 	 9.210000 	 12.000000
   14 	 6.000000 	 9.760000 	 13.000000
   15 	 6.000000 	 10.200000 	 13.000000
   16 	 5.000000 	 10.210000 	 13.000000
   17 	 5.000000 	 10.410000 	 13.000000
   18 	 7.000000 	 10.630000 	 13.000000
   19 	 7.000000 	 10.770000 	 13.000000
   20 	 7.000000 	 10.830000 	 12.000000
   21 	 8.000000 	 11.000000 	 12.000000
   22 	 7.000000 	 11.040000 	 16.000000
   23 	 9.000000 	 11.020000 	 16.000000
   24 	 8.000000 	 10.980000 	 12.000000
   25 	 7.000000 	 11.000000 	 16.000000
   26 	 7.000000 	 11.030000 	 13.000000
   27 	 7.000000 	 11.080000 	 13.000000
   28 	 8.000000 	 11.100000 	 16.000000
   29 	 7.000000 	 11.210000 	 16.000000
   30 	 9.000000 	 11.270000 	 16.000000
   31 	 8.000000 	 11.180000 	 16.000000
   32 	 9.000000 	 11.330000 	 16.000000
   33 	 8.000000 	 11.340000 	 17.000000
   34 	 7.000000 	 11.510000 	 17.000000
   35 	 10.000000 	 11.880000 	 17.000000
   36 	 9.000000 	 11.970000 	 17.000000
   37 	 8.000000 	 12.030000 	 17.000000
   38 	 9.000000 	 12.390000 	 17.000000
   39 	 9.000000 	 12.800000 	 17.000000
   40 	 9.000000 	 13.230000 	 17.000000
   41 	 9.000000 	 14.010000 	 18.000000
   42 	 9.000000 	 14.590000 	 18.000000
   43 	 9.000000 	 14.980000 	 17.000000
   44 	 6.000000 	 15.280000 	 17.000000
   45 	 10.000000 	 15.180000 	 17.000000
   46 	 10.000000 	 15.550000 	 18.000000
   47 	 11.000000 	 15.710000 	 18.000000
   48 	 10.000000 	 15.880000 	 17.000000
   49 	 11.000000 	 15.780000 	 17.000000
   50 	 11.000000 	 15.690000 	 17.000000
   51 	 12.000000 	 15.780000 	 17.000000
   52 	 12.000000 	 15.800000 	 17.000000
   53 	 12.000000 	 16.130000 	 17.000000
   54 	 11.000000 	 16.190000 	 19.000000
   55 	 10.000000 	 16.340000 	 19.000000
   56 	 15.000000 	 16.490000 	 19.000000
   57 	 12.000000 	 16.390000 	 19.000000
   58 	 12.000000 	 16.020000 	 18.000000
   59 	 10.000000 	 16.170000 	 18.000000
   60 	 12.000000 	 16.170000 	 18.000000
   61 	 11.000000 	 16.140000 	 18.000000
   62 	 7.000000 	 15.910000 	 19.000000
   63 	 11.000000 	 16.100000 	 18.000000
   64 	 10.000000 	 16.010000 	 18.000000
   65 	 12.000000 	 16.290000 	 19.000000
   66 	 12.000000 	 16.380000 	 19.000000
   67 	 12.000000 	 16.400000 	 20.000000
   68 	 13.000000 	 16.500000 	 19.000000
   69 	 11.000000 	 16.500000 	 19.000000
   70 	 11.000000 	 16.530000 	 19.000000
   71 	 11.000000 	 16.480000 	 19.000000
   72 	 11.000000 	 16.500000 	 19.000000
   73 	 11.000000 	 16.620000 	 19.000000
   74 	 11.000000 	 16.530000 	 19.000000
   75 	 11.000000 	 16.470000 	 18.000000
   76 	 11.000000 	 16.520000 	 18.000000
   77 	 12.000000 	 16.600000 	 18.000000
   78 	 15.000000 	 16.630000 	 18.000000
   79 	 15.000000 	 16.730000 	 18.000000
   80 	 13.000000 	 16.670000 	 18.000000
   81 	 13.000000 	 16.620000 	 18.000000
   82 	 13.000000 	 16.640000 	 18.000000
   83 	 13.000000 	 16.930000 	 18.000000
   84 	 13.000000 	 16.890000 	 18.000000
   85 	 12.000000 	 16.930000 	 18.000000
   86 	 15.000000 	 17.090000 	 19.000000
   87 	 15.000000 	 17.250000 	 19.000000
   88 	 14.000000 	 17.320000 	 19.000000
   89 	 14.000000 	 17.370000 	 18.000000
   90 	 15.000000 	 17.420000 	 18.000000
   91 	 14.000000 	 17.520000 	 18.000000
   92 	 15.000000 	 17.450000 	 18.000000
   93 	 15.000000 	 17.280000 	 18.000000
   94 	 14.000000 	 17.260000 	 19.000000
   95 	 14.000000 	 17.280000 	 20.000000
   96 	 13.000000 	 17.240000 	 20.000000
   97 	 15.000000 	 17.290000 	 19.000000
   98 	 13.000000 	 17.190000 	 20.000000
   99 	 13.000000 	 17.340000 	 20.000000
 