   0 	 -15.000000 	 0.730000 	 15.000000
    1 	 -1.000000 	 9.080000 	 15.000000
    2 	 0.000000 	 10.910000 	 17.000000
    3 	 2.000000 	 11.680000 	 18.000000
    4 	 5.000000 	 12.610000 	 19.000000
    5 	 7.000000 	 13.410000 	 20.000000
    6 	 8.000000 	 14.220000 	 20.000000
    7 	 9.000000 	 14.780000 	 20.000000
    8 	 11.000000 	 15.180000 	 18.000000
    9 	 11.000000 	 15.580000 	 20.000000
   10 	 11.000000 	 16.150000 	 20.000000
   11 	 13.000000 	 16.570000 	 21.000000
   12 	 12.000000 	 17.030000 	 21.000000
   13 	 12.000000 	 17.190000 	 22.000000
   14 	 12.000000 	 17.620000 	 22.000000
   15 	 13.000000 	 18.050000 	 23.000000
   16 	 14.000000 	 18.660000 	 23.000000
   17 	 15.000000 	 19.060000 	 23.000000
   18 	 14.000000 	 19.220000 	 23.000000
   19 	 15.000000 	 19.490000 	 23.000000
   20 	 15.000000 	 19.650000 	 24.000000
   21 	 15.000000 	 19.810000 	 24.000000
   22 	 14.000000 	 20.130000 	 24.000000
   23 	 14.000000 	 20.310000 	 24.000000
   24 	 13.000000 	 20.280000 	 23.000000
   25 	 16.000000 	 20.350000 	 23.000000
   26 	 16.000000 	 20.490000 	 23.000000
   27 	 16.000000 	 20.670000 	 24.000000
   28 	 16.000000 	 20.810000 	 24.000000
   29 	 15.000000 	 20.980000 	 24.000000
   30 	 13.000000 	 20.920000 	 24.000000
   31 	 13.000000 	 20.990000 	 24.000000
   32 	 13.000000 	 21.030000 	 23.000000
   33 	 18.000000 	 21.030000 	 23.000000
   34 	 17.000000 	 20.800000 	 23.000000
   35 	 17.000000 	 20.830000 	 23.000000
   36 	 17.000000 	 20.720000 	 23.000000
   37 	 15.000000 	 20.690000 	 23.000000
   38 	 16.000000 	 20.790000 	 22.000000
   39 	 17.000000 	 20.850000 	 23.000000
   40 	 17.000000 	 20.890000 	 23.000000
   41 	 17.000000 	 20.940000 	 23.000000
   42 	 18.000000 	 20.890000 	 22.000000
   43 	 17.000000 	 20.830000 	 23.000000
   44 	 16.000000 	 20.920000 	 23.000000
   45 	 17.000000 	 20.970000 	 23.000000
   46 	 16.000000 	 20.870000 	 23.000000
   47 	 15.000000 	 20.760000 	 23.000000
   48 	 15.000000 	 20.650000 	 23.000000
   49 	 15.000000 	 20.550000 	 23.000000
   50 	 15.000000 	 20.740000 	 24.000000
   51 	 14.000000 	 20.850000 	 24.000000
   52 	 16.000000 	 20.590000 	 24.000000
   53 	 16.000000 	 20.690000 	 24.000000
   54 	 16.000000 	 20.800000 	 24.000000
   55 	 16.000000 	 20.880000 	 24.000000
   56 	 14.000000 	 20.970000 	 24.000000
   57 	 14.000000 	 21.130000 	 24.000000
   58 	 16.000000 	 21.310000 	 24.000000
   59 	 17.000000 	 21.260000 	 24.000000
   60 	 17.000000 	 21.280000 	 24.000000
   61 	 16.000000 	 21.530000 	 24.000000
   62 	 16.000000 	 21.420000 	 24.000000
   63 	 16.000000 	 21.330000 	 24.000000
   64 	 16.000000 	 21.430000 	 24.000000
   65 	 16.000000 	 21.600000 	 24.000000
   66 	 16.000000 	 21.730000 	 24.000000
   67 	 17.000000 	 21.910000 	 24.000000
   68 	 16.000000 	 21.820000 	 24.000000
   69 	 16.000000 	 21.720000 	 24.000000
   70 	 16.000000 	 21.930000 	 24.000000
   71 	 18.000000 	 21.910000 	 24.000000
   72 	 17.000000 	 22.050000 	 24.000000
   73 	 17.000000 	 22.040000 	 24.000000
   74 	 17.000000 	 22.100000 	 24.000000
   75 	 17.000000 	 21.910000 	 24.000000
   76 	 17.000000 	 22.020000 	 24.000000
   77 	 17.000000 	 22.120000 	 24.000000
   78 	 16.000000 	 22.110000 	 24.000000
   79 	 17.000000 	 22.180000 	 24.000000
   80 	 19.000000 	 22.000000 	 24.000000
   81 	 20.000000 	 22.010000 	 24.000000
   82 	 18.000000 	 22.170000 	 24.000000
   83 	 17.000000 	 22.260000 	 24.000000
   84 	 17.000000 	 22.170000 	 23.000000
   85 	 17.000000 	 22.170000 	 24.000000
   86 	 17.000000 	 21.970000 	 24.000000
   87 	 15.000000 	 21.950000 	 24.000000
   88 	 17.000000 	 22.000000 	 23.000000
   89 	 16.000000 	 21.890000 	 24.000000
   90 	 17.000000 	 21.790000 	 24.000000
   91 	 17.000000 	 21.880000 	 24.000000
   92 	 17.000000 	 21.920000 	 24.000000
   93 	 17.000000 	 22.160000 	 24.000000
   94 	 18.000000 	 22.300000 	 24.000000
   95 	 18.000000 	 22.230000 	 24.000000
   96 	 18.000000 	 22.190000 	 24.000000
   97 	 18.000000 	 22.230000 	 24.000000
   98 	 18.000000 	 22.390000 	 24.000000
   99 	 18.000000 	 22.260000 	 24.000000
 