   0 	 -13.000000 	 0.500000 	 15.000000
    1 	 -3.000000 	 8.840000 	 17.000000
    2 	 0.000000 	 10.040000 	 19.000000
    3 	 2.000000 	 11.390000 	 19.000000
    4 	 5.000000 	 12.130000 	 19.000000
    5 	 7.000000 	 13.170000 	 20.000000
    6 	 5.000000 	 13.370000 	 19.000000
    7 	 4.000000 	 13.650000 	 19.000000
    8 	 7.000000 	 15.290000 	 20.000000
    9 	 6.000000 	 15.700000 	 21.000000
   10 	 7.000000 	 15.990000 	 21.000000
   11 	 9.000000 	 16.390000 	 21.000000
   12 	 9.000000 	 16.770000 	 21.000000
   13 	 9.000000 	 16.900000 	 21.000000
   14 	 8.000000 	 16.980000 	 21.000000
   15 	 9.000000 	 17.330000 	 21.000000
   16 	 10.000000 	 17.770000 	 21.000000
   17 	 10.000000 	 17.810000 	 21.000000
   18 	 11.000000 	 18.180000 	 21.000000
   19 	 11.000000 	 18.270000 	 21.000000
   20 	 10.000000 	 18.230000 	 21.000000
   21 	 11.000000 	 18.500000 	 22.000000
   22 	 11.000000 	 18.540000 	 21.000000
   23 	 14.000000 	 18.640000 	 22.000000
   24 	 14.000000 	 18.700000 	 22.000000
   25 	 13.000000 	 18.860000 	 22.000000
   26 	 15.000000 	 18.800000 	 22.000000
   27 	 14.000000 	 19.010000 	 22.000000
   28 	 14.000000 	 18.880000 	 22.000000
   29 	 13.000000 	 19.080000 	 22.000000
   30 	 14.000000 	 19.210000 	 22.000000
   31 	 14.000000 	 19.250000 	 22.000000
   32 	 15.000000 	 19.450000 	 22.000000
   33 	 16.000000 	 19.510000 	 22.000000
   34 	 17.000000 	 19.710000 	 22.000000
   35 	 16.000000 	 19.800000 	 22.000000
   36 	 16.000000 	 19.710000 	 22.000000
   37 	 16.000000 	 19.780000 	 21.000000
   38 	 17.000000 	 19.850000 	 22.000000
   39 	 16.000000 	 19.660000 	 21.000000
   40 	 17.000000 	 20.020000 	 22.000000
   41 	 17.000000 	 20.050000 	 21.000000
   42 	 18.000000 	 20.100000 	 21.000000
   43 	 18.000000 	 20.190000 	 22.000000
   44 	 18.000000 	 20.090000 	 22.000000
   45 	 17.000000 	 20.170000 	 21.000000
   46 	 16.000000 	 20.150000 	 21.000000
   47 	 17.000000 	 20.110000 	 21.000000
   48 	 14.000000 	 20.060000 	 21.000000
   49 	 14.000000 	 20.000000 	 21.000000
   50 	 17.000000 	 20.100000 	 21.000000
   51 	 16.000000 	 20.010000 	 21.000000
   52 	 16.000000 	 20.030000 	 21.000000
   53 	 17.000000 	 20.200000 	 21.000000
   54 	 18.000000 	 20.240000 	 22.000000
   55 	 18.000000 	 20.220000 	 22.000000
   56 	 18.000000 	 20.340000 	 21.000000
   57 	 18.000000 	 20.340000 	 21.000000
   58 	 17.000000 	 20.310000 	 21.000000
   59 	 18.000000 	 20.450000 	 21.000000
   60 	 17.000000 	 20.490000 	 21.000000
   61 	 18.000000 	 20.560000 	 21.000000
   62 	 16.000000 	 20.570000 	 21.000000
   63 	 17.000000 	 20.610000 	 21.000000
   64 	 16.000000 	 20.560000 	 21.000000
   65 	 16.000000 	 20.590000 	 21.000000
   66 	 17.000000 	 20.620000 	 21.000000
   67 	 16.000000 	 20.560000 	 21.000000
   68 	 18.000000 	 20.540000 	 21.000000
   69 	 17.000000 	 20.550000 	 21.000000
   70 	 17.000000 	 20.530000 	 21.000000
   71 	 18.000000 	 20.610000 	 21.000000
   72 	 18.000000 	 20.620000 	 21.000000
   73 	 17.000000 	 20.630000 	 21.000000
   74 	 17.000000 	 20.610000 	 21.000000
   75 	 19.000000 	 20.670000 	 21.000000
   76 	 18.000000 	 20.580000 	 22.000000
   77 	 18.000000 	 20.480000 	 21.000000
   78 	 18.000000 	 20.630000 	 21.000000
   79 	 18.000000 	 20.530000 	 21.000000
   80 	 18.000000 	 20.530000 	 21.000000
   81 	 19.000000 	 20.550000 	 22.000000
   82 	 18.000000 	 20.410000 	 21.000000
   83 	 18.000000 	 20.410000 	 21.000000
   84 	 18.000000 	 20.490000 	 21.000000
   85 	 17.000000 	 20.470000 	 21.000000
   86 	 17.000000 	 20.440000 	 21.000000
   87 	 16.000000 	 20.500000 	 21.000000
   88 	 16.000000 	 20.410000 	 21.000000
   89 	 13.000000 	 20.440000 	 21.000000
   90 	 13.000000 	 20.260000 	 21.000000
   91 	 18.000000 	 20.400000 	 21.000000
   92 	 17.000000 	 20.420000 	 21.000000
   93 	 16.000000 	 20.250000 	 21.000000
   94 	 17.000000 	 20.340000 	 21.000000
   95 	 17.000000 	 20.440000 	 21.000000
   96 	 17.000000 	 20.570000 	 21.000000
   97 	 16.000000 	 20.580000 	 21.000000
   98 	 14.000000 	 20.480000 	 21.000000
   99 	 15.000000 	 20.410000 	 21.000000
 