   0 	 -14.000000 	 0.010000 	 12.000000
    1 	 9.000000 	 9.990000 	 10.000000
    2 	 9.000000 	 9.990000 	 10.000000
    3 	 9.000000 	 10.030000 	 13.000000
    4 	 9.000000 	 10.120000 	 13.000000
    5 	 6.000000 	 10.130000 	 13.000000
    6 	 5.000000 	 10.180000 	 13.000000
    7 	 6.000000 	 10.320000 	 13.000000
    8 	 6.000000 	 10.490000 	 13.000000
    9 	 6.000000 	 10.680000 	 13.000000
   10 	 9.000000 	 10.870000 	 14.000000
   11 	 6.000000 	 10.960000 	 13.000000
   12 	 6.000000 	 11.010000 	 13.000000
   13 	 6.000000 	 11.380000 	 13.000000
   14 	 6.000000 	 11.570000 	 13.000000
   15 	 6.000000 	 11.710000 	 14.000000
   16 	 6.000000 	 11.960000 	 14.000000
   17 	 6.000000 	 12.280000 	 15.000000
   18 	 6.000000 	 12.120000 	 15.000000
   19 	 4.000000 	 12.260000 	 15.000000
   20 	 4.000000 	 12.260000 	 15.000000
   21 	 6.000000 	 12.700000 	 16.000000
   22 	 9.000000 	 12.750000 	 16.000000
   23 	 9.000000 	 12.890000 	 16.000000
   24 	 9.000000 	 12.830000 	 15.000000
   25 	 9.000000 	 12.860000 	 15.000000
   26 	 8.000000 	 12.880000 	 15.000000
   27 	 7.000000 	 12.860000 	 15.000000
   28 	 7.000000 	 12.970000 	 16.000000
   29 	 11.000000 	 12.980000 	 15.000000
   30 	 9.000000 	 12.990000 	 15.000000
   31 	 10.000000 	 12.950000 	 15.000000
   32 	 9.000000 	 12.990000 	 15.000000
   33 	 9.000000 	 12.990000 	 15.000000
   34 	 10.000000 	 13.100000 	 15.000000
   35 	 10.000000 	 13.120000 	 15.000000
   36 	 8.000000 	 13.060000 	 15.000000
   37 	 8.000000 	 13.010000 	 15.000000
   38 	 12.000000 	 13.320000 	 15.000000
   39 	 9.000000 	 13.400000 	 16.000000
   40 	 9.000000 	 13.510000 	 16.000000
   41 	 12.000000 	 13.770000 	 16.000000
   42 	 12.000000 	 13.820000 	 16.000000
   43 	 12.000000 	 14.040000 	 16.000000
   44 	 10.000000 	 14.000000 	 17.000000
   45 	 10.000000 	 14.180000 	 17.000000
   46 	 10.000000 	 14.260000 	 17.000000
   47 	 10.000000 	 14.530000 	 17.000000
   48 	 9.000000 	 14.580000 	 17.000000
   49 	 9.000000 	 14.740000 	 17.000000
   50 	 13.000000 	 14.910000 	 17.000000
   51 	 11.000000 	 15.020000 	 18.000000
   52 	 11.000000 	 15.170000 	 18.000000
   53 	 11.000000 	 15.330000 	 18.000000
   54 	 10.000000 	 15.100000 	 18.000000
   55 	 10.000000 	 15.320000 	 18.000000
   56 	 10.000000 	 15.250000 	 18.000000
   57 	 11.000000 	 15.500000 	 18.000000
   58 	 12.000000 	 15.720000 	 18.000000
   59 	 13.000000 	 15.790000 	 18.000000
   60 	 12.000000 	 15.770000 	 18.000000
   61 	 12.000000 	 15.740000 	 18.000000
   62 	 12.000000 	 15.620000 	 18.000000
   63 	 12.000000 	 15.640000 	 19.000000
   64 	 10.000000 	 15.690000 	 18.000000
   65 	 10.000000 	 15.610000 	 18.000000
   66 	 12.000000 	 15.730000 	 18.000000
   67 	 12.000000 	 15.830000 	 19.000000
   68 	 12.000000 	 16.000000 	 19.000000
   69 	 10.000000 	 16.010000 	 19.000000
   70 	 12.000000 	 16.080000 	 19.000000
   71 	 12.000000 	 16.250000 	 19.000000
   72 	 12.000000 	 16.150000 	 19.000000
   73 	 12.000000 	 16.080000 	 20.000000
   74 	 12.000000 	 15.980000 	 20.000000
   75 	 12.000000 	 15.930000 	 20.000000
   76 	 12.000000 	 16.370000 	 20.000000
   77 	 15.000000 	 16.590000 	 20.000000
   78 	 15.000000 	 16.660000 	 20.000000
   79 	 14.000000 	 16.630000 	 19.000000
   80 	 14.000000 	 16.520000 	 20.000000
   81 	 12.000000 	 16.600000 	 20.000000
   82 	 12.000000 	 16.590000 	 20.000000
   83 	 11.000000 	 16.450000 	 20.000000
   84 	 11.000000 	 16.530000 	 20.000000
   85 	 12.000000 	 16.590000 	 20.000000
   86 	 14.000000 	 16.890000 	 20.000000
   87 	 12.000000 	 16.910000 	 20.000000
   88 	 15.000000 	 17.010000 	 20.000000
   89 	 13.000000 	 17.180000 	 20.000000
   90 	 12.000000 	 17.240000 	 21.000000
   91 	 15.000000 	 17.350000 	 20.000000
   92 	 11.000000 	 17.190000 	 21.000000
   93 	 15.000000 	 17.250000 	 20.000000
   94 	 13.000000 	 17.250000 	 21.000000
   95 	 13.000000 	 17.370000 	 20.000000
   96 	 13.000000 	 17.590000 	 21.000000
   97 	 16.000000 	 17.670000 	 21.000000
   98 	 16.000000 	 17.820000 	 21.000000
   99 	 13.000000 	 17.800000 	 21.000000
 