   0 	 -13.000000 	 -0.760000 	 12.000000
    1 	 6.000000 	 6.030000 	 9.000000
    2 	 2.000000 	 5.940000 	 6.000000
    3 	 2.000000 	 5.910000 	 6.000000
    4 	 2.000000 	 5.980000 	 7.000000
    5 	 2.000000 	 5.990000 	 9.000000
    6 	 2.000000 	 5.970000 	 10.000000
    7 	 3.000000 	 6.180000 	 10.000000
    8 	 3.000000 	 6.500000 	 10.000000
    9 	 4.000000 	 6.780000 	 10.000000
   10 	 4.000000 	 6.940000 	 13.000000
   11 	 4.000000 	 7.010000 	 13.000000
   12 	 4.000000 	 7.650000 	 13.000000
   13 	 4.000000 	 7.990000 	 13.000000
   14 	 2.000000 	 8.690000 	 13.000000
   15 	 2.000000 	 9.190000 	 13.000000
   16 	 5.000000 	 10.390000 	 13.000000
   17 	 6.000000 	 10.770000 	 13.000000
   18 	 6.000000 	 11.080000 	 14.000000
   19 	 6.000000 	 11.440000 	 14.000000
   20 	 6.000000 	 11.510000 	 14.000000
   21 	 6.000000 	 11.780000 	 14.000000
   22 	 7.000000 	 12.450000 	 14.000000
   23 	 9.000000 	 12.650000 	 15.000000
   24 	 9.000000 	 12.780000 	 14.000000
   25 	 11.000000 	 13.010000 	 17.000000
   26 	 11.000000 	 13.090000 	 17.000000
   27 	 11.000000 	 13.170000 	 18.000000
   28 	 10.000000 	 13.130000 	 17.000000
   29 	 11.000000 	 13.170000 	 17.000000
   30 	 9.000000 	 13.110000 	 17.000000
   31 	 9.000000 	 13.200000 	 18.000000
   32 	 9.000000 	 13.190000 	 18.000000
   33 	 9.000000 	 13.350000 	 18.000000
   34 	 10.000000 	 13.590000 	 18.000000
   35 	 9.000000 	 13.610000 	 18.000000
   36 	 11.000000 	 13.710000 	 18.000000
   37 	 9.000000 	 14.000000 	 18.000000
   38 	 9.000000 	 13.960000 	 18.000000
   39 	 9.000000 	 14.270000 	 18.000000
   40 	 9.000000 	 14.730000 	 18.000000
   41 	 11.000000 	 14.980000 	 18.000000
   42 	 12.000000 	 15.300000 	 18.000000
   43 	 11.000000 	 15.250000 	 18.000000
   44 	 12.000000 	 15.430000 	 19.000000
   45 	 13.000000 	 15.350000 	 19.000000
   46 	 11.000000 	 15.580000 	 19.000000
   47 	 12.000000 	 15.730000 	 19.000000
   48 	 13.000000 	 15.730000 	 18.000000
   49 	 13.000000 	 16.280000 	 19.000000
   50 	 13.000000 	 16.430000 	 19.000000
   51 	 13.000000 	 16.710000 	 19.000000
   52 	 11.000000 	 16.800000 	 19.000000
   53 	 13.000000 	 17.180000 	 19.000000
   54 	 13.000000 	 17.010000 	 19.000000
   55 	 13.000000 	 17.240000 	 19.000000
   56 	 13.000000 	 17.380000 	 19.000000
   57 	 13.000000 	 17.470000 	 19.000000
   58 	 13.000000 	 17.570000 	 19.000000
   59 	 13.000000 	 17.630000 	 20.000000
   60 	 14.000000 	 17.650000 	 20.000000
   61 	 13.000000 	 17.630000 	 20.000000
   62 	 7.000000 	 17.580000 	 20.000000
   63 	 15.000000 	 17.660000 	 20.000000
   64 	 13.000000 	 17.840000 	 20.000000
   65 	 13.000000 	 17.850000 	 20.000000
   66 	 13.000000 	 17.770000 	 20.000000
   67 	 12.000000 	 17.780000 	 20.000000
   68 	 14.000000 	 17.850000 	 20.000000
   69 	 13.000000 	 17.810000 	 20.000000
   70 	 14.000000 	 17.920000 	 19.000000
   71 	 14.000000 	 18.080000 	 19.000000
   72 	 14.000000 	 18.060000 	 19.000000
   73 	 14.000000 	 18.040000 	 19.000000
   74 	 14.000000 	 18.000000 	 19.000000
   75 	 16.000000 	 18.090000 	 19.000000
   76 	 16.000000 	 18.140000 	 19.000000
   77 	 15.000000 	 18.180000 	 19.000000
   78 	 10.000000 	 18.020000 	 19.000000
   79 	 16.000000 	 18.240000 	 19.000000
   80 	 14.000000 	 18.240000 	 19.000000
   81 	 13.000000 	 18.130000 	 19.000000
   82 	 14.000000 	 18.280000 	 19.000000
   83 	 15.000000 	 18.330000 	 19.000000
   84 	 15.000000 	 18.330000 	 19.000000
   85 	 14.000000 	 18.310000 	 21.000000
   86 	 14.000000 	 18.200000 	 19.000000
   87 	 14.000000 	 18.020000 	 20.000000
   88 	 13.000000 	 18.040000 	 20.000000
   89 	 16.000000 	 18.280000 	 21.000000
   90 	 16.000000 	 18.310000 	 20.000000
   91 	 16.000000 	 18.240000 	 20.000000
   92 	 15.000000 	 18.200000 	 19.000000
   93 	 14.000000 	 18.110000 	 19.000000
   94 	 13.000000 	 17.950000 	 19.000000
   95 	 13.000000 	 17.800000 	 19.000000
   96 	 13.000000 	 17.900000 	 19.000000
   97 	 13.000000 	 17.970000 	 21.000000
   98 	 14.000000 	 18.100000 	 20.000000
   99 	 13.000000 	 18.070000 	 20.000000
 