   0 	 -17.000000 	 -0.600000 	 11.000000
    1 	 7.000000 	 10.930000 	 11.000000
    2 	 9.000000 	 10.970000 	 11.000000
    3 	 9.000000 	 11.000000 	 12.000000
    4 	 9.000000 	 11.040000 	 14.000000
    5 	 10.000000 	 11.120000 	 14.000000
    6 	 7.000000 	 11.070000 	 14.000000
    7 	 7.000000 	 10.950000 	 14.000000
    8 	 7.000000 	 11.010000 	 13.000000
    9 	 7.000000 	 10.910000 	 12.000000
   10 	 7.000000 	 10.970000 	 13.000000
   11 	 7.000000 	 11.040000 	 13.000000
   12 	 7.000000 	 10.900000 	 14.000000
   13 	 7.000000 	 11.040000 	 14.000000
   14 	 5.000000 	 10.970000 	 13.000000
   15 	 7.000000 	 10.960000 	 13.000000
   16 	 7.000000 	 10.940000 	 13.000000
   17 	 7.000000 	 11.020000 	 14.000000
   18 	 7.000000 	 11.060000 	 14.000000
   19 	 9.000000 	 11.200000 	 14.000000
   20 	 9.000000 	 11.200000 	 14.000000
   21 	 9.000000 	 11.160000 	 14.000000
   22 	 9.000000 	 11.180000 	 14.000000
   23 	 9.000000 	 11.270000 	 14.000000
   24 	 7.000000 	 11.190000 	 14.000000
   25 	 7.000000 	 11.370000 	 14.000000
   26 	 7.000000 	 11.410000 	 14.000000
   27 	 10.000000 	 11.420000 	 13.000000
   28 	 10.000000 	 11.520000 	 14.000000
   29 	 8.000000 	 11.650000 	 14.000000
   30 	 10.000000 	 11.780000 	 14.000000
   31 	 10.000000 	 11.890000 	 14.000000
   32 	 11.000000 	 12.010000 	 14.000000
   33 	 10.000000 	 12.050000 	 14.000000
   34 	 10.000000 	 12.240000 	 14.000000
   35 	 11.000000 	 12.340000 	 15.000000
   36 	 10.000000 	 12.270000 	 14.000000
   37 	 7.000000 	 12.290000 	 14.000000
   38 	 7.000000 	 12.200000 	 16.000000
   39 	 7.000000 	 12.580000 	 15.000000
   40 	 7.000000 	 12.770000 	 17.000000
   41 	 9.000000 	 12.950000 	 14.000000
   42 	 10.000000 	 13.060000 	 14.000000
   43 	 7.000000 	 12.990000 	 14.000000
   44 	 11.000000 	 13.040000 	 14.000000
   45 	 11.000000 	 13.210000 	 14.000000
   46 	 11.000000 	 13.270000 	 14.000000
   47 	 11.000000 	 13.380000 	 14.000000
   48 	 11.000000 	 13.360000 	 15.000000
   49 	 10.000000 	 13.370000 	 15.000000
   50 	 10.000000 	 13.430000 	 15.000000
   51 	 10.000000 	 13.390000 	 16.000000
   52 	 6.000000 	 13.340000 	 16.000000
   53 	 9.000000 	 13.480000 	 16.000000
   54 	 9.000000 	 13.650000 	 14.000000
   55 	 12.000000 	 13.800000 	 14.000000
   56 	 11.000000 	 13.710000 	 14.000000
   57 	 9.000000 	 13.650000 	 17.000000
   58 	 5.000000 	 13.660000 	 17.000000
   59 	 9.000000 	 13.650000 	 17.000000
   60 	 9.000000 	 13.890000 	 17.000000
   61 	 8.000000 	 13.910000 	 17.000000
   62 	 9.000000 	 13.890000 	 17.000000
   63 	 9.000000 	 13.900000 	 17.000000
   64 	 12.000000 	 13.980000 	 17.000000
   65 	 13.000000 	 14.050000 	 17.000000
   66 	 10.000000 	 13.990000 	 17.000000
   67 	 10.000000 	 13.910000 	 17.000000
   68 	 10.000000 	 13.900000 	 17.000000
   69 	 10.000000 	 13.970000 	 17.000000
   70 	 10.000000 	 13.940000 	 17.000000
   71 	 10.000000 	 13.840000 	 17.000000
   72 	 10.000000 	 13.740000 	 17.000000
   73 	 10.000000 	 13.850000 	 17.000000
   74 	 11.000000 	 13.800000 	 17.000000
   75 	 13.000000 	 13.840000 	 17.000000
   76 	 10.000000 	 13.800000 	 17.000000
   77 	 11.000000 	 13.930000 	 17.000000
   78 	 10.000000 	 14.030000 	 17.000000
   79 	 10.000000 	 14.100000 	 17.000000
   80 	 13.000000 	 14.300000 	 17.000000
   81 	 10.000000 	 14.190000 	 17.000000
   82 	 9.000000 	 14.130000 	 17.000000
   83 	 9.000000 	 14.240000 	 18.000000
   84 	 9.000000 	 14.390000 	 20.000000
   85 	 13.000000 	 14.780000 	 20.000000
   86 	 10.000000 	 14.640000 	 20.000000
   87 	 10.000000 	 14.730000 	 20.000000
   88 	 9.000000 	 14.880000 	 20.000000
   89 	 10.000000 	 14.980000 	 20.000000
   90 	 12.000000 	 15.350000 	 20.000000
   91 	 9.000000 	 15.710000 	 20.000000
   92 	 12.000000 	 15.990000 	 21.000000
   93 	 12.000000 	 16.010000 	 20.000000
   94 	 12.000000 	 16.330000 	 20.000000
   95 	 13.000000 	 16.590000 	 20.000000
   96 	 13.000000 	 16.620000 	 21.000000
   97 	 13.000000 	 16.720000 	 21.000000
   98 	 10.000000 	 16.700000 	 21.000000
   99 	 11.000000 	 16.980000 	 21.000000
 