   0 	 -1.000000 	 214748364.869084 	 4294967296.000000
    1 	 -1.000000 	 2576980377.585178 	 4294967296.000000
    2 	 -1.000000 	 1975684956.161016 	 4294967296.000000
    3 	 -1.000000 	 2877628088.325001 	 4294967296.000000
    4 	 -1.000000 	 2748779069.412167 	 4294967296.000000
    5 	 -1.000000 	 2877628088.330833 	 4294967296.000000
    6 	 -1.000000 	 2834678415.311405 	 4294967296.000000
    7 	 -1.000000 	 2963527434.191833 	 4294967296.000000
    8 	 -1.000000 	 3178275799.024500 	 4294967296.000000
    9 	 -1.000000 	 3307124817.909500 	 4294967296.000000
   10 	 -1.000000 	 3521873182.715000 	 4294967296.000000
   11 	 -1.000000 	 3435973836.797738 	 4294967296.000000
   12 	 -1.000000 	 3822520893.420000 	 4294967296.000000
   13 	 -1.000000 	 3350074490.883334 	 4294967296.000000
   14 	 -1.000000 	 3908420239.335000 	 4294967296.000000
   15 	 -1.000000 	 4037269258.235000 	 4294967296.000000
   16 	 -1.000000 	 4166118277.109500 	 4294967296.000000
   17 	 -1.000000 	 4166118277.110834 	 4294967296.000000
   18 	 -0.500000 	 4252017623.035000 	 4294967296.000000
   19 	 -1.000000 	 4123168604.172000 	 4294967296.000000
   20 	 -1.000000 	 3994319585.237000 	 4294967296.000000
   21 	 -1.000000 	 4209067950.060000 	 4294967296.000000
   22 	 -1.000000 	 4209067950.080000 	 4294967296.000000
   23 	 -1.000000 	 4209067950.060000 	 4294967296.000000
   24 	 0.333333 	 4209067950.093333 	 4294967296.000000
   25 	 -1.000000 	 4166118277.122500 	 4294967296.000000
   26 	 0.250000 	 4209067950.092500 	 4294967296.000000
   27 	 -1.000000 	 3994319585.282500 	 4294967296.000000
   28 	 0.333333 	 4209067950.093333 	 4294967296.000000
   29 	 -1.000000 	 3951369912.350500 	 4294967296.000000
   30 	 -1.000000 	 4252017623.030000 	 4294967296.000000
   31 	 -1.000000 	 4252017623.030000 	 4294967296.000000
   32 	 -1.000000 	 4166118277.097500 	 4294967296.000000
   33 	 1.000000 	 4252017623.050000 	 4294967296.000000
   34 	 1.000000 	 4252017623.050000 	 4294967296.000000
   35 	 -0.250000 	 4209067950.087500 	 4294967296.000000
   36 	 -1.000000 	 4252017623.030000 	 4294967296.000000
   37 	 1.000000 	 4252017623.050000 	 4294967296.000000
   38 	 -1.000000 	 4123168604.175000 	 4294967296.000000
   39 	 -0.500000 	 4080218931.207500 	 4294967296.000000
   40 	 -1.000000 	 4166118277.117500 	 4294967296.000000
   41 	 -1.000000 	 4166118277.102500 	 4294967296.000000
   42 	 -0.200000 	 4166118277.133000 	 4294967296.000000
   43 	 -0.200000 	 4209067950.088000 	 4294967296.000000
   44 	 0.500000 	 4209067950.095000 	 4294967296.000000
   45 	 -1.000000 	 4209067950.060000 	 4294967296.000000
   46 	 -1.000000 	 4166118277.103000 	 4294967296.000000
   47 	 -0.250000 	 4209067950.087500 	 4294967296.000000
   48 	 4294967296.000000 	 4294967296.000000 	 4294967296.000000
   49 	 -0.500000 	 4209067950.073000 	 4294967296.000000
   50 	 1.000000 	 4252017623.050000 	 4294967296.000000
   51 	 1.000000 	 4252017623.050000 	 4294967296.000000
   52 	 -1.000000 	 4209067950.060000 	 4294967296.000000
   53 	 -1.000000 	 4209067950.080000 	 4294967296.000000
   54 	 -0.200000 	 4166118277.125500 	 4294967296.000000
   55 	 -1.000000 	 4252017623.030000 	 4294967296.000000
   56 	 -0.250000 	 4252017623.037500 	 4294967296.000000
   57 	 0.500000 	 4209067950.095000 	 4294967296.000000
   58 	 1.000000 	 4209067950.100000 	 4294967296.000000
   59 	 -1.000000 	 4252017623.030000 	 4294967296.000000
   60 	 -0.250000 	 4252017623.037500 	 4294967296.000000
   61 	 -1.000000 	 4166118277.090000 	 4294967296.000000
   62 	 1.000000 	 4252017623.050000 	 4294967296.000000
   63 	 1.000000 	 4209067950.100000 	 4294967296.000000
   64 	 0.500000 	 4252017623.045000 	 4294967296.000000
   65 	 -1.000000 	 4166118277.112500 	 4294967296.000000
   66 	 -1.000000 	 4166118277.113000 	 4294967296.000000
   67 	 -1.000000 	 4080218931.200000 	 4294967296.000000
   68 	 -1.000000 	 4080218931.198500 	 4294967296.000000
   69 	 -0.500000 	 4123168604.157500 	 4294967296.000000
   70 	 4294967296.000000 	 4294967296.000000 	 4294967296.000000
   71 	 -1.000000 	 4037269258.259166 	 4294967296.000000
   72 	 -0.500000 	 4209067950.085000 	 4294967296.000000
   73 	 1.000000 	 4252017623.050000 	 4294967296.000000
   74 	 -1.000000 	 4166118277.115834 	 4294967296.000000
   75 	 -0.250000 	 4252017623.037500 	 4294967296.000000
   76 	 4294967296.000000 	 4294967296.000000 	 4294967296.000000
   77 	 -1.000000 	 4166118277.125000 	 4294967296.000000
   78 	 -1.000000 	 3994319585.322500 	 4294967296.000000
   79 	 -0.200000 	 4123168604.188000 	 4294967296.000000
   80 	 0.250000 	 4209067950.092500 	 4294967296.000000
   81 	 -0.250000 	 4209067950.087500 	 4294967296.000000
   82 	 0.250000 	 4252017623.042500 	 4294967296.000000
   83 	 -1.000000 	 4123168604.136000 	 4294967296.000000
   84 	 -0.333333 	 4252017623.036667 	 4294967296.000000
   85 	 1.000000 	 4252017623.050000 	 4294967296.000000
   86 	 -1.000000 	 4123168604.173333 	 4294967296.000000
   87 	 -1.000000 	 4166118277.122500 	 4294967296.000000
   88 	 -0.250000 	 4166118277.125000 	 4294967296.000000
   89 	 -1.000000 	 4080218931.196667 	 4294967296.000000
   90 	 -1.000000 	 4166118277.130000 	 4294967296.000000
   91 	 -1.000000 	 4166118277.130000 	 4294967296.000000
   92 	 -1.000000 	 4209067950.073333 	 4294967296.000000
   93 	 0.500000 	 4252017623.045000 	 4294967296.000000
   94 	 1.000000 	 4252017623.050000 	 4294967296.000000
   95 	 0.333333 	 4166118277.138334 	 4294967296.000000
   96 	 0.333333 	 4252017623.043333 	 4294967296.000000
   97 	 1.000000 	 4209067950.100000 	 4294967296.000000
   98 	 4294967296.000000 	 4294967296.000000 	 4294967296.000000
   99 	 -1.000000 	 4209067950.067500 	 4294967296.000000
 