   0 	 -11.000000 	 0.400000 	 15.000000
    1 	 7.000000 	 13.650000 	 20.000000
    2 	 7.000000 	 14.020000 	 20.000000
    3 	 7.000000 	 14.330000 	 21.000000
    4 	 9.000000 	 14.700000 	 21.000000
    5 	 10.000000 	 15.750000 	 22.000000
    6 	 8.000000 	 15.660000 	 22.000000
    7 	 11.000000 	 15.990000 	 22.000000
    8 	 10.000000 	 16.660000 	 21.000000
    9 	 10.000000 	 16.950000 	 22.000000
   10 	 11.000000 	 17.060000 	 23.000000
   11 	 10.000000 	 17.430000 	 23.000000
   12 	 11.000000 	 17.870000 	 23.000000
   13 	 12.000000 	 17.920000 	 23.000000
   14 	 10.000000 	 18.300000 	 23.000000
   15 	 12.000000 	 18.500000 	 23.000000
   16 	 11.000000 	 18.580000 	 23.000000
   17 	 13.000000 	 18.650000 	 22.000000
   18 	 13.000000 	 19.140000 	 22.000000
   19 	 11.000000 	 19.300000 	 22.000000
   20 	 11.000000 	 19.370000 	 22.000000
   21 	 13.000000 	 19.960000 	 23.000000
   22 	 14.000000 	 20.010000 	 23.000000
   23 	 16.000000 	 20.500000 	 23.000000
   24 	 16.000000 	 20.420000 	 23.000000
   25 	 15.000000 	 20.470000 	 23.000000
   26 	 15.000000 	 20.410000 	 23.000000
   27 	 17.000000 	 20.740000 	 23.000000
   28 	 13.000000 	 20.710000 	 23.000000
   29 	 15.000000 	 20.570000 	 23.000000
   30 	 15.000000 	 20.430000 	 23.000000
   31 	 15.000000 	 20.630000 	 23.000000
   32 	 15.000000 	 20.690000 	 23.000000
   33 	 16.000000 	 20.810000 	 23.000000
   34 	 16.000000 	 20.960000 	 23.000000
   35 	 16.000000 	 20.840000 	 23.000000
   36 	 16.000000 	 20.940000 	 23.000000
   37 	 16.000000 	 20.950000 	 23.000000
   38 	 19.000000 	 21.120000 	 23.000000
   39 	 19.000000 	 21.040000 	 23.000000
   40 	 19.000000 	 21.150000 	 23.000000
   41 	 19.000000 	 21.210000 	 23.000000
   42 	 17.000000 	 21.270000 	 23.000000
   43 	 16.000000 	 21.200000 	 23.000000
   44 	 16.000000 	 21.250000 	 23.000000
   45 	 18.000000 	 21.300000 	 23.000000
   46 	 18.000000 	 21.280000 	 23.000000
   47 	 17.000000 	 21.360000 	 23.000000
   48 	 16.000000 	 21.220000 	 23.000000
   49 	 16.000000 	 21.210000 	 23.000000
   50 	 18.000000 	 21.310000 	 23.000000
   51 	 17.000000 	 21.250000 	 23.000000
   52 	 17.000000 	 21.290000 	 24.000000
   53 	 17.000000 	 21.220000 	 23.000000
   54 	 16.000000 	 21.140000 	 23.000000
   55 	 15.000000 	 21.190000 	 23.000000
   56 	 18.000000 	 21.350000 	 23.000000
   57 	 20.000000 	 21.410000 	 24.000000
   58 	 16.000000 	 21.350000 	 23.000000
   59 	 19.000000 	 21.190000 	 23.000000
   60 	 15.000000 	 21.240000 	 23.000000
   61 	 17.000000 	 21.350000 	 23.000000
   62 	 17.000000 	 21.470000 	 23.000000
   63 	 16.000000 	 21.470000 	 23.000000
   64 	 16.000000 	 21.400000 	 23.000000
   65 	 18.000000 	 21.680000 	 23.000000
   66 	 18.000000 	 21.600000 	 23.000000
   67 	 18.000000 	 21.550000 	 23.000000
   68 	 17.000000 	 21.390000 	 23.000000
   69 	 17.000000 	 21.440000 	 24.000000
   70 	 16.000000 	 21.440000 	 23.000000
   71 	 15.000000 	 21.530000 	 23.000000
   72 	 16.000000 	 21.540000 	 23.000000
   73 	 16.000000 	 21.430000 	 23.000000
   74 	 17.000000 	 21.330000 	 23.000000
   75 	 17.000000 	 21.440000 	 23.000000
   76 	 17.000000 	 21.190000 	 23.000000
   77 	 17.000000 	 21.310000 	 24.000000
   78 	 17.000000 	 21.230000 	 24.000000
   79 	 17.000000 	 21.200000 	 24.000000
   80 	 15.000000 	 21.250000 	 24.000000
   81 	 15.000000 	 21.360000 	 24.000000
   82 	 14.000000 	 21.040000 	 24.000000
   83 	 15.000000 	 21.190000 	 24.000000
   84 	 17.000000 	 21.270000 	 24.000000
   85 	 17.000000 	 21.100000 	 24.000000
   86 	 17.000000 	 21.180000 	 24.000000
   87 	 17.000000 	 21.440000 	 24.000000
   88 	 17.000000 	 21.620000 	 24.000000
   89 	 17.000000 	 21.510000 	 24.000000
   90 	 17.000000 	 21.420000 	 24.000000
   91 	 16.000000 	 21.330000 	 23.000000
   92 	 16.000000 	 21.580000 	 23.000000
   93 	 17.000000 	 21.490000 	 24.000000
   94 	 17.000000 	 21.800000 	 24.000000
   95 	 18.000000 	 21.790000 	 24.000000
   96 	 18.000000 	 21.810000 	 24.000000
   97 	 18.000000 	 21.650000 	 24.000000
   98 	 18.000000 	 21.630000 	 24.000000
   99 	 18.000000 	 21.710000 	 24.000000
 