   0 	 -1.000000 	 85899345.917932 	 4294967296.000000
    1 	 -1.000000 	 3135326126.061500 	 4294967296.000000
    2 	 -1.000000 	 3435973836.793242 	 4294967296.000000
    3 	 -1.000000 	 2662879723.511861 	 4294967296.000000
    4 	 -0.500000 	 3350074490.880988 	 4294967296.000000
    5 	 -1.000000 	 3135326126.096529 	 4294967296.000000
    6 	 -1.000000 	 3135326126.065064 	 4294967296.000000
    7 	 -1.000000 	 3264175144.960076 	 4294967296.000000
    8 	 -1.000000 	 3521873182.698555 	 4294967296.000000
    9 	 -1.000000 	 3779571220.468000 	 4294967296.000000
   10 	 -1.000000 	 3822520893.425000 	 4294967296.000000
   11 	 -1.000000 	 3693671874.559321 	 4294967296.000000
   12 	 -1.000000 	 4037269258.220000 	 4294967296.000000
   13 	 -1.000000 	 4166118277.105000 	 4294967296.000000
   14 	 1.000000 	 4252017623.050000 	 4294967296.000000
   15 	 -1.000000 	 3951369912.304000 	 4294967296.000000
   16 	 -1.000000 	 3994319585.250000 	 4294967296.000000
   17 	 -1.000000 	 4166118277.107500 	 4294967296.000000
   18 	 -1.000000 	 4166118277.107500 	 4294967296.000000
   19 	 1.000000 	 4252017623.050000 	 4294967296.000000
   20 	 -0.500000 	 4209067950.085000 	 4294967296.000000
   21 	 -1.000000 	 4080218931.195000 	 4294967296.000000
   22 	 4294967296.000000 	 4294967296.000000 	 4294967296.000000
   23 	 -1.000000 	 4166118277.095000 	 4294967296.000000
   24 	 0.250000 	 4166118277.142500 	 4294967296.000000
   25 	 -1.000000 	 4209067950.080000 	 4294967296.000000
   26 	 -1.000000 	 4252017623.030000 	 4294967296.000000
   27 	 -1.000000 	 4080218931.195000 	 4294967296.000000
   28 	 -1.000000 	 4166118277.110000 	 4294967296.000000
   29 	 -1.000000 	 4037269258.244500 	 4294967296.000000
   30 	 -1.000000 	 4080218931.175000 	 4294967296.000000
   31 	 -1.000000 	 3908420239.352500 	 4294967296.000000
   32 	 -1.000000 	 4209067950.072500 	 4294967296.000000
   33 	 -0.500000 	 4209067950.085000 	 4294967296.000000
   34 	 -0.333333 	 4209067950.081666 	 4294967296.000000
   35 	 -1.000000 	 4080218931.167000 	 4294967296.000000
   36 	 -1.000000 	 4080218931.210000 	 4294967296.000000
   37 	 0.500000 	 4252017623.045000 	 4294967296.000000
   38 	 -1.000000 	 4252017623.030000 	 4294967296.000000
   39 	 -1.000000 	 4123168604.125000 	 4294967296.000000
   40 	 -1.000000 	 4166118277.115000 	 4294967296.000000
   41 	 -1.000000 	 4252017623.030000 	 4294967296.000000
   42 	 4294967296.000000 	 4294967296.000000 	 4294967296.000000
   43 	 -1.000000 	 4123168604.155000 	 4294967296.000000
   44 	 -1.000000 	 4166118277.102500 	 4294967296.000000
   45 	 -1.000000 	 4209067950.072500 	 4294967296.000000
   46 	 -1.000000 	 4252017623.030000 	 4294967296.000000
   47 	 -1.000000 	 4123168604.142500 	 4294967296.000000
   48 	 -1.000000 	 4123168604.160000 	 4294967296.000000
   49 	 -1.000000 	 4123168604.140000 	 4294967296.000000
   50 	 -1.000000 	 4080218931.155000 	 4294967296.000000
   51 	 -1.000000 	 4166118277.098000 	 4294967296.000000
   52 	 4294967296.000000 	 4294967296.000000 	 4294967296.000000
   53 	 -1.000000 	 4166118277.105000 	 4294967296.000000
   54 	 -0.250000 	 4252017623.037500 	 4294967296.000000
   55 	 -0.500000 	 4209067950.077500 	 4294967296.000000
   56 	 -1.000000 	 4209067950.072000 	 4294967296.000000
   57 	 -1.000000 	 4166118277.102500 	 4294967296.000000
   58 	 -1.000000 	 4123168604.165000 	 4294967296.000000
   59 	 -0.200000 	 4252017623.038000 	 4294967296.000000
   60 	 -1.000000 	 4166118277.110000 	 4294967296.000000
   61 	 -1.000000 	 4209067950.080000 	 4294967296.000000
   62 	 4294967296.000000 	 4294967296.000000 	 4294967296.000000
   63 	 -1.000000 	 4123168604.132500 	 4294967296.000000
   64 	 -0.500000 	 4123168604.172500 	 4294967296.000000
   65 	 0.250000 	 4209067950.092500 	 4294967296.000000
   66 	 -1.000000 	 4209067950.080000 	 4294967296.000000
   67 	 -0.500000 	 4209067950.085000 	 4294967296.000000
   68 	 -1.000000 	 4252017623.030000 	 4294967296.000000
   69 	 1.000000 	 4252017623.050000 	 4294967296.000000
   70 	 -1.000000 	 4123168604.170000 	 4294967296.000000
   71 	 0.200000 	 4252017623.042000 	 4294967296.000000
   72 	 -0.500000 	 4166118277.122500 	 4294967296.000000
   73 	 -1.000000 	 4166118277.100000 	 4294967296.000000
   74 	 0.500000 	 4209067950.095000 	 4294967296.000000
   75 	 0.250000 	 4252017623.042500 	 4294967296.000000
   76 	 -1.000000 	 4209067950.067500 	 4294967296.000000
   77 	 -1.000000 	 4123168604.152500 	 4294967296.000000
   78 	 -1.000000 	 4123168604.130000 	 4294967296.000000
   79 	 -1.000000 	 4080218931.187500 	 4294967296.000000
   80 	 -1.000000 	 4123168604.150000 	 4294967296.000000
   81 	 -1.000000 	 4252017623.030000 	 4294967296.000000
   82 	 -0.500000 	 4123168604.150000 	 4294967296.000000
   83 	 -1.000000 	 4209067950.080000 	 4294967296.000000
   84 	 -0.500000 	 4123168604.170000 	 4294967296.000000
   85 	 -1.000000 	 4166118277.122000 	 4294967296.000000
   86 	 0.200000 	 4209067950.092000 	 4294967296.000000
   87 	 0.250000 	 4209067950.092500 	 4294967296.000000
   88 	 -1.000000 	 4166118277.110000 	 4294967296.000000
   89 	 0.500000 	 4166118277.145000 	 4294967296.000000
   90 	 4294967296.000000 	 4294967296.000000 	 4294967296.000000
   91 	 -0.200000 	 4037269258.265500 	 4294967296.000000
   92 	 -1.000000 	 4252017623.030000 	 4294967296.000000
   93 	 -1.000000 	 4209067950.080000 	 4294967296.000000
   94 	 -1.000000 	 4209067950.075000 	 4294967296.000000
   95 	 -1.000000 	 4209067950.072500 	 4294967296.000000
   96 	 -1.000000 	 4209067950.075000 	 4294967296.000000
   97 	 -1.000000 	 4166118277.117500 	 4294967296.000000
   98 	 -1.000000 	 4080218931.155000 	 4294967296.000000
   99 	 0.200000 	 4252017623.042000 	 4294967296.000000
 