   0 	 -1.000000 	 171798691.789860 	 4294967296.000000
    1 	 -1.000000 	 3221225471.970238 	 4294967296.000000
    2 	 -1.000000 	 2748779069.452500 	 4294967296.000000
    3 	 -1.000000 	 2834678415.335000 	 4294967296.000000
    4 	 -1.000000 	 3135326126.056905 	 4294967296.000000
    5 	 -1.000000 	 2448131358.670834 	 4294967296.000000
    6 	 -1.000000 	 2963527434.216666 	 4294967296.000000
    7 	 -1.000000 	 2405181685.736667 	 4294967296.000000
    8 	 -1.000000 	 3092376453.120000 	 4294967296.000000
    9 	 -1.000000 	 3264175144.957500 	 4294967296.000000
   10 	 -1.000000 	 2276332666.891167 	 4294967296.000000
   11 	 -1.000000 	 3006477107.167167 	 4294967296.000000
   12 	 -1.000000 	 2920577761.266250 	 4294967296.000000
   13 	 -1.000000 	 2963527434.247500 	 4294967296.000000
   14 	 -1.000000 	 2576980377.614667 	 4294967296.000000
   15 	 -1.000000 	 3607772528.656666 	 4294967296.000000
   16 	 -1.000000 	 3221225472.011333 	 4294967296.000000
   17 	 -1.000000 	 3264175144.968833 	 4294967296.000000
   18 	 -1.000000 	 3307124817.913000 	 4294967296.000000
   19 	 -1.000000 	 3521873182.707167 	 4294967296.000000
   20 	 -1.000000 	 3865470566.400000 	 4294967296.000000
   21 	 -1.000000 	 3693671874.547500 	 4294967296.000000
   22 	 -1.000000 	 3736621547.510000 	 4294967296.000000
   23 	 -1.000000 	 3779571220.473833 	 4294967296.000000
   24 	 -1.000000 	 4166118277.110000 	 4294967296.000000
   25 	 -0.500000 	 3908420239.364166 	 4294967296.000000
   26 	 -1.000000 	 3865470566.401000 	 4294967296.000000
   27 	 -1.000000 	 4080218931.197500 	 4294967296.000000
   28 	 -0.500000 	 4037269258.240834 	 4294967296.000000
   29 	 -1.000000 	 4123168604.167500 	 4294967296.000000
   30 	 -0.333333 	 4166118277.126667 	 4294967296.000000
   31 	 -0.500000 	 4166118277.109166 	 4294967296.000000
   32 	 -1.000000 	 4166118277.095000 	 4294967296.000000
   33 	 -1.000000 	 4166118277.102500 	 4294967296.000000
   34 	 -1.000000 	 4123168604.140000 	 4294967296.000000
   35 	 -1.000000 	 4166118277.105000 	 4294967296.000000
   36 	 -0.333333 	 4209067950.079999 	 4294967296.000000
   37 	 -1.000000 	 4209067950.075000 	 4294967296.000000
   38 	 -1.000000 	 4209067950.080000 	 4294967296.000000
   39 	 -0.250000 	 4209067950.075000 	 4294967296.000000
   40 	 0.500000 	 4252017623.045000 	 4294967296.000000
   41 	 -1.000000 	 4166118277.090000 	 4294967296.000000
   42 	 -0.250000 	 4209067950.080833 	 4294967296.000000
   43 	 -0.250000 	 4252017623.037500 	 4294967296.000000
   44 	 -1.000000 	 4166118277.090000 	 4294967296.000000
   45 	 -1.000000 	 4252017623.030000 	 4294967296.000000
   46 	 -0.500000 	 4252017623.035000 	 4294967296.000000
   47 	 4294967296.000000 	 4294967296.000000 	 4294967296.000000
   48 	 -1.000000 	 4209067950.080000 	 4294967296.000000
   49 	 4294967296.000000 	 4294967296.000000 	 4294967296.000000
   50 	 -0.500000 	 4252017623.035000 	 4294967296.000000
   51 	 4294967296.000000 	 4294967296.000000 	 4294967296.000000
   52 	 0.250000 	 4166118277.130834 	 4294967296.000000
   53 	 1.000000 	 4252017623.050000 	 4294967296.000000
   54 	 -1.000000 	 4166118277.095000 	 4294967296.000000
   55 	 -0.500000 	 4123168604.160000 	 4294967296.000000
   56 	 -1.000000 	 4209067950.075000 	 4294967296.000000
   57 	 -1.000000 	 4166118277.102500 	 4294967296.000000
   58 	 -1.000000 	 4209067950.075000 	 4294967296.000000
   59 	 -0.200000 	 4252017623.038000 	 4294967296.000000
   60 	 -1.000000 	 4252017623.030000 	 4294967296.000000
   61 	 4294967296.000000 	 4294967296.000000 	 4294967296.000000
   62 	 -1.000000 	 4123168604.160000 	 4294967296.000000
   63 	 -1.000000 	 4209067950.072500 	 4294967296.000000
   64 	 -1.000000 	 4209067950.080000 	 4294967296.000000
   65 	 0.250000 	 4252017623.042500 	 4294967296.000000
   66 	 -0.333333 	 4166118277.126667 	 4294967296.000000
   67 	 -1.000000 	 4252017623.030000 	 4294967296.000000
   68 	 -1.000000 	 4209067950.073333 	 4294967296.000000
   69 	 -1.000000 	 4080218931.205000 	 4294967296.000000
   70 	 -1.000000 	 4252017623.030000 	 4294967296.000000
   71 	 -1.000000 	 4209067950.067500 	 4294967296.000000
   72 	 -1.000000 	 4123168604.140000 	 4294967296.000000
   73 	 0.250000 	 4209067950.087500 	 4294967296.000000
   74 	 -1.000000 	 4209067950.067500 	 4294967296.000000
   75 	 0.500000 	 4252017623.045000 	 4294967296.000000
   76 	 -1.000000 	 4209067950.080000 	 4294967296.000000
   77 	 -1.000000 	 4209067950.080000 	 4294967296.000000
   78 	 1.000000 	 4252017623.050000 	 4294967296.000000
   79 	 -1.000000 	 4209067950.067500 	 4294967296.000000
   80 	 -0.250000 	 4252017623.037500 	 4294967296.000000
   81 	 -1.000000 	 4037269258.215000 	 4294967296.000000
   82 	 -1.000000 	 4252017623.030000 	 4294967296.000000
   83 	 -1.000000 	 4166118277.107500 	 4294967296.000000
   84 	 -1.000000 	 4209067950.065000 	 4294967296.000000
   85 	 -0.333333 	 4252017623.036667 	 4294967296.000000
   86 	 -0.500000 	 4166118277.116666 	 4294967296.000000
   87 	 4294967296.000000 	 4294967296.000000 	 4294967296.000000
   88 	 0.250000 	 4252017623.042500 	 4294967296.000000
   89 	 -1.000000 	 4209067950.072500 	 4294967296.000000
   90 	 -1.000000 	 4166118277.103333 	 4294967296.000000
   91 	 -1.000000 	 4123168604.135000 	 4294967296.000000
   92 	 -1.000000 	 4209067950.060000 	 4294967296.000000
   93 	 -1.000000 	 4166118277.117500 	 4294967296.000000
   94 	 -1.000000 	 4252017623.030000 	 4294967296.000000
   95 	 -1.000000 	 4252017623.030000 	 4294967296.000000
   96 	 4294967296.000000 	 4294967296.000000 	 4294967296.000000
   97 	 -1.000000 	 4123168604.140000 	 4294967296.000000
   98 	 0.250000 	 4252017623.042500 	 4294967296.000000
   99 	 0.250000 	 4209067950.085000 	 4294967296.000000
 