   0 	 -1.000000 	 343597383.721053 	 4294967296.000000
    1 	 -1.000000 	 3822520893.445000 	 4294967296.000000
    2 	 -1.000000 	 3994319585.283333 	 4294967296.000000
    3 	 -1.000000 	 3435973836.800000 	 4294967296.000000
    4 	 -1.000000 	 3951369912.321667 	 4294967296.000000
    5 	 -1.000000 	 3822520893.450834 	 4294967296.000000
    6 	 -1.000000 	 3350074490.894488 	 4294967296.000000
    7 	 -1.000000 	 3865470566.405000 	 4294967296.000000
    8 	 -0.500000 	 3865470566.398333 	 4294967296.000000
    9 	 -1.000000 	 3779571220.480833 	 4294967296.000000
   10 	 -0.500000 	 3865470566.400500 	 4294967296.000000
   11 	 -1.000000 	 3736621547.510000 	 4294967296.000000
   12 	 -0.500000 	 3951369912.320833 	 4294967296.000000
   13 	 -1.000000 	 3951369912.340000 	 4294967296.000000
   14 	 -1.000000 	 3951369912.320000 	 4294967296.000000
   15 	 -1.000000 	 3779571220.485000 	 4294967296.000000
   16 	 -0.333333 	 4123168604.160000 	 4294967296.000000
   17 	 -1.000000 	 3521873182.714822 	 4294967296.000000
   18 	 -1.000000 	 3607772528.634166 	 4294967296.000000
   19 	 -1.000000 	 3865470566.395000 	 4294967296.000000
   20 	 -1.000000 	 3393024163.845000 	 4294967296.000000
   21 	 -1.000000 	 4080218931.205000 	 4294967296.000000
   22 	 -1.000000 	 3564822855.666500 	 4294967296.000000
   23 	 -0.500000 	 3779571220.491428 	 4294967296.000000
   24 	 -1.000000 	 4037269258.225000 	 4294967296.000000
   25 	 -0.500000 	 3865470566.399500 	 4294967296.000000
   26 	 -1.000000 	 3693671874.552500 	 4294967296.000000
   27 	 -1.000000 	 3865470566.395000 	 4294967296.000000
   28 	 -0.500000 	 4080218931.209166 	 4294967296.000000
   29 	 -1.000000 	 3822520893.448334 	 4294967296.000000
   30 	 -0.333333 	 4080218931.210000 	 4294967296.000000
   31 	 -0.500000 	 3994319585.281666 	 4294967296.000000
   32 	 -0.250000 	 4209067950.080000 	 4294967296.000000
   33 	 -1.000000 	 3865470566.393333 	 4294967296.000000
   34 	 -0.500000 	 3951369912.320000 	 4294967296.000000
   35 	 -0.500000 	 3865470566.398000 	 4294967296.000000
   36 	 -1.000000 	 4123168604.155000 	 4294967296.000000
   37 	 -0.500000 	 4037269258.238334 	 4294967296.000000
   38 	 -0.500000 	 3951369912.316666 	 4294967296.000000
   39 	 -0.500000 	 3908420239.369500 	 4294967296.000000
   40 	 -0.500000 	 4037269258.238333 	 4294967296.000000
   41 	 -0.500000 	 4037269258.239500 	 4294967296.000000
   42 	 -0.500000 	 4166118277.130000 	 4294967296.000000
   43 	 -0.500000 	 3908420239.361667 	 4294967296.000000
   44 	 4294967296.000000 	 4294967296.000000 	 4294967296.000000
   45 	 -0.500000 	 4123168604.156667 	 4294967296.000000
   46 	 -0.500000 	 3951369912.319500 	 4294967296.000000
   47 	 4294967296.000000 	 4294967296.000000 	 4294967296.000000
   48 	 -0.500000 	 4037269258.240000 	 4294967296.000000
   49 	 -0.500000 	 4080218931.210000 	 4294967296.000000
   50 	 -0.500000 	 4037269258.238333 	 4294967296.000000
   51 	 -0.500000 	 4080218931.210000 	 4294967296.000000
   52 	 -0.500000 	 4166118277.117500 	 4294967296.000000
   53 	 -0.500000 	 4123168604.158334 	 4294967296.000000
   54 	 -0.500000 	 4123168604.160000 	 4294967296.000000
   55 	 -0.500000 	 4123168604.160000 	 4294967296.000000
   56 	 -0.500000 	 4209067950.080000 	 4294967296.000000
   57 	 -0.250000 	 4209067950.080000 	 4294967296.000000
   58 	 0.500000 	 4252017623.045000 	 4294967296.000000
   59 	 4294967296.000000 	 4294967296.000000 	 4294967296.000000
   60 	 0.333333 	 4252017623.043333 	 4294967296.000000
   61 	 -0.500000 	 4123168604.160000 	 4294967296.000000
   62 	 -0.500000 	 4209067950.078333 	 4294967296.000000
   63 	 4294967296.000000 	 4294967296.000000 	 4294967296.000000
   64 	 4294967296.000000 	 4294967296.000000 	 4294967296.000000
   65 	 4294967296.000000 	 4294967296.000000 	 4294967296.000000
   66 	 4294967296.000000 	 4294967296.000000 	 4294967296.000000
   67 	 -0.500000 	 4123168604.160000 	 4294967296.000000
   68 	 4294967296.000000 	 4294967296.000000 	 4294967296.000000
   69 	 4294967296.000000 	 4294967296.000000 	 4294967296.000000
   70 	 4294967296.000000 	 4294967296.000000 	 4294967296.000000
   71 	 4294967296.000000 	 4294967296.000000 	 4294967296.000000
   72 	 4294967296.000000 	 4294967296.000000 	 4294967296.000000
   73 	 4294967296.000000 	 4294967296.000000 	 4294967296.000000
   74 	 1.000000 	 4252017623.050000 	 4294967296.000000
   75 	 4294967296.000000 	 4294967296.000000 	 4294967296.000000
   76 	 4294967296.000000 	 4294967296.000000 	 4294967296.000000
   77 	 4294967296.000000 	 4294967296.000000 	 4294967296.000000
   78 	 4294967296.000000 	 4294967296.000000 	 4294967296.000000
   79 	 1.000000 	 4252017623.050000 	 4294967296.000000
   80 	 4294967296.000000 	 4294967296.000000 	 4294967296.000000
   81 	 4294967296.000000 	 4294967296.000000 	 4294967296.000000
   82 	 4294967296.000000 	 4294967296.000000 	 4294967296.000000
   83 	 4294967296.000000 	 4294967296.000000 	 4294967296.000000
   84 	 4294967296.000000 	 4294967296.000000 	 4294967296.000000
   85 	 4294967296.000000 	 4294967296.000000 	 4294967296.000000
   86 	 4294967296.000000 	 4294967296.000000 	 4294967296.000000
   87 	 4294967296.000000 	 4294967296.000000 	 4294967296.000000
   88 	 4294967296.000000 	 4294967296.000000 	 4294967296.000000
   89 	 4294967296.000000 	 4294967296.000000 	 4294967296.000000
   90 	 4294967296.000000 	 4294967296.000000 	 4294967296.000000
   91 	 4294967296.000000 	 4294967296.000000 	 4294967296.000000
   92 	 4294967296.000000 	 4294967296.000000 	 4294967296.000000
   93 	 4294967296.000000 	 4294967296.000000 	 4294967296.000000
   94 	 4294967296.000000 	 4294967296.000000 	 4294967296.000000
   95 	 4294967296.000000 	 4294967296.000000 	 4294967296.000000
   96 	 4294967296.000000 	 4294967296.000000 	 4294967296.000000
   97 	 4294967296.000000 	 4294967296.000000 	 4294967296.000000
   98 	 4294967296.000000 	 4294967296.000000 	 4294967296.000000
   99 	 4294967296.000000 	 4294967296.000000 	 4294967296.000000
 