   0 	 -1.000000 	 386547056.672267 	 4294967296.000000
    1 	 -1.000000 	 3521873182.720000 	 4294967296.000000
    2 	 -0.500000 	 3693671874.560238 	 4294967296.000000
    3 	 -1.000000 	 3865470566.400000 	 4294967296.000000
    4 	 -1.000000 	 4037269258.240000 	 4294967296.000000
    5 	 -1.000000 	 4123168604.160000 	 4294967296.000000
    6 	 -1.000000 	 3478923509.765178 	 4294967296.000000
    7 	 -0.500000 	 3951369912.320833 	 4294967296.000000
    8 	 -1.000000 	 4037269258.235000 	 4294967296.000000
    9 	 -1.000000 	 3779571220.483333 	 4294967296.000000
   10 	 -1.000000 	 3779571220.480000 	 4294967296.000000
   11 	 -1.000000 	 3693671874.560000 	 4294967296.000000
   12 	 -0.500000 	 3779571220.484822 	 4294967296.000000
   13 	 -1.000000 	 3865470566.402167 	 4294967296.000000
   14 	 -1.000000 	 3736621547.530179 	 4294967296.000000
   15 	 -1.000000 	 3865470566.395333 	 4294967296.000000
   16 	 -1.000000 	 3736621547.511666 	 4294967296.000000
   17 	 -1.000000 	 3478923509.756667 	 4294967296.000000
   18 	 -1.000000 	 3307124817.925000 	 4294967296.000000
   19 	 -1.000000 	 3264175144.950000 	 4294967296.000000
   20 	 -0.500000 	 3607772528.638441 	 4294967296.000000
   21 	 -1.000000 	 3779571220.480000 	 4294967296.000000
   22 	 -1.000000 	 3865470566.401167 	 4294967296.000000
   23 	 -1.000000 	 4037269258.240000 	 4294967296.000000
   24 	 -1.000000 	 3908420239.370000 	 4294967296.000000
   25 	 -0.333333 	 4123168604.160333 	 4294967296.000000
   26 	 -0.500000 	 4037269258.240000 	 4294967296.000000
   27 	 -1.000000 	 4037269258.240000 	 4294967296.000000
   28 	 -0.250000 	 4166118277.130834 	 4294967296.000000
   29 	 -1.000000 	 3521873182.728000 	 4294967296.000000
   30 	 -0.166667 	 4123168604.159822 	 4294967296.000000
   31 	 -1.000000 	 4037269258.235000 	 4294967296.000000
   32 	 -0.500000 	 4209067950.080000 	 4294967296.000000
   33 	 -0.333333 	 4123168604.160000 	 4294967296.000000
   34 	 -1.000000 	 3865470566.399166 	 4294967296.000000
   35 	 -1.000000 	 4123168604.160000 	 4294967296.000000
   36 	 -1.000000 	 3865470566.397500 	 4294967296.000000
   37 	 4294967296.000000 	 4294967296.000000 	 4294967296.000000
   38 	 -0.500000 	 4123168604.160000 	 4294967296.000000
   39 	 4294967296.000000 	 4294967296.000000 	 4294967296.000000
   40 	 4294967296.000000 	 4294967296.000000 	 4294967296.000000
   41 	 4294967296.000000 	 4294967296.000000 	 4294967296.000000
   42 	 -1.000000 	 4252017623.030000 	 4294967296.000000
   43 	 -1.000000 	 4166118277.110000 	 4294967296.000000
   44 	 -1.000000 	 4209067950.067500 	 4294967296.000000
   45 	 4294967296.000000 	 4294967296.000000 	 4294967296.000000
   46 	 1.000000 	 4252017623.050000 	 4294967296.000000
   47 	 -1.000000 	 4252017623.030000 	 4294967296.000000
   48 	 4294967296.000000 	 4294967296.000000 	 4294967296.000000
   49 	 4294967296.000000 	 4294967296.000000 	 4294967296.000000
   50 	 4294967296.000000 	 4294967296.000000 	 4294967296.000000
   51 	 4294967296.000000 	 4294967296.000000 	 4294967296.000000
   52 	 4294967296.000000 	 4294967296.000000 	 4294967296.000000
   53 	 4294967296.000000 	 4294967296.000000 	 4294967296.000000
   54 	 4294967296.000000 	 4294967296.000000 	 4294967296.000000
   55 	 4294967296.000000 	 4294967296.000000 	 4294967296.000000
   56 	 4294967296.000000 	 4294967296.000000 	 4294967296.000000
   57 	 4294967296.000000 	 4294967296.000000 	 4294967296.000000
   58 	 4294967296.000000 	 4294967296.000000 	 4294967296.000000
   59 	 4294967296.000000 	 4294967296.000000 	 4294967296.000000
   60 	 -0.250000 	 4252017623.037500 	 4294967296.000000
   61 	 4294967296.000000 	 4294967296.000000 	 4294967296.000000
   62 	 0.250000 	 4252017623.042500 	 4294967296.000000
   63 	 0.250000 	 4252017623.042500 	 4294967296.000000
   64 	 4294967296.000000 	 4294967296.000000 	 4294967296.000000
   65 	 4294967296.000000 	 4294967296.000000 	 4294967296.000000
   66 	 4294967296.000000 	 4294967296.000000 	 4294967296.000000
   67 	 0.250000 	 4252017623.042500 	 4294967296.000000
   68 	 4294967296.000000 	 4294967296.000000 	 4294967296.000000
   69 	 4294967296.000000 	 4294967296.000000 	 4294967296.000000
   70 	 4294967296.000000 	 4294967296.000000 	 4294967296.000000
   71 	 4294967296.000000 	 4294967296.000000 	 4294967296.000000
   72 	 4294967296.000000 	 4294967296.000000 	 4294967296.000000
   73 	 4294967296.000000 	 4294967296.000000 	 4294967296.000000
   74 	 4294967296.000000 	 4294967296.000000 	 4294967296.000000
   75 	 4294967296.000000 	 4294967296.000000 	 4294967296.000000
   76 	 1.000000 	 4252017623.050000 	 4294967296.000000
   77 	 0.500000 	 4252017623.045000 	 4294967296.000000
   78 	 4294967296.000000 	 4294967296.000000 	 4294967296.000000
   79 	 4294967296.000000 	 4294967296.000000 	 4294967296.000000
   80 	 4294967296.000000 	 4294967296.000000 	 4294967296.000000
   81 	 4294967296.000000 	 4294967296.000000 	 4294967296.000000
   82 	 4294967296.000000 	 4294967296.000000 	 4294967296.000000
   83 	 1.000000 	 4252017623.050000 	 4294967296.000000
   84 	 4294967296.000000 	 4294967296.000000 	 4294967296.000000
   85 	 0.250000 	 4252017623.042500 	 4294967296.000000
   86 	 4294967296.000000 	 4294967296.000000 	 4294967296.000000
   87 	 0.333333 	 4252017623.043334 	 4294967296.000000
   88 	 1.000000 	 4252017623.050000 	 4294967296.000000
   89 	 4294967296.000000 	 4294967296.000000 	 4294967296.000000
   90 	 4294967296.000000 	 4294967296.000000 	 4294967296.000000
   91 	 4294967296.000000 	 4294967296.000000 	 4294967296.000000
   92 	 4294967296.000000 	 4294967296.000000 	 4294967296.000000
   93 	 4294967296.000000 	 4294967296.000000 	 4294967296.000000
   94 	 4294967296.000000 	 4294967296.000000 	 4294967296.000000
   95 	 4294967296.000000 	 4294967296.000000 	 4294967296.000000
   96 	 4294967296.000000 	 4294967296.000000 	 4294967296.000000
   97 	 -1.000000 	 4252017623.030000 	 4294967296.000000
   98 	 4294967296.000000 	 4294967296.000000 	 4294967296.000000
   99 	 4294967296.000000 	 4294967296.000000 	 4294967296.000000
 