   0 	 -1.000000 	 343597383.692115 	 4294967296.000000
    1 	 -1.000000 	 3822520893.450000 	 4294967296.000000
    2 	 -1.000000 	 3564822855.674999 	 4294967296.000000
    3 	 -0.500000 	 3865470566.399166 	 4294967296.000000
    4 	 -1.000000 	 3564822855.668333 	 4294967296.000000
    5 	 -1.000000 	 3693671874.561666 	 4294967296.000000
    6 	 -1.000000 	 3435973836.800000 	 4294967296.000000
    7 	 -1.000000 	 3736621547.529167 	 4294967296.000000
    8 	 -1.000000 	 3435973836.798000 	 4294967296.000000
    9 	 -1.000000 	 3650722201.593334 	 4294967296.000000
   10 	 -0.500000 	 3607772528.638334 	 4294967296.000000
   11 	 -1.000000 	 3994319585.290000 	 4294967296.000000
   12 	 -1.000000 	 3736621547.513595 	 4294967296.000000
   13 	 -0.333333 	 3865470566.400000 	 4294967296.000000
   14 	 -0.500000 	 4037269258.240000 	 4294967296.000000
   15 	 -0.500000 	 3951369912.318095 	 4294967296.000000
   16 	 -1.000000 	 3951369912.317833 	 4294967296.000000
   17 	 4294967296.000000 	 4294967296.000000 	 4294967296.000000
   18 	 -1.000000 	 3779571220.480000 	 4294967296.000000
   19 	 -1.000000 	 3865470566.400167 	 4294967296.000000
   20 	 -1.000000 	 3951369912.313833 	 4294967296.000000
   21 	 -0.500000 	 3994319585.290000 	 4294967296.000000
   22 	 -1.000000 	 4037269258.252500 	 4294967296.000000
   23 	 -0.250000 	 4209067950.080000 	 4294967296.000000
   24 	 -1.000000 	 3865470566.395500 	 4294967296.000000
   25 	 -0.500000 	 4123168604.157500 	 4294967296.000000
   26 	 -0.500000 	 4123168604.156666 	 4294967296.000000
   27 	 -0.500000 	 3951369912.317834 	 4294967296.000000
   28 	 -0.500000 	 4123168604.158334 	 4294967296.000000
   29 	 4294967296.000000 	 4294967296.000000 	 4294967296.000000
   30 	 4294967296.000000 	 4294967296.000000 	 4294967296.000000
   31 	 4294967296.000000 	 4294967296.000000 	 4294967296.000000
   32 	 -1.000000 	 4252017623.030000 	 4294967296.000000
   33 	 -0.500000 	 4123168604.156667 	 4294967296.000000
   34 	 4294967296.000000 	 4294967296.000000 	 4294967296.000000
   35 	 -0.500000 	 4123168604.160000 	 4294967296.000000
   36 	 -0.500000 	 4209067950.080000 	 4294967296.000000
   37 	 -0.250000 	 4209067950.079500 	 4294967296.000000
   38 	 -1.000000 	 4252017623.030000 	 4294967296.000000
   39 	 4294967296.000000 	 4294967296.000000 	 4294967296.000000
   40 	 -0.500000 	 4209067950.078333 	 4294967296.000000
   41 	 4294967296.000000 	 4294967296.000000 	 4294967296.000000
   42 	 4294967296.000000 	 4294967296.000000 	 4294967296.000000
   43 	 4294967296.000000 	 4294967296.000000 	 4294967296.000000
   44 	 4294967296.000000 	 4294967296.000000 	 4294967296.000000
   45 	 -0.500000 	 4209067950.078333 	 4294967296.000000
   46 	 -0.500000 	 4123168604.159500 	 4294967296.000000
   47 	 4294967296.000000 	 4294967296.000000 	 4294967296.000000
   48 	 4294967296.000000 	 4294967296.000000 	 4294967296.000000
   49 	 0.200000 	 4209067950.087000 	 4294967296.000000
   50 	 -0.500000 	 4252017623.035000 	 4294967296.000000
   51 	 4294967296.000000 	 4294967296.000000 	 4294967296.000000
   52 	 -0.500000 	 4252017623.035000 	 4294967296.000000
   53 	 4294967296.000000 	 4294967296.000000 	 4294967296.000000
   54 	 4294967296.000000 	 4294967296.000000 	 4294967296.000000
   55 	 4294967296.000000 	 4294967296.000000 	 4294967296.000000
   56 	 -0.500000 	 4166118277.130000 	 4294967296.000000
   57 	 0.200000 	 4252017623.042000 	 4294967296.000000
   58 	 4294967296.000000 	 4294967296.000000 	 4294967296.000000
   59 	 4294967296.000000 	 4294967296.000000 	 4294967296.000000
   60 	 4294967296.000000 	 4294967296.000000 	 4294967296.000000
   61 	 4294967296.000000 	 4294967296.000000 	 4294967296.000000
   62 	 4294967296.000000 	 4294967296.000000 	 4294967296.000000
   63 	 4294967296.000000 	 4294967296.000000 	 4294967296.000000
   64 	 -0.500000 	 4123168604.156666 	 4294967296.000000
   65 	 4294967296.000000 	 4294967296.000000 	 4294967296.000000
   66 	 4294967296.000000 	 4294967296.000000 	 4294967296.000000
   67 	 4294967296.000000 	 4294967296.000000 	 4294967296.000000
   68 	 -0.500000 	 4209067950.078333 	 4294967296.000000
   69 	 4294967296.000000 	 4294967296.000000 	 4294967296.000000
   70 	 4294967296.000000 	 4294967296.000000 	 4294967296.000000
   71 	 4294967296.000000 	 4294967296.000000 	 4294967296.000000
   72 	 -0.500000 	 4123168604.158334 	 4294967296.000000
   73 	 4294967296.000000 	 4294967296.000000 	 4294967296.000000
   74 	 -0.250000 	 4252017623.037500 	 4294967296.000000
   75 	 -0.500000 	 4252017623.035000 	 4294967296.000000
   76 	 4294967296.000000 	 4294967296.000000 	 4294967296.000000
   77 	 4294967296.000000 	 4294967296.000000 	 4294967296.000000
   78 	 4294967296.000000 	 4294967296.000000 	 4294967296.000000
   79 	 4294967296.000000 	 4294967296.000000 	 4294967296.000000
   80 	 4294967296.000000 	 4294967296.000000 	 4294967296.000000
   81 	 4294967296.000000 	 4294967296.000000 	 4294967296.000000
   82 	 -1.000000 	 4252017623.030000 	 4294967296.000000
   83 	 4294967296.000000 	 4294967296.000000 	 4294967296.000000
   84 	 4294967296.000000 	 4294967296.000000 	 4294967296.000000
   85 	 4294967296.000000 	 4294967296.000000 	 4294967296.000000
   86 	 4294967296.000000 	 4294967296.000000 	 4294967296.000000
   87 	 4294967296.000000 	 4294967296.000000 	 4294967296.000000
   88 	 4294967296.000000 	 4294967296.000000 	 4294967296.000000
   89 	 4294967296.000000 	 4294967296.000000 	 4294967296.000000
   90 	 4294967296.000000 	 4294967296.000000 	 4294967296.000000
   91 	 1.000000 	 4252017623.050000 	 4294967296.000000
   92 	 -1.000000 	 4252017623.030000 	 4294967296.000000
   93 	 4294967296.000000 	 4294967296.000000 	 4294967296.000000
   94 	 4294967296.000000 	 4294967296.000000 	 4294967296.000000
   95 	 0.250000 	 4252017623.042500 	 4294967296.000000
   96 	 4294967296.000000 	 4294967296.000000 	 4294967296.000000
   97 	 -1.000000 	 4252017623.030000 	 4294967296.000000
   98 	 -1.000000 	 4252017623.030000 	 4294967296.000000
   99 	 4294967296.000000 	 4294967296.000000 	 4294967296.000000
 