   0 	 -1.000000 	 214748364.775942 	 4294967296.000000
    1 	 -1.000000 	 3779571220.463334 	 4294967296.000000
    2 	 -1.000000 	 3521873182.717500 	 4294967296.000000
    3 	 -1.000000 	 3908420239.362262 	 4294967296.000000
    4 	 -1.000000 	 3865470566.398333 	 4294967296.000000
    5 	 -0.500000 	 3521873182.719889 	 4294967296.000000
    6 	 -1.000000 	 3607772528.634762 	 4294967296.000000
    7 	 -1.000000 	 3951369912.300000 	 4294967296.000000
    8 	 -1.000000 	 3564822855.689262 	 4294967296.000000
    9 	 -1.000000 	 3564822855.670000 	 4294967296.000000
   10 	 -0.500000 	 3822520893.450000 	 4294967296.000000
   11 	 -0.250000 	 3951369912.319583 	 4294967296.000000
   12 	 -1.000000 	 3264175144.951039 	 4294967296.000000
   13 	 -0.333333 	 3736621547.530000 	 4294967296.000000
   14 	 -0.250000 	 3951369912.319167 	 4294967296.000000
   15 	 -1.000000 	 3779571220.484667 	 4294967296.000000
   16 	 -1.000000 	 3908420239.362833 	 4294967296.000000
   17 	 -1.000000 	 3779571220.479333 	 4294967296.000000
   18 	 -1.000000 	 3951369912.315000 	 4294967296.000000
   19 	 -1.000000 	 3779571220.479762 	 4294967296.000000
   20 	 -1.000000 	 3779571220.474667 	 4294967296.000000
   21 	 -1.000000 	 3865470566.400333 	 4294967296.000000
   22 	 -0.500000 	 3994319585.289762 	 4294967296.000000
   23 	 -1.000000 	 4037269258.239166 	 4294967296.000000
   24 	 -1.000000 	 3822520893.450000 	 4294967296.000000
   25 	 -1.000000 	 3350074490.880595 	 4294967296.000000
   26 	 -0.500000 	 3994319585.281667 	 4294967296.000000
   27 	 -1.000000 	 3994319585.289667 	 4294967296.000000
   28 	 -1.000000 	 4037269258.240000 	 4294967296.000000
   29 	 -0.333333 	 3908420239.371167 	 4294967296.000000
   30 	 -0.500000 	 3779571220.479382 	 4294967296.000000
   31 	 -0.090909 	 4123168604.173334 	 4294967296.000000
   32 	 -1.000000 	 3693671874.559166 	 4294967296.000000
   33 	 -0.500000 	 3779571220.477667 	 4294967296.000000
   34 	 -0.125000 	 4123168604.160139 	 4294967296.000000
   35 	 -1.000000 	 3607772528.639667 	 4294967296.000000
   36 	 -1.000000 	 3607772528.638520 	 4294967296.000000
   37 	 -1.000000 	 4166118277.103333 	 4294967296.000000
   38 	 -0.500000 	 3865470566.403334 	 4294967296.000000
   39 	 -0.333333 	 4037269258.240000 	 4294967296.000000
   40 	 -1.000000 	 4037269258.240000 	 4294967296.000000
   41 	 -1.000000 	 3865470566.390000 	 4294967296.000000
   42 	 -1.000000 	 3951369912.320000 	 4294967296.000000
   43 	 -0.333333 	 3994319585.276667 	 4294967296.000000
   44 	 -1.000000 	 3693671874.559139 	 4294967296.000000
   45 	 -1.000000 	 3865470566.399722 	 4294967296.000000
   46 	 -1.000000 	 3521873182.722499 	 4294967296.000000
   47 	 -1.000000 	 3435973836.795667 	 4294967296.000000
   48 	 -1.000000 	 3521873182.718000 	 4294967296.000000
   49 	 -1.000000 	 3607772528.638000 	 4294967296.000000
   50 	 -1.000000 	 3951369912.315000 	 4294967296.000000
   51 	 -0.250000 	 4123168604.160000 	 4294967296.000000
   52 	 -0.500000 	 3865470566.397666 	 4294967296.000000
   53 	 -1.000000 	 3951369912.320262 	 4294967296.000000
   54 	 -0.500000 	 3951369912.317833 	 4294967296.000000
   55 	 -1.000000 	 3951369912.314762 	 4294967296.000000
   56 	 -0.250000 	 4123168604.160000 	 4294967296.000000
   57 	 -1.000000 	 4123168604.160076 	 4294967296.000000
   58 	 -0.333333 	 4037269258.240000 	 4294967296.000000
   59 	 -0.333333 	 4123168604.160000 	 4294967296.000000
   60 	 -0.166667 	 4123168604.159762 	 4294967296.000000
   61 	 -1.000000 	 4037269258.239500 	 4294967296.000000
   62 	 -0.333333 	 4209067950.080000 	 4294967296.000000
   63 	 -1.000000 	 3951369912.315000 	 4294967296.000000
   64 	 -0.500000 	 4037269258.240000 	 4294967296.000000
   65 	 -0.333333 	 4209067950.080000 	 4294967296.000000
   66 	 4294967296.000000 	 4294967296.000000 	 4294967296.000000
   67 	 4294967296.000000 	 4294967296.000000 	 4294967296.000000
   68 	 -1.000000 	 4123168604.160000 	 4294967296.000000
   69 	 4294967296.000000 	 4294967296.000000 	 4294967296.000000
   70 	 4294967296.000000 	 4294967296.000000 	 4294967296.000000
   71 	 4294967296.000000 	 4294967296.000000 	 4294967296.000000
   72 	 -0.500000 	 4252017623.035000 	 4294967296.000000
   73 	 -0.500000 	 4252017623.035000 	 4294967296.000000
   74 	 4294967296.000000 	 4294967296.000000 	 4294967296.000000
   75 	 -0.500000 	 4252017623.035000 	 4294967296.000000
   76 	 4294967296.000000 	 4294967296.000000 	 4294967296.000000
   77 	 4294967296.000000 	 4294967296.000000 	 4294967296.000000
   78 	 4294967296.000000 	 4294967296.000000 	 4294967296.000000
   79 	 4294967296.000000 	 4294967296.000000 	 4294967296.000000
   80 	 4294967296.000000 	 4294967296.000000 	 4294967296.000000
   81 	 4294967296.000000 	 4294967296.000000 	 4294967296.000000
   82 	 1.000000 	 4252017623.050000 	 4294967296.000000
   83 	 4294967296.000000 	 4294967296.000000 	 4294967296.000000
   84 	 4294967296.000000 	 4294967296.000000 	 4294967296.000000
   85 	 4294967296.000000 	 4294967296.000000 	 4294967296.000000
   86 	 -1.000000 	 4252017623.030000 	 4294967296.000000
   87 	 4294967296.000000 	 4294967296.000000 	 4294967296.000000
   88 	 4294967296.000000 	 4294967296.000000 	 4294967296.000000
   89 	 1.000000 	 4252017623.050000 	 4294967296.000000
   90 	 4294967296.000000 	 4294967296.000000 	 4294967296.000000
   91 	 4294967296.000000 	 4294967296.000000 	 4294967296.000000
   92 	 4294967296.000000 	 4294967296.000000 	 4294967296.000000
   93 	 4294967296.000000 	 4294967296.000000 	 4294967296.000000
   94 	 4294967296.000000 	 4294967296.000000 	 4294967296.000000
   95 	 4294967296.000000 	 4294967296.000000 	 4294967296.000000
   96 	 4294967296.000000 	 4294967296.000000 	 4294967296.000000
   97 	 1.000000 	 4252017623.050000 	 4294967296.000000
   98 	 0.200000 	 4252017623.042000 	 4294967296.000000
   99 	 4294967296.000000 	 4294967296.000000 	 4294967296.000000
 