   0 	 -1.000000 	 214748364.888956 	 4294967296.000000
    1 	 -1.000000 	 3865470566.399500 	 4294967296.000000
    2 	 -1.000000 	 3521873182.734762 	 4294967296.000000
    3 	 -0.500000 	 3908420239.370000 	 4294967296.000000
    4 	 -1.000000 	 3865470566.399166 	 4294967296.000000
    5 	 -1.000000 	 3779571220.470000 	 4294967296.000000
    6 	 -0.500000 	 4123168604.159762 	 4294967296.000000
    7 	 -1.000000 	 3908420239.364667 	 4294967296.000000
    8 	 -1.000000 	 3994319585.279667 	 4294967296.000000
    9 	 -0.500000 	 3951369912.319500 	 4294967296.000000
   10 	 -1.000000 	 3607772528.640000 	 4294967296.000000
   11 	 -1.000000 	 3994319585.290000 	 4294967296.000000
   12 	 -1.000000 	 3908420239.350000 	 4294967296.000000
   13 	 -0.500000 	 4037269258.240000 	 4294967296.000000
   14 	 -1.000000 	 3822520893.450000 	 4294967296.000000
   15 	 -0.500000 	 3607772528.638424 	 4294967296.000000
   16 	 -0.500000 	 3779571220.480333 	 4294967296.000000
   17 	 -1.000000 	 3994319585.289762 	 4294967296.000000
   18 	 -1.000000 	 3908420239.364822 	 4294967296.000000
   19 	 -0.500000 	 4209067950.080000 	 4294967296.000000
   20 	 -0.200000 	 4037269258.240230 	 4294967296.000000
   21 	 -0.333333 	 4037269258.239166 	 4294967296.000000
   22 	 -0.166667 	 4037269258.239762 	 4294967296.000000
   23 	 -0.200000 	 4166118277.125000 	 4294967296.000000
   24 	 -1.000000 	 3865470566.394667 	 4294967296.000000
   25 	 -0.250000 	 4209067950.079500 	 4294967296.000000
   26 	 -0.333333 	 4123168604.160000 	 4294967296.000000
   27 	 -1.000000 	 4166118277.115000 	 4294967296.000000
   28 	 -0.200000 	 4209067950.080000 	 4294967296.000000
   29 	 -0.500000 	 4037269258.240238 	 4294967296.000000
   30 	 4294967296.000000 	 4294967296.000000 	 4294967296.000000
   31 	 -0.500000 	 4209067950.080000 	 4294967296.000000
   32 	 -0.200000 	 4209067950.080000 	 4294967296.000000
   33 	 -0.500000 	 4037269258.238334 	 4294967296.000000
   34 	 -0.500000 	 4123168604.173333 	 4294967296.000000
   35 	 -0.200000 	 4209067950.080000 	 4294967296.000000
   36 	 -1.000000 	 4080218931.202500 	 4294967296.000000
   37 	 -0.250000 	 4166118277.117262 	 4294967296.000000
   38 	 -0.250000 	 4166118277.122000 	 4294967296.000000
   39 	 4294967296.000000 	 4294967296.000000 	 4294967296.000000
   40 	 4294967296.000000 	 4294967296.000000 	 4294967296.000000
   41 	 -0.250000 	 4123168604.159500 	 4294967296.000000
   42 	 4294967296.000000 	 4294967296.000000 	 4294967296.000000
   43 	 -0.142857 	 4209067950.080238 	 4294967296.000000
   44 	 4294967296.000000 	 4294967296.000000 	 4294967296.000000
   45 	 -1.000000 	 3994319585.276167 	 4294967296.000000
   46 	 4294967296.000000 	 4294967296.000000 	 4294967296.000000
   47 	 4294967296.000000 	 4294967296.000000 	 4294967296.000000
   48 	 4294967296.000000 	 4294967296.000000 	 4294967296.000000
   49 	 4294967296.000000 	 4294967296.000000 	 4294967296.000000
   50 	 4294967296.000000 	 4294967296.000000 	 4294967296.000000
   51 	 4294967296.000000 	 4294967296.000000 	 4294967296.000000
   52 	 0.250000 	 4252017623.042500 	 4294967296.000000
   53 	 4294967296.000000 	 4294967296.000000 	 4294967296.000000
   54 	 4294967296.000000 	 4294967296.000000 	 4294967296.000000
   55 	 4294967296.000000 	 4294967296.000000 	 4294967296.000000
   56 	 4294967296.000000 	 4294967296.000000 	 4294967296.000000
   57 	 -0.250000 	 4209067950.087500 	 4294967296.000000
   58 	 -0.500000 	 4252017623.035000 	 4294967296.000000
   59 	 0.250000 	 4209067950.087500 	 4294967296.000000
   60 	 4294967296.000000 	 4294967296.000000 	 4294967296.000000
   61 	 4294967296.000000 	 4294967296.000000 	 4294967296.000000
   62 	 4294967296.000000 	 4294967296.000000 	 4294967296.000000
   63 	 4294967296.000000 	 4294967296.000000 	 4294967296.000000
   64 	 0.500000 	 4252017623.045000 	 4294967296.000000
   65 	 4294967296.000000 	 4294967296.000000 	 4294967296.000000
   66 	 4294967296.000000 	 4294967296.000000 	 4294967296.000000
   67 	 0.250000 	 4252017623.042500 	 4294967296.000000
   68 	 1.000000 	 4252017623.050000 	 4294967296.000000
   69 	 4294967296.000000 	 4294967296.000000 	 4294967296.000000
   70 	 4294967296.000000 	 4294967296.000000 	 4294967296.000000
   71 	 4294967296.000000 	 4294967296.000000 	 4294967296.000000
   72 	 4294967296.000000 	 4294967296.000000 	 4294967296.000000
   73 	 0.333333 	 4252017623.043333 	 4294967296.000000
   74 	 4294967296.000000 	 4294967296.000000 	 4294967296.000000
   75 	 4294967296.000000 	 4294967296.000000 	 4294967296.000000
   76 	 4294967296.000000 	 4294967296.000000 	 4294967296.000000
   77 	 4294967296.000000 	 4294967296.000000 	 4294967296.000000
   78 	 -1.000000 	 4252017623.030000 	 4294967296.000000
   79 	 -0.250000 	 4252017623.037500 	 4294967296.000000
   80 	 -1.000000 	 4252017623.030000 	 4294967296.000000
   81 	 4294967296.000000 	 4294967296.000000 	 4294967296.000000
   82 	 0.500000 	 4252017623.045000 	 4294967296.000000
   83 	 4294967296.000000 	 4294967296.000000 	 4294967296.000000
   84 	 4294967296.000000 	 4294967296.000000 	 4294967296.000000
   85 	 4294967296.000000 	 4294967296.000000 	 4294967296.000000
   86 	 4294967296.000000 	 4294967296.000000 	 4294967296.000000
   87 	 4294967296.000000 	 4294967296.000000 	 4294967296.000000
   88 	 4294967296.000000 	 4294967296.000000 	 4294967296.000000
   89 	 4294967296.000000 	 4294967296.000000 	 4294967296.000000
   90 	 4294967296.000000 	 4294967296.000000 	 4294967296.000000
   91 	 0.250000 	 4252017623.042500 	 4294967296.000000
   92 	 4294967296.000000 	 4294967296.000000 	 4294967296.000000
   93 	 4294967296.000000 	 4294967296.000000 	 4294967296.000000
   94 	 4294967296.000000 	 4294967296.000000 	 4294967296.000000
   95 	 -0.250000 	 4252017623.037500 	 4294967296.000000
   96 	 4294967296.000000 	 4294967296.000000 	 4294967296.000000
   97 	 4294967296.000000 	 4294967296.000000 	 4294967296.000000
   98 	 4294967296.000000 	 4294967296.000000 	 4294967296.000000
   99 	 0.500000 	 4252017623.045000 	 4294967296.000000
 