   0 	 -1.000000 	 343597383.713013 	 4294967296.000000
    1 	 -1.000000 	 3650722201.600834 	 4294967296.000000
    2 	 -1.000000 	 4037269258.240000 	 4294967296.000000
    3 	 -1.000000 	 3779571220.478334 	 4294967296.000000
    4 	 -1.000000 	 3994319585.270000 	 4294967296.000000
    5 	 -0.333333 	 3951369912.340000 	 4294967296.000000
    6 	 -1.000000 	 3607772528.639166 	 4294967296.000000
    7 	 -1.000000 	 3779571220.475000 	 4294967296.000000
    8 	 -1.000000 	 3650722201.595833 	 4294967296.000000
    9 	 -1.000000 	 3693671874.559821 	 4294967296.000000
   10 	 -1.000000 	 3607772528.639500 	 4294967296.000000
   11 	 -1.000000 	 3693671874.565000 	 4294967296.000000
   12 	 -0.250000 	 4037269258.240655 	 4294967296.000000
   13 	 -1.000000 	 3693671874.560000 	 4294967296.000000
   14 	 -1.000000 	 3264175144.977405 	 4294967296.000000
   15 	 -1.000000 	 3607772528.644500 	 4294967296.000000
   16 	 -1.000000 	 3779571220.495000 	 4294967296.000000
   17 	 -1.000000 	 3736621547.530000 	 4294967296.000000
   18 	 -1.000000 	 3693671874.554166 	 4294967296.000000
   19 	 -1.000000 	 3779571220.481667 	 4294967296.000000
   20 	 -1.000000 	 3693671874.560000 	 4294967296.000000
   21 	 -1.000000 	 3822520893.444500 	 4294967296.000000
   22 	 -1.000000 	 3908420239.370000 	 4294967296.000000
   23 	 -0.500000 	 3693671874.559167 	 4294967296.000000
   24 	 -1.000000 	 3865470566.400000 	 4294967296.000000
   25 	 -1.000000 	 3693671874.560500 	 4294967296.000000
   26 	 -1.000000 	 3736621547.510000 	 4294967296.000000
   27 	 -1.000000 	 3607772528.640000 	 4294967296.000000
   28 	 -1.000000 	 3435973836.800000 	 4294967296.000000
   29 	 -0.500000 	 3951369912.324500 	 4294967296.000000
   30 	 -1.000000 	 3822520893.450000 	 4294967296.000000
   31 	 -0.500000 	 3822520893.450000 	 4294967296.000000
   32 	 -1.000000 	 3607772528.640000 	 4294967296.000000
   33 	 -1.000000 	 3908420239.355000 	 4294967296.000000
   34 	 -0.500000 	 3779571220.479667 	 4294967296.000000
   35 	 -1.000000 	 4037269258.240000 	 4294967296.000000
   36 	 -1.000000 	 3865470566.400333 	 4294967296.000000
   37 	 -1.000000 	 3693671874.564167 	 4294967296.000000
   38 	 -1.000000 	 4209067950.080000 	 4294967296.000000
   39 	 -0.333333 	 4037269258.239500 	 4294967296.000000
   40 	 -1.000000 	 3994319585.275000 	 4294967296.000000
   41 	 -0.333333 	 4123168604.160000 	 4294967296.000000
   42 	 -1.000000 	 4123168604.160000 	 4294967296.000000
   43 	 -0.200000 	 4166118277.130000 	 4294967296.000000
   44 	 -1.000000 	 4252017623.030000 	 4294967296.000000
   45 	 -1.000000 	 4037269258.240000 	 4294967296.000000
   46 	 -0.500000 	 4166118277.116667 	 4294967296.000000
   47 	 -1.000000 	 4166118277.110000 	 4294967296.000000
   48 	 -1.000000 	 4037269258.240000 	 4294967296.000000
   49 	 4294967296.000000 	 4294967296.000000 	 4294967296.000000
   50 	 4294967296.000000 	 4294967296.000000 	 4294967296.000000
   51 	 4294967296.000000 	 4294967296.000000 	 4294967296.000000
   52 	 -1.000000 	 4123168604.160000 	 4294967296.000000
   53 	 -0.250000 	 4209067950.079500 	 4294967296.000000
   54 	 -1.000000 	 4209067950.080000 	 4294967296.000000
   55 	 -0.200000 	 4209067950.080000 	 4294967296.000000
   56 	 4294967296.000000 	 4294967296.000000 	 4294967296.000000
   57 	 4294967296.000000 	 4294967296.000000 	 4294967296.000000
   58 	 4294967296.000000 	 4294967296.000000 	 4294967296.000000
   59 	 4294967296.000000 	 4294967296.000000 	 4294967296.000000
   60 	 4294967296.000000 	 4294967296.000000 	 4294967296.000000
   61 	 0.250000 	 4252017623.042500 	 4294967296.000000
   62 	 4294967296.000000 	 4294967296.000000 	 4294967296.000000
   63 	 4294967296.000000 	 4294967296.000000 	 4294967296.000000
   64 	 4294967296.000000 	 4294967296.000000 	 4294967296.000000
   65 	 -0.250000 	 4252017623.037500 	 4294967296.000000
   66 	 4294967296.000000 	 4294967296.000000 	 4294967296.000000
   67 	 -0.250000 	 4252017623.037500 	 4294967296.000000
   68 	 4294967296.000000 	 4294967296.000000 	 4294967296.000000
   69 	 4294967296.000000 	 4294967296.000000 	 4294967296.000000
   70 	 4294967296.000000 	 4294967296.000000 	 4294967296.000000
   71 	 4294967296.000000 	 4294967296.000000 	 4294967296.000000
   72 	 -0.200000 	 4209067950.083000 	 4294967296.000000
   73 	 4294967296.000000 	 4294967296.000000 	 4294967296.000000
   74 	 4294967296.000000 	 4294967296.000000 	 4294967296.000000
   75 	 4294967296.000000 	 4294967296.000000 	 4294967296.000000
   76 	 4294967296.000000 	 4294967296.000000 	 4294967296.000000
   77 	 4294967296.000000 	 4294967296.000000 	 4294967296.000000
   78 	 4294967296.000000 	 4294967296.000000 	 4294967296.000000
   79 	 0.250000 	 4252017623.042500 	 4294967296.000000
   80 	 4294967296.000000 	 4294967296.000000 	 4294967296.000000
   81 	 4294967296.000000 	 4294967296.000000 	 4294967296.000000
   82 	 0.333333 	 4252017623.043334 	 4294967296.000000
   83 	 4294967296.000000 	 4294967296.000000 	 4294967296.000000
   84 	 4294967296.000000 	 4294967296.000000 	 4294967296.000000
   85 	 4294967296.000000 	 4294967296.000000 	 4294967296.000000
   86 	 4294967296.000000 	 4294967296.000000 	 4294967296.000000
   87 	 4294967296.000000 	 4294967296.000000 	 4294967296.000000
   88 	 4294967296.000000 	 4294967296.000000 	 4294967296.000000
   89 	 4294967296.000000 	 4294967296.000000 	 4294967296.000000
   90 	 4294967296.000000 	 4294967296.000000 	 4294967296.000000
   91 	 4294967296.000000 	 4294967296.000000 	 4294967296.000000
   92 	 4294967296.000000 	 4294967296.000000 	 4294967296.000000
   93 	 4294967296.000000 	 4294967296.000000 	 4294967296.000000
   94 	 4294967296.000000 	 4294967296.000000 	 4294967296.000000
   95 	 4294967296.000000 	 4294967296.000000 	 4294967296.000000
   96 	 4294967296.000000 	 4294967296.000000 	 4294967296.000000
   97 	 4294967296.000000 	 4294967296.000000 	 4294967296.000000
   98 	 4294967296.000000 	 4294967296.000000 	 4294967296.000000
   99 	 4294967296.000000 	 4294967296.000000 	 4294967296.000000
 