   0 	 -1.000000 	 429496729.544793 	 4294967296.000000
    1 	 -1.000000 	 3736621547.511667 	 4294967296.000000
    2 	 -1.000000 	 3435973836.798333 	 4294967296.000000
    3 	 -1.000000 	 3779571220.460000 	 4294967296.000000
    4 	 -1.000000 	 3693671874.574166 	 4294967296.000000
    5 	 -1.000000 	 3521873182.719833 	 4294967296.000000
    6 	 -1.000000 	 3779571220.461666 	 4294967296.000000
    7 	 -1.000000 	 3693671874.561167 	 4294967296.000000
    8 	 -0.500000 	 3779571220.481667 	 4294967296.000000
    9 	 -1.000000 	 3607772528.640000 	 4294967296.000000
   10 	 -1.000000 	 4037269258.239500 	 4294967296.000000
   11 	 -1.000000 	 3865470566.400000 	 4294967296.000000
   12 	 -0.500000 	 4037269258.247500 	 4294967296.000000
   13 	 -1.000000 	 3564822855.676333 	 4294967296.000000
   14 	 -1.000000 	 3521873182.714167 	 4294967296.000000
   15 	 -1.000000 	 3650722201.590833 	 4294967296.000000
   16 	 -1.000000 	 3865470566.384667 	 4294967296.000000
   17 	 -1.000000 	 3607772528.640500 	 4294967296.000000
   18 	 -0.500000 	 3822520893.455000 	 4294967296.000000
   19 	 -1.000000 	 3607772528.640000 	 4294967296.000000
   20 	 -1.000000 	 3779571220.480834 	 4294967296.000000
   21 	 -1.000000 	 4123168604.153333 	 4294967296.000000
   22 	 -0.333333 	 3951369912.339167 	 4294967296.000000
   23 	 -0.333333 	 3908420239.355833 	 4294967296.000000
   24 	 4294967296.000000 	 4294967296.000000 	 4294967296.000000
   25 	 -0.333333 	 4123168604.159166 	 4294967296.000000
   26 	 -1.000000 	 3994319585.266666 	 4294967296.000000
   27 	 4294967296.000000 	 4294967296.000000 	 4294967296.000000
   28 	 1.000000 	 4252017623.050000 	 4294967296.000000
   29 	 4294967296.000000 	 4294967296.000000 	 4294967296.000000
   30 	 -0.500000 	 3865470566.399500 	 4294967296.000000
   31 	 -0.500000 	 4166118277.115000 	 4294967296.000000
   32 	 -0.333333 	 4123168604.159167 	 4294967296.000000
   33 	 -1.000000 	 4123168604.155000 	 4294967296.000000
   34 	 4294967296.000000 	 4294967296.000000 	 4294967296.000000
   35 	 4294967296.000000 	 4294967296.000000 	 4294967296.000000
   36 	 -0.333333 	 4037269258.238334 	 4294967296.000000
   37 	 4294967296.000000 	 4294967296.000000 	 4294967296.000000
   38 	 0.500000 	 4252017623.045000 	 4294967296.000000
   39 	 -0.200000 	 4252017623.038000 	 4294967296.000000
   40 	 4294967296.000000 	 4294967296.000000 	 4294967296.000000
   41 	 -1.000000 	 4252017623.030000 	 4294967296.000000
   42 	 4294967296.000000 	 4294967296.000000 	 4294967296.000000
   43 	 4294967296.000000 	 4294967296.000000 	 4294967296.000000
   44 	 4294967296.000000 	 4294967296.000000 	 4294967296.000000
   45 	 4294967296.000000 	 4294967296.000000 	 4294967296.000000
   46 	 4294967296.000000 	 4294967296.000000 	 4294967296.000000
   47 	 4294967296.000000 	 4294967296.000000 	 4294967296.000000
   48 	 4294967296.000000 	 4294967296.000000 	 4294967296.000000
   49 	 1.000000 	 4252017623.050000 	 4294967296.000000
   50 	 0.250000 	 4252017623.042500 	 4294967296.000000
   51 	 4294967296.000000 	 4294967296.000000 	 4294967296.000000
   52 	 4294967296.000000 	 4294967296.000000 	 4294967296.000000
   53 	 4294967296.000000 	 4294967296.000000 	 4294967296.000000
   54 	 4294967296.000000 	 4294967296.000000 	 4294967296.000000
   55 	 4294967296.000000 	 4294967296.000000 	 4294967296.000000
   56 	 4294967296.000000 	 4294967296.000000 	 4294967296.000000
   57 	 4294967296.000000 	 4294967296.000000 	 4294967296.000000
   58 	 4294967296.000000 	 4294967296.000000 	 4294967296.000000
   59 	 4294967296.000000 	 4294967296.000000 	 4294967296.000000
   60 	 4294967296.000000 	 4294967296.000000 	 4294967296.000000
   61 	 4294967296.000000 	 4294967296.000000 	 4294967296.000000
   62 	 4294967296.000000 	 4294967296.000000 	 4294967296.000000
   63 	 4294967296.000000 	 4294967296.000000 	 4294967296.000000
   64 	 4294967296.000000 	 4294967296.000000 	 4294967296.000000
   65 	 4294967296.000000 	 4294967296.000000 	 4294967296.000000
   66 	 4294967296.000000 	 4294967296.000000 	 4294967296.000000
   67 	 4294967296.000000 	 4294967296.000000 	 4294967296.000000
   68 	 4294967296.000000 	 4294967296.000000 	 4294967296.000000
   69 	 4294967296.000000 	 4294967296.000000 	 4294967296.000000
   70 	 4294967296.000000 	 4294967296.000000 	 4294967296.000000
   71 	 -1.000000 	 4252017623.030000 	 4294967296.000000
   72 	 4294967296.000000 	 4294967296.000000 	 4294967296.000000
   73 	 4294967296.000000 	 4294967296.000000 	 4294967296.000000
   74 	 4294967296.000000 	 4294967296.000000 	 4294967296.000000
   75 	 4294967296.000000 	 4294967296.000000 	 4294967296.000000
   76 	 4294967296.000000 	 4294967296.000000 	 4294967296.000000
   77 	 -0.250000 	 4252017623.037500 	 4294967296.000000
   78 	 4294967296.000000 	 4294967296.000000 	 4294967296.000000
   79 	 4294967296.000000 	 4294967296.000000 	 4294967296.000000
   80 	 4294967296.000000 	 4294967296.000000 	 4294967296.000000
   81 	 4294967296.000000 	 4294967296.000000 	 4294967296.000000
   82 	 4294967296.000000 	 4294967296.000000 	 4294967296.000000
   83 	 4294967296.000000 	 4294967296.000000 	 4294967296.000000
   84 	 4294967296.000000 	 4294967296.000000 	 4294967296.000000
   85 	 4294967296.000000 	 4294967296.000000 	 4294967296.000000
   86 	 4294967296.000000 	 4294967296.000000 	 4294967296.000000
   87 	 4294967296.000000 	 4294967296.000000 	 4294967296.000000
   88 	 4294967296.000000 	 4294967296.000000 	 4294967296.000000
   89 	 4294967296.000000 	 4294967296.000000 	 4294967296.000000
   90 	 4294967296.000000 	 4294967296.000000 	 4294967296.000000
   91 	 4294967296.000000 	 4294967296.000000 	 4294967296.000000
   92 	 4294967296.000000 	 4294967296.000000 	 4294967296.000000
   93 	 4294967296.000000 	 4294967296.000000 	 4294967296.000000
   94 	 4294967296.000000 	 4294967296.000000 	 4294967296.000000
   95 	 4294967296.000000 	 4294967296.000000 	 4294967296.000000
   96 	 1.000000 	 4252017623.050000 	 4294967296.000000
   97 	 4294967296.000000 	 4294967296.000000 	 4294967296.000000
   98 	 4294967296.000000 	 4294967296.000000 	 4294967296.000000
   99 	 4294967296.000000 	 4294967296.000000 	 4294967296.000000
 