   0 	 -1.000000 	 472446402.565366 	 4294967296.000000
    1 	 -0.500000 	 3521873182.722000 	 4294967296.000000
    2 	 -1.000000 	 3693671874.544167 	 4294967296.000000
    3 	 -0.500000 	 3693671874.560833 	 4294967296.000000
    4 	 -1.000000 	 3908420239.370000 	 4294967296.000000
    5 	 -1.000000 	 3951369912.320834 	 4294967296.000000
    6 	 -1.000000 	 3736621547.516667 	 4294967296.000000
    7 	 -1.000000 	 3435973836.805000 	 4294967296.000000
    8 	 -0.500000 	 3865470566.398333 	 4294967296.000000
    9 	 -1.000000 	 3951369912.320000 	 4294967296.000000
   10 	 -0.500000 	 3865470566.400833 	 4294967296.000000
   11 	 -1.000000 	 3994319585.279166 	 4294967296.000000
   12 	 -1.000000 	 3736621547.529250 	 4294967296.000000
   13 	 -1.000000 	 3994319585.275000 	 4294967296.000000
   14 	 -1.000000 	 3736621547.530833 	 4294967296.000000
   15 	 -1.000000 	 3994319585.270000 	 4294967296.000000
   16 	 -1.000000 	 3779571220.460500 	 4294967296.000000
   17 	 -1.000000 	 3951369912.315000 	 4294967296.000000
   18 	 -1.000000 	 3951369912.320000 	 4294967296.000000
   19 	 -1.000000 	 3779571220.481667 	 4294967296.000000
   20 	 -0.333333 	 3865470566.401334 	 4294967296.000000
   21 	 -1.000000 	 4123168604.153334 	 4294967296.000000
   22 	 -1.000000 	 4037269258.240000 	 4294967296.000000
   23 	 -1.000000 	 3994319585.268334 	 4294967296.000000
   24 	 4294967296.000000 	 4294967296.000000 	 4294967296.000000
   25 	 -1.000000 	 3908420239.350000 	 4294967296.000000
   26 	 -1.000000 	 3693671874.558333 	 4294967296.000000
   27 	 -1.000000 	 3822520893.445000 	 4294967296.000000
   28 	 -1.000000 	 4123168604.160000 	 4294967296.000000
   29 	 -1.000000 	 3736621547.528334 	 4294967296.000000
   30 	 -1.000000 	 3951369912.335000 	 4294967296.000000
   31 	 -1.000000 	 3865470566.401667 	 4294967296.000000
   32 	 -0.500000 	 4037269258.240834 	 4294967296.000000
   33 	 -1.000000 	 3951369912.320834 	 4294967296.000000
   34 	 -0.500000 	 4080218931.195000 	 4294967296.000000
   35 	 -1.000000 	 3908420239.366666 	 4294967296.000000
   36 	 -1.000000 	 4037269258.240000 	 4294967296.000000
   37 	 -1.000000 	 4123168604.160000 	 4294967296.000000
   38 	 -1.000000 	 3908420239.370000 	 4294967296.000000
   39 	 -1.000000 	 4252017623.030000 	 4294967296.000000
   40 	 -0.500000 	 4123168604.165000 	 4294967296.000000
   41 	 -1.000000 	 3865470566.380000 	 4294967296.000000
   42 	 -0.500000 	 3994319585.290000 	 4294967296.000000
   43 	 -1.000000 	 3822520893.455000 	 4294967296.000000
   44 	 -1.000000 	 3865470566.401333 	 4294967296.000000
   45 	 -1.000000 	 3865470566.393334 	 4294967296.000000
   46 	 -1.000000 	 3951369912.340000 	 4294967296.000000
   47 	 -1.000000 	 3865470566.400000 	 4294967296.000000
   48 	 -0.500000 	 4209067950.085000 	 4294967296.000000
   49 	 -1.000000 	 4123168604.160000 	 4294967296.000000
   50 	 -0.500000 	 4166118277.117500 	 4294967296.000000
   51 	 -0.500000 	 4080218931.210000 	 4294967296.000000
   52 	 4294967296.000000 	 4294967296.000000 	 4294967296.000000
   53 	 -0.500000 	 4209067950.080000 	 4294967296.000000
   54 	 -1.000000 	 4209067950.080000 	 4294967296.000000
   55 	 -1.000000 	 4080218931.210000 	 4294967296.000000
   56 	 -1.000000 	 4123168604.180000 	 4294967296.000000
   57 	 4294967296.000000 	 4294967296.000000 	 4294967296.000000
   58 	 1.000000 	 4209067950.100000 	 4294967296.000000
   59 	 -0.250000 	 4252017623.037500 	 4294967296.000000
   60 	 4294967296.000000 	 4294967296.000000 	 4294967296.000000
   61 	 4294967296.000000 	 4294967296.000000 	 4294967296.000000
   62 	 4294967296.000000 	 4294967296.000000 	 4294967296.000000
   63 	 1.000000 	 4252017623.050000 	 4294967296.000000
   64 	 1.000000 	 4252017623.050000 	 4294967296.000000
   65 	 4294967296.000000 	 4294967296.000000 	 4294967296.000000
   66 	 4294967296.000000 	 4294967296.000000 	 4294967296.000000
   67 	 4294967296.000000 	 4294967296.000000 	 4294967296.000000
   68 	 4294967296.000000 	 4294967296.000000 	 4294967296.000000
   69 	 1.000000 	 4252017623.050000 	 4294967296.000000
   70 	 1.000000 	 4252017623.050000 	 4294967296.000000
   71 	 4294967296.000000 	 4294967296.000000 	 4294967296.000000
   72 	 4294967296.000000 	 4294967296.000000 	 4294967296.000000
   73 	 1.000000 	 4252017623.050000 	 4294967296.000000
   74 	 4294967296.000000 	 4294967296.000000 	 4294967296.000000
   75 	 -0.250000 	 4209067950.082500 	 4294967296.000000
   76 	 4294967296.000000 	 4294967296.000000 	 4294967296.000000
   77 	 4294967296.000000 	 4294967296.000000 	 4294967296.000000
   78 	 4294967296.000000 	 4294967296.000000 	 4294967296.000000
   79 	 4294967296.000000 	 4294967296.000000 	 4294967296.000000
   80 	 4294967296.000000 	 4294967296.000000 	 4294967296.000000
   81 	 0.500000 	 4252017623.045000 	 4294967296.000000
   82 	 4294967296.000000 	 4294967296.000000 	 4294967296.000000
   83 	 4294967296.000000 	 4294967296.000000 	 4294967296.000000
   84 	 4294967296.000000 	 4294967296.000000 	 4294967296.000000
   85 	 4294967296.000000 	 4294967296.000000 	 4294967296.000000
   86 	 4294967296.000000 	 4294967296.000000 	 4294967296.000000
   87 	 4294967296.000000 	 4294967296.000000 	 4294967296.000000
   88 	 4294967296.000000 	 4294967296.000000 	 4294967296.000000
   89 	 4294967296.000000 	 4294967296.000000 	 4294967296.000000
   90 	 4294967296.000000 	 4294967296.000000 	 4294967296.000000
   91 	 4294967296.000000 	 4294967296.000000 	 4294967296.000000
   92 	 4294967296.000000 	 4294967296.000000 	 4294967296.000000
   93 	 4294967296.000000 	 4294967296.000000 	 4294967296.000000
   94 	 4294967296.000000 	 4294967296.000000 	 4294967296.000000
   95 	 -0.250000 	 4252017623.037500 	 4294967296.000000
   96 	 4294967296.000000 	 4294967296.000000 	 4294967296.000000
   97 	 4294967296.000000 	 4294967296.000000 	 4294967296.000000
   98 	 -1.000000 	 4252017623.030000 	 4294967296.000000
   99 	 4294967296.000000 	 4294967296.000000 	 4294967296.000000
 