   0 	 0.000050 	 0.000166 	 0.002680
    1 	 0.000078 	 0.000318 	 0.002690
    2 	 0.000072 	 0.000456 	 0.003800
    3 	 0.000300 	 0.000692 	 0.004813
    4 	 0.000054 	 0.000980 	 0.006890
    5 	 0.000480 	 0.001271 	 0.006890
    6 	 0.000051 	 0.002057 	 0.006886
    7 	 0.000050 	 0.003234 	 0.008153
    8 	 0.000097 	 0.004409 	 0.008225
    9 	 0.003424 	 0.005285 	 0.008881
   10 	 0.002753 	 0.006205 	 0.009549
   11 	 0.000191 	 0.007117 	 0.010077
   12 	 0.006175 	 0.008356 	 0.010929
   13 	 0.001399 	 0.009054 	 0.010974
   14 	 0.001457 	 0.009609 	 0.011690
   15 	 0.000741 	 0.009963 	 0.011930
   16 	 0.000748 	 0.010482 	 0.011930
   17 	 0.000194 	 0.010715 	 0.011974
   18 	 0.000195 	 0.011068 	 0.011974
   19 	 0.008391 	 0.011321 	 0.012025
   20 	 0.010799 	 0.011548 	 0.012032
   21 	 0.000385 	 0.011598 	 0.012101
   22 	 0.000049 	 0.011655 	 0.012109
   23 	 0.008086 	 0.011958 	 0.012114
   24 	 0.000098 	 0.011782 	 0.012161
   25 	 0.000387 	 0.011934 	 0.012116
   26 	 0.004819 	 0.011920 	 0.012249
   27 	 0.011693 	 0.012081 	 0.012209
   28 	 0.000098 	 0.011726 	 0.012242
   29 	 0.010561 	 0.012121 	 0.012267
   30 	 0.008632 	 0.012143 	 0.012333
   31 	 0.000386 	 0.012083 	 0.012379
   32 	 0.000194 	 0.012095 	 0.012379
   33 	 0.010382 	 0.012240 	 0.012521
   34 	 0.011709 	 0.012295 	 0.012521
   35 	 0.000049 	 0.012087 	 0.012521
   36 	 0.011789 	 0.012372 	 0.012528
   37 	 0.000049 	 0.012252 	 0.012660
   38 	 0.000098 	 0.012285 	 0.012669
   39 	 0.000195 	 0.012287 	 0.012670
   40 	 0.010839 	 0.012549 	 0.013957
   41 	 0.011208 	 0.012630 	 0.013958
   42 	 0.011395 	 0.012710 	 0.013958
   43 	 0.005785 	 0.012713 	 0.013974
   44 	 0.008572 	 0.013001 	 0.013995
   45 	 0.000195 	 0.013097 	 0.014004
   46 	 0.006808 	 0.013779 	 0.014004
   47 	 0.006437 	 0.013863 	 0.014010
   48 	 0.003231 	 0.013875 	 0.014010
   49 	 0.010302 	 0.013917 	 0.014013
   50 	 0.012324 	 0.013937 	 0.014044
   51 	 0.000049 	 0.013783 	 0.014221
   52 	 0.013517 	 0.014002 	 0.014222
   53 	 0.000098 	 0.013674 	 0.014221
   54 	 0.000389 	 0.013872 	 0.014223
   55 	 0.000388 	 0.013752 	 0.014221
   56 	 0.006713 	 0.013897 	 0.014231
   57 	 0.013932 	 0.014105 	 0.014231
   58 	 0.000195 	 0.014002 	 0.014234
   59 	 0.000388 	 0.013953 	 0.014234
   60 	 0.013609 	 0.014210 	 0.014234
   61 	 0.014070 	 0.014229 	 0.014264
   62 	 0.006291 	 0.014038 	 0.014267
   63 	 0.011923 	 0.014195 	 0.014268
   64 	 0.006669 	 0.014126 	 0.014269
   65 	 0.006289 	 0.014095 	 0.014270
   66 	 0.000049 	 0.013631 	 0.014274
   67 	 0.000388 	 0.014080 	 0.014289
   68 	 0.006305 	 0.014131 	 0.014289
   69 	 0.012194 	 0.014244 	 0.014289
   70 	 0.000195 	 0.013888 	 0.014289
   71 	 0.000098 	 0.014054 	 0.014300
   72 	 0.000195 	 0.013988 	 0.014304
   73 	 0.010940 	 0.014218 	 0.014304
   74 	 0.000195 	 0.013933 	 0.014308
   75 	 0.000388 	 0.014118 	 0.014311
   76 	 0.012158 	 0.014263 	 0.014311
   77 	 0.014230 	 0.014302 	 0.014311
   78 	 0.001505 	 0.014129 	 0.014314
   79 	 0.000195 	 0.013940 	 0.014314
   80 	 0.014010 	 0.014304 	 0.014318
   81 	 0.003306 	 0.014184 	 0.014318
   82 	 0.000769 	 0.014143 	 0.014321
   83 	 0.000049 	 0.013965 	 0.014321
   84 	 0.000098 	 0.013899 	 0.014321
   85 	 0.008172 	 0.014252 	 0.014321
   86 	 0.006672 	 0.014192 	 0.014323
   87 	 0.000195 	 0.013962 	 0.014326
   88 	 0.000769 	 0.013938 	 0.014331
   89 	 0.000388 	 0.014154 	 0.014331
   90 	 0.000049 	 0.013864 	 0.014326
   91 	 0.012143 	 0.014278 	 0.014326
   92 	 0.000049 	 0.013896 	 0.014331
   93 	 0.009586 	 0.014239 	 0.014331
   94 	 0.001504 	 0.014188 	 0.014331
   95 	 0.001504 	 0.014042 	 0.014331
   96 	 0.005120 	 0.014211 	 0.014336
   97 	 0.001504 	 0.014194 	 0.014331
   98 	 0.000388 	 0.014055 	 0.014332
   99 	 0.000098 	 0.014156 	 0.014337
  100 	 0.003317 	 0.014191 	 0.014337
  101 	 0.000769 	 0.014104 	 0.014337
  102 	 0.000768 	 0.014115 	 0.014340
  103 	 0.006228 	 0.014222 	 0.014342
  104 	 0.008340 	 0.014257 	 0.014342
  105 	 0.009926 	 0.014261 	 0.014342
  106 	 0.000388 	 0.014118 	 0.014340
  107 	 0.012695 	 0.014314 	 0.014340
  108 	 0.012033 	 0.014293 	 0.014340
  109 	 0.000098 	 0.014109 	 0.014340
  110 	 0.008316 	 0.014199 	 0.014340
  111 	 0.000049 	 0.014039 	 0.014341
  112 	 0.006194 	 0.014206 	 0.014341
  113 	 0.012637 	 0.014311 	 0.014341
  114 	 0.000049 	 0.014088 	 0.014342
  115 	 0.006634 	 0.014214 	 0.014342
  116 	 0.001502 	 0.014114 	 0.014342
  117 	 0.001502 	 0.014154 	 0.014343
  118 	 0.006640 	 0.014249 	 0.014343
  119 	 0.013846 	 0.014332 	 0.014343
  120 	 0.000195 	 0.014188 	 0.014343
  121 	 0.003323 	 0.014066 	 0.014343
  122 	 0.001502 	 0.013959 	 0.014343
  123 	 0.008116 	 0.014254 	 0.014343
  124 	 0.010902 	 0.014302 	 0.014343
  125 	 0.013902 	 0.014334 	 0.014343
  126 	 0.000388 	 0.014022 	 0.014343
  127 	 0.000768 	 0.014131 	 0.014343
  128 	 0.006648 	 0.014211 	 0.014343
  129 	 0.000195 	 0.014004 	 0.014343
  130 	 0.006255 	 0.014084 	 0.014343
  131 	 0.000098 	 0.014056 	 0.014343
  132 	 0.000049 	 0.013964 	 0.014343
  133 	 0.005121 	 0.014118 	 0.014343
  134 	 0.000388 	 0.014069 	 0.014343
  135 	 0.000195 	 0.014119 	 0.014343
  136 	 0.000388 	 0.013989 	 0.014343
  137 	 0.006238 	 0.014212 	 0.014343
  138 	 0.013840 	 0.014335 	 0.014343
  139 	 0.000049 	 0.014009 	 0.014343
  140 	 0.012061 	 0.014273 	 0.014343
  141 	 0.000098 	 0.013967 	 0.014350
  142 	 0.006238 	 0.014200 	 0.014350
  143 	 0.000049 	 0.014096 	 0.014350
  144 	 0.006238 	 0.014113 	 0.014350
  145 	 0.012924 	 0.014325 	 0.014350
  146 	 0.005721 	 0.014068 	 0.014350
  147 	 0.006241 	 0.014241 	 0.014350
  148 	 0.009561 	 0.014229 	 0.014350
  149 	 0.000049 	 0.014043 	 0.014350
  150 	 0.000049 	 0.014111 	 0.014350
  151 	 0.005123 	 0.014232 	 0.014350
  152 	 0.003316 	 0.014196 	 0.014350
  153 	 0.012990 	 0.014311 	 0.014350
  154 	 0.003316 	 0.014239 	 0.014350
  155 	 0.000195 	 0.014129 	 0.014350
  156 	 0.010912 	 0.014298 	 0.014350
  157 	 0.014197 	 0.014349 	 0.014350
  158 	 0.000195 	 0.014124 	 0.014351
  159 	 0.000049 	 0.014161 	 0.014351
  160 	 0.003316 	 0.014231 	 0.014351
  161 	 0.008133 	 0.014219 	 0.014351
  162 	 0.006653 	 0.014196 	 0.014351
  163 	 0.000049 	 0.014115 	 0.014351
  164 	 0.012748 	 0.014325 	 0.014351
  165 	 0.012086 	 0.014325 	 0.014351
  166 	 0.013842 	 0.014342 	 0.014351
  167 	 0.000097 	 0.013998 	 0.014351
  168 	 0.013721 	 0.014341 	 0.014351
  169 	 0.012938 	 0.014322 	 0.014351
  170 	 0.000195 	 0.014139 	 0.014351
  171 	 0.014117 	 0.014346 	 0.014351
  172 	 0.000768 	 0.014187 	 0.014351
  173 	 0.000195 	 0.014198 	 0.014351
  174 	 0.014169 	 0.014347 	 0.014351
  175 	 0.009562 	 0.014230 	 0.014351
  176 	 0.006653 	 0.014247 	 0.014351
  177 	 0.003316 	 0.014101 	 0.014351
  178 	 0.000388 	 0.014060 	 0.014351
  179 	 0.001503 	 0.014200 	 0.014351
  180 	 0.008133 	 0.014263 	 0.014351
  181 	 0.000049 	 0.014204 	 0.014351
  182 	 0.008133 	 0.014188 	 0.014351
  183 	 0.000049 	 0.014200 	 0.014351
  184 	 0.000388 	 0.014143 	 0.014351
  185 	 0.005124 	 0.014093 	 0.014351
  186 	 0.006241 	 0.014266 	 0.014351
  187 	 0.000768 	 0.014070 	 0.014351
  188 	 0.008350 	 0.014270 	 0.014351
  189 	 0.013721 	 0.014341 	 0.014351
  190 	 0.001503 	 0.014077 	 0.014351
  191 	 0.013958 	 0.014345 	 0.014351
  192 	 0.006248 	 0.014246 	 0.014351
  193 	 0.009972 	 0.014274 	 0.014351
  194 	 0.006241 	 0.014248 	 0.014351
  195 	 0.010039 	 0.014278 	 0.014351
  196 	 0.012990 	 0.014335 	 0.014351
  197 	 0.012669 	 0.014326 	 0.014351
  198 	 0.000388 	 0.014195 	 0.014351
  199 	 0.000098 	 0.013904 	 0.014351
  200 	 0.005124 	 0.014156 	 0.014351
  201 	 0.000388 	 0.013966 	 0.014351
  202 	 0.000098 	 0.014030 	 0.014351
  203 	 0.000195 	 0.014205 	 0.014351
  204 	 0.000098 	 0.014113 	 0.014351
  205 	 0.011785 	 0.014317 	 0.014351
  206 	 0.000098 	 0.014069 	 0.014351
  207 	 0.006241 	 0.014191 	 0.014351
  208 	 0.012217 	 0.014308 	 0.014351
  209 	 0.008133 	 0.014276 	 0.014351
  210 	 0.000768 	 0.014051 	 0.014351
  211 	 0.003316 	 0.014227 	 0.014351
  212 	 0.010911 	 0.014308 	 0.014351
  213 	 0.013752 	 0.014339 	 0.014351
  214 	 0.000388 	 0.014042 	 0.014351
  215 	 0.000098 	 0.013997 	 0.014351
  216 	 0.000768 	 0.014200 	 0.014351
  217 	 0.013721 	 0.014342 	 0.014351
  218 	 0.014150 	 0.014348 	 0.014351
  219 	 0.005124 	 0.014214 	 0.014351
  220 	 0.013721 	 0.014335 	 0.014351
  221 	 0.009562 	 0.014278 	 0.014351
  222 	 0.000049 	 0.014175 	 0.014351
  223 	 0.000195 	 0.013985 	 0.014351
  224 	 0.009562 	 0.014244 	 0.014351
  225 	 0.000768 	 0.014126 	 0.014351
  226 	 0.009972 	 0.014298 	 0.014351
  227 	 0.000195 	 0.014074 	 0.014351
  228 	 0.000098 	 0.013907 	 0.014351
  229 	 0.012087 	 0.014323 	 0.014351
  230 	 0.000388 	 0.013920 	 0.014351
  231 	 0.001503 	 0.014091 	 0.014351
  232 	 0.000049 	 0.014147 	 0.014351
  233 	 0.012990 	 0.014330 	 0.014351
  234 	 0.003316 	 0.014217 	 0.014351
  235 	 0.000388 	 0.014162 	 0.014351
  236 	 0.000388 	 0.014113 	 0.014351
  237 	 0.003316 	 0.014182 	 0.014351
  238 	 0.000195 	 0.014184 	 0.014351
  239 	 0.013070 	 0.014338 	 0.014351
  240 	 0.010912 	 0.014299 	 0.014351
  241 	 0.000098 	 0.014180 	 0.014351
  242 	 0.000768 	 0.014046 	 0.014351
  243 	 0.000195 	 0.014181 	 0.014351
  244 	 0.012990 	 0.014323 	 0.014351
  245 	 0.008133 	 0.014281 	 0.014351
  246 	 0.012938 	 0.014317 	 0.014351
  247 	 0.013530 	 0.014342 	 0.014351
  248 	 0.000049 	 0.013952 	 0.014351
  249 	 0.003316 	 0.014113 	 0.014351
  250 	 0.000388 	 0.014071 	 0.014351
  251 	 0.000098 	 0.014100 	 0.014351
  252 	 0.000098 	 0.014168 	 0.014351
  253 	 0.011783 	 0.014312 	 0.014351
  254 	 0.000768 	 0.014180 	 0.014351
  255 	 0.000098 	 0.014172 	 0.014351
  256 	 0.000087 	 0.013931 	 0.014351
  257 	 0.003316 	 0.014222 	 0.014351
  258 	 0.006553 	 0.014259 	 0.014351
  259 	 0.003316 	 0.014092 	 0.014351
  260 	 0.000049 	 0.014166 	 0.014351
  261 	 0.010912 	 0.014281 	 0.014351
  262 	 0.012087 	 0.014313 	 0.014351
  263 	 0.006653 	 0.014243 	 0.014351
  264 	 0.000388 	 0.014196 	 0.014351
  265 	 0.000388 	 0.014179 	 0.014351
  266 	 0.000098 	 0.014175 	 0.014351
  267 	 0.014233 	 0.014349 	 0.014351
  268 	 0.000195 	 0.014062 	 0.014351
  269 	 0.009562 	 0.014229 	 0.014351
  270 	 0.000768 	 0.014210 	 0.014351
  271 	 0.000195 	 0.014160 	 0.014351
  272 	 0.000049 	 0.013888 	 0.014351
  273 	 0.000768 	 0.014190 	 0.014351
  274 	 0.012938 	 0.014336 	 0.014351
  275 	 0.001503 	 0.014174 	 0.014351
  276 	 0.014189 	 0.014348 	 0.014351
  277 	 0.000388 	 0.013964 	 0.014351
  278 	 0.000768 	 0.014193 	 0.014351
  279 	 0.003701 	 0.014108 	 0.014351
  280 	 0.005124 	 0.014124 	 0.014351
  281 	 0.006653 	 0.014204 	 0.014351
  282 	 0.000388 	 0.014088 	 0.014351
  283 	 0.012087 	 0.014291 	 0.014351
  284 	 0.008350 	 0.014276 	 0.014351
  285 	 0.006034 	 0.014255 	 0.014351
  286 	 0.012087 	 0.014323 	 0.014351
  287 	 0.003316 	 0.014157 	 0.014351
  288 	 0.012087 	 0.014327 	 0.014351
  289 	 0.000195 	 0.014117 	 0.014351
  290 	 0.012748 	 0.014326 	 0.014351
  291 	 0.006197 	 0.014172 	 0.014351
  292 	 0.013530 	 0.014340 	 0.014351
  293 	 0.000768 	 0.014180 	 0.014351
  294 	 0.001503 	 0.014178 	 0.014351
  295 	 0.000388 	 0.014085 	 0.014351
  296 	 0.000768 	 0.013965 	 0.014351
  297 	 0.008133 	 0.014151 	 0.014351
  298 	 0.000195 	 0.014207 	 0.014351
  299 	 0.006250 	 0.014262 	 0.014351
  300 	 0.008133 	 0.014272 	 0.014351
  301 	 0.000098 	 0.014187 	 0.014351
  302 	 0.005124 	 0.014258 	 0.014351
  303 	 0.000049 	 0.013986 	 0.014351
  304 	 0.010911 	 0.014288 	 0.014351
  305 	 0.008133 	 0.014224 	 0.014351
  306 	 0.008350 	 0.014260 	 0.014351
  307 	 0.009972 	 0.014303 	 0.014351
  308 	 0.000049 	 0.013928 	 0.014351
  309 	 0.010912 	 0.014268 	 0.014351
  310 	 0.000098 	 0.014046 	 0.014351
  311 	 0.012087 	 0.014316 	 0.014351
  312 	 0.000098 	 0.014067 	 0.014351
  313 	 0.014150 	 0.014344 	 0.014351
  314 	 0.014169 	 0.014346 	 0.014351
  315 	 0.000049 	 0.014199 	 0.014351
  316 	 0.006653 	 0.014250 	 0.014351
  317 	 0.000098 	 0.013829 	 0.014351
  318 	 0.000049 	 0.013822 	 0.014351
  319 	 0.014336 	 0.014350 	 0.014351
  320 	 0.000098 	 0.014074 	 0.014351
  321 	 0.000049 	 0.013881 	 0.014351
  322 	 0.005124 	 0.014111 	 0.014351
  323 	 0.009906 	 0.014300 	 0.014351
  324 	 0.000049 	 0.014204 	 0.014351
  325 	 0.014312 	 0.014349 	 0.014351
  326 	 0.012087 	 0.014300 	 0.014351
  327 	 0.013070 	 0.014334 	 0.014351
  328 	 0.005124 	 0.014250 	 0.014351
  329 	 0.000768 	 0.014157 	 0.014351
  330 	 0.000049 	 0.013858 	 0.014351
  331 	 0.006241 	 0.014254 	 0.014351
  332 	 0.006241 	 0.014200 	 0.014351
  333 	 0.012990 	 0.014326 	 0.014351
  334 	 0.000049 	 0.014081 	 0.014351
  335 	 0.000388 	 0.014121 	 0.014351
  336 	 0.000388 	 0.014077 	 0.014351
  337 	 0.014274 	 0.014350 	 0.014351
  338 	 0.013842 	 0.014336 	 0.014351
  339 	 0.005124 	 0.014209 	 0.014351
  340 	 0.000098 	 0.013878 	 0.014351
  341 	 0.008133 	 0.014282 	 0.014351
  342 	 0.009972 	 0.014299 	 0.014351
  343 	 0.000049 	 0.014040 	 0.014351
  344 	 0.012669 	 0.014333 	 0.014351
  345 	 0.000049 	 0.014053 	 0.014351
  346 	 0.000098 	 0.014036 	 0.014351
  347 	 0.000049 	 0.013709 	 0.014351
  348 	 0.006653 	 0.014268 	 0.014351
  349 	 0.000195 	 0.013778 	 0.014351
  350 	 0.012087 	 0.014327 	 0.014351
  351 	 0.011785 	 0.014321 	 0.014351
  352 	 0.005124 	 0.014236 	 0.014351
  353 	 0.000768 	 0.014210 	 0.014351
  354 	 0.000098 	 0.014162 	 0.014351
  355 	 0.014228 	 0.014349 	 0.014351
  356 	 0.006241 	 0.014174 	 0.014351
  357 	 0.008350 	 0.014250 	 0.014351
  358 	 0.008133 	 0.014280 	 0.014351
  359 	 0.011785 	 0.014321 	 0.014351
  360 	 0.001503 	 0.014053 	 0.014351
  361 	 0.014265 	 0.014349 	 0.014351
  362 	 0.003316 	 0.014149 	 0.014351
  363 	 0.010912 	 0.014313 	 0.014351
  364 	 0.000388 	 0.014196 	 0.014351
  365 	 0.000049 	 0.014139 	 0.014351
  366 	 0.005124 	 0.014175 	 0.014351
  367 	 0.001503 	 0.014210 	 0.014351
  368 	 0.003316 	 0.014143 	 0.014351
  369 	 0.000049 	 0.014126 	 0.014351
  370 	 0.009972 	 0.014259 	 0.014351
  371 	 0.013720 	 0.014328 	 0.014351
  372 	 0.005119 	 0.014023 	 0.014351
  373 	 0.012669 	 0.014320 	 0.014351
  374 	 0.006649 	 0.014254 	 0.014351
  375 	 0.000049 	 0.014029 	 0.014351
  376 	 0.006229 	 0.014200 	 0.014351
  377 	 0.008133 	 0.014274 	 0.014351
  378 	 0.000098 	 0.014076 	 0.014351
  379 	 0.000388 	 0.014122 	 0.014351
  380 	 0.014304 	 0.014350 	 0.014351
  381 	 0.003316 	 0.014150 	 0.014351
  382 	 0.008350 	 0.014274 	 0.014351
  383 	 0.014320 	 0.014350 	 0.014351
  384 	 0.006241 	 0.014126 	 0.014351
  385 	 0.008133 	 0.014258 	 0.014351
  386 	 0.012087 	 0.014321 	 0.014351
  387 	 0.011785 	 0.014311 	 0.014351
  388 	 0.013842 	 0.014338 	 0.014351
  389 	 0.013842 	 0.014335 	 0.014351
  390 	 0.008350 	 0.014262 	 0.014351
  391 	 0.000098 	 0.014029 	 0.014351
  392 	 0.009972 	 0.014269 	 0.014351
  393 	 0.005124 	 0.014184 	 0.014351
  394 	 0.000097 	 0.013937 	 0.014351
  395 	 0.013752 	 0.014338 	 0.014351
  396 	 0.001503 	 0.014220 	 0.014351
  397 	 0.008350 	 0.014257 	 0.014351
  398 	 0.012087 	 0.014307 	 0.014351
  399 	 0.008329 	 0.014290 	 0.014351
  400 	 0.006553 	 0.014211 	 0.014351
  401 	 0.006241 	 0.014269 	 0.014351
  402 	 0.013752 	 0.014337 	 0.014351
  403 	 0.000098 	 0.014185 	 0.014351
  404 	 0.006653 	 0.014178 	 0.014351
  405 	 0.008133 	 0.014274 	 0.014351
  406 	 0.000388 	 0.014210 	 0.014351
  407 	 0.008133 	 0.014269 	 0.014351
  408 	 0.009562 	 0.014288 	 0.014351
  409 	 0.000388 	 0.014093 	 0.014351
  410 	 0.005124 	 0.014167 	 0.014351
  411 	 0.006653 	 0.014239 	 0.014351
  412 	 0.012938 	 0.014330 	 0.014351
  413 	 0.000098 	 0.013988 	 0.014351
  414 	 0.000049 	 0.013838 	 0.014351
  415 	 0.000388 	 0.014164 	 0.014351
  416 	 0.000764 	 0.014190 	 0.014351
  417 	 0.012748 	 0.014317 	 0.014351
  418 	 0.003316 	 0.014236 	 0.014351
  419 	 0.008133 	 0.014255 	 0.014351
  420 	 0.000195 	 0.014144 	 0.014351
  421 	 0.000195 	 0.014128 	 0.014351
  422 	 0.009972 	 0.014264 	 0.014351
  423 	 0.003316 	 0.014109 	 0.014351
  424 	 0.000098 	 0.013779 	 0.014351
  425 	 0.009562 	 0.014251 	 0.014351
  426 	 0.010912 	 0.014302 	 0.014351
  427 	 0.001503 	 0.014220 	 0.014351
  428 	 0.006241 	 0.014161 	 0.014351
  429 	 0.000388 	 0.014012 	 0.014351
  430 	 0.000388 	 0.014202 	 0.014351
  431 	 0.006653 	 0.014099 	 0.014351
  432 	 0.012087 	 0.014296 	 0.014351
  433 	 0.005124 	 0.014245 	 0.014351
  434 	 0.000768 	 0.014162 	 0.014351
  435 	 0.012938 	 0.014329 	 0.014351
  436 	 0.000388 	 0.014209 	 0.014351
  437 	 0.001503 	 0.014155 	 0.014351
  438 	 0.011794 	 0.014291 	 0.014351
  439 	 0.003316 	 0.014232 	 0.014351
  440 	 0.014335 	 0.014350 	 0.014351
  441 	 0.012990 	 0.014320 	 0.014351
  442 	 0.005124 	 0.014256 	 0.014351
  443 	 0.000388 	 0.014188 	 0.014351
  444 	 0.011785 	 0.014300 	 0.014351
  445 	 0.000049 	 0.014139 	 0.014351
  446 	 0.006653 	 0.014179 	 0.014351
  447 	 0.006653 	 0.014209 	 0.014351
  448 	 0.009563 	 0.014227 	 0.014351
  449 	 0.000388 	 0.013933 	 0.014351
  450 	 0.000049 	 0.014010 	 0.014351
  451 	 0.008350 	 0.014284 	 0.014351
  452 	 0.000098 	 0.014206 	 0.014351
  453 	 0.000049 	 0.014161 	 0.014351
  454 	 0.013721 	 0.014343 	 0.014351
  455 	 0.000049 	 0.013955 	 0.014351
  456 	 0.000768 	 0.014203 	 0.014351
  457 	 0.000195 	 0.013967 	 0.014351
  458 	 0.001503 	 0.014156 	 0.014351
  459 	 0.000098 	 0.014178 	 0.014351
  460 	 0.005124 	 0.014064 	 0.014351
  461 	 0.000388 	 0.014102 	 0.014351
  462 	 0.003316 	 0.014231 	 0.014351
  463 	 0.006241 	 0.014113 	 0.014351
  464 	 0.000195 	 0.014177 	 0.014351
  465 	 0.000049 	 0.014065 	 0.014351
  466 	 0.009562 	 0.014277 	 0.014351
  467 	 0.000388 	 0.014209 	 0.014351
  468 	 0.012669 	 0.014329 	 0.014351
  469 	 0.006653 	 0.014258 	 0.014351
  470 	 0.008350 	 0.014273 	 0.014351
  471 	 0.001503 	 0.014095 	 0.014351
  472 	 0.001503 	 0.014129 	 0.014351
  473 	 0.001503 	 0.014216 	 0.014351
  474 	 0.005124 	 0.014232 	 0.014351
  475 	 0.008350 	 0.014283 	 0.014351
  476 	 0.013842 	 0.014342 	 0.014351
  477 	 0.005124 	 0.014171 	 0.014351
  478 	 0.009562 	 0.014302 	 0.014351
  479 	 0.000049 	 0.014205 	 0.014351
  480 	 0.013530 	 0.014340 	 0.014351
  481 	 0.006241 	 0.014221 	 0.014351
  482 	 0.000098 	 0.014108 	 0.014351
  483 	 0.000768 	 0.014198 	 0.014351
  484 	 0.014265 	 0.014349 	 0.014351
  485 	 0.012938 	 0.014330 	 0.014351
  486 	 0.000195 	 0.014069 	 0.014351
  487 	 0.012748 	 0.014325 	 0.014351
  488 	 0.013842 	 0.014342 	 0.014351
  489 	 0.000098 	 0.014190 	 0.014351
  490 	 0.001503 	 0.014186 	 0.014351
  491 	 0.009972 	 0.014301 	 0.014351
  492 	 0.003316 	 0.014193 	 0.014351
  493 	 0.003316 	 0.014170 	 0.014351
  494 	 0.008173 	 0.014151 	 0.014351
  495 	 0.009972 	 0.014305 	 0.014351
  496 	 0.000195 	 0.014203 	 0.014351
  497 	 0.008133 	 0.014235 	 0.014351
  498 	 0.000388 	 0.014134 	 0.014351
  499 	 0.005137 	 0.014106 	 0.014351
 