   0 	 0.000049 	 0.000282 	 0.008041
    1 	 0.000094 	 0.000290 	 0.002727
    2 	 0.000060 	 0.000515 	 0.002891
    3 	 0.000273 	 0.000825 	 0.003333
    4 	 0.000092 	 0.001536 	 0.020400
    5 	 0.000303 	 0.001991 	 0.005213
    6 	 0.001447 	 0.002701 	 0.005925
    7 	 0.002255 	 0.003409 	 0.009756
    8 	 0.002814 	 0.004013 	 0.014411
    9 	 0.002960 	 0.004553 	 0.016899
   10 	 0.003355 	 0.005271 	 0.016899
   11 	 0.003695 	 0.006048 	 0.019840
   12 	 0.000097 	 0.007049 	 0.019840
   13 	 0.004423 	 0.007862 	 0.019840
   14 	 0.000404 	 0.008303 	 0.020000
   15 	 0.003452 	 0.010178 	 0.026675
   16 	 0.001647 	 0.013312 	 0.031336
   17 	 0.003454 	 0.017128 	 0.037644
   18 	 0.011748 	 0.021408 	 0.037808
   19 	 0.015167 	 0.024502 	 0.037808
   20 	 0.011134 	 0.029237 	 0.038189
   21 	 0.006172 	 0.031250 	 0.038189
   22 	 0.000049 	 0.033867 	 0.038189
   23 	 0.001570 	 0.036534 	 0.038404
   24 	 0.000049 	 0.037484 	 0.038649
   25 	 0.017191 	 0.037691 	 0.041490
   26 	 0.037609 	 0.038227 	 0.042935
   27 	 0.000786 	 0.037003 	 0.041490
   28 	 0.007212 	 0.037985 	 0.042840
   29 	 0.006003 	 0.038687 	 0.043996
   30 	 0.010628 	 0.039227 	 0.044001
   31 	 0.000098 	 0.037880 	 0.044586
   32 	 0.006201 	 0.040221 	 0.044586
   33 	 0.002966 	 0.041079 	 0.044593
   34 	 0.003098 	 0.042963 	 0.045985
   35 	 0.000196 	 0.042927 	 0.045726
   36 	 0.006170 	 0.043038 	 0.045727
   37 	 0.012489 	 0.043763 	 0.045985
   38 	 0.036540 	 0.044448 	 0.046556
   39 	 0.040935 	 0.044724 	 0.046556
   40 	 0.012078 	 0.044045 	 0.049146
   41 	 0.000049 	 0.043415 	 0.049146
   42 	 0.020622 	 0.045536 	 0.054677
   43 	 0.000392 	 0.046041 	 0.053632
   44 	 0.028418 	 0.047095 	 0.054712
   45 	 0.003125 	 0.047929 	 0.054712
   46 	 0.000098 	 0.048315 	 0.056197
   47 	 0.000196 	 0.050111 	 0.055971
   48 	 0.025896 	 0.053420 	 0.055971
   49 	 0.034917 	 0.054305 	 0.055760
   50 	 0.034909 	 0.054516 	 0.056615
   51 	 0.000391 	 0.053286 	 0.057248
   52 	 0.006866 	 0.054427 	 0.057248
   53 	 0.006029 	 0.054818 	 0.057251
   54 	 0.000098 	 0.054103 	 0.057526
   55 	 0.006060 	 0.055306 	 0.057683
   56 	 0.038854 	 0.056420 	 0.058033
   57 	 0.000098 	 0.056745 	 0.058033
   58 	 0.000098 	 0.055593 	 0.058033
   59 	 0.022505 	 0.056994 	 0.058091
   60 	 0.010083 	 0.056520 	 0.059214
   61 	 0.000098 	 0.056376 	 0.059214
   62 	 0.035131 	 0.057608 	 0.059214
   63 	 0.000049 	 0.055225 	 0.059231
   64 	 0.020235 	 0.057623 	 0.059654
   65 	 0.054198 	 0.058595 	 0.059774
   66 	 0.000392 	 0.057906 	 0.060603
   67 	 0.009147 	 0.058769 	 0.061152
   68 	 0.016000 	 0.059040 	 0.061152
   69 	 0.012763 	 0.059141 	 0.061275
   70 	 0.000392 	 0.058282 	 0.061601
   71 	 0.038884 	 0.059862 	 0.061853
   72 	 0.000785 	 0.060198 	 0.062054
   73 	 0.000098 	 0.058724 	 0.062054
   74 	 0.000098 	 0.059040 	 0.061721
   75 	 0.043869 	 0.060922 	 0.061731
   76 	 0.012359 	 0.060379 	 0.061845
   77 	 0.000049 	 0.059890 	 0.061969
   78 	 0.000784 	 0.059610 	 0.061969
   79 	 0.012880 	 0.060994 	 0.062071
   80 	 0.000098 	 0.060049 	 0.062085
   81 	 0.000049 	 0.059901 	 0.062626
   82 	 0.000098 	 0.059207 	 0.062843
   83 	 0.050262 	 0.061773 	 0.062843
   84 	 0.002245 	 0.059650 	 0.062843
   85 	 0.000098 	 0.061584 	 0.062953
   86 	 0.040054 	 0.062090 	 0.063415
   87 	 0.000049 	 0.061456 	 0.063620
   88 	 0.056592 	 0.062643 	 0.063620
   89 	 0.013007 	 0.062142 	 0.063620
   90 	 0.000392 	 0.060968 	 0.063620
   91 	 0.009207 	 0.061757 	 0.063626
   92 	 0.003127 	 0.061974 	 0.063818
   93 	 0.000196 	 0.062053 	 0.063850
   94 	 0.000196 	 0.061763 	 0.063867
   95 	 0.013028 	 0.063053 	 0.063999
   96 	 0.000098 	 0.062182 	 0.064171
   97 	 0.000783 	 0.061589 	 0.064171
   98 	 0.000196 	 0.062217 	 0.064171
   99 	 0.016427 	 0.063443 	 0.064222
  100 	 0.000392 	 0.062494 	 0.064252
  101 	 0.000392 	 0.061844 	 0.064252
  102 	 0.012159 	 0.062084 	 0.064315
  103 	 0.009181 	 0.062916 	 0.064511
  104 	 0.003123 	 0.062280 	 0.064496
  105 	 0.007023 	 0.063413 	 0.064657
  106 	 0.000196 	 0.061422 	 0.064674
  107 	 0.000049 	 0.063343 	 0.064683
  108 	 0.012280 	 0.062742 	 0.064683
  109 	 0.047547 	 0.064446 	 0.064699
  110 	 0.001567 	 0.063291 	 0.064766
  111 	 0.001567 	 0.063669 	 0.064784
  112 	 0.039447 	 0.064306 	 0.064784
  113 	 0.057836 	 0.064592 	 0.064790
  114 	 0.000784 	 0.062484 	 0.064822
  115 	 0.018624 	 0.064248 	 0.064824
  116 	 0.023654 	 0.064094 	 0.064824
  117 	 0.000098 	 0.063894 	 0.064944
  118 	 0.016250 	 0.063746 	 0.064944
  119 	 0.047955 	 0.064454 	 0.064996
  120 	 0.000784 	 0.061786 	 0.064998
  121 	 0.000098 	 0.063059 	 0.064998
  122 	 0.027522 	 0.064055 	 0.064998
  123 	 0.001568 	 0.063142 	 0.064996
  124 	 0.006243 	 0.061914 	 0.065017
  125 	 0.009250 	 0.063674 	 0.065029
  126 	 0.003129 	 0.063695 	 0.065029
  127 	 0.013007 	 0.063728 	 0.065035
  128 	 0.051941 	 0.064718 	 0.065035
  129 	 0.012259 	 0.063472 	 0.065036
  130 	 0.021089 	 0.064243 	 0.065039
  131 	 0.012240 	 0.063491 	 0.065049
  132 	 0.000098 	 0.061962 	 0.065051
  133 	 0.021030 	 0.064467 	 0.065067
  134 	 0.003129 	 0.063019 	 0.065067
  135 	 0.001567 	 0.063570 	 0.065067
  136 	 0.003129 	 0.063147 	 0.065074
  137 	 0.007046 	 0.064460 	 0.065097
  138 	 0.058988 	 0.064950 	 0.065097
  139 	 0.000196 	 0.062497 	 0.065097
  140 	 0.000196 	 0.063458 	 0.065105
  141 	 0.006226 	 0.062569 	 0.065105
  142 	 0.001566 	 0.063326 	 0.065107
  143 	 0.000392 	 0.063278 	 0.065107
  144 	 0.000049 	 0.062177 	 0.065105
  145 	 0.000196 	 0.064233 	 0.065113
  146 	 0.012251 	 0.064171 	 0.065120
  147 	 0.000049 	 0.063223 	 0.065121
  148 	 0.003129 	 0.064266 	 0.065121
  149 	 0.000196 	 0.063025 	 0.065121
  150 	 0.001567 	 0.064062 	 0.065122
  151 	 0.000392 	 0.062952 	 0.065121
  152 	 0.007055 	 0.064474 	 0.065121
  153 	 0.000098 	 0.063165 	 0.065126
  154 	 0.060498 	 0.064997 	 0.065127
  155 	 0.012654 	 0.064239 	 0.065127
  156 	 0.027773 	 0.064697 	 0.065127
  157 	 0.000392 	 0.063764 	 0.065127
  158 	 0.000196 	 0.062730 	 0.065129
  159 	 0.000196 	 0.063359 	 0.065129
  160 	 0.000784 	 0.061934 	 0.065133
  161 	 0.051857 	 0.064952 	 0.065133
  162 	 0.012285 	 0.064214 	 0.065133
  163 	 0.000196 	 0.064111 	 0.065131
  164 	 0.016365 	 0.063718 	 0.065133
  165 	 0.016365 	 0.064341 	 0.065135
  166 	 0.023522 	 0.063871 	 0.065135
  167 	 0.000392 	 0.061871 	 0.065137
  168 	 0.012284 	 0.063617 	 0.065137
  169 	 0.023661 	 0.064417 	 0.065137
  170 	 0.007058 	 0.064384 	 0.065137
  171 	 0.003336 	 0.063905 	 0.065137
  172 	 0.000196 	 0.062489 	 0.065137
  173 	 0.021104 	 0.064183 	 0.065137
  174 	 0.034376 	 0.064650 	 0.065139
  175 	 0.003130 	 0.063816 	 0.065139
  176 	 0.000098 	 0.063409 	 0.065139
  177 	 0.007058 	 0.063802 	 0.065139
  178 	 0.018732 	 0.063463 	 0.065139
  179 	 0.039473 	 0.064748 	 0.065139
  180 	 0.000196 	 0.063433 	 0.065139
  181 	 0.009234 	 0.063365 	 0.065139
  182 	 0.000049 	 0.063504 	 0.065139
  183 	 0.000049 	 0.062842 	 0.065141
  184 	 0.003233 	 0.063598 	 0.065141
  185 	 0.041033 	 0.064825 	 0.065141
  186 	 0.009234 	 0.064079 	 0.065141
  187 	 0.000392 	 0.064337 	 0.065141
  188 	 0.001567 	 0.063008 	 0.065141
  189 	 0.021094 	 0.063902 	 0.065141
  190 	 0.000098 	 0.063666 	 0.065141
  191 	 0.000049 	 0.062098 	 0.065141
  192 	 0.006234 	 0.063440 	 0.065141
  193 	 0.018734 	 0.064427 	 0.065141
  194 	 0.007058 	 0.063423 	 0.065141
  195 	 0.000196 	 0.063206 	 0.065141
  196 	 0.007058 	 0.064421 	 0.065141
  197 	 0.058437 	 0.065036 	 0.065141
  198 	 0.047835 	 0.064963 	 0.065141
  199 	 0.003130 	 0.063663 	 0.065142
  200 	 0.016369 	 0.063741 	 0.065142
  201 	 0.000049 	 0.063487 	 0.065142
  202 	 0.000049 	 0.061654 	 0.065142
  203 	 0.000784 	 0.063925 	 0.065142
  204 	 0.012283 	 0.064294 	 0.065142
  205 	 0.000049 	 0.063061 	 0.065142
  206 	 0.006234 	 0.064233 	 0.065142
  207 	 0.000784 	 0.064251 	 0.065142
  208 	 0.000049 	 0.064355 	 0.065142
  209 	 0.001567 	 0.063454 	 0.065142
  210 	 0.016356 	 0.064547 	 0.065142
  211 	 0.000392 	 0.063156 	 0.065142
  212 	 0.000098 	 0.062159 	 0.065142
  213 	 0.003130 	 0.064468 	 0.065142
  214 	 0.027784 	 0.064111 	 0.065142
  215 	 0.000049 	 0.062599 	 0.065142
  216 	 0.027784 	 0.064007 	 0.065142
  217 	 0.000392 	 0.064240 	 0.065142
  218 	 0.016400 	 0.064404 	 0.065142
  219 	 0.023664 	 0.064168 	 0.065142
  220 	 0.061833 	 0.065073 	 0.065142
  221 	 0.037143 	 0.064702 	 0.065142
  222 	 0.064694 	 0.065127 	 0.065142
  223 	 0.000784 	 0.063729 	 0.065142
  224 	 0.061833 	 0.065070 	 0.065142
  225 	 0.006234 	 0.064002 	 0.065142
  226 	 0.010119 	 0.063234 	 0.065142
  227 	 0.000098 	 0.062917 	 0.065142
  228 	 0.012283 	 0.064315 	 0.065142
  229 	 0.000196 	 0.063936 	 0.065142
  230 	 0.000049 	 0.063379 	 0.065142
  231 	 0.001567 	 0.063058 	 0.065142
  232 	 0.000784 	 0.063997 	 0.065142
  233 	 0.000196 	 0.064089 	 0.065142
  234 	 0.000392 	 0.062993 	 0.065142
  235 	 0.000098 	 0.063720 	 0.065142
  236 	 0.009233 	 0.064067 	 0.065142
  237 	 0.000392 	 0.062940 	 0.065142
  238 	 0.000098 	 0.062092 	 0.065142
  239 	 0.006234 	 0.063464 	 0.065142
  240 	 0.000392 	 0.063783 	 0.065142
  241 	 0.058438 	 0.065011 	 0.065142
  242 	 0.000049 	 0.062340 	 0.065142
  243 	 0.023528 	 0.064273 	 0.065142
  244 	 0.051881 	 0.064853 	 0.065142
  245 	 0.000049 	 0.062513 	 0.065142
  246 	 0.009233 	 0.064165 	 0.065142
  247 	 0.016369 	 0.064286 	 0.065142
  248 	 0.007058 	 0.063865 	 0.065142
  249 	 0.001567 	 0.064351 	 0.065142
  250 	 0.057652 	 0.064995 	 0.065142
  251 	 0.006234 	 0.064111 	 0.065142
  252 	 0.057652 	 0.064893 	 0.065142
  253 	 0.037144 	 0.064579 	 0.065142
  254 	 0.000098 	 0.062961 	 0.065142
  255 	 0.003130 	 0.063718 	 0.065142
  256 	 0.012975 	 0.063436 	 0.065142
  257 	 0.000049 	 0.063779 	 0.065142
  258 	 0.000098 	 0.062610 	 0.065142
  259 	 0.000784 	 0.063371 	 0.065142
  260 	 0.003130 	 0.062999 	 0.065142
  261 	 0.057652 	 0.065002 	 0.065142
  262 	 0.042534 	 0.064840 	 0.065142
  263 	 0.064694 	 0.065137 	 0.065142
  264 	 0.063788 	 0.065099 	 0.065142
  265 	 0.010119 	 0.063859 	 0.065142
  266 	 0.000196 	 0.063601 	 0.065142
  267 	 0.000049 	 0.063726 	 0.065142
  268 	 0.009233 	 0.063084 	 0.065142
  269 	 0.023664 	 0.064325 	 0.065142
  270 	 0.000392 	 0.063366 	 0.065142
  271 	 0.007058 	 0.064051 	 0.065142
  272 	 0.052234 	 0.064816 	 0.065142
  273 	 0.000392 	 0.062251 	 0.065142
  274 	 0.000049 	 0.062307 	 0.065142
  275 	 0.007058 	 0.064201 	 0.065142
  276 	 0.018734 	 0.064277 	 0.065142
  277 	 0.000196 	 0.061786 	 0.065142
  278 	 0.000049 	 0.062381 	 0.065142
  279 	 0.010119 	 0.064008 	 0.065142
  280 	 0.023528 	 0.064645 	 0.065142
  281 	 0.000392 	 0.063559 	 0.065142
  282 	 0.040483 	 0.064732 	 0.065142
  283 	 0.000392 	 0.062226 	 0.065142
  284 	 0.000196 	 0.062493 	 0.065142
  285 	 0.000049 	 0.063081 	 0.065142
  286 	 0.000098 	 0.062635 	 0.065142
  287 	 0.021097 	 0.064421 	 0.065142
  288 	 0.000392 	 0.063926 	 0.065142
  289 	 0.010119 	 0.063865 	 0.065142
  290 	 0.010119 	 0.064553 	 0.065142
  291 	 0.000098 	 0.064132 	 0.065142
  292 	 0.006234 	 0.063695 	 0.065142
  293 	 0.021097 	 0.064243 	 0.065142
  294 	 0.016369 	 0.064499 	 0.065142
  295 	 0.027784 	 0.064431 	 0.065142
  296 	 0.000196 	 0.063807 	 0.065142
  297 	 0.000049 	 0.064279 	 0.065142
  298 	 0.000196 	 0.063548 	 0.065142
  299 	 0.023528 	 0.064628 	 0.065142
  300 	 0.003130 	 0.064488 	 0.065142
  301 	 0.003130 	 0.063374 	 0.065142
  302 	 0.051881 	 0.065006 	 0.065142
  303 	 0.000392 	 0.063762 	 0.065142
  304 	 0.063639 	 0.065112 	 0.065142
  305 	 0.041050 	 0.064614 	 0.065142
  306 	 0.000098 	 0.063392 	 0.065142
  307 	 0.000098 	 0.062640 	 0.065142
  308 	 0.006234 	 0.064371 	 0.065142
  309 	 0.001567 	 0.063546 	 0.065142
  310 	 0.000784 	 0.063946 	 0.065142
  311 	 0.000098 	 0.063114 	 0.065142
  312 	 0.023528 	 0.063943 	 0.065142
  313 	 0.041050 	 0.064619 	 0.065142
  314 	 0.012283 	 0.063207 	 0.065142
  315 	 0.000196 	 0.062821 	 0.065142
  316 	 0.000098 	 0.062056 	 0.065142
  317 	 0.003130 	 0.063865 	 0.065142
  318 	 0.003130 	 0.063581 	 0.065142
  319 	 0.001567 	 0.063599 	 0.065142
  320 	 0.000049 	 0.063358 	 0.065142
  321 	 0.003130 	 0.062837 	 0.065142
  322 	 0.010119 	 0.064035 	 0.065142
  323 	 0.012283 	 0.062990 	 0.065142
  324 	 0.009233 	 0.064355 	 0.065142
  325 	 0.042534 	 0.064892 	 0.065142
  326 	 0.000049 	 0.063283 	 0.065142
  327 	 0.010119 	 0.063918 	 0.065142
  328 	 0.023528 	 0.063952 	 0.065142
  329 	 0.006234 	 0.063697 	 0.065142
  330 	 0.001567 	 0.063450 	 0.065142
  331 	 0.000392 	 0.063514 	 0.065142
  332 	 0.000784 	 0.063842 	 0.065142
  333 	 0.001567 	 0.064161 	 0.065142
  334 	 0.012283 	 0.064301 	 0.065142
  335 	 0.000784 	 0.062729 	 0.065142
  336 	 0.000392 	 0.063924 	 0.065142
  337 	 0.003130 	 0.064127 	 0.065142
  338 	 0.006234 	 0.063847 	 0.065142
  339 	 0.063509 	 0.065105 	 0.065142
  340 	 0.012975 	 0.064469 	 0.065142
  341 	 0.021097 	 0.064368 	 0.065142
  342 	 0.000196 	 0.064451 	 0.065142
  343 	 0.016369 	 0.063854 	 0.065142
  344 	 0.003130 	 0.062356 	 0.065142
  345 	 0.001567 	 0.064221 	 0.065142
  346 	 0.016369 	 0.063804 	 0.065142
  347 	 0.000098 	 0.063738 	 0.065142
  348 	 0.006234 	 0.063298 	 0.065142
  349 	 0.000049 	 0.062929 	 0.065142
  350 	 0.016369 	 0.063904 	 0.065142
  351 	 0.016369 	 0.064564 	 0.065142
  352 	 0.000049 	 0.062767 	 0.065142
  353 	 0.000784 	 0.062359 	 0.065142
  354 	 0.000784 	 0.063985 	 0.065142
  355 	 0.000049 	 0.063585 	 0.065142
  356 	 0.000392 	 0.063733 	 0.065142
  357 	 0.007058 	 0.062544 	 0.065142
  358 	 0.018734 	 0.064076 	 0.065142
  359 	 0.000098 	 0.060401 	 0.065142
  360 	 0.000098 	 0.063385 	 0.065142
  361 	 0.000049 	 0.062687 	 0.065142
  362 	 0.003130 	 0.062910 	 0.065142
  363 	 0.000196 	 0.064384 	 0.065142
  364 	 0.000784 	 0.064105 	 0.065142
  365 	 0.000049 	 0.062990 	 0.065142
  366 	 0.000196 	 0.064316 	 0.065142
  367 	 0.000392 	 0.062721 	 0.065142
  368 	 0.023528 	 0.064182 	 0.065142
  369 	 0.000196 	 0.063135 	 0.065142
  370 	 0.052234 	 0.065002 	 0.065142
  371 	 0.001567 	 0.062946 	 0.065142
  372 	 0.041050 	 0.064495 	 0.065142
  373 	 0.001567 	 0.064014 	 0.065142
  374 	 0.006234 	 0.064291 	 0.065142
  375 	 0.000392 	 0.064481 	 0.065142
  376 	 0.000784 	 0.063103 	 0.065142
  377 	 0.021097 	 0.064575 	 0.065142
  378 	 0.041050 	 0.064481 	 0.065142
  379 	 0.003130 	 0.063255 	 0.065142
  380 	 0.064902 	 0.065138 	 0.065142
  381 	 0.000049 	 0.064403 	 0.065142
  382 	 0.000784 	 0.062442 	 0.065142
  383 	 0.000098 	 0.063732 	 0.065142
  384 	 0.010119 	 0.064301 	 0.065142
  385 	 0.000196 	 0.062866 	 0.065142
  386 	 0.061165 	 0.064975 	 0.065142
  387 	 0.051752 	 0.064873 	 0.065142
  388 	 0.000784 	 0.064400 	 0.065142
  389 	 0.012283 	 0.064404 	 0.065142
  390 	 0.001567 	 0.062694 	 0.065142
  391 	 0.009233 	 0.063410 	 0.065142
  392 	 0.006234 	 0.064044 	 0.065142
  393 	 0.039467 	 0.064558 	 0.065142
  394 	 0.000049 	 0.061581 	 0.065142
  395 	 0.000196 	 0.063790 	 0.065142
  396 	 0.000049 	 0.062529 	 0.065142
  397 	 0.016369 	 0.063342 	 0.065142
  398 	 0.000196 	 0.064021 	 0.065142
  399 	 0.023528 	 0.064492 	 0.065142
  400 	 0.051881 	 0.064927 	 0.065142
  401 	 0.006234 	 0.064271 	 0.065142
  402 	 0.047834 	 0.064943 	 0.065142
  403 	 0.000049 	 0.063794 	 0.065142
  404 	 0.000049 	 0.062787 	 0.065142
  405 	 0.000049 	 0.064091 	 0.065142
  406 	 0.003131 	 0.064421 	 0.065142
  407 	 0.000098 	 0.062184 	 0.065142
  408 	 0.012283 	 0.063445 	 0.065142
  409 	 0.051648 	 0.064948 	 0.065142
  410 	 0.012975 	 0.064481 	 0.065142
  411 	 0.003130 	 0.063544 	 0.065142
  412 	 0.007058 	 0.063233 	 0.065142
  413 	 0.021097 	 0.064326 	 0.065142
  414 	 0.021097 	 0.064600 	 0.065142
  415 	 0.021097 	 0.064173 	 0.065142
  416 	 0.010119 	 0.064318 	 0.065142
  417 	 0.001567 	 0.063294 	 0.065142
  418 	 0.012304 	 0.063982 	 0.065142
  419 	 0.007058 	 0.064523 	 0.065142
  420 	 0.018734 	 0.064466 	 0.065142
  421 	 0.060679 	 0.065086 	 0.065142
  422 	 0.000196 	 0.064375 	 0.065142
  423 	 0.001567 	 0.063919 	 0.065142
  424 	 0.000784 	 0.064372 	 0.065142
  425 	 0.000784 	 0.063670 	 0.065142
  426 	 0.027784 	 0.064557 	 0.065142
  427 	 0.001567 	 0.063407 	 0.065142
  428 	 0.000049 	 0.062954 	 0.065142
  429 	 0.021097 	 0.064338 	 0.065142
  430 	 0.006234 	 0.063619 	 0.065142
  431 	 0.000049 	 0.063514 	 0.065142
  432 	 0.003130 	 0.063649 	 0.065142
  433 	 0.006234 	 0.063789 	 0.065142
  434 	 0.000049 	 0.062943 	 0.065142
  435 	 0.062333 	 0.065045 	 0.065142
  436 	 0.009233 	 0.064112 	 0.065142
  437 	 0.007058 	 0.062865 	 0.065142
  438 	 0.001547 	 0.063093 	 0.065142
  439 	 0.000196 	 0.062473 	 0.065142
  440 	 0.006234 	 0.063659 	 0.065142
  441 	 0.000784 	 0.063366 	 0.065142
  442 	 0.007058 	 0.064372 	 0.065142
  443 	 0.000196 	 0.063061 	 0.065142
  444 	 0.000098 	 0.063313 	 0.065142
  445 	 0.000098 	 0.064099 	 0.065142
  446 	 0.001567 	 0.063915 	 0.065142
  447 	 0.005994 	 0.063457 	 0.065142
  448 	 0.001567 	 0.064074 	 0.065142
  449 	 0.006234 	 0.062528 	 0.065142
  450 	 0.000049 	 0.062964 	 0.065142
  451 	 0.023528 	 0.064314 	 0.065142
  452 	 0.003130 	 0.063889 	 0.065142
  453 	 0.000049 	 0.063052 	 0.065142
  454 	 0.023670 	 0.064407 	 0.065142
  455 	 0.047834 	 0.064703 	 0.065142
  456 	 0.023528 	 0.064641 	 0.065142
  457 	 0.000098 	 0.062625 	 0.065142
  458 	 0.000049 	 0.063654 	 0.065142
  459 	 0.000049 	 0.063579 	 0.065142
  460 	 0.000196 	 0.062905 	 0.065142
  461 	 0.000097 	 0.063603 	 0.065142
  462 	 0.009233 	 0.064335 	 0.065142
  463 	 0.009233 	 0.064567 	 0.065142
  464 	 0.001567 	 0.063327 	 0.065142
  465 	 0.000196 	 0.063295 	 0.065142
  466 	 0.000196 	 0.063125 	 0.065142
  467 	 0.000196 	 0.063709 	 0.065142
  468 	 0.051752 	 0.064861 	 0.065142
  469 	 0.041050 	 0.064833 	 0.065142
  470 	 0.003130 	 0.064477 	 0.065142
  471 	 0.006234 	 0.063256 	 0.065142
  472 	 0.000784 	 0.064325 	 0.065142
  473 	 0.012283 	 0.064231 	 0.065142
  474 	 0.007058 	 0.063897 	 0.065142
  475 	 0.023664 	 0.064065 	 0.065142
  476 	 0.007058 	 0.064088 	 0.065142
  477 	 0.052234 	 0.064962 	 0.065142
  478 	 0.000049 	 0.063081 	 0.065142
  479 	 0.000098 	 0.064209 	 0.065142
  480 	 0.023664 	 0.063915 	 0.065142
  481 	 0.000392 	 0.063596 	 0.065142
  482 	 0.010119 	 0.064363 	 0.065142
  483 	 0.016369 	 0.064615 	 0.065142
  484 	 0.000196 	 0.063330 	 0.065142
  485 	 0.039496 	 0.064815 	 0.065142
  486 	 0.058438 	 0.064928 	 0.065142
  487 	 0.003130 	 0.063333 	 0.065142
  488 	 0.023664 	 0.064098 	 0.065142
  489 	 0.001567 	 0.063348 	 0.065142
  490 	 0.051881 	 0.064862 	 0.065142
  491 	 0.000392 	 0.063870 	 0.065142
  492 	 0.027784 	 0.064347 	 0.065142
  493 	 0.000196 	 0.064226 	 0.065142
  494 	 0.012283 	 0.063412 	 0.065142
  495 	 0.007058 	 0.064297 	 0.065142
  496 	 0.051881 	 0.064925 	 0.065142
  497 	 0.000196 	 0.063100 	 0.065142
  498 	 0.000784 	 0.063848 	 0.065142
  499 	 0.051881 	 0.064713 	 0.065142
 