   0 	 0.000049 	 0.000414 	 0.014494
    1 	 0.000102 	 0.000654 	 0.014804
    2 	 0.000206 	 0.001040 	 0.020177
    3 	 0.000204 	 0.001949 	 0.020289
    4 	 0.000049 	 0.002770 	 0.020177
    5 	 0.000173 	 0.004571 	 0.020180
    6 	 0.000203 	 0.007309 	 0.021480
    7 	 0.000050 	 0.010941 	 0.042964
    8 	 0.000049 	 0.015116 	 0.042964
    9 	 0.006284 	 0.019159 	 0.055660
   10 	 0.000393 	 0.019304 	 0.042964
   11 	 0.000049 	 0.021680 	 0.042437
   12 	 0.003070 	 0.024335 	 0.054925
   13 	 0.000196 	 0.026923 	 0.057896
   14 	 0.000197 	 0.028333 	 0.054925
   15 	 0.000886 	 0.029977 	 0.054898
   16 	 0.008732 	 0.034970 	 0.054898
   17 	 0.000098 	 0.038604 	 0.054898
   18 	 0.001588 	 0.041405 	 0.060819
   19 	 0.000049 	 0.041294 	 0.058520
   20 	 0.000787 	 0.043817 	 0.055609
   21 	 0.000784 	 0.045747 	 0.061740
   22 	 0.000202 	 0.047337 	 0.062220
   23 	 0.005468 	 0.048061 	 0.061740
   24 	 0.000099 	 0.050224 	 0.061740
   25 	 0.000049 	 0.052844 	 0.061790
   26 	 0.000197 	 0.051246 	 0.064316
   27 	 0.000049 	 0.050213 	 0.064316
   28 	 0.037938 	 0.057278 	 0.065087
   29 	 0.000098 	 0.057425 	 0.066666
   30 	 0.032831 	 0.059407 	 0.065923
   31 	 0.000098 	 0.058793 	 0.066527
   32 	 0.000049 	 0.060523 	 0.066554
   33 	 0.053760 	 0.063741 	 0.070915
   34 	 0.035752 	 0.065116 	 0.070915
   35 	 0.000393 	 0.063405 	 0.071480
   36 	 0.000098 	 0.064935 	 0.075655
   37 	 0.034338 	 0.068747 	 0.075676
   38 	 0.012344 	 0.069302 	 0.081568
   39 	 0.000098 	 0.069370 	 0.077095
   40 	 0.001564 	 0.070176 	 0.077086
   41 	 0.000196 	 0.070355 	 0.077883
   42 	 0.027677 	 0.073071 	 0.077883
   43 	 0.023635 	 0.075587 	 0.081134
   44 	 0.006225 	 0.075328 	 0.081432
   45 	 0.018690 	 0.076282 	 0.081432
   46 	 0.000196 	 0.075290 	 0.081432
   47 	 0.012303 	 0.077470 	 0.083022
   48 	 0.000049 	 0.074289 	 0.083021
   49 	 0.062790 	 0.079619 	 0.083021
   50 	 0.000196 	 0.076950 	 0.083021
   51 	 0.001572 	 0.081162 	 0.083471
   52 	 0.057612 	 0.082399 	 0.083471
   53 	 0.000785 	 0.079695 	 0.083478
   54 	 0.000098 	 0.079056 	 0.083775
   55 	 0.000098 	 0.079579 	 0.083926
   56 	 0.000785 	 0.081539 	 0.083926
   57 	 0.012784 	 0.082009 	 0.084025
   58 	 0.000785 	 0.081002 	 0.084025
   59 	 0.000098 	 0.081423 	 0.084385
   60 	 0.000049 	 0.080435 	 0.084467
   61 	 0.000049 	 0.080444 	 0.084821
   62 	 0.023503 	 0.083382 	 0.084821
   63 	 0.000049 	 0.081542 	 0.084887
   64 	 0.030351 	 0.082154 	 0.084993
   65 	 0.018132 	 0.083282 	 0.084951
   66 	 0.000785 	 0.082806 	 0.084999
   67 	 0.018184 	 0.084027 	 0.085086
   68 	 0.003144 	 0.082848 	 0.085549
   69 	 0.000392 	 0.078852 	 0.085549
   70 	 0.012524 	 0.084247 	 0.085654
   71 	 0.033038 	 0.084215 	 0.085657
   72 	 0.007104 	 0.083876 	 0.085654
   73 	 0.006285 	 0.083238 	 0.085657
   74 	 0.003138 	 0.083566 	 0.085906
   75 	 0.023615 	 0.084422 	 0.085906
   76 	 0.023829 	 0.084201 	 0.086047
   77 	 0.041194 	 0.085031 	 0.086047
   78 	 0.039874 	 0.084955 	 0.086047
   79 	 0.085375 	 0.085899 	 0.086047
   80 	 0.000196 	 0.082566 	 0.086047
   81 	 0.029978 	 0.084517 	 0.086047
   82 	 0.013942 	 0.084182 	 0.086047
   83 	 0.009578 	 0.082849 	 0.086074
   84 	 0.000049 	 0.083571 	 0.086152
   85 	 0.009543 	 0.085225 	 0.086152
   86 	 0.023461 	 0.085008 	 0.086163
   87 	 0.000049 	 0.083087 	 0.086163
   88 	 0.000098 	 0.084030 	 0.086237
   89 	 0.007130 	 0.083348 	 0.086237
   90 	 0.000196 	 0.082798 	 0.086237
   91 	 0.000098 	 0.082944 	 0.086237
   92 	 0.018256 	 0.084595 	 0.086278
   93 	 0.000785 	 0.083138 	 0.086278
   94 	 0.042516 	 0.085708 	 0.086278
   95 	 0.000098 	 0.084378 	 0.086288
   96 	 0.009616 	 0.083905 	 0.086288
   97 	 0.003144 	 0.083957 	 0.086288
   98 	 0.000784 	 0.085326 	 0.086283
   99 	 0.000196 	 0.084703 	 0.086283
  100 	 0.086196 	 0.086279 	 0.086284
  101 	 0.000196 	 0.082641 	 0.086300
  102 	 0.000049 	 0.083591 	 0.086300
  103 	 0.012494 	 0.083443 	 0.086300
  104 	 0.000784 	 0.084129 	 0.086300
  105 	 0.000392 	 0.084129 	 0.086304
  106 	 0.000392 	 0.083896 	 0.086304
  107 	 0.058246 	 0.085802 	 0.086319
  108 	 0.038627 	 0.085500 	 0.086324
  109 	 0.000049 	 0.084688 	 0.086697
  110 	 0.000392 	 0.084943 	 0.086697
  111 	 0.000049 	 0.082960 	 0.086697
  112 	 0.006284 	 0.084984 	 0.086411
  113 	 0.003141 	 0.083976 	 0.086411
  114 	 0.009456 	 0.084079 	 0.086411
  115 	 0.079335 	 0.086212 	 0.086411
  116 	 0.003141 	 0.084805 	 0.086413
  117 	 0.000196 	 0.085437 	 0.086423
  118 	 0.000049 	 0.083983 	 0.086423
  119 	 0.042126 	 0.084720 	 0.086429
  120 	 0.009592 	 0.084588 	 0.086429
  121 	 0.009462 	 0.085324 	 0.086429
  122 	 0.009587 	 0.085000 	 0.086430
  123 	 0.035244 	 0.085002 	 0.086430
  124 	 0.000049 	 0.084825 	 0.086430
  125 	 0.000196 	 0.085538 	 0.086432
  126 	 0.003141 	 0.084693 	 0.086433
  127 	 0.000196 	 0.083079 	 0.086433
  128 	 0.003141 	 0.083898 	 0.086433
  129 	 0.000098 	 0.085547 	 0.086434
  130 	 0.000392 	 0.083468 	 0.086434
  131 	 0.009593 	 0.084068 	 0.086434
  132 	 0.003141 	 0.083941 	 0.086434
  133 	 0.007123 	 0.083809 	 0.086434
  134 	 0.000098 	 0.083663 	 0.086826
  135 	 0.012942 	 0.083871 	 0.086826
  136 	 0.000392 	 0.084188 	 0.086826
  137 	 0.032909 	 0.085773 	 0.086827
  138 	 0.018382 	 0.085233 	 0.086827
  139 	 0.038525 	 0.085933 	 0.086830
  140 	 0.000392 	 0.084594 	 0.086830
  141 	 0.009602 	 0.084568 	 0.086830
  142 	 0.023762 	 0.085735 	 0.086830
  143 	 0.058037 	 0.086060 	 0.086830
  144 	 0.001569 	 0.084387 	 0.086830
  145 	 0.084496 	 0.086806 	 0.086830
  146 	 0.042464 	 0.085660 	 0.086830
  147 	 0.018143 	 0.085568 	 0.086830
  148 	 0.072566 	 0.086680 	 0.086830
  149 	 0.018386 	 0.085425 	 0.086830
  150 	 0.023763 	 0.086002 	 0.086831
  151 	 0.000049 	 0.085721 	 0.086831
  152 	 0.033394 	 0.084797 	 0.086830
  153 	 0.077715 	 0.086595 	 0.086830
  154 	 0.000098 	 0.084763 	 0.086830
  155 	 0.000098 	 0.084071 	 0.086830
  156 	 0.000049 	 0.084575 	 0.086830
  157 	 0.000098 	 0.085526 	 0.086830
  158 	 0.000392 	 0.085598 	 0.086830
  159 	 0.003140 	 0.085162 	 0.086830
  160 	 0.000784 	 0.083889 	 0.086830
  161 	 0.000049 	 0.083369 	 0.086830
  162 	 0.012511 	 0.084730 	 0.086830
  163 	 0.000098 	 0.083464 	 0.086830
  164 	 0.058030 	 0.086178 	 0.086830
  165 	 0.009448 	 0.085267 	 0.086830
  166 	 0.077794 	 0.086731 	 0.086830
  167 	 0.019120 	 0.085278 	 0.086831
  168 	 0.000392 	 0.085116 	 0.086830
  169 	 0.058705 	 0.086129 	 0.086830
  170 	 0.012964 	 0.085938 	 0.086830
  171 	 0.009602 	 0.084679 	 0.086830
  172 	 0.000784 	 0.084262 	 0.086830
  173 	 0.000098 	 0.085917 	 0.086830
  174 	 0.001569 	 0.084030 	 0.086830
  175 	 0.000784 	 0.085107 	 0.086830
  176 	 0.019120 	 0.085301 	 0.086830
  177 	 0.007117 	 0.084509 	 0.086830
  178 	 0.007117 	 0.085371 	 0.086830
  179 	 0.001569 	 0.082401 	 0.086830
  180 	 0.071699 	 0.086514 	 0.086830
  181 	 0.076183 	 0.086625 	 0.086830
  182 	 0.000196 	 0.085368 	 0.086830
  183 	 0.023759 	 0.085932 	 0.086830
  184 	 0.012964 	 0.085952 	 0.086830
  185 	 0.003148 	 0.084499 	 0.086831
  186 	 0.000196 	 0.085140 	 0.086831
  187 	 0.007130 	 0.085064 	 0.086831
  188 	 0.000049 	 0.085295 	 0.086831
  189 	 0.040474 	 0.086210 	 0.086831
  190 	 0.000392 	 0.082908 	 0.086831
  191 	 0.077576 	 0.086633 	 0.086831
  192 	 0.000049 	 0.085117 	 0.086831
  193 	 0.000196 	 0.084443 	 0.086831
  194 	 0.000784 	 0.083508 	 0.086831
  195 	 0.000392 	 0.084466 	 0.086831
  196 	 0.009602 	 0.084473 	 0.086831
  197 	 0.012964 	 0.085533 	 0.086831
  198 	 0.000098 	 0.081835 	 0.086831
  199 	 0.000196 	 0.085878 	 0.086831
  200 	 0.000049 	 0.085194 	 0.086831
  201 	 0.000049 	 0.082940 	 0.086831
  202 	 0.018396 	 0.083696 	 0.086831
  203 	 0.033396 	 0.085037 	 0.086831
  204 	 0.033396 	 0.085643 	 0.086831
  205 	 0.019121 	 0.085915 	 0.086831
  206 	 0.003140 	 0.085064 	 0.086831
  207 	 0.000196 	 0.083732 	 0.086831
  208 	 0.012510 	 0.085686 	 0.086831
  209 	 0.000392 	 0.084182 	 0.086831
  210 	 0.080888 	 0.086712 	 0.086831
  211 	 0.000098 	 0.083675 	 0.086831
  212 	 0.085657 	 0.086813 	 0.086831
  213 	 0.006280 	 0.085205 	 0.086831
  214 	 0.009448 	 0.085107 	 0.086831
  215 	 0.033396 	 0.086265 	 0.086831
  216 	 0.000049 	 0.084661 	 0.086831
  217 	 0.000196 	 0.084791 	 0.086831
  218 	 0.001569 	 0.085398 	 0.086831
  219 	 0.003140 	 0.084906 	 0.086831
  220 	 0.000784 	 0.085241 	 0.086831
  221 	 0.012510 	 0.085041 	 0.086831
  222 	 0.000784 	 0.084151 	 0.086831
  223 	 0.000098 	 0.084112 	 0.086831
  224 	 0.074313 	 0.086528 	 0.086831
  225 	 0.072346 	 0.086402 	 0.086831
  226 	 0.006280 	 0.084889 	 0.086831
  227 	 0.000392 	 0.083757 	 0.086831
  228 	 0.007117 	 0.084724 	 0.086831
  229 	 0.033396 	 0.085022 	 0.086831
  230 	 0.000196 	 0.085269 	 0.086831
  231 	 0.009448 	 0.083762 	 0.086831
  232 	 0.000784 	 0.082683 	 0.086831
  233 	 0.023760 	 0.084876 	 0.086831
  234 	 0.000196 	 0.085336 	 0.086831
  235 	 0.003140 	 0.083648 	 0.086831
  236 	 0.000784 	 0.082273 	 0.086831
  237 	 0.007090 	 0.084193 	 0.086831
  238 	 0.012510 	 0.084574 	 0.086831
  239 	 0.018384 	 0.085600 	 0.086831
  240 	 0.000392 	 0.083633 	 0.086831
  241 	 0.033396 	 0.085817 	 0.086831
  242 	 0.000049 	 0.084660 	 0.086831
  243 	 0.018384 	 0.085638 	 0.086831
  244 	 0.000196 	 0.083825 	 0.086831
  245 	 0.001569 	 0.085098 	 0.086831
  246 	 0.012964 	 0.084202 	 0.086831
  247 	 0.000196 	 0.084399 	 0.086831
  248 	 0.000392 	 0.084880 	 0.086831
  249 	 0.000049 	 0.083434 	 0.086831
  250 	 0.000049 	 0.085071 	 0.086831
  251 	 0.000098 	 0.084203 	 0.086831
  252 	 0.001569 	 0.081854 	 0.086831
  253 	 0.000196 	 0.082692 	 0.086831
  254 	 0.007117 	 0.085069 	 0.086831
  255 	 0.029269 	 0.086067 	 0.086831
  256 	 0.000098 	 0.085012 	 0.086831
  257 	 0.000196 	 0.083653 	 0.086831
  258 	 0.000196 	 0.085034 	 0.086831
  259 	 0.006280 	 0.084644 	 0.086831
  260 	 0.000392 	 0.083534 	 0.086831
  261 	 0.000049 	 0.084584 	 0.086831
  262 	 0.000392 	 0.084076 	 0.086831
  263 	 0.000049 	 0.082964 	 0.086831
  264 	 0.012848 	 0.085981 	 0.086831
  265 	 0.012964 	 0.084329 	 0.086831
  266 	 0.007117 	 0.085103 	 0.086831
  267 	 0.000392 	 0.085120 	 0.086831
  268 	 0.076179 	 0.086712 	 0.086831
  269 	 0.033396 	 0.086248 	 0.086831
  270 	 0.000784 	 0.084951 	 0.086831
  271 	 0.033396 	 0.086242 	 0.086831
  272 	 0.018384 	 0.085793 	 0.086831
  273 	 0.033396 	 0.085844 	 0.086831
  274 	 0.000049 	 0.084017 	 0.086831
  275 	 0.000098 	 0.084339 	 0.086831
  276 	 0.009426 	 0.084309 	 0.086831
  277 	 0.012510 	 0.083551 	 0.086831
  278 	 0.000098 	 0.083172 	 0.086831
  279 	 0.061986 	 0.086306 	 0.086831
  280 	 0.007117 	 0.085123 	 0.086831
  281 	 0.003140 	 0.083689 	 0.086831
  282 	 0.000049 	 0.083773 	 0.086831
  283 	 0.000049 	 0.085733 	 0.086831
  284 	 0.012964 	 0.084799 	 0.086831
  285 	 0.000196 	 0.084424 	 0.086831
  286 	 0.000098 	 0.085476 	 0.086831
  287 	 0.000392 	 0.083783 	 0.086831
  288 	 0.012510 	 0.085275 	 0.086831
  289 	 0.000784 	 0.083829 	 0.086831
  290 	 0.001529 	 0.083493 	 0.086831
  291 	 0.001569 	 0.084118 	 0.086831
  292 	 0.000392 	 0.084215 	 0.086831
  293 	 0.000049 	 0.085613 	 0.086831
  294 	 0.054032 	 0.086162 	 0.086831
  295 	 0.012964 	 0.084467 	 0.086831
  296 	 0.000098 	 0.083677 	 0.086831
  297 	 0.000049 	 0.082695 	 0.086831
  298 	 0.000049 	 0.085130 	 0.086831
  299 	 0.001569 	 0.085862 	 0.086831
  300 	 0.009448 	 0.085223 	 0.086831
  301 	 0.000392 	 0.083184 	 0.086831
  302 	 0.006280 	 0.085332 	 0.086831
  303 	 0.018384 	 0.085283 	 0.086831
  304 	 0.000784 	 0.083915 	 0.086831
  305 	 0.001569 	 0.084602 	 0.086831
  306 	 0.000784 	 0.084396 	 0.086831
  307 	 0.001572 	 0.084184 	 0.086831
  308 	 0.040474 	 0.086358 	 0.086831
  309 	 0.000784 	 0.084302 	 0.086831
  310 	 0.018144 	 0.085093 	 0.086831
  311 	 0.000098 	 0.083305 	 0.086831
  312 	 0.019121 	 0.085949 	 0.086831
  313 	 0.000784 	 0.085432 	 0.086831
  314 	 0.000392 	 0.084278 	 0.086831
  315 	 0.019121 	 0.085356 	 0.086831
  316 	 0.000784 	 0.084359 	 0.086831
  317 	 0.007101 	 0.084333 	 0.086831
  318 	 0.038528 	 0.086086 	 0.086831
  319 	 0.000098 	 0.085863 	 0.086831
  320 	 0.034889 	 0.085326 	 0.086831
  321 	 0.012510 	 0.083180 	 0.086831
  322 	 0.005814 	 0.084384 	 0.086831
  323 	 0.000049 	 0.083652 	 0.086831
  324 	 0.000049 	 0.082999 	 0.086831
  325 	 0.029749 	 0.085615 	 0.086831
  326 	 0.009448 	 0.085337 	 0.086831
  327 	 0.023760 	 0.085393 	 0.086831
  328 	 0.000196 	 0.083617 	 0.086831
  329 	 0.033396 	 0.085987 	 0.086831
  330 	 0.019118 	 0.085104 	 0.086831
  331 	 0.000196 	 0.083072 	 0.086831
  332 	 0.033396 	 0.085097 	 0.086831
  333 	 0.007117 	 0.084699 	 0.086831
  334 	 0.000049 	 0.084021 	 0.086831
  335 	 0.007117 	 0.083866 	 0.086831
  336 	 0.001569 	 0.084057 	 0.086831
  337 	 0.040474 	 0.085655 	 0.086831
  338 	 0.009448 	 0.084147 	 0.086831
  339 	 0.018384 	 0.084350 	 0.086831
  340 	 0.012964 	 0.084948 	 0.086831
  341 	 0.000049 	 0.084329 	 0.086831
  342 	 0.001569 	 0.084236 	 0.086831
  343 	 0.018384 	 0.085456 	 0.086831
  344 	 0.084502 	 0.086802 	 0.086831
  345 	 0.000196 	 0.082934 	 0.086831
  346 	 0.029749 	 0.086178 	 0.086831
  347 	 0.063964 	 0.086457 	 0.086831
  348 	 0.003140 	 0.085334 	 0.086831
  349 	 0.000784 	 0.084177 	 0.086831
  350 	 0.054032 	 0.086211 	 0.086831
  351 	 0.001569 	 0.084726 	 0.086831
  352 	 0.001569 	 0.084664 	 0.086831
  353 	 0.006280 	 0.085187 	 0.086831
  354 	 0.029749 	 0.085604 	 0.086831
  355 	 0.040474 	 0.086257 	 0.086831
  356 	 0.082769 	 0.086777 	 0.086831
  357 	 0.019121 	 0.085985 	 0.086831
  358 	 0.033396 	 0.086042 	 0.086831
  359 	 0.000392 	 0.085353 	 0.086831
  360 	 0.001569 	 0.085233 	 0.086831
  361 	 0.000392 	 0.084437 	 0.086831
  362 	 0.000098 	 0.084170 	 0.086831
  363 	 0.000196 	 0.083245 	 0.086831
  364 	 0.012510 	 0.085607 	 0.086831
  365 	 0.023760 	 0.085420 	 0.086831
  366 	 0.029749 	 0.086172 	 0.086831
  367 	 0.033396 	 0.086094 	 0.086831
  368 	 0.018144 	 0.084625 	 0.086831
  369 	 0.012964 	 0.086053 	 0.086831
  370 	 0.001569 	 0.084949 	 0.086831
  371 	 0.000196 	 0.085396 	 0.086831
  372 	 0.000098 	 0.083215 	 0.086831
  373 	 0.001569 	 0.082587 	 0.086831
  374 	 0.001569 	 0.085900 	 0.086831
  375 	 0.000784 	 0.085940 	 0.086831
  376 	 0.000049 	 0.080906 	 0.086831
  377 	 0.082769 	 0.086779 	 0.086831
  378 	 0.012254 	 0.085121 	 0.086831
  379 	 0.023760 	 0.086058 	 0.086831
  380 	 0.000098 	 0.085737 	 0.086831
  381 	 0.038528 	 0.086077 	 0.086831
  382 	 0.009448 	 0.085215 	 0.086831
  383 	 0.019121 	 0.085826 	 0.086831
  384 	 0.000049 	 0.083235 	 0.086831
  385 	 0.012510 	 0.084314 	 0.086831
  386 	 0.000196 	 0.085045 	 0.086831
  387 	 0.023227 	 0.085009 	 0.086831
  388 	 0.000196 	 0.085496 	 0.086831
  389 	 0.007117 	 0.083519 	 0.086831
  390 	 0.007117 	 0.083828 	 0.086831
  391 	 0.033396 	 0.085417 	 0.086831
  392 	 0.009448 	 0.085428 	 0.086831
  393 	 0.000049 	 0.084987 	 0.086831
  394 	 0.018384 	 0.085523 	 0.086831
  395 	 0.001569 	 0.084899 	 0.086831
  396 	 0.001727 	 0.083818 	 0.086831
  397 	 0.007117 	 0.083503 	 0.086831
  398 	 0.042457 	 0.086208 	 0.086831
  399 	 0.012964 	 0.085749 	 0.086831
  400 	 0.042457 	 0.085660 	 0.086831
  401 	 0.035142 	 0.085963 	 0.086831
  402 	 0.000049 	 0.083436 	 0.086831
  403 	 0.000784 	 0.084941 	 0.086831
  404 	 0.006280 	 0.084913 	 0.086831
  405 	 0.000392 	 0.085097 	 0.086831
  406 	 0.012510 	 0.085415 	 0.086831
  407 	 0.012964 	 0.084572 	 0.086831
  408 	 0.012510 	 0.082704 	 0.086831
  409 	 0.033396 	 0.085775 	 0.086831
  410 	 0.009602 	 0.085571 	 0.086831
  411 	 0.000196 	 0.082731 	 0.086831
  412 	 0.000196 	 0.085331 	 0.086831
  413 	 0.009602 	 0.085258 	 0.086831
  414 	 0.000049 	 0.083593 	 0.086831
  415 	 0.009602 	 0.084615 	 0.086831
  416 	 0.006280 	 0.084538 	 0.086831
  417 	 0.019121 	 0.085625 	 0.086831
  418 	 0.000392 	 0.084600 	 0.086831
  419 	 0.042457 	 0.086078 	 0.086831
  420 	 0.012459 	 0.084358 	 0.086831
  421 	 0.009448 	 0.085834 	 0.086831
  422 	 0.000049 	 0.085961 	 0.086831
  423 	 0.000392 	 0.085207 	 0.086831
  424 	 0.006280 	 0.083716 	 0.086831
  425 	 0.029749 	 0.084152 	 0.086831
  426 	 0.063216 	 0.086360 	 0.086831
  427 	 0.006280 	 0.084511 	 0.086831
  428 	 0.000049 	 0.081457 	 0.086831
  429 	 0.000098 	 0.085204 	 0.086831
  430 	 0.000098 	 0.083435 	 0.086831
  431 	 0.000392 	 0.083676 	 0.086831
  432 	 0.029749 	 0.086164 	 0.086831
  433 	 0.018144 	 0.084578 	 0.086831
  434 	 0.000049 	 0.084309 	 0.086831
  435 	 0.001569 	 0.084752 	 0.086831
  436 	 0.074454 	 0.086684 	 0.086831
  437 	 0.083186 	 0.086723 	 0.086831
  438 	 0.000049 	 0.084039 	 0.086831
  439 	 0.000392 	 0.083953 	 0.086831
  440 	 0.006280 	 0.084516 	 0.086831
  441 	 0.000784 	 0.084762 	 0.086831
  442 	 0.001569 	 0.083441 	 0.086831
  443 	 0.018384 	 0.085348 	 0.086831
  444 	 0.000098 	 0.083521 	 0.086831
  445 	 0.000098 	 0.083688 	 0.086831
  446 	 0.071694 	 0.086610 	 0.086831
  447 	 0.000098 	 0.085012 	 0.086831
  448 	 0.012964 	 0.084920 	 0.086831
  449 	 0.000785 	 0.085060 	 0.086831
  450 	 0.000196 	 0.084466 	 0.086831
  451 	 0.012510 	 0.084082 	 0.086831
  452 	 0.003140 	 0.084878 	 0.086831
  453 	 0.000098 	 0.084893 	 0.086831
  454 	 0.000392 	 0.085678 	 0.086831
  455 	 0.006280 	 0.085083 	 0.086831
  456 	 0.000196 	 0.084483 	 0.086831
  457 	 0.071694 	 0.086524 	 0.086831
  458 	 0.000049 	 0.081912 	 0.086831
  459 	 0.000098 	 0.083504 	 0.086831
  460 	 0.001569 	 0.084097 	 0.086831
  461 	 0.000196 	 0.085394 	 0.086831
  462 	 0.009448 	 0.085929 	 0.086831
  463 	 0.000196 	 0.083649 	 0.086831
  464 	 0.003140 	 0.084976 	 0.086831
  465 	 0.018384 	 0.086028 	 0.086831
  466 	 0.000393 	 0.082844 	 0.086831
  467 	 0.000098 	 0.085095 	 0.086831
  468 	 0.001569 	 0.084919 	 0.086831
  469 	 0.038528 	 0.086054 	 0.086831
  470 	 0.000098 	 0.084509 	 0.086831
  471 	 0.000049 	 0.083835 	 0.086831
  472 	 0.000098 	 0.084924 	 0.086831
  473 	 0.000196 	 0.084987 	 0.086831
  474 	 0.009448 	 0.083980 	 0.086831
  475 	 0.006280 	 0.085874 	 0.086831
  476 	 0.000196 	 0.082354 	 0.086831
  477 	 0.000392 	 0.082214 	 0.086831
  478 	 0.000196 	 0.085936 	 0.086831
  479 	 0.006280 	 0.084401 	 0.086831
  480 	 0.007117 	 0.085617 	 0.086831
  481 	 0.043198 	 0.086195 	 0.086831
  482 	 0.000784 	 0.085308 	 0.086831
  483 	 0.000196 	 0.085126 	 0.086831
  484 	 0.009448 	 0.084992 	 0.086831
  485 	 0.001569 	 0.083684 	 0.086831
  486 	 0.000049 	 0.085162 	 0.086831
  487 	 0.018144 	 0.086002 	 0.086831
  488 	 0.029795 	 0.084473 	 0.086831
  489 	 0.000098 	 0.082828 	 0.086831
  490 	 0.000784 	 0.084788 	 0.086831
  491 	 0.018144 	 0.085680 	 0.086831
  492 	 0.007117 	 0.083855 	 0.086831
  493 	 0.000049 	 0.083110 	 0.086831
  494 	 0.000392 	 0.082486 	 0.086831
  495 	 0.000049 	 0.084078 	 0.086831
  496 	 0.058704 	 0.086380 	 0.086831
  497 	 0.000049 	 0.084031 	 0.086831
  498 	 0.001571 	 0.083752 	 0.086831
  499 	 0.009448 	 0.084568 	 0.086831
 