   0 	 0.000049 	 0.000507 	 0.010150
    1 	 0.000101 	 0.001434 	 0.036979
    2 	 0.000223 	 0.002247 	 0.039386
    3 	 0.000175 	 0.003692 	 0.036979
    4 	 0.001340 	 0.007506 	 0.037008
    5 	 0.000097 	 0.009972 	 0.030415
    6 	 0.000049 	 0.013565 	 0.048769
    7 	 0.001467 	 0.017722 	 0.038889
    8 	 0.007661 	 0.021083 	 0.055931
    9 	 0.000373 	 0.025100 	 0.055931
   10 	 0.004579 	 0.030147 	 0.059363
   11 	 0.008999 	 0.031294 	 0.059363
   12 	 0.000393 	 0.031211 	 0.059363
   13 	 0.000775 	 0.032680 	 0.059075
   14 	 0.000392 	 0.031377 	 0.065970
   15 	 0.007904 	 0.033585 	 0.065970
   16 	 0.007924 	 0.036955 	 0.065970
   17 	 0.000196 	 0.039295 	 0.065970
   18 	 0.005213 	 0.041394 	 0.065970
   19 	 0.000783 	 0.042156 	 0.063821
   20 	 0.000775 	 0.044895 	 0.058777
   21 	 0.003164 	 0.049148 	 0.060593
   22 	 0.001570 	 0.051651 	 0.060593
   23 	 0.000196 	 0.052565 	 0.060593
   24 	 0.000391 	 0.055676 	 0.061770
   25 	 0.007174 	 0.057038 	 0.062851
   26 	 0.000782 	 0.057062 	 0.061863
   27 	 0.000391 	 0.059082 	 0.065207
   28 	 0.003137 	 0.059510 	 0.065207
   29 	 0.000098 	 0.060062 	 0.064876
   30 	 0.041975 	 0.060962 	 0.068862
   31 	 0.012287 	 0.060942 	 0.068862
   32 	 0.000184 	 0.061680 	 0.067511
   33 	 0.048387 	 0.063353 	 0.069440
   34 	 0.006214 	 0.063343 	 0.071385
   35 	 0.000392 	 0.064016 	 0.071845
   36 	 0.000783 	 0.064193 	 0.071953
   37 	 0.003094 	 0.066204 	 0.071845
   38 	 0.009145 	 0.068222 	 0.071845
   39 	 0.021727 	 0.069091 	 0.073477
   40 	 0.011780 	 0.068797 	 0.073477
   41 	 0.009192 	 0.070492 	 0.073577
   42 	 0.023773 	 0.071519 	 0.073600
   43 	 0.007051 	 0.071819 	 0.073897
   44 	 0.000098 	 0.072036 	 0.074393
   45 	 0.037781 	 0.072997 	 0.074470
   46 	 0.000098 	 0.071034 	 0.075402
   47 	 0.000049 	 0.072326 	 0.081469
   48 	 0.001565 	 0.072689 	 0.076761
   49 	 0.006759 	 0.072403 	 0.078629
   50 	 0.000196 	 0.073681 	 0.078629
   51 	 0.000049 	 0.072955 	 0.081529
   52 	 0.001563 	 0.073430 	 0.081529
   53 	 0.018332 	 0.076117 	 0.082850
   54 	 0.045489 	 0.078104 	 0.089944
   55 	 0.000098 	 0.077027 	 0.090892
   56 	 0.006258 	 0.077743 	 0.093390
   57 	 0.000784 	 0.080610 	 0.093390
   58 	 0.000098 	 0.079959 	 0.093981
   59 	 0.001567 	 0.081142 	 0.093981
   60 	 0.020535 	 0.082941 	 0.093981
   61 	 0.000049 	 0.084821 	 0.093981
   62 	 0.003082 	 0.088595 	 0.093981
   63 	 0.003084 	 0.092303 	 0.095640
   64 	 0.009599 	 0.091433 	 0.096200
   65 	 0.000781 	 0.092272 	 0.096918
   66 	 0.020073 	 0.092619 	 0.106343
   67 	 0.009505 	 0.092399 	 0.106343
   68 	 0.001556 	 0.094191 	 0.106471
   69 	 0.000781 	 0.096321 	 0.107795
   70 	 0.000391 	 0.096331 	 0.106596
   71 	 0.000049 	 0.096201 	 0.107727
   72 	 0.018447 	 0.103918 	 0.118567
   73 	 0.000783 	 0.104440 	 0.118567
   74 	 0.087847 	 0.106857 	 0.116930
   75 	 0.087765 	 0.107315 	 0.123852
   76 	 0.006238 	 0.106430 	 0.126857
   77 	 0.068698 	 0.108581 	 0.127092
   78 	 0.018705 	 0.109916 	 0.127092
   79 	 0.011932 	 0.115414 	 0.127092
   80 	 0.019289 	 0.120945 	 0.127092
   81 	 0.067594 	 0.124252 	 0.127233
   82 	 0.000196 	 0.123331 	 0.127233
   83 	 0.006191 	 0.124135 	 0.127475
   84 	 0.001563 	 0.124374 	 0.127475
   85 	 0.000049 	 0.123182 	 0.127666
   86 	 0.000783 	 0.122292 	 0.127734
   87 	 0.019045 	 0.125730 	 0.128933
   88 	 0.000392 	 0.122563 	 0.128933
   89 	 0.001564 	 0.124923 	 0.128634
   90 	 0.000196 	 0.121326 	 0.128959
   91 	 0.013320 	 0.126533 	 0.128933
   92 	 0.000783 	 0.124033 	 0.128960
   93 	 0.007007 	 0.124597 	 0.129601
   94 	 0.042502 	 0.126000 	 0.130096
   95 	 0.007008 	 0.126785 	 0.130349
   96 	 0.000049 	 0.125379 	 0.131438
   97 	 0.001565 	 0.126203 	 0.131438
   98 	 0.001565 	 0.127135 	 0.132381
   99 	 0.000783 	 0.124215 	 0.132381
  100 	 0.009397 	 0.124980 	 0.132942
  101 	 0.046603 	 0.129659 	 0.132977
  102 	 0.001565 	 0.128910 	 0.132977
  103 	 0.123437 	 0.131647 	 0.132977
  104 	 0.009374 	 0.130817 	 0.133079
  105 	 0.042209 	 0.131177 	 0.133432
  106 	 0.013375 	 0.129905 	 0.133432
  107 	 0.012310 	 0.129917 	 0.133432
  108 	 0.009395 	 0.130409 	 0.133530
  109 	 0.006212 	 0.129139 	 0.133530
  110 	 0.012276 	 0.130477 	 0.133579
  111 	 0.000783 	 0.129224 	 0.133589
  112 	 0.000196 	 0.126540 	 0.133681
  113 	 0.018937 	 0.128976 	 0.134394
  114 	 0.000196 	 0.129597 	 0.134394
  115 	 0.000392 	 0.127461 	 0.134394
  116 	 0.000196 	 0.128189 	 0.134461
  117 	 0.041933 	 0.132303 	 0.134518
  118 	 0.000783 	 0.130313 	 0.134518
  119 	 0.000783 	 0.130525 	 0.134513
  120 	 0.012352 	 0.130145 	 0.134513
  121 	 0.000049 	 0.131610 	 0.134513
  122 	 0.086490 	 0.133865 	 0.134557
  123 	 0.018618 	 0.131301 	 0.134557
  124 	 0.000098 	 0.131174 	 0.134731
  125 	 0.000392 	 0.131329 	 0.134731
  126 	 0.001565 	 0.131126 	 0.134731
  127 	 0.003125 	 0.133162 	 0.134774
  128 	 0.000049 	 0.131416 	 0.134788
  129 	 0.001565 	 0.131335 	 0.134788
  130 	 0.000098 	 0.127592 	 0.134788
  131 	 0.000049 	 0.129713 	 0.134788
  132 	 0.003124 	 0.131800 	 0.134798
  133 	 0.000196 	 0.130112 	 0.134798
  134 	 0.000098 	 0.127581 	 0.134796
  135 	 0.000098 	 0.131843 	 0.134796
  136 	 0.000098 	 0.129239 	 0.134796
  137 	 0.000098 	 0.131060 	 0.134796
  138 	 0.049368 	 0.133860 	 0.134805
  139 	 0.025880 	 0.131881 	 0.134805
  140 	 0.019828 	 0.130865 	 0.134805
  141 	 0.047216 	 0.131939 	 0.134805
  142 	 0.040459 	 0.133218 	 0.134805
  143 	 0.009285 	 0.130354 	 0.134805
  144 	 0.000783 	 0.131288 	 0.134805
  145 	 0.000049 	 0.130123 	 0.134805
  146 	 0.001565 	 0.129998 	 0.134808
  147 	 0.009401 	 0.130378 	 0.134808
  148 	 0.000098 	 0.132025 	 0.134808
  149 	 0.012329 	 0.133345 	 0.134808
  150 	 0.001565 	 0.130169 	 0.134808
  151 	 0.000049 	 0.130408 	 0.134808
  152 	 0.019829 	 0.130978 	 0.134810
  153 	 0.087291 	 0.133541 	 0.134814
  154 	 0.001565 	 0.129219 	 0.134814
  155 	 0.000392 	 0.133422 	 0.134812
  156 	 0.018237 	 0.130938 	 0.134812
  157 	 0.000098 	 0.131155 	 0.134812
  158 	 0.000392 	 0.130906 	 0.134816
  159 	 0.006224 	 0.129889 	 0.134816
  160 	 0.000783 	 0.132750 	 0.134816
  161 	 0.000049 	 0.128801 	 0.134816
  162 	 0.037172 	 0.131867 	 0.134816
  163 	 0.003125 	 0.132248 	 0.134816
  164 	 0.000049 	 0.130311 	 0.134816
  165 	 0.049419 	 0.133512 	 0.134817
  166 	 0.006223 	 0.128995 	 0.134816
  167 	 0.009287 	 0.131327 	 0.134820
  168 	 0.000196 	 0.126475 	 0.134820
  169 	 0.009287 	 0.131129 	 0.134820
  170 	 0.000196 	 0.131204 	 0.134820
  171 	 0.087541 	 0.134066 	 0.134820
  172 	 0.000783 	 0.131833 	 0.134821
  173 	 0.000196 	 0.125281 	 0.134821
  174 	 0.000098 	 0.132912 	 0.134821
  175 	 0.000392 	 0.131422 	 0.134821
  176 	 0.000377 	 0.128358 	 0.134821
  177 	 0.000098 	 0.128042 	 0.134821
  178 	 0.000049 	 0.126806 	 0.134821
  179 	 0.000392 	 0.129564 	 0.134821
  180 	 0.001565 	 0.129250 	 0.134821
  181 	 0.006223 	 0.127933 	 0.134821
  182 	 0.003124 	 0.127430 	 0.134821
  183 	 0.000392 	 0.132766 	 0.134822
  184 	 0.003124 	 0.133481 	 0.134822
  185 	 0.024046 	 0.132643 	 0.134822
  186 	 0.013438 	 0.131031 	 0.134822
  187 	 0.006223 	 0.132163 	 0.134822
  188 	 0.009399 	 0.133549 	 0.134822
  189 	 0.001565 	 0.132485 	 0.134822
  190 	 0.009286 	 0.133541 	 0.134822
  191 	 0.000049 	 0.129519 	 0.134822
  192 	 0.000098 	 0.129875 	 0.134822
  193 	 0.000377 	 0.132960 	 0.134822
  194 	 0.000098 	 0.129233 	 0.134822
  195 	 0.076552 	 0.132728 	 0.134822
  196 	 0.064077 	 0.132386 	 0.134822
  197 	 0.070308 	 0.133338 	 0.134822
  198 	 0.001565 	 0.131164 	 0.134822
  199 	 0.025872 	 0.131463 	 0.134822
  200 	 0.000049 	 0.130177 	 0.134822
  201 	 0.047192 	 0.133754 	 0.134822
  202 	 0.047192 	 0.133566 	 0.134822
  203 	 0.006223 	 0.130645 	 0.134822
  204 	 0.076552 	 0.133895 	 0.134822
  205 	 0.000392 	 0.130798 	 0.134822
  206 	 0.000098 	 0.129744 	 0.134822
  207 	 0.003125 	 0.130018 	 0.134822
  208 	 0.076552 	 0.133458 	 0.134822
  209 	 0.058466 	 0.133442 	 0.134822
  210 	 0.000098 	 0.130348 	 0.134822
  211 	 0.007012 	 0.133397 	 0.134822
  212 	 0.000049 	 0.126750 	 0.134822
  213 	 0.001565 	 0.130190 	 0.134822
  214 	 0.003125 	 0.130954 	 0.134822
  215 	 0.000196 	 0.131227 	 0.134822
  216 	 0.012327 	 0.127699 	 0.134822
  217 	 0.037189 	 0.132829 	 0.134822
  218 	 0.047192 	 0.133450 	 0.134822
  219 	 0.009400 	 0.130955 	 0.134822
  220 	 0.001565 	 0.129333 	 0.134822
  221 	 0.006223 	 0.130470 	 0.134822
  222 	 0.013439 	 0.132116 	 0.134822
  223 	 0.037850 	 0.133369 	 0.134822
  224 	 0.000049 	 0.128827 	 0.134822
  225 	 0.000783 	 0.130845 	 0.134822
  226 	 0.009286 	 0.130658 	 0.134822
  227 	 0.000049 	 0.128300 	 0.134822
  228 	 0.078757 	 0.133687 	 0.134822
  229 	 0.019822 	 0.133082 	 0.134822
  230 	 0.000098 	 0.127520 	 0.134822
  231 	 0.000049 	 0.126396 	 0.134822
  232 	 0.047192 	 0.133162 	 0.134822
  233 	 0.000392 	 0.132029 	 0.134822
  234 	 0.007012 	 0.132003 	 0.134822
  235 	 0.000098 	 0.130256 	 0.134822
  236 	 0.000098 	 0.128874 	 0.134822
  237 	 0.000392 	 0.128982 	 0.134822
  238 	 0.013439 	 0.132734 	 0.134822
  239 	 0.042013 	 0.133133 	 0.134822
  240 	 0.013439 	 0.130167 	 0.134822
  241 	 0.050343 	 0.132760 	 0.134822
  242 	 0.000392 	 0.128770 	 0.134822
  243 	 0.107014 	 0.134080 	 0.134822
  244 	 0.009400 	 0.127738 	 0.134822
  245 	 0.037189 	 0.131219 	 0.134822
  246 	 0.006223 	 0.130693 	 0.134822
  247 	 0.006223 	 0.130099 	 0.134822
  248 	 0.001565 	 0.129938 	 0.134822
  249 	 0.000392 	 0.132632 	 0.134822
  250 	 0.000783 	 0.129961 	 0.134822
  251 	 0.110265 	 0.134373 	 0.134822
  252 	 0.009286 	 0.129188 	 0.134822
  253 	 0.009286 	 0.133557 	 0.134822
  254 	 0.040434 	 0.131555 	 0.134822
  255 	 0.074216 	 0.133954 	 0.134822
  256 	 0.009400 	 0.132635 	 0.134822
  257 	 0.000196 	 0.129981 	 0.134822
  258 	 0.000783 	 0.130167 	 0.134822
  259 	 0.000196 	 0.129446 	 0.134822
  260 	 0.000783 	 0.130139 	 0.134822
  261 	 0.018951 	 0.131358 	 0.134822
  262 	 0.000049 	 0.130400 	 0.134822
  263 	 0.001565 	 0.132359 	 0.134822
  264 	 0.000392 	 0.131546 	 0.134822
  265 	 0.000049 	 0.132295 	 0.134822
  266 	 0.006810 	 0.129599 	 0.134822
  267 	 0.024050 	 0.130018 	 0.134822
  268 	 0.012327 	 0.131429 	 0.134822
  269 	 0.006223 	 0.129873 	 0.134822
  270 	 0.104608 	 0.134098 	 0.134822
  271 	 0.000392 	 0.128068 	 0.134822
  272 	 0.009286 	 0.132246 	 0.134822
  273 	 0.000049 	 0.132206 	 0.134822
  274 	 0.000392 	 0.131723 	 0.134822
  275 	 0.074195 	 0.132955 	 0.134822
  276 	 0.013439 	 0.132635 	 0.134822
  277 	 0.019822 	 0.130709 	 0.134822
  278 	 0.000196 	 0.131729 	 0.134822
  279 	 0.009286 	 0.130220 	 0.134822
  280 	 0.001565 	 0.133255 	 0.134822
  281 	 0.003121 	 0.132090 	 0.134822
  282 	 0.000392 	 0.131867 	 0.134822
  283 	 0.027960 	 0.133569 	 0.134822
  284 	 0.000196 	 0.130506 	 0.134822
  285 	 0.000098 	 0.125495 	 0.134822
  286 	 0.119961 	 0.134387 	 0.134822
  287 	 0.000783 	 0.128660 	 0.134822
  288 	 0.009391 	 0.130327 	 0.134822
  289 	 0.000196 	 0.128374 	 0.134822
  290 	 0.000098 	 0.130651 	 0.134822
  291 	 0.074216 	 0.133807 	 0.134822
  292 	 0.000049 	 0.130333 	 0.134822
  293 	 0.018951 	 0.130143 	 0.134822
  294 	 0.001565 	 0.129218 	 0.134822
  295 	 0.009400 	 0.129986 	 0.134822
  296 	 0.000783 	 0.129034 	 0.134822
  297 	 0.009286 	 0.131074 	 0.134822
  298 	 0.000783 	 0.128778 	 0.134822
  299 	 0.040434 	 0.132197 	 0.134822
  300 	 0.018951 	 0.133220 	 0.134822
  301 	 0.000098 	 0.130918 	 0.134822
  302 	 0.012327 	 0.131994 	 0.134822
  303 	 0.001565 	 0.130064 	 0.134822
  304 	 0.000783 	 0.132048 	 0.134822
  305 	 0.000049 	 0.123035 	 0.134822
  306 	 0.000049 	 0.130854 	 0.134822
  307 	 0.003125 	 0.132983 	 0.134822
  308 	 0.000392 	 0.133187 	 0.134822
  309 	 0.000049 	 0.127808 	 0.134822
  310 	 0.000783 	 0.129723 	 0.134822
  311 	 0.074195 	 0.132887 	 0.134822
  312 	 0.000783 	 0.128122 	 0.134822
  313 	 0.000392 	 0.130022 	 0.134822
  314 	 0.001565 	 0.132512 	 0.134822
  315 	 0.025872 	 0.131750 	 0.134822
  316 	 0.001565 	 0.128351 	 0.134822
  317 	 0.003125 	 0.130960 	 0.134822
  318 	 0.000098 	 0.132868 	 0.134822
  319 	 0.009400 	 0.131202 	 0.134822
  320 	 0.003125 	 0.131831 	 0.134822
  321 	 0.009400 	 0.130442 	 0.134822
  322 	 0.001565 	 0.131067 	 0.134822
  323 	 0.042013 	 0.132904 	 0.134822
  324 	 0.000784 	 0.130994 	 0.134822
  325 	 0.000098 	 0.129029 	 0.134822
  326 	 0.000196 	 0.127537 	 0.134822
  327 	 0.019822 	 0.133399 	 0.134822
  328 	 0.006223 	 0.129289 	 0.134822
  329 	 0.000783 	 0.128918 	 0.134822
  330 	 0.006223 	 0.132262 	 0.134822
  331 	 0.000392 	 0.131070 	 0.134822
  332 	 0.000196 	 0.128862 	 0.134822
  333 	 0.000098 	 0.131269 	 0.134822
  334 	 0.000098 	 0.127590 	 0.134822
  335 	 0.013439 	 0.128389 	 0.134822
  336 	 0.000392 	 0.129504 	 0.134822
  337 	 0.000779 	 0.127806 	 0.134822
  338 	 0.000098 	 0.131134 	 0.134822
  339 	 0.018951 	 0.133053 	 0.134822
  340 	 0.009400 	 0.129528 	 0.134822
  341 	 0.000783 	 0.130337 	 0.134822
  342 	 0.000098 	 0.132111 	 0.134822
  343 	 0.000049 	 0.127809 	 0.134822
  344 	 0.013439 	 0.132152 	 0.134822
  345 	 0.128633 	 0.134677 	 0.134822
  346 	 0.006223 	 0.129965 	 0.134822
  347 	 0.000098 	 0.124232 	 0.134822
  348 	 0.049397 	 0.132799 	 0.134822
  349 	 0.000783 	 0.131483 	 0.134822
  350 	 0.000049 	 0.127843 	 0.134822
  351 	 0.000392 	 0.132303 	 0.134822
  352 	 0.013439 	 0.130646 	 0.134822
  353 	 0.001565 	 0.131610 	 0.134822
  354 	 0.007012 	 0.130517 	 0.134822
  355 	 0.040442 	 0.132897 	 0.134822
  356 	 0.064077 	 0.133769 	 0.134822
  357 	 0.000783 	 0.129771 	 0.134822
  358 	 0.000784 	 0.131054 	 0.134822
  359 	 0.074195 	 0.133343 	 0.134822
  360 	 0.003125 	 0.133137 	 0.134822
  361 	 0.042013 	 0.133178 	 0.134822
  362 	 0.000196 	 0.129831 	 0.134822
  363 	 0.007012 	 0.132487 	 0.134822
  364 	 0.024050 	 0.132914 	 0.134822
  365 	 0.000196 	 0.129085 	 0.134822
  366 	 0.001557 	 0.132041 	 0.134822
  367 	 0.001565 	 0.127468 	 0.134822
  368 	 0.012327 	 0.132364 	 0.134822
  369 	 0.013439 	 0.130771 	 0.134822
  370 	 0.019822 	 0.131505 	 0.134822
  371 	 0.000049 	 0.127831 	 0.134822
  372 	 0.103901 	 0.134244 	 0.134822
  373 	 0.009400 	 0.132039 	 0.134822
  374 	 0.009400 	 0.127884 	 0.134822
  375 	 0.000196 	 0.131012 	 0.134822
  376 	 0.037215 	 0.132405 	 0.134822
  377 	 0.019822 	 0.131740 	 0.134822
  378 	 0.013439 	 0.133321 	 0.134822
  379 	 0.000049 	 0.127605 	 0.134822
  380 	 0.076552 	 0.133827 	 0.134822
  381 	 0.000098 	 0.132148 	 0.134822
  382 	 0.024050 	 0.133661 	 0.134822
  383 	 0.018951 	 0.133207 	 0.134822
  384 	 0.000196 	 0.130428 	 0.134822
  385 	 0.037189 	 0.131601 	 0.134822
  386 	 0.049397 	 0.133935 	 0.134822
  387 	 0.009400 	 0.131418 	 0.134822
  388 	 0.006223 	 0.132211 	 0.134822
  389 	 0.000196 	 0.129996 	 0.134822
  390 	 0.009286 	 0.132100 	 0.134822
  391 	 0.019822 	 0.131381 	 0.134822
  392 	 0.000049 	 0.129988 	 0.134822
  393 	 0.012327 	 0.133272 	 0.134822
  394 	 0.000098 	 0.133043 	 0.134822
  395 	 0.000392 	 0.129694 	 0.134822
  396 	 0.000783 	 0.132592 	 0.134822
  397 	 0.001565 	 0.129283 	 0.134822
  398 	 0.000099 	 0.129691 	 0.134822
  399 	 0.000098 	 0.129516 	 0.134822
  400 	 0.018951 	 0.130402 	 0.134822
  401 	 0.019822 	 0.131149 	 0.134822
  402 	 0.093598 	 0.134280 	 0.134822
  403 	 0.104608 	 0.134377 	 0.134822
  404 	 0.000049 	 0.128161 	 0.134822
  405 	 0.000098 	 0.129097 	 0.134822
  406 	 0.012327 	 0.130697 	 0.134822
  407 	 0.018951 	 0.133615 	 0.134822
  408 	 0.000392 	 0.132364 	 0.134822
  409 	 0.000392 	 0.128119 	 0.134822
  410 	 0.000049 	 0.131990 	 0.134822
  411 	 0.000196 	 0.132463 	 0.134822
  412 	 0.000783 	 0.130912 	 0.134822
  413 	 0.000098 	 0.128295 	 0.134822
  414 	 0.000196 	 0.127264 	 0.134822
  415 	 0.028201 	 0.132073 	 0.134822
  416 	 0.000049 	 0.128926 	 0.134822
  417 	 0.007012 	 0.132706 	 0.134822
  418 	 0.000392 	 0.129213 	 0.134822
  419 	 0.007012 	 0.130760 	 0.134822
  420 	 0.003115 	 0.131259 	 0.134822
  421 	 0.000098 	 0.131254 	 0.134822
  422 	 0.025872 	 0.131640 	 0.134822
  423 	 0.000392 	 0.128969 	 0.134822
  424 	 0.000098 	 0.130079 	 0.134822
  425 	 0.000783 	 0.128784 	 0.134822
  426 	 0.000098 	 0.130828 	 0.134822
  427 	 0.000196 	 0.131211 	 0.134822
  428 	 0.024050 	 0.133506 	 0.134822
  429 	 0.001565 	 0.131394 	 0.134822
  430 	 0.000049 	 0.131427 	 0.134822
  431 	 0.007012 	 0.130050 	 0.134822
  432 	 0.009286 	 0.131126 	 0.134822
  433 	 0.001565 	 0.126863 	 0.134822
  434 	 0.019822 	 0.131769 	 0.134822
  435 	 0.000392 	 0.129073 	 0.134822
  436 	 0.009286 	 0.130580 	 0.134822
  437 	 0.000196 	 0.129028 	 0.134822
  438 	 0.000049 	 0.129776 	 0.134822
  439 	 0.019822 	 0.131308 	 0.134822
  440 	 0.000196 	 0.130555 	 0.134822
  441 	 0.000783 	 0.128851 	 0.134822
  442 	 0.000049 	 0.128968 	 0.134822
  443 	 0.040434 	 0.133574 	 0.134822
  444 	 0.000049 	 0.125063 	 0.134822
  445 	 0.000783 	 0.132733 	 0.134822
  446 	 0.024050 	 0.132280 	 0.134822
  447 	 0.019822 	 0.131681 	 0.134822
  448 	 0.012327 	 0.129641 	 0.134822
  449 	 0.024050 	 0.133713 	 0.134822
  450 	 0.000783 	 0.127391 	 0.134822
  451 	 0.023615 	 0.132803 	 0.134822
  452 	 0.040434 	 0.132699 	 0.134822
  453 	 0.001565 	 0.132111 	 0.134822
  454 	 0.001565 	 0.131890 	 0.134822
  455 	 0.000049 	 0.129576 	 0.134822
  456 	 0.019822 	 0.131056 	 0.134822
  457 	 0.006223 	 0.126564 	 0.134822
  458 	 0.009286 	 0.129404 	 0.134822
  459 	 0.000049 	 0.131817 	 0.134822
  460 	 0.000783 	 0.128018 	 0.134822
  461 	 0.000196 	 0.129411 	 0.134822
  462 	 0.000098 	 0.130527 	 0.134822
  463 	 0.128493 	 0.134693 	 0.134822
  464 	 0.006223 	 0.131851 	 0.134822
  465 	 0.012327 	 0.131915 	 0.134822
  466 	 0.000049 	 0.129972 	 0.134822
  467 	 0.013439 	 0.131798 	 0.134822
  468 	 0.000392 	 0.128967 	 0.134822
  469 	 0.000049 	 0.131383 	 0.134822
  470 	 0.003125 	 0.130799 	 0.134822
  471 	 0.000196 	 0.132562 	 0.134822
  472 	 0.007012 	 0.131226 	 0.134822
  473 	 0.001565 	 0.131733 	 0.134822
  474 	 0.000196 	 0.129454 	 0.134822
  475 	 0.006223 	 0.132354 	 0.134822
  476 	 0.000392 	 0.130057 	 0.134822
  477 	 0.012327 	 0.132650 	 0.134822
  478 	 0.000098 	 0.128663 	 0.134822
  479 	 0.000783 	 0.130255 	 0.134822
  480 	 0.006223 	 0.129352 	 0.134822
  481 	 0.013439 	 0.131504 	 0.134822
  482 	 0.012327 	 0.129859 	 0.134822
  483 	 0.009286 	 0.130736 	 0.134822
  484 	 0.000196 	 0.129681 	 0.134822
  485 	 0.040434 	 0.131393 	 0.134822
  486 	 0.000196 	 0.129895 	 0.134822
  487 	 0.000196 	 0.128959 	 0.134822
  488 	 0.076552 	 0.134120 	 0.134822
  489 	 0.019822 	 0.133518 	 0.134822
  490 	 0.012327 	 0.128979 	 0.134822
  491 	 0.012327 	 0.131256 	 0.134822
  492 	 0.000392 	 0.129188 	 0.134822
  493 	 0.000196 	 0.127358 	 0.134822
  494 	 0.107014 	 0.134434 	 0.134822
  495 	 0.003125 	 0.132231 	 0.134822
  496 	 0.000196 	 0.131359 	 0.134822
  497 	 0.000049 	 0.130082 	 0.134822
  498 	 0.003125 	 0.129571 	 0.134822
  499 	 0.003125 	 0.132063 	 0.134822
 