   0 	 0.000050 	 0.000192 	 0.002882
    1 	 0.000093 	 0.000324 	 0.003058
    2 	 0.000061 	 0.000619 	 0.009528
    3 	 0.000055 	 0.000746 	 0.007002
    4 	 0.000458 	 0.001116 	 0.007002
    5 	 0.000092 	 0.001738 	 0.008849
    6 	 0.000050 	 0.002858 	 0.014585
    7 	 0.001390 	 0.004645 	 0.016377
    8 	 0.003228 	 0.006927 	 0.016377
    9 	 0.000097 	 0.008821 	 0.015835
   10 	 0.000193 	 0.009989 	 0.016090
   11 	 0.001413 	 0.010813 	 0.016630
   12 	 0.004779 	 0.012148 	 0.018526
   13 	 0.006244 	 0.013243 	 0.018333
   14 	 0.002852 	 0.014863 	 0.018500
   15 	 0.000049 	 0.015203 	 0.018797
   16 	 0.013332 	 0.016737 	 0.018907
   17 	 0.010599 	 0.017384 	 0.019157
   18 	 0.000049 	 0.017434 	 0.019157
   19 	 0.011971 	 0.018418 	 0.019602
   20 	 0.001540 	 0.018078 	 0.019602
   21 	 0.011761 	 0.018743 	 0.019518
   22 	 0.000196 	 0.018455 	 0.019689
   23 	 0.011049 	 0.018748 	 0.020123
   24 	 0.000196 	 0.018651 	 0.020281
   25 	 0.018552 	 0.019438 	 0.020737
   26 	 0.000779 	 0.019365 	 0.021028
   27 	 0.000098 	 0.019273 	 0.020765
   28 	 0.006150 	 0.019540 	 0.020914
   29 	 0.012339 	 0.020160 	 0.021023
   30 	 0.000098 	 0.019556 	 0.021255
   31 	 0.000782 	 0.020219 	 0.021596
   32 	 0.007382 	 0.020227 	 0.021829
   33 	 0.017180 	 0.021113 	 0.022045
   34 	 0.000098 	 0.020995 	 0.022045
   35 	 0.014030 	 0.021255 	 0.021972
   36 	 0.000390 	 0.021325 	 0.022086
   37 	 0.009013 	 0.021600 	 0.022361
   38 	 0.017568 	 0.021840 	 0.022686
   39 	 0.013280 	 0.021735 	 0.022640
   40 	 0.013232 	 0.021916 	 0.022644
   41 	 0.000392 	 0.021892 	 0.022756
   42 	 0.020069 	 0.022451 	 0.022908
   43 	 0.013931 	 0.022535 	 0.022931
   44 	 0.000098 	 0.022379 	 0.023179
   45 	 0.022249 	 0.022778 	 0.023254
   46 	 0.000778 	 0.022320 	 0.023179
   47 	 0.006372 	 0.022706 	 0.023274
   48 	 0.012814 	 0.022848 	 0.023500
   49 	 0.009137 	 0.022850 	 0.023500
   50 	 0.000390 	 0.022677 	 0.023500
   51 	 0.000195 	 0.022920 	 0.023520
   52 	 0.022481 	 0.023301 	 0.023538
   53 	 0.000196 	 0.022750 	 0.023586
   54 	 0.022868 	 0.023418 	 0.023962
   55 	 0.000049 	 0.023122 	 0.023962
   56 	 0.014515 	 0.023260 	 0.023962
   57 	 0.001536 	 0.023193 	 0.023962
   58 	 0.000802 	 0.023188 	 0.023962
   59 	 0.000777 	 0.023260 	 0.024079
   60 	 0.000098 	 0.023211 	 0.024079
   61 	 0.023613 	 0.023751 	 0.024080
   62 	 0.020794 	 0.023786 	 0.024142
   63 	 0.020971 	 0.023867 	 0.024169
   64 	 0.000098 	 0.023576 	 0.024213
   65 	 0.000098 	 0.023800 	 0.024200
   66 	 0.000049 	 0.023838 	 0.024252
   67 	 0.000098 	 0.023788 	 0.024287
   68 	 0.000098 	 0.023587 	 0.024296
   69 	 0.023833 	 0.024181 	 0.024284
   70 	 0.009502 	 0.023891 	 0.024355
   71 	 0.003025 	 0.023998 	 0.024355
   72 	 0.019900 	 0.024213 	 0.024526
   73 	 0.008049 	 0.024108 	 0.024526
   74 	 0.001544 	 0.023989 	 0.024590
   75 	 0.001544 	 0.023630 	 0.024590
   76 	 0.021829 	 0.024283 	 0.024603
   77 	 0.000779 	 0.024128 	 0.024594
   78 	 0.000098 	 0.024114 	 0.024629
   79 	 0.007062 	 0.024163 	 0.024667
   80 	 0.000196 	 0.024182 	 0.024700
   81 	 0.016224 	 0.024481 	 0.025088
   82 	 0.023214 	 0.024615 	 0.025088
   83 	 0.000196 	 0.024361 	 0.025088
   84 	 0.001552 	 0.024420 	 0.025091
   85 	 0.001552 	 0.024419 	 0.025160
   86 	 0.014407 	 0.024523 	 0.025162
   87 	 0.013708 	 0.024711 	 0.025663
   88 	 0.000049 	 0.024249 	 0.025671
   89 	 0.001556 	 0.024850 	 0.025780
   90 	 0.000049 	 0.024888 	 0.025783
   91 	 0.000098 	 0.024937 	 0.025801
   92 	 0.006657 	 0.025497 	 0.025801
   93 	 0.025607 	 0.025750 	 0.025819
   94 	 0.000775 	 0.025148 	 0.025821
   95 	 0.001533 	 0.025118 	 0.025821
   96 	 0.000390 	 0.025291 	 0.025857
   97 	 0.006801 	 0.025576 	 0.025857
   98 	 0.006536 	 0.025563 	 0.025858
   99 	 0.000776 	 0.025298 	 0.025896
  100 	 0.006776 	 0.025492 	 0.025903
  101 	 0.015242 	 0.025745 	 0.025928
  102 	 0.000776 	 0.025172 	 0.025928
  103 	 0.000049 	 0.025356 	 0.025928
  104 	 0.006583 	 0.025028 	 0.025969
  105 	 0.000098 	 0.025253 	 0.025982
  106 	 0.001535 	 0.025665 	 0.025982
  107 	 0.003005 	 0.025464 	 0.026016
  108 	 0.000776 	 0.025705 	 0.026016
  109 	 0.024852 	 0.025960 	 0.026019
  110 	 0.025582 	 0.025978 	 0.026024
  111 	 0.006860 	 0.025635 	 0.026024
  112 	 0.013011 	 0.025707 	 0.026024
  113 	 0.021534 	 0.025923 	 0.026024
  114 	 0.015639 	 0.025889 	 0.026025
  115 	 0.015407 	 0.025879 	 0.026028
  116 	 0.006589 	 0.025262 	 0.026028
  117 	 0.006589 	 0.025605 	 0.026028
  118 	 0.025854 	 0.026015 	 0.026028
  119 	 0.000196 	 0.025456 	 0.026029
  120 	 0.000390 	 0.024930 	 0.026038
  121 	 0.007964 	 0.025786 	 0.026038
  122 	 0.000390 	 0.025621 	 0.026038
  123 	 0.000775 	 0.025538 	 0.026038
  124 	 0.000196 	 0.025177 	 0.026041
  125 	 0.006584 	 0.025471 	 0.026041
  126 	 0.000098 	 0.025491 	 0.026041
  127 	 0.015355 	 0.025892 	 0.026042
  128 	 0.013102 	 0.025793 	 0.026042
  129 	 0.012676 	 0.025900 	 0.026042
  130 	 0.022103 	 0.025980 	 0.026044
  131 	 0.000802 	 0.025527 	 0.026044
  132 	 0.000776 	 0.025640 	 0.026044
  133 	 0.024649 	 0.026013 	 0.026044
  134 	 0.021485 	 0.025978 	 0.026045
  135 	 0.000776 	 0.025346 	 0.026045
  136 	 0.003004 	 0.025777 	 0.026045
  137 	 0.000098 	 0.025185 	 0.026045
  138 	 0.000098 	 0.025473 	 0.026045
  139 	 0.001537 	 0.025269 	 0.026045
  140 	 0.006583 	 0.025842 	 0.026045
  141 	 0.000049 	 0.025744 	 0.026045
  142 	 0.022147 	 0.025996 	 0.026045
  143 	 0.000049 	 0.025425 	 0.026045
  144 	 0.008946 	 0.025677 	 0.026045
  145 	 0.015384 	 0.025906 	 0.026045
  146 	 0.012675 	 0.025634 	 0.026045
  147 	 0.000776 	 0.025409 	 0.026045
  148 	 0.000390 	 0.025650 	 0.026046
  149 	 0.000049 	 0.025632 	 0.026046
  150 	 0.001537 	 0.025446 	 0.026046
  151 	 0.000196 	 0.025542 	 0.026046
  152 	 0.013105 	 0.025843 	 0.026046
  153 	 0.001537 	 0.025483 	 0.026046
  154 	 0.007970 	 0.025638 	 0.026046
  155 	 0.012675 	 0.025578 	 0.026046
  156 	 0.003004 	 0.025467 	 0.026046
  157 	 0.001537 	 0.025781 	 0.026046
  158 	 0.025466 	 0.026028 	 0.026051
  159 	 0.000049 	 0.025460 	 0.026051
  160 	 0.012678 	 0.025862 	 0.026051
  161 	 0.024903 	 0.026023 	 0.026051
  162 	 0.000098 	 0.025528 	 0.026051
  163 	 0.000390 	 0.025744 	 0.026051
  164 	 0.006583 	 0.025819 	 0.026051
  165 	 0.003004 	 0.025446 	 0.026051
  166 	 0.020639 	 0.025938 	 0.026051
  167 	 0.022858 	 0.025980 	 0.026051
  168 	 0.003004 	 0.025696 	 0.026051
  169 	 0.000390 	 0.025479 	 0.026051
  170 	 0.015779 	 0.025774 	 0.026051
  171 	 0.000095 	 0.024872 	 0.026051
  172 	 0.022156 	 0.025938 	 0.026051
  173 	 0.015377 	 0.025866 	 0.026051
  174 	 0.003004 	 0.025610 	 0.026051
  175 	 0.022858 	 0.025998 	 0.026053
  176 	 0.006838 	 0.025835 	 0.026053
  177 	 0.000098 	 0.025736 	 0.026053
  178 	 0.001537 	 0.025573 	 0.026053
  179 	 0.000390 	 0.025397 	 0.026053
  180 	 0.000098 	 0.025536 	 0.026053
  181 	 0.000196 	 0.025721 	 0.026053
  182 	 0.000098 	 0.025128 	 0.026053
  183 	 0.015382 	 0.025878 	 0.026053
  184 	 0.021509 	 0.025987 	 0.026053
  185 	 0.008947 	 0.025834 	 0.026053
  186 	 0.025213 	 0.026041 	 0.026053
  187 	 0.000049 	 0.025456 	 0.026053
  188 	 0.025609 	 0.026047 	 0.026053
  189 	 0.025912 	 0.026050 	 0.026053
  190 	 0.013097 	 0.025831 	 0.026053
  191 	 0.024653 	 0.026013 	 0.026053
  192 	 0.000196 	 0.025321 	 0.026053
  193 	 0.025681 	 0.026045 	 0.026053
  194 	 0.000098 	 0.025238 	 0.026053
  195 	 0.025839 	 0.026049 	 0.026053
  196 	 0.003003 	 0.025722 	 0.026053
  197 	 0.000049 	 0.025736 	 0.026053
  198 	 0.000196 	 0.025364 	 0.026053
  199 	 0.000196 	 0.025504 	 0.026053
  200 	 0.015776 	 0.025846 	 0.026053
  201 	 0.007685 	 0.025701 	 0.026053
  202 	 0.024170 	 0.026003 	 0.026053
  203 	 0.000196 	 0.025718 	 0.026053
  204 	 0.001537 	 0.025643 	 0.026053
  205 	 0.024170 	 0.026014 	 0.026053
  206 	 0.000390 	 0.025598 	 0.026053
  207 	 0.006888 	 0.025705 	 0.026053
  208 	 0.006583 	 0.025727 	 0.026053
  209 	 0.015776 	 0.025896 	 0.026053
  210 	 0.003004 	 0.025755 	 0.026053
  211 	 0.006837 	 0.025613 	 0.026053
  212 	 0.007971 	 0.025543 	 0.026053
  213 	 0.000049 	 0.025623 	 0.026053
  214 	 0.025370 	 0.026045 	 0.026053
  215 	 0.016396 	 0.025863 	 0.026053
  216 	 0.022865 	 0.025992 	 0.026053
  217 	 0.025681 	 0.026048 	 0.026053
  218 	 0.006583 	 0.025787 	 0.026053
  219 	 0.006583 	 0.025267 	 0.026053
  220 	 0.000098 	 0.025705 	 0.026053
  221 	 0.015380 	 0.025928 	 0.026053
  222 	 0.013108 	 0.025710 	 0.026053
  223 	 0.007971 	 0.025625 	 0.026053
  224 	 0.000776 	 0.025306 	 0.026053
  225 	 0.001537 	 0.025452 	 0.026053
  226 	 0.023417 	 0.026010 	 0.026053
  227 	 0.007971 	 0.025784 	 0.026053
  228 	 0.000196 	 0.025605 	 0.026053
  229 	 0.003004 	 0.025813 	 0.026053
  230 	 0.000384 	 0.025455 	 0.026053
  231 	 0.000049 	 0.024531 	 0.026053
  232 	 0.000098 	 0.025571 	 0.026053
  233 	 0.025193 	 0.026028 	 0.026053
  234 	 0.000196 	 0.025611 	 0.026053
  235 	 0.025972 	 0.026052 	 0.026053
  236 	 0.019813 	 0.025936 	 0.026053
  237 	 0.007642 	 0.025814 	 0.026053
  238 	 0.000759 	 0.025658 	 0.026053
  239 	 0.025693 	 0.026049 	 0.026053
  240 	 0.000196 	 0.025760 	 0.026053
  241 	 0.000049 	 0.025536 	 0.026053
  242 	 0.007971 	 0.025824 	 0.026053
  243 	 0.012999 	 0.025540 	 0.026053
  244 	 0.007971 	 0.025568 	 0.026053
  245 	 0.006837 	 0.025638 	 0.026053
  246 	 0.007971 	 0.025601 	 0.026053
  247 	 0.000776 	 0.025601 	 0.026053
  248 	 0.022865 	 0.025998 	 0.026053
  249 	 0.000384 	 0.025584 	 0.026053
  250 	 0.013108 	 0.025879 	 0.026053
  251 	 0.007971 	 0.025696 	 0.026053
  252 	 0.000098 	 0.025775 	 0.026053
  253 	 0.000390 	 0.025524 	 0.026053
  254 	 0.013108 	 0.025857 	 0.026053
  255 	 0.015382 	 0.025887 	 0.026053
  256 	 0.000776 	 0.025689 	 0.026053
  257 	 0.008948 	 0.025879 	 0.026053
  258 	 0.008948 	 0.025849 	 0.026053
  259 	 0.015380 	 0.025836 	 0.026053
  260 	 0.006583 	 0.025797 	 0.026053
  261 	 0.000098 	 0.025690 	 0.026053
  262 	 0.025679 	 0.026048 	 0.026053
  263 	 0.001537 	 0.025688 	 0.026053
  264 	 0.023595 	 0.025991 	 0.026053
  265 	 0.023417 	 0.026023 	 0.026053
  266 	 0.006837 	 0.025828 	 0.026053
  267 	 0.000098 	 0.024765 	 0.026053
  268 	 0.000098 	 0.025049 	 0.026053
  269 	 0.015776 	 0.025900 	 0.026053
  270 	 0.025941 	 0.026048 	 0.026053
  271 	 0.000098 	 0.025495 	 0.026053
  272 	 0.015382 	 0.025868 	 0.026053
  273 	 0.012674 	 0.025802 	 0.026053
  274 	 0.000390 	 0.025508 	 0.026053
  275 	 0.008948 	 0.025685 	 0.026053
  276 	 0.007971 	 0.025622 	 0.026053
  277 	 0.015776 	 0.025856 	 0.026053
  278 	 0.012674 	 0.025911 	 0.026053
  279 	 0.000098 	 0.025532 	 0.026053
  280 	 0.007971 	 0.025849 	 0.026053
  281 	 0.007971 	 0.025742 	 0.026053
  282 	 0.023417 	 0.026010 	 0.026053
  283 	 0.000049 	 0.025617 	 0.026053
  284 	 0.015380 	 0.025741 	 0.026053
  285 	 0.000098 	 0.025495 	 0.026053
  286 	 0.001537 	 0.025498 	 0.026053
  287 	 0.012674 	 0.025600 	 0.026053
  288 	 0.022865 	 0.026015 	 0.026053
  289 	 0.007971 	 0.025637 	 0.026053
  290 	 0.007971 	 0.025617 	 0.026053
  291 	 0.000049 	 0.025411 	 0.026053
  292 	 0.019813 	 0.025969 	 0.026053
  293 	 0.000390 	 0.025325 	 0.026053
  294 	 0.008948 	 0.025741 	 0.026053
  295 	 0.024909 	 0.026032 	 0.026053
  296 	 0.003004 	 0.025138 	 0.026053
  297 	 0.003004 	 0.025713 	 0.026053
  298 	 0.007971 	 0.025638 	 0.026053
  299 	 0.000196 	 0.025040 	 0.026053
  300 	 0.025693 	 0.026048 	 0.026053
  301 	 0.024654 	 0.026029 	 0.026053
  302 	 0.000390 	 0.025715 	 0.026053
  303 	 0.000196 	 0.025153 	 0.026053
  304 	 0.025609 	 0.026040 	 0.026053
  305 	 0.013108 	 0.025907 	 0.026053
  306 	 0.022154 	 0.025996 	 0.026053
  307 	 0.000196 	 0.025563 	 0.026053
  308 	 0.015776 	 0.025923 	 0.026053
  309 	 0.000049 	 0.025452 	 0.026053
  310 	 0.006627 	 0.025704 	 0.026053
  311 	 0.000049 	 0.025792 	 0.026053
  312 	 0.000049 	 0.025603 	 0.026053
  313 	 0.018412 	 0.025880 	 0.026053
  314 	 0.012674 	 0.025759 	 0.026053
  315 	 0.012674 	 0.025611 	 0.026053
  316 	 0.000776 	 0.025662 	 0.026053
  317 	 0.000098 	 0.025536 	 0.026053
  318 	 0.000196 	 0.025475 	 0.026053
  319 	 0.000390 	 0.025733 	 0.026053
  320 	 0.006837 	 0.025572 	 0.026053
  321 	 0.000196 	 0.025460 	 0.026053
  322 	 0.000390 	 0.025639 	 0.026053
  323 	 0.015382 	 0.025862 	 0.026053
  324 	 0.007971 	 0.025697 	 0.026053
  325 	 0.006837 	 0.025665 	 0.026053
  326 	 0.000196 	 0.025410 	 0.026053
  327 	 0.012999 	 0.025779 	 0.026053
  328 	 0.006583 	 0.025322 	 0.026053
  329 	 0.012999 	 0.025728 	 0.026053
  330 	 0.000196 	 0.025380 	 0.026053
  331 	 0.025999 	 0.026052 	 0.026053
  332 	 0.000776 	 0.025414 	 0.026053
  333 	 0.012674 	 0.025905 	 0.026053
  334 	 0.000049 	 0.025586 	 0.026053
  335 	 0.000049 	 0.025078 	 0.026053
  336 	 0.001537 	 0.025550 	 0.026053
  337 	 0.012999 	 0.025838 	 0.026053
  338 	 0.001537 	 0.025611 	 0.026053
  339 	 0.000776 	 0.025311 	 0.026053
  340 	 0.006837 	 0.025721 	 0.026053
  341 	 0.020635 	 0.025978 	 0.026053
  342 	 0.012674 	 0.025836 	 0.026053
  343 	 0.024265 	 0.026021 	 0.026053
  344 	 0.006837 	 0.025649 	 0.026053
  345 	 0.000390 	 0.025330 	 0.026053
  346 	 0.003004 	 0.025673 	 0.026053
  347 	 0.006837 	 0.025814 	 0.026053
  348 	 0.000049 	 0.024969 	 0.026053
  349 	 0.000098 	 0.025191 	 0.026053
  350 	 0.006583 	 0.025423 	 0.026053
  351 	 0.012555 	 0.025853 	 0.026053
  352 	 0.000196 	 0.025693 	 0.026053
  353 	 0.007971 	 0.025629 	 0.026053
  354 	 0.000049 	 0.025726 	 0.026053
  355 	 0.000776 	 0.025705 	 0.026053
  356 	 0.021509 	 0.025910 	 0.026053
  357 	 0.000049 	 0.025729 	 0.026053
  358 	 0.013108 	 0.025786 	 0.026053
  359 	 0.007971 	 0.025796 	 0.026053
  360 	 0.000196 	 0.025327 	 0.026053
  361 	 0.015776 	 0.025941 	 0.026053
  362 	 0.000098 	 0.025575 	 0.026053
  363 	 0.000776 	 0.025585 	 0.026053
  364 	 0.000049 	 0.025366 	 0.026053
  365 	 0.000390 	 0.025782 	 0.026053
  366 	 0.000776 	 0.025340 	 0.026053
  367 	 0.015776 	 0.025867 	 0.026053
  368 	 0.020524 	 0.025997 	 0.026053
  369 	 0.020635 	 0.025952 	 0.026053
  370 	 0.021509 	 0.025965 	 0.026053
  371 	 0.020635 	 0.025988 	 0.026053
  372 	 0.006583 	 0.025799 	 0.026053
  373 	 0.015380 	 0.025623 	 0.026053
  374 	 0.006834 	 0.025696 	 0.026053
  375 	 0.000390 	 0.025385 	 0.026053
  376 	 0.000776 	 0.025136 	 0.026053
  377 	 0.007971 	 0.025865 	 0.026053
  378 	 0.012999 	 0.025766 	 0.026053
  379 	 0.000049 	 0.025246 	 0.026053
  380 	 0.000196 	 0.025411 	 0.026053
  381 	 0.020635 	 0.025947 	 0.026053
  382 	 0.000196 	 0.025518 	 0.026053
  383 	 0.000776 	 0.024785 	 0.026053
  384 	 0.025370 	 0.026042 	 0.026053
  385 	 0.012999 	 0.025614 	 0.026053
  386 	 0.024654 	 0.026038 	 0.026053
  387 	 0.000390 	 0.025433 	 0.026053
  388 	 0.000049 	 0.025299 	 0.026053
  389 	 0.012999 	 0.025644 	 0.026053
  390 	 0.000196 	 0.025393 	 0.026053
  391 	 0.008948 	 0.025671 	 0.026053
  392 	 0.000049 	 0.025318 	 0.026053
  393 	 0.012999 	 0.025894 	 0.026053
  394 	 0.000828 	 0.025253 	 0.026053
  395 	 0.003004 	 0.025654 	 0.026053
  396 	 0.012999 	 0.025868 	 0.026053
  397 	 0.015380 	 0.025762 	 0.026053
  398 	 0.000390 	 0.025612 	 0.026053
  399 	 0.012674 	 0.025869 	 0.026053
  400 	 0.006583 	 0.025818 	 0.026053
  401 	 0.006583 	 0.025624 	 0.026053
  402 	 0.023595 	 0.026015 	 0.026053
  403 	 0.025972 	 0.026051 	 0.026053
  404 	 0.006583 	 0.025720 	 0.026053
  405 	 0.022865 	 0.026012 	 0.026053
  406 	 0.001407 	 0.025649 	 0.026053
  407 	 0.000196 	 0.025743 	 0.026053
  408 	 0.008948 	 0.025837 	 0.026053
  409 	 0.015382 	 0.025883 	 0.026053
  410 	 0.008948 	 0.025840 	 0.026053
  411 	 0.000776 	 0.025591 	 0.026053
  412 	 0.000049 	 0.025270 	 0.026053
  413 	 0.024170 	 0.026028 	 0.026053
  414 	 0.000049 	 0.025427 	 0.026053
  415 	 0.007971 	 0.025799 	 0.026053
  416 	 0.006583 	 0.025838 	 0.026053
  417 	 0.000098 	 0.025557 	 0.026053
  418 	 0.000776 	 0.025571 	 0.026053
  419 	 0.015763 	 0.025817 	 0.026053
  420 	 0.003004 	 0.025731 	 0.026053
  421 	 0.012674 	 0.025708 	 0.026053
  422 	 0.000049 	 0.025545 	 0.026053
  423 	 0.015776 	 0.025950 	 0.026053
  424 	 0.018412 	 0.025962 	 0.026053
  425 	 0.000049 	 0.025068 	 0.026053
  426 	 0.021506 	 0.025995 	 0.026053
  427 	 0.025951 	 0.026050 	 0.026053
  428 	 0.000196 	 0.025489 	 0.026053
  429 	 0.000196 	 0.025716 	 0.026053
  430 	 0.000049 	 0.025613 	 0.026053
  431 	 0.007971 	 0.025594 	 0.026053
  432 	 0.012992 	 0.025864 	 0.026053
  433 	 0.008948 	 0.025625 	 0.026053
  434 	 0.003004 	 0.025617 	 0.026053
  435 	 0.006078 	 0.025224 	 0.026053
  436 	 0.001537 	 0.025595 	 0.026053
  437 	 0.000390 	 0.025515 	 0.026053
  438 	 0.001535 	 0.025572 	 0.026053
  439 	 0.000049 	 0.025539 	 0.026053
  440 	 0.008948 	 0.025638 	 0.026053
  441 	 0.000098 	 0.025442 	 0.026053
  442 	 0.001537 	 0.025426 	 0.026053
  443 	 0.000098 	 0.025509 	 0.026053
  444 	 0.000049 	 0.025421 	 0.026053
  445 	 0.000196 	 0.025794 	 0.026053
  446 	 0.001537 	 0.025726 	 0.026053
  447 	 0.000776 	 0.025772 	 0.026053
  448 	 0.025834 	 0.026050 	 0.026053
  449 	 0.025609 	 0.026042 	 0.026053
  450 	 0.015380 	 0.025927 	 0.026053
  451 	 0.012674 	 0.025713 	 0.026053
  452 	 0.024654 	 0.026038 	 0.026053
  453 	 0.012999 	 0.025886 	 0.026053
  454 	 0.000049 	 0.025025 	 0.026053
  455 	 0.015776 	 0.025882 	 0.026053
  456 	 0.001537 	 0.025751 	 0.026053
  457 	 0.000390 	 0.025344 	 0.026053
  458 	 0.000098 	 0.025413 	 0.026053
  459 	 0.000776 	 0.025589 	 0.026053
  460 	 0.024909 	 0.026035 	 0.026053
  461 	 0.020635 	 0.025974 	 0.026053
  462 	 0.021506 	 0.025978 	 0.026053
  463 	 0.000049 	 0.024978 	 0.026053
  464 	 0.006583 	 0.025778 	 0.026053
  465 	 0.000196 	 0.025135 	 0.026053
  466 	 0.000390 	 0.025756 	 0.026053
  467 	 0.000098 	 0.025416 	 0.026053
  468 	 0.020635 	 0.025982 	 0.026053
  469 	 0.000049 	 0.025603 	 0.026053
  470 	 0.000049 	 0.025500 	 0.026053
  471 	 0.012998 	 0.025786 	 0.026053
  472 	 0.000776 	 0.025751 	 0.026053
  473 	 0.012999 	 0.025845 	 0.026053
  474 	 0.025631 	 0.026042 	 0.026053
  475 	 0.000196 	 0.025459 	 0.026053
  476 	 0.000196 	 0.024904 	 0.026053
  477 	 0.012674 	 0.025830 	 0.026053
  478 	 0.000049 	 0.025586 	 0.026053
  479 	 0.007971 	 0.025818 	 0.026053
  480 	 0.000390 	 0.025388 	 0.026053
  481 	 0.000098 	 0.025023 	 0.026053
  482 	 0.000389 	 0.025745 	 0.026053
  483 	 0.019813 	 0.025976 	 0.026053
  484 	 0.000776 	 0.025596 	 0.026053
  485 	 0.020524 	 0.025964 	 0.026053
  486 	 0.012999 	 0.025851 	 0.026053
  487 	 0.007971 	 0.025706 	 0.026053
  488 	 0.001537 	 0.025611 	 0.026053
  489 	 0.015776 	 0.025885 	 0.026053
  490 	 0.006583 	 0.025439 	 0.026053
  491 	 0.006837 	 0.025784 	 0.026053
  492 	 0.000196 	 0.025306 	 0.026053
  493 	 0.015382 	 0.025930 	 0.026053
  494 	 0.024654 	 0.026031 	 0.026053
  495 	 0.015372 	 0.025646 	 0.026053
  496 	 0.023417 	 0.026010 	 0.026053
  497 	 0.000196 	 0.024860 	 0.026053
  498 	 0.006583 	 0.025830 	 0.026053
  499 	 0.000098 	 0.025397 	 0.026053
 