   0 	 0.000049 	 0.000182 	 0.001911
    1 	 0.000088 	 0.000303 	 0.002696
    2 	 0.000117 	 0.000529 	 0.003260
    3 	 0.000279 	 0.000754 	 0.002562
    4 	 0.000433 	 0.001027 	 0.002552
    5 	 0.000092 	 0.001415 	 0.003580
    6 	 0.000095 	 0.001807 	 0.003580
    7 	 0.000837 	 0.002046 	 0.005102
    8 	 0.000094 	 0.002324 	 0.005130
    9 	 0.001692 	 0.002670 	 0.006569
   10 	 0.000181 	 0.003313 	 0.011053
   11 	 0.001900 	 0.004594 	 0.013745
   12 	 0.000097 	 0.006370 	 0.013745
   13 	 0.002110 	 0.007919 	 0.013930
   14 	 0.000086 	 0.010089 	 0.014136
   15 	 0.009493 	 0.011825 	 0.015191
   16 	 0.000049 	 0.012977 	 0.015234
   17 	 0.010597 	 0.013824 	 0.015234
   18 	 0.000098 	 0.013889 	 0.015312
   19 	 0.005534 	 0.014136 	 0.015312
   20 	 0.008628 	 0.014355 	 0.015312
   21 	 0.012802 	 0.014711 	 0.015928
   22 	 0.000098 	 0.014650 	 0.016456
   23 	 0.007460 	 0.015047 	 0.016456
   24 	 0.014401 	 0.015300 	 0.016456
   25 	 0.012524 	 0.015446 	 0.016613
   26 	 0.000780 	 0.015525 	 0.017509
   27 	 0.000049 	 0.015739 	 0.020567
   28 	 0.008352 	 0.016160 	 0.019811
   29 	 0.015064 	 0.016639 	 0.019854
   30 	 0.000387 	 0.016809 	 0.020410
   31 	 0.010886 	 0.017407 	 0.019911
   32 	 0.010235 	 0.018141 	 0.020535
   33 	 0.016769 	 0.018967 	 0.020638
   34 	 0.000777 	 0.019437 	 0.020618
   35 	 0.015649 	 0.019687 	 0.020618
   36 	 0.015569 	 0.019928 	 0.021067
   37 	 0.000778 	 0.020018 	 0.022228
   38 	 0.017993 	 0.020590 	 0.022228
   39 	 0.009515 	 0.020653 	 0.022249
   40 	 0.015417 	 0.020957 	 0.022258
   41 	 0.006613 	 0.020989 	 0.022260
   42 	 0.016321 	 0.021463 	 0.022283
   43 	 0.009331 	 0.021850 	 0.022874
   44 	 0.006060 	 0.022065 	 0.023137
   45 	 0.008759 	 0.022142 	 0.023137
   46 	 0.000786 	 0.021721 	 0.023137
   47 	 0.000098 	 0.021801 	 0.023137
   48 	 0.000098 	 0.021741 	 0.023137
   49 	 0.000049 	 0.021988 	 0.023137
   50 	 0.011048 	 0.022325 	 0.023201
   51 	 0.001566 	 0.022545 	 0.023802
   52 	 0.012614 	 0.022869 	 0.023802
   53 	 0.006588 	 0.022904 	 0.023802
   54 	 0.000390 	 0.022865 	 0.023854
   55 	 0.011372 	 0.023313 	 0.023898
   56 	 0.006395 	 0.023194 	 0.024356
   57 	 0.001535 	 0.023344 	 0.024453
   58 	 0.000390 	 0.023491 	 0.024453
   59 	 0.021545 	 0.024092 	 0.024453
   60 	 0.000196 	 0.024056 	 0.024916
   61 	 0.017527 	 0.024328 	 0.025139
   62 	 0.003023 	 0.024031 	 0.025008
   63 	 0.001542 	 0.024238 	 0.024995
   64 	 0.013573 	 0.024293 	 0.025000
   65 	 0.018388 	 0.024487 	 0.025335
   66 	 0.006397 	 0.024301 	 0.025335
   67 	 0.000778 	 0.024162 	 0.025338
   68 	 0.000196 	 0.024048 	 0.025443
   69 	 0.021729 	 0.025077 	 0.025443
   70 	 0.010057 	 0.024957 	 0.025443
   71 	 0.000777 	 0.025073 	 0.026286
   72 	 0.000196 	 0.024791 	 0.026868
   73 	 0.006555 	 0.024920 	 0.026868
   74 	 0.008769 	 0.025266 	 0.026868
   75 	 0.000049 	 0.025248 	 0.026868
   76 	 0.000196 	 0.025046 	 0.026868
   77 	 0.000390 	 0.024951 	 0.026880
   78 	 0.006579 	 0.025504 	 0.026880
   79 	 0.008608 	 0.025767 	 0.026880
   80 	 0.003007 	 0.025748 	 0.026907
   81 	 0.012954 	 0.026618 	 0.027068
   82 	 0.000196 	 0.025923 	 0.027846
   83 	 0.000196 	 0.026234 	 0.027846
   84 	 0.025823 	 0.026910 	 0.027853
   85 	 0.006188 	 0.026572 	 0.027853
   86 	 0.000195 	 0.026722 	 0.027853
   87 	 0.006472 	 0.026859 	 0.027890
   88 	 0.000392 	 0.026834 	 0.027890
   89 	 0.010049 	 0.027122 	 0.027890
   90 	 0.000780 	 0.026830 	 0.027910
   91 	 0.000196 	 0.027175 	 0.027912
   92 	 0.000098 	 0.027483 	 0.027912
   93 	 0.012935 	 0.027644 	 0.028029
   94 	 0.027344 	 0.027880 	 0.028029
   95 	 0.019101 	 0.027659 	 0.028035
   96 	 0.000781 	 0.027540 	 0.028232
   97 	 0.006306 	 0.027583 	 0.028232
   98 	 0.026311 	 0.027966 	 0.028232
   99 	 0.018771 	 0.027804 	 0.028935
  100 	 0.019217 	 0.027905 	 0.028955
  101 	 0.001584 	 0.027283 	 0.028977
  102 	 0.000098 	 0.027535 	 0.028982
  103 	 0.000393 	 0.027974 	 0.029000
  104 	 0.009739 	 0.028498 	 0.029000
  105 	 0.016703 	 0.028752 	 0.029637
  106 	 0.009299 	 0.028580 	 0.029637
  107 	 0.007045 	 0.028559 	 0.029649
  108 	 0.000786 	 0.028136 	 0.029649
  109 	 0.005944 	 0.028683 	 0.029649
  110 	 0.000049 	 0.028613 	 0.029649
  111 	 0.000098 	 0.028452 	 0.029649
  112 	 0.018886 	 0.029246 	 0.029649
  113 	 0.000049 	 0.028788 	 0.029649
  114 	 0.000782 	 0.029321 	 0.029730
  115 	 0.006241 	 0.029374 	 0.029730
  116 	 0.000392 	 0.028794 	 0.029778
  117 	 0.019246 	 0.029332 	 0.029955
  118 	 0.008774 	 0.029165 	 0.029955
  119 	 0.000098 	 0.028464 	 0.029955
  120 	 0.000049 	 0.028894 	 0.029955
  121 	 0.000392 	 0.029411 	 0.029955
  122 	 0.018491 	 0.029518 	 0.030085
  123 	 0.013413 	 0.029472 	 0.030085
  124 	 0.000098 	 0.029157 	 0.030162
  125 	 0.008852 	 0.029591 	 0.030162
  126 	 0.013786 	 0.029576 	 0.030162
  127 	 0.027903 	 0.029934 	 0.030164
  128 	 0.000391 	 0.029302 	 0.030164
  129 	 0.000196 	 0.029573 	 0.030164
  130 	 0.000196 	 0.029811 	 0.030164
  131 	 0.000782 	 0.029118 	 0.030168
  132 	 0.019582 	 0.029993 	 0.030172
  133 	 0.000098 	 0.029262 	 0.030172
  134 	 0.000782 	 0.029868 	 0.030175
  135 	 0.006239 	 0.029784 	 0.030234
  136 	 0.000196 	 0.029328 	 0.030234
  137 	 0.008856 	 0.029800 	 0.030235
  138 	 0.000049 	 0.029715 	 0.030235
  139 	 0.003096 	 0.029323 	 0.030243
  140 	 0.000789 	 0.029656 	 0.030243
  141 	 0.028988 	 0.030218 	 0.030243
  142 	 0.000196 	 0.029565 	 0.030243
  143 	 0.000049 	 0.029824 	 0.030245
  144 	 0.020089 	 0.030029 	 0.030245
  145 	 0.000049 	 0.028560 	 0.030252
  146 	 0.000392 	 0.029392 	 0.030252
  147 	 0.018882 	 0.029873 	 0.030252
  148 	 0.018875 	 0.030122 	 0.030279
  149 	 0.006223 	 0.030004 	 0.030252
  150 	 0.003098 	 0.029612 	 0.030255
  151 	 0.008741 	 0.029863 	 0.030259
  152 	 0.000392 	 0.029375 	 0.030259
  153 	 0.000049 	 0.028924 	 0.030265
  154 	 0.000049 	 0.029912 	 0.030267
  155 	 0.000049 	 0.029371 	 0.030267
  156 	 0.029415 	 0.030242 	 0.030267
  157 	 0.000783 	 0.029195 	 0.030267
  158 	 0.000783 	 0.029852 	 0.030274
  159 	 0.003102 	 0.029744 	 0.030274
  160 	 0.008796 	 0.030047 	 0.030281
  161 	 0.000098 	 0.029339 	 0.030281
  162 	 0.000049 	 0.029552 	 0.030282
  163 	 0.000098 	 0.029816 	 0.030282
  164 	 0.006214 	 0.029911 	 0.030282
  165 	 0.020362 	 0.030118 	 0.030282
  166 	 0.027823 	 0.030232 	 0.030282
  167 	 0.000392 	 0.029788 	 0.030282
  168 	 0.000049 	 0.029442 	 0.030282
  169 	 0.000196 	 0.029419 	 0.030283
  170 	 0.003100 	 0.029349 	 0.030284
  171 	 0.019690 	 0.030125 	 0.030284
  172 	 0.000049 	 0.029241 	 0.030294
  173 	 0.000196 	 0.029465 	 0.030294
  174 	 0.010239 	 0.029988 	 0.030294
  175 	 0.015399 	 0.029985 	 0.030294
  176 	 0.000049 	 0.029970 	 0.030284
  177 	 0.027801 	 0.030250 	 0.030294
  178 	 0.000049 	 0.029279 	 0.030294
  179 	 0.000098 	 0.029981 	 0.030294
  180 	 0.000196 	 0.029922 	 0.030294
  181 	 0.015403 	 0.030104 	 0.030294
  182 	 0.000049 	 0.029612 	 0.030294
  183 	 0.008800 	 0.029958 	 0.030294
  184 	 0.020355 	 0.030178 	 0.030294
  185 	 0.000392 	 0.029859 	 0.030294
  186 	 0.015397 	 0.030145 	 0.030294
  187 	 0.024743 	 0.030172 	 0.030310
  188 	 0.025315 	 0.030219 	 0.030310
  189 	 0.007042 	 0.029811 	 0.030311
  190 	 0.001564 	 0.029848 	 0.030311
  191 	 0.008798 	 0.030050 	 0.030311
  192 	 0.000098 	 0.029936 	 0.030311
  193 	 0.000196 	 0.029610 	 0.030311
  194 	 0.000796 	 0.029860 	 0.030312
  195 	 0.003111 	 0.029748 	 0.030311
  196 	 0.029093 	 0.030295 	 0.030312
  197 	 0.003111 	 0.029757 	 0.030312
  198 	 0.010361 	 0.030106 	 0.030312
  199 	 0.006173 	 0.029897 	 0.030312
  200 	 0.000392 	 0.029645 	 0.030312
  201 	 0.010884 	 0.029905 	 0.030315
  202 	 0.000783 	 0.029700 	 0.030315
  203 	 0.000098 	 0.029618 	 0.030315
  204 	 0.015594 	 0.029831 	 0.030315
  205 	 0.018671 	 0.030077 	 0.030315
  206 	 0.018665 	 0.030174 	 0.030316
  207 	 0.024597 	 0.030169 	 0.030317
  208 	 0.001563 	 0.029908 	 0.030317
  209 	 0.000049 	 0.029683 	 0.030317
  210 	 0.000196 	 0.029584 	 0.030317
  211 	 0.007070 	 0.029766 	 0.030323
  212 	 0.000196 	 0.029932 	 0.030323
  213 	 0.001563 	 0.029959 	 0.030323
  214 	 0.027699 	 0.030280 	 0.030322
  215 	 0.000098 	 0.029702 	 0.030322
  216 	 0.000049 	 0.029434 	 0.030333
  217 	 0.027707 	 0.030288 	 0.030333
  218 	 0.000049 	 0.029783 	 0.030333
  219 	 0.000049 	 0.029346 	 0.030334
  220 	 0.000392 	 0.029980 	 0.030334
  221 	 0.008849 	 0.029843 	 0.030334
  222 	 0.001563 	 0.029859 	 0.030335
  223 	 0.000098 	 0.029286 	 0.030335
  224 	 0.010279 	 0.030088 	 0.030335
  225 	 0.019777 	 0.030097 	 0.030334
  226 	 0.000196 	 0.029974 	 0.030336
  227 	 0.010273 	 0.030041 	 0.030336
  228 	 0.006197 	 0.030061 	 0.030336
  229 	 0.013631 	 0.029995 	 0.030336
  230 	 0.006201 	 0.029279 	 0.030336
  231 	 0.000196 	 0.029581 	 0.030336
  232 	 0.010261 	 0.029900 	 0.030336
  233 	 0.007055 	 0.029552 	 0.030336
  234 	 0.007050 	 0.029828 	 0.030336
  235 	 0.001562 	 0.029814 	 0.030336
  236 	 0.027944 	 0.030294 	 0.030336
  237 	 0.007051 	 0.030098 	 0.030336
  238 	 0.020310 	 0.029993 	 0.030336
  239 	 0.000783 	 0.029749 	 0.030336
  240 	 0.019806 	 0.030112 	 0.030336
  241 	 0.000098 	 0.029778 	 0.030336
  242 	 0.015446 	 0.030103 	 0.030337
  243 	 0.019834 	 0.030201 	 0.030337
  244 	 0.027815 	 0.030277 	 0.030337
  245 	 0.006201 	 0.029957 	 0.030337
  246 	 0.011400 	 0.030028 	 0.030337
  247 	 0.018766 	 0.030126 	 0.030337
  248 	 0.020301 	 0.030220 	 0.030337
  249 	 0.019851 	 0.030192 	 0.030337
  250 	 0.000392 	 0.029062 	 0.030337
  251 	 0.013613 	 0.030043 	 0.030337
  252 	 0.010258 	 0.030134 	 0.030337
  253 	 0.027947 	 0.030312 	 0.030337
  254 	 0.000196 	 0.029846 	 0.030337
  255 	 0.024717 	 0.030211 	 0.030337
  256 	 0.006202 	 0.029943 	 0.030337
  257 	 0.000098 	 0.029363 	 0.030337
  258 	 0.025130 	 0.030268 	 0.030337
  259 	 0.001562 	 0.029745 	 0.030337
  260 	 0.000049 	 0.029812 	 0.030337
  261 	 0.000049 	 0.029900 	 0.030337
  262 	 0.022693 	 0.030148 	 0.030337
  263 	 0.019837 	 0.030213 	 0.030337
  264 	 0.028579 	 0.030316 	 0.030337
  265 	 0.003104 	 0.029657 	 0.030337
  266 	 0.000783 	 0.029657 	 0.030337
  267 	 0.000098 	 0.029887 	 0.030337
  268 	 0.030314 	 0.030336 	 0.030337
  269 	 0.025130 	 0.030227 	 0.030337
  270 	 0.003104 	 0.029797 	 0.030337
  271 	 0.019834 	 0.029988 	 0.030337
  272 	 0.003104 	 0.030041 	 0.030337
  273 	 0.018772 	 0.030204 	 0.030337
  274 	 0.007050 	 0.030044 	 0.030337
  275 	 0.011396 	 0.029752 	 0.030337
  276 	 0.013613 	 0.030132 	 0.030337
  277 	 0.007050 	 0.029634 	 0.030337
  278 	 0.020310 	 0.030212 	 0.030337
  279 	 0.013613 	 0.030035 	 0.030337
  280 	 0.006280 	 0.029723 	 0.030337
  281 	 0.000196 	 0.029382 	 0.030337
  282 	 0.003104 	 0.029961 	 0.030337
  283 	 0.000196 	 0.030025 	 0.030337
  284 	 0.020310 	 0.030078 	 0.030337
  285 	 0.006202 	 0.030053 	 0.030337
  286 	 0.000098 	 0.029929 	 0.030337
  287 	 0.015446 	 0.029663 	 0.030337
  288 	 0.001562 	 0.029366 	 0.030337
  289 	 0.025414 	 0.030243 	 0.030337
  290 	 0.000392 	 0.029586 	 0.030337
  291 	 0.000392 	 0.029773 	 0.030337
  292 	 0.000196 	 0.029192 	 0.030337
  293 	 0.027822 	 0.030284 	 0.030337
  294 	 0.003104 	 0.029686 	 0.030337
  295 	 0.000392 	 0.029786 	 0.030337
  296 	 0.000391 	 0.029286 	 0.030337
  297 	 0.003104 	 0.029261 	 0.030337
  298 	 0.008815 	 0.030111 	 0.030337
  299 	 0.015440 	 0.030179 	 0.030337
  300 	 0.000196 	 0.030017 	 0.030337
  301 	 0.015446 	 0.030065 	 0.030337
  302 	 0.027822 	 0.030299 	 0.030337
  303 	 0.025132 	 0.030254 	 0.030337
  304 	 0.029237 	 0.030320 	 0.030337
  305 	 0.007050 	 0.029797 	 0.030337
  306 	 0.006202 	 0.030083 	 0.030337
  307 	 0.019834 	 0.030158 	 0.030337
  308 	 0.020310 	 0.030219 	 0.030337
  309 	 0.000049 	 0.029848 	 0.030337
  310 	 0.000196 	 0.029542 	 0.030337
  311 	 0.000783 	 0.029666 	 0.030337
  312 	 0.000049 	 0.029838 	 0.030337
  313 	 0.028509 	 0.030280 	 0.030337
  314 	 0.000049 	 0.029836 	 0.030337
  315 	 0.001562 	 0.029972 	 0.030337
  316 	 0.015446 	 0.030171 	 0.030337
  317 	 0.000392 	 0.029328 	 0.030337
  318 	 0.000196 	 0.029885 	 0.030337
  319 	 0.003104 	 0.029863 	 0.030337
  320 	 0.030256 	 0.030335 	 0.030337
  321 	 0.028912 	 0.030313 	 0.030337
  322 	 0.020310 	 0.030086 	 0.030337
  323 	 0.022691 	 0.030210 	 0.030337
  324 	 0.000049 	 0.029442 	 0.030337
  325 	 0.018772 	 0.030068 	 0.030337
  326 	 0.024719 	 0.030276 	 0.030337
  327 	 0.000753 	 0.030005 	 0.030337
  328 	 0.007053 	 0.030009 	 0.030337
  329 	 0.000392 	 0.030017 	 0.030337
  330 	 0.013613 	 0.030092 	 0.030337
  331 	 0.000196 	 0.029682 	 0.030337
  332 	 0.001562 	 0.029820 	 0.030337
  333 	 0.025132 	 0.030270 	 0.030337
  334 	 0.001562 	 0.030048 	 0.030337
  335 	 0.000049 	 0.029127 	 0.030337
  336 	 0.000098 	 0.029946 	 0.030337
  337 	 0.000196 	 0.029826 	 0.030337
  338 	 0.000783 	 0.029766 	 0.030337
  339 	 0.020310 	 0.030211 	 0.030337
  340 	 0.013613 	 0.029939 	 0.030337
  341 	 0.028212 	 0.030298 	 0.030337
  342 	 0.000049 	 0.029714 	 0.030337
  343 	 0.019816 	 0.030109 	 0.030337
  344 	 0.003104 	 0.030059 	 0.030337
  345 	 0.010257 	 0.030055 	 0.030337
  346 	 0.006202 	 0.029788 	 0.030337
  347 	 0.000049 	 0.029595 	 0.030337
  348 	 0.006202 	 0.029471 	 0.030337
  349 	 0.000098 	 0.029190 	 0.030337
  350 	 0.010257 	 0.030085 	 0.030337
  351 	 0.000098 	 0.029699 	 0.030337
  352 	 0.000392 	 0.029634 	 0.030337
  353 	 0.030293 	 0.030336 	 0.030337
  354 	 0.003104 	 0.029765 	 0.030337
  355 	 0.000392 	 0.029979 	 0.030337
  356 	 0.008815 	 0.029865 	 0.030337
  357 	 0.018772 	 0.030176 	 0.030337
  358 	 0.007050 	 0.030032 	 0.030337
  359 	 0.000196 	 0.029940 	 0.030337
  360 	 0.027948 	 0.030309 	 0.030337
  361 	 0.000196 	 0.029946 	 0.030337
  362 	 0.000783 	 0.029961 	 0.030337
  363 	 0.011396 	 0.029955 	 0.030337
  364 	 0.019834 	 0.030170 	 0.030337
  365 	 0.007050 	 0.029957 	 0.030337
  366 	 0.008815 	 0.029987 	 0.030337
  367 	 0.000049 	 0.029508 	 0.030337
  368 	 0.015446 	 0.030112 	 0.030337
  369 	 0.006202 	 0.030079 	 0.030337
  370 	 0.000049 	 0.029705 	 0.030337
  371 	 0.029162 	 0.030305 	 0.030337
  372 	 0.008815 	 0.029856 	 0.030337
  373 	 0.000049 	 0.029513 	 0.030337
  374 	 0.000392 	 0.029477 	 0.030337
  375 	 0.027316 	 0.030288 	 0.030337
  376 	 0.000196 	 0.029946 	 0.030337
  377 	 0.000196 	 0.029113 	 0.030337
  378 	 0.024755 	 0.030207 	 0.030337
  379 	 0.003104 	 0.029958 	 0.030337
  380 	 0.015446 	 0.030151 	 0.030337
  381 	 0.000196 	 0.029559 	 0.030337
  382 	 0.019816 	 0.030215 	 0.030337
  383 	 0.010257 	 0.030133 	 0.030337
  384 	 0.000049 	 0.029515 	 0.030337
  385 	 0.030230 	 0.030334 	 0.030337
  386 	 0.022691 	 0.030203 	 0.030337
  387 	 0.000196 	 0.029564 	 0.030337
  388 	 0.020310 	 0.030215 	 0.030337
  389 	 0.000098 	 0.029527 	 0.030337
  390 	 0.024755 	 0.030224 	 0.030337
  391 	 0.000049 	 0.029792 	 0.030337
  392 	 0.000196 	 0.029789 	 0.030337
  393 	 0.000049 	 0.029677 	 0.030337
  394 	 0.001562 	 0.029985 	 0.030337
  395 	 0.000392 	 0.029379 	 0.030337
  396 	 0.007050 	 0.029876 	 0.030337
  397 	 0.028912 	 0.030319 	 0.030337
  398 	 0.010257 	 0.029934 	 0.030337
  399 	 0.025132 	 0.030265 	 0.030337
  400 	 0.025414 	 0.030279 	 0.030337
  401 	 0.000196 	 0.029820 	 0.030337
  402 	 0.000392 	 0.029143 	 0.030337
  403 	 0.019834 	 0.030227 	 0.030337
  404 	 0.020310 	 0.030210 	 0.030337
  405 	 0.006202 	 0.030062 	 0.030337
  406 	 0.028912 	 0.030310 	 0.030337
  407 	 0.018772 	 0.030213 	 0.030337
  408 	 0.027948 	 0.030280 	 0.030337
  409 	 0.013613 	 0.030125 	 0.030337
  410 	 0.019834 	 0.030077 	 0.030337
  411 	 0.019816 	 0.030109 	 0.030337
  412 	 0.000783 	 0.029548 	 0.030337
  413 	 0.018772 	 0.030188 	 0.030337
  414 	 0.000196 	 0.030004 	 0.030337
  415 	 0.000196 	 0.029914 	 0.030337
  416 	 0.001562 	 0.029724 	 0.030337
  417 	 0.018772 	 0.030099 	 0.030337
  418 	 0.007061 	 0.029891 	 0.030337
  419 	 0.000049 	 0.029232 	 0.030337
  420 	 0.027316 	 0.030280 	 0.030337
  421 	 0.020310 	 0.030081 	 0.030337
  422 	 0.001562 	 0.029497 	 0.030337
  423 	 0.006202 	 0.029906 	 0.030337
  424 	 0.020310 	 0.030220 	 0.030337
  425 	 0.003104 	 0.030009 	 0.030337
  426 	 0.000049 	 0.029546 	 0.030337
  427 	 0.007050 	 0.029841 	 0.030337
  428 	 0.015446 	 0.030169 	 0.030337
  429 	 0.003104 	 0.030044 	 0.030337
  430 	 0.000392 	 0.029708 	 0.030337
  431 	 0.003104 	 0.029881 	 0.030337
  432 	 0.000098 	 0.029867 	 0.030337
  433 	 0.007050 	 0.030069 	 0.030337
  434 	 0.000196 	 0.029724 	 0.030337
  435 	 0.000392 	 0.029664 	 0.030337
  436 	 0.007050 	 0.029847 	 0.030337
  437 	 0.000098 	 0.029678 	 0.030337
  438 	 0.019816 	 0.030194 	 0.030337
  439 	 0.018772 	 0.030162 	 0.030337
  440 	 0.007050 	 0.030033 	 0.030337
  441 	 0.019834 	 0.030206 	 0.030337
  442 	 0.000196 	 0.029621 	 0.030337
  443 	 0.029162 	 0.030324 	 0.030337
  444 	 0.000098 	 0.029625 	 0.030337
  445 	 0.000196 	 0.029645 	 0.030337
  446 	 0.011396 	 0.029738 	 0.030337
  447 	 0.000098 	 0.029678 	 0.030337
  448 	 0.010257 	 0.029994 	 0.030337
  449 	 0.006202 	 0.030055 	 0.030337
  450 	 0.000098 	 0.029765 	 0.030337
  451 	 0.000049 	 0.029725 	 0.030337
  452 	 0.011396 	 0.030077 	 0.030337
  453 	 0.027822 	 0.030300 	 0.030337
  454 	 0.000196 	 0.029584 	 0.030337
  455 	 0.020291 	 0.030074 	 0.030337
  456 	 0.015446 	 0.030082 	 0.030337
  457 	 0.001562 	 0.029798 	 0.030337
  458 	 0.022691 	 0.030128 	 0.030337
  459 	 0.019834 	 0.030123 	 0.030337
  460 	 0.000196 	 0.029502 	 0.030337
  461 	 0.000783 	 0.029811 	 0.030337
  462 	 0.000196 	 0.029768 	 0.030337
  463 	 0.019834 	 0.030225 	 0.030337
  464 	 0.000783 	 0.029631 	 0.030337
  465 	 0.000049 	 0.029705 	 0.030337
  466 	 0.000098 	 0.029705 	 0.030337
  467 	 0.006202 	 0.029789 	 0.030337
  468 	 0.000392 	 0.029446 	 0.030337
  469 	 0.001562 	 0.029827 	 0.030337
  470 	 0.000392 	 0.029826 	 0.030337
  471 	 0.024755 	 0.030266 	 0.030337
  472 	 0.000783 	 0.029504 	 0.030337
  473 	 0.007050 	 0.029883 	 0.030337
  474 	 0.000783 	 0.029739 	 0.030337
  475 	 0.000783 	 0.029828 	 0.030337
  476 	 0.000392 	 0.029624 	 0.030337
  477 	 0.020310 	 0.030206 	 0.030337
  478 	 0.013613 	 0.029847 	 0.030337
  479 	 0.000196 	 0.029623 	 0.030337
  480 	 0.020310 	 0.030226 	 0.030337
  481 	 0.029130 	 0.030309 	 0.030337
  482 	 0.008815 	 0.029995 	 0.030337
  483 	 0.020201 	 0.030225 	 0.030337
  484 	 0.000049 	 0.029743 	 0.030337
  485 	 0.020310 	 0.030182 	 0.030337
  486 	 0.007050 	 0.029658 	 0.030337
  487 	 0.006202 	 0.029877 	 0.030337
  488 	 0.000196 	 0.029969 	 0.030337
  489 	 0.000098 	 0.029674 	 0.030337
  490 	 0.029237 	 0.030314 	 0.030337
  491 	 0.007050 	 0.030055 	 0.030337
  492 	 0.006202 	 0.030040 	 0.030337
  493 	 0.000098 	 0.029350 	 0.030337
  494 	 0.029322 	 0.030321 	 0.030337
  495 	 0.000783 	 0.029825 	 0.030337
  496 	 0.028925 	 0.030322 	 0.030337
  497 	 0.015446 	 0.029994 	 0.030337
  498 	 0.000049 	 0.029404 	 0.030337
  499 	 0.010257 	 0.030116 	 0.030337
 