   0 	 0.000050 	 0.000257 	 0.005367
    1 	 0.000091 	 0.000518 	 0.005367
    2 	 0.000191 	 0.000723 	 0.005103
    3 	 0.000155 	 0.001152 	 0.007390
    4 	 0.000438 	 0.001782 	 0.007390
    5 	 0.000049 	 0.002532 	 0.024780
    6 	 0.000333 	 0.003649 	 0.031072
    7 	 0.002026 	 0.005758 	 0.031555
    8 	 0.000049 	 0.008678 	 0.031555
    9 	 0.003236 	 0.012533 	 0.031555
   10 	 0.000779 	 0.015664 	 0.031555
   11 	 0.004511 	 0.017215 	 0.037192
   12 	 0.005117 	 0.019800 	 0.037455
   13 	 0.006389 	 0.022587 	 0.038443
   14 	 0.004151 	 0.025621 	 0.038443
   15 	 0.000098 	 0.027246 	 0.038945
   16 	 0.000098 	 0.026315 	 0.040918
   17 	 0.000390 	 0.030940 	 0.038443
   18 	 0.020462 	 0.031285 	 0.038458
   19 	 0.021550 	 0.032183 	 0.038458
   20 	 0.005016 	 0.028048 	 0.038394
   21 	 0.005734 	 0.031302 	 0.033274
   22 	 0.003104 	 0.032436 	 0.033451
   23 	 0.020506 	 0.032894 	 0.033569
   24 	 0.000049 	 0.032062 	 0.034172
   25 	 0.000098 	 0.032607 	 0.034172
   26 	 0.000391 	 0.033028 	 0.034172
   27 	 0.031999 	 0.033474 	 0.034172
   28 	 0.000392 	 0.032910 	 0.034229
   29 	 0.031979 	 0.033766 	 0.036690
   30 	 0.010425 	 0.033760 	 0.036740
   31 	 0.012017 	 0.033904 	 0.036747
   32 	 0.007338 	 0.034061 	 0.036952
   33 	 0.000780 	 0.033698 	 0.036757
   34 	 0.031484 	 0.034895 	 0.036927
   35 	 0.030409 	 0.035506 	 0.036949
   36 	 0.000196 	 0.035936 	 0.036977
   37 	 0.000781 	 0.035615 	 0.037098
   38 	 0.000049 	 0.035724 	 0.037050
   39 	 0.008631 	 0.036029 	 0.037050
   40 	 0.000098 	 0.036497 	 0.037027
   41 	 0.021321 	 0.036786 	 0.037089
   42 	 0.011216 	 0.036652 	 0.037111
   43 	 0.000098 	 0.036632 	 0.037111
   44 	 0.009742 	 0.036725 	 0.037183
   45 	 0.013366 	 0.036643 	 0.037140
   46 	 0.000049 	 0.036179 	 0.037188
   47 	 0.000098 	 0.036669 	 0.037188
   48 	 0.015676 	 0.036832 	 0.037204
   49 	 0.003083 	 0.036787 	 0.037218
   50 	 0.011324 	 0.036801 	 0.037226
   51 	 0.013477 	 0.036882 	 0.037280
   52 	 0.000049 	 0.035410 	 0.037284
   53 	 0.023967 	 0.036803 	 0.037346
   54 	 0.015591 	 0.036889 	 0.037346
   55 	 0.000196 	 0.036483 	 0.037376
   56 	 0.011216 	 0.036706 	 0.037484
   57 	 0.006400 	 0.036408 	 0.037552
   58 	 0.000098 	 0.036736 	 0.037512
   59 	 0.000196 	 0.036851 	 0.037531
   60 	 0.000780 	 0.037035 	 0.037627
   61 	 0.023607 	 0.037292 	 0.037634
   62 	 0.000098 	 0.036085 	 0.037634
   63 	 0.000196 	 0.035467 	 0.037634
   64 	 0.031761 	 0.037471 	 0.037694
   65 	 0.001552 	 0.036438 	 0.038348
   66 	 0.016057 	 0.037427 	 0.038738
   67 	 0.000098 	 0.036733 	 0.038800
   68 	 0.013279 	 0.037092 	 0.038946
   69 	 0.000098 	 0.037469 	 0.038946
   70 	 0.006476 	 0.037682 	 0.039993
   71 	 0.000098 	 0.037880 	 0.039993
   72 	 0.000049 	 0.038324 	 0.040135
   73 	 0.000196 	 0.037907 	 0.040144
   74 	 0.010530 	 0.037952 	 0.040181
   75 	 0.007342 	 0.038398 	 0.040327
   76 	 0.000787 	 0.038965 	 0.040327
   77 	 0.020099 	 0.039695 	 0.040327
   78 	 0.001577 	 0.039436 	 0.040477
   79 	 0.000393 	 0.039410 	 0.040689
   80 	 0.000098 	 0.039533 	 0.040689
   81 	 0.007220 	 0.039571 	 0.040758
   82 	 0.010311 	 0.039805 	 0.041055
   83 	 0.000049 	 0.040038 	 0.040977
   84 	 0.001571 	 0.039593 	 0.040789
   85 	 0.014908 	 0.040238 	 0.040846
   86 	 0.000785 	 0.039210 	 0.040846
   87 	 0.000392 	 0.039176 	 0.041048
   88 	 0.023523 	 0.040387 	 0.040963
   89 	 0.006204 	 0.039779 	 0.040963
   90 	 0.009970 	 0.040115 	 0.040983
   91 	 0.029730 	 0.040601 	 0.041020
   92 	 0.012047 	 0.039595 	 0.040978
   93 	 0.032030 	 0.040662 	 0.041027
   94 	 0.035824 	 0.040790 	 0.040998
   95 	 0.015950 	 0.040403 	 0.040998
   96 	 0.030014 	 0.040822 	 0.041018
   97 	 0.000049 	 0.039938 	 0.041018
   98 	 0.001564 	 0.040072 	 0.041123
   99 	 0.000049 	 0.039462 	 0.041123
  100 	 0.000049 	 0.040219 	 0.041123
  101 	 0.001570 	 0.040208 	 0.041123
  102 	 0.018309 	 0.040658 	 0.041136
  103 	 0.020875 	 0.040768 	 0.041136
  104 	 0.041005 	 0.041090 	 0.041136
  105 	 0.030659 	 0.040994 	 0.041136
  106 	 0.007178 	 0.040135 	 0.041136
  107 	 0.006232 	 0.040648 	 0.041143
  108 	 0.040861 	 0.041114 	 0.041136
  109 	 0.000392 	 0.039785 	 0.041156
  110 	 0.003133 	 0.040284 	 0.041160
  111 	 0.009962 	 0.040667 	 0.041160
  112 	 0.027924 	 0.040993 	 0.041160
  113 	 0.003133 	 0.040308 	 0.041161
  114 	 0.017198 	 0.040476 	 0.041162
  115 	 0.007178 	 0.040280 	 0.041199
  116 	 0.000392 	 0.039949 	 0.041199
  117 	 0.019610 	 0.040645 	 0.041199
  118 	 0.000049 	 0.040738 	 0.041199
  119 	 0.033212 	 0.041068 	 0.041199
  120 	 0.000196 	 0.040449 	 0.041199
  121 	 0.000098 	 0.039547 	 0.041203
  122 	 0.033082 	 0.041101 	 0.041217
  123 	 0.000392 	 0.040291 	 0.041217
  124 	 0.012037 	 0.040801 	 0.041205
  125 	 0.027698 	 0.040989 	 0.041205
  126 	 0.006190 	 0.040186 	 0.041205
  127 	 0.009201 	 0.040388 	 0.041206
  128 	 0.029372 	 0.040919 	 0.041211
  129 	 0.000049 	 0.039974 	 0.041211
  130 	 0.000196 	 0.040767 	 0.041210
  131 	 0.000784 	 0.040170 	 0.041210
  132 	 0.037194 	 0.041120 	 0.041213
  133 	 0.032639 	 0.041096 	 0.041222
  134 	 0.000196 	 0.040744 	 0.041222
  135 	 0.000196 	 0.039824 	 0.041228
  136 	 0.032537 	 0.041091 	 0.041228
  137 	 0.015723 	 0.040416 	 0.041229
  138 	 0.000065 	 0.039968 	 0.041229
  139 	 0.024721 	 0.040984 	 0.041234
  140 	 0.039398 	 0.041177 	 0.041234
  141 	 0.006188 	 0.040528 	 0.041234
  142 	 0.000049 	 0.040125 	 0.041234
  143 	 0.000098 	 0.040344 	 0.041235
  144 	 0.040776 	 0.041221 	 0.041236
  145 	 0.001568 	 0.040175 	 0.041236
  146 	 0.038605 	 0.041161 	 0.041236
  147 	 0.006185 	 0.039938 	 0.041237
  148 	 0.000049 	 0.040785 	 0.041237
  149 	 0.000098 	 0.039963 	 0.041237
  150 	 0.000196 	 0.040732 	 0.041237
  151 	 0.000392 	 0.040114 	 0.041237
  152 	 0.000196 	 0.040724 	 0.041237
  153 	 0.015744 	 0.040879 	 0.041237
  154 	 0.003128 	 0.040696 	 0.041237
  155 	 0.000098 	 0.040220 	 0.041237
  156 	 0.000784 	 0.039571 	 0.041237
  157 	 0.000196 	 0.039808 	 0.041237
  158 	 0.015744 	 0.040797 	 0.041237
  159 	 0.014378 	 0.040594 	 0.041238
  160 	 0.000098 	 0.040658 	 0.041238
  161 	 0.000098 	 0.040022 	 0.041238
  162 	 0.014379 	 0.040584 	 0.041244
  163 	 0.021462 	 0.041000 	 0.041244
  164 	 0.007160 	 0.040097 	 0.041251
  165 	 0.027612 	 0.041023 	 0.041244
  166 	 0.035487 	 0.041131 	 0.041244
  167 	 0.007160 	 0.040657 	 0.041244
  168 	 0.032464 	 0.041137 	 0.041244
  169 	 0.000196 	 0.039455 	 0.041244
  170 	 0.032740 	 0.041046 	 0.041244
  171 	 0.014374 	 0.040636 	 0.041244
  172 	 0.001567 	 0.040721 	 0.041244
  173 	 0.000049 	 0.039364 	 0.041247
  174 	 0.000196 	 0.040423 	 0.041244
  175 	 0.000392 	 0.040211 	 0.041250
  176 	 0.014283 	 0.040638 	 0.041246
  177 	 0.000196 	 0.040712 	 0.041246
  178 	 0.039951 	 0.041230 	 0.041268
  179 	 0.000392 	 0.040502 	 0.041268
  180 	 0.015624 	 0.040558 	 0.041268
  181 	 0.009954 	 0.040568 	 0.041268
  182 	 0.006169 	 0.040542 	 0.041268
  183 	 0.019649 	 0.040859 	 0.041268
  184 	 0.006192 	 0.040850 	 0.041268
  185 	 0.000392 	 0.040700 	 0.041268
  186 	 0.014378 	 0.040682 	 0.041268
  187 	 0.015631 	 0.040986 	 0.041268
  188 	 0.001567 	 0.040619 	 0.041269
  189 	 0.000098 	 0.039820 	 0.041268
  190 	 0.027732 	 0.041017 	 0.041268
  191 	 0.000049 	 0.040246 	 0.041268
  192 	 0.000392 	 0.040697 	 0.041270
  193 	 0.003129 	 0.040594 	 0.041270
  194 	 0.012031 	 0.040853 	 0.041270
  195 	 0.000392 	 0.039778 	 0.041270
  196 	 0.009206 	 0.040627 	 0.041270
  197 	 0.021414 	 0.041011 	 0.041270
  198 	 0.000196 	 0.039725 	 0.041270
  199 	 0.015755 	 0.040962 	 0.041270
  200 	 0.020582 	 0.040923 	 0.041270
  201 	 0.003127 	 0.040735 	 0.041270
  202 	 0.037378 	 0.041188 	 0.041270
  203 	 0.039982 	 0.041252 	 0.041270
  204 	 0.000392 	 0.040141 	 0.041270
  205 	 0.032785 	 0.041158 	 0.041270
  206 	 0.017083 	 0.040850 	 0.041270
  207 	 0.007154 	 0.040794 	 0.041270
  208 	 0.029518 	 0.041082 	 0.041270
  209 	 0.000196 	 0.039915 	 0.041270
  210 	 0.000392 	 0.040311 	 0.041270
  211 	 0.000049 	 0.039691 	 0.041270
  212 	 0.014353 	 0.040446 	 0.041270
  213 	 0.040725 	 0.041264 	 0.041270
  214 	 0.000098 	 0.040248 	 0.041270
  215 	 0.000098 	 0.040737 	 0.041270
  216 	 0.024862 	 0.040984 	 0.041270
  217 	 0.000196 	 0.040236 	 0.041270
  218 	 0.000049 	 0.040637 	 0.041270
  219 	 0.000049 	 0.040543 	 0.041270
  220 	 0.000049 	 0.039967 	 0.041270
  221 	 0.000784 	 0.039604 	 0.041270
  222 	 0.031889 	 0.041080 	 0.041270
  223 	 0.015762 	 0.041000 	 0.041270
  224 	 0.000392 	 0.039722 	 0.041270
  225 	 0.020588 	 0.041059 	 0.041270
  226 	 0.037379 	 0.041227 	 0.041270
  227 	 0.000784 	 0.040579 	 0.041270
  228 	 0.024862 	 0.041076 	 0.041270
  229 	 0.009190 	 0.040701 	 0.041270
  230 	 0.000049 	 0.040284 	 0.041270
  231 	 0.003127 	 0.040658 	 0.041270
  232 	 0.000392 	 0.040031 	 0.041270
  233 	 0.019402 	 0.040978 	 0.041270
  234 	 0.040449 	 0.041246 	 0.041270
  235 	 0.040885 	 0.041262 	 0.041270
  236 	 0.000098 	 0.040137 	 0.041270
  237 	 0.000392 	 0.039757 	 0.041270
  238 	 0.001567 	 0.040462 	 0.041270
  239 	 0.037379 	 0.041100 	 0.041270
  240 	 0.000196 	 0.040849 	 0.041270
  241 	 0.000784 	 0.040070 	 0.041270
  242 	 0.000098 	 0.039527 	 0.041270
  243 	 0.032732 	 0.041040 	 0.041270
  244 	 0.021420 	 0.040863 	 0.041270
  245 	 0.000098 	 0.039623 	 0.041270
  246 	 0.007154 	 0.040178 	 0.041270
  247 	 0.037400 	 0.041193 	 0.041270
  248 	 0.040876 	 0.041261 	 0.041270
  249 	 0.000196 	 0.040677 	 0.041270
  250 	 0.000392 	 0.040726 	 0.041270
  251 	 0.012005 	 0.040627 	 0.041270
  252 	 0.000196 	 0.040023 	 0.041270
  253 	 0.009190 	 0.040945 	 0.041270
  254 	 0.000392 	 0.040108 	 0.041270
  255 	 0.003127 	 0.040146 	 0.041270
  256 	 0.038030 	 0.041215 	 0.041270
  257 	 0.000196 	 0.039187 	 0.041270
  258 	 0.040449 	 0.041258 	 0.041270
  259 	 0.027628 	 0.040969 	 0.041270
  260 	 0.037400 	 0.041139 	 0.041270
  261 	 0.000196 	 0.040662 	 0.041270
  262 	 0.000196 	 0.039672 	 0.041270
  263 	 0.007154 	 0.040736 	 0.041270
  264 	 0.000784 	 0.039836 	 0.041270
  265 	 0.000392 	 0.040525 	 0.041270
  266 	 0.009190 	 0.040782 	 0.041270
  267 	 0.000196 	 0.040300 	 0.041270
  268 	 0.027628 	 0.040883 	 0.041270
  269 	 0.019402 	 0.040336 	 0.041270
  270 	 0.001567 	 0.040421 	 0.041270
  271 	 0.017088 	 0.040850 	 0.041270
  272 	 0.001567 	 0.040587 	 0.041270
  273 	 0.000049 	 0.040026 	 0.041270
  274 	 0.000049 	 0.040005 	 0.041270
  275 	 0.020588 	 0.040930 	 0.041270
  276 	 0.006199 	 0.040595 	 0.041270
  277 	 0.011470 	 0.040624 	 0.041270
  278 	 0.029518 	 0.040800 	 0.041270
  279 	 0.000098 	 0.039828 	 0.041270
  280 	 0.000098 	 0.040145 	 0.041270
  281 	 0.012005 	 0.039999 	 0.041270
  282 	 0.000392 	 0.039601 	 0.041270
  283 	 0.035668 	 0.041193 	 0.041270
  284 	 0.037379 	 0.041210 	 0.041270
  285 	 0.000098 	 0.040833 	 0.041270
  286 	 0.027628 	 0.041063 	 0.041270
  287 	 0.000098 	 0.039926 	 0.041270
  288 	 0.000196 	 0.040634 	 0.041270
  289 	 0.000392 	 0.040418 	 0.041270
  290 	 0.007154 	 0.040687 	 0.041270
  291 	 0.000049 	 0.040044 	 0.041270
  292 	 0.017083 	 0.040715 	 0.041270
  293 	 0.019402 	 0.041003 	 0.041270
  294 	 0.000098 	 0.040332 	 0.041270
  295 	 0.009190 	 0.040670 	 0.041270
  296 	 0.000388 	 0.040456 	 0.041270
  297 	 0.000098 	 0.039350 	 0.041270
  298 	 0.017083 	 0.040657 	 0.041270
  299 	 0.000196 	 0.040588 	 0.041270
  300 	 0.017083 	 0.040929 	 0.041270
  301 	 0.006193 	 0.040594 	 0.041270
  302 	 0.006199 	 0.040818 	 0.041270
  303 	 0.000784 	 0.039828 	 0.041270
  304 	 0.000049 	 0.040342 	 0.041270
  305 	 0.020588 	 0.040777 	 0.041270
  306 	 0.021427 	 0.040953 	 0.041270
  307 	 0.019402 	 0.041026 	 0.041270
  308 	 0.032732 	 0.041137 	 0.041270
  309 	 0.001567 	 0.040445 	 0.041270
  310 	 0.001567 	 0.040384 	 0.041270
  311 	 0.009885 	 0.040594 	 0.041270
  312 	 0.017083 	 0.040864 	 0.041270
  313 	 0.000196 	 0.040021 	 0.041270
  314 	 0.007154 	 0.040543 	 0.041270
  315 	 0.007155 	 0.040651 	 0.041270
  316 	 0.029518 	 0.041033 	 0.041270
  317 	 0.001567 	 0.040716 	 0.041270
  318 	 0.000784 	 0.040404 	 0.041270
  319 	 0.037374 	 0.041173 	 0.041270
  320 	 0.009885 	 0.040265 	 0.041270
  321 	 0.000392 	 0.040844 	 0.041270
  322 	 0.007153 	 0.040596 	 0.041270
  323 	 0.000098 	 0.040313 	 0.041270
  324 	 0.000392 	 0.040600 	 0.041270
  325 	 0.001567 	 0.040769 	 0.041270
  326 	 0.021435 	 0.040702 	 0.041270
  327 	 0.009884 	 0.040836 	 0.041270
  328 	 0.009188 	 0.040639 	 0.041270
  329 	 0.000196 	 0.040333 	 0.041270
  330 	 0.000392 	 0.040294 	 0.041270
  331 	 0.000098 	 0.039731 	 0.041270
  332 	 0.000392 	 0.040858 	 0.041270
  333 	 0.000392 	 0.040606 	 0.041270
  334 	 0.003127 	 0.040532 	 0.041270
  335 	 0.000049 	 0.040415 	 0.041270
  336 	 0.029529 	 0.041030 	 0.041270
  337 	 0.003127 	 0.040565 	 0.041270
  338 	 0.032792 	 0.041173 	 0.041270
  339 	 0.020595 	 0.040969 	 0.041270
  340 	 0.040113 	 0.041237 	 0.041270
  341 	 0.000098 	 0.040153 	 0.041270
  342 	 0.009188 	 0.040628 	 0.041270
  343 	 0.000784 	 0.040629 	 0.041270
  344 	 0.019397 	 0.041024 	 0.041270
  345 	 0.000196 	 0.040509 	 0.041270
  346 	 0.030180 	 0.041131 	 0.041270
  347 	 0.021436 	 0.040727 	 0.041270
  348 	 0.000392 	 0.039988 	 0.041270
  349 	 0.007151 	 0.040923 	 0.041270
  350 	 0.000784 	 0.040238 	 0.041270
  351 	 0.020595 	 0.041007 	 0.041270
  352 	 0.000049 	 0.039847 	 0.041270
  353 	 0.000098 	 0.040263 	 0.041270
  354 	 0.032719 	 0.041178 	 0.041270
  355 	 0.014348 	 0.040953 	 0.041270
  356 	 0.000098 	 0.040600 	 0.041270
  357 	 0.001567 	 0.040519 	 0.041270
  358 	 0.020595 	 0.040923 	 0.041270
  359 	 0.000784 	 0.040238 	 0.041270
  360 	 0.040186 	 0.041239 	 0.041270
  361 	 0.029529 	 0.041066 	 0.041270
  362 	 0.001567 	 0.040661 	 0.041270
  363 	 0.017078 	 0.040775 	 0.041270
  364 	 0.001567 	 0.040564 	 0.041270
  365 	 0.007153 	 0.040682 	 0.041270
  366 	 0.000392 	 0.040771 	 0.041270
  367 	 0.003127 	 0.039554 	 0.041270
  368 	 0.019397 	 0.041035 	 0.041270
  369 	 0.000196 	 0.040660 	 0.041270
  370 	 0.000392 	 0.040424 	 0.041270
  371 	 0.000098 	 0.040853 	 0.041270
  372 	 0.000196 	 0.040397 	 0.041270
  373 	 0.001567 	 0.040324 	 0.041270
  374 	 0.032719 	 0.041177 	 0.041270
  375 	 0.000392 	 0.040429 	 0.041270
  376 	 0.021436 	 0.041046 	 0.041270
  377 	 0.019397 	 0.040681 	 0.041270
  378 	 0.007153 	 0.040374 	 0.041270
  379 	 0.000098 	 0.039770 	 0.041270
  380 	 0.024868 	 0.041076 	 0.041270
  381 	 0.001567 	 0.040661 	 0.041270
  382 	 0.000784 	 0.039547 	 0.041270
  383 	 0.000049 	 0.040528 	 0.041270
  384 	 0.000196 	 0.040182 	 0.041270
  385 	 0.040186 	 0.041258 	 0.041270
  386 	 0.009188 	 0.040872 	 0.041270
  387 	 0.001567 	 0.040389 	 0.041270
  388 	 0.032546 	 0.041126 	 0.041270
  389 	 0.000392 	 0.040706 	 0.041270
  390 	 0.027616 	 0.041115 	 0.041270
  391 	 0.000049 	 0.039952 	 0.041270
  392 	 0.040450 	 0.041250 	 0.041270
  393 	 0.000196 	 0.040515 	 0.041270
  394 	 0.009884 	 0.040569 	 0.041270
  395 	 0.032792 	 0.041006 	 0.041270
  396 	 0.000196 	 0.040074 	 0.041270
  397 	 0.015765 	 0.040799 	 0.041270
  398 	 0.019397 	 0.040651 	 0.041270
  399 	 0.019397 	 0.040913 	 0.041270
  400 	 0.032113 	 0.041128 	 0.041270
  401 	 0.000098 	 0.040520 	 0.041270
  402 	 0.024663 	 0.040934 	 0.041270
  403 	 0.000049 	 0.040359 	 0.041270
  404 	 0.001567 	 0.040344 	 0.041270
  405 	 0.009188 	 0.040545 	 0.041270
  406 	 0.000049 	 0.040096 	 0.041270
  407 	 0.017078 	 0.040839 	 0.041270
  408 	 0.015765 	 0.040750 	 0.041270
  409 	 0.003127 	 0.040837 	 0.041270
  410 	 0.001567 	 0.040235 	 0.041270
  411 	 0.000049 	 0.039957 	 0.041270
  412 	 0.001567 	 0.040784 	 0.041270
  413 	 0.015765 	 0.040783 	 0.041270
  414 	 0.000098 	 0.040581 	 0.041270
  415 	 0.000098 	 0.040379 	 0.041270
  416 	 0.000196 	 0.040030 	 0.041270
  417 	 0.035921 	 0.041162 	 0.041270
  418 	 0.020595 	 0.040927 	 0.041270
  419 	 0.040186 	 0.041241 	 0.041270
  420 	 0.000049 	 0.040012 	 0.041270
  421 	 0.009884 	 0.040529 	 0.041270
  422 	 0.037384 	 0.041183 	 0.041270
  423 	 0.006200 	 0.040851 	 0.041270
  424 	 0.000784 	 0.039892 	 0.041270
  425 	 0.003127 	 0.040579 	 0.041270
  426 	 0.000098 	 0.040232 	 0.041270
  427 	 0.040419 	 0.041249 	 0.041270
  428 	 0.032792 	 0.041172 	 0.041270
  429 	 0.000784 	 0.040819 	 0.041270
  430 	 0.000392 	 0.040563 	 0.041270
  431 	 0.027616 	 0.041107 	 0.041270
  432 	 0.007153 	 0.040080 	 0.041270
  433 	 0.032719 	 0.041143 	 0.041270
  434 	 0.003127 	 0.040231 	 0.041270
  435 	 0.017078 	 0.041000 	 0.041270
  436 	 0.000784 	 0.040508 	 0.041270
  437 	 0.040645 	 0.041255 	 0.041270
  438 	 0.012001 	 0.040973 	 0.041270
  439 	 0.000784 	 0.039720 	 0.041270
  440 	 0.000049 	 0.039737 	 0.041270
  441 	 0.009884 	 0.040908 	 0.041270
  442 	 0.000784 	 0.040104 	 0.041270
  443 	 0.020574 	 0.041037 	 0.041270
  444 	 0.030180 	 0.040994 	 0.041270
  445 	 0.001567 	 0.040766 	 0.041270
  446 	 0.012001 	 0.040713 	 0.041270
  447 	 0.000049 	 0.040041 	 0.041270
  448 	 0.039511 	 0.041230 	 0.041270
  449 	 0.000196 	 0.039665 	 0.041270
  450 	 0.032719 	 0.041155 	 0.041270
  451 	 0.003127 	 0.040777 	 0.041270
  452 	 0.007153 	 0.040686 	 0.041270
  453 	 0.006198 	 0.039722 	 0.041270
  454 	 0.000049 	 0.040413 	 0.041270
  455 	 0.007153 	 0.040911 	 0.041270
  456 	 0.000392 	 0.040265 	 0.041270
  457 	 0.003127 	 0.040559 	 0.041270
  458 	 0.009887 	 0.040899 	 0.041270
  459 	 0.012001 	 0.040786 	 0.041270
  460 	 0.030180 	 0.041138 	 0.041270
  461 	 0.000392 	 0.039940 	 0.041270
  462 	 0.000196 	 0.040361 	 0.041270
  463 	 0.032719 	 0.041139 	 0.041270
  464 	 0.000392 	 0.040580 	 0.041270
  465 	 0.000784 	 0.040415 	 0.041270
  466 	 0.000098 	 0.038951 	 0.041270
  467 	 0.000049 	 0.040832 	 0.041270
  468 	 0.000392 	 0.040180 	 0.041270
  469 	 0.007153 	 0.040691 	 0.041270
  470 	 0.001567 	 0.040507 	 0.041270
  471 	 0.040379 	 0.041250 	 0.041270
  472 	 0.006200 	 0.040810 	 0.041270
  473 	 0.000196 	 0.040455 	 0.041270
  474 	 0.007153 	 0.039716 	 0.041270
  475 	 0.009884 	 0.040627 	 0.041270
  476 	 0.019397 	 0.040896 	 0.041270
  477 	 0.000100 	 0.040402 	 0.041270
  478 	 0.003128 	 0.040522 	 0.041270
  479 	 0.000196 	 0.040276 	 0.041270
  480 	 0.001567 	 0.040651 	 0.041270
  481 	 0.001567 	 0.039789 	 0.041270
  482 	 0.007153 	 0.040499 	 0.041270
  483 	 0.001567 	 0.040580 	 0.041270
  484 	 0.000049 	 0.039799 	 0.041270
  485 	 0.000392 	 0.040410 	 0.041270
  486 	 0.000784 	 0.040252 	 0.041270
  487 	 0.024868 	 0.040962 	 0.041270
  488 	 0.001567 	 0.040772 	 0.041270
  489 	 0.000049 	 0.039408 	 0.041270
  490 	 0.000098 	 0.040381 	 0.041270
  491 	 0.017078 	 0.040653 	 0.041270
  492 	 0.000392 	 0.040551 	 0.041270
  493 	 0.000784 	 0.040829 	 0.041270
  494 	 0.015765 	 0.040765 	 0.041270
  495 	 0.017078 	 0.040985 	 0.041270
  496 	 0.000049 	 0.040124 	 0.041270
  497 	 0.020595 	 0.040739 	 0.041270
  498 	 0.019479 	 0.040692 	 0.041270
  499 	 0.012001 	 0.040801 	 0.041270
 