   0 	 0.000049 	 0.000413 	 0.012286
    1 	 0.000107 	 0.000482 	 0.012286
    2 	 0.000195 	 0.000969 	 0.012286
    3 	 0.000412 	 0.001703 	 0.012824
    4 	 0.000051 	 0.002324 	 0.012824
    5 	 0.000342 	 0.003753 	 0.014426
    6 	 0.000099 	 0.006110 	 0.014426
    7 	 0.000381 	 0.008313 	 0.015350
    8 	 0.000371 	 0.010350 	 0.018257
    9 	 0.004122 	 0.012473 	 0.020550
   10 	 0.000763 	 0.013872 	 0.027693
   11 	 0.007450 	 0.015179 	 0.025590
   12 	 0.000194 	 0.016147 	 0.025590
   13 	 0.000049 	 0.017020 	 0.027221
   14 	 0.008681 	 0.018644 	 0.033044
   15 	 0.000098 	 0.020103 	 0.033044
   16 	 0.009584 	 0.020275 	 0.026052
   17 	 0.000195 	 0.020811 	 0.029606
   18 	 0.013827 	 0.022460 	 0.029606
   19 	 0.000098 	 0.023628 	 0.029027
   20 	 0.017885 	 0.024851 	 0.031181
   21 	 0.000776 	 0.025217 	 0.033756
   22 	 0.009890 	 0.026231 	 0.038790
   23 	 0.000049 	 0.026182 	 0.033756
   24 	 0.000196 	 0.026456 	 0.033756
   25 	 0.018566 	 0.027484 	 0.035095
   26 	 0.000098 	 0.027368 	 0.035095
   27 	 0.017701 	 0.029008 	 0.036971
   28 	 0.000396 	 0.029323 	 0.035095
   29 	 0.000778 	 0.032153 	 0.036835
   30 	 0.006364 	 0.033299 	 0.037121
   31 	 0.001545 	 0.033584 	 0.038170
   32 	 0.021952 	 0.035005 	 0.038170
   33 	 0.030537 	 0.035938 	 0.038329
   34 	 0.000196 	 0.036355 	 0.038898
   35 	 0.022195 	 0.037094 	 0.038924
   36 	 0.020227 	 0.037769 	 0.038920
   37 	 0.006073 	 0.037852 	 0.039221
   38 	 0.020390 	 0.038248 	 0.039123
   39 	 0.010374 	 0.038299 	 0.039196
   40 	 0.001567 	 0.038483 	 0.039412
   41 	 0.000049 	 0.038553 	 0.039403
   42 	 0.000098 	 0.038358 	 0.039675
   43 	 0.037314 	 0.039128 	 0.039736
   44 	 0.000784 	 0.038670 	 0.039736
   45 	 0.007150 	 0.038848 	 0.039736
   46 	 0.000392 	 0.038633 	 0.039812
   47 	 0.017030 	 0.039159 	 0.041088
   48 	 0.020114 	 0.039287 	 0.041088
   49 	 0.000196 	 0.038746 	 0.041256
   50 	 0.003119 	 0.038936 	 0.041371
   51 	 0.000098 	 0.039028 	 0.041371
   52 	 0.038917 	 0.040148 	 0.041429
   53 	 0.007080 	 0.039689 	 0.041429
   54 	 0.011789 	 0.040571 	 0.041429
   55 	 0.000196 	 0.040522 	 0.041429
   56 	 0.021151 	 0.040877 	 0.041481
   57 	 0.021032 	 0.041155 	 0.041559
   58 	 0.007072 	 0.040965 	 0.041559
   59 	 0.013987 	 0.040793 	 0.041571
   60 	 0.015938 	 0.041044 	 0.041578
   61 	 0.000196 	 0.040406 	 0.041638
   62 	 0.006207 	 0.040735 	 0.041702
   63 	 0.019600 	 0.041158 	 0.041705
   64 	 0.000196 	 0.040963 	 0.041705
   65 	 0.021423 	 0.041388 	 0.041714
   66 	 0.006202 	 0.041129 	 0.041714
   67 	 0.000784 	 0.041252 	 0.041757
   68 	 0.006190 	 0.040657 	 0.041757
   69 	 0.000196 	 0.041057 	 0.041819
   70 	 0.001566 	 0.040940 	 0.041819
   71 	 0.040759 	 0.041713 	 0.041820
   72 	 0.000392 	 0.040256 	 0.041859
   73 	 0.000784 	 0.041007 	 0.041859
   74 	 0.036440 	 0.041685 	 0.041872
   75 	 0.000098 	 0.041311 	 0.041875
   76 	 0.017202 	 0.041324 	 0.041875
   77 	 0.000196 	 0.040295 	 0.041877
   78 	 0.001567 	 0.040860 	 0.041875
   79 	 0.012007 	 0.041292 	 0.041875
   80 	 0.020817 	 0.041492 	 0.041875
   81 	 0.024814 	 0.041611 	 0.041877
   82 	 0.036275 	 0.041807 	 0.041883
   83 	 0.000098 	 0.041306 	 0.041927
   84 	 0.000392 	 0.041328 	 0.041927
   85 	 0.000392 	 0.041354 	 0.041929
   86 	 0.000784 	 0.041187 	 0.041929
   87 	 0.032061 	 0.041714 	 0.041929
   88 	 0.000784 	 0.041363 	 0.041931
   89 	 0.001567 	 0.040941 	 0.041931
   90 	 0.003127 	 0.041005 	 0.041931
   91 	 0.003201 	 0.040817 	 0.041931
   92 	 0.000392 	 0.041397 	 0.041931
   93 	 0.017218 	 0.041549 	 0.041933
   94 	 0.000392 	 0.041314 	 0.041957
   95 	 0.009224 	 0.041559 	 0.041957
   96 	 0.000196 	 0.041440 	 0.041957
   97 	 0.000392 	 0.040478 	 0.041957
   98 	 0.000049 	 0.040523 	 0.041959
   99 	 0.000049 	 0.040071 	 0.041959
  100 	 0.000098 	 0.041043 	 0.041963
  101 	 0.003133 	 0.040844 	 0.041963
  102 	 0.041931 	 0.041955 	 0.041965
  103 	 0.009221 	 0.041142 	 0.041968
  104 	 0.000049 	 0.041168 	 0.041968
  105 	 0.009220 	 0.040520 	 0.041968
  106 	 0.007125 	 0.040906 	 0.041982
  107 	 0.040815 	 0.041955 	 0.041982
  108 	 0.000049 	 0.040579 	 0.041982
  109 	 0.014251 	 0.041335 	 0.041983
  110 	 0.000392 	 0.040861 	 0.041983
  111 	 0.009217 	 0.041181 	 0.041985
  112 	 0.003127 	 0.041294 	 0.041985
  113 	 0.015755 	 0.040912 	 0.041983
  114 	 0.009228 	 0.041539 	 0.041983
  115 	 0.033564 	 0.041849 	 0.041984
  116 	 0.020872 	 0.041594 	 0.041984
  117 	 0.000784 	 0.041204 	 0.041984
  118 	 0.007126 	 0.041382 	 0.041984
  119 	 0.012018 	 0.041449 	 0.041984
  120 	 0.000392 	 0.041412 	 0.041984
  121 	 0.001567 	 0.041455 	 0.041984
  122 	 0.009220 	 0.041363 	 0.041984
  123 	 0.010591 	 0.041631 	 0.041987
  124 	 0.006202 	 0.041243 	 0.041987
  125 	 0.000784 	 0.041331 	 0.041987
  126 	 0.033015 	 0.041871 	 0.041987
  127 	 0.015765 	 0.041387 	 0.041987
  128 	 0.000392 	 0.041222 	 0.041987
  129 	 0.030445 	 0.041859 	 0.041990
  130 	 0.009921 	 0.041302 	 0.041990
  131 	 0.009220 	 0.041280 	 0.041990
  132 	 0.015750 	 0.041431 	 0.041990
  133 	 0.000098 	 0.040511 	 0.041990
  134 	 0.033025 	 0.041804 	 0.041990
  135 	 0.012003 	 0.041299 	 0.041990
  136 	 0.005892 	 0.041298 	 0.041990
  137 	 0.000392 	 0.041189 	 0.041990
  138 	 0.000392 	 0.040976 	 0.041990
  139 	 0.020868 	 0.041745 	 0.041990
  140 	 0.019568 	 0.041686 	 0.041991
  141 	 0.000098 	 0.041550 	 0.041991
  142 	 0.000098 	 0.040900 	 0.041991
  143 	 0.000050 	 0.040658 	 0.041991
  144 	 0.000196 	 0.040135 	 0.041991
  145 	 0.017199 	 0.041635 	 0.041991
  146 	 0.000392 	 0.041275 	 0.041991
  147 	 0.000784 	 0.041548 	 0.041991
  148 	 0.037828 	 0.041943 	 0.041991
  149 	 0.033030 	 0.041865 	 0.041991
  150 	 0.021529 	 0.041583 	 0.041991
  151 	 0.000196 	 0.040271 	 0.041991
  152 	 0.017199 	 0.041493 	 0.041991
  153 	 0.020869 	 0.041523 	 0.041991
  154 	 0.032212 	 0.041871 	 0.041991
  155 	 0.000098 	 0.040418 	 0.041991
  156 	 0.000098 	 0.040434 	 0.041991
  157 	 0.003133 	 0.041598 	 0.041991
  158 	 0.019568 	 0.041540 	 0.041991
  159 	 0.000049 	 0.041289 	 0.041991
  160 	 0.000196 	 0.041473 	 0.041991
  161 	 0.007126 	 0.040396 	 0.041991
  162 	 0.012019 	 0.041265 	 0.041991
  163 	 0.024914 	 0.041593 	 0.041991
  164 	 0.000784 	 0.041125 	 0.041991
  165 	 0.009220 	 0.041550 	 0.041991
  166 	 0.007127 	 0.041250 	 0.041992
  167 	 0.033024 	 0.041726 	 0.041992
  168 	 0.000196 	 0.040828 	 0.041992
  169 	 0.041539 	 0.041985 	 0.041992
  170 	 0.019602 	 0.041709 	 0.041992
  171 	 0.000196 	 0.040280 	 0.041992
  172 	 0.000098 	 0.040277 	 0.041992
  173 	 0.000098 	 0.040580 	 0.041992
  174 	 0.000049 	 0.041020 	 0.041992
  175 	 0.036577 	 0.041883 	 0.041992
  176 	 0.032200 	 0.041876 	 0.041992
  177 	 0.000784 	 0.041563 	 0.041992
  178 	 0.017204 	 0.041455 	 0.041992
  179 	 0.040087 	 0.041962 	 0.041992
  180 	 0.017204 	 0.041571 	 0.041992
  181 	 0.000098 	 0.040739 	 0.041992
  182 	 0.036577 	 0.041901 	 0.041992
  183 	 0.009220 	 0.041606 	 0.041992
  184 	 0.000196 	 0.041385 	 0.041992
  185 	 0.001567 	 0.040977 	 0.041992
  186 	 0.000049 	 0.040925 	 0.041992
  187 	 0.007127 	 0.040784 	 0.041992
  188 	 0.009220 	 0.041385 	 0.041992
  189 	 0.021537 	 0.041742 	 0.041992
  190 	 0.003127 	 0.041063 	 0.041992
  191 	 0.003127 	 0.041367 	 0.041992
  192 	 0.007127 	 0.040995 	 0.041992
  193 	 0.003127 	 0.041027 	 0.041992
  194 	 0.021533 	 0.041592 	 0.041992
  195 	 0.001542 	 0.041172 	 0.041992
  196 	 0.037824 	 0.041914 	 0.041992
  197 	 0.000098 	 0.041507 	 0.041992
  198 	 0.021537 	 0.041724 	 0.041992
  199 	 0.000049 	 0.040791 	 0.041992
  200 	 0.014258 	 0.041714 	 0.041992
  201 	 0.012019 	 0.040705 	 0.041992
  202 	 0.036577 	 0.041885 	 0.041992
  203 	 0.021537 	 0.041771 	 0.041992
  204 	 0.024915 	 0.041641 	 0.041992
  205 	 0.030061 	 0.041799 	 0.041992
  206 	 0.024915 	 0.041573 	 0.041992
  207 	 0.009220 	 0.041643 	 0.041992
  208 	 0.032200 	 0.041889 	 0.041992
  209 	 0.000049 	 0.040937 	 0.041992
  210 	 0.000049 	 0.040918 	 0.041992
  211 	 0.000196 	 0.041501 	 0.041992
  212 	 0.014258 	 0.041663 	 0.041992
  213 	 0.000196 	 0.041369 	 0.041992
  214 	 0.003127 	 0.041212 	 0.041992
  215 	 0.006201 	 0.040443 	 0.041992
  216 	 0.003127 	 0.040823 	 0.041992
  217 	 0.000098 	 0.040855 	 0.041992
  218 	 0.033329 	 0.041866 	 0.041992
  219 	 0.000098 	 0.040643 	 0.041992
  220 	 0.021540 	 0.041506 	 0.041992
  221 	 0.012019 	 0.041368 	 0.041992
  222 	 0.000196 	 0.040692 	 0.041992
  223 	 0.000196 	 0.041011 	 0.041992
  224 	 0.000196 	 0.040207 	 0.041992
  225 	 0.012017 	 0.041640 	 0.041992
  226 	 0.000098 	 0.040778 	 0.041992
  227 	 0.003127 	 0.040503 	 0.041992
  228 	 0.024915 	 0.041789 	 0.041992
  229 	 0.012019 	 0.041645 	 0.041992
  230 	 0.000392 	 0.040984 	 0.041992
  231 	 0.012017 	 0.041268 	 0.041992
  232 	 0.000392 	 0.041292 	 0.041992
  233 	 0.003127 	 0.040884 	 0.041992
  234 	 0.038579 	 0.041943 	 0.041992
  235 	 0.006203 	 0.041602 	 0.041992
  236 	 0.030061 	 0.041610 	 0.041992
  237 	 0.009921 	 0.041006 	 0.041992
  238 	 0.015762 	 0.041203 	 0.041992
  239 	 0.007127 	 0.041103 	 0.041992
  240 	 0.003127 	 0.040821 	 0.041992
  241 	 0.000098 	 0.040416 	 0.041992
  242 	 0.000049 	 0.041125 	 0.041992
  243 	 0.009220 	 0.041102 	 0.041992
  244 	 0.000784 	 0.041438 	 0.041992
  245 	 0.040054 	 0.041954 	 0.041992
  246 	 0.012017 	 0.041083 	 0.041992
  247 	 0.006203 	 0.041117 	 0.041992
  248 	 0.032200 	 0.041886 	 0.041992
  249 	 0.000098 	 0.041279 	 0.041992
  250 	 0.024919 	 0.041589 	 0.041992
  251 	 0.000049 	 0.041144 	 0.041992
  252 	 0.000098 	 0.041203 	 0.041992
  253 	 0.000392 	 0.040934 	 0.041992
  254 	 0.000196 	 0.041567 	 0.041992
  255 	 0.000049 	 0.040837 	 0.041992
  256 	 0.020867 	 0.041474 	 0.041992
  257 	 0.036577 	 0.041932 	 0.041992
  258 	 0.037824 	 0.041839 	 0.041992
  259 	 0.000196 	 0.041372 	 0.041992
  260 	 0.015749 	 0.041627 	 0.041992
  261 	 0.009220 	 0.041647 	 0.041992
  262 	 0.027993 	 0.041584 	 0.041992
  263 	 0.007127 	 0.040748 	 0.041992
  264 	 0.019573 	 0.041459 	 0.041992
  265 	 0.000049 	 0.040923 	 0.041992
  266 	 0.006203 	 0.041218 	 0.041992
  267 	 0.033025 	 0.041802 	 0.041992
  268 	 0.000784 	 0.041154 	 0.041992
  269 	 0.001567 	 0.041545 	 0.041992
  270 	 0.000392 	 0.041254 	 0.041992
  271 	 0.007127 	 0.041323 	 0.041992
  272 	 0.000098 	 0.040335 	 0.041992
  273 	 0.000049 	 0.041223 	 0.041992
  274 	 0.009220 	 0.040823 	 0.042080
  275 	 0.000098 	 0.041444 	 0.042080
  276 	 0.001567 	 0.041525 	 0.042080
  277 	 0.000049 	 0.040661 	 0.042080
  278 	 0.000784 	 0.040876 	 0.042080
  279 	 0.017204 	 0.041336 	 0.042080
  280 	 0.009920 	 0.041603 	 0.042080
  281 	 0.000098 	 0.041325 	 0.042080
  282 	 0.015749 	 0.041201 	 0.042080
  283 	 0.020857 	 0.041744 	 0.042080
  284 	 0.000392 	 0.041348 	 0.042080
  285 	 0.024939 	 0.041789 	 0.042080
  286 	 0.015770 	 0.041769 	 0.042080
  287 	 0.021943 	 0.041715 	 0.042080
  288 	 0.009224 	 0.041197 	 0.042080
  289 	 0.020913 	 0.041719 	 0.042080
  290 	 0.000392 	 0.041437 	 0.042080
  291 	 0.033077 	 0.041893 	 0.042080
  292 	 0.000392 	 0.040817 	 0.042080
  293 	 0.000392 	 0.040938 	 0.042080
  294 	 0.000196 	 0.041365 	 0.042080
  295 	 0.039555 	 0.042050 	 0.042080
  296 	 0.031608 	 0.041844 	 0.042080
  297 	 0.000049 	 0.040792 	 0.042080
  298 	 0.006864 	 0.041439 	 0.042080
  299 	 0.036695 	 0.042002 	 0.042080
  300 	 0.041869 	 0.042077 	 0.042080
  301 	 0.001567 	 0.041473 	 0.042080
  302 	 0.015761 	 0.041810 	 0.042080
  303 	 0.000196 	 0.040944 	 0.042080
  304 	 0.000049 	 0.040304 	 0.042080
  305 	 0.006203 	 0.041470 	 0.042080
  306 	 0.000098 	 0.041589 	 0.042080
  307 	 0.009918 	 0.041577 	 0.042080
  308 	 0.014234 	 0.041608 	 0.042080
  309 	 0.000392 	 0.039971 	 0.042080
  310 	 0.000784 	 0.041642 	 0.042080
  311 	 0.000049 	 0.040379 	 0.042080
  312 	 0.037993 	 0.042005 	 0.042080
  313 	 0.000196 	 0.040870 	 0.042080
  314 	 0.000098 	 0.040886 	 0.042080
  315 	 0.003127 	 0.041366 	 0.042080
  316 	 0.041275 	 0.042070 	 0.042080
  317 	 0.000196 	 0.041119 	 0.042080
  318 	 0.000049 	 0.041366 	 0.042080
  319 	 0.019568 	 0.041790 	 0.042080
  320 	 0.036695 	 0.041974 	 0.042080
  321 	 0.014234 	 0.041593 	 0.042080
  322 	 0.020919 	 0.041807 	 0.042080
  323 	 0.000098 	 0.041580 	 0.042080
  324 	 0.030150 	 0.041734 	 0.042080
  325 	 0.009918 	 0.041217 	 0.042080
  326 	 0.033085 	 0.041952 	 0.042080
  327 	 0.028072 	 0.041858 	 0.042080
  328 	 0.024948 	 0.041848 	 0.042080
  329 	 0.000098 	 0.041052 	 0.042080
  330 	 0.001567 	 0.040951 	 0.042080
  331 	 0.000784 	 0.041370 	 0.042080
  332 	 0.000392 	 0.041512 	 0.042080
  333 	 0.017235 	 0.041535 	 0.042080
  334 	 0.036695 	 0.041966 	 0.042080
  335 	 0.000392 	 0.040654 	 0.042080
  336 	 0.015761 	 0.041616 	 0.042080
  337 	 0.033338 	 0.041973 	 0.042080
  338 	 0.007121 	 0.041668 	 0.042080
  339 	 0.017235 	 0.041813 	 0.042080
  340 	 0.030158 	 0.041874 	 0.042080
  341 	 0.009918 	 0.041696 	 0.042080
  342 	 0.033085 	 0.041923 	 0.042080
  343 	 0.009918 	 0.041595 	 0.042080
  344 	 0.001567 	 0.041613 	 0.042080
  345 	 0.000098 	 0.040224 	 0.042080
  346 	 0.006203 	 0.041547 	 0.042080
  347 	 0.000098 	 0.041227 	 0.042080
  348 	 0.000784 	 0.041425 	 0.042080
  349 	 0.030158 	 0.041801 	 0.042080
  350 	 0.000098 	 0.040935 	 0.042080
  351 	 0.036497 	 0.041994 	 0.042080
  352 	 0.000098 	 0.040244 	 0.042080
  353 	 0.000784 	 0.040999 	 0.042080
  354 	 0.030490 	 0.041864 	 0.042080
  355 	 0.019568 	 0.041792 	 0.042080
  356 	 0.020533 	 0.041481 	 0.042080
  357 	 0.017235 	 0.041762 	 0.042080
  358 	 0.000784 	 0.041341 	 0.042080
  359 	 0.037901 	 0.041985 	 0.042080
  360 	 0.000098 	 0.041097 	 0.042080
  361 	 0.012022 	 0.041504 	 0.042080
  362 	 0.000098 	 0.040246 	 0.042080
  363 	 0.014234 	 0.041608 	 0.042080
  364 	 0.000784 	 0.041588 	 0.042080
  365 	 0.000196 	 0.040928 	 0.042080
  366 	 0.030622 	 0.041935 	 0.042080
  367 	 0.000049 	 0.041552 	 0.042080
  368 	 0.009228 	 0.041492 	 0.042080
  369 	 0.009918 	 0.041520 	 0.042080
  370 	 0.003127 	 0.041288 	 0.042080
  371 	 0.003127 	 0.040972 	 0.042080
  372 	 0.003127 	 0.041037 	 0.042080
  373 	 0.033085 	 0.041946 	 0.042080
  374 	 0.012022 	 0.041733 	 0.042080
  375 	 0.000392 	 0.040772 	 0.042080
  376 	 0.001567 	 0.040720 	 0.042080
  377 	 0.012022 	 0.041408 	 0.042080
  378 	 0.006203 	 0.041516 	 0.042080
  379 	 0.006203 	 0.041032 	 0.042080
  380 	 0.021552 	 0.041711 	 0.042080
  381 	 0.001567 	 0.041226 	 0.042080
  382 	 0.032233 	 0.041940 	 0.042080
  383 	 0.028072 	 0.041851 	 0.042080
  384 	 0.015761 	 0.041229 	 0.042080
  385 	 0.006203 	 0.041690 	 0.042080
  386 	 0.000049 	 0.041521 	 0.042080
  387 	 0.033085 	 0.041789 	 0.042080
  388 	 0.007121 	 0.041076 	 0.042080
  389 	 0.016014 	 0.041801 	 0.042080
  390 	 0.000098 	 0.041174 	 0.042080
  391 	 0.009228 	 0.041427 	 0.042080
  392 	 0.000098 	 0.041342 	 0.042080
  393 	 0.001567 	 0.041244 	 0.042080
  394 	 0.003127 	 0.041139 	 0.042080
  395 	 0.000784 	 0.041300 	 0.042080
  396 	 0.006203 	 0.041384 	 0.042080
  397 	 0.000098 	 0.040967 	 0.042080
  398 	 0.000098 	 0.041505 	 0.042080
  399 	 0.000784 	 0.041208 	 0.042080
  400 	 0.021552 	 0.041856 	 0.042080
  401 	 0.009228 	 0.040919 	 0.042080
  402 	 0.001567 	 0.040800 	 0.042080
  403 	 0.000196 	 0.041153 	 0.042080
  404 	 0.003127 	 0.041683 	 0.042080
  405 	 0.000392 	 0.040791 	 0.042080
  406 	 0.000098 	 0.040995 	 0.042080
  407 	 0.017235 	 0.041554 	 0.042080
  408 	 0.003127 	 0.040905 	 0.042080
  409 	 0.001567 	 0.040727 	 0.042080
  410 	 0.000098 	 0.041271 	 0.042080
  411 	 0.000098 	 0.041477 	 0.042080
  412 	 0.000392 	 0.041556 	 0.042080
  413 	 0.000392 	 0.041329 	 0.042080
  414 	 0.000196 	 0.041392 	 0.042080
  415 	 0.020919 	 0.041500 	 0.042080
  416 	 0.019568 	 0.041824 	 0.042080
  417 	 0.000049 	 0.040798 	 0.042080
  418 	 0.000098 	 0.041231 	 0.042080
  419 	 0.000196 	 0.040769 	 0.042080
  420 	 0.028072 	 0.041829 	 0.042080
  421 	 0.000098 	 0.041584 	 0.042080
  422 	 0.015761 	 0.041763 	 0.042080
  423 	 0.009918 	 0.040753 	 0.042080
  424 	 0.000196 	 0.041126 	 0.042080
  425 	 0.012022 	 0.041604 	 0.042080
  426 	 0.003127 	 0.040833 	 0.042080
  427 	 0.007121 	 0.041674 	 0.042080
  428 	 0.000392 	 0.041518 	 0.042080
  429 	 0.012022 	 0.041244 	 0.042080
  430 	 0.007011 	 0.041451 	 0.042080
  431 	 0.000392 	 0.041487 	 0.042080
  432 	 0.037992 	 0.042025 	 0.042080
  433 	 0.003127 	 0.041559 	 0.042080
  434 	 0.019568 	 0.041714 	 0.042080
  435 	 0.033338 	 0.041928 	 0.042080
  436 	 0.036695 	 0.042002 	 0.042080
  437 	 0.019568 	 0.041713 	 0.042080
  438 	 0.000784 	 0.041640 	 0.042080
  439 	 0.009228 	 0.041261 	 0.042080
  440 	 0.012022 	 0.041514 	 0.042080
  441 	 0.033085 	 0.041944 	 0.042080
  442 	 0.000784 	 0.041000 	 0.042080
  443 	 0.000784 	 0.041273 	 0.042080
  444 	 0.000392 	 0.041412 	 0.042080
  445 	 0.033085 	 0.041918 	 0.042080
  446 	 0.019568 	 0.041751 	 0.042080
  447 	 0.003127 	 0.040803 	 0.042080
  448 	 0.000196 	 0.040801 	 0.042080
  449 	 0.000098 	 0.040711 	 0.042080
  450 	 0.000196 	 0.041022 	 0.042080
  451 	 0.000394 	 0.041618 	 0.042080
  452 	 0.000784 	 0.041026 	 0.042080
  453 	 0.040776 	 0.042038 	 0.042080
  454 	 0.000049 	 0.040896 	 0.042080
  455 	 0.000196 	 0.041028 	 0.042080
  456 	 0.012022 	 0.041716 	 0.042080
  457 	 0.033338 	 0.041904 	 0.042080
  458 	 0.006203 	 0.041573 	 0.042080
  459 	 0.007121 	 0.041689 	 0.042080
  460 	 0.001567 	 0.040625 	 0.042080
  461 	 0.034251 	 0.041911 	 0.042080
  462 	 0.000392 	 0.041082 	 0.042080
  463 	 0.009228 	 0.041748 	 0.042080
  464 	 0.000098 	 0.041010 	 0.042080
  465 	 0.000196 	 0.040710 	 0.042080
  466 	 0.000394 	 0.040943 	 0.042080
  467 	 0.037901 	 0.042028 	 0.042080
  468 	 0.000049 	 0.040790 	 0.042080
  469 	 0.028072 	 0.041815 	 0.042080
  470 	 0.017235 	 0.041277 	 0.042080
  471 	 0.030490 	 0.041924 	 0.042080
  472 	 0.000098 	 0.041575 	 0.042080
  473 	 0.009918 	 0.041352 	 0.042080
  474 	 0.009918 	 0.041474 	 0.042080
  475 	 0.041646 	 0.042070 	 0.042080
  476 	 0.009228 	 0.041737 	 0.042080
  477 	 0.033085 	 0.041954 	 0.042080
  478 	 0.000049 	 0.041254 	 0.042080
  479 	 0.041650 	 0.042073 	 0.042080
  480 	 0.020919 	 0.041697 	 0.042080
  481 	 0.036695 	 0.041978 	 0.042080
  482 	 0.024948 	 0.041746 	 0.042080
  483 	 0.000098 	 0.041390 	 0.042080
  484 	 0.000196 	 0.040744 	 0.042080
  485 	 0.006203 	 0.041697 	 0.042080
  486 	 0.000098 	 0.040331 	 0.042080
  487 	 0.000196 	 0.041586 	 0.042080
  488 	 0.015761 	 0.040812 	 0.042080
  489 	 0.003127 	 0.041481 	 0.042080
  490 	 0.007121 	 0.041611 	 0.042080
  491 	 0.000392 	 0.041203 	 0.042080
  492 	 0.009228 	 0.041351 	 0.042080
  493 	 0.003127 	 0.041653 	 0.042080
  494 	 0.000049 	 0.040674 	 0.042080
  495 	 0.019499 	 0.041557 	 0.042080
  496 	 0.019575 	 0.041528 	 0.042080
  497 	 0.028072 	 0.041903 	 0.046256
  498 	 0.009228 	 0.041521 	 0.046256
  499 	 0.000098 	 0.040940 	 0.046256
 