   0 	 0.000049 	 0.000330 	 0.014147
    1 	 0.000089 	 0.000718 	 0.014147
    2 	 0.000194 	 0.001472 	 0.018483
    3 	 0.000089 	 0.001826 	 0.014152
    4 	 0.000050 	 0.003072 	 0.014698
    5 	 0.000049 	 0.004390 	 0.015276
    6 	 0.002414 	 0.007091 	 0.017085
    7 	 0.000097 	 0.009979 	 0.016674
    8 	 0.000049 	 0.012722 	 0.029069
    9 	 0.010395 	 0.014445 	 0.017987
   10 	 0.000098 	 0.014544 	 0.018155
   11 	 0.000389 	 0.015024 	 0.018006
   12 	 0.010725 	 0.015741 	 0.018103
   13 	 0.010901 	 0.016237 	 0.018227
   14 	 0.010531 	 0.016857 	 0.018103
   15 	 0.005250 	 0.017426 	 0.018298
   16 	 0.000049 	 0.016963 	 0.018298
   17 	 0.000195 	 0.017048 	 0.018298
   18 	 0.008281 	 0.017906 	 0.018385
   19 	 0.006224 	 0.017346 	 0.021530
   20 	 0.000098 	 0.017703 	 0.019593
   21 	 0.016314 	 0.018339 	 0.019822
   22 	 0.008323 	 0.018375 	 0.019506
   23 	 0.000195 	 0.018220 	 0.019595
   24 	 0.015132 	 0.018969 	 0.019739
   25 	 0.006024 	 0.018993 	 0.019909
   26 	 0.009209 	 0.019026 	 0.019909
   27 	 0.000098 	 0.019261 	 0.019935
   28 	 0.019341 	 0.019706 	 0.020161
   29 	 0.000195 	 0.019135 	 0.020140
   30 	 0.011535 	 0.019713 	 0.020209
   31 	 0.017390 	 0.019902 	 0.020228
   32 	 0.000195 	 0.019558 	 0.020228
   33 	 0.000049 	 0.019858 	 0.020352
   34 	 0.012552 	 0.020007 	 0.020352
   35 	 0.015457 	 0.020138 	 0.020389
   36 	 0.005519 	 0.019951 	 0.020662
   37 	 0.019781 	 0.020308 	 0.020618
   38 	 0.017871 	 0.020358 	 0.020662
   39 	 0.009147 	 0.020206 	 0.020662
   40 	 0.000098 	 0.020267 	 0.020689
   41 	 0.005217 	 0.020395 	 0.020692
   42 	 0.019376 	 0.020642 	 0.024040
   43 	 0.006119 	 0.020454 	 0.021297
   44 	 0.005287 	 0.020541 	 0.024039
   45 	 0.001500 	 0.020398 	 0.021259
   46 	 0.020464 	 0.020798 	 0.021295
   47 	 0.001516 	 0.020647 	 0.021295
   48 	 0.019880 	 0.021056 	 0.021434
   49 	 0.000049 	 0.020759 	 0.021505
   50 	 0.002943 	 0.021124 	 0.021488
   51 	 0.019401 	 0.021325 	 0.021511
   52 	 0.005433 	 0.020973 	 0.021511
   53 	 0.000098 	 0.020827 	 0.021511
   54 	 0.002960 	 0.021066 	 0.021512
   55 	 0.000772 	 0.021158 	 0.021528
   56 	 0.000098 	 0.021265 	 0.021557
   57 	 0.000049 	 0.021281 	 0.021558
   58 	 0.000049 	 0.021287 	 0.021577
   59 	 0.002958 	 0.021197 	 0.021580
   60 	 0.021482 	 0.021544 	 0.021580
   61 	 0.005458 	 0.021385 	 0.021592
   62 	 0.005518 	 0.021142 	 0.021592
   63 	 0.011760 	 0.021467 	 0.021630
   64 	 0.010874 	 0.021413 	 0.021622
   65 	 0.001525 	 0.021031 	 0.021732
   66 	 0.001525 	 0.021391 	 0.021732
   67 	 0.000389 	 0.021001 	 0.021825
   68 	 0.009139 	 0.021422 	 0.021825
   69 	 0.000773 	 0.021402 	 0.021825
   70 	 0.020724 	 0.021704 	 0.021857
   71 	 0.000049 	 0.021297 	 0.021872
   72 	 0.000049 	 0.021312 	 0.021886
   73 	 0.006526 	 0.021426 	 0.021926
   74 	 0.006548 	 0.021609 	 0.021926
   75 	 0.000049 	 0.021383 	 0.021980
   76 	 0.001525 	 0.021491 	 0.021970
   77 	 0.000049 	 0.021692 	 0.021979
   78 	 0.020101 	 0.021916 	 0.022025
   79 	 0.009053 	 0.021822 	 0.022025
   80 	 0.000773 	 0.021673 	 0.022084
   81 	 0.006575 	 0.021758 	 0.022078
   82 	 0.000389 	 0.021711 	 0.022078
   83 	 0.013194 	 0.021850 	 0.022094
   84 	 0.005518 	 0.021824 	 0.022094
   85 	 0.015881 	 0.022001 	 0.022137
   86 	 0.017946 	 0.022030 	 0.022154
   87 	 0.001525 	 0.021765 	 0.022154
   88 	 0.000195 	 0.021724 	 0.022163
   89 	 0.005523 	 0.021767 	 0.022165
   90 	 0.000098 	 0.021448 	 0.022169
   91 	 0.000195 	 0.021608 	 0.022169
   92 	 0.013793 	 0.022038 	 0.022175
   93 	 0.001527 	 0.021587 	 0.022175
   94 	 0.000390 	 0.021828 	 0.022179
   95 	 0.000195 	 0.021810 	 0.022179
   96 	 0.011821 	 0.022028 	 0.022179
   97 	 0.000195 	 0.021872 	 0.022181
   98 	 0.000195 	 0.021724 	 0.022182
   99 	 0.001527 	 0.021855 	 0.022182
  100 	 0.000390 	 0.021528 	 0.022186
  101 	 0.000049 	 0.021580 	 0.022193
  102 	 0.000774 	 0.021872 	 0.022189
  103 	 0.000774 	 0.021942 	 0.022193
  104 	 0.011823 	 0.021927 	 0.022193
  105 	 0.015358 	 0.022115 	 0.022197
  106 	 0.010839 	 0.021982 	 0.022198
  107 	 0.021381 	 0.022173 	 0.022198
  108 	 0.002963 	 0.021914 	 0.022198
  109 	 0.011818 	 0.022051 	 0.022201
  110 	 0.000195 	 0.021643 	 0.022201
  111 	 0.011844 	 0.022085 	 0.022203
  112 	 0.006582 	 0.021907 	 0.022203
  113 	 0.017186 	 0.022088 	 0.022203
  114 	 0.000049 	 0.021480 	 0.022204
  115 	 0.002963 	 0.022007 	 0.022204
  116 	 0.015310 	 0.022118 	 0.022206
  117 	 0.006584 	 0.021934 	 0.022206
  118 	 0.018324 	 0.022113 	 0.022210
  119 	 0.000098 	 0.021855 	 0.022210
  120 	 0.000774 	 0.021867 	 0.022211
  121 	 0.013062 	 0.022085 	 0.022211
  122 	 0.002964 	 0.021887 	 0.022211
  123 	 0.000049 	 0.021968 	 0.022211
  124 	 0.000098 	 0.021846 	 0.022211
  125 	 0.011813 	 0.021999 	 0.022216
  126 	 0.016017 	 0.022083 	 0.022216
  127 	 0.016004 	 0.022121 	 0.022216
  128 	 0.006582 	 0.021919 	 0.022216
  129 	 0.000195 	 0.021674 	 0.022218
  130 	 0.021809 	 0.022207 	 0.022218
  131 	 0.000195 	 0.021821 	 0.022218
  132 	 0.000389 	 0.021801 	 0.022218
  133 	 0.021597 	 0.022204 	 0.022218
  134 	 0.000098 	 0.021867 	 0.022218
  135 	 0.000049 	 0.021855 	 0.022218
  136 	 0.000774 	 0.021651 	 0.022218
  137 	 0.021106 	 0.022194 	 0.022218
  138 	 0.000098 	 0.021630 	 0.022218
  139 	 0.000774 	 0.021929 	 0.022218
  140 	 0.011861 	 0.021922 	 0.022218
  141 	 0.000774 	 0.021836 	 0.022218
  142 	 0.000774 	 0.021724 	 0.022218
  143 	 0.000774 	 0.021869 	 0.022218
  144 	 0.018919 	 0.022184 	 0.022220
  145 	 0.005539 	 0.021696 	 0.022220
  146 	 0.000389 	 0.021958 	 0.022220
  147 	 0.018058 	 0.022110 	 0.022220
  148 	 0.000195 	 0.021694 	 0.022220
  149 	 0.000049 	 0.021328 	 0.022220
  150 	 0.010895 	 0.022097 	 0.022220
  151 	 0.021809 	 0.022214 	 0.022220
  152 	 0.020726 	 0.022190 	 0.022220
  153 	 0.000389 	 0.021770 	 0.022220
  154 	 0.001526 	 0.021894 	 0.022220
  155 	 0.006575 	 0.022056 	 0.022220
  156 	 0.000389 	 0.021897 	 0.022220
  157 	 0.000049 	 0.021511 	 0.022220
  158 	 0.001526 	 0.021889 	 0.022220
  159 	 0.000389 	 0.021623 	 0.022220
  160 	 0.021395 	 0.022198 	 0.022220
  161 	 0.010887 	 0.021989 	 0.022220
  162 	 0.010887 	 0.022033 	 0.022220
  163 	 0.000098 	 0.021765 	 0.022220
  164 	 0.000389 	 0.021394 	 0.022220
  165 	 0.000049 	 0.021858 	 0.022220
  166 	 0.001526 	 0.021921 	 0.022220
  167 	 0.000389 	 0.021899 	 0.022220
  168 	 0.000098 	 0.021778 	 0.022220
  169 	 0.009116 	 0.022008 	 0.022220
  170 	 0.001526 	 0.021985 	 0.022220
  171 	 0.019163 	 0.022115 	 0.022220
  172 	 0.020705 	 0.022172 	 0.022220
  173 	 0.011801 	 0.022072 	 0.022220
  174 	 0.006577 	 0.021676 	 0.022221
  175 	 0.013111 	 0.022129 	 0.022221
  176 	 0.011801 	 0.022081 	 0.022221
  177 	 0.001526 	 0.021927 	 0.022221
  178 	 0.000098 	 0.021992 	 0.022221
  179 	 0.017167 	 0.022162 	 0.022221
  180 	 0.000774 	 0.021982 	 0.022221
  181 	 0.000389 	 0.021932 	 0.022221
  182 	 0.009116 	 0.022082 	 0.022221
  183 	 0.000098 	 0.021984 	 0.022221
  184 	 0.011801 	 0.022097 	 0.022221
  185 	 0.000049 	 0.021452 	 0.022221
  186 	 0.020747 	 0.022199 	 0.022221
  187 	 0.000098 	 0.021579 	 0.022221
  188 	 0.002962 	 0.021801 	 0.022221
  189 	 0.006577 	 0.021872 	 0.022221
  190 	 0.000049 	 0.021163 	 0.022221
  191 	 0.022017 	 0.022216 	 0.022221
  192 	 0.000389 	 0.021621 	 0.022221
  193 	 0.000389 	 0.021840 	 0.022221
  194 	 0.018067 	 0.022146 	 0.022221
  195 	 0.000098 	 0.021611 	 0.022221
  196 	 0.000049 	 0.021865 	 0.022221
  197 	 0.001526 	 0.021987 	 0.022221
  198 	 0.011867 	 0.021975 	 0.022221
  199 	 0.000098 	 0.021582 	 0.022221
  200 	 0.001526 	 0.021887 	 0.022221
  201 	 0.021993 	 0.022215 	 0.022221
  202 	 0.000389 	 0.021755 	 0.022221
  203 	 0.021662 	 0.022214 	 0.022221
  204 	 0.010610 	 0.021829 	 0.022221
  205 	 0.000195 	 0.021788 	 0.022221
  206 	 0.021095 	 0.022204 	 0.022221
  207 	 0.000098 	 0.021457 	 0.022221
  208 	 0.009115 	 0.022054 	 0.022221
  209 	 0.002962 	 0.021786 	 0.022221
  210 	 0.010889 	 0.022001 	 0.022221
  211 	 0.015292 	 0.022082 	 0.022221
  212 	 0.006576 	 0.021996 	 0.022221
  213 	 0.001526 	 0.021762 	 0.022221
  214 	 0.000389 	 0.021690 	 0.022221
  215 	 0.002962 	 0.021811 	 0.022221
  216 	 0.001526 	 0.021953 	 0.022221
  217 	 0.001526 	 0.022009 	 0.022221
  218 	 0.020709 	 0.022188 	 0.022221
  219 	 0.000388 	 0.021714 	 0.022221
  220 	 0.000049 	 0.021674 	 0.022221
  221 	 0.000049 	 0.021432 	 0.022221
  222 	 0.018066 	 0.022138 	 0.022221
  223 	 0.000774 	 0.021990 	 0.022221
  224 	 0.021092 	 0.022205 	 0.022221
  225 	 0.018365 	 0.022139 	 0.022221
  226 	 0.000389 	 0.021537 	 0.022221
  227 	 0.000098 	 0.021776 	 0.022221
  228 	 0.013760 	 0.022089 	 0.022221
  229 	 0.000049 	 0.021885 	 0.022221
  230 	 0.019161 	 0.022173 	 0.022221
  231 	 0.021095 	 0.022209 	 0.022221
  232 	 0.000049 	 0.021676 	 0.022221
  233 	 0.002962 	 0.021486 	 0.022221
  234 	 0.000195 	 0.021878 	 0.022221
  235 	 0.010889 	 0.022000 	 0.022221
  236 	 0.013112 	 0.022124 	 0.022221
  237 	 0.011868 	 0.022037 	 0.022221
  238 	 0.000774 	 0.021992 	 0.022221
  239 	 0.000195 	 0.021627 	 0.022221
  240 	 0.018365 	 0.022173 	 0.022221
  241 	 0.015294 	 0.022102 	 0.022221
  242 	 0.015909 	 0.022134 	 0.022221
  243 	 0.001526 	 0.022010 	 0.022221
  244 	 0.006576 	 0.021788 	 0.022221
  245 	 0.019161 	 0.022180 	 0.022221
  246 	 0.000389 	 0.021838 	 0.022221
  247 	 0.015292 	 0.022077 	 0.022221
  248 	 0.020163 	 0.022199 	 0.022221
  249 	 0.000195 	 0.021894 	 0.022221
  250 	 0.000195 	 0.021896 	 0.022221
  251 	 0.000049 	 0.021531 	 0.022221
  252 	 0.001526 	 0.021894 	 0.022221
  253 	 0.000049 	 0.021756 	 0.022221
  254 	 0.005540 	 0.022053 	 0.022221
  255 	 0.000389 	 0.021742 	 0.022221
  256 	 0.000195 	 0.021533 	 0.022221
  257 	 0.000195 	 0.021885 	 0.022221
  258 	 0.018365 	 0.022177 	 0.022221
  259 	 0.000774 	 0.021986 	 0.022221
  260 	 0.000098 	 0.021645 	 0.022221
  261 	 0.000195 	 0.021641 	 0.022221
  262 	 0.001526 	 0.021609 	 0.022221
  263 	 0.000774 	 0.021760 	 0.022221
  264 	 0.000774 	 0.021882 	 0.022221
  265 	 0.018047 	 0.022140 	 0.022221
  266 	 0.011868 	 0.022023 	 0.022221
  267 	 0.002962 	 0.021845 	 0.022221
  268 	 0.005540 	 0.021881 	 0.022221
  269 	 0.005540 	 0.022052 	 0.022221
  270 	 0.017166 	 0.022170 	 0.022221
  271 	 0.006576 	 0.021957 	 0.022221
  272 	 0.000049 	 0.021214 	 0.022221
  273 	 0.002962 	 0.021839 	 0.022221
  274 	 0.020163 	 0.022182 	 0.022221
  275 	 0.020152 	 0.022178 	 0.022221
  276 	 0.000098 	 0.021751 	 0.022221
  277 	 0.021702 	 0.022207 	 0.022221
  278 	 0.005540 	 0.021932 	 0.022221
  279 	 0.005058 	 0.021993 	 0.022221
  280 	 0.011868 	 0.022070 	 0.022221
  281 	 0.006576 	 0.021863 	 0.022221
  282 	 0.000195 	 0.021961 	 0.022221
  283 	 0.001526 	 0.021687 	 0.022221
  284 	 0.002962 	 0.021883 	 0.022221
  285 	 0.000389 	 0.021976 	 0.022221
  286 	 0.000389 	 0.021912 	 0.022221
  287 	 0.010878 	 0.021944 	 0.022221
  288 	 0.010889 	 0.021954 	 0.022221
  289 	 0.002962 	 0.021686 	 0.022221
  290 	 0.000049 	 0.021762 	 0.022221
  291 	 0.000774 	 0.021838 	 0.022221
  292 	 0.000049 	 0.021994 	 0.022221
  293 	 0.013112 	 0.022120 	 0.022221
  294 	 0.011800 	 0.021997 	 0.022221
  295 	 0.005557 	 0.021912 	 0.022221
  296 	 0.000049 	 0.021779 	 0.022221
  297 	 0.006576 	 0.021962 	 0.022221
  298 	 0.011851 	 0.022009 	 0.022221
  299 	 0.000098 	 0.021984 	 0.022221
  300 	 0.000049 	 0.021472 	 0.022221
  301 	 0.006576 	 0.021951 	 0.022221
  302 	 0.000195 	 0.021763 	 0.022221
  303 	 0.000389 	 0.021896 	 0.022221
  304 	 0.001526 	 0.021870 	 0.022221
  305 	 0.000195 	 0.021951 	 0.022221
  306 	 0.000195 	 0.021892 	 0.022221
  307 	 0.006576 	 0.022006 	 0.022221
  308 	 0.000078 	 0.021738 	 0.022221
  309 	 0.000049 	 0.021709 	 0.022221
  310 	 0.017166 	 0.022084 	 0.022221
  311 	 0.000049 	 0.021533 	 0.022221
  312 	 0.009115 	 0.021878 	 0.022221
  313 	 0.006576 	 0.021920 	 0.022221
  314 	 0.002962 	 0.021961 	 0.022221
  315 	 0.000774 	 0.021647 	 0.022221
  316 	 0.000774 	 0.021843 	 0.022221
  317 	 0.000049 	 0.021718 	 0.022221
  318 	 0.000098 	 0.021845 	 0.022221
  319 	 0.005540 	 0.021913 	 0.022221
  320 	 0.011800 	 0.022035 	 0.022221
  321 	 0.010889 	 0.021867 	 0.022221
  322 	 0.000774 	 0.021912 	 0.022221
  323 	 0.013112 	 0.022119 	 0.022221
  324 	 0.009115 	 0.022076 	 0.022221
  325 	 0.001526 	 0.021902 	 0.022221
  326 	 0.010889 	 0.022047 	 0.022221
  327 	 0.000195 	 0.021944 	 0.022221
  328 	 0.015999 	 0.022000 	 0.022221
  329 	 0.009115 	 0.021819 	 0.022221
  330 	 0.011800 	 0.022019 	 0.022221
  331 	 0.015999 	 0.022034 	 0.022221
  332 	 0.000774 	 0.021951 	 0.022221
  333 	 0.000389 	 0.022001 	 0.022221
  334 	 0.021993 	 0.022218 	 0.022221
  335 	 0.019161 	 0.022138 	 0.022221
  336 	 0.017166 	 0.022121 	 0.022221
  337 	 0.000389 	 0.021894 	 0.022221
  338 	 0.001526 	 0.021692 	 0.022221
  339 	 0.020152 	 0.022193 	 0.022221
  340 	 0.002962 	 0.021975 	 0.022221
  341 	 0.011800 	 0.022098 	 0.022221
  342 	 0.009115 	 0.021899 	 0.022221
  343 	 0.000098 	 0.021829 	 0.022221
  344 	 0.020163 	 0.022193 	 0.022221
  345 	 0.021600 	 0.022212 	 0.022221
  346 	 0.011868 	 0.022097 	 0.022221
  347 	 0.000389 	 0.021937 	 0.022221
  348 	 0.000049 	 0.021807 	 0.022221
  349 	 0.011800 	 0.021988 	 0.022221
  350 	 0.017166 	 0.022150 	 0.022221
  351 	 0.001526 	 0.021978 	 0.022221
  352 	 0.020481 	 0.022195 	 0.022221
  353 	 0.019161 	 0.022174 	 0.022221
  354 	 0.009115 	 0.021994 	 0.022221
  355 	 0.001526 	 0.021792 	 0.022221
  356 	 0.020481 	 0.022189 	 0.022221
  357 	 0.018365 	 0.022177 	 0.022221
  358 	 0.000049 	 0.021846 	 0.022221
  359 	 0.005540 	 0.021983 	 0.022221
  360 	 0.000098 	 0.021952 	 0.022221
  361 	 0.001526 	 0.021816 	 0.022221
  362 	 0.015999 	 0.022095 	 0.022221
  363 	 0.002962 	 0.021749 	 0.022221
  364 	 0.000385 	 0.021740 	 0.022221
  365 	 0.013112 	 0.022082 	 0.022221
  366 	 0.000389 	 0.021972 	 0.022221
  367 	 0.020563 	 0.022198 	 0.022221
  368 	 0.000049 	 0.021947 	 0.022221
  369 	 0.021748 	 0.022207 	 0.022221
  370 	 0.015292 	 0.022078 	 0.022221
  371 	 0.015999 	 0.022152 	 0.022221
  372 	 0.000098 	 0.021890 	 0.022221
  373 	 0.000195 	 0.021563 	 0.022221
  374 	 0.000049 	 0.021752 	 0.022221
  375 	 0.020163 	 0.022176 	 0.022221
  376 	 0.021600 	 0.022208 	 0.022221
  377 	 0.000774 	 0.021203 	 0.022221
  378 	 0.010889 	 0.022066 	 0.022221
  379 	 0.001526 	 0.021989 	 0.022221
  380 	 0.000195 	 0.021635 	 0.022221
  381 	 0.000049 	 0.021940 	 0.022221
  382 	 0.000774 	 0.021999 	 0.022221
  383 	 0.011800 	 0.021964 	 0.022221
  384 	 0.022210 	 0.022220 	 0.022221
  385 	 0.000195 	 0.021593 	 0.022221
  386 	 0.001526 	 0.021997 	 0.022221
  387 	 0.002962 	 0.021884 	 0.022221
  388 	 0.000098 	 0.021181 	 0.022221
  389 	 0.013112 	 0.022118 	 0.022221
  390 	 0.005540 	 0.021917 	 0.022221
  391 	 0.000098 	 0.021971 	 0.022221
  392 	 0.018365 	 0.022111 	 0.022221
  393 	 0.000098 	 0.021991 	 0.022221
  394 	 0.002962 	 0.021807 	 0.022221
  395 	 0.000195 	 0.021741 	 0.022221
  396 	 0.005540 	 0.022048 	 0.022221
  397 	 0.021600 	 0.022203 	 0.022221
  398 	 0.018926 	 0.022170 	 0.022221
  399 	 0.000098 	 0.021740 	 0.022221
  400 	 0.022065 	 0.022218 	 0.022221
  401 	 0.019161 	 0.022149 	 0.022221
  402 	 0.000389 	 0.021968 	 0.022221
  403 	 0.001526 	 0.021759 	 0.022221
  404 	 0.000195 	 0.021885 	 0.022221
  405 	 0.000774 	 0.021715 	 0.022221
  406 	 0.018926 	 0.022130 	 0.022221
  407 	 0.011868 	 0.022110 	 0.022221
  408 	 0.011800 	 0.022059 	 0.022221
  409 	 0.000389 	 0.021875 	 0.022221
  410 	 0.000389 	 0.021677 	 0.022221
  411 	 0.002962 	 0.021949 	 0.022221
  412 	 0.000049 	 0.021530 	 0.022221
  413 	 0.000774 	 0.021616 	 0.022221
  414 	 0.000195 	 0.021904 	 0.022221
  415 	 0.021917 	 0.022215 	 0.022221
  416 	 0.000049 	 0.021833 	 0.022221
  417 	 0.021397 	 0.022208 	 0.022221
  418 	 0.006576 	 0.021970 	 0.022221
  419 	 0.005540 	 0.021902 	 0.022221
  420 	 0.001526 	 0.021980 	 0.022221
  421 	 0.011800 	 0.021996 	 0.022221
  422 	 0.000195 	 0.021614 	 0.022221
  423 	 0.000389 	 0.021840 	 0.022221
  424 	 0.001526 	 0.021633 	 0.022221
  425 	 0.000049 	 0.021335 	 0.022221
  426 	 0.015999 	 0.022123 	 0.022221
  427 	 0.021242 	 0.022208 	 0.022221
  428 	 0.000049 	 0.021613 	 0.022221
  429 	 0.000774 	 0.021879 	 0.022221
  430 	 0.000049 	 0.021243 	 0.022221
  431 	 0.013112 	 0.022064 	 0.022221
  432 	 0.018066 	 0.022175 	 0.022221
  433 	 0.010889 	 0.022042 	 0.022221
  434 	 0.011868 	 0.022037 	 0.022221
  435 	 0.000049 	 0.021990 	 0.022221
  436 	 0.011394 	 0.021895 	 0.022221
  437 	 0.015999 	 0.022123 	 0.022221
  438 	 0.000195 	 0.021784 	 0.022221
  439 	 0.002962 	 0.021515 	 0.022221
  440 	 0.000049 	 0.021750 	 0.022221
  441 	 0.015291 	 0.022066 	 0.022221
  442 	 0.011800 	 0.022072 	 0.022221
  443 	 0.000098 	 0.021831 	 0.022221
  444 	 0.000386 	 0.021622 	 0.022221
  445 	 0.011800 	 0.022041 	 0.022221
  446 	 0.020163 	 0.022172 	 0.022221
  447 	 0.000195 	 0.021695 	 0.022221
  448 	 0.017166 	 0.022147 	 0.022221
  449 	 0.000774 	 0.021607 	 0.022221
  450 	 0.005540 	 0.021704 	 0.022221
  451 	 0.000389 	 0.021572 	 0.022221
  452 	 0.010889 	 0.022017 	 0.022221
  453 	 0.010954 	 0.022005 	 0.022221
  454 	 0.011800 	 0.022025 	 0.022221
  455 	 0.005540 	 0.021888 	 0.022221
  456 	 0.000774 	 0.021553 	 0.022221
  457 	 0.001526 	 0.021680 	 0.022221
  458 	 0.020563 	 0.022185 	 0.022221
  459 	 0.000774 	 0.021912 	 0.022221
  460 	 0.000049 	 0.021933 	 0.022221
  461 	 0.000098 	 0.021773 	 0.022221
  462 	 0.021799 	 0.022212 	 0.022221
  463 	 0.005540 	 0.021857 	 0.022221
  464 	 0.001526 	 0.022009 	 0.022221
  465 	 0.005540 	 0.021992 	 0.022221
  466 	 0.006576 	 0.021889 	 0.022221
  467 	 0.022017 	 0.022217 	 0.022221
  468 	 0.022145 	 0.022220 	 0.022221
  469 	 0.000049 	 0.021835 	 0.022221
  470 	 0.000195 	 0.021897 	 0.022221
  471 	 0.018365 	 0.022180 	 0.022221
  472 	 0.005540 	 0.021992 	 0.022221
  473 	 0.011868 	 0.022100 	 0.022221
  474 	 0.000195 	 0.021444 	 0.022221
  475 	 0.011667 	 0.021976 	 0.022221
  476 	 0.001526 	 0.021863 	 0.022221
  477 	 0.002962 	 0.021903 	 0.022221
  478 	 0.000774 	 0.021875 	 0.022221
  479 	 0.000098 	 0.021716 	 0.022221
  480 	 0.020163 	 0.022178 	 0.022221
  481 	 0.018365 	 0.022140 	 0.022221
  482 	 0.000049 	 0.021889 	 0.022221
  483 	 0.000049 	 0.021599 	 0.022221
  484 	 0.021702 	 0.022212 	 0.022221
  485 	 0.022065 	 0.022218 	 0.022221
  486 	 0.017166 	 0.022151 	 0.022221
  487 	 0.000049 	 0.021514 	 0.022221
  488 	 0.006576 	 0.021958 	 0.022221
  489 	 0.002962 	 0.021844 	 0.022221
  490 	 0.001526 	 0.021595 	 0.022221
  491 	 0.000049 	 0.021905 	 0.022221
  492 	 0.000195 	 0.021846 	 0.022221
  493 	 0.000049 	 0.021657 	 0.022221
  494 	 0.002962 	 0.021798 	 0.022221
  495 	 0.000774 	 0.021777 	 0.022221
  496 	 0.000774 	 0.021714 	 0.022221
  497 	 0.000195 	 0.021839 	 0.022221
  498 	 0.000389 	 0.021997 	 0.022221
  499 	 0.020748 	 0.022196 	 0.022221
 