   0 	 0.000052 	 0.000286 	 0.003782
    1 	 0.000052 	 0.000403 	 0.003782
    2 	 0.000094 	 0.000694 	 0.004741
    3 	 0.000102 	 0.001384 	 0.008724
    4 	 0.000580 	 0.002426 	 0.010117
    5 	 0.000050 	 0.003689 	 0.016795
    6 	 0.000201 	 0.004479 	 0.016795
    7 	 0.002046 	 0.005691 	 0.019927
    8 	 0.000421 	 0.007198 	 0.027622
    9 	 0.002749 	 0.009087 	 0.026295
   10 	 0.003002 	 0.011835 	 0.030714
   11 	 0.000098 	 0.013671 	 0.030714
   12 	 0.007611 	 0.017526 	 0.039873
   13 	 0.000098 	 0.021157 	 0.041889
   14 	 0.010688 	 0.024195 	 0.045053
   15 	 0.001637 	 0.028052 	 0.051433
   16 	 0.007021 	 0.032388 	 0.043320
   17 	 0.000785 	 0.033960 	 0.043320
   18 	 0.003120 	 0.035278 	 0.043726
   19 	 0.000098 	 0.035679 	 0.043986
   20 	 0.021506 	 0.038453 	 0.044563
   21 	 0.013919 	 0.040850 	 0.044997
   22 	 0.001542 	 0.041383 	 0.045678
   23 	 0.010755 	 0.043430 	 0.045704
   24 	 0.022820 	 0.043801 	 0.046134
   25 	 0.000390 	 0.042918 	 0.046311
   26 	 0.010363 	 0.044568 	 0.052267
   27 	 0.013516 	 0.045349 	 0.052267
   28 	 0.000390 	 0.045678 	 0.052456
   29 	 0.000779 	 0.046253 	 0.054356
   30 	 0.013159 	 0.046772 	 0.054628
   31 	 0.000779 	 0.047469 	 0.055158
   32 	 0.017535 	 0.049665 	 0.055158
   33 	 0.000392 	 0.049782 	 0.055158
   34 	 0.027395 	 0.053607 	 0.055327
   35 	 0.000196 	 0.053184 	 0.057069
   36 	 0.051086 	 0.055043 	 0.057069
   37 	 0.007165 	 0.052371 	 0.057073
   38 	 0.000392 	 0.054319 	 0.057958
   39 	 0.009770 	 0.054943 	 0.058330
   40 	 0.034602 	 0.055875 	 0.058330
   41 	 0.000098 	 0.055578 	 0.058330
   42 	 0.000196 	 0.055842 	 0.062591
   43 	 0.001568 	 0.056765 	 0.062591
   44 	 0.012489 	 0.057845 	 0.063281
   45 	 0.000196 	 0.057712 	 0.063281
   46 	 0.000196 	 0.058786 	 0.063501
   47 	 0.012490 	 0.060120 	 0.063501
   48 	 0.009812 	 0.062053 	 0.063769
   49 	 0.040777 	 0.062975 	 0.063769
   50 	 0.000782 	 0.061544 	 0.064078
   51 	 0.000391 	 0.060090 	 0.064106
   52 	 0.006082 	 0.062925 	 0.064165
   53 	 0.001559 	 0.061302 	 0.064450
   54 	 0.001559 	 0.062381 	 0.064450
   55 	 0.007010 	 0.062867 	 0.064459
   56 	 0.003096 	 0.062904 	 0.064465
   57 	 0.027806 	 0.063360 	 0.064465
   58 	 0.063072 	 0.064237 	 0.064789
   59 	 0.000196 	 0.062549 	 0.064789
   60 	 0.006097 	 0.063283 	 0.064789
   61 	 0.000196 	 0.062789 	 0.064851
   62 	 0.048932 	 0.064496 	 0.065048
   63 	 0.026913 	 0.064307 	 0.065048
   64 	 0.000782 	 0.063617 	 0.065112
   65 	 0.000391 	 0.062602 	 0.065208
   66 	 0.000782 	 0.063744 	 0.065208
   67 	 0.003090 	 0.063697 	 0.065220
   68 	 0.000782 	 0.063169 	 0.065273
   69 	 0.007022 	 0.063925 	 0.065273
   70 	 0.009484 	 0.063827 	 0.065307
   71 	 0.011879 	 0.064243 	 0.065312
   72 	 0.000049 	 0.063893 	 0.065448
   73 	 0.058557 	 0.065155 	 0.065448
   74 	 0.009870 	 0.064653 	 0.065520
   75 	 0.000098 	 0.063523 	 0.065544
   76 	 0.009885 	 0.063960 	 0.065561
   77 	 0.016576 	 0.064192 	 0.065601
   78 	 0.013152 	 0.064282 	 0.065647
   79 	 0.011883 	 0.064977 	 0.065722
   80 	 0.000391 	 0.063728 	 0.065766
   81 	 0.001558 	 0.063096 	 0.065766
   82 	 0.060020 	 0.065577 	 0.065761
   83 	 0.006101 	 0.064900 	 0.065761
   84 	 0.003096 	 0.064594 	 0.065766
   85 	 0.000782 	 0.064189 	 0.065796
   86 	 0.001558 	 0.064829 	 0.065831
   87 	 0.009446 	 0.064119 	 0.065838
   88 	 0.000049 	 0.063795 	 0.065838
   89 	 0.000098 	 0.064571 	 0.065865
   90 	 0.049803 	 0.065558 	 0.065898
   91 	 0.000049 	 0.063571 	 0.065898
   92 	 0.000196 	 0.064154 	 0.065939
   93 	 0.000049 	 0.062379 	 0.065939
   94 	 0.001559 	 0.064101 	 0.065939
   95 	 0.027003 	 0.065379 	 0.065955
   96 	 0.000049 	 0.063607 	 0.065954
   97 	 0.000782 	 0.063080 	 0.065954
   98 	 0.000098 	 0.063069 	 0.065954
   99 	 0.006990 	 0.064520 	 0.065954
  100 	 0.000049 	 0.063281 	 0.065961
  101 	 0.006100 	 0.063497 	 0.065967
  102 	 0.016521 	 0.064611 	 0.065972
  103 	 0.000098 	 0.064547 	 0.065974
  104 	 0.000391 	 0.063817 	 0.065974
  105 	 0.018345 	 0.064538 	 0.065974
  106 	 0.009420 	 0.064254 	 0.065975
  107 	 0.039826 	 0.065332 	 0.065983
  108 	 0.009423 	 0.064773 	 0.065983
  109 	 0.011793 	 0.064268 	 0.065983
  110 	 0.026905 	 0.065257 	 0.065983
  111 	 0.000196 	 0.063799 	 0.065983
  112 	 0.018335 	 0.065269 	 0.065983
  113 	 0.006101 	 0.065234 	 0.065983
  114 	 0.058247 	 0.065830 	 0.065983
  115 	 0.000196 	 0.063572 	 0.066064
  116 	 0.001558 	 0.064406 	 0.066064
  117 	 0.006101 	 0.064222 	 0.066064
  118 	 0.006991 	 0.063758 	 0.066064
  119 	 0.000391 	 0.064772 	 0.066064
  120 	 0.001558 	 0.063538 	 0.066064
  121 	 0.000391 	 0.063132 	 0.066064
  122 	 0.050025 	 0.065786 	 0.066064
  123 	 0.001558 	 0.064537 	 0.066068
  124 	 0.000196 	 0.063867 	 0.066068
  125 	 0.018365 	 0.065109 	 0.066068
  126 	 0.000049 	 0.063588 	 0.066068
  127 	 0.053271 	 0.065847 	 0.066068
  128 	 0.011778 	 0.064903 	 0.066068
  129 	 0.062609 	 0.066003 	 0.066068
  130 	 0.000049 	 0.064060 	 0.066068
  131 	 0.026854 	 0.065122 	 0.066074
  132 	 0.006987 	 0.063599 	 0.066074
  133 	 0.061144 	 0.065970 	 0.066074
  134 	 0.006100 	 0.065104 	 0.066074
  135 	 0.000782 	 0.063646 	 0.066074
  136 	 0.000049 	 0.063507 	 0.066074
  137 	 0.003095 	 0.064169 	 0.066074
  138 	 0.000391 	 0.064764 	 0.066074
  139 	 0.000391 	 0.064671 	 0.066074
  140 	 0.025702 	 0.065562 	 0.066074
  141 	 0.000049 	 0.065315 	 0.066074
  142 	 0.000196 	 0.065005 	 0.066074
  143 	 0.009426 	 0.064844 	 0.066074
  144 	 0.000049 	 0.064735 	 0.066074
  145 	 0.011792 	 0.064556 	 0.066074
  146 	 0.000049 	 0.065169 	 0.066074
  147 	 0.064527 	 0.066055 	 0.066074
  148 	 0.000098 	 0.064310 	 0.066074
  149 	 0.018327 	 0.064901 	 0.066074
  150 	 0.009426 	 0.065462 	 0.066074
  151 	 0.000391 	 0.064138 	 0.066074
  152 	 0.009949 	 0.064528 	 0.066075
  153 	 0.000049 	 0.064656 	 0.066075
  154 	 0.009949 	 0.065169 	 0.066075
  155 	 0.000391 	 0.064612 	 0.066075
  156 	 0.053701 	 0.065949 	 0.066075
  157 	 0.000098 	 0.064334 	 0.066075
  158 	 0.011790 	 0.065196 	 0.066075
  159 	 0.006100 	 0.064729 	 0.066075
  160 	 0.006988 	 0.063674 	 0.066075
  161 	 0.000049 	 0.064583 	 0.066075
  162 	 0.006988 	 0.064157 	 0.066075
  163 	 0.000098 	 0.063976 	 0.066075
  164 	 0.035745 	 0.065423 	 0.066075
  165 	 0.035745 	 0.065287 	 0.066075
  166 	 0.000196 	 0.064930 	 0.066075
  167 	 0.000098 	 0.063892 	 0.066075
  168 	 0.000098 	 0.064046 	 0.066075
  169 	 0.000391 	 0.064542 	 0.066075
  170 	 0.001558 	 0.063367 	 0.066075
  171 	 0.061607 	 0.065963 	 0.066075
  172 	 0.000049 	 0.064064 	 0.066075
  173 	 0.000098 	 0.062047 	 0.066075
  174 	 0.016545 	 0.064523 	 0.066075
  175 	 0.009949 	 0.064846 	 0.066075
  176 	 0.003095 	 0.065042 	 0.066075
  177 	 0.000196 	 0.063692 	 0.066075
  178 	 0.000196 	 0.064511 	 0.066075
  179 	 0.011789 	 0.065218 	 0.066075
  180 	 0.064593 	 0.066057 	 0.066075
  181 	 0.026860 	 0.065407 	 0.066075
  182 	 0.000049 	 0.063387 	 0.066075
  183 	 0.000098 	 0.063870 	 0.066075
  184 	 0.000782 	 0.064744 	 0.066075
  185 	 0.009949 	 0.064949 	 0.066075
  186 	 0.000098 	 0.065125 	 0.066075
  187 	 0.003095 	 0.064688 	 0.066075
  188 	 0.026860 	 0.065463 	 0.066075
  189 	 0.013214 	 0.064314 	 0.066075
  190 	 0.000049 	 0.064255 	 0.066075
  191 	 0.000782 	 0.062500 	 0.066075
  192 	 0.006100 	 0.064450 	 0.066075
  193 	 0.060634 	 0.065966 	 0.066075
  194 	 0.000391 	 0.064322 	 0.066075
  195 	 0.035718 	 0.065213 	 0.066075
  196 	 0.006100 	 0.063299 	 0.066075
  197 	 0.006988 	 0.064488 	 0.066075
  198 	 0.002907 	 0.064989 	 0.066075
  199 	 0.025706 	 0.065333 	 0.066075
  200 	 0.003095 	 0.065398 	 0.066075
  201 	 0.003095 	 0.064428 	 0.066075
  202 	 0.035823 	 0.065635 	 0.066075
  203 	 0.000196 	 0.064559 	 0.066075
  204 	 0.018367 	 0.065543 	 0.066075
  205 	 0.000098 	 0.063564 	 0.066075
  206 	 0.000782 	 0.064556 	 0.066075
  207 	 0.001546 	 0.064873 	 0.066075
  208 	 0.009425 	 0.064939 	 0.066075
  209 	 0.026860 	 0.065361 	 0.066075
  210 	 0.000049 	 0.065412 	 0.066075
  211 	 0.013214 	 0.064642 	 0.066075
  212 	 0.006988 	 0.064968 	 0.066075
  213 	 0.000782 	 0.064516 	 0.066075
  214 	 0.000782 	 0.064600 	 0.066075
  215 	 0.006988 	 0.064152 	 0.066075
  216 	 0.000196 	 0.064069 	 0.066075
  217 	 0.000391 	 0.063316 	 0.066075
  218 	 0.000391 	 0.064402 	 0.066075
  219 	 0.035734 	 0.065632 	 0.066075
  220 	 0.035836 	 0.065446 	 0.066075
  221 	 0.011789 	 0.065342 	 0.066075
  222 	 0.003095 	 0.064360 	 0.066075
  223 	 0.000782 	 0.064025 	 0.066075
  224 	 0.000049 	 0.063668 	 0.066075
  225 	 0.000196 	 0.064619 	 0.066075
  226 	 0.000049 	 0.063697 	 0.066075
  227 	 0.026860 	 0.065606 	 0.066075
  228 	 0.001558 	 0.064154 	 0.066075
  229 	 0.000098 	 0.064997 	 0.066075
  230 	 0.000752 	 0.064566 	 0.066075
  231 	 0.006988 	 0.064978 	 0.066075
  232 	 0.000049 	 0.062805 	 0.066075
  233 	 0.013214 	 0.064968 	 0.066075
  234 	 0.009145 	 0.065006 	 0.066075
  235 	 0.061622 	 0.066018 	 0.066075
  236 	 0.059788 	 0.065862 	 0.066075
  237 	 0.013214 	 0.064932 	 0.066075
  238 	 0.000391 	 0.062973 	 0.066075
  239 	 0.026860 	 0.065600 	 0.066075
  240 	 0.000098 	 0.064539 	 0.066075
  241 	 0.042163 	 0.065507 	 0.066075
  242 	 0.000782 	 0.063615 	 0.066075
  243 	 0.000196 	 0.063681 	 0.066075
  244 	 0.001558 	 0.064221 	 0.066075
  245 	 0.000098 	 0.064889 	 0.066075
  246 	 0.003095 	 0.064531 	 0.066075
  247 	 0.000196 	 0.065022 	 0.066075
  248 	 0.000391 	 0.063833 	 0.066075
  249 	 0.000781 	 0.063972 	 0.066075
  250 	 0.000196 	 0.064482 	 0.066075
  251 	 0.042163 	 0.065534 	 0.066075
  252 	 0.006094 	 0.064609 	 0.066075
  253 	 0.028348 	 0.065254 	 0.066075
  254 	 0.000782 	 0.064872 	 0.066075
  255 	 0.000782 	 0.065397 	 0.066075
  256 	 0.000391 	 0.064241 	 0.066075
  257 	 0.025706 	 0.065310 	 0.066075
  258 	 0.013214 	 0.063880 	 0.066075
  259 	 0.018329 	 0.065261 	 0.066075
  260 	 0.003095 	 0.064620 	 0.066075
  261 	 0.000195 	 0.064676 	 0.066075
  262 	 0.000196 	 0.063657 	 0.066075
  263 	 0.000049 	 0.064861 	 0.066075
  264 	 0.000196 	 0.065359 	 0.066075
  265 	 0.025706 	 0.064658 	 0.066075
  266 	 0.035836 	 0.065600 	 0.066075
  267 	 0.032958 	 0.065196 	 0.066075
  268 	 0.049254 	 0.065839 	 0.066075
  269 	 0.060538 	 0.065961 	 0.066075
  270 	 0.001558 	 0.064189 	 0.066075
  271 	 0.026860 	 0.065183 	 0.066075
  272 	 0.006100 	 0.063680 	 0.066075
  273 	 0.016545 	 0.064556 	 0.066075
  274 	 0.033071 	 0.065299 	 0.066075
  275 	 0.059866 	 0.065871 	 0.066075
  276 	 0.000098 	 0.063209 	 0.066075
  277 	 0.003095 	 0.064783 	 0.066075
  278 	 0.013214 	 0.064510 	 0.066075
  279 	 0.006988 	 0.064911 	 0.066075
  280 	 0.000196 	 0.063549 	 0.066075
  281 	 0.000392 	 0.065048 	 0.066075
  282 	 0.000098 	 0.064529 	 0.066075
  283 	 0.003095 	 0.064289 	 0.066075
  284 	 0.000098 	 0.064822 	 0.066075
  285 	 0.049830 	 0.065867 	 0.066075
  286 	 0.000196 	 0.063910 	 0.066075
  287 	 0.018329 	 0.065358 	 0.066075
  288 	 0.011789 	 0.064888 	 0.066075
  289 	 0.028348 	 0.065666 	 0.066075
  290 	 0.063034 	 0.066011 	 0.066075
  291 	 0.051390 	 0.065869 	 0.066075
  292 	 0.035836 	 0.065601 	 0.066075
  293 	 0.003095 	 0.064710 	 0.066075
  294 	 0.000391 	 0.063542 	 0.066075
  295 	 0.013214 	 0.065019 	 0.066075
  296 	 0.065254 	 0.066065 	 0.066075
  297 	 0.000049 	 0.064326 	 0.066075
  298 	 0.000098 	 0.063381 	 0.066075
  299 	 0.000098 	 0.063278 	 0.066075
  300 	 0.000196 	 0.065045 	 0.066075
  301 	 0.059471 	 0.065979 	 0.066075
  302 	 0.001558 	 0.062945 	 0.066075
  303 	 0.000098 	 0.064319 	 0.066075
  304 	 0.001561 	 0.064184 	 0.066075
  305 	 0.011829 	 0.065407 	 0.066075
  306 	 0.000049 	 0.064298 	 0.066075
  307 	 0.016545 	 0.064515 	 0.066075
  308 	 0.013214 	 0.065012 	 0.066075
  309 	 0.000098 	 0.063582 	 0.066075
  310 	 0.000782 	 0.063933 	 0.066075
  311 	 0.049254 	 0.065625 	 0.066075
  312 	 0.006988 	 0.063896 	 0.066075
  313 	 0.026860 	 0.065621 	 0.066075
  314 	 0.000391 	 0.064592 	 0.066075
  315 	 0.026860 	 0.065301 	 0.066075
  316 	 0.035836 	 0.065586 	 0.066075
  317 	 0.000196 	 0.062977 	 0.066075
  318 	 0.000196 	 0.064303 	 0.066075
  319 	 0.000782 	 0.065071 	 0.066075
  320 	 0.000049 	 0.063492 	 0.066075
  321 	 0.000782 	 0.064608 	 0.066075
  322 	 0.000196 	 0.063883 	 0.066075
  323 	 0.000391 	 0.063790 	 0.066075
  324 	 0.000049 	 0.065295 	 0.066075
  325 	 0.000098 	 0.065342 	 0.066075
  326 	 0.000196 	 0.065243 	 0.066075
  327 	 0.000098 	 0.064141 	 0.066075
  328 	 0.000391 	 0.064655 	 0.066075
  329 	 0.001558 	 0.064402 	 0.066075
  330 	 0.003095 	 0.065173 	 0.066075
  331 	 0.000098 	 0.063907 	 0.066075
  332 	 0.011789 	 0.064514 	 0.066075
  333 	 0.039936 	 0.065572 	 0.066075
  334 	 0.000049 	 0.064452 	 0.066075
  335 	 0.032958 	 0.065202 	 0.066075
  336 	 0.011789 	 0.065340 	 0.066075
  337 	 0.000049 	 0.064213 	 0.066075
  338 	 0.000196 	 0.063518 	 0.066075
  339 	 0.006988 	 0.064692 	 0.066075
  340 	 0.000049 	 0.064616 	 0.066075
  341 	 0.000196 	 0.064050 	 0.066075
  342 	 0.000391 	 0.064609 	 0.066075
  343 	 0.000098 	 0.064370 	 0.066075
  344 	 0.001558 	 0.063892 	 0.066075
  345 	 0.035836 	 0.065639 	 0.066075
  346 	 0.003095 	 0.065439 	 0.066075
  347 	 0.001558 	 0.064716 	 0.066075
  348 	 0.000782 	 0.064120 	 0.066075
  349 	 0.000782 	 0.062475 	 0.066075
  350 	 0.061141 	 0.065959 	 0.066075
  351 	 0.000782 	 0.064409 	 0.066075
  352 	 0.053283 	 0.065911 	 0.066075
  353 	 0.001558 	 0.065334 	 0.066075
  354 	 0.000098 	 0.063661 	 0.066075
  355 	 0.000049 	 0.063894 	 0.066075
  356 	 0.000782 	 0.064839 	 0.066075
  357 	 0.033071 	 0.065620 	 0.066075
  358 	 0.006100 	 0.064698 	 0.066075
  359 	 0.000098 	 0.064751 	 0.066075
  360 	 0.064486 	 0.066036 	 0.066075
  361 	 0.016545 	 0.065189 	 0.066075
  362 	 0.000782 	 0.063658 	 0.066075
  363 	 0.049830 	 0.065825 	 0.066075
  364 	 0.032958 	 0.065312 	 0.066075
  365 	 0.018329 	 0.064599 	 0.066075
  366 	 0.009425 	 0.064558 	 0.066075
  367 	 0.000049 	 0.064786 	 0.066075
  368 	 0.003095 	 0.065429 	 0.066075
  369 	 0.009949 	 0.065503 	 0.066075
  370 	 0.035836 	 0.065363 	 0.066075
  371 	 0.000098 	 0.065148 	 0.066075
  372 	 0.006100 	 0.063697 	 0.066075
  373 	 0.016545 	 0.065465 	 0.066075
  374 	 0.001558 	 0.064868 	 0.066075
  375 	 0.000391 	 0.063283 	 0.066075
  376 	 0.003095 	 0.064285 	 0.066075
  377 	 0.033071 	 0.064950 	 0.066075
  378 	 0.001558 	 0.064561 	 0.066075
  379 	 0.003088 	 0.064995 	 0.066075
  380 	 0.032958 	 0.065518 	 0.066075
  381 	 0.039936 	 0.065077 	 0.066075
  382 	 0.009425 	 0.063455 	 0.066075
  383 	 0.001558 	 0.064422 	 0.066075
  384 	 0.051390 	 0.065914 	 0.066075
  385 	 0.001558 	 0.064932 	 0.066075
  386 	 0.000098 	 0.064807 	 0.066075
  387 	 0.000049 	 0.063511 	 0.066075
  388 	 0.003095 	 0.064688 	 0.066075
  389 	 0.000098 	 0.065387 	 0.066075
  390 	 0.018329 	 0.064666 	 0.066075
  391 	 0.013214 	 0.064963 	 0.066075
  392 	 0.000196 	 0.064741 	 0.066075
  393 	 0.003095 	 0.064244 	 0.066075
  394 	 0.001558 	 0.063915 	 0.066075
  395 	 0.018329 	 0.064927 	 0.066075
  396 	 0.006988 	 0.065322 	 0.066075
  397 	 0.009425 	 0.065099 	 0.066075
  398 	 0.013214 	 0.065378 	 0.066075
  399 	 0.049254 	 0.065818 	 0.066075
  400 	 0.000049 	 0.063445 	 0.066075
  401 	 0.033071 	 0.065385 	 0.066075
  402 	 0.011789 	 0.065306 	 0.066075
  403 	 0.000196 	 0.063666 	 0.066075
  404 	 0.009949 	 0.064868 	 0.066075
  405 	 0.060714 	 0.065981 	 0.066075
  406 	 0.000049 	 0.062963 	 0.066075
  407 	 0.000391 	 0.063893 	 0.066075
  408 	 0.035734 	 0.065695 	 0.066075
  409 	 0.018328 	 0.064759 	 0.066075
  410 	 0.000049 	 0.063891 	 0.066075
  411 	 0.000196 	 0.065232 	 0.066075
  412 	 0.000049 	 0.063532 	 0.066075
  413 	 0.000391 	 0.064364 	 0.066075
  414 	 0.000196 	 0.064462 	 0.066075
  415 	 0.000098 	 0.063940 	 0.066075
  416 	 0.016545 	 0.065550 	 0.066075
  417 	 0.006988 	 0.065206 	 0.066075
  418 	 0.025706 	 0.065019 	 0.066075
  419 	 0.003095 	 0.065276 	 0.066075
  420 	 0.009949 	 0.065194 	 0.066075
  421 	 0.000391 	 0.064303 	 0.066075
  422 	 0.051390 	 0.065863 	 0.066075
  423 	 0.000782 	 0.063143 	 0.066075
  424 	 0.001558 	 0.064536 	 0.066075
  425 	 0.000391 	 0.064148 	 0.066075
  426 	 0.039936 	 0.065491 	 0.066075
  427 	 0.000782 	 0.064562 	 0.066075
  428 	 0.016543 	 0.065209 	 0.066075
  429 	 0.003095 	 0.064644 	 0.066075
  430 	 0.001558 	 0.063960 	 0.066075
  431 	 0.003095 	 0.064576 	 0.066075
  432 	 0.011789 	 0.064527 	 0.066075
  433 	 0.003095 	 0.065263 	 0.066075
  434 	 0.000049 	 0.065391 	 0.066075
  435 	 0.000049 	 0.064723 	 0.066075
  436 	 0.049830 	 0.065748 	 0.066075
  437 	 0.006100 	 0.064923 	 0.066075
  438 	 0.001558 	 0.065034 	 0.066075
  439 	 0.000391 	 0.063695 	 0.066075
  440 	 0.001558 	 0.063519 	 0.066075
  441 	 0.000782 	 0.064902 	 0.066075
  442 	 0.000049 	 0.064310 	 0.066075
  443 	 0.035716 	 0.065463 	 0.066075
  444 	 0.025706 	 0.065173 	 0.066075
  445 	 0.000391 	 0.064198 	 0.066075
  446 	 0.000049 	 0.064823 	 0.066075
  447 	 0.018329 	 0.065443 	 0.066075
  448 	 0.000782 	 0.063413 	 0.066075
  449 	 0.011789 	 0.065527 	 0.066075
  450 	 0.000782 	 0.064396 	 0.066075
  451 	 0.018329 	 0.065297 	 0.066075
  452 	 0.000098 	 0.064562 	 0.066075
  453 	 0.001558 	 0.065394 	 0.066075
  454 	 0.000098 	 0.062993 	 0.066075
  455 	 0.000782 	 0.063767 	 0.066075
  456 	 0.001558 	 0.064499 	 0.066075
  457 	 0.000782 	 0.064921 	 0.066075
  458 	 0.013214 	 0.064883 	 0.066075
  459 	 0.000196 	 0.063777 	 0.066075
  460 	 0.018329 	 0.065503 	 0.066075
  461 	 0.006100 	 0.064282 	 0.066075
  462 	 0.018329 	 0.065019 	 0.066075
  463 	 0.035734 	 0.065569 	 0.066075
  464 	 0.050026 	 0.065866 	 0.066075
  465 	 0.000098 	 0.064938 	 0.066075
  466 	 0.000391 	 0.065323 	 0.066075
  467 	 0.001558 	 0.065025 	 0.066075
  468 	 0.000391 	 0.064998 	 0.066075
  469 	 0.064918 	 0.066045 	 0.066075
  470 	 0.000391 	 0.064106 	 0.066075
  471 	 0.003095 	 0.064204 	 0.066075
  472 	 0.000098 	 0.063443 	 0.066075
  473 	 0.065719 	 0.066061 	 0.066075
  474 	 0.003095 	 0.065419 	 0.066075
  475 	 0.000049 	 0.063589 	 0.066075
  476 	 0.009419 	 0.064826 	 0.066075
  477 	 0.009949 	 0.064967 	 0.066075
  478 	 0.000049 	 0.064271 	 0.066075
  479 	 0.000098 	 0.064014 	 0.066075
  480 	 0.000196 	 0.063202 	 0.066075
  481 	 0.049830 	 0.065898 	 0.066075
  482 	 0.009949 	 0.064639 	 0.066075
  483 	 0.013214 	 0.065140 	 0.066075
  484 	 0.059471 	 0.065985 	 0.066075
  485 	 0.063034 	 0.066044 	 0.066075
  486 	 0.000368 	 0.065037 	 0.066075
  487 	 0.000098 	 0.063795 	 0.066075
  488 	 0.060714 	 0.065927 	 0.066075
  489 	 0.025706 	 0.065201 	 0.066075
  490 	 0.016545 	 0.064851 	 0.066075
  491 	 0.000391 	 0.064697 	 0.066075
  492 	 0.042163 	 0.065651 	 0.066075
  493 	 0.016545 	 0.064279 	 0.066075
  494 	 0.006988 	 0.064073 	 0.066075
  495 	 0.000391 	 0.063611 	 0.066075
  496 	 0.018329 	 0.064577 	 0.066075
  497 	 0.042151 	 0.065534 	 0.066075
  498 	 0.003095 	 0.064897 	 0.066075
  499 	 0.000782 	 0.063598 	 0.066075
 