   0 	 0.000049 	 0.000200 	 0.002673
    1 	 0.000053 	 0.000321 	 0.002673
    2 	 0.000174 	 0.000662 	 0.003235
    3 	 0.000105 	 0.001098 	 0.006760
    4 	 0.000702 	 0.001725 	 0.008874
    5 	 0.000197 	 0.002620 	 0.013523
    6 	 0.000181 	 0.003466 	 0.014258
    7 	 0.001800 	 0.004590 	 0.014838
    8 	 0.000049 	 0.006089 	 0.017702
    9 	 0.002233 	 0.008607 	 0.022745
   10 	 0.000392 	 0.010921 	 0.022745
   11 	 0.000385 	 0.013795 	 0.027087
   12 	 0.000098 	 0.015737 	 0.027087
   13 	 0.000098 	 0.017174 	 0.027087
   14 	 0.003041 	 0.019173 	 0.030617
   15 	 0.017072 	 0.020796 	 0.030644
   16 	 0.002932 	 0.023598 	 0.030639
   17 	 0.012444 	 0.026318 	 0.030532
   18 	 0.000049 	 0.027091 	 0.030532
   19 	 0.000049 	 0.027959 	 0.034986
   20 	 0.001542 	 0.028895 	 0.034986
   21 	 0.010659 	 0.030118 	 0.034986
   22 	 0.000784 	 0.030700 	 0.034993
   23 	 0.000049 	 0.030905 	 0.037312
   24 	 0.024439 	 0.032493 	 0.037322
   25 	 0.028949 	 0.032836 	 0.037322
   26 	 0.000196 	 0.032613 	 0.037322
   27 	 0.000049 	 0.032426 	 0.037322
   28 	 0.014149 	 0.033502 	 0.040046
   29 	 0.030069 	 0.034498 	 0.039911
   30 	 0.000098 	 0.035233 	 0.039204
   31 	 0.000786 	 0.036842 	 0.039244
   32 	 0.003178 	 0.037154 	 0.039255
   33 	 0.036670 	 0.038365 	 0.039266
   34 	 0.011298 	 0.038334 	 0.045266
   35 	 0.000781 	 0.038772 	 0.039349
   36 	 0.003130 	 0.038495 	 0.039400
   37 	 0.006300 	 0.038346 	 0.039521
   38 	 0.001572 	 0.038858 	 0.045351
   39 	 0.000049 	 0.038577 	 0.046727
   40 	 0.000196 	 0.038402 	 0.046656
   41 	 0.001575 	 0.039587 	 0.046656
   42 	 0.029753 	 0.041201 	 0.046818
   43 	 0.001558 	 0.041976 	 0.046833
   44 	 0.000196 	 0.045019 	 0.049433
   45 	 0.000098 	 0.046009 	 0.049745
   46 	 0.043515 	 0.046624 	 0.047083
   47 	 0.000782 	 0.045230 	 0.047158
   48 	 0.000781 	 0.045269 	 0.047173
   49 	 0.000391 	 0.045861 	 0.047075
   50 	 0.027255 	 0.046563 	 0.049444
   51 	 0.000782 	 0.046418 	 0.049444
   52 	 0.003101 	 0.046307 	 0.049451
   53 	 0.033209 	 0.047231 	 0.049463
   54 	 0.011598 	 0.047534 	 0.049887
   55 	 0.000098 	 0.048218 	 0.051159
   56 	 0.000099 	 0.048346 	 0.051159
   57 	 0.000098 	 0.048503 	 0.051558
   58 	 0.000098 	 0.048556 	 0.051501
   59 	 0.000098 	 0.049994 	 0.051558
   60 	 0.003123 	 0.049870 	 0.051557
   61 	 0.000196 	 0.050123 	 0.052610
   62 	 0.000098 	 0.050903 	 0.052801
   63 	 0.039382 	 0.051484 	 0.054707
   64 	 0.044382 	 0.051691 	 0.055175
   65 	 0.020366 	 0.051851 	 0.055277
   66 	 0.009920 	 0.051769 	 0.058054
   67 	 0.001545 	 0.051278 	 0.058941
   68 	 0.048570 	 0.053994 	 0.058941
   69 	 0.006025 	 0.053618 	 0.057843
   70 	 0.006996 	 0.053941 	 0.057156
   71 	 0.000098 	 0.052457 	 0.057156
   72 	 0.006998 	 0.054175 	 0.059011
   73 	 0.000049 	 0.055278 	 0.058013
   74 	 0.051554 	 0.056671 	 0.058013
   75 	 0.007224 	 0.055971 	 0.058605
   76 	 0.011985 	 0.057197 	 0.058672
   77 	 0.000783 	 0.055759 	 0.058271
   78 	 0.001563 	 0.056330 	 0.058444
   79 	 0.000391 	 0.055890 	 0.058444
   80 	 0.031044 	 0.057403 	 0.058444
   81 	 0.009481 	 0.055924 	 0.058444
   82 	 0.000391 	 0.057028 	 0.058444
   83 	 0.003085 	 0.057601 	 0.058644
   84 	 0.000781 	 0.056815 	 0.058821
   85 	 0.000391 	 0.056148 	 0.058821
   86 	 0.012852 	 0.057315 	 0.058925
   87 	 0.000391 	 0.056818 	 0.058925
   88 	 0.001557 	 0.057718 	 0.059479
   89 	 0.056031 	 0.058671 	 0.059099
   90 	 0.009985 	 0.058269 	 0.062561
   91 	 0.012826 	 0.058333 	 0.062561
   92 	 0.027385 	 0.058719 	 0.062585
   93 	 0.006288 	 0.058584 	 0.062585
   94 	 0.000049 	 0.056787 	 0.062678
   95 	 0.003096 	 0.058210 	 0.062678
   96 	 0.000049 	 0.059360 	 0.062773
   97 	 0.000196 	 0.060072 	 0.062773
   98 	 0.035550 	 0.062355 	 0.063282
   99 	 0.000098 	 0.061102 	 0.063282
  100 	 0.000049 	 0.061364 	 0.063320
  101 	 0.003123 	 0.061079 	 0.063320
  102 	 0.000391 	 0.061413 	 0.063320
  103 	 0.003123 	 0.061740 	 0.063388
  104 	 0.000784 	 0.060879 	 0.063388
  105 	 0.036825 	 0.062947 	 0.063453
  106 	 0.011875 	 0.062194 	 0.063775
  107 	 0.009883 	 0.062465 	 0.064530
  108 	 0.049045 	 0.063250 	 0.064450
  109 	 0.003104 	 0.062666 	 0.064993
  110 	 0.000049 	 0.062316 	 0.064993
  111 	 0.000785 	 0.063050 	 0.064993
  112 	 0.006280 	 0.063087 	 0.065243
  113 	 0.001565 	 0.063301 	 0.064993
  114 	 0.000098 	 0.062009 	 0.065407
  115 	 0.029587 	 0.063872 	 0.065407
  116 	 0.000196 	 0.062650 	 0.065407
  117 	 0.000392 	 0.063815 	 0.065407
  118 	 0.000392 	 0.062447 	 0.065407
  119 	 0.000098 	 0.061370 	 0.065407
  120 	 0.000049 	 0.064422 	 0.065407
  121 	 0.009267 	 0.063221 	 0.065411
  122 	 0.000049 	 0.064031 	 0.065407
  123 	 0.000098 	 0.063623 	 0.065411
  124 	 0.029747 	 0.064162 	 0.065412
  125 	 0.000049 	 0.063662 	 0.065412
  126 	 0.018510 	 0.063664 	 0.065412
  127 	 0.018598 	 0.064531 	 0.065448
  128 	 0.000783 	 0.064133 	 0.065448
  129 	 0.003121 	 0.062016 	 0.065443
  130 	 0.039799 	 0.065128 	 0.065448
  131 	 0.000049 	 0.063721 	 0.065448
  132 	 0.029811 	 0.064550 	 0.065448
  133 	 0.018587 	 0.064040 	 0.065455
  134 	 0.000783 	 0.064547 	 0.065456
  135 	 0.003118 	 0.064437 	 0.065456
  136 	 0.000098 	 0.064368 	 0.065456
  137 	 0.009724 	 0.063969 	 0.065505
  138 	 0.003118 	 0.063927 	 0.065456
  139 	 0.000196 	 0.062475 	 0.065456
  140 	 0.055182 	 0.065177 	 0.065505
  141 	 0.012116 	 0.064777 	 0.065457
  142 	 0.000196 	 0.063373 	 0.065457
  143 	 0.000392 	 0.063251 	 0.065505
  144 	 0.033571 	 0.064759 	 0.065505
  145 	 0.009732 	 0.064472 	 0.065507
  146 	 0.029615 	 0.064811 	 0.065507
  147 	 0.009722 	 0.064164 	 0.065507
  148 	 0.029625 	 0.064525 	 0.065507
  149 	 0.003118 	 0.064165 	 0.065514
  150 	 0.018486 	 0.064741 	 0.065514
  151 	 0.000392 	 0.064296 	 0.065514
  152 	 0.024044 	 0.064371 	 0.065514
  153 	 0.003119 	 0.064304 	 0.065516
  154 	 0.000098 	 0.062935 	 0.065516
  155 	 0.000783 	 0.063058 	 0.065517
  156 	 0.038245 	 0.064695 	 0.065520
  157 	 0.000049 	 0.063114 	 0.065633
  158 	 0.000196 	 0.062831 	 0.065633
  159 	 0.000783 	 0.063723 	 0.065653
  160 	 0.000049 	 0.063095 	 0.065653
  161 	 0.018523 	 0.064744 	 0.065653
  162 	 0.000049 	 0.063032 	 0.065653
  163 	 0.000049 	 0.063515 	 0.065663
  164 	 0.000196 	 0.064229 	 0.065663
  165 	 0.000049 	 0.063831 	 0.065665
  166 	 0.001567 	 0.064973 	 0.065663
  167 	 0.000098 	 0.064434 	 0.065667
  168 	 0.009636 	 0.063710 	 0.065667
  169 	 0.009277 	 0.063873 	 0.065676
  170 	 0.006225 	 0.063840 	 0.065676
  171 	 0.000098 	 0.064259 	 0.065676
  172 	 0.000392 	 0.063813 	 0.065947
  173 	 0.000392 	 0.063640 	 0.065991
  174 	 0.017340 	 0.065039 	 0.065991
  175 	 0.018850 	 0.064421 	 0.065991
  176 	 0.000049 	 0.064418 	 0.065991
  177 	 0.000196 	 0.062692 	 0.065991
  178 	 0.009292 	 0.065030 	 0.065991
  179 	 0.007187 	 0.064490 	 0.065991
  180 	 0.003123 	 0.063180 	 0.066002
  181 	 0.000783 	 0.063979 	 0.066005
  182 	 0.000049 	 0.064564 	 0.066005
  183 	 0.000049 	 0.064407 	 0.066005
  184 	 0.000196 	 0.063950 	 0.066005
  185 	 0.006190 	 0.064907 	 0.066005
  186 	 0.012680 	 0.065382 	 0.066005
  187 	 0.000392 	 0.065170 	 0.066005
  188 	 0.000783 	 0.063779 	 0.066005
  189 	 0.000049 	 0.063006 	 0.066005
  190 	 0.000049 	 0.063758 	 0.066005
  191 	 0.038313 	 0.065527 	 0.066005
  192 	 0.033649 	 0.065632 	 0.066005
  193 	 0.055598 	 0.065759 	 0.066005
  194 	 0.007162 	 0.064937 	 0.066005
  195 	 0.009726 	 0.064931 	 0.066005
  196 	 0.065278 	 0.065995 	 0.066005
  197 	 0.000392 	 0.064895 	 0.066005
  198 	 0.000196 	 0.064352 	 0.066005
  199 	 0.001564 	 0.063688 	 0.066005
  200 	 0.000049 	 0.064820 	 0.066005
  201 	 0.024185 	 0.065201 	 0.066005
  202 	 0.024185 	 0.065212 	 0.066005
  203 	 0.029775 	 0.065537 	 0.066005
  204 	 0.017100 	 0.064343 	 0.066005
  205 	 0.017100 	 0.065417 	 0.066005
  206 	 0.000783 	 0.063349 	 0.066005
  207 	 0.001564 	 0.063747 	 0.066005
  208 	 0.003119 	 0.064504 	 0.066005
  209 	 0.001564 	 0.064151 	 0.066005
  210 	 0.038313 	 0.065617 	 0.066009
  211 	 0.000049 	 0.064282 	 0.066009
  212 	 0.000783 	 0.064101 	 0.066009
  213 	 0.000049 	 0.065101 	 0.066009
  214 	 0.006191 	 0.064550 	 0.066009
  215 	 0.058796 	 0.065596 	 0.066009
  216 	 0.006191 	 0.064826 	 0.066009
  217 	 0.006191 	 0.063989 	 0.066009
  218 	 0.012125 	 0.063687 	 0.066009
  219 	 0.009372 	 0.064879 	 0.066009
  220 	 0.006191 	 0.065330 	 0.066009
  221 	 0.029621 	 0.064753 	 0.066009
  222 	 0.029782 	 0.065554 	 0.066009
  223 	 0.018528 	 0.065430 	 0.066009
  224 	 0.018528 	 0.064685 	 0.066009
  225 	 0.000392 	 0.064684 	 0.066009
  226 	 0.006191 	 0.064358 	 0.066009
  227 	 0.000783 	 0.062863 	 0.066009
  228 	 0.000098 	 0.064729 	 0.066009
  229 	 0.007162 	 0.063895 	 0.066009
  230 	 0.059620 	 0.065841 	 0.066009
  231 	 0.000098 	 0.064192 	 0.066009
  232 	 0.009372 	 0.064198 	 0.066009
  233 	 0.038325 	 0.065516 	 0.066009
  234 	 0.000098 	 0.064757 	 0.066009
  235 	 0.001564 	 0.063892 	 0.066009
  236 	 0.012125 	 0.064662 	 0.066009
  237 	 0.000196 	 0.062938 	 0.066009
  238 	 0.000783 	 0.064567 	 0.066009
  239 	 0.000196 	 0.063230 	 0.066009
  240 	 0.000783 	 0.064022 	 0.066009
  241 	 0.012679 	 0.065334 	 0.066009
  242 	 0.012679 	 0.064716 	 0.066009
  243 	 0.000392 	 0.064026 	 0.066009
  244 	 0.000049 	 0.063897 	 0.066009
  245 	 0.000196 	 0.063137 	 0.066009
  246 	 0.012128 	 0.065054 	 0.066009
  247 	 0.011073 	 0.064173 	 0.066009
  248 	 0.009372 	 0.065021 	 0.066009
  249 	 0.009372 	 0.063915 	 0.066009
  250 	 0.001564 	 0.064577 	 0.066009
  251 	 0.003119 	 0.064607 	 0.066009
  252 	 0.029782 	 0.065122 	 0.066009
  253 	 0.017103 	 0.065141 	 0.066009
  254 	 0.038325 	 0.065154 	 0.066009
  255 	 0.009372 	 0.065245 	 0.066009
  256 	 0.009633 	 0.064723 	 0.066009
  257 	 0.000049 	 0.062015 	 0.066009
  258 	 0.001564 	 0.063666 	 0.066009
  259 	 0.036494 	 0.065610 	 0.066009
  260 	 0.029782 	 0.065089 	 0.066009
  261 	 0.000049 	 0.062842 	 0.066009
  262 	 0.012125 	 0.065391 	 0.066009
  263 	 0.000098 	 0.063469 	 0.066009
  264 	 0.001564 	 0.063477 	 0.066009
  265 	 0.001564 	 0.064110 	 0.066009
  266 	 0.000196 	 0.064849 	 0.066009
  267 	 0.035665 	 0.065459 	 0.066009
  268 	 0.000196 	 0.062354 	 0.066009
  269 	 0.000196 	 0.065203 	 0.066009
  270 	 0.017103 	 0.064802 	 0.066009
  271 	 0.003119 	 0.064475 	 0.066009
  272 	 0.029621 	 0.065537 	 0.066009
  273 	 0.000392 	 0.065157 	 0.066009
  274 	 0.000196 	 0.064818 	 0.066009
  275 	 0.000098 	 0.063619 	 0.066009
  276 	 0.012679 	 0.064378 	 0.066009
  277 	 0.000392 	 0.064393 	 0.066009
  278 	 0.024180 	 0.065200 	 0.066009
  279 	 0.000392 	 0.064907 	 0.066009
  280 	 0.000783 	 0.063289 	 0.066009
  281 	 0.000392 	 0.064027 	 0.066009
  282 	 0.012125 	 0.064828 	 0.066009
  283 	 0.000392 	 0.063796 	 0.066009
  284 	 0.007162 	 0.064486 	 0.066009
  285 	 0.018528 	 0.065361 	 0.066009
  286 	 0.033657 	 0.065458 	 0.066009
  287 	 0.009348 	 0.065090 	 0.066009
  288 	 0.007162 	 0.064756 	 0.066009
  289 	 0.000098 	 0.064364 	 0.066009
  290 	 0.001564 	 0.064596 	 0.066009
  291 	 0.018528 	 0.065025 	 0.066009
  292 	 0.060901 	 0.065908 	 0.066009
  293 	 0.000049 	 0.063091 	 0.066009
  294 	 0.006191 	 0.064433 	 0.066009
  295 	 0.017103 	 0.065105 	 0.066009
  296 	 0.029621 	 0.065149 	 0.066009
  297 	 0.000196 	 0.064322 	 0.066009
  298 	 0.009725 	 0.064217 	 0.066009
  299 	 0.064354 	 0.065989 	 0.066009
  300 	 0.000392 	 0.063595 	 0.066009
  301 	 0.006191 	 0.064854 	 0.066009
  302 	 0.009372 	 0.064509 	 0.066009
  303 	 0.000392 	 0.063875 	 0.066009
  304 	 0.036494 	 0.065666 	 0.066009
  305 	 0.009372 	 0.063741 	 0.066009
  306 	 0.057850 	 0.065778 	 0.066009
  307 	 0.012125 	 0.065079 	 0.066009
  308 	 0.048841 	 0.065676 	 0.066009
  309 	 0.018528 	 0.065089 	 0.066009
  310 	 0.009784 	 0.065362 	 0.066009
  311 	 0.000783 	 0.063811 	 0.066009
  312 	 0.003119 	 0.063809 	 0.066009
  313 	 0.006191 	 0.064194 	 0.066009
  314 	 0.038325 	 0.065707 	 0.066009
  315 	 0.006191 	 0.064882 	 0.066009
  316 	 0.000098 	 0.064131 	 0.066009
  317 	 0.003119 	 0.063157 	 0.066009
  318 	 0.012125 	 0.064452 	 0.066009
  319 	 0.012125 	 0.064929 	 0.066009
  320 	 0.009725 	 0.065034 	 0.066009
  321 	 0.003119 	 0.064402 	 0.066009
  322 	 0.000392 	 0.063690 	 0.066009
  323 	 0.007162 	 0.064846 	 0.066009
  324 	 0.000098 	 0.063799 	 0.066009
  325 	 0.017103 	 0.064919 	 0.066009
  326 	 0.009725 	 0.064811 	 0.066009
  327 	 0.012125 	 0.065428 	 0.066009
  328 	 0.029782 	 0.065551 	 0.066009
  329 	 0.000098 	 0.063759 	 0.066009
  330 	 0.012679 	 0.064696 	 0.066009
  331 	 0.012679 	 0.065417 	 0.066009
  332 	 0.018528 	 0.065272 	 0.066009
  333 	 0.033657 	 0.065508 	 0.066009
  334 	 0.000783 	 0.063988 	 0.066009
  335 	 0.000098 	 0.063878 	 0.066009
  336 	 0.007162 	 0.063990 	 0.066009
  337 	 0.024180 	 0.065586 	 0.066009
  338 	 0.003119 	 0.063642 	 0.066009
  339 	 0.009372 	 0.065011 	 0.066009
  340 	 0.000783 	 0.065250 	 0.066009
  341 	 0.000392 	 0.064581 	 0.066009
  342 	 0.000783 	 0.064479 	 0.066009
  343 	 0.003119 	 0.065288 	 0.066009
  344 	 0.009725 	 0.065126 	 0.066009
  345 	 0.018528 	 0.065283 	 0.066009
  346 	 0.000392 	 0.065178 	 0.066009
  347 	 0.035665 	 0.065318 	 0.066009
  348 	 0.000098 	 0.064289 	 0.066009
  349 	 0.009725 	 0.064661 	 0.066009
  350 	 0.000392 	 0.063233 	 0.066009
  351 	 0.000049 	 0.063643 	 0.066009
  352 	 0.000196 	 0.064145 	 0.066009
  353 	 0.001564 	 0.063598 	 0.066009
  354 	 0.006191 	 0.065294 	 0.066009
  355 	 0.000049 	 0.063754 	 0.066009
  356 	 0.017103 	 0.064473 	 0.066009
  357 	 0.048841 	 0.065639 	 0.066009
  358 	 0.036494 	 0.065611 	 0.066009
  359 	 0.009725 	 0.065237 	 0.066009
  360 	 0.007162 	 0.063539 	 0.066009
  361 	 0.012125 	 0.064532 	 0.066009
  362 	 0.018528 	 0.064303 	 0.066009
  363 	 0.018528 	 0.064664 	 0.066009
  364 	 0.000098 	 0.063988 	 0.066009
  365 	 0.048841 	 0.065383 	 0.066009
  366 	 0.009372 	 0.064700 	 0.066009
  367 	 0.000783 	 0.065265 	 0.066009
  368 	 0.000783 	 0.064214 	 0.066009
  369 	 0.064493 	 0.065981 	 0.066009
  370 	 0.003119 	 0.064095 	 0.066009
  371 	 0.003119 	 0.063959 	 0.066009
  372 	 0.003119 	 0.064895 	 0.066009
  373 	 0.012679 	 0.064217 	 0.066009
  374 	 0.024180 	 0.064677 	 0.066009
  375 	 0.000098 	 0.064852 	 0.066009
  376 	 0.000049 	 0.064766 	 0.066009
  377 	 0.024180 	 0.065203 	 0.066009
  378 	 0.001564 	 0.064188 	 0.066009
  379 	 0.007162 	 0.064023 	 0.066009
  380 	 0.003119 	 0.064660 	 0.066009
  381 	 0.000196 	 0.063828 	 0.066009
  382 	 0.009725 	 0.064384 	 0.066009
  383 	 0.024171 	 0.065503 	 0.066009
  384 	 0.000392 	 0.063200 	 0.066009
  385 	 0.000196 	 0.062707 	 0.066009
  386 	 0.003119 	 0.064578 	 0.066009
  387 	 0.000196 	 0.064113 	 0.066009
  388 	 0.000392 	 0.064396 	 0.066009
  389 	 0.000098 	 0.063065 	 0.066009
  390 	 0.029621 	 0.065101 	 0.066009
  391 	 0.001564 	 0.064237 	 0.066009
  392 	 0.000196 	 0.063403 	 0.066009
  393 	 0.000098 	 0.065337 	 0.066009
  394 	 0.017103 	 0.064443 	 0.066009
  395 	 0.059620 	 0.065816 	 0.066009
  396 	 0.033657 	 0.065574 	 0.066009
  397 	 0.012679 	 0.064916 	 0.066009
  398 	 0.029621 	 0.065520 	 0.066009
  399 	 0.001564 	 0.064293 	 0.066009
  400 	 0.009372 	 0.065405 	 0.066009
  401 	 0.009372 	 0.064698 	 0.066009
  402 	 0.009725 	 0.063854 	 0.066009
  403 	 0.000049 	 0.063289 	 0.066009
  404 	 0.000392 	 0.063245 	 0.066009
  405 	 0.000098 	 0.064656 	 0.066009
  406 	 0.012125 	 0.065351 	 0.066009
  407 	 0.038325 	 0.065643 	 0.066009
  408 	 0.024180 	 0.065063 	 0.066009
  409 	 0.048841 	 0.065737 	 0.066009
  410 	 0.009368 	 0.064131 	 0.066009
  411 	 0.048841 	 0.065828 	 0.066009
  412 	 0.003119 	 0.065073 	 0.066009
  413 	 0.049459 	 0.065696 	 0.066009
  414 	 0.012125 	 0.063618 	 0.066009
  415 	 0.016392 	 0.065016 	 0.066009
  416 	 0.009725 	 0.064368 	 0.066009
  417 	 0.000049 	 0.064146 	 0.066009
  418 	 0.036494 	 0.065337 	 0.066009
  419 	 0.003119 	 0.064865 	 0.066009
  420 	 0.000049 	 0.064540 	 0.066009
  421 	 0.007162 	 0.064606 	 0.066009
  422 	 0.009372 	 0.064371 	 0.066009
  423 	 0.001564 	 0.064905 	 0.066009
  424 	 0.000049 	 0.065190 	 0.066009
  425 	 0.000392 	 0.064391 	 0.066009
  426 	 0.018664 	 0.065217 	 0.066009
  427 	 0.003119 	 0.065362 	 0.066009
  428 	 0.003119 	 0.063662 	 0.066009
  429 	 0.000783 	 0.065347 	 0.066009
  430 	 0.007201 	 0.063992 	 0.066009
  431 	 0.017103 	 0.064817 	 0.066009
  432 	 0.003119 	 0.063908 	 0.066009
  433 	 0.000196 	 0.063395 	 0.066009
  434 	 0.006191 	 0.064423 	 0.066009
  435 	 0.018528 	 0.065412 	 0.066009
  436 	 0.009725 	 0.064856 	 0.066009
  437 	 0.007162 	 0.064141 	 0.066009
  438 	 0.000049 	 0.063321 	 0.066009
  439 	 0.000392 	 0.064295 	 0.066009
  440 	 0.000049 	 0.062496 	 0.066009
  441 	 0.000783 	 0.064567 	 0.066009
  442 	 0.000049 	 0.065112 	 0.066009
  443 	 0.012679 	 0.064240 	 0.066009
  444 	 0.009725 	 0.063668 	 0.066009
  445 	 0.018528 	 0.064731 	 0.066009
  446 	 0.000392 	 0.064977 	 0.066009
  447 	 0.000392 	 0.062946 	 0.066009
  448 	 0.000098 	 0.063101 	 0.066009
  449 	 0.000392 	 0.065296 	 0.066009
  450 	 0.001566 	 0.065364 	 0.066009
  451 	 0.000783 	 0.064187 	 0.066009
  452 	 0.006191 	 0.064320 	 0.066009
  453 	 0.001564 	 0.064132 	 0.066009
  454 	 0.006196 	 0.065321 	 0.066009
  455 	 0.029782 	 0.065327 	 0.066009
  456 	 0.001564 	 0.063944 	 0.066009
  457 	 0.001564 	 0.064493 	 0.066009
  458 	 0.048841 	 0.065612 	 0.066009
  459 	 0.000392 	 0.063860 	 0.066009
  460 	 0.009725 	 0.065367 	 0.066009
  461 	 0.012679 	 0.065006 	 0.066009
  462 	 0.055611 	 0.065812 	 0.066009
  463 	 0.033657 	 0.065489 	 0.066009
  464 	 0.006191 	 0.064247 	 0.066009
  465 	 0.000098 	 0.063423 	 0.066009
  466 	 0.000049 	 0.065263 	 0.066009
  467 	 0.006191 	 0.064984 	 0.066009
  468 	 0.059261 	 0.065827 	 0.066009
  469 	 0.036494 	 0.065342 	 0.066009
  470 	 0.003119 	 0.063757 	 0.066009
  471 	 0.000392 	 0.064443 	 0.066009
  472 	 0.000049 	 0.062587 	 0.066009
  473 	 0.000049 	 0.063445 	 0.066009
  474 	 0.029639 	 0.065012 	 0.066009
  475 	 0.001565 	 0.062737 	 0.066009
  476 	 0.000196 	 0.064697 	 0.066009
  477 	 0.029621 	 0.064912 	 0.066009
  478 	 0.012679 	 0.064835 	 0.066009
  479 	 0.000196 	 0.063992 	 0.066009
  480 	 0.000196 	 0.064296 	 0.066009
  481 	 0.000392 	 0.063578 	 0.066009
  482 	 0.009725 	 0.065293 	 0.066009
  483 	 0.012125 	 0.064623 	 0.066009
  484 	 0.000196 	 0.064998 	 0.066009
  485 	 0.024180 	 0.064995 	 0.066009
  486 	 0.009725 	 0.064526 	 0.066009
  487 	 0.000392 	 0.063492 	 0.066009
  488 	 0.000392 	 0.064967 	 0.066009
  489 	 0.000098 	 0.064184 	 0.066009
  490 	 0.000196 	 0.064964 	 0.066009
  491 	 0.000783 	 0.063746 	 0.066009
  492 	 0.000196 	 0.063513 	 0.066009
  493 	 0.017103 	 0.064669 	 0.066009
  494 	 0.018528 	 0.065206 	 0.066009
  495 	 0.009725 	 0.064628 	 0.066009
  496 	 0.009725 	 0.064819 	 0.066009
  497 	 0.000049 	 0.063938 	 0.066009
  498 	 0.000196 	 0.065100 	 0.066009
  499 	 0.009725 	 0.065129 	 0.066009
 