   0 	 0.000049 	 0.000353 	 0.009360
    1 	 0.000111 	 0.000724 	 0.012864
    2 	 0.000054 	 0.001064 	 0.012864
    3 	 0.000050 	 0.001807 	 0.012926
    4 	 0.000880 	 0.003173 	 0.018569
    5 	 0.000050 	 0.004315 	 0.020124
    6 	 0.000050 	 0.005458 	 0.020124
    7 	 0.000050 	 0.006171 	 0.019188
    8 	 0.000049 	 0.007054 	 0.019188
    9 	 0.000463 	 0.008151 	 0.022999
   10 	 0.000100 	 0.010109 	 0.024749
   11 	 0.000389 	 0.011541 	 0.024749
   12 	 0.000195 	 0.013220 	 0.030773
   13 	 0.002202 	 0.016251 	 0.025900
   14 	 0.000383 	 0.015809 	 0.027139
   15 	 0.000049 	 0.020117 	 0.034350
   16 	 0.000805 	 0.018596 	 0.033354
   17 	 0.009139 	 0.022615 	 0.033679
   18 	 0.010373 	 0.025644 	 0.038448
   19 	 0.001504 	 0.026743 	 0.037142
   20 	 0.000049 	 0.028361 	 0.038448
   21 	 0.000388 	 0.028848 	 0.038457
   22 	 0.013959 	 0.031587 	 0.042906
   23 	 0.012645 	 0.035184 	 0.043009
   24 	 0.000098 	 0.035843 	 0.042906
   25 	 0.014662 	 0.037305 	 0.045902
   26 	 0.015450 	 0.038159 	 0.045902
   27 	 0.014549 	 0.037950 	 0.045905
   28 	 0.001567 	 0.036737 	 0.045902
   29 	 0.014822 	 0.038701 	 0.046591
   30 	 0.008953 	 0.039591 	 0.046958
   31 	 0.000098 	 0.039769 	 0.047525
   32 	 0.011428 	 0.042192 	 0.047582
   33 	 0.001539 	 0.042501 	 0.047584
   34 	 0.000196 	 0.043932 	 0.048063
   35 	 0.006718 	 0.045172 	 0.048072
   36 	 0.001555 	 0.046428 	 0.048072
   37 	 0.013562 	 0.046629 	 0.048121
   38 	 0.001554 	 0.046237 	 0.048690
   39 	 0.000172 	 0.044924 	 0.048651
   40 	 0.000391 	 0.043006 	 0.048775
   41 	 0.015599 	 0.046474 	 0.049608
   42 	 0.000098 	 0.044622 	 0.049608
   43 	 0.000197 	 0.046190 	 0.049608
   44 	 0.009855 	 0.047565 	 0.049697
   45 	 0.000391 	 0.046048 	 0.049913
   46 	 0.000098 	 0.046068 	 0.049913
   47 	 0.009052 	 0.046681 	 0.050081
   48 	 0.000196 	 0.047840 	 0.049958
   49 	 0.009250 	 0.048501 	 0.049958
   50 	 0.013671 	 0.049403 	 0.050039
   51 	 0.033869 	 0.049560 	 0.050696
   52 	 0.045088 	 0.049825 	 0.050906
   53 	 0.031719 	 0.049451 	 0.050954
   54 	 0.006487 	 0.048366 	 0.050255
   55 	 0.000781 	 0.049128 	 0.050426
   56 	 0.003080 	 0.049238 	 0.050426
   57 	 0.006434 	 0.049710 	 0.050480
   58 	 0.050141 	 0.050265 	 0.050481
   59 	 0.000196 	 0.048739 	 0.050554
   60 	 0.011402 	 0.049105 	 0.050585
   61 	 0.035643 	 0.050008 	 0.050806
   62 	 0.000196 	 0.049852 	 0.050806
   63 	 0.018204 	 0.050129 	 0.050822
   64 	 0.006786 	 0.049440 	 0.050827
   65 	 0.000781 	 0.049470 	 0.050822
   66 	 0.000049 	 0.050090 	 0.051067
   67 	 0.000098 	 0.049112 	 0.051094
   68 	 0.001554 	 0.049494 	 0.051280
   69 	 0.041020 	 0.050701 	 0.051257
   70 	 0.006430 	 0.050303 	 0.051623
   71 	 0.001556 	 0.049638 	 0.051623
   72 	 0.000098 	 0.049645 	 0.051623
   73 	 0.043559 	 0.050956 	 0.051623
   74 	 0.000196 	 0.048888 	 0.051411
   75 	 0.000049 	 0.049377 	 0.051496
   76 	 0.017653 	 0.050961 	 0.051539
   77 	 0.048151 	 0.051296 	 0.051616
   78 	 0.000780 	 0.049837 	 0.051616
   79 	 0.000780 	 0.050412 	 0.051688
   80 	 0.000390 	 0.050452 	 0.051766
   81 	 0.002852 	 0.050729 	 0.051766
   82 	 0.006779 	 0.050137 	 0.051985
   83 	 0.016324 	 0.051053 	 0.052025
   84 	 0.003072 	 0.050806 	 0.052241
   85 	 0.000098 	 0.049949 	 0.052258
   86 	 0.000049 	 0.051131 	 0.052536
   87 	 0.000196 	 0.050892 	 0.052555
   88 	 0.000196 	 0.049844 	 0.052923
   89 	 0.000098 	 0.051035 	 0.052923
   90 	 0.013449 	 0.051127 	 0.052923
   91 	 0.018515 	 0.051860 	 0.052923
   92 	 0.000391 	 0.052097 	 0.052923
   93 	 0.000782 	 0.052151 	 0.053467
   94 	 0.000391 	 0.050969 	 0.053467
   95 	 0.003101 	 0.051570 	 0.053467
   96 	 0.011788 	 0.051853 	 0.053502
   97 	 0.016971 	 0.052538 	 0.053502
   98 	 0.001559 	 0.052017 	 0.053502
   99 	 0.000196 	 0.052468 	 0.053502
  100 	 0.016519 	 0.052859 	 0.053502
  101 	 0.017800 	 0.053079 	 0.053566
  102 	 0.000098 	 0.052108 	 0.053566
  103 	 0.003077 	 0.052397 	 0.054063
  104 	 0.003077 	 0.052059 	 0.053621
  105 	 0.000196 	 0.052860 	 0.053621
  106 	 0.000780 	 0.052027 	 0.053639
  107 	 0.026523 	 0.053066 	 0.053639
  108 	 0.008936 	 0.052485 	 0.054018
  109 	 0.020739 	 0.053096 	 0.054091
  110 	 0.000049 	 0.052357 	 0.054063
  111 	 0.016665 	 0.053185 	 0.054091
  112 	 0.031317 	 0.053383 	 0.054087
  113 	 0.011566 	 0.053256 	 0.054161
  114 	 0.003085 	 0.051689 	 0.054161
  115 	 0.006866 	 0.053185 	 0.054162
  116 	 0.000391 	 0.052560 	 0.054169
  117 	 0.000391 	 0.053010 	 0.054184
  118 	 0.033669 	 0.053913 	 0.054201
  119 	 0.011691 	 0.053034 	 0.054201
  120 	 0.000196 	 0.052255 	 0.054201
  121 	 0.011687 	 0.053741 	 0.054213
  122 	 0.009280 	 0.053354 	 0.054213
  123 	 0.000391 	 0.053221 	 0.054222
  124 	 0.018331 	 0.053777 	 0.054230
  125 	 0.016945 	 0.053743 	 0.054239
  126 	 0.000781 	 0.052800 	 0.054246
  127 	 0.000391 	 0.052936 	 0.054280
  128 	 0.000049 	 0.052909 	 0.054280
  129 	 0.024280 	 0.053908 	 0.054308
  130 	 0.009014 	 0.053286 	 0.054280
  131 	 0.000049 	 0.053495 	 0.054308
  132 	 0.044682 	 0.054135 	 0.054308
  133 	 0.018211 	 0.053922 	 0.054322
  134 	 0.000781 	 0.052292 	 0.054322
  135 	 0.000391 	 0.053294 	 0.054322
  136 	 0.009029 	 0.053059 	 0.054322
  137 	 0.018211 	 0.053477 	 0.054323
  138 	 0.000391 	 0.052644 	 0.054323
  139 	 0.006851 	 0.053086 	 0.054334
  140 	 0.009029 	 0.053044 	 0.054334
  141 	 0.018141 	 0.053897 	 0.054334
  142 	 0.009332 	 0.053443 	 0.054335
  143 	 0.049376 	 0.054211 	 0.054335
  144 	 0.006403 	 0.053437 	 0.054346
  145 	 0.000781 	 0.053108 	 0.054346
  146 	 0.000391 	 0.053279 	 0.054349
  147 	 0.000391 	 0.053024 	 0.054349
  148 	 0.000789 	 0.053401 	 0.054349
  149 	 0.009023 	 0.052469 	 0.054349
  150 	 0.000391 	 0.053757 	 0.054349
  151 	 0.053884 	 0.054342 	 0.054349
  152 	 0.000098 	 0.052830 	 0.054354
  153 	 0.000098 	 0.052698 	 0.054355
  154 	 0.000049 	 0.053800 	 0.054355
  155 	 0.050600 	 0.054294 	 0.054356
  156 	 0.000049 	 0.053347 	 0.054356
  157 	 0.049158 	 0.054250 	 0.054359
  158 	 0.018180 	 0.053852 	 0.054356
  159 	 0.001557 	 0.053243 	 0.054356
  160 	 0.018194 	 0.053550 	 0.054360
  161 	 0.045038 	 0.054202 	 0.054360
  162 	 0.000049 	 0.053232 	 0.054356
  163 	 0.000196 	 0.052226 	 0.054356
  164 	 0.031764 	 0.053992 	 0.054356
  165 	 0.000196 	 0.053229 	 0.054356
  166 	 0.009326 	 0.053088 	 0.054356
  167 	 0.045052 	 0.054189 	 0.054356
  168 	 0.033773 	 0.054005 	 0.054360
  169 	 0.024444 	 0.054007 	 0.054360
  170 	 0.006402 	 0.053087 	 0.054360
  171 	 0.001557 	 0.052844 	 0.054360
  172 	 0.033768 	 0.053782 	 0.054360
  173 	 0.006394 	 0.053848 	 0.054360
  174 	 0.033241 	 0.054081 	 0.054360
  175 	 0.045085 	 0.054201 	 0.054360
  176 	 0.000391 	 0.052836 	 0.054360
  177 	 0.009028 	 0.053214 	 0.054360
  178 	 0.005303 	 0.053547 	 0.054360
  179 	 0.009028 	 0.053125 	 0.054360
  180 	 0.009324 	 0.053358 	 0.054360
  181 	 0.033806 	 0.053811 	 0.054360
  182 	 0.000391 	 0.052651 	 0.054360
  183 	 0.000391 	 0.053351 	 0.054360
  184 	 0.045083 	 0.054215 	 0.054360
  185 	 0.024450 	 0.053681 	 0.054363
  186 	 0.018200 	 0.053700 	 0.054363
  187 	 0.000049 	 0.052625 	 0.054360
  188 	 0.050598 	 0.054269 	 0.054360
  189 	 0.045075 	 0.054216 	 0.054360
  190 	 0.000049 	 0.053128 	 0.054360
  191 	 0.001557 	 0.053260 	 0.054360
  192 	 0.006852 	 0.053502 	 0.054360
  193 	 0.000049 	 0.053250 	 0.054360
  194 	 0.009325 	 0.053223 	 0.054360
  195 	 0.050598 	 0.054303 	 0.054360
  196 	 0.013505 	 0.053799 	 0.054360
  197 	 0.000196 	 0.053609 	 0.054360
  198 	 0.053089 	 0.054338 	 0.054363
  199 	 0.000391 	 0.052599 	 0.054363
  200 	 0.000391 	 0.052233 	 0.054360
  201 	 0.016863 	 0.053609 	 0.054360
  202 	 0.006401 	 0.053721 	 0.054360
  203 	 0.003090 	 0.053388 	 0.054360
  204 	 0.009324 	 0.053634 	 0.054360
  205 	 0.009028 	 0.053590 	 0.054360
  206 	 0.049100 	 0.054270 	 0.054363
  207 	 0.000781 	 0.052795 	 0.054363
  208 	 0.000391 	 0.051959 	 0.054363
  209 	 0.000098 	 0.053132 	 0.054363
  210 	 0.018214 	 0.053755 	 0.054363
  211 	 0.000098 	 0.052887 	 0.054363
  212 	 0.006854 	 0.053126 	 0.054363
  213 	 0.000049 	 0.052706 	 0.054363
  214 	 0.009325 	 0.053289 	 0.054363
  215 	 0.045096 	 0.054101 	 0.054363
  216 	 0.000196 	 0.053791 	 0.054363
  217 	 0.000391 	 0.053422 	 0.054363
  218 	 0.000098 	 0.052006 	 0.054363
  219 	 0.000196 	 0.053334 	 0.054363
  220 	 0.000781 	 0.053063 	 0.054363
  221 	 0.013501 	 0.053843 	 0.054363
  222 	 0.000098 	 0.052499 	 0.054363
  223 	 0.009322 	 0.053691 	 0.054363
  224 	 0.013501 	 0.053887 	 0.054363
  225 	 0.018212 	 0.053196 	 0.054363
  226 	 0.050744 	 0.054311 	 0.054363
  227 	 0.000391 	 0.053038 	 0.054363
  228 	 0.011651 	 0.053284 	 0.054363
  229 	 0.052108 	 0.054334 	 0.054363
  230 	 0.000049 	 0.052815 	 0.054363
  231 	 0.003090 	 0.052838 	 0.054363
  232 	 0.053389 	 0.054338 	 0.054363
  233 	 0.006854 	 0.053574 	 0.054363
  234 	 0.009031 	 0.052932 	 0.054363
  235 	 0.000391 	 0.052780 	 0.054363
  236 	 0.033266 	 0.054077 	 0.054363
  237 	 0.000391 	 0.052845 	 0.054363
  238 	 0.003090 	 0.053283 	 0.054363
  239 	 0.000391 	 0.053671 	 0.054363
  240 	 0.018214 	 0.053638 	 0.054363
  241 	 0.000781 	 0.053695 	 0.054363
  242 	 0.000781 	 0.053648 	 0.054363
  243 	 0.006399 	 0.053524 	 0.054363
  244 	 0.011651 	 0.053581 	 0.054363
  245 	 0.001557 	 0.053213 	 0.054363
  246 	 0.000391 	 0.053198 	 0.054363
  247 	 0.013501 	 0.053710 	 0.054363
  248 	 0.000196 	 0.053295 	 0.054363
  249 	 0.000391 	 0.052210 	 0.054363
  250 	 0.052235 	 0.054338 	 0.054363
  251 	 0.000098 	 0.053085 	 0.054363
  252 	 0.000098 	 0.051103 	 0.054363
  253 	 0.043456 	 0.054170 	 0.054363
  254 	 0.009031 	 0.053372 	 0.054363
  255 	 0.006399 	 0.053746 	 0.054363
  256 	 0.049055 	 0.054293 	 0.054363
  257 	 0.000196 	 0.053257 	 0.054363
  258 	 0.000196 	 0.053248 	 0.054363
  259 	 0.013501 	 0.053828 	 0.054363
  260 	 0.000781 	 0.052638 	 0.054363
  261 	 0.000781 	 0.053413 	 0.054363
  262 	 0.000391 	 0.052503 	 0.054363
  263 	 0.000196 	 0.052298 	 0.054363
  264 	 0.000391 	 0.053546 	 0.054363
  265 	 0.000391 	 0.051228 	 0.054363
  266 	 0.006854 	 0.053042 	 0.054363
  267 	 0.009031 	 0.053324 	 0.054363
  268 	 0.000098 	 0.053240 	 0.054363
  269 	 0.000196 	 0.052931 	 0.054363
  270 	 0.000098 	 0.053042 	 0.054363
  271 	 0.000196 	 0.052958 	 0.054363
  272 	 0.018214 	 0.053894 	 0.054363
  273 	 0.009321 	 0.053280 	 0.054363
  274 	 0.011651 	 0.053103 	 0.054363
  275 	 0.001556 	 0.052677 	 0.054363
  276 	 0.000781 	 0.053782 	 0.054363
  277 	 0.000781 	 0.052490 	 0.054363
  278 	 0.011651 	 0.053441 	 0.054363
  279 	 0.011651 	 0.053513 	 0.054363
  280 	 0.019104 	 0.053791 	 0.054363
  281 	 0.000391 	 0.053402 	 0.054363
  282 	 0.000098 	 0.053704 	 0.054363
  283 	 0.006399 	 0.052955 	 0.054363
  284 	 0.000049 	 0.052065 	 0.054363
  285 	 0.000196 	 0.052834 	 0.054363
  286 	 0.009031 	 0.052674 	 0.054363
  287 	 0.000049 	 0.053704 	 0.054363
  288 	 0.033266 	 0.054123 	 0.054363
  289 	 0.049253 	 0.054286 	 0.054363
  290 	 0.009321 	 0.053000 	 0.054363
  291 	 0.001557 	 0.053442 	 0.054363
  292 	 0.000781 	 0.052213 	 0.054363
  293 	 0.031816 	 0.054047 	 0.054363
  294 	 0.006399 	 0.053749 	 0.054363
  295 	 0.000098 	 0.053771 	 0.054363
  296 	 0.000781 	 0.052977 	 0.054363
  297 	 0.021019 	 0.053624 	 0.054363
  298 	 0.000391 	 0.052221 	 0.054363
  299 	 0.009031 	 0.052684 	 0.054363
  300 	 0.000049 	 0.053767 	 0.054363
  301 	 0.009031 	 0.053892 	 0.054363
  302 	 0.021019 	 0.054015 	 0.054363
  303 	 0.033845 	 0.053994 	 0.054363
  304 	 0.018214 	 0.053624 	 0.054363
  305 	 0.021019 	 0.053959 	 0.054363
  306 	 0.016871 	 0.053104 	 0.054363
  307 	 0.000098 	 0.052523 	 0.054363
  308 	 0.000781 	 0.052621 	 0.054363
  309 	 0.000196 	 0.051963 	 0.054363
  310 	 0.003090 	 0.053063 	 0.054363
  311 	 0.006399 	 0.053343 	 0.054363
  312 	 0.006854 	 0.052997 	 0.054363
  313 	 0.000196 	 0.052481 	 0.054363
  314 	 0.000781 	 0.052495 	 0.054363
  315 	 0.000098 	 0.052871 	 0.054363
  316 	 0.000098 	 0.053551 	 0.054363
  317 	 0.000098 	 0.053798 	 0.054363
  318 	 0.003090 	 0.053475 	 0.054363
  319 	 0.011651 	 0.053844 	 0.054363
  320 	 0.053152 	 0.054329 	 0.054363
  321 	 0.000049 	 0.052737 	 0.054363
  322 	 0.000098 	 0.052937 	 0.054363
  323 	 0.000781 	 0.052707 	 0.054363
  324 	 0.000049 	 0.052739 	 0.054363
  325 	 0.000196 	 0.052554 	 0.054363
  326 	 0.003090 	 0.052280 	 0.054363
  327 	 0.009031 	 0.053027 	 0.054363
  328 	 0.000049 	 0.053226 	 0.054363
  329 	 0.006854 	 0.053629 	 0.054363
  330 	 0.000391 	 0.052631 	 0.054363
  331 	 0.000098 	 0.051984 	 0.054363
  332 	 0.000391 	 0.053723 	 0.054363
  333 	 0.000196 	 0.053206 	 0.054363
  334 	 0.000098 	 0.052433 	 0.054363
  335 	 0.018214 	 0.053442 	 0.054363
  336 	 0.006399 	 0.053526 	 0.054363
  337 	 0.000049 	 0.053340 	 0.054363
  338 	 0.000781 	 0.052283 	 0.054363
  339 	 0.016862 	 0.053129 	 0.054363
  340 	 0.003090 	 0.053275 	 0.054363
  341 	 0.000098 	 0.053815 	 0.054363
  342 	 0.016871 	 0.053878 	 0.054363
  343 	 0.045727 	 0.054158 	 0.054363
  344 	 0.011651 	 0.053727 	 0.054363
  345 	 0.001557 	 0.052905 	 0.054363
  346 	 0.009321 	 0.053368 	 0.054363
  347 	 0.003090 	 0.053768 	 0.054363
  348 	 0.001557 	 0.053083 	 0.054363
  349 	 0.006399 	 0.053749 	 0.054363
  350 	 0.013501 	 0.053384 	 0.054363
  351 	 0.011651 	 0.053415 	 0.054363
  352 	 0.006854 	 0.053439 	 0.054363
  353 	 0.000391 	 0.053274 	 0.054363
  354 	 0.018214 	 0.053547 	 0.054363
  355 	 0.001557 	 0.053229 	 0.054363
  356 	 0.000098 	 0.053410 	 0.054363
  357 	 0.000049 	 0.052926 	 0.054363
  358 	 0.006399 	 0.052791 	 0.054363
  359 	 0.000098 	 0.053149 	 0.054363
  360 	 0.001557 	 0.052491 	 0.054363
  361 	 0.000391 	 0.052928 	 0.054363
  362 	 0.053389 	 0.054347 	 0.054363
  363 	 0.021019 	 0.053888 	 0.054363
  364 	 0.000049 	 0.052571 	 0.054363
  365 	 0.033266 	 0.054049 	 0.054363
  366 	 0.000098 	 0.053161 	 0.054363
  367 	 0.009321 	 0.052933 	 0.054363
  368 	 0.013501 	 0.052875 	 0.054363
  369 	 0.000098 	 0.052546 	 0.054363
  370 	 0.000098 	 0.051974 	 0.054363
  371 	 0.033266 	 0.054087 	 0.054363
  372 	 0.053150 	 0.054347 	 0.054363
  373 	 0.000196 	 0.052601 	 0.054363
  374 	 0.043456 	 0.054161 	 0.054363
  375 	 0.051742 	 0.054322 	 0.054363
  376 	 0.000049 	 0.053028 	 0.054363
  377 	 0.000049 	 0.052070 	 0.054363
  378 	 0.000391 	 0.053392 	 0.054363
  379 	 0.006399 	 0.053605 	 0.054363
  380 	 0.000098 	 0.052731 	 0.054363
  381 	 0.016871 	 0.053090 	 0.054363
  382 	 0.000049 	 0.052726 	 0.054363
  383 	 0.003090 	 0.053184 	 0.054363
  384 	 0.001557 	 0.052031 	 0.054363
  385 	 0.001557 	 0.052996 	 0.054363
  386 	 0.043456 	 0.054135 	 0.054363
  387 	 0.031816 	 0.054002 	 0.054363
  388 	 0.000391 	 0.053189 	 0.054363
  389 	 0.028523 	 0.054076 	 0.054363
  390 	 0.009031 	 0.053596 	 0.054363
  391 	 0.000196 	 0.052832 	 0.054363
  392 	 0.016871 	 0.053974 	 0.054363
  393 	 0.000781 	 0.053827 	 0.054363
  394 	 0.000098 	 0.052670 	 0.054363
  395 	 0.000391 	 0.053379 	 0.054363
  396 	 0.000781 	 0.053311 	 0.054363
  397 	 0.009031 	 0.053075 	 0.054363
  398 	 0.016871 	 0.053861 	 0.054363
  399 	 0.009031 	 0.052996 	 0.054363
  400 	 0.045128 	 0.054265 	 0.054363
  401 	 0.038379 	 0.054010 	 0.054363
  402 	 0.001557 	 0.053058 	 0.054363
  403 	 0.000196 	 0.052227 	 0.054363
  404 	 0.033845 	 0.054019 	 0.054363
  405 	 0.021019 	 0.053844 	 0.054363
  406 	 0.009031 	 0.053036 	 0.054363
  407 	 0.000781 	 0.053387 	 0.054363
  408 	 0.000098 	 0.053461 	 0.054363
  409 	 0.000196 	 0.053505 	 0.054363
  410 	 0.018214 	 0.053775 	 0.054363
  411 	 0.000391 	 0.053251 	 0.054363
  412 	 0.006399 	 0.053713 	 0.054363
  413 	 0.000196 	 0.053776 	 0.054363
  414 	 0.049055 	 0.054255 	 0.054363
  415 	 0.045727 	 0.054204 	 0.054363
  416 	 0.045727 	 0.054225 	 0.054363
  417 	 0.009031 	 0.053577 	 0.054363
  418 	 0.001557 	 0.051890 	 0.054363
  419 	 0.018214 	 0.052865 	 0.054363
  420 	 0.000196 	 0.052356 	 0.054363
  421 	 0.028523 	 0.053771 	 0.054363
  422 	 0.029462 	 0.053760 	 0.054363
  423 	 0.043440 	 0.054169 	 0.054363
  424 	 0.000049 	 0.053791 	 0.054363
  425 	 0.000098 	 0.050520 	 0.054363
  426 	 0.000098 	 0.052733 	 0.054363
  427 	 0.000049 	 0.053338 	 0.054363
  428 	 0.003090 	 0.053399 	 0.054363
  429 	 0.006854 	 0.053577 	 0.054363
  430 	 0.028514 	 0.054044 	 0.054363
  431 	 0.021019 	 0.053987 	 0.054363
  432 	 0.000196 	 0.052221 	 0.054363
  433 	 0.006399 	 0.052440 	 0.054363
  434 	 0.049055 	 0.054162 	 0.054363
  435 	 0.013501 	 0.053558 	 0.054363
  436 	 0.006854 	 0.053873 	 0.054363
  437 	 0.000049 	 0.052958 	 0.054363
  438 	 0.006399 	 0.053101 	 0.054363
  439 	 0.000391 	 0.053257 	 0.054363
  440 	 0.000049 	 0.052142 	 0.054363
  441 	 0.000196 	 0.053268 	 0.054363
  442 	 0.000391 	 0.052379 	 0.054363
  443 	 0.013491 	 0.053038 	 0.054363
  444 	 0.043207 	 0.054170 	 0.054363
  445 	 0.018214 	 0.053239 	 0.054363
  446 	 0.043440 	 0.054248 	 0.054363
  447 	 0.000196 	 0.052368 	 0.054363
  448 	 0.006854 	 0.053388 	 0.054363
  449 	 0.021019 	 0.054006 	 0.054363
  450 	 0.009026 	 0.053894 	 0.054363
  451 	 0.018214 	 0.053958 	 0.054363
  452 	 0.000391 	 0.053706 	 0.054363
  453 	 0.001557 	 0.052617 	 0.054363
  454 	 0.000098 	 0.053057 	 0.054363
  455 	 0.000196 	 0.053030 	 0.054363
  456 	 0.000049 	 0.053128 	 0.054363
  457 	 0.000391 	 0.053056 	 0.054363
  458 	 0.003090 	 0.052763 	 0.054363
  459 	 0.000196 	 0.053270 	 0.054363
  460 	 0.009321 	 0.053885 	 0.054363
  461 	 0.054212 	 0.054360 	 0.054363
  462 	 0.000098 	 0.053196 	 0.054363
  463 	 0.000049 	 0.052601 	 0.054363
  464 	 0.031816 	 0.054089 	 0.054363
  465 	 0.003090 	 0.053272 	 0.054363
  466 	 0.016703 	 0.053900 	 0.054363
  467 	 0.013501 	 0.053280 	 0.054363
  468 	 0.028523 	 0.054014 	 0.054363
  469 	 0.000196 	 0.051694 	 0.054363
  470 	 0.018214 	 0.053765 	 0.054363
  471 	 0.000391 	 0.052970 	 0.054363
  472 	 0.000196 	 0.052427 	 0.054363
  473 	 0.031816 	 0.053903 	 0.054363
  474 	 0.011651 	 0.052317 	 0.054363
  475 	 0.052108 	 0.054296 	 0.054363
  476 	 0.009321 	 0.053083 	 0.054363
  477 	 0.000391 	 0.053290 	 0.054363
  478 	 0.006399 	 0.053737 	 0.054363
  479 	 0.000049 	 0.052153 	 0.054363
  480 	 0.000049 	 0.052526 	 0.054363
  481 	 0.000049 	 0.053783 	 0.054363
  482 	 0.033266 	 0.054149 	 0.054363
  483 	 0.018214 	 0.053959 	 0.054363
  484 	 0.006854 	 0.053095 	 0.054363
  485 	 0.000049 	 0.053581 	 0.054363
  486 	 0.006854 	 0.053844 	 0.054363
  487 	 0.000781 	 0.053251 	 0.054363
  488 	 0.001557 	 0.053055 	 0.054363
  489 	 0.000049 	 0.051965 	 0.054363
  490 	 0.000049 	 0.053185 	 0.054363
  491 	 0.000196 	 0.053228 	 0.054363
  492 	 0.000098 	 0.052894 	 0.054363
  493 	 0.000781 	 0.052455 	 0.054363
  494 	 0.000098 	 0.052988 	 0.054363
  495 	 0.043440 	 0.054228 	 0.054363
  496 	 0.006854 	 0.053350 	 0.054363
  497 	 0.009321 	 0.053637 	 0.054363
  498 	 0.000196 	 0.052491 	 0.054363
  499 	 0.009031 	 0.052261 	 0.054363
 