   0 	 0.000049 	 0.000329 	 0.004574
    1 	 0.000056 	 0.001086 	 0.020934
    2 	 0.000172 	 0.001441 	 0.015315
    3 	 0.000050 	 0.002489 	 0.024152
    4 	 0.000101 	 0.004879 	 0.024452
    5 	 0.000049 	 0.006931 	 0.024152
    6 	 0.003100 	 0.010841 	 0.034203
    7 	 0.003754 	 0.014897 	 0.034445
    8 	 0.000751 	 0.016775 	 0.033803
    9 	 0.000049 	 0.017342 	 0.029964
   10 	 0.001568 	 0.020937 	 0.030512
   11 	 0.000049 	 0.023406 	 0.030512
   12 	 0.017803 	 0.025099 	 0.030708
   13 	 0.000390 	 0.024191 	 0.029964
   14 	 0.000049 	 0.024801 	 0.031772
   15 	 0.000049 	 0.026100 	 0.033359
   16 	 0.001540 	 0.025244 	 0.033629
   17 	 0.012543 	 0.026531 	 0.033629
   18 	 0.011498 	 0.027284 	 0.033834
   19 	 0.001535 	 0.028214 	 0.033842
   20 	 0.005691 	 0.028149 	 0.033971
   21 	 0.011166 	 0.030523 	 0.034660
   22 	 0.006480 	 0.031663 	 0.034691
   23 	 0.013808 	 0.033220 	 0.035668
   24 	 0.011387 	 0.033698 	 0.037657
   25 	 0.001565 	 0.033608 	 0.036758
   26 	 0.008864 	 0.034069 	 0.037271
   27 	 0.007868 	 0.035015 	 0.038725
   28 	 0.010025 	 0.035993 	 0.038463
   29 	 0.000049 	 0.036076 	 0.038593
   30 	 0.026103 	 0.037001 	 0.041322
   31 	 0.000390 	 0.036790 	 0.041963
   32 	 0.000098 	 0.037812 	 0.042190
   33 	 0.000049 	 0.038223 	 0.042190
   34 	 0.037688 	 0.040174 	 0.042128
   35 	 0.039267 	 0.041202 	 0.042241
   36 	 0.000049 	 0.040931 	 0.044493
   37 	 0.011869 	 0.041189 	 0.044986
   38 	 0.007084 	 0.041293 	 0.044986
   39 	 0.000196 	 0.041630 	 0.044986
   40 	 0.000049 	 0.041277 	 0.045834
   41 	 0.021538 	 0.043416 	 0.045830
   42 	 0.000391 	 0.043445 	 0.045830
   43 	 0.001556 	 0.044176 	 0.046385
   44 	 0.011303 	 0.044673 	 0.046385
   45 	 0.000098 	 0.044556 	 0.046385
   46 	 0.044823 	 0.045567 	 0.046417
   47 	 0.006224 	 0.045057 	 0.046433
   48 	 0.000098 	 0.044916 	 0.046863
   49 	 0.045130 	 0.046125 	 0.047249
   50 	 0.009654 	 0.045640 	 0.047530
   51 	 0.003117 	 0.045245 	 0.047530
   52 	 0.000098 	 0.045521 	 0.048201
   53 	 0.000049 	 0.045551 	 0.048162
   54 	 0.016160 	 0.046600 	 0.048306
   55 	 0.009243 	 0.046861 	 0.048319
   56 	 0.006181 	 0.046376 	 0.048936
   57 	 0.037294 	 0.047863 	 0.049079
   58 	 0.022143 	 0.047693 	 0.049186
   59 	 0.000049 	 0.046012 	 0.049296
   60 	 0.011782 	 0.048055 	 0.049296
   61 	 0.000098 	 0.047288 	 0.049361
   62 	 0.000196 	 0.047483 	 0.049361
   63 	 0.000196 	 0.047547 	 0.049298
   64 	 0.016505 	 0.048319 	 0.049372
   65 	 0.006968 	 0.048363 	 0.049372
   66 	 0.000196 	 0.048377 	 0.049376
   67 	 0.000196 	 0.047430 	 0.049548
   68 	 0.000783 	 0.048339 	 0.049548
   69 	 0.006294 	 0.047770 	 0.049549
   70 	 0.035210 	 0.049142 	 0.049549
   71 	 0.016308 	 0.048705 	 0.049580
   72 	 0.000049 	 0.047895 	 0.049580
   73 	 0.009908 	 0.049069 	 0.049580
   74 	 0.046221 	 0.049474 	 0.049582
   75 	 0.000098 	 0.047635 	 0.049585
   76 	 0.000098 	 0.047316 	 0.049587
   77 	 0.000049 	 0.047972 	 0.049627
   78 	 0.009309 	 0.048586 	 0.049627
   79 	 0.021853 	 0.049247 	 0.049641
   80 	 0.000392 	 0.047073 	 0.049713
   81 	 0.000392 	 0.047771 	 0.049713
   82 	 0.019807 	 0.048981 	 0.049713
   83 	 0.043739 	 0.049574 	 0.049713
   84 	 0.021978 	 0.049359 	 0.049712
   85 	 0.000196 	 0.048021 	 0.049713
   86 	 0.000783 	 0.047156 	 0.049742
   87 	 0.000392 	 0.048751 	 0.049761
   88 	 0.000049 	 0.048388 	 0.049758
   89 	 0.000049 	 0.047433 	 0.049772
   90 	 0.044263 	 0.049640 	 0.049772
   91 	 0.025184 	 0.049360 	 0.049795
   92 	 0.049692 	 0.049749 	 0.049800
   93 	 0.013057 	 0.049382 	 0.049830
   94 	 0.009224 	 0.049300 	 0.049835
   95 	 0.000196 	 0.049207 	 0.049844
   96 	 0.021659 	 0.049472 	 0.049844
   97 	 0.039085 	 0.049702 	 0.049852
   98 	 0.027037 	 0.049453 	 0.049852
   99 	 0.001565 	 0.048622 	 0.049852
  100 	 0.006959 	 0.049009 	 0.049870
  101 	 0.000049 	 0.047425 	 0.049859
  102 	 0.006253 	 0.048842 	 0.049870
  103 	 0.016372 	 0.049225 	 0.049875
  104 	 0.000098 	 0.048950 	 0.049872
  105 	 0.006967 	 0.048812 	 0.049872
  106 	 0.000098 	 0.048859 	 0.049872
  107 	 0.000098 	 0.048476 	 0.049886
  108 	 0.009832 	 0.049239 	 0.049887
  109 	 0.009571 	 0.048546 	 0.049887
  110 	 0.001565 	 0.049193 	 0.049888
  111 	 0.012010 	 0.049253 	 0.049888
  112 	 0.006266 	 0.049334 	 0.049888
  113 	 0.019516 	 0.049314 	 0.049888
  114 	 0.000196 	 0.046864 	 0.049888
  115 	 0.013033 	 0.049047 	 0.049888
  116 	 0.000097 	 0.048672 	 0.049888
  117 	 0.006271 	 0.048687 	 0.049888
  118 	 0.011993 	 0.048937 	 0.049900
  119 	 0.013034 	 0.049508 	 0.049900
  120 	 0.029879 	 0.049454 	 0.049900
  121 	 0.027198 	 0.049288 	 0.049900
  122 	 0.034628 	 0.049451 	 0.049902
  123 	 0.016487 	 0.049240 	 0.049902
  124 	 0.000196 	 0.047812 	 0.049906
  125 	 0.000783 	 0.048548 	 0.049906
  126 	 0.021917 	 0.049438 	 0.049906
  127 	 0.000098 	 0.049242 	 0.049906
  128 	 0.000392 	 0.049274 	 0.049906
  129 	 0.019493 	 0.049500 	 0.049906
  130 	 0.000049 	 0.048462 	 0.049907
  131 	 0.017625 	 0.049390 	 0.049907
  132 	 0.047727 	 0.049880 	 0.049939
  133 	 0.046749 	 0.049873 	 0.049939
  134 	 0.000196 	 0.048496 	 0.049939
  135 	 0.000783 	 0.049093 	 0.049939
  136 	 0.021939 	 0.049565 	 0.049939
  137 	 0.027211 	 0.049538 	 0.049941
  138 	 0.000049 	 0.049306 	 0.049939
  139 	 0.000783 	 0.049030 	 0.049939
  140 	 0.047438 	 0.049908 	 0.049939
  141 	 0.033101 	 0.049546 	 0.049939
  142 	 0.000049 	 0.048506 	 0.049939
  143 	 0.003119 	 0.048946 	 0.049940
  144 	 0.006958 	 0.049063 	 0.049941
  145 	 0.000783 	 0.048768 	 0.049941
  146 	 0.012006 	 0.049120 	 0.049941
  147 	 0.000783 	 0.049274 	 0.049941
  148 	 0.046427 	 0.049901 	 0.049941
  149 	 0.000049 	 0.048139 	 0.049941
  150 	 0.025327 	 0.049600 	 0.049941
  151 	 0.000196 	 0.047197 	 0.049941
  152 	 0.009277 	 0.049322 	 0.049941
  153 	 0.041377 	 0.049843 	 0.049941
  154 	 0.000049 	 0.049066 	 0.049941
  155 	 0.017613 	 0.049271 	 0.049941
  156 	 0.003118 	 0.048607 	 0.049942
  157 	 0.003119 	 0.049006 	 0.049942
  158 	 0.000049 	 0.047132 	 0.049942
  159 	 0.006267 	 0.048879 	 0.049942
  160 	 0.003118 	 0.048730 	 0.049942
  161 	 0.000098 	 0.048942 	 0.049942
  162 	 0.013027 	 0.049499 	 0.049942
  163 	 0.000392 	 0.048190 	 0.049942
  164 	 0.000392 	 0.048824 	 0.049943
  165 	 0.000783 	 0.049404 	 0.049942
  166 	 0.000196 	 0.049009 	 0.049943
  167 	 0.000783 	 0.049053 	 0.049942
  168 	 0.000098 	 0.048589 	 0.049942
  169 	 0.049059 	 0.049920 	 0.049946
  170 	 0.019478 	 0.049623 	 0.049946
  171 	 0.012002 	 0.049252 	 0.049946
  172 	 0.037722 	 0.049463 	 0.049946
  173 	 0.000049 	 0.048534 	 0.049946
  174 	 0.001564 	 0.048968 	 0.049946
  175 	 0.034713 	 0.049704 	 0.049946
  176 	 0.004879 	 0.049266 	 0.049946
  177 	 0.033096 	 0.049674 	 0.049946
  178 	 0.000783 	 0.048994 	 0.049946
  179 	 0.019473 	 0.049561 	 0.049946
  180 	 0.006957 	 0.049099 	 0.049946
  181 	 0.006957 	 0.049510 	 0.049946
  182 	 0.013027 	 0.048509 	 0.049946
  183 	 0.029923 	 0.049724 	 0.049946
  184 	 0.000783 	 0.048168 	 0.049946
  185 	 0.000783 	 0.048613 	 0.049946
  186 	 0.000049 	 0.049022 	 0.049946
  187 	 0.047461 	 0.049854 	 0.049946
  188 	 0.038940 	 0.049821 	 0.049946
  189 	 0.029923 	 0.049631 	 0.049946
  190 	 0.001577 	 0.049458 	 0.049946
  191 	 0.001564 	 0.048800 	 0.049946
  192 	 0.001564 	 0.049093 	 0.049946
  193 	 0.000392 	 0.049441 	 0.049946
  194 	 0.012000 	 0.049393 	 0.049946
  195 	 0.037736 	 0.049669 	 0.049946
  196 	 0.013027 	 0.049191 	 0.049946
  197 	 0.009814 	 0.048972 	 0.049946
  198 	 0.041356 	 0.049781 	 0.049946
  199 	 0.016503 	 0.049387 	 0.049946
  200 	 0.007049 	 0.048976 	 0.049946
  201 	 0.016503 	 0.049508 	 0.049946
  202 	 0.000049 	 0.048506 	 0.049946
  203 	 0.017605 	 0.049251 	 0.049946
  204 	 0.000783 	 0.049128 	 0.049946
  205 	 0.000392 	 0.048695 	 0.049946
  206 	 0.000196 	 0.048729 	 0.049946
  207 	 0.000194 	 0.049002 	 0.049946
  208 	 0.000049 	 0.048577 	 0.049946
  209 	 0.047461 	 0.049887 	 0.049946
  210 	 0.001411 	 0.048540 	 0.049946
  211 	 0.006268 	 0.049493 	 0.049946
  212 	 0.000098 	 0.049294 	 0.049946
  213 	 0.009814 	 0.049510 	 0.049946
  214 	 0.033079 	 0.049767 	 0.049946
  215 	 0.000098 	 0.049089 	 0.049946
  216 	 0.025311 	 0.049505 	 0.049946
  217 	 0.001564 	 0.049450 	 0.049946
  218 	 0.034693 	 0.049588 	 0.049946
  219 	 0.009274 	 0.049331 	 0.049946
  220 	 0.012000 	 0.049307 	 0.049946
  221 	 0.001564 	 0.049350 	 0.049946
  222 	 0.000049 	 0.049300 	 0.049946
  223 	 0.000196 	 0.048650 	 0.049946
  224 	 0.021906 	 0.049663 	 0.049946
  225 	 0.046797 	 0.049856 	 0.049946
  226 	 0.000098 	 0.049170 	 0.049946
  227 	 0.000098 	 0.048059 	 0.049946
  228 	 0.006266 	 0.049487 	 0.049946
  229 	 0.000098 	 0.049403 	 0.049946
  230 	 0.043900 	 0.049869 	 0.049947
  231 	 0.000049 	 0.049143 	 0.049946
  232 	 0.013022 	 0.049170 	 0.049946
  233 	 0.021933 	 0.049189 	 0.049946
  234 	 0.000098 	 0.049355 	 0.049946
  235 	 0.000049 	 0.049110 	 0.049946
  236 	 0.012008 	 0.049449 	 0.049946
  237 	 0.025332 	 0.049627 	 0.049946
  238 	 0.000098 	 0.049283 	 0.049946
  239 	 0.000049 	 0.047484 	 0.049946
  240 	 0.000392 	 0.049007 	 0.049946
  241 	 0.019496 	 0.049336 	 0.049946
  242 	 0.034764 	 0.049760 	 0.049946
  243 	 0.000098 	 0.048706 	 0.049946
  244 	 0.000783 	 0.048772 	 0.049946
  245 	 0.000049 	 0.049013 	 0.049946
  246 	 0.001564 	 0.046956 	 0.049946
  247 	 0.012008 	 0.049130 	 0.049946
  248 	 0.000196 	 0.049058 	 0.049946
  249 	 0.009279 	 0.049050 	 0.049946
  250 	 0.012008 	 0.049492 	 0.049946
  251 	 0.000098 	 0.048269 	 0.049946
  252 	 0.009821 	 0.049203 	 0.049946
  253 	 0.000049 	 0.049238 	 0.049947
  254 	 0.000049 	 0.048804 	 0.049947
  255 	 0.009279 	 0.049480 	 0.049947
  256 	 0.006266 	 0.049314 	 0.049947
  257 	 0.006266 	 0.049356 	 0.049947
  258 	 0.000098 	 0.049135 	 0.049947
  259 	 0.000049 	 0.049420 	 0.049947
  260 	 0.000049 	 0.048722 	 0.049947
  261 	 0.000098 	 0.048727 	 0.049947
  262 	 0.000392 	 0.048774 	 0.049947
  263 	 0.006267 	 0.049250 	 0.049947
  264 	 0.000392 	 0.048395 	 0.049947
  265 	 0.019483 	 0.049210 	 0.049947
  266 	 0.019483 	 0.048997 	 0.049947
  267 	 0.048807 	 0.049908 	 0.049947
  268 	 0.044329 	 0.049889 	 0.049947
  269 	 0.000783 	 0.049091 	 0.049947
  270 	 0.000098 	 0.048633 	 0.049947
  271 	 0.019483 	 0.049336 	 0.049947
  272 	 0.000049 	 0.049179 	 0.049947
  273 	 0.033111 	 0.049735 	 0.049947
  274 	 0.001564 	 0.048618 	 0.049947
  275 	 0.000098 	 0.048406 	 0.049947
  276 	 0.037716 	 0.049747 	 0.049947
  277 	 0.000783 	 0.049050 	 0.049947
  278 	 0.000049 	 0.048798 	 0.049947
  279 	 0.003125 	 0.048766 	 0.049947
  280 	 0.000049 	 0.047682 	 0.049947
  281 	 0.009277 	 0.049264 	 0.049947
  282 	 0.001564 	 0.048440 	 0.049947
  283 	 0.006267 	 0.048684 	 0.049947
  284 	 0.017614 	 0.049526 	 0.049947
  285 	 0.027223 	 0.049705 	 0.049947
  286 	 0.033111 	 0.049756 	 0.049947
  287 	 0.037716 	 0.049715 	 0.049947
  288 	 0.000098 	 0.048909 	 0.049947
  289 	 0.049871 	 0.049944 	 0.049947
  290 	 0.006958 	 0.049379 	 0.049947
  291 	 0.000098 	 0.049289 	 0.049947
  292 	 0.000098 	 0.048157 	 0.049947
  293 	 0.001564 	 0.048544 	 0.049947
  294 	 0.000098 	 0.047781 	 0.049947
  295 	 0.044329 	 0.049774 	 0.049947
  296 	 0.000392 	 0.049139 	 0.049947
  297 	 0.000098 	 0.048933 	 0.049947
  298 	 0.021918 	 0.049454 	 0.049947
  299 	 0.000392 	 0.048815 	 0.049947
  300 	 0.006267 	 0.048483 	 0.049947
  301 	 0.012004 	 0.049031 	 0.049947
  302 	 0.047736 	 0.049922 	 0.049947
  303 	 0.009817 	 0.049480 	 0.049947
  304 	 0.009277 	 0.048949 	 0.049947
  305 	 0.006267 	 0.048870 	 0.049947
  306 	 0.000392 	 0.048243 	 0.049947
  307 	 0.000098 	 0.047657 	 0.049947
  308 	 0.000392 	 0.047999 	 0.049947
  309 	 0.000098 	 0.048277 	 0.049947
  310 	 0.013025 	 0.048752 	 0.049947
  311 	 0.000049 	 0.048505 	 0.049947
  312 	 0.027223 	 0.049618 	 0.049947
  313 	 0.049420 	 0.049934 	 0.049947
  314 	 0.019483 	 0.049143 	 0.049947
  315 	 0.012004 	 0.048746 	 0.049947
  316 	 0.006267 	 0.048177 	 0.049947
  317 	 0.000196 	 0.048628 	 0.049947
  318 	 0.006267 	 0.049355 	 0.049947
  319 	 0.006944 	 0.048085 	 0.049947
  320 	 0.012004 	 0.048828 	 0.049947
  321 	 0.000049 	 0.048981 	 0.049947
  322 	 0.019501 	 0.049575 	 0.049947
  323 	 0.000098 	 0.047624 	 0.049947
  324 	 0.000783 	 0.048420 	 0.049947
  325 	 0.036460 	 0.049680 	 0.049947
  326 	 0.000049 	 0.049120 	 0.049947
  327 	 0.000392 	 0.049295 	 0.049947
  328 	 0.000783 	 0.048728 	 0.049947
  329 	 0.000098 	 0.048937 	 0.049947
  330 	 0.009817 	 0.048246 	 0.049947
  331 	 0.000049 	 0.048642 	 0.049947
  332 	 0.029943 	 0.049693 	 0.049947
  333 	 0.009277 	 0.049125 	 0.049947
  334 	 0.012004 	 0.048708 	 0.049947
  335 	 0.000098 	 0.048562 	 0.049947
  336 	 0.013025 	 0.049235 	 0.049947
  337 	 0.006267 	 0.048923 	 0.049947
  338 	 0.000049 	 0.047962 	 0.049947
  339 	 0.001564 	 0.048346 	 0.049947
  340 	 0.001564 	 0.049289 	 0.049947
  341 	 0.000196 	 0.047027 	 0.049947
  342 	 0.025319 	 0.049353 	 0.049947
  343 	 0.000196 	 0.048703 	 0.049947
  344 	 0.000196 	 0.049448 	 0.049947
  345 	 0.012004 	 0.048875 	 0.049947
  346 	 0.017614 	 0.049368 	 0.049947
  347 	 0.000196 	 0.048901 	 0.049947
  348 	 0.027223 	 0.049477 	 0.049947
  349 	 0.036460 	 0.049661 	 0.049947
  350 	 0.000392 	 0.048617 	 0.049947
  351 	 0.021918 	 0.048991 	 0.049947
  352 	 0.009277 	 0.049420 	 0.049947
  353 	 0.001564 	 0.048763 	 0.049947
  354 	 0.000196 	 0.048680 	 0.049947
  355 	 0.006957 	 0.048945 	 0.049947
  356 	 0.009817 	 0.048751 	 0.049947
  357 	 0.000098 	 0.048412 	 0.049947
  358 	 0.009277 	 0.048853 	 0.049947
  359 	 0.021918 	 0.049309 	 0.049947
  360 	 0.041383 	 0.049730 	 0.049947
  361 	 0.012004 	 0.049522 	 0.049947
  362 	 0.003118 	 0.047895 	 0.049947
  363 	 0.019458 	 0.049405 	 0.049947
  364 	 0.006267 	 0.048667 	 0.049947
  365 	 0.000049 	 0.048544 	 0.049947
  366 	 0.000049 	 0.048578 	 0.049947
  367 	 0.017614 	 0.049288 	 0.049947
  368 	 0.016496 	 0.049451 	 0.049947
  369 	 0.003125 	 0.049108 	 0.049947
  370 	 0.017614 	 0.049261 	 0.049947
  371 	 0.000049 	 0.048204 	 0.049947
  372 	 0.041383 	 0.049605 	 0.049947
  373 	 0.001564 	 0.049410 	 0.049947
  374 	 0.000098 	 0.048962 	 0.049947
  375 	 0.000196 	 0.048195 	 0.049947
  376 	 0.000783 	 0.049380 	 0.049947
  377 	 0.027223 	 0.049628 	 0.049947
  378 	 0.047451 	 0.049874 	 0.049947
  379 	 0.017614 	 0.049261 	 0.049947
  380 	 0.033111 	 0.049556 	 0.049947
  381 	 0.003118 	 0.048669 	 0.049947
  382 	 0.000196 	 0.048927 	 0.049947
  383 	 0.047451 	 0.049898 	 0.049947
  384 	 0.009277 	 0.048995 	 0.049947
  385 	 0.006957 	 0.048089 	 0.049947
  386 	 0.000392 	 0.048821 	 0.049947
  387 	 0.006267 	 0.049419 	 0.049947
  388 	 0.009817 	 0.049208 	 0.049947
  389 	 0.006267 	 0.049476 	 0.049947
  390 	 0.003118 	 0.049448 	 0.049947
  391 	 0.000783 	 0.048204 	 0.049947
  392 	 0.006267 	 0.048031 	 0.049947
  393 	 0.001564 	 0.048821 	 0.049947
  394 	 0.000392 	 0.048337 	 0.049947
  395 	 0.047201 	 0.049890 	 0.049947
  396 	 0.021918 	 0.049184 	 0.049947
  397 	 0.000049 	 0.048211 	 0.049947
  398 	 0.000049 	 0.048534 	 0.049947
  399 	 0.000049 	 0.048443 	 0.049947
  400 	 0.019483 	 0.049561 	 0.049947
  401 	 0.003118 	 0.048297 	 0.049947
  402 	 0.000049 	 0.048053 	 0.049947
  403 	 0.000097 	 0.048769 	 0.049947
  404 	 0.037716 	 0.049800 	 0.049947
  405 	 0.043468 	 0.049799 	 0.049947
  406 	 0.000392 	 0.049329 	 0.049947
  407 	 0.037716 	 0.049812 	 0.049947
  408 	 0.012004 	 0.049097 	 0.049947
  409 	 0.006957 	 0.049035 	 0.049947
  410 	 0.000196 	 0.048748 	 0.049947
  411 	 0.047724 	 0.049906 	 0.049947
  412 	 0.000098 	 0.048639 	 0.049947
  413 	 0.000196 	 0.048143 	 0.049947
  414 	 0.003118 	 0.049474 	 0.049947
  415 	 0.033111 	 0.049722 	 0.049947
  416 	 0.012004 	 0.049469 	 0.049947
  417 	 0.017614 	 0.049305 	 0.049947
  418 	 0.000049 	 0.047220 	 0.049947
  419 	 0.000783 	 0.048388 	 0.049947
  420 	 0.009277 	 0.049487 	 0.049947
  421 	 0.000098 	 0.048596 	 0.049947
  422 	 0.006253 	 0.049396 	 0.049947
  423 	 0.000196 	 0.049172 	 0.049947
  424 	 0.009817 	 0.049317 	 0.049947
  425 	 0.006267 	 0.049447 	 0.049947
  426 	 0.000098 	 0.049375 	 0.049947
  427 	 0.022033 	 0.049580 	 0.049947
  428 	 0.000098 	 0.048682 	 0.049947
  429 	 0.009817 	 0.049194 	 0.049947
  430 	 0.000784 	 0.049316 	 0.049947
  431 	 0.000783 	 0.049166 	 0.049947
  432 	 0.000392 	 0.048421 	 0.049947
  433 	 0.001564 	 0.049329 	 0.049947
  434 	 0.000783 	 0.048874 	 0.049947
  435 	 0.003118 	 0.048934 	 0.049947
  436 	 0.016496 	 0.048256 	 0.049947
  437 	 0.027223 	 0.049419 	 0.049947
  438 	 0.021918 	 0.049491 	 0.049947
  439 	 0.006318 	 0.049039 	 0.049947
  440 	 0.009817 	 0.048859 	 0.049947
  441 	 0.034727 	 0.049744 	 0.049947
  442 	 0.000049 	 0.047869 	 0.049947
  443 	 0.048807 	 0.049916 	 0.049947
  444 	 0.047451 	 0.049884 	 0.049947
  445 	 0.025319 	 0.049652 	 0.049947
  446 	 0.006957 	 0.049487 	 0.049947
  447 	 0.000783 	 0.049432 	 0.049947
  448 	 0.033346 	 0.049268 	 0.049947
  449 	 0.006267 	 0.048697 	 0.049947
  450 	 0.009277 	 0.049247 	 0.049947
  451 	 0.000392 	 0.049326 	 0.049947
  452 	 0.044329 	 0.049887 	 0.049947
  453 	 0.000098 	 0.048567 	 0.049947
  454 	 0.010754 	 0.049311 	 0.049947
  455 	 0.015480 	 0.048799 	 0.049947
  456 	 0.049935 	 0.049946 	 0.049947
  457 	 0.006267 	 0.048276 	 0.049947
  458 	 0.017614 	 0.049251 	 0.049947
  459 	 0.034727 	 0.049674 	 0.049947
  460 	 0.019483 	 0.049440 	 0.049947
  461 	 0.000196 	 0.048582 	 0.049947
  462 	 0.016496 	 0.049001 	 0.049947
  463 	 0.036460 	 0.049801 	 0.049947
  464 	 0.025319 	 0.049627 	 0.049947
  465 	 0.017614 	 0.049438 	 0.049947
  466 	 0.000098 	 0.047567 	 0.049947
  467 	 0.006957 	 0.049086 	 0.049947
  468 	 0.000049 	 0.047455 	 0.049947
  469 	 0.025319 	 0.049686 	 0.049947
  470 	 0.006957 	 0.049458 	 0.049947
  471 	 0.000196 	 0.048021 	 0.049947
  472 	 0.036460 	 0.049664 	 0.049947
  473 	 0.000783 	 0.048827 	 0.049947
  474 	 0.000392 	 0.048812 	 0.049947
  475 	 0.000098 	 0.049402 	 0.049947
  476 	 0.012004 	 0.048956 	 0.049947
  477 	 0.033111 	 0.049691 	 0.049947
  478 	 0.021918 	 0.049448 	 0.049947
  479 	 0.000196 	 0.048784 	 0.049947
  480 	 0.012004 	 0.048746 	 0.049947
  481 	 0.000196 	 0.047984 	 0.049947
  482 	 0.003143 	 0.048872 	 0.049947
  483 	 0.000783 	 0.049303 	 0.049947
  484 	 0.019483 	 0.049629 	 0.049947
  485 	 0.006120 	 0.049288 	 0.049947
  486 	 0.000392 	 0.048532 	 0.049947
  487 	 0.027223 	 0.049636 	 0.049947
  488 	 0.000783 	 0.048762 	 0.049947
  489 	 0.000098 	 0.049285 	 0.049947
  490 	 0.049407 	 0.049940 	 0.049947
  491 	 0.000049 	 0.047900 	 0.049947
  492 	 0.037716 	 0.049766 	 0.049947
  493 	 0.016496 	 0.049368 	 0.049947
  494 	 0.013025 	 0.049565 	 0.049947
  495 	 0.017614 	 0.049308 	 0.049947
  496 	 0.009817 	 0.048820 	 0.049947
  497 	 0.019996 	 0.049499 	 0.049947
  498 	 0.000392 	 0.048880 	 0.049947
  499 	 0.000783 	 0.049318 	 0.049947
 