   0 	 0.000049 	 0.000239 	 0.002603
    1 	 0.000052 	 0.000386 	 0.003971
    2 	 0.000081 	 0.001012 	 0.016609
    3 	 0.000087 	 0.001619 	 0.016609
    4 	 0.000052 	 0.002480 	 0.016677
    5 	 0.000654 	 0.004964 	 0.025557
    6 	 0.000731 	 0.008961 	 0.035024
    7 	 0.005472 	 0.011744 	 0.025940
    8 	 0.005850 	 0.013760 	 0.031383
    9 	 0.007541 	 0.016521 	 0.050940
   10 	 0.006287 	 0.017620 	 0.041571
   11 	 0.007208 	 0.021335 	 0.047765
   12 	 0.001493 	 0.025522 	 0.047765
   13 	 0.009090 	 0.027137 	 0.045466
   14 	 0.000197 	 0.028410 	 0.048704
   15 	 0.005324 	 0.029605 	 0.073132
   16 	 0.011588 	 0.033995 	 0.066633
   17 	 0.007214 	 0.034165 	 0.075101
   18 	 0.000807 	 0.034888 	 0.062045
   19 	 0.008805 	 0.037262 	 0.062045
   20 	 0.000393 	 0.040788 	 0.086247
   21 	 0.012063 	 0.042440 	 0.086104
   22 	 0.000196 	 0.047048 	 0.086776
   23 	 0.006625 	 0.048082 	 0.086774
   24 	 0.000390 	 0.057058 	 0.087105
   25 	 0.000049 	 0.058267 	 0.108794
   26 	 0.000391 	 0.065160 	 0.108794
   27 	 0.001570 	 0.068532 	 0.108794
   28 	 0.009408 	 0.074945 	 0.108794
   29 	 0.006964 	 0.078642 	 0.116838
   30 	 0.000391 	 0.084200 	 0.121344
   31 	 0.000098 	 0.090624 	 0.121344
   32 	 0.017652 	 0.099055 	 0.132320
   33 	 0.019049 	 0.102102 	 0.132320
   34 	 0.000196 	 0.102832 	 0.132320
   35 	 0.006187 	 0.111239 	 0.133895
   36 	 0.000049 	 0.109232 	 0.132488
   37 	 0.000056 	 0.106568 	 0.132912
   38 	 0.012913 	 0.117025 	 0.133895
   39 	 0.007084 	 0.127185 	 0.138022
   40 	 0.003157 	 0.129635 	 0.139650
   41 	 0.009439 	 0.131382 	 0.139899
   42 	 0.019065 	 0.133341 	 0.143838
   43 	 0.000098 	 0.133527 	 0.144923
   44 	 0.000098 	 0.133373 	 0.144946
   45 	 0.003155 	 0.137617 	 0.149416
   46 	 0.006345 	 0.138202 	 0.151986
   47 	 0.018912 	 0.141551 	 0.152419
   48 	 0.018612 	 0.135957 	 0.152419
   49 	 0.000784 	 0.143123 	 0.152419
   50 	 0.006914 	 0.144907 	 0.153535
   51 	 0.000392 	 0.147252 	 0.154167
   52 	 0.000049 	 0.144221 	 0.155157
   53 	 0.012320 	 0.149258 	 0.156861
   54 	 0.003133 	 0.146433 	 0.156929
   55 	 0.000098 	 0.147743 	 0.158299
   56 	 0.009577 	 0.151419 	 0.158731
   57 	 0.000098 	 0.149857 	 0.158810
   58 	 0.000196 	 0.147111 	 0.160056
   59 	 0.000049 	 0.150210 	 0.160059
   60 	 0.000392 	 0.152446 	 0.160377
   61 	 0.100480 	 0.157353 	 0.160418
   62 	 0.000098 	 0.154186 	 0.160433
   63 	 0.009649 	 0.151162 	 0.162425
   64 	 0.067906 	 0.157565 	 0.166147
   65 	 0.003145 	 0.159162 	 0.166147
   66 	 0.013536 	 0.155115 	 0.166140
   67 	 0.049960 	 0.160313 	 0.168393
   68 	 0.000098 	 0.159003 	 0.168393
   69 	 0.000049 	 0.156293 	 0.168511
   70 	 0.000392 	 0.159756 	 0.169233
   71 	 0.001567 	 0.163316 	 0.169233
   72 	 0.000196 	 0.162543 	 0.169173
   73 	 0.000049 	 0.162870 	 0.169226
   74 	 0.000392 	 0.163606 	 0.169396
   75 	 0.006946 	 0.165352 	 0.169396
   76 	 0.000392 	 0.165342 	 0.169457
   77 	 0.003127 	 0.165976 	 0.170158
   78 	 0.006261 	 0.164432 	 0.170329
   79 	 0.006954 	 0.165745 	 0.170329
   80 	 0.047754 	 0.166947 	 0.170370
   81 	 0.003134 	 0.161389 	 0.171131
   82 	 0.000392 	 0.163946 	 0.171131
   83 	 0.000392 	 0.164324 	 0.171131
   84 	 0.006957 	 0.165730 	 0.171299
   85 	 0.006268 	 0.166178 	 0.171303
   86 	 0.000049 	 0.166989 	 0.171303
   87 	 0.009549 	 0.166621 	 0.171348
   88 	 0.109305 	 0.169883 	 0.171348
   89 	 0.026611 	 0.168331 	 0.171348
   90 	 0.103393 	 0.169412 	 0.171550
   91 	 0.000049 	 0.164922 	 0.171550
   92 	 0.006283 	 0.167870 	 0.171551
   93 	 0.000049 	 0.169150 	 0.171551
   94 	 0.000196 	 0.166780 	 0.171708
   95 	 0.006283 	 0.163586 	 0.171708
   96 	 0.012577 	 0.168854 	 0.171708
   97 	 0.019099 	 0.167896 	 0.171708
   98 	 0.102213 	 0.169964 	 0.171802
   99 	 0.000049 	 0.163294 	 0.171802
  100 	 0.012571 	 0.168647 	 0.171724
  101 	 0.009549 	 0.168657 	 0.171830
  102 	 0.143730 	 0.171179 	 0.171872
  103 	 0.000196 	 0.162614 	 0.172114
  104 	 0.036568 	 0.168905 	 0.172114
  105 	 0.019073 	 0.169983 	 0.172277
  106 	 0.000392 	 0.166883 	 0.172277
  107 	 0.067925 	 0.169010 	 0.172277
  108 	 0.000392 	 0.166221 	 0.172278
  109 	 0.000049 	 0.167764 	 0.172278
  110 	 0.003140 	 0.169599 	 0.172278
  111 	 0.000049 	 0.166657 	 0.172304
  112 	 0.000049 	 0.168935 	 0.172306
  113 	 0.013630 	 0.169959 	 0.172317
  114 	 0.006974 	 0.168879 	 0.172342
  115 	 0.000098 	 0.164590 	 0.172342
  116 	 0.003138 	 0.166603 	 0.172342
  117 	 0.000392 	 0.167950 	 0.172403
  118 	 0.024643 	 0.166990 	 0.172403
  119 	 0.026665 	 0.170369 	 0.172403
  120 	 0.077371 	 0.169255 	 0.172403
  121 	 0.036517 	 0.169723 	 0.172403
  122 	 0.036517 	 0.169407 	 0.172440
  123 	 0.000392 	 0.168135 	 0.172440
  124 	 0.000098 	 0.165173 	 0.172453
  125 	 0.009537 	 0.169512 	 0.172440
  126 	 0.006971 	 0.165412 	 0.172440
  127 	 0.000049 	 0.166757 	 0.172453
  128 	 0.003139 	 0.169412 	 0.172453
  129 	 0.000196 	 0.170263 	 0.172453
  130 	 0.006972 	 0.167579 	 0.172458
  131 	 0.009537 	 0.170324 	 0.172458
  132 	 0.003139 	 0.168805 	 0.172458
  133 	 0.000392 	 0.168184 	 0.172458
  134 	 0.009537 	 0.166200 	 0.172463
  135 	 0.144959 	 0.171968 	 0.172458
  136 	 0.000098 	 0.169305 	 0.172458
  137 	 0.000196 	 0.167723 	 0.172458
  138 	 0.001569 	 0.162915 	 0.172458
  139 	 0.003089 	 0.163081 	 0.172458
  140 	 0.001569 	 0.166720 	 0.172459
  141 	 0.019114 	 0.167825 	 0.172459
  142 	 0.013623 	 0.169626 	 0.172459
  143 	 0.001569 	 0.166357 	 0.172460
  144 	 0.018522 	 0.166737 	 0.172460
  145 	 0.048972 	 0.169841 	 0.172460
  146 	 0.000098 	 0.166130 	 0.172465
  147 	 0.003139 	 0.166767 	 0.172463
  148 	 0.024613 	 0.170074 	 0.172463
  149 	 0.000196 	 0.168654 	 0.172463
  150 	 0.006281 	 0.166362 	 0.172463
  151 	 0.006281 	 0.168862 	 0.172463
  152 	 0.171678 	 0.172450 	 0.172463
  153 	 0.000098 	 0.164687 	 0.172463
  154 	 0.036592 	 0.169155 	 0.172463
  155 	 0.001569 	 0.167858 	 0.172463
  156 	 0.018520 	 0.167873 	 0.172463
  157 	 0.000196 	 0.167234 	 0.172463
  158 	 0.170057 	 0.172437 	 0.172463
  159 	 0.000196 	 0.164113 	 0.172463
  160 	 0.000771 	 0.164320 	 0.172463
  161 	 0.006281 	 0.165863 	 0.172468
  162 	 0.003139 	 0.167608 	 0.172463
  163 	 0.000392 	 0.165351 	 0.172463
  164 	 0.000392 	 0.164389 	 0.172463
  165 	 0.101783 	 0.170782 	 0.172463
  166 	 0.111121 	 0.171798 	 0.172463
  167 	 0.000049 	 0.165644 	 0.172463
  168 	 0.000049 	 0.168639 	 0.172463
  169 	 0.000098 	 0.169495 	 0.172463
  170 	 0.001569 	 0.165881 	 0.172463
  171 	 0.000392 	 0.168391 	 0.172463
  172 	 0.024611 	 0.167442 	 0.172463
  173 	 0.000392 	 0.163138 	 0.172463
  174 	 0.000392 	 0.161077 	 0.172463
  175 	 0.003138 	 0.165987 	 0.172463
  176 	 0.000196 	 0.167811 	 0.172463
  177 	 0.000098 	 0.170339 	 0.172463
  178 	 0.077059 	 0.170584 	 0.172463
  179 	 0.000196 	 0.166635 	 0.172463
  180 	 0.067714 	 0.168795 	 0.172463
  181 	 0.012566 	 0.170860 	 0.172463
  182 	 0.000098 	 0.165347 	 0.172463
  183 	 0.003269 	 0.168102 	 0.172463
  184 	 0.163555 	 0.172266 	 0.172463
  185 	 0.000098 	 0.166660 	 0.172463
  186 	 0.018775 	 0.166831 	 0.172464
  187 	 0.018775 	 0.168207 	 0.172464
  188 	 0.013622 	 0.167640 	 0.172464
  189 	 0.077059 	 0.170722 	 0.172464
  190 	 0.000196 	 0.167362 	 0.172464
  191 	 0.000097 	 0.170432 	 0.172464
  192 	 0.000049 	 0.161994 	 0.172464
  193 	 0.019111 	 0.169990 	 0.172464
  194 	 0.003139 	 0.168047 	 0.172464
  195 	 0.006973 	 0.167930 	 0.172464
  196 	 0.003139 	 0.169727 	 0.172464
  197 	 0.006281 	 0.165942 	 0.172464
  198 	 0.003139 	 0.168906 	 0.172464
  199 	 0.000784 	 0.167101 	 0.172464
  200 	 0.011945 	 0.170584 	 0.172468
  201 	 0.006973 	 0.166133 	 0.172468
  202 	 0.000049 	 0.166742 	 0.172468
  203 	 0.012566 	 0.167702 	 0.172468
  204 	 0.000098 	 0.162538 	 0.172468
  205 	 0.003139 	 0.167833 	 0.172468
  206 	 0.003139 	 0.166568 	 0.172468
  207 	 0.006973 	 0.167887 	 0.172468
  208 	 0.018777 	 0.167635 	 0.172468
  209 	 0.009539 	 0.170047 	 0.172468
  210 	 0.018777 	 0.169564 	 0.172468
  211 	 0.001569 	 0.163118 	 0.172468
  212 	 0.000098 	 0.166814 	 0.172468
  213 	 0.006282 	 0.169321 	 0.172468
  214 	 0.000196 	 0.164082 	 0.172468
  215 	 0.003139 	 0.164752 	 0.172468
  216 	 0.026634 	 0.167891 	 0.172468
  217 	 0.000784 	 0.163180 	 0.172468
  218 	 0.000049 	 0.167926 	 0.172468
  219 	 0.170962 	 0.172449 	 0.172468
  220 	 0.001569 	 0.169116 	 0.172468
  221 	 0.000784 	 0.169524 	 0.172468
  222 	 0.000784 	 0.169315 	 0.172468
  223 	 0.001569 	 0.167954 	 0.172468
  224 	 0.109913 	 0.171533 	 0.172468
  225 	 0.106805 	 0.169957 	 0.172468
  226 	 0.067077 	 0.171177 	 0.172468
  227 	 0.167156 	 0.172376 	 0.172468
  228 	 0.000098 	 0.167042 	 0.172468
  229 	 0.006282 	 0.166332 	 0.172468
  230 	 0.000098 	 0.166953 	 0.172468
  231 	 0.000392 	 0.166375 	 0.172468
  232 	 0.000049 	 0.167266 	 0.172468
  233 	 0.000196 	 0.169069 	 0.172468
  234 	 0.000392 	 0.165975 	 0.172468
  235 	 0.000098 	 0.165764 	 0.172468
  236 	 0.001569 	 0.162205 	 0.172468
  237 	 0.012567 	 0.167735 	 0.172468
  238 	 0.002954 	 0.163213 	 0.172468
  239 	 0.018777 	 0.169628 	 0.172468
  240 	 0.006972 	 0.166811 	 0.172468
  241 	 0.000196 	 0.167612 	 0.172468
  242 	 0.000049 	 0.165107 	 0.172468
  243 	 0.018519 	 0.169720 	 0.172468
  244 	 0.090750 	 0.170136 	 0.172468
  245 	 0.009532 	 0.167248 	 0.172468
  246 	 0.000049 	 0.167599 	 0.172468
  247 	 0.000196 	 0.162572 	 0.172468
  248 	 0.000391 	 0.164108 	 0.172468
  249 	 0.000783 	 0.165211 	 0.172468
  250 	 0.006282 	 0.170167 	 0.172468
  251 	 0.000196 	 0.164630 	 0.172468
  252 	 0.009539 	 0.168463 	 0.172468
  253 	 0.018634 	 0.168674 	 0.172468
  254 	 0.000049 	 0.162490 	 0.172468
  255 	 0.019110 	 0.167003 	 0.172468
  256 	 0.003139 	 0.164049 	 0.172468
  257 	 0.006282 	 0.165846 	 0.172468
  258 	 0.000049 	 0.168280 	 0.172468
  259 	 0.018519 	 0.164577 	 0.172468
  260 	 0.000784 	 0.163044 	 0.172468
  261 	 0.000049 	 0.164438 	 0.172468
  262 	 0.000098 	 0.167738 	 0.172468
  263 	 0.003139 	 0.167182 	 0.172468
  264 	 0.010405 	 0.164203 	 0.172468
  265 	 0.003292 	 0.165722 	 0.172468
  266 	 0.000098 	 0.170313 	 0.172468
  267 	 0.000784 	 0.167574 	 0.172468
  268 	 0.000098 	 0.168509 	 0.172468
  269 	 0.000049 	 0.161654 	 0.172468
  270 	 0.043485 	 0.171029 	 0.172468
  271 	 0.000098 	 0.164479 	 0.172468
  272 	 0.000196 	 0.167679 	 0.172468
  273 	 0.009539 	 0.167486 	 0.172468
  274 	 0.144651 	 0.171809 	 0.172468
  275 	 0.000392 	 0.162885 	 0.172468
  276 	 0.001569 	 0.168447 	 0.172468
  277 	 0.009556 	 0.162150 	 0.172468
  278 	 0.000196 	 0.169628 	 0.172468
  279 	 0.018519 	 0.165387 	 0.172468
  280 	 0.000392 	 0.167978 	 0.172468
  281 	 0.000392 	 0.168094 	 0.172468
  282 	 0.000392 	 0.162927 	 0.172468
  283 	 0.000196 	 0.163417 	 0.172468
  284 	 0.000784 	 0.169350 	 0.172468
  285 	 0.065702 	 0.170590 	 0.172468
  286 	 0.000049 	 0.170045 	 0.172468
  287 	 0.001569 	 0.169602 	 0.172468
  288 	 0.018519 	 0.169896 	 0.172468
  289 	 0.111120 	 0.171154 	 0.172468
  290 	 0.003139 	 0.168601 	 0.172468
  291 	 0.000098 	 0.166195 	 0.172468
  292 	 0.000049 	 0.165714 	 0.172468
  293 	 0.133437 	 0.171711 	 0.172468
  294 	 0.001569 	 0.167578 	 0.172468
  295 	 0.009539 	 0.168799 	 0.172468
  296 	 0.024609 	 0.170790 	 0.172468
  297 	 0.006282 	 0.168579 	 0.172468
  298 	 0.009556 	 0.166094 	 0.172468
  299 	 0.000098 	 0.164241 	 0.172468
  300 	 0.106805 	 0.171610 	 0.172468
  301 	 0.000049 	 0.167649 	 0.172468
  302 	 0.001568 	 0.165631 	 0.172468
  303 	 0.024609 	 0.168520 	 0.172468
  304 	 0.000098 	 0.160529 	 0.172468
  305 	 0.001569 	 0.163721 	 0.172468
  306 	 0.006282 	 0.168292 	 0.172468
  307 	 0.000784 	 0.166771 	 0.172468
  308 	 0.000196 	 0.167052 	 0.172468
  309 	 0.000049 	 0.166712 	 0.172468
  310 	 0.000098 	 0.163223 	 0.172468
  311 	 0.000392 	 0.168435 	 0.172468
  312 	 0.003139 	 0.170207 	 0.172468
  313 	 0.036595 	 0.168190 	 0.172468
  314 	 0.024609 	 0.169187 	 0.172468
  315 	 0.003139 	 0.166146 	 0.172468
  316 	 0.000392 	 0.168248 	 0.172468
  317 	 0.000049 	 0.166409 	 0.172468
  318 	 0.013621 	 0.168993 	 0.172468
  319 	 0.003139 	 0.166227 	 0.172468
  320 	 0.036599 	 0.166856 	 0.172468
  321 	 0.000098 	 0.164748 	 0.172468
  322 	 0.006282 	 0.169291 	 0.172468
  323 	 0.000196 	 0.167375 	 0.172468
  324 	 0.000049 	 0.161706 	 0.172468
  325 	 0.006973 	 0.167618 	 0.172468
  326 	 0.000392 	 0.167427 	 0.172468
  327 	 0.006973 	 0.168587 	 0.172468
  328 	 0.001569 	 0.165526 	 0.172468
  329 	 0.000784 	 0.166655 	 0.172468
  330 	 0.123806 	 0.171393 	 0.172468
  331 	 0.003139 	 0.165854 	 0.172468
  332 	 0.009539 	 0.166592 	 0.172468
  333 	 0.109913 	 0.170883 	 0.172468
  334 	 0.036599 	 0.169428 	 0.172468
  335 	 0.000784 	 0.165115 	 0.172468
  336 	 0.036244 	 0.169448 	 0.172468
  337 	 0.001569 	 0.168095 	 0.172468
  338 	 0.009556 	 0.166304 	 0.172468
  339 	 0.000784 	 0.165548 	 0.172468
  340 	 0.113545 	 0.171821 	 0.172468
  341 	 0.000098 	 0.166170 	 0.172468
  342 	 0.000784 	 0.167328 	 0.172468
  343 	 0.018519 	 0.169649 	 0.172468
  344 	 0.006973 	 0.165022 	 0.172468
  345 	 0.001569 	 0.168529 	 0.172468
  346 	 0.000049 	 0.166700 	 0.172468
  347 	 0.006282 	 0.169112 	 0.172468
  348 	 0.000196 	 0.164558 	 0.172468
  349 	 0.000784 	 0.167101 	 0.172468
  350 	 0.009556 	 0.167433 	 0.172468
  351 	 0.003139 	 0.168394 	 0.172468
  352 	 0.001569 	 0.165575 	 0.172468
  353 	 0.000098 	 0.164324 	 0.172468
  354 	 0.050240 	 0.169606 	 0.172468
  355 	 0.009556 	 0.168933 	 0.172468
  356 	 0.000794 	 0.165201 	 0.172468
  357 	 0.006973 	 0.166218 	 0.172468
  358 	 0.000098 	 0.167816 	 0.172468
  359 	 0.000098 	 0.162778 	 0.172468
  360 	 0.000049 	 0.164749 	 0.172468
  361 	 0.003139 	 0.168810 	 0.172468
  362 	 0.001569 	 0.165458 	 0.172468
  363 	 0.003139 	 0.165306 	 0.172468
  364 	 0.000049 	 0.169525 	 0.172468
  365 	 0.000098 	 0.168069 	 0.172468
  366 	 0.006282 	 0.167447 	 0.172468
  367 	 0.067731 	 0.170171 	 0.172468
  368 	 0.036069 	 0.170384 	 0.172468
  369 	 0.006973 	 0.163126 	 0.172468
  370 	 0.038273 	 0.170344 	 0.172468
  371 	 0.001569 	 0.165399 	 0.172468
  372 	 0.140765 	 0.171810 	 0.172468
  373 	 0.001569 	 0.163807 	 0.172468
  374 	 0.000098 	 0.168415 	 0.172468
  375 	 0.000196 	 0.167837 	 0.172468
  376 	 0.012567 	 0.165541 	 0.172468
  377 	 0.000098 	 0.166900 	 0.172468
  378 	 0.000784 	 0.162707 	 0.172468
  379 	 0.036599 	 0.170125 	 0.172468
  380 	 0.009539 	 0.169707 	 0.172468
  381 	 0.003139 	 0.168275 	 0.172468
  382 	 0.019110 	 0.166847 	 0.172468
  383 	 0.012567 	 0.167995 	 0.172468
  384 	 0.000098 	 0.162591 	 0.172468
  385 	 0.000392 	 0.164487 	 0.172468
  386 	 0.077081 	 0.170777 	 0.172468
  387 	 0.024609 	 0.167160 	 0.172468
  388 	 0.000196 	 0.166475 	 0.172468
  389 	 0.000392 	 0.165540 	 0.172468
  390 	 0.048997 	 0.169165 	 0.172468
  391 	 0.000049 	 0.167441 	 0.172468
  392 	 0.000098 	 0.166668 	 0.172468
  393 	 0.003134 	 0.164844 	 0.172468
  394 	 0.018777 	 0.169028 	 0.172468
  395 	 0.006973 	 0.165114 	 0.172468
  396 	 0.000196 	 0.164024 	 0.172468
  397 	 0.024609 	 0.169631 	 0.172468
  398 	 0.145276 	 0.172197 	 0.172468
  399 	 0.003139 	 0.169239 	 0.172468
  400 	 0.000049 	 0.161154 	 0.172468
  401 	 0.145187 	 0.172002 	 0.172468
  402 	 0.001569 	 0.168322 	 0.172468
  403 	 0.000049 	 0.163873 	 0.172468
  404 	 0.000098 	 0.165121 	 0.172468
  405 	 0.001569 	 0.162693 	 0.172468
  406 	 0.048993 	 0.169912 	 0.172468
  407 	 0.003139 	 0.165591 	 0.172468
  408 	 0.006973 	 0.164856 	 0.172468
  409 	 0.038273 	 0.169489 	 0.172468
  410 	 0.000783 	 0.164971 	 0.172468
  411 	 0.109913 	 0.170721 	 0.172468
  412 	 0.000098 	 0.167547 	 0.172468
  413 	 0.000196 	 0.167193 	 0.172468
  414 	 0.000392 	 0.167166 	 0.172468
  415 	 0.019110 	 0.166035 	 0.172468
  416 	 0.000196 	 0.167815 	 0.172468
  417 	 0.000098 	 0.168768 	 0.172468
  418 	 0.120294 	 0.171918 	 0.172468
  419 	 0.001569 	 0.164458 	 0.172468
  420 	 0.001569 	 0.165758 	 0.172468
  421 	 0.000098 	 0.168469 	 0.172468
  422 	 0.000049 	 0.163779 	 0.172468
  423 	 0.009556 	 0.170839 	 0.172468
  424 	 0.003139 	 0.164070 	 0.172468
  425 	 0.000049 	 0.165074 	 0.172468
  426 	 0.000049 	 0.161624 	 0.172468
  427 	 0.003139 	 0.167276 	 0.172468
  428 	 0.036599 	 0.169932 	 0.172468
  429 	 0.000196 	 0.165363 	 0.172468
  430 	 0.012567 	 0.170360 	 0.172468
  431 	 0.018835 	 0.168038 	 0.172468
  432 	 0.000196 	 0.169661 	 0.172468
  433 	 0.065812 	 0.170876 	 0.172468
  434 	 0.006282 	 0.168187 	 0.172468
  435 	 0.003139 	 0.165603 	 0.172468
  436 	 0.001569 	 0.168530 	 0.172468
  437 	 0.036599 	 0.164177 	 0.172468
  438 	 0.024609 	 0.165020 	 0.172468
  439 	 0.003139 	 0.167363 	 0.172468
  440 	 0.000049 	 0.162045 	 0.172468
  441 	 0.038273 	 0.171016 	 0.172468
  442 	 0.048997 	 0.169183 	 0.172468
  443 	 0.001569 	 0.167149 	 0.172468
  444 	 0.006958 	 0.167317 	 0.172468
  445 	 0.000098 	 0.162789 	 0.172468
  446 	 0.012567 	 0.169922 	 0.172468
  447 	 0.036599 	 0.169490 	 0.172468
  448 	 0.000196 	 0.166118 	 0.172468
  449 	 0.000392 	 0.169048 	 0.172468
  450 	 0.000098 	 0.170140 	 0.172468
  451 	 0.003139 	 0.165113 	 0.172468
  452 	 0.009539 	 0.170630 	 0.172468
  453 	 0.009556 	 0.168333 	 0.172468
  454 	 0.001569 	 0.162981 	 0.172468
  455 	 0.013621 	 0.170528 	 0.172468
  456 	 0.019260 	 0.167587 	 0.172468
  457 	 0.000098 	 0.163577 	 0.172468
  458 	 0.013621 	 0.169281 	 0.172468
  459 	 0.043485 	 0.167253 	 0.172468
  460 	 0.003139 	 0.168969 	 0.172468
  461 	 0.006973 	 0.166894 	 0.172468
  462 	 0.026634 	 0.168039 	 0.172468
  463 	 0.003139 	 0.164898 	 0.172468
  464 	 0.006973 	 0.168675 	 0.172468
  465 	 0.000392 	 0.170082 	 0.172468
  466 	 0.038273 	 0.170158 	 0.172468
  467 	 0.050240 	 0.170375 	 0.172468
  468 	 0.006282 	 0.168072 	 0.172468
  469 	 0.012567 	 0.168273 	 0.172468
  470 	 0.018519 	 0.168238 	 0.172468
  471 	 0.026634 	 0.168729 	 0.172468
  472 	 0.019110 	 0.169037 	 0.172468
  473 	 0.003139 	 0.166964 	 0.172468
  474 	 0.000196 	 0.167240 	 0.172468
  475 	 0.012567 	 0.164348 	 0.172468
  476 	 0.000049 	 0.165732 	 0.172468
  477 	 0.162564 	 0.172344 	 0.172468
  478 	 0.000049 	 0.168353 	 0.172468
  479 	 0.000196 	 0.163996 	 0.172468
  480 	 0.145276 	 0.171952 	 0.172468
  481 	 0.000392 	 0.166723 	 0.172468
  482 	 0.000392 	 0.169798 	 0.172468
  483 	 0.018519 	 0.169760 	 0.172468
  484 	 0.026634 	 0.167790 	 0.172468
  485 	 0.036599 	 0.170545 	 0.172468
  486 	 0.036599 	 0.168089 	 0.172468
  487 	 0.000098 	 0.165075 	 0.172468
  488 	 0.000049 	 0.167929 	 0.172468
  489 	 0.000392 	 0.166136 	 0.172468
  490 	 0.000196 	 0.167451 	 0.172468
  491 	 0.144651 	 0.172066 	 0.172468
  492 	 0.000049 	 0.168558 	 0.172468
  493 	 0.077081 	 0.170695 	 0.172468
  494 	 0.000196 	 0.165311 	 0.172468
  495 	 0.067731 	 0.170994 	 0.172468
  496 	 0.000049 	 0.168291 	 0.172468
  497 	 0.000196 	 0.164340 	 0.172468
  498 	 0.006973 	 0.169508 	 0.172468
  499 	 0.024609 	 0.168437 	 0.172468
 