   0 	 0.000049 	 0.000217 	 0.002801
    1 	 0.000050 	 0.000416 	 0.006859
    2 	 0.000055 	 0.000567 	 0.003376
    3 	 0.000051 	 0.000991 	 0.003446
    4 	 0.000459 	 0.001435 	 0.005507
    5 	 0.000682 	 0.002518 	 0.006043
    6 	 0.000102 	 0.003279 	 0.005509
    7 	 0.001034 	 0.003931 	 0.006697
    8 	 0.003168 	 0.004663 	 0.006746
    9 	 0.003971 	 0.005157 	 0.006961
   10 	 0.000372 	 0.005660 	 0.007504
   11 	 0.003923 	 0.005901 	 0.008485
   12 	 0.004840 	 0.006384 	 0.008531
   13 	 0.000708 	 0.006890 	 0.008538
   14 	 0.000049 	 0.007174 	 0.008770
   15 	 0.000097 	 0.007582 	 0.008749
   16 	 0.007686 	 0.008208 	 0.008814
   17 	 0.005076 	 0.008354 	 0.008914
   18 	 0.007998 	 0.008574 	 0.008914
   19 	 0.006571 	 0.008667 	 0.010797
   20 	 0.006361 	 0.008766 	 0.010797
   21 	 0.008236 	 0.008896 	 0.010797
   22 	 0.005771 	 0.008898 	 0.010818
   23 	 0.000381 	 0.008949 	 0.010851
   24 	 0.007201 	 0.009271 	 0.011577
   25 	 0.008738 	 0.009748 	 0.011577
   26 	 0.000098 	 0.010309 	 0.011535
   27 	 0.005118 	 0.010664 	 0.011549
   28 	 0.008774 	 0.010938 	 0.012023
   29 	 0.008718 	 0.011100 	 0.011732
   30 	 0.010860 	 0.011454 	 0.011733
   31 	 0.006435 	 0.011491 	 0.012014
   32 	 0.011393 	 0.011611 	 0.012076
   33 	 0.008826 	 0.011651 	 0.012076
   34 	 0.000195 	 0.011602 	 0.012077
   35 	 0.008686 	 0.011771 	 0.012625
   36 	 0.004970 	 0.011822 	 0.012625
   37 	 0.000388 	 0.011800 	 0.012625
   38 	 0.000049 	 0.012051 	 0.012630
   39 	 0.005163 	 0.012108 	 0.012667
   40 	 0.000751 	 0.012239 	 0.012665
   41 	 0.000098 	 0.012121 	 0.012689
   42 	 0.000194 	 0.012299 	 0.013064
   43 	 0.000049 	 0.012410 	 0.013064
   44 	 0.000049 	 0.012503 	 0.013125
   45 	 0.000049 	 0.012508 	 0.013197
   46 	 0.006302 	 0.012734 	 0.013131
   47 	 0.011361 	 0.012876 	 0.013501
   48 	 0.004867 	 0.012982 	 0.013505
   49 	 0.000764 	 0.012863 	 0.013680
   50 	 0.000389 	 0.012838 	 0.013680
   51 	 0.000049 	 0.013148 	 0.013680
   52 	 0.004850 	 0.013334 	 0.013705
   53 	 0.000761 	 0.013302 	 0.013705
   54 	 0.011188 	 0.013558 	 0.013782
   55 	 0.004953 	 0.013466 	 0.013818
   56 	 0.000764 	 0.013361 	 0.013851
   57 	 0.009113 	 0.013630 	 0.013890
   58 	 0.006411 	 0.013629 	 0.013922
   59 	 0.006495 	 0.013627 	 0.013894
   60 	 0.007994 	 0.013738 	 0.013894
   61 	 0.007920 	 0.013744 	 0.013899
   62 	 0.001507 	 0.013661 	 0.013898
   63 	 0.000049 	 0.013583 	 0.013937
   64 	 0.011800 	 0.013845 	 0.013971
   65 	 0.010704 	 0.013859 	 0.013971
   66 	 0.000195 	 0.013614 	 0.013986
   67 	 0.000387 	 0.013644 	 0.014017
   68 	 0.000098 	 0.013805 	 0.014028
   69 	 0.008242 	 0.013869 	 0.014058
   70 	 0.000764 	 0.013699 	 0.014133
   71 	 0.013313 	 0.013994 	 0.014146
   72 	 0.009189 	 0.013989 	 0.014153
   73 	 0.001493 	 0.013897 	 0.014161
   74 	 0.009286 	 0.014002 	 0.014161
   75 	 0.008051 	 0.014083 	 0.014162
   76 	 0.000195 	 0.013678 	 0.014180
   77 	 0.013815 	 0.014148 	 0.014181
   78 	 0.000098 	 0.014005 	 0.014185
   79 	 0.007931 	 0.014080 	 0.014197
   80 	 0.000049 	 0.013895 	 0.014195
   81 	 0.000195 	 0.013863 	 0.014218
   82 	 0.005019 	 0.013939 	 0.014222
   83 	 0.008958 	 0.014110 	 0.014222
   84 	 0.000098 	 0.014056 	 0.014241
   85 	 0.014185 	 0.014215 	 0.014257
   86 	 0.004974 	 0.014071 	 0.014270
   87 	 0.006041 	 0.014122 	 0.014274
   88 	 0.000098 	 0.013942 	 0.014329
   89 	 0.006568 	 0.014114 	 0.014350
   90 	 0.000049 	 0.014106 	 0.014335
   91 	 0.000098 	 0.013976 	 0.014339
   92 	 0.013589 	 0.014276 	 0.014340
   93 	 0.000098 	 0.014019 	 0.014386
   94 	 0.011630 	 0.014290 	 0.014401
   95 	 0.000765 	 0.014087 	 0.014401
   96 	 0.007964 	 0.014281 	 0.014401
   97 	 0.006150 	 0.014262 	 0.014403
   98 	 0.010738 	 0.014313 	 0.014405
   99 	 0.000766 	 0.014260 	 0.014405
  100 	 0.000098 	 0.013949 	 0.014405
  101 	 0.000098 	 0.013882 	 0.014408
  102 	 0.011096 	 0.014330 	 0.014410
  103 	 0.005025 	 0.014255 	 0.014407
  104 	 0.014047 	 0.014399 	 0.014410
  105 	 0.000098 	 0.013707 	 0.014411
  106 	 0.000098 	 0.014181 	 0.014411
  107 	 0.004983 	 0.014302 	 0.014424
  108 	 0.000387 	 0.014101 	 0.014424
  109 	 0.007985 	 0.014340 	 0.014427
  110 	 0.014052 	 0.014405 	 0.014427
  111 	 0.000098 	 0.013916 	 0.014428
  112 	 0.000387 	 0.014102 	 0.014434
  113 	 0.011643 	 0.014365 	 0.014434
  114 	 0.011659 	 0.014382 	 0.014434
  115 	 0.000098 	 0.013981 	 0.014436
  116 	 0.001494 	 0.014232 	 0.014436
  117 	 0.000766 	 0.014290 	 0.014436
  118 	 0.007999 	 0.014316 	 0.014436
  119 	 0.000049 	 0.014145 	 0.014436
  120 	 0.006183 	 0.014346 	 0.014438
  121 	 0.006183 	 0.014298 	 0.014438
  122 	 0.001495 	 0.014303 	 0.014440
  123 	 0.008046 	 0.014351 	 0.014440
  124 	 0.011318 	 0.014391 	 0.014445
  125 	 0.013602 	 0.014417 	 0.014445
  126 	 0.000098 	 0.014180 	 0.014456
  127 	 0.000098 	 0.014102 	 0.014459
  128 	 0.006223 	 0.014206 	 0.014461
  129 	 0.014361 	 0.014440 	 0.014461
  130 	 0.006237 	 0.014348 	 0.014458
  131 	 0.006223 	 0.014212 	 0.014459
  132 	 0.000049 	 0.014275 	 0.014459
  133 	 0.000767 	 0.014266 	 0.014459
  134 	 0.000098 	 0.014261 	 0.014461
  135 	 0.013488 	 0.014434 	 0.014462
  136 	 0.005021 	 0.014346 	 0.014462
  137 	 0.011575 	 0.014422 	 0.014462
  138 	 0.013859 	 0.014451 	 0.014462
  139 	 0.000387 	 0.014111 	 0.014463
  140 	 0.000049 	 0.014034 	 0.014462
  141 	 0.000098 	 0.014182 	 0.014463
  142 	 0.005026 	 0.014282 	 0.014464
  143 	 0.000049 	 0.014303 	 0.014463
  144 	 0.003376 	 0.014318 	 0.014464
  145 	 0.000049 	 0.014085 	 0.014464
  146 	 0.000195 	 0.014268 	 0.014464
  147 	 0.000049 	 0.014082 	 0.014464
  148 	 0.005010 	 0.014204 	 0.014464
  149 	 0.006534 	 0.014373 	 0.014465
  150 	 0.009402 	 0.014361 	 0.014465
  151 	 0.006517 	 0.014383 	 0.014465
  152 	 0.003368 	 0.014196 	 0.014465
  153 	 0.005027 	 0.014369 	 0.014465
  154 	 0.000098 	 0.014078 	 0.014465
  155 	 0.001494 	 0.014284 	 0.014465
  156 	 0.003368 	 0.014204 	 0.014465
  157 	 0.014241 	 0.014460 	 0.014465
  158 	 0.005040 	 0.014244 	 0.014465
  159 	 0.003372 	 0.014228 	 0.014465
  160 	 0.000098 	 0.014121 	 0.014465
  161 	 0.000098 	 0.014199 	 0.014465
  162 	 0.010729 	 0.014364 	 0.014465
  163 	 0.000195 	 0.014181 	 0.014465
  164 	 0.000387 	 0.014291 	 0.014466
  165 	 0.000195 	 0.014230 	 0.014466
  166 	 0.000049 	 0.014051 	 0.014466
  167 	 0.000387 	 0.013976 	 0.014466
  168 	 0.000098 	 0.014180 	 0.014466
  169 	 0.001493 	 0.014297 	 0.014466
  170 	 0.001493 	 0.014335 	 0.014466
  171 	 0.001493 	 0.014225 	 0.014466
  172 	 0.006174 	 0.014296 	 0.014466
  173 	 0.014081 	 0.014460 	 0.014466
  174 	 0.005034 	 0.014366 	 0.014466
  175 	 0.000098 	 0.014165 	 0.014466
  176 	 0.007964 	 0.014392 	 0.014466
  177 	 0.013678 	 0.014454 	 0.014466
  178 	 0.007954 	 0.014332 	 0.014466
  179 	 0.000387 	 0.014053 	 0.014466
  180 	 0.000195 	 0.014316 	 0.014466
  181 	 0.000387 	 0.014162 	 0.014466
  182 	 0.010731 	 0.014408 	 0.014466
  183 	 0.000766 	 0.014245 	 0.014466
  184 	 0.000098 	 0.014195 	 0.014466
  185 	 0.013521 	 0.014454 	 0.014466
  186 	 0.000766 	 0.014187 	 0.014466
  187 	 0.007964 	 0.014395 	 0.014466
  188 	 0.006174 	 0.014327 	 0.014466
  189 	 0.014376 	 0.014463 	 0.014466
  190 	 0.000098 	 0.014294 	 0.014466
  191 	 0.011518 	 0.014414 	 0.014466
  192 	 0.000049 	 0.013939 	 0.014466
  193 	 0.000387 	 0.014037 	 0.014466
  194 	 0.000195 	 0.014301 	 0.014466
  195 	 0.013891 	 0.014456 	 0.014466
  196 	 0.013521 	 0.014453 	 0.014466
  197 	 0.000049 	 0.014261 	 0.014466
  198 	 0.009854 	 0.014409 	 0.014466
  199 	 0.011526 	 0.014429 	 0.014466
  200 	 0.011526 	 0.014427 	 0.014466
  201 	 0.010731 	 0.014402 	 0.014466
  202 	 0.006174 	 0.014382 	 0.014466
  203 	 0.005034 	 0.014174 	 0.014466
  204 	 0.000195 	 0.014298 	 0.014466
  205 	 0.000195 	 0.014312 	 0.014466
  206 	 0.011518 	 0.014425 	 0.014466
  207 	 0.000098 	 0.013984 	 0.014466
  208 	 0.006526 	 0.014309 	 0.014466
  209 	 0.010731 	 0.014427 	 0.014466
  210 	 0.003372 	 0.014207 	 0.014466
  211 	 0.012662 	 0.014424 	 0.014466
  212 	 0.000195 	 0.014190 	 0.014466
  213 	 0.000766 	 0.014182 	 0.014466
  214 	 0.000098 	 0.014320 	 0.014466
  215 	 0.000387 	 0.014218 	 0.014466
  216 	 0.000049 	 0.014072 	 0.014466
  217 	 0.000195 	 0.014200 	 0.014466
  218 	 0.000766 	 0.014296 	 0.014466
  219 	 0.000766 	 0.014197 	 0.014466
  220 	 0.006174 	 0.014310 	 0.014466
  221 	 0.000049 	 0.014319 	 0.014466
  222 	 0.000049 	 0.014054 	 0.014466
  223 	 0.013891 	 0.014458 	 0.014466
  224 	 0.006174 	 0.014313 	 0.014466
  225 	 0.001494 	 0.013844 	 0.014466
  226 	 0.000195 	 0.014078 	 0.014466
  227 	 0.011653 	 0.014437 	 0.014466
  228 	 0.011653 	 0.014435 	 0.014466
  229 	 0.014291 	 0.014462 	 0.014466
  230 	 0.007964 	 0.014350 	 0.014466
  231 	 0.011518 	 0.014405 	 0.014466
  232 	 0.000765 	 0.014202 	 0.014466
  233 	 0.009390 	 0.014368 	 0.014466
  234 	 0.014100 	 0.014457 	 0.014466
  235 	 0.000098 	 0.014235 	 0.014466
  236 	 0.000098 	 0.014228 	 0.014466
  237 	 0.010731 	 0.014386 	 0.014466
  238 	 0.003372 	 0.014270 	 0.014466
  239 	 0.000098 	 0.014033 	 0.014466
  240 	 0.000098 	 0.014223 	 0.014466
  241 	 0.013022 	 0.014432 	 0.014466
  242 	 0.007955 	 0.014356 	 0.014466
  243 	 0.000049 	 0.014318 	 0.014466
  244 	 0.000049 	 0.014274 	 0.014466
  245 	 0.005034 	 0.014275 	 0.014466
  246 	 0.005034 	 0.014246 	 0.014466
  247 	 0.000766 	 0.014301 	 0.014466
  248 	 0.000387 	 0.014255 	 0.014466
  249 	 0.010532 	 0.014405 	 0.014466
  250 	 0.014443 	 0.014465 	 0.014466
  251 	 0.007964 	 0.014323 	 0.014466
  252 	 0.012662 	 0.014434 	 0.014466
  253 	 0.014421 	 0.014465 	 0.014466
  254 	 0.009854 	 0.014407 	 0.014466
  255 	 0.000766 	 0.014009 	 0.014466
  256 	 0.006526 	 0.014265 	 0.014466
  257 	 0.014403 	 0.014464 	 0.014466
  258 	 0.011526 	 0.014414 	 0.014466
  259 	 0.000098 	 0.014112 	 0.014466
  260 	 0.000098 	 0.014151 	 0.014466
  261 	 0.000049 	 0.014133 	 0.014466
  262 	 0.000195 	 0.014316 	 0.014466
  263 	 0.000098 	 0.014196 	 0.014466
  264 	 0.000049 	 0.014261 	 0.014466
  265 	 0.011526 	 0.014417 	 0.014466
  266 	 0.000195 	 0.014293 	 0.014466
  267 	 0.000049 	 0.014220 	 0.014466
  268 	 0.010731 	 0.014402 	 0.014466
  269 	 0.000098 	 0.014275 	 0.014466
  270 	 0.000098 	 0.013911 	 0.014466
  271 	 0.013521 	 0.014448 	 0.014466
  272 	 0.005034 	 0.014267 	 0.014466
  273 	 0.000049 	 0.014278 	 0.014466
  274 	 0.005034 	 0.014367 	 0.014466
  275 	 0.013510 	 0.014451 	 0.014466
  276 	 0.012565 	 0.014433 	 0.014466
  277 	 0.009386 	 0.014409 	 0.014466
  278 	 0.014443 	 0.014465 	 0.014466
  279 	 0.012736 	 0.014440 	 0.014466
  280 	 0.000387 	 0.014213 	 0.014466
  281 	 0.012662 	 0.014443 	 0.014466
  282 	 0.000098 	 0.014146 	 0.014466
  283 	 0.006526 	 0.014377 	 0.014466
  284 	 0.006526 	 0.014386 	 0.014466
  285 	 0.006526 	 0.014322 	 0.014466
  286 	 0.000195 	 0.014199 	 0.014466
  287 	 0.012736 	 0.014448 	 0.014466
  288 	 0.011526 	 0.014433 	 0.014466
  289 	 0.010731 	 0.014428 	 0.014466
  290 	 0.000195 	 0.014127 	 0.014466
  291 	 0.000049 	 0.014112 	 0.014466
  292 	 0.000049 	 0.014181 	 0.014466
  293 	 0.000049 	 0.014013 	 0.014466
  294 	 0.000098 	 0.014248 	 0.014466
  295 	 0.000756 	 0.014043 	 0.014466
  296 	 0.013521 	 0.014445 	 0.014466
  297 	 0.014421 	 0.014465 	 0.014466
  298 	 0.006174 	 0.014288 	 0.014466
  299 	 0.013743 	 0.014455 	 0.014466
  300 	 0.003372 	 0.014288 	 0.014466
  301 	 0.009390 	 0.014384 	 0.014466
  302 	 0.013679 	 0.014455 	 0.014466
  303 	 0.000049 	 0.014012 	 0.014466
  304 	 0.000049 	 0.014149 	 0.014466
  305 	 0.006174 	 0.014353 	 0.014466
  306 	 0.006526 	 0.014262 	 0.014466
  307 	 0.000049 	 0.014150 	 0.014466
  308 	 0.005034 	 0.014255 	 0.014466
  309 	 0.000387 	 0.014259 	 0.014466
  310 	 0.006242 	 0.014380 	 0.014466
  311 	 0.013022 	 0.014449 	 0.014466
  312 	 0.000195 	 0.014290 	 0.014466
  313 	 0.013521 	 0.014439 	 0.014466
  314 	 0.009390 	 0.014390 	 0.014466
  315 	 0.000049 	 0.014040 	 0.014466
  316 	 0.000195 	 0.014043 	 0.014466
  317 	 0.006526 	 0.014347 	 0.014466
  318 	 0.003372 	 0.014313 	 0.014466
  319 	 0.000049 	 0.013816 	 0.014466
  320 	 0.014214 	 0.014460 	 0.014466
  321 	 0.003372 	 0.014349 	 0.014466
  322 	 0.013743 	 0.014445 	 0.014466
  323 	 0.000387 	 0.014323 	 0.014466
  324 	 0.007955 	 0.014389 	 0.014466
  325 	 0.000098 	 0.013939 	 0.014466
  326 	 0.006707 	 0.014270 	 0.014466
  327 	 0.013743 	 0.014452 	 0.014466
  328 	 0.006526 	 0.014348 	 0.014466
  329 	 0.006526 	 0.014349 	 0.014466
  330 	 0.000049 	 0.014155 	 0.014466
  331 	 0.000098 	 0.014114 	 0.014466
  332 	 0.000049 	 0.014271 	 0.014466
  333 	 0.000191 	 0.014297 	 0.014466
  334 	 0.012662 	 0.014444 	 0.014466
  335 	 0.013022 	 0.014442 	 0.014466
  336 	 0.001493 	 0.014335 	 0.014466
  337 	 0.014442 	 0.014466 	 0.014466
  338 	 0.000049 	 0.014208 	 0.014466
  339 	 0.006526 	 0.014340 	 0.014466
  340 	 0.014100 	 0.014459 	 0.014466
  341 	 0.000098 	 0.014320 	 0.014466
  342 	 0.004995 	 0.014344 	 0.014466
  343 	 0.009390 	 0.014414 	 0.014466
  344 	 0.000098 	 0.013974 	 0.014466
  345 	 0.000766 	 0.014198 	 0.014466
  346 	 0.011653 	 0.014428 	 0.014466
  347 	 0.014106 	 0.014457 	 0.014466
  348 	 0.000386 	 0.014194 	 0.014466
  349 	 0.005034 	 0.014322 	 0.014466
  350 	 0.006174 	 0.014355 	 0.014466
  351 	 0.011518 	 0.014431 	 0.014466
  352 	 0.007955 	 0.014376 	 0.014466
  353 	 0.006174 	 0.014352 	 0.014466
  354 	 0.013679 	 0.014457 	 0.014466
  355 	 0.007918 	 0.014390 	 0.014466
  356 	 0.000387 	 0.014275 	 0.014466
  357 	 0.013521 	 0.014444 	 0.014466
  358 	 0.003372 	 0.014279 	 0.014466
  359 	 0.007964 	 0.014363 	 0.014466
  360 	 0.000387 	 0.014141 	 0.014466
  361 	 0.005034 	 0.014302 	 0.014466
  362 	 0.011526 	 0.014429 	 0.014466
  363 	 0.001493 	 0.014112 	 0.014466
  364 	 0.013510 	 0.014446 	 0.014466
  365 	 0.000098 	 0.014293 	 0.014466
  366 	 0.000049 	 0.014197 	 0.014466
  367 	 0.000195 	 0.014213 	 0.014466
  368 	 0.000049 	 0.014040 	 0.014466
  369 	 0.011518 	 0.014416 	 0.014466
  370 	 0.000098 	 0.014290 	 0.014466
  371 	 0.000098 	 0.014115 	 0.014466
  372 	 0.006526 	 0.014291 	 0.014466
  373 	 0.000387 	 0.014294 	 0.014466
  374 	 0.000387 	 0.014291 	 0.014466
  375 	 0.000766 	 0.014233 	 0.014466
  376 	 0.000098 	 0.014283 	 0.014466
  377 	 0.000387 	 0.014217 	 0.014466
  378 	 0.006174 	 0.014360 	 0.014466
  379 	 0.006174 	 0.014346 	 0.014466
  380 	 0.000387 	 0.014231 	 0.014466
  381 	 0.011526 	 0.014431 	 0.014466
  382 	 0.013743 	 0.014458 	 0.014466
  383 	 0.000195 	 0.014256 	 0.014466
  384 	 0.014422 	 0.014464 	 0.014466
  385 	 0.014214 	 0.014460 	 0.014466
  386 	 0.007955 	 0.014399 	 0.014466
  387 	 0.006174 	 0.014322 	 0.014466
  388 	 0.000387 	 0.014276 	 0.014466
  389 	 0.000766 	 0.014204 	 0.014466
  390 	 0.012662 	 0.014434 	 0.014466
  391 	 0.010731 	 0.014424 	 0.014466
  392 	 0.007955 	 0.014340 	 0.014466
  393 	 0.000195 	 0.014321 	 0.014466
  394 	 0.000195 	 0.014168 	 0.014466
  395 	 0.001585 	 0.014298 	 0.014466
  396 	 0.009390 	 0.014396 	 0.014466
  397 	 0.000195 	 0.014204 	 0.014466
  398 	 0.003372 	 0.014323 	 0.014466
  399 	 0.009390 	 0.014361 	 0.014466
  400 	 0.000049 	 0.014309 	 0.014466
  401 	 0.000387 	 0.014294 	 0.014466
  402 	 0.001493 	 0.014133 	 0.014466
  403 	 0.000049 	 0.014060 	 0.014466
  404 	 0.000049 	 0.014231 	 0.014466
  405 	 0.001493 	 0.014164 	 0.014466
  406 	 0.009390 	 0.014386 	 0.014466
  407 	 0.013521 	 0.014450 	 0.014466
  408 	 0.013022 	 0.014439 	 0.014466
  409 	 0.013510 	 0.014441 	 0.014466
  410 	 0.009388 	 0.014348 	 0.014466
  411 	 0.005034 	 0.014365 	 0.014466
  412 	 0.000195 	 0.014228 	 0.014466
  413 	 0.005034 	 0.014310 	 0.014466
  414 	 0.006174 	 0.014276 	 0.014466
  415 	 0.000195 	 0.014151 	 0.014466
  416 	 0.006526 	 0.014297 	 0.014466
  417 	 0.000049 	 0.014309 	 0.014466
  418 	 0.000097 	 0.014312 	 0.014466
  419 	 0.013473 	 0.014443 	 0.014466
  420 	 0.013999 	 0.014457 	 0.014466
  421 	 0.000766 	 0.014100 	 0.014466
  422 	 0.000195 	 0.014140 	 0.014466
  423 	 0.005690 	 0.014366 	 0.014466
  424 	 0.000098 	 0.014003 	 0.014466
  425 	 0.011518 	 0.014434 	 0.014466
  426 	 0.006174 	 0.014366 	 0.014466
  427 	 0.000387 	 0.014296 	 0.014466
  428 	 0.000387 	 0.014177 	 0.014466
  429 	 0.005034 	 0.014334 	 0.014466
  430 	 0.012565 	 0.014435 	 0.014466
  431 	 0.000387 	 0.014316 	 0.014466
  432 	 0.012736 	 0.014442 	 0.014466
  433 	 0.014236 	 0.014463 	 0.014466
  434 	 0.005033 	 0.014201 	 0.014466
  435 	 0.000049 	 0.014287 	 0.014466
  436 	 0.000049 	 0.014026 	 0.014466
  437 	 0.009854 	 0.014417 	 0.014466
  438 	 0.000049 	 0.013823 	 0.014466
  439 	 0.007964 	 0.014347 	 0.014466
  440 	 0.000766 	 0.014265 	 0.014466
  441 	 0.000195 	 0.014259 	 0.014466
  442 	 0.013743 	 0.014456 	 0.014466
  443 	 0.009854 	 0.014395 	 0.014466
  444 	 0.009854 	 0.014388 	 0.014466
  445 	 0.003643 	 0.014163 	 0.014466
  446 	 0.000049 	 0.014101 	 0.014466
  447 	 0.000766 	 0.014158 	 0.014466
  448 	 0.014409 	 0.014465 	 0.014466
  449 	 0.012736 	 0.014429 	 0.014466
  450 	 0.013521 	 0.014448 	 0.014466
  451 	 0.009854 	 0.014383 	 0.014466
  452 	 0.000195 	 0.014099 	 0.014466
  453 	 0.000049 	 0.014073 	 0.014466
  454 	 0.001491 	 0.014252 	 0.014466
  455 	 0.000195 	 0.014179 	 0.014466
  456 	 0.007964 	 0.014395 	 0.014466
  457 	 0.000766 	 0.014198 	 0.014466
  458 	 0.012560 	 0.014437 	 0.014466
  459 	 0.000387 	 0.014287 	 0.014466
  460 	 0.003372 	 0.014215 	 0.014466
  461 	 0.013891 	 0.014460 	 0.014466
  462 	 0.000766 	 0.014227 	 0.014466
  463 	 0.000049 	 0.014033 	 0.014466
  464 	 0.000098 	 0.014237 	 0.014466
  465 	 0.001486 	 0.014299 	 0.014466
  466 	 0.000049 	 0.014286 	 0.014466
  467 	 0.000098 	 0.014290 	 0.014466
  468 	 0.007955 	 0.014329 	 0.014466
  469 	 0.003372 	 0.014343 	 0.014466
  470 	 0.001493 	 0.014332 	 0.014466
  471 	 0.013022 	 0.014447 	 0.014466
  472 	 0.001493 	 0.014329 	 0.014466
  473 	 0.000383 	 0.014193 	 0.014466
  474 	 0.005034 	 0.014259 	 0.014466
  475 	 0.000195 	 0.014074 	 0.014466
  476 	 0.000195 	 0.014235 	 0.014466
  477 	 0.011518 	 0.014403 	 0.014466
  478 	 0.000098 	 0.014128 	 0.014466
  479 	 0.000766 	 0.014033 	 0.014466
  480 	 0.011526 	 0.014435 	 0.014466
  481 	 0.001493 	 0.014298 	 0.014466
  482 	 0.006526 	 0.014365 	 0.014466
  483 	 0.000049 	 0.014177 	 0.014466
  484 	 0.007964 	 0.014288 	 0.014466
  485 	 0.000766 	 0.014108 	 0.014466
  486 	 0.000195 	 0.014256 	 0.014466
  487 	 0.000101 	 0.014299 	 0.014466
  488 	 0.000195 	 0.014299 	 0.014466
  489 	 0.006174 	 0.014346 	 0.014466
  490 	 0.013679 	 0.014452 	 0.014466
  491 	 0.000049 	 0.014106 	 0.014466
  492 	 0.000098 	 0.014145 	 0.014466
  493 	 0.003372 	 0.014220 	 0.014466
  494 	 0.000195 	 0.013982 	 0.014466
  495 	 0.014185 	 0.014462 	 0.014466
  496 	 0.000098 	 0.014180 	 0.014466
  497 	 0.000049 	 0.014294 	 0.014466
  498 	 0.001493 	 0.014298 	 0.014466
  499 	 0.001493 	 0.014211 	 0.014466
 