   0 	 0.000051 	 0.000207 	 0.003810
    1 	 0.000091 	 0.000325 	 0.003810
    2 	 0.000058 	 0.000553 	 0.003876
    3 	 0.000052 	 0.000999 	 0.006206
    4 	 0.000123 	 0.001820 	 0.018934
    5 	 0.000050 	 0.004164 	 0.029769
    6 	 0.000641 	 0.006747 	 0.036698
    7 	 0.003281 	 0.010033 	 0.036698
    8 	 0.004604 	 0.013540 	 0.036714
    9 	 0.000197 	 0.015906 	 0.036714
   10 	 0.005611 	 0.019903 	 0.037199
   11 	 0.007419 	 0.023986 	 0.039404
   12 	 0.000196 	 0.026389 	 0.039404
   13 	 0.000098 	 0.029615 	 0.039404
   14 	 0.014217 	 0.034351 	 0.039447
   15 	 0.030767 	 0.036593 	 0.039727
   16 	 0.000196 	 0.036219 	 0.039727
   17 	 0.022031 	 0.037873 	 0.039980
   18 	 0.000049 	 0.036831 	 0.040123
   19 	 0.008575 	 0.039058 	 0.040382
   20 	 0.006842 	 0.038807 	 0.040531
   21 	 0.000780 	 0.039374 	 0.040757
   22 	 0.000779 	 0.039729 	 0.041099
   23 	 0.000196 	 0.038978 	 0.040949
   24 	 0.000049 	 0.038982 	 0.041261
   25 	 0.000781 	 0.040151 	 0.041261
   26 	 0.000098 	 0.040124 	 0.041282
   27 	 0.008996 	 0.040263 	 0.041330
   28 	 0.006407 	 0.040240 	 0.041330
   29 	 0.000098 	 0.040257 	 0.041341
   30 	 0.000098 	 0.039821 	 0.041583
   31 	 0.001553 	 0.040508 	 0.042313
   32 	 0.000391 	 0.040450 	 0.042021
   33 	 0.000098 	 0.040995 	 0.042209
   34 	 0.003069 	 0.041051 	 0.042340
   35 	 0.000098 	 0.039849 	 0.042340
   36 	 0.000098 	 0.040349 	 0.042464
   37 	 0.030632 	 0.041972 	 0.042464
   38 	 0.040730 	 0.042185 	 0.042475
   39 	 0.013186 	 0.041480 	 0.043192
   40 	 0.006478 	 0.041679 	 0.043192
   41 	 0.000391 	 0.040938 	 0.043192
   42 	 0.002895 	 0.041684 	 0.043199
   43 	 0.035788 	 0.042450 	 0.043199
   44 	 0.003068 	 0.041584 	 0.043460
   45 	 0.001554 	 0.041718 	 0.043535
   46 	 0.018382 	 0.042222 	 0.044124
   47 	 0.000777 	 0.042351 	 0.044208
   48 	 0.015029 	 0.042933 	 0.044208
   49 	 0.018382 	 0.042886 	 0.044524
   50 	 0.001545 	 0.043027 	 0.044657
   51 	 0.000049 	 0.042512 	 0.045085
   52 	 0.001551 	 0.043323 	 0.046999
   53 	 0.000196 	 0.043301 	 0.048008
   54 	 0.006413 	 0.044161 	 0.048008
   55 	 0.009271 	 0.044314 	 0.047199
   56 	 0.013738 	 0.044409 	 0.047262
   57 	 0.003116 	 0.043827 	 0.048010
   58 	 0.017724 	 0.044511 	 0.048010
   59 	 0.041033 	 0.045349 	 0.047665
   60 	 0.013327 	 0.044977 	 0.047824
   61 	 0.015738 	 0.045542 	 0.047974
   62 	 0.000393 	 0.045569 	 0.048010
   63 	 0.021706 	 0.046899 	 0.051813
   64 	 0.000049 	 0.046515 	 0.051813
   65 	 0.009641 	 0.047083 	 0.052489
   66 	 0.000196 	 0.047008 	 0.052414
   67 	 0.001549 	 0.047522 	 0.051282
   68 	 0.000779 	 0.048092 	 0.051294
   69 	 0.000196 	 0.048181 	 0.051320
   70 	 0.038692 	 0.049756 	 0.051509
   71 	 0.027367 	 0.050210 	 0.052031
   72 	 0.027749 	 0.050622 	 0.052078
   73 	 0.006534 	 0.050257 	 0.052078
   74 	 0.000391 	 0.049451 	 0.052155
   75 	 0.000098 	 0.049558 	 0.052089
   76 	 0.000196 	 0.050525 	 0.052509
   77 	 0.006779 	 0.050098 	 0.053860
   78 	 0.001551 	 0.050526 	 0.053860
   79 	 0.040569 	 0.052048 	 0.054203
   80 	 0.018652 	 0.051709 	 0.053902
   81 	 0.003086 	 0.051759 	 0.054101
   82 	 0.000098 	 0.051720 	 0.054088
   83 	 0.000391 	 0.051621 	 0.054214
   84 	 0.000049 	 0.053015 	 0.054214
   85 	 0.017993 	 0.053075 	 0.054516
   86 	 0.000782 	 0.053473 	 0.054516
   87 	 0.000098 	 0.052849 	 0.054516
   88 	 0.000196 	 0.053288 	 0.054516
   89 	 0.025481 	 0.053855 	 0.054584
   90 	 0.008563 	 0.052100 	 0.054733
   91 	 0.000098 	 0.052297 	 0.054733
   92 	 0.049652 	 0.054469 	 0.054733
   93 	 0.013343 	 0.053751 	 0.054733
   94 	 0.000049 	 0.053391 	 0.054751
   95 	 0.000196 	 0.053813 	 0.054751
   96 	 0.009282 	 0.053751 	 0.054766
   97 	 0.001563 	 0.053171 	 0.054934
   98 	 0.042431 	 0.054497 	 0.054934
   99 	 0.000392 	 0.053851 	 0.054934
  100 	 0.030749 	 0.054529 	 0.054951
  101 	 0.006299 	 0.052881 	 0.054951
  102 	 0.000782 	 0.054212 	 0.054981
  103 	 0.000195 	 0.053347 	 0.054981
  104 	 0.009305 	 0.053724 	 0.054981
  105 	 0.000196 	 0.053772 	 0.054981
  106 	 0.009306 	 0.054310 	 0.055023
  107 	 0.011895 	 0.054467 	 0.055023
  108 	 0.000782 	 0.053709 	 0.055042
  109 	 0.006344 	 0.053769 	 0.055044
  110 	 0.000392 	 0.052316 	 0.055094
  111 	 0.000782 	 0.053895 	 0.055128
  112 	 0.013323 	 0.053543 	 0.055105
  113 	 0.006955 	 0.053247 	 0.055130
  114 	 0.003106 	 0.054118 	 0.055162
  115 	 0.000196 	 0.052399 	 0.055137
  116 	 0.000049 	 0.053750 	 0.055133
  117 	 0.000392 	 0.053713 	 0.055150
  118 	 0.000782 	 0.054422 	 0.055150
  119 	 0.021582 	 0.054394 	 0.055150
  120 	 0.000049 	 0.054505 	 0.055156
  121 	 0.033407 	 0.054904 	 0.055194
  122 	 0.000894 	 0.053444 	 0.055198
  123 	 0.000392 	 0.053934 	 0.055192
  124 	 0.018187 	 0.054375 	 0.055173
  125 	 0.000098 	 0.052945 	 0.055180
  126 	 0.000782 	 0.053459 	 0.055173
  127 	 0.000098 	 0.053693 	 0.055180
  128 	 0.021600 	 0.054579 	 0.055184
  129 	 0.032419 	 0.054942 	 0.055184
  130 	 0.018168 	 0.054705 	 0.055193
  131 	 0.000196 	 0.054148 	 0.055198
  132 	 0.000782 	 0.054627 	 0.055193
  133 	 0.017409 	 0.054002 	 0.055195
  134 	 0.001560 	 0.054040 	 0.055193
  135 	 0.054845 	 0.055175 	 0.055198
  136 	 0.024894 	 0.054843 	 0.055198
  137 	 0.001560 	 0.053178 	 0.055203
  138 	 0.029812 	 0.054892 	 0.055203
  139 	 0.000196 	 0.053003 	 0.055249
  140 	 0.000782 	 0.053447 	 0.055249
  141 	 0.033379 	 0.054829 	 0.055249
  142 	 0.024970 	 0.054713 	 0.055249
  143 	 0.009185 	 0.054497 	 0.055254
  144 	 0.009179 	 0.054671 	 0.055254
  145 	 0.050489 	 0.055092 	 0.055258
  146 	 0.039386 	 0.054825 	 0.055259
  147 	 0.000196 	 0.053631 	 0.055259
  148 	 0.006906 	 0.054315 	 0.055267
  149 	 0.044021 	 0.055136 	 0.055267
  150 	 0.039898 	 0.054873 	 0.055259
  151 	 0.045309 	 0.055134 	 0.055260
  152 	 0.018206 	 0.054733 	 0.055276
  153 	 0.011860 	 0.054345 	 0.055279
  154 	 0.017451 	 0.054570 	 0.055276
  155 	 0.006900 	 0.054221 	 0.055276
  156 	 0.001561 	 0.054715 	 0.055279
  157 	 0.000098 	 0.053789 	 0.055279
  158 	 0.054904 	 0.055259 	 0.055279
  159 	 0.021617 	 0.054757 	 0.055279
  160 	 0.000392 	 0.054229 	 0.055280
  161 	 0.000098 	 0.054502 	 0.055281
  162 	 0.000196 	 0.052973 	 0.055281
  163 	 0.031732 	 0.054997 	 0.055281
  164 	 0.045195 	 0.055000 	 0.055281
  165 	 0.000049 	 0.054553 	 0.055283
  166 	 0.031830 	 0.054960 	 0.055283
  167 	 0.009352 	 0.053929 	 0.055283
  168 	 0.000392 	 0.054494 	 0.055284
  169 	 0.006342 	 0.053961 	 0.055283
  170 	 0.042751 	 0.055032 	 0.055283
  171 	 0.044224 	 0.055089 	 0.055283
  172 	 0.054923 	 0.055279 	 0.055286
  173 	 0.000782 	 0.054718 	 0.055287
  174 	 0.031184 	 0.054993 	 0.055287
  175 	 0.006340 	 0.054388 	 0.055287
  176 	 0.000049 	 0.054126 	 0.055287
  177 	 0.000098 	 0.053392 	 0.055287
  178 	 0.025130 	 0.054788 	 0.055287
  179 	 0.000392 	 0.054429 	 0.055287
  180 	 0.000392 	 0.053740 	 0.055288
  181 	 0.051167 	 0.055141 	 0.055287
  182 	 0.025130 	 0.054903 	 0.055287
  183 	 0.006905 	 0.053951 	 0.055287
  184 	 0.000390 	 0.054080 	 0.055287
  185 	 0.000196 	 0.053798 	 0.055287
  186 	 0.001561 	 0.054693 	 0.055287
  187 	 0.013332 	 0.054668 	 0.055288
  188 	 0.000196 	 0.054119 	 0.055288
  189 	 0.009195 	 0.052960 	 0.055288
  190 	 0.011852 	 0.054587 	 0.055288
  191 	 0.006905 	 0.054270 	 0.055288
  192 	 0.000782 	 0.054247 	 0.055288
  193 	 0.000782 	 0.054730 	 0.055288
  194 	 0.039838 	 0.054991 	 0.055288
  195 	 0.001561 	 0.052926 	 0.055288
  196 	 0.000049 	 0.054585 	 0.055288
  197 	 0.009343 	 0.054673 	 0.055288
  198 	 0.000392 	 0.054610 	 0.055288
  199 	 0.006904 	 0.053765 	 0.055288
  200 	 0.000392 	 0.054060 	 0.055288
  201 	 0.006339 	 0.054037 	 0.055288
  202 	 0.003105 	 0.053876 	 0.055288
  203 	 0.000098 	 0.053637 	 0.055288
  204 	 0.039840 	 0.055122 	 0.055288
  205 	 0.018184 	 0.054413 	 0.055288
  206 	 0.006339 	 0.053127 	 0.055288
  207 	 0.033581 	 0.054789 	 0.055288
  208 	 0.000196 	 0.054155 	 0.055288
  209 	 0.000049 	 0.053743 	 0.055288
  210 	 0.000049 	 0.054201 	 0.055288
  211 	 0.000782 	 0.054232 	 0.055288
  212 	 0.006904 	 0.054201 	 0.055288
  213 	 0.006339 	 0.053086 	 0.055288
  214 	 0.000049 	 0.053041 	 0.055288
  215 	 0.000196 	 0.053577 	 0.055288
  216 	 0.048246 	 0.055214 	 0.055288
  217 	 0.045285 	 0.055072 	 0.055288
  218 	 0.042853 	 0.054946 	 0.055288
  219 	 0.000196 	 0.054238 	 0.055288
  220 	 0.000098 	 0.053093 	 0.055288
  221 	 0.017442 	 0.054880 	 0.055288
  222 	 0.009198 	 0.054734 	 0.055288
  223 	 0.042853 	 0.055061 	 0.055288
  224 	 0.000196 	 0.053008 	 0.055288
  225 	 0.031826 	 0.054964 	 0.055288
  226 	 0.000098 	 0.054322 	 0.055288
  227 	 0.009343 	 0.054537 	 0.055288
  228 	 0.000782 	 0.054419 	 0.055288
  229 	 0.011854 	 0.054233 	 0.055288
  230 	 0.009343 	 0.054307 	 0.055288
  231 	 0.000049 	 0.053803 	 0.055288
  232 	 0.009248 	 0.054588 	 0.055288
  233 	 0.006904 	 0.054326 	 0.055288
  234 	 0.000049 	 0.053182 	 0.055288
  235 	 0.000196 	 0.054574 	 0.055288
  236 	 0.000049 	 0.053616 	 0.055288
  237 	 0.054125 	 0.055268 	 0.055288
  238 	 0.039840 	 0.054720 	 0.055288
  239 	 0.031826 	 0.054528 	 0.055288
  240 	 0.000392 	 0.054174 	 0.055288
  241 	 0.000049 	 0.054725 	 0.055288
  242 	 0.012203 	 0.054612 	 0.055288
  243 	 0.031826 	 0.054830 	 0.055288
  244 	 0.053214 	 0.055250 	 0.055288
  245 	 0.003105 	 0.053187 	 0.055288
  246 	 0.018184 	 0.054707 	 0.055288
  247 	 0.003104 	 0.054253 	 0.055288
  248 	 0.000392 	 0.053508 	 0.055288
  249 	 0.000196 	 0.053930 	 0.055288
  250 	 0.000196 	 0.053449 	 0.055288
  251 	 0.000196 	 0.053676 	 0.055288
  252 	 0.013333 	 0.054498 	 0.055288
  253 	 0.003105 	 0.053831 	 0.055288
  254 	 0.000049 	 0.053195 	 0.055288
  255 	 0.006339 	 0.054340 	 0.055288
  256 	 0.000392 	 0.053830 	 0.055288
  257 	 0.000196 	 0.053679 	 0.055288
  258 	 0.000196 	 0.054040 	 0.055288
  259 	 0.000782 	 0.053919 	 0.055288
  260 	 0.003105 	 0.053824 	 0.055288
  261 	 0.000098 	 0.052961 	 0.055288
  262 	 0.021654 	 0.054572 	 0.055288
  263 	 0.000049 	 0.053063 	 0.055288
  264 	 0.018184 	 0.054814 	 0.055288
  265 	 0.000049 	 0.053137 	 0.055288
  266 	 0.044133 	 0.055137 	 0.055288
  267 	 0.009343 	 0.054785 	 0.055288
  268 	 0.000196 	 0.052562 	 0.055288
  269 	 0.001561 	 0.053783 	 0.055288
  270 	 0.053636 	 0.055251 	 0.055288
  271 	 0.000049 	 0.053622 	 0.055288
  272 	 0.000392 	 0.054496 	 0.055288
  273 	 0.000392 	 0.052868 	 0.055288
  274 	 0.000196 	 0.054584 	 0.055288
  275 	 0.000049 	 0.054103 	 0.055288
  276 	 0.031826 	 0.054818 	 0.055288
  277 	 0.000098 	 0.053823 	 0.055288
  278 	 0.000098 	 0.053798 	 0.055288
  279 	 0.000098 	 0.054100 	 0.055288
  280 	 0.001561 	 0.054382 	 0.055288
  281 	 0.000049 	 0.054439 	 0.055288
  282 	 0.011854 	 0.054767 	 0.055288
  283 	 0.000049 	 0.052986 	 0.055288
  284 	 0.012463 	 0.054700 	 0.055288
  285 	 0.003105 	 0.054058 	 0.055288
  286 	 0.011854 	 0.054008 	 0.055288
  287 	 0.003105 	 0.054184 	 0.055288
  288 	 0.033581 	 0.054917 	 0.055288
  289 	 0.003105 	 0.054763 	 0.055288
  290 	 0.006904 	 0.054275 	 0.055288
  291 	 0.006339 	 0.053669 	 0.055288
  292 	 0.031686 	 0.054638 	 0.055288
  293 	 0.009343 	 0.054646 	 0.055288
  294 	 0.017853 	 0.054817 	 0.055288
  295 	 0.021654 	 0.054676 	 0.055288
  296 	 0.051169 	 0.055235 	 0.055288
  297 	 0.006904 	 0.053918 	 0.055288
  298 	 0.009198 	 0.053844 	 0.055288
  299 	 0.006904 	 0.053918 	 0.055288
  300 	 0.025127 	 0.054867 	 0.055288
  301 	 0.000049 	 0.054119 	 0.055288
  302 	 0.031826 	 0.054746 	 0.055288
  303 	 0.011854 	 0.054419 	 0.055288
  304 	 0.006904 	 0.054312 	 0.055288
  305 	 0.017442 	 0.054491 	 0.055288
  306 	 0.040285 	 0.055127 	 0.055288
  307 	 0.017437 	 0.054895 	 0.055288
  308 	 0.000392 	 0.053670 	 0.055288
  309 	 0.000392 	 0.053829 	 0.055288
  310 	 0.011854 	 0.053762 	 0.055288
  311 	 0.009343 	 0.054754 	 0.055288
  312 	 0.045404 	 0.055128 	 0.055288
  313 	 0.000391 	 0.054246 	 0.055288
  314 	 0.011854 	 0.054335 	 0.055288
  315 	 0.006320 	 0.054143 	 0.055288
  316 	 0.050710 	 0.055232 	 0.055288
  317 	 0.003105 	 0.054664 	 0.055288
  318 	 0.009206 	 0.053926 	 0.055288
  319 	 0.000392 	 0.053908 	 0.055288
  320 	 0.000098 	 0.054245 	 0.055288
  321 	 0.000098 	 0.053853 	 0.055288
  322 	 0.000049 	 0.053185 	 0.055288
  323 	 0.000782 	 0.054211 	 0.055288
  324 	 0.042889 	 0.055065 	 0.055288
  325 	 0.018184 	 0.054912 	 0.055288
  326 	 0.000392 	 0.054458 	 0.055288
  327 	 0.003105 	 0.053152 	 0.055288
  328 	 0.000098 	 0.054085 	 0.055288
  329 	 0.013333 	 0.054107 	 0.055288
  330 	 0.000392 	 0.052762 	 0.055288
  331 	 0.000098 	 0.054025 	 0.055288
  332 	 0.001561 	 0.053374 	 0.055288
  333 	 0.000049 	 0.053688 	 0.055288
  334 	 0.006339 	 0.054411 	 0.055288
  335 	 0.017442 	 0.054903 	 0.055288
  336 	 0.030011 	 0.054475 	 0.055288
  337 	 0.000392 	 0.053868 	 0.055288
  338 	 0.040285 	 0.055121 	 0.055288
  339 	 0.000049 	 0.052583 	 0.055288
  340 	 0.009343 	 0.054768 	 0.055288
  341 	 0.009343 	 0.054275 	 0.055288
  342 	 0.000098 	 0.053684 	 0.055288
  343 	 0.000782 	 0.054218 	 0.055288
  344 	 0.006339 	 0.054706 	 0.055288
  345 	 0.000782 	 0.053428 	 0.055288
  346 	 0.000098 	 0.053530 	 0.055288
  347 	 0.000782 	 0.053699 	 0.055288
  348 	 0.018184 	 0.054889 	 0.055288
  349 	 0.006904 	 0.053739 	 0.055288
  350 	 0.018184 	 0.054633 	 0.055288
  351 	 0.000098 	 0.053977 	 0.055288
  352 	 0.011854 	 0.054558 	 0.055288
  353 	 0.000782 	 0.053596 	 0.055288
  354 	 0.042853 	 0.055159 	 0.055288
  355 	 0.033581 	 0.054811 	 0.055288
  356 	 0.021654 	 0.054635 	 0.055288
  357 	 0.000098 	 0.053845 	 0.055288
  358 	 0.000759 	 0.054027 	 0.055288
  359 	 0.009343 	 0.053933 	 0.055288
  360 	 0.000196 	 0.052784 	 0.055288
  361 	 0.003105 	 0.054476 	 0.055288
  362 	 0.009343 	 0.053756 	 0.055288
  363 	 0.000392 	 0.054544 	 0.055288
  364 	 0.040285 	 0.055090 	 0.055288
  365 	 0.000098 	 0.054445 	 0.055288
  366 	 0.000196 	 0.054025 	 0.055288
  367 	 0.006904 	 0.054003 	 0.055288
  368 	 0.003105 	 0.054013 	 0.055288
  369 	 0.003106 	 0.054266 	 0.055288
  370 	 0.000098 	 0.053968 	 0.055288
  371 	 0.000196 	 0.053701 	 0.055288
  372 	 0.000098 	 0.054510 	 0.055288
  373 	 0.000196 	 0.053474 	 0.055288
  374 	 0.031826 	 0.054860 	 0.055288
  375 	 0.025127 	 0.054658 	 0.055288
  376 	 0.000098 	 0.052793 	 0.055288
  377 	 0.006339 	 0.053627 	 0.055288
  378 	 0.006904 	 0.054547 	 0.055288
  379 	 0.000196 	 0.052303 	 0.055288
  380 	 0.021645 	 0.054580 	 0.055288
  381 	 0.044133 	 0.055098 	 0.055288
  382 	 0.011854 	 0.054403 	 0.055288
  383 	 0.000049 	 0.054184 	 0.055288
  384 	 0.000392 	 0.053024 	 0.055288
  385 	 0.017442 	 0.054264 	 0.055288
  386 	 0.006339 	 0.053312 	 0.055288
  387 	 0.000392 	 0.054268 	 0.055288
  388 	 0.009198 	 0.054342 	 0.055288
  389 	 0.051485 	 0.055238 	 0.055288
  390 	 0.006339 	 0.054023 	 0.055288
  391 	 0.030011 	 0.054426 	 0.055288
  392 	 0.039840 	 0.055021 	 0.055288
  393 	 0.000098 	 0.054611 	 0.055288
  394 	 0.055115 	 0.055284 	 0.055288
  395 	 0.006339 	 0.053434 	 0.055288
  396 	 0.000392 	 0.054398 	 0.055288
  397 	 0.009198 	 0.053906 	 0.055288
  398 	 0.000196 	 0.054464 	 0.055288
  399 	 0.009343 	 0.054497 	 0.055288
  400 	 0.045404 	 0.055065 	 0.055288
  401 	 0.000782 	 0.054520 	 0.055288
  402 	 0.009343 	 0.054542 	 0.055288
  403 	 0.000049 	 0.053291 	 0.055288
  404 	 0.000196 	 0.053294 	 0.055288
  405 	 0.000098 	 0.054373 	 0.055288
  406 	 0.030011 	 0.054684 	 0.055288
  407 	 0.006904 	 0.054048 	 0.055288
  408 	 0.003105 	 0.054306 	 0.055288
  409 	 0.000196 	 0.054282 	 0.055288
  410 	 0.003105 	 0.054483 	 0.055288
  411 	 0.003105 	 0.054246 	 0.055288
  412 	 0.017442 	 0.054883 	 0.055288
  413 	 0.013333 	 0.054534 	 0.055288
  414 	 0.000782 	 0.054497 	 0.055288
  415 	 0.000392 	 0.053547 	 0.055288
  416 	 0.013333 	 0.054362 	 0.055288
  417 	 0.000196 	 0.054668 	 0.055288
  418 	 0.025127 	 0.054745 	 0.055288
  419 	 0.000196 	 0.054709 	 0.055288
  420 	 0.050488 	 0.055236 	 0.055288
  421 	 0.006339 	 0.054356 	 0.055288
  422 	 0.051485 	 0.055244 	 0.055288
  423 	 0.000098 	 0.053480 	 0.055288
  424 	 0.000098 	 0.053495 	 0.055288
  425 	 0.000049 	 0.053486 	 0.055288
  426 	 0.033581 	 0.055042 	 0.055288
  427 	 0.000098 	 0.053577 	 0.055288
  428 	 0.017442 	 0.054764 	 0.055288
  429 	 0.001561 	 0.053808 	 0.055288
  430 	 0.000049 	 0.053043 	 0.055288
  431 	 0.003105 	 0.053335 	 0.055288
  432 	 0.031826 	 0.055035 	 0.055288
  433 	 0.017442 	 0.054784 	 0.055288
  434 	 0.025127 	 0.054950 	 0.055288
  435 	 0.003105 	 0.053993 	 0.055288
  436 	 0.000782 	 0.054154 	 0.055288
  437 	 0.000392 	 0.054683 	 0.055288
  438 	 0.003105 	 0.054256 	 0.055288
  439 	 0.000049 	 0.053695 	 0.055288
  440 	 0.001561 	 0.054663 	 0.055288
  441 	 0.009343 	 0.054814 	 0.055288
  442 	 0.000782 	 0.054470 	 0.055288
  443 	 0.001561 	 0.053644 	 0.055288
  444 	 0.000049 	 0.053862 	 0.055288
  445 	 0.048805 	 0.055215 	 0.055288
  446 	 0.009198 	 0.054266 	 0.055288
  447 	 0.042853 	 0.055110 	 0.055288
  448 	 0.045397 	 0.055153 	 0.055288
  449 	 0.001561 	 0.052792 	 0.055288
  450 	 0.000196 	 0.053959 	 0.055288
  451 	 0.000098 	 0.054518 	 0.055288
  452 	 0.000392 	 0.054019 	 0.055288
  453 	 0.000196 	 0.054566 	 0.055288
  454 	 0.001561 	 0.053866 	 0.055288
  455 	 0.009198 	 0.054670 	 0.055288
  456 	 0.040285 	 0.055132 	 0.055288
  457 	 0.051485 	 0.055234 	 0.055288
  458 	 0.000392 	 0.054085 	 0.055288
  459 	 0.051492 	 0.055245 	 0.055288
  460 	 0.009343 	 0.053774 	 0.055288
  461 	 0.031826 	 0.054738 	 0.055288
  462 	 0.013333 	 0.053582 	 0.055288
  463 	 0.000049 	 0.054724 	 0.055288
  464 	 0.033581 	 0.055035 	 0.055288
  465 	 0.044900 	 0.054982 	 0.055288
  466 	 0.001561 	 0.054404 	 0.055288
  467 	 0.009198 	 0.054409 	 0.055288
  468 	 0.000392 	 0.053339 	 0.055288
  469 	 0.031826 	 0.054959 	 0.055288
  470 	 0.000098 	 0.053274 	 0.055288
  471 	 0.002915 	 0.054714 	 0.055288
  472 	 0.017442 	 0.054501 	 0.055288
  473 	 0.013333 	 0.054201 	 0.055288
  474 	 0.009198 	 0.054650 	 0.055288
  475 	 0.000392 	 0.054531 	 0.055288
  476 	 0.006904 	 0.053854 	 0.055288
  477 	 0.054118 	 0.055264 	 0.055288
  478 	 0.031826 	 0.054657 	 0.055288
  479 	 0.045285 	 0.055132 	 0.055288
  480 	 0.030011 	 0.054904 	 0.055288
  481 	 0.000098 	 0.054718 	 0.055288
  482 	 0.000392 	 0.054480 	 0.055288
  483 	 0.000098 	 0.053520 	 0.055288
  484 	 0.000392 	 0.053499 	 0.055288
  485 	 0.042949 	 0.055135 	 0.055288
  486 	 0.011854 	 0.054373 	 0.055288
  487 	 0.021637 	 0.054719 	 0.055288
  488 	 0.009343 	 0.054369 	 0.055288
  489 	 0.009203 	 0.054268 	 0.055288
  490 	 0.017439 	 0.054847 	 0.055288
  491 	 0.009198 	 0.054194 	 0.055288
  492 	 0.000049 	 0.054658 	 0.055288
  493 	 0.006904 	 0.054528 	 0.055288
  494 	 0.021654 	 0.054835 	 0.055288
  495 	 0.009198 	 0.053330 	 0.055288
  496 	 0.000392 	 0.054351 	 0.055288
  497 	 0.006904 	 0.054450 	 0.055288
  498 	 0.000196 	 0.054199 	 0.055288
  499 	 0.011854 	 0.054566 	 0.055288
 