   0 	 0.000049 	 0.000247 	 0.002487
    1 	 0.000055 	 0.000337 	 0.002638
    2 	 0.000130 	 0.000583 	 0.006277
    3 	 0.000106 	 0.000774 	 0.006177
    4 	 0.000050 	 0.001596 	 0.023498
    5 	 0.000530 	 0.002507 	 0.025299
    6 	 0.000170 	 0.004292 	 0.028193
    7 	 0.001654 	 0.007156 	 0.028193
    8 	 0.001617 	 0.011726 	 0.070197
    9 	 0.000049 	 0.015551 	 0.075289
   10 	 0.002369 	 0.022007 	 0.080770
   11 	 0.000811 	 0.029544 	 0.078220
   12 	 0.004305 	 0.037077 	 0.079998
   13 	 0.007306 	 0.047370 	 0.089399
   14 	 0.009031 	 0.058064 	 0.122612
   15 	 0.011332 	 0.066934 	 0.089563
   16 	 0.000196 	 0.069767 	 0.097211
   17 	 0.010973 	 0.078526 	 0.097211
   18 	 0.047913 	 0.081555 	 0.097211
   19 	 0.054416 	 0.084499 	 0.094241
   20 	 0.003100 	 0.085973 	 0.094241
   21 	 0.000196 	 0.084981 	 0.094855
   22 	 0.001566 	 0.086691 	 0.094855
   23 	 0.018926 	 0.084963 	 0.094855
   24 	 0.018921 	 0.087570 	 0.105583
   25 	 0.057184 	 0.088178 	 0.105583
   26 	 0.000049 	 0.089617 	 0.105583
   27 	 0.013303 	 0.091866 	 0.105583
   28 	 0.000783 	 0.090557 	 0.105583
   29 	 0.006177 	 0.092023 	 0.105592
   30 	 0.000049 	 0.088519 	 0.108337
   31 	 0.000782 	 0.093037 	 0.108451
   32 	 0.009449 	 0.095753 	 0.106533
   33 	 0.000098 	 0.096527 	 0.108270
   34 	 0.000098 	 0.099941 	 0.110438
   35 	 0.000098 	 0.099271 	 0.109973
   36 	 0.042483 	 0.105129 	 0.110409
   37 	 0.096771 	 0.106899 	 0.113979
   38 	 0.000196 	 0.106244 	 0.113448
   39 	 0.026011 	 0.108384 	 0.115222
   40 	 0.012543 	 0.109148 	 0.124455
   41 	 0.000049 	 0.109038 	 0.124455
   42 	 0.018442 	 0.112254 	 0.124455
   43 	 0.000049 	 0.109369 	 0.124643
   44 	 0.006198 	 0.111411 	 0.124455
   45 	 0.000782 	 0.111807 	 0.124455
   46 	 0.000393 	 0.113797 	 0.124455
   47 	 0.000196 	 0.113937 	 0.125110
   48 	 0.000098 	 0.120709 	 0.128319
   49 	 0.112596 	 0.123313 	 0.129316
   50 	 0.019021 	 0.122029 	 0.129555
   51 	 0.035507 	 0.121390 	 0.129555
   52 	 0.013435 	 0.123461 	 0.131067
   53 	 0.097162 	 0.126004 	 0.131067
   54 	 0.018996 	 0.125430 	 0.131975
   55 	 0.025031 	 0.126697 	 0.132221
   56 	 0.000392 	 0.126523 	 0.132391
   57 	 0.000098 	 0.125880 	 0.132391
   58 	 0.024790 	 0.130242 	 0.132391
   59 	 0.001557 	 0.128230 	 0.132391
   60 	 0.006993 	 0.128918 	 0.132870
   61 	 0.013583 	 0.130263 	 0.134203
   62 	 0.000098 	 0.129872 	 0.132870
   63 	 0.045562 	 0.131244 	 0.132870
   64 	 0.009422 	 0.131089 	 0.132959
   65 	 0.000196 	 0.128074 	 0.132959
   66 	 0.000784 	 0.129838 	 0.133083
   67 	 0.000098 	 0.129686 	 0.133662
   68 	 0.025013 	 0.129818 	 0.133662
   69 	 0.006242 	 0.127377 	 0.133662
   70 	 0.013549 	 0.128940 	 0.133379
   71 	 0.013548 	 0.131312 	 0.133379
   72 	 0.000049 	 0.125749 	 0.134324
   73 	 0.000392 	 0.130561 	 0.134324
   74 	 0.000784 	 0.127379 	 0.134388
   75 	 0.000392 	 0.129970 	 0.134413
   76 	 0.009441 	 0.125622 	 0.135156
   77 	 0.012348 	 0.131705 	 0.135565
   78 	 0.000098 	 0.132281 	 0.135565
   79 	 0.006241 	 0.129811 	 0.135749
   80 	 0.000098 	 0.132169 	 0.135749
   81 	 0.003132 	 0.131095 	 0.135776
   82 	 0.001567 	 0.131537 	 0.135794
   83 	 0.000784 	 0.132932 	 0.135901
   84 	 0.019069 	 0.133397 	 0.136155
   85 	 0.001567 	 0.130338 	 0.136164
   86 	 0.009457 	 0.132829 	 0.136194
   87 	 0.000098 	 0.129895 	 0.136257
   88 	 0.013487 	 0.128549 	 0.136432
   89 	 0.006991 	 0.129928 	 0.136526
   90 	 0.019168 	 0.132516 	 0.136601
   91 	 0.000092 	 0.133408 	 0.136610
   92 	 0.013506 	 0.132996 	 0.136610
   93 	 0.078098 	 0.134686 	 0.136776
   94 	 0.007000 	 0.133404 	 0.136776
   95 	 0.009408 	 0.133392 	 0.136776
   96 	 0.012447 	 0.134225 	 0.136776
   97 	 0.000098 	 0.130078 	 0.136788
   98 	 0.000049 	 0.130011 	 0.136800
   99 	 0.000098 	 0.131027 	 0.136800
  100 	 0.006995 	 0.131972 	 0.136793
  101 	 0.037682 	 0.135704 	 0.136868
  102 	 0.001567 	 0.133362 	 0.137081
  103 	 0.012440 	 0.132374 	 0.137081
  104 	 0.000392 	 0.132340 	 0.137093
  105 	 0.009405 	 0.131384 	 0.137174
  106 	 0.003132 	 0.134897 	 0.137174
  107 	 0.055785 	 0.133994 	 0.137174
  108 	 0.018923 	 0.133951 	 0.137174
  109 	 0.000098 	 0.132468 	 0.137378
  110 	 0.000196 	 0.132962 	 0.137380
  111 	 0.000049 	 0.132979 	 0.137379
  112 	 0.000196 	 0.130073 	 0.137389
  113 	 0.009398 	 0.131666 	 0.137391
  114 	 0.000784 	 0.131268 	 0.137408
  115 	 0.000049 	 0.134180 	 0.137482
  116 	 0.037238 	 0.134816 	 0.137482
  117 	 0.075593 	 0.136662 	 0.137529
  118 	 0.001567 	 0.131094 	 0.137482
  119 	 0.013510 	 0.134013 	 0.137482
  120 	 0.037696 	 0.135007 	 0.137502
  121 	 0.006251 	 0.134809 	 0.137502
  122 	 0.046392 	 0.135052 	 0.137502
  123 	 0.001567 	 0.133365 	 0.137502
  124 	 0.009408 	 0.133375 	 0.137516
  125 	 0.000049 	 0.133628 	 0.137581
  126 	 0.000098 	 0.131201 	 0.137640
  127 	 0.006995 	 0.132941 	 0.137640
  128 	 0.009405 	 0.133439 	 0.137645
  129 	 0.064563 	 0.135191 	 0.137645
  130 	 0.035546 	 0.136452 	 0.137701
  131 	 0.006250 	 0.133125 	 0.137701
  132 	 0.006243 	 0.133423 	 0.137710
  133 	 0.003129 	 0.129019 	 0.137715
  134 	 0.006243 	 0.131154 	 0.137711
  135 	 0.009386 	 0.133381 	 0.137711
  136 	 0.012400 	 0.135267 	 0.137756
  137 	 0.012410 	 0.134734 	 0.137744
  138 	 0.019206 	 0.135681 	 0.137744
  139 	 0.000392 	 0.134620 	 0.137755
  140 	 0.000098 	 0.133170 	 0.137756
  141 	 0.009424 	 0.135177 	 0.137756
  142 	 0.000784 	 0.133334 	 0.137755
  143 	 0.009427 	 0.133428 	 0.137755
  144 	 0.000098 	 0.131703 	 0.137787
  145 	 0.000784 	 0.136226 	 0.137763
  146 	 0.001567 	 0.133389 	 0.137788
  147 	 0.000392 	 0.134961 	 0.137788
  148 	 0.000049 	 0.131611 	 0.137796
  149 	 0.003130 	 0.133117 	 0.137797
  150 	 0.000392 	 0.133842 	 0.137797
  151 	 0.018845 	 0.132174 	 0.137797
  152 	 0.001566 	 0.134743 	 0.137797
  153 	 0.006988 	 0.132757 	 0.137797
  154 	 0.082587 	 0.136732 	 0.137797
  155 	 0.003130 	 0.134643 	 0.137797
  156 	 0.128765 	 0.137683 	 0.137797
  157 	 0.009425 	 0.136153 	 0.137797
  158 	 0.000784 	 0.133278 	 0.137797
  159 	 0.013529 	 0.133874 	 0.137797
  160 	 0.026206 	 0.135671 	 0.137797
  161 	 0.000049 	 0.131267 	 0.137797
  162 	 0.019206 	 0.132782 	 0.137797
  163 	 0.063944 	 0.136677 	 0.137797
  164 	 0.000098 	 0.133482 	 0.137797
  165 	 0.025005 	 0.132942 	 0.137797
  166 	 0.074535 	 0.136701 	 0.137797
  167 	 0.037975 	 0.136030 	 0.137797
  168 	 0.000392 	 0.134836 	 0.137798
  169 	 0.001566 	 0.135401 	 0.137798
  170 	 0.000196 	 0.133431 	 0.137798
  171 	 0.006988 	 0.133810 	 0.137798
  172 	 0.006988 	 0.135160 	 0.137798
  173 	 0.124904 	 0.137569 	 0.137798
  174 	 0.003130 	 0.132388 	 0.137798
  175 	 0.006244 	 0.133764 	 0.137798
  176 	 0.001566 	 0.131628 	 0.137798
  177 	 0.000049 	 0.130923 	 0.137798
  178 	 0.000196 	 0.134071 	 0.137798
  179 	 0.136856 	 0.137776 	 0.137798
  180 	 0.000261 	 0.132455 	 0.137798
  181 	 0.012409 	 0.135426 	 0.137798
  182 	 0.000784 	 0.134004 	 0.137798
  183 	 0.000784 	 0.133698 	 0.137798
  184 	 0.019206 	 0.135177 	 0.137798
  185 	 0.000784 	 0.129687 	 0.137798
  186 	 0.007004 	 0.135947 	 0.137798
  187 	 0.006988 	 0.133646 	 0.137798
  188 	 0.096388 	 0.136954 	 0.137798
  189 	 0.009424 	 0.131719 	 0.137798
  190 	 0.012409 	 0.134585 	 0.137798
  191 	 0.012409 	 0.135816 	 0.137798
  192 	 0.042172 	 0.136055 	 0.137798
  193 	 0.106559 	 0.137197 	 0.137798
  194 	 0.037978 	 0.135472 	 0.137798
  195 	 0.003130 	 0.134771 	 0.137798
  196 	 0.000098 	 0.130805 	 0.137798
  197 	 0.019206 	 0.135496 	 0.137798
  198 	 0.009390 	 0.132417 	 0.137798
  199 	 0.009390 	 0.136352 	 0.137798
  200 	 0.000784 	 0.133850 	 0.137798
  201 	 0.042166 	 0.136300 	 0.137820
  202 	 0.001566 	 0.134250 	 0.137820
  203 	 0.001566 	 0.130128 	 0.137820
  204 	 0.000049 	 0.132254 	 0.137798
  205 	 0.074510 	 0.136945 	 0.137798
  206 	 0.009389 	 0.133244 	 0.137798
  207 	 0.006988 	 0.131547 	 0.137798
  208 	 0.019208 	 0.136425 	 0.137798
  209 	 0.000784 	 0.135961 	 0.137798
  210 	 0.046063 	 0.136576 	 0.137798
  211 	 0.009389 	 0.136174 	 0.137820
  212 	 0.006988 	 0.134564 	 0.137820
  213 	 0.000196 	 0.130898 	 0.137820
  214 	 0.000098 	 0.134985 	 0.137820
  215 	 0.013530 	 0.135464 	 0.137820
  216 	 0.000098 	 0.131043 	 0.137820
  217 	 0.001566 	 0.129485 	 0.137820
  218 	 0.001566 	 0.134354 	 0.137820
  219 	 0.006988 	 0.134314 	 0.137820
  220 	 0.001566 	 0.134202 	 0.137820
  221 	 0.096350 	 0.136986 	 0.137820
  222 	 0.001566 	 0.134121 	 0.137820
  223 	 0.001566 	 0.136190 	 0.137820
  224 	 0.009389 	 0.132594 	 0.137820
  225 	 0.009389 	 0.134100 	 0.137820
  226 	 0.000049 	 0.130525 	 0.137820
  227 	 0.000392 	 0.133837 	 0.137820
  228 	 0.000784 	 0.132792 	 0.137820
  229 	 0.006244 	 0.131650 	 0.137820
  230 	 0.096350 	 0.137168 	 0.137820
  231 	 0.000196 	 0.133522 	 0.137820
  232 	 0.006988 	 0.134681 	 0.137820
  233 	 0.000049 	 0.133481 	 0.137820
  234 	 0.000392 	 0.132705 	 0.137820
  235 	 0.006244 	 0.133541 	 0.137820
  236 	 0.026208 	 0.135355 	 0.137820
  237 	 0.003126 	 0.135107 	 0.137820
  238 	 0.009389 	 0.132687 	 0.137820
  239 	 0.046059 	 0.136390 	 0.137820
  240 	 0.000098 	 0.136400 	 0.137820
  241 	 0.079222 	 0.136969 	 0.137820
  242 	 0.009424 	 0.135427 	 0.137820
  243 	 0.070593 	 0.135030 	 0.137820
  244 	 0.000774 	 0.134718 	 0.137820
  245 	 0.035595 	 0.136224 	 0.137820
  246 	 0.006244 	 0.136491 	 0.137820
  247 	 0.019008 	 0.135661 	 0.137820
  248 	 0.010231 	 0.133921 	 0.137820
  249 	 0.006244 	 0.133076 	 0.137820
  250 	 0.006244 	 0.130461 	 0.137820
  251 	 0.000196 	 0.134566 	 0.137820
  252 	 0.000196 	 0.134389 	 0.137820
  253 	 0.019209 	 0.132778 	 0.137820
  254 	 0.000784 	 0.134330 	 0.137820
  255 	 0.003130 	 0.135193 	 0.137820
  256 	 0.012409 	 0.135404 	 0.137820
  257 	 0.000392 	 0.132031 	 0.137820
  258 	 0.037437 	 0.135729 	 0.137820
  259 	 0.063916 	 0.136416 	 0.137820
  260 	 0.001566 	 0.134076 	 0.137820
  261 	 0.000098 	 0.132126 	 0.137820
  262 	 0.135520 	 0.137781 	 0.137820
  263 	 0.000784 	 0.130791 	 0.137820
  264 	 0.001566 	 0.132697 	 0.137820
  265 	 0.000196 	 0.134118 	 0.137820
  266 	 0.006988 	 0.136020 	 0.137820
  267 	 0.000051 	 0.132718 	 0.137820
  268 	 0.009424 	 0.136017 	 0.137820
  269 	 0.006244 	 0.131284 	 0.137820
  270 	 0.003130 	 0.134015 	 0.137820
  271 	 0.000049 	 0.130834 	 0.137820
  272 	 0.000049 	 0.130904 	 0.137820
  273 	 0.000098 	 0.133758 	 0.137820
  274 	 0.000784 	 0.132889 	 0.137820
  275 	 0.000392 	 0.133854 	 0.137820
  276 	 0.000049 	 0.134665 	 0.137820
  277 	 0.001566 	 0.134279 	 0.137820
  278 	 0.019209 	 0.136481 	 0.137820
  279 	 0.006244 	 0.133724 	 0.137820
  280 	 0.025010 	 0.135036 	 0.137820
  281 	 0.000196 	 0.134447 	 0.137820
  282 	 0.035595 	 0.134959 	 0.137820
  283 	 0.000784 	 0.133548 	 0.137820
  284 	 0.000049 	 0.131879 	 0.137820
  285 	 0.000391 	 0.134421 	 0.137820
  286 	 0.001566 	 0.134744 	 0.137820
  287 	 0.000049 	 0.131934 	 0.137820
  288 	 0.000392 	 0.130193 	 0.137820
  289 	 0.000191 	 0.131217 	 0.137820
  290 	 0.009424 	 0.134655 	 0.137820
  291 	 0.079222 	 0.136882 	 0.137820
  292 	 0.070593 	 0.136409 	 0.137820
  293 	 0.006988 	 0.132655 	 0.137820
  294 	 0.000392 	 0.130898 	 0.137820
  295 	 0.009390 	 0.133403 	 0.137820
  296 	 0.000049 	 0.135203 	 0.137820
  297 	 0.025010 	 0.133068 	 0.137820
  298 	 0.037437 	 0.135172 	 0.137820
  299 	 0.009182 	 0.136062 	 0.137820
  300 	 0.000392 	 0.134874 	 0.137820
  301 	 0.019209 	 0.136622 	 0.137820
  302 	 0.006988 	 0.134422 	 0.137820
  303 	 0.019209 	 0.135159 	 0.137820
  304 	 0.013530 	 0.135041 	 0.137820
  305 	 0.000098 	 0.134892 	 0.137820
  306 	 0.000784 	 0.133403 	 0.137820
  307 	 0.000392 	 0.134351 	 0.137820
  308 	 0.000049 	 0.134081 	 0.137820
  309 	 0.000098 	 0.131607 	 0.137820
  310 	 0.003130 	 0.133144 	 0.137820
  311 	 0.000098 	 0.134845 	 0.137820
  312 	 0.000196 	 0.135254 	 0.137820
  313 	 0.003130 	 0.134111 	 0.137820
  314 	 0.000784 	 0.132475 	 0.137820
  315 	 0.000049 	 0.131213 	 0.137820
  316 	 0.000392 	 0.134179 	 0.137820
  317 	 0.001566 	 0.134971 	 0.137820
  318 	 0.000196 	 0.130839 	 0.137820
  319 	 0.006244 	 0.132991 	 0.137820
  320 	 0.000098 	 0.134075 	 0.137820
  321 	 0.037990 	 0.135750 	 0.137820
  322 	 0.000049 	 0.134413 	 0.137820
  323 	 0.000784 	 0.132995 	 0.137820
  324 	 0.012409 	 0.134644 	 0.137820
  325 	 0.000049 	 0.129954 	 0.137820
  326 	 0.000049 	 0.134717 	 0.137820
  327 	 0.006244 	 0.133565 	 0.137820
  328 	 0.013530 	 0.133156 	 0.137820
  329 	 0.019007 	 0.134084 	 0.137820
  330 	 0.000196 	 0.131661 	 0.137820
  331 	 0.013530 	 0.135019 	 0.137820
  332 	 0.026208 	 0.134474 	 0.137820
  333 	 0.001566 	 0.130224 	 0.137820
  334 	 0.070593 	 0.136202 	 0.137820
  335 	 0.000196 	 0.133290 	 0.137820
  336 	 0.107579 	 0.137337 	 0.137820
  337 	 0.000784 	 0.130754 	 0.137820
  338 	 0.096350 	 0.137309 	 0.137820
  339 	 0.000049 	 0.132747 	 0.137820
  340 	 0.019008 	 0.134473 	 0.137820
  341 	 0.055257 	 0.136381 	 0.137820
  342 	 0.000784 	 0.135896 	 0.137820
  343 	 0.009417 	 0.135021 	 0.137820
  344 	 0.009424 	 0.132800 	 0.137820
  345 	 0.006988 	 0.133273 	 0.137820
  346 	 0.106829 	 0.137330 	 0.137820
  347 	 0.000392 	 0.135445 	 0.137820
  348 	 0.063916 	 0.136782 	 0.137820
  349 	 0.019209 	 0.134388 	 0.137820
  350 	 0.000049 	 0.131898 	 0.137820
  351 	 0.019008 	 0.133977 	 0.137820
  352 	 0.013530 	 0.135590 	 0.137820
  353 	 0.108753 	 0.137515 	 0.137820
  354 	 0.013530 	 0.134168 	 0.137820
  355 	 0.000196 	 0.131115 	 0.137820
  356 	 0.009389 	 0.131250 	 0.137820
  357 	 0.000049 	 0.133518 	 0.137820
  358 	 0.000392 	 0.135067 	 0.137820
  359 	 0.035595 	 0.135489 	 0.137820
  360 	 0.009389 	 0.133944 	 0.137820
  361 	 0.042161 	 0.135329 	 0.137820
  362 	 0.000196 	 0.136263 	 0.137820
  363 	 0.000049 	 0.134305 	 0.137820
  364 	 0.001566 	 0.131173 	 0.137820
  365 	 0.026208 	 0.134377 	 0.137820
  366 	 0.000049 	 0.132098 	 0.137820
  367 	 0.000098 	 0.133726 	 0.137820
  368 	 0.012409 	 0.133105 	 0.137820
  369 	 0.000098 	 0.133523 	 0.137820
  370 	 0.000049 	 0.132928 	 0.137820
  371 	 0.001566 	 0.135587 	 0.137820
  372 	 0.037990 	 0.136688 	 0.137820
  373 	 0.000098 	 0.130888 	 0.137820
  374 	 0.000049 	 0.130076 	 0.137820
  375 	 0.012409 	 0.135302 	 0.137820
  376 	 0.006988 	 0.130261 	 0.137820
  377 	 0.037437 	 0.136531 	 0.137820
  378 	 0.006988 	 0.127802 	 0.137820
  379 	 0.009424 	 0.133727 	 0.137820
  380 	 0.000196 	 0.132856 	 0.137820
  381 	 0.003130 	 0.134278 	 0.137820
  382 	 0.001566 	 0.131833 	 0.137820
  383 	 0.026208 	 0.133570 	 0.137820
  384 	 0.001566 	 0.135442 	 0.137820
  385 	 0.000196 	 0.130780 	 0.137820
  386 	 0.000392 	 0.131198 	 0.137820
  387 	 0.000784 	 0.133300 	 0.137820
  388 	 0.001566 	 0.132916 	 0.137820
  389 	 0.003130 	 0.136055 	 0.137820
  390 	 0.000196 	 0.133411 	 0.137820
  391 	 0.006244 	 0.133299 	 0.137820
  392 	 0.000049 	 0.131237 	 0.137820
  393 	 0.003130 	 0.135171 	 0.137820
  394 	 0.000196 	 0.133727 	 0.137820
  395 	 0.001566 	 0.133352 	 0.137820
  396 	 0.000196 	 0.134718 	 0.137820
  397 	 0.000196 	 0.133864 	 0.137820
  398 	 0.000784 	 0.134055 	 0.137820
  399 	 0.019209 	 0.134461 	 0.137820
  400 	 0.001566 	 0.133788 	 0.137820
  401 	 0.009389 	 0.135150 	 0.137820
  402 	 0.132012 	 0.137686 	 0.137820
  403 	 0.003130 	 0.133965 	 0.137820
  404 	 0.006988 	 0.133752 	 0.137820
  405 	 0.019209 	 0.135183 	 0.137820
  406 	 0.074500 	 0.137120 	 0.137820
  407 	 0.000392 	 0.133974 	 0.137820
  408 	 0.000049 	 0.131840 	 0.137820
  409 	 0.000049 	 0.133714 	 0.137820
  410 	 0.042161 	 0.135830 	 0.137820
  411 	 0.003130 	 0.135429 	 0.137820
  412 	 0.079222 	 0.137114 	 0.137820
  413 	 0.000049 	 0.134805 	 0.137820
  414 	 0.046059 	 0.136318 	 0.137820
  415 	 0.026208 	 0.134329 	 0.137820
  416 	 0.000049 	 0.130291 	 0.137820
  417 	 0.000196 	 0.132935 	 0.137820
  418 	 0.000196 	 0.130575 	 0.137820
  419 	 0.006988 	 0.133259 	 0.137820
  420 	 0.006245 	 0.135183 	 0.137820
  421 	 0.026995 	 0.133770 	 0.137820
  422 	 0.001566 	 0.131799 	 0.137820
  423 	 0.006244 	 0.134905 	 0.137820
  424 	 0.012409 	 0.131845 	 0.137820
  425 	 0.026208 	 0.134651 	 0.137820
  426 	 0.000196 	 0.132583 	 0.137820
  427 	 0.001566 	 0.134457 	 0.137820
  428 	 0.009389 	 0.135395 	 0.137820
  429 	 0.037437 	 0.135643 	 0.137820
  430 	 0.037437 	 0.135466 	 0.137820
  431 	 0.003142 	 0.133249 	 0.137820
  432 	 0.035595 	 0.135100 	 0.137820
  433 	 0.012608 	 0.136360 	 0.137820
  434 	 0.000196 	 0.132380 	 0.138243
  435 	 0.001566 	 0.134473 	 0.138243
  436 	 0.006988 	 0.135091 	 0.138532
  437 	 0.001566 	 0.133249 	 0.138532
  438 	 0.012409 	 0.134789 	 0.138243
  439 	 0.107076 	 0.137467 	 0.138243
  440 	 0.000196 	 0.132371 	 0.138806
  441 	 0.013353 	 0.134560 	 0.138806
  442 	 0.000784 	 0.132313 	 0.138806
  443 	 0.000196 	 0.131563 	 0.138924
  444 	 0.000784 	 0.135175 	 0.138924
  445 	 0.007026 	 0.134167 	 0.138924
  446 	 0.000196 	 0.137292 	 0.138933
  447 	 0.026052 	 0.136646 	 0.138933
  448 	 0.000049 	 0.134216 	 0.138933
  449 	 0.105500 	 0.138305 	 0.138951
  450 	 0.000392 	 0.135446 	 0.139067
  451 	 0.067215 	 0.137773 	 0.139067
  452 	 0.000784 	 0.136086 	 0.139067
  453 	 0.000049 	 0.135311 	 0.139067
  454 	 0.000392 	 0.135029 	 0.139067
  455 	 0.025894 	 0.136423 	 0.139089
  456 	 0.006268 	 0.134222 	 0.139109
  457 	 0.007011 	 0.133657 	 0.139109
  458 	 0.007010 	 0.132844 	 0.139109
  459 	 0.006266 	 0.135096 	 0.139109
  460 	 0.000049 	 0.136770 	 0.139135
  461 	 0.051715 	 0.137719 	 0.139138
  462 	 0.000049 	 0.134191 	 0.139138
  463 	 0.000098 	 0.132922 	 0.139138
  464 	 0.018954 	 0.135417 	 0.139138
  465 	 0.000196 	 0.134513 	 0.139138
  466 	 0.006802 	 0.135913 	 0.139138
  467 	 0.018954 	 0.136180 	 0.139138
  468 	 0.006266 	 0.135654 	 0.139138
  469 	 0.000196 	 0.131629 	 0.139138
  470 	 0.009486 	 0.135791 	 0.139138
  471 	 0.000784 	 0.135298 	 0.139138
  472 	 0.000392 	 0.135908 	 0.139138
  473 	 0.000049 	 0.135998 	 0.139138
  474 	 0.001568 	 0.133334 	 0.139138
  475 	 0.000196 	 0.136132 	 0.139138
  476 	 0.000784 	 0.135401 	 0.139138
  477 	 0.018961 	 0.136861 	 0.139138
  478 	 0.000049 	 0.134965 	 0.139138
  479 	 0.000392 	 0.133530 	 0.139138
  480 	 0.018961 	 0.135548 	 0.139138
  481 	 0.000098 	 0.131264 	 0.139138
  482 	 0.000049 	 0.134340 	 0.139138
  483 	 0.012492 	 0.137517 	 0.139138
  484 	 0.036793 	 0.137348 	 0.139138
  485 	 0.009002 	 0.136524 	 0.139138
  486 	 0.000098 	 0.132175 	 0.139138
  487 	 0.006265 	 0.135211 	 0.139138
  488 	 0.018961 	 0.136731 	 0.139138
  489 	 0.067758 	 0.137171 	 0.139138
  490 	 0.018961 	 0.137724 	 0.139138
  491 	 0.077102 	 0.137952 	 0.139138
  492 	 0.018961 	 0.137468 	 0.139138
  493 	 0.000098 	 0.135998 	 0.139138
  494 	 0.047186 	 0.138137 	 0.139138
  495 	 0.000784 	 0.135256 	 0.139138
  496 	 0.000049 	 0.133040 	 0.139138
  497 	 0.002242 	 0.132134 	 0.139138
  498 	 0.000196 	 0.134608 	 0.139138
  499 	 0.000049 	 0.133987 	 0.139138
 