   0 	 0.000049 	 0.000408 	 0.013037
    1 	 0.000100 	 0.001219 	 0.013120
    2 	 0.000108 	 0.002105 	 0.016407
    3 	 0.000052 	 0.003267 	 0.022571
    4 	 0.000049 	 0.005414 	 0.019609
    5 	 0.000049 	 0.008005 	 0.017108
    6 	 0.002821 	 0.010101 	 0.020539
    7 	 0.000049 	 0.011198 	 0.028775
    8 	 0.000400 	 0.012780 	 0.032470
    9 	 0.000098 	 0.015435 	 0.029846
   10 	 0.000098 	 0.017623 	 0.032732
   11 	 0.000098 	 0.022148 	 0.030847
   12 	 0.001577 	 0.025928 	 0.034318
   13 	 0.012192 	 0.027271 	 0.031090
   14 	 0.007626 	 0.027514 	 0.033640
   15 	 0.000198 	 0.026597 	 0.038381
   16 	 0.000098 	 0.027662 	 0.038381
   17 	 0.000787 	 0.026459 	 0.035104
   18 	 0.007093 	 0.028406 	 0.035104
   19 	 0.001652 	 0.029998 	 0.047757
   20 	 0.003536 	 0.029709 	 0.047757
   21 	 0.006214 	 0.030625 	 0.047757
   22 	 0.000098 	 0.029752 	 0.037271
   23 	 0.006192 	 0.029837 	 0.036895
   24 	 0.005833 	 0.030215 	 0.116380
   25 	 0.000098 	 0.031216 	 0.116729
   26 	 0.008229 	 0.036033 	 0.118395
   27 	 0.000049 	 0.032982 	 0.120389
   28 	 0.006765 	 0.042731 	 0.126747
   29 	 0.000049 	 0.052032 	 0.126747
   30 	 0.024868 	 0.068590 	 0.126747
   31 	 0.000786 	 0.088970 	 0.129968
   32 	 0.000781 	 0.113631 	 0.129968
   33 	 0.000790 	 0.116829 	 0.129663
   34 	 0.009383 	 0.119448 	 0.129663
   35 	 0.009326 	 0.121185 	 0.134006
   36 	 0.000392 	 0.122471 	 0.134092
   37 	 0.001570 	 0.123140 	 0.134092
   38 	 0.000785 	 0.123645 	 0.134092
   39 	 0.000196 	 0.126921 	 0.134092
   40 	 0.012533 	 0.127947 	 0.134349
   41 	 0.000098 	 0.129119 	 0.134405
   42 	 0.000098 	 0.129151 	 0.134585
   43 	 0.009638 	 0.131740 	 0.135248
   44 	 0.047902 	 0.132965 	 0.135248
   45 	 0.000049 	 0.126961 	 0.135432
   46 	 0.003146 	 0.132663 	 0.135432
   47 	 0.049722 	 0.132507 	 0.135606
   48 	 0.000098 	 0.130947 	 0.135606
   49 	 0.003140 	 0.131678 	 0.136492
   50 	 0.019464 	 0.132532 	 0.136839
   51 	 0.012495 	 0.132894 	 0.136952
   52 	 0.000049 	 0.131148 	 0.136952
   53 	 0.018525 	 0.131598 	 0.136952
   54 	 0.000392 	 0.134968 	 0.136987
   55 	 0.006938 	 0.131970 	 0.137066
   56 	 0.006288 	 0.132699 	 0.137230
   57 	 0.000392 	 0.132317 	 0.137230
   58 	 0.000098 	 0.129268 	 0.137230
   59 	 0.001351 	 0.133101 	 0.137222
   60 	 0.000049 	 0.132919 	 0.138017
   61 	 0.000196 	 0.131463 	 0.138134
   62 	 0.061920 	 0.136155 	 0.138311
   63 	 0.006275 	 0.135807 	 0.138515
   64 	 0.012516 	 0.132161 	 0.138872
   65 	 0.000049 	 0.132595 	 0.138872
   66 	 0.024593 	 0.135965 	 0.138872
   67 	 0.018423 	 0.134317 	 0.138992
   68 	 0.003131 	 0.136158 	 0.139043
   69 	 0.024637 	 0.136184 	 0.139213
   70 	 0.000098 	 0.135941 	 0.139509
   71 	 0.003136 	 0.137605 	 0.139509
   72 	 0.006268 	 0.135520 	 0.139511
   73 	 0.000196 	 0.133446 	 0.139511
   74 	 0.009620 	 0.134357 	 0.139680
   75 	 0.130040 	 0.139100 	 0.139680
   76 	 0.013734 	 0.136566 	 0.139742
   77 	 0.000784 	 0.136434 	 0.139742
   78 	 0.000049 	 0.135387 	 0.139742
   79 	 0.000098 	 0.136526 	 0.139986
   80 	 0.086127 	 0.138941 	 0.139986
   81 	 0.000392 	 0.137303 	 0.140006
   82 	 0.027282 	 0.136108 	 0.140006
   83 	 0.024685 	 0.137996 	 0.140069
   84 	 0.018381 	 0.136304 	 0.140069
   85 	 0.000392 	 0.136321 	 0.140079
   86 	 0.000049 	 0.132390 	 0.140079
   87 	 0.012574 	 0.136854 	 0.140079
   88 	 0.009576 	 0.137454 	 0.140233
   89 	 0.000049 	 0.135669 	 0.140385
   90 	 0.061234 	 0.138723 	 0.140385
   91 	 0.003141 	 0.136950 	 0.140385
   92 	 0.000098 	 0.134665 	 0.140385
   93 	 0.034391 	 0.138851 	 0.140889
   94 	 0.006245 	 0.137876 	 0.140889
   95 	 0.001569 	 0.135386 	 0.140889
   96 	 0.037792 	 0.138980 	 0.141042
   97 	 0.000392 	 0.136234 	 0.141042
   98 	 0.036179 	 0.138903 	 0.141042
   99 	 0.009533 	 0.137938 	 0.141123
  100 	 0.113263 	 0.140385 	 0.141211
  101 	 0.003134 	 0.135715 	 0.141211
  102 	 0.000098 	 0.137760 	 0.141265
  103 	 0.000049 	 0.136284 	 0.141265
  104 	 0.009598 	 0.138634 	 0.141265
  105 	 0.000049 	 0.133471 	 0.141265
  106 	 0.000196 	 0.136051 	 0.141265
  107 	 0.006267 	 0.138072 	 0.141291
  108 	 0.019288 	 0.139567 	 0.141291
  109 	 0.041255 	 0.140232 	 0.141291
  110 	 0.018514 	 0.136756 	 0.141293
  111 	 0.006264 	 0.139133 	 0.141301
  112 	 0.000784 	 0.137957 	 0.141353
  113 	 0.037855 	 0.138827 	 0.141353
  114 	 0.006920 	 0.138202 	 0.141374
  115 	 0.000098 	 0.137811 	 0.141374
  116 	 0.000196 	 0.136808 	 0.141381
  117 	 0.127617 	 0.140969 	 0.141389
  118 	 0.000098 	 0.135910 	 0.141393
  119 	 0.037952 	 0.138666 	 0.141407
  120 	 0.133306 	 0.141227 	 0.141407
  121 	 0.000049 	 0.137908 	 0.141407
  122 	 0.099725 	 0.140113 	 0.141407
  123 	 0.019306 	 0.135090 	 0.141424
  124 	 0.070919 	 0.140108 	 0.141424
  125 	 0.001568 	 0.139939 	 0.141421
  126 	 0.000049 	 0.135419 	 0.141421
  127 	 0.097019 	 0.140590 	 0.141421
  128 	 0.000392 	 0.137774 	 0.141429
  129 	 0.000049 	 0.135199 	 0.141429
  130 	 0.001568 	 0.138318 	 0.141428
  131 	 0.042506 	 0.138389 	 0.141428
  132 	 0.086892 	 0.139873 	 0.141431
  133 	 0.000784 	 0.139652 	 0.141440
  134 	 0.027240 	 0.138293 	 0.141444
  135 	 0.112187 	 0.140894 	 0.141461
  136 	 0.000392 	 0.135917 	 0.141461
  137 	 0.013801 	 0.139065 	 0.141461
  138 	 0.013801 	 0.138053 	 0.141446
  139 	 0.000098 	 0.139053 	 0.141446
  140 	 0.012498 	 0.138187 	 0.141457
  141 	 0.019260 	 0.139509 	 0.141461
  142 	 0.042313 	 0.137806 	 0.141472
  143 	 0.009601 	 0.138877 	 0.141472
  144 	 0.006916 	 0.137900 	 0.141472
  145 	 0.009600 	 0.137574 	 0.141472
  146 	 0.009601 	 0.136638 	 0.141472
  147 	 0.042315 	 0.139274 	 0.141472
  148 	 0.063363 	 0.138382 	 0.141472
  149 	 0.001568 	 0.137753 	 0.141472
  150 	 0.012489 	 0.137727 	 0.141472
  151 	 0.012507 	 0.138998 	 0.141472
  152 	 0.003136 	 0.138152 	 0.141473
  153 	 0.000784 	 0.137286 	 0.141473
  154 	 0.009538 	 0.139846 	 0.141473
  155 	 0.000196 	 0.134786 	 0.141473
  156 	 0.006269 	 0.139597 	 0.141473
  157 	 0.006923 	 0.137686 	 0.141473
  158 	 0.042419 	 0.139985 	 0.141473
  159 	 0.000098 	 0.137057 	 0.141473
  160 	 0.003136 	 0.138327 	 0.141474
  161 	 0.070982 	 0.140552 	 0.141474
  162 	 0.000784 	 0.137333 	 0.141474
  163 	 0.018545 	 0.138906 	 0.141475
  164 	 0.001568 	 0.134790 	 0.141475
  165 	 0.000196 	 0.135388 	 0.141475
  166 	 0.000049 	 0.138026 	 0.141476
  167 	 0.100127 	 0.140631 	 0.141476
  168 	 0.000392 	 0.135300 	 0.141476
  169 	 0.000196 	 0.135350 	 0.141476
  170 	 0.000098 	 0.136546 	 0.141476
  171 	 0.000784 	 0.136222 	 0.141476
  172 	 0.000098 	 0.139824 	 0.141479
  173 	 0.121904 	 0.141099 	 0.141479
  174 	 0.000392 	 0.136382 	 0.141479
  175 	 0.000196 	 0.134301 	 0.141479
  176 	 0.006263 	 0.135872 	 0.141479
  177 	 0.000098 	 0.137477 	 0.141479
  178 	 0.003134 	 0.137665 	 0.141479
  179 	 0.000784 	 0.138186 	 0.141479
  180 	 0.001568 	 0.138296 	 0.141480
  181 	 0.000098 	 0.135676 	 0.141480
  182 	 0.042366 	 0.139421 	 0.141480
  183 	 0.012484 	 0.135574 	 0.141481
  184 	 0.001568 	 0.138023 	 0.141481
  185 	 0.003134 	 0.136958 	 0.141481
  186 	 0.037725 	 0.138402 	 0.141481
  187 	 0.009525 	 0.139955 	 0.141481
  188 	 0.000049 	 0.136961 	 0.141482
  189 	 0.001568 	 0.137940 	 0.141482
  190 	 0.035554 	 0.137905 	 0.141482
  191 	 0.018540 	 0.138256 	 0.141482
  192 	 0.051783 	 0.140169 	 0.141482
  193 	 0.003135 	 0.138742 	 0.141482
  194 	 0.063447 	 0.139785 	 0.141482
  195 	 0.013804 	 0.136516 	 0.141482
  196 	 0.006917 	 0.137933 	 0.141482
  197 	 0.009525 	 0.135832 	 0.141482
  198 	 0.000784 	 0.134937 	 0.141482
  199 	 0.112287 	 0.141099 	 0.141482
  200 	 0.000098 	 0.132887 	 0.141482
  201 	 0.009596 	 0.137968 	 0.141482
  202 	 0.003135 	 0.138138 	 0.141482
  203 	 0.035533 	 0.137422 	 0.141482
  204 	 0.000098 	 0.136211 	 0.141485
  205 	 0.006917 	 0.136841 	 0.141485
  206 	 0.018535 	 0.138324 	 0.141485
  207 	 0.003135 	 0.138929 	 0.141485
  208 	 0.138509 	 0.141413 	 0.141485
  209 	 0.121793 	 0.141186 	 0.141485
  210 	 0.009527 	 0.136010 	 0.141485
  211 	 0.000196 	 0.133885 	 0.141485
  212 	 0.000392 	 0.132951 	 0.141485
  213 	 0.000049 	 0.133565 	 0.141485
  214 	 0.001568 	 0.133954 	 0.141485
  215 	 0.047273 	 0.140408 	 0.141485
  216 	 0.000049 	 0.138615 	 0.141485
  217 	 0.006919 	 0.135707 	 0.141485
  218 	 0.000392 	 0.135849 	 0.141485
  219 	 0.000784 	 0.134880 	 0.141485
  220 	 0.000098 	 0.138314 	 0.141485
  221 	 0.006265 	 0.136007 	 0.141485
  222 	 0.000196 	 0.135455 	 0.141485
  223 	 0.000049 	 0.137425 	 0.141485
  224 	 0.000784 	 0.137213 	 0.141485
  225 	 0.003062 	 0.136160 	 0.141486
  226 	 0.000098 	 0.138538 	 0.141486
  227 	 0.012493 	 0.137995 	 0.141486
  228 	 0.003135 	 0.136702 	 0.141486
  229 	 0.001568 	 0.136971 	 0.141486
  230 	 0.000049 	 0.137552 	 0.141486
  231 	 0.000784 	 0.136487 	 0.141486
  232 	 0.009601 	 0.138721 	 0.141486
  233 	 0.141312 	 0.141480 	 0.141486
  234 	 0.018477 	 0.138125 	 0.141486
  235 	 0.001568 	 0.136001 	 0.141486
  236 	 0.006919 	 0.138937 	 0.141486
  237 	 0.000098 	 0.140065 	 0.141486
  238 	 0.001568 	 0.138136 	 0.141486
  239 	 0.037780 	 0.137654 	 0.141486
  240 	 0.000098 	 0.138366 	 0.141486
  241 	 0.000196 	 0.134038 	 0.141486
  242 	 0.000196 	 0.135698 	 0.141486
  243 	 0.000392 	 0.139764 	 0.141486
  244 	 0.009529 	 0.139052 	 0.141486
  245 	 0.000049 	 0.138325 	 0.141486
  246 	 0.000784 	 0.139987 	 0.141486
  247 	 0.018477 	 0.137220 	 0.141486
  248 	 0.018530 	 0.137702 	 0.141486
  249 	 0.001568 	 0.137075 	 0.141486
  250 	 0.000098 	 0.134721 	 0.141486
  251 	 0.001568 	 0.136146 	 0.141486
  252 	 0.000784 	 0.138630 	 0.141486
  253 	 0.006919 	 0.137986 	 0.141486
  254 	 0.000196 	 0.137431 	 0.141486
  255 	 0.087046 	 0.140664 	 0.141486
  256 	 0.097578 	 0.141027 	 0.141486
  257 	 0.006919 	 0.138231 	 0.141486
  258 	 0.009601 	 0.138664 	 0.141486
  259 	 0.000392 	 0.134695 	 0.141486
  260 	 0.000049 	 0.134081 	 0.141486
  261 	 0.000049 	 0.137111 	 0.141486
  262 	 0.042290 	 0.138211 	 0.141486
  263 	 0.000049 	 0.139030 	 0.141486
  264 	 0.000098 	 0.135470 	 0.141486
  265 	 0.000098 	 0.135199 	 0.141486
  266 	 0.000098 	 0.134963 	 0.141486
  267 	 0.001568 	 0.135147 	 0.141486
  268 	 0.113830 	 0.141197 	 0.141486
  269 	 0.000098 	 0.138474 	 0.141486
  270 	 0.112274 	 0.140889 	 0.141486
  271 	 0.000098 	 0.136215 	 0.141486
  272 	 0.047239 	 0.139171 	 0.141486
  273 	 0.000098 	 0.136069 	 0.141486
  274 	 0.003135 	 0.139138 	 0.141486
  275 	 0.006919 	 0.139135 	 0.141486
  276 	 0.003135 	 0.137987 	 0.141486
  277 	 0.034926 	 0.139467 	 0.141486
  278 	 0.000784 	 0.137280 	 0.141486
  279 	 0.000098 	 0.134725 	 0.141486
  280 	 0.000098 	 0.137361 	 0.141486
  281 	 0.013798 	 0.136012 	 0.141486
  282 	 0.000196 	 0.138735 	 0.141486
  283 	 0.009529 	 0.139759 	 0.141486
  284 	 0.018530 	 0.139216 	 0.141486
  285 	 0.006919 	 0.137058 	 0.141486
  286 	 0.087246 	 0.140798 	 0.141486
  287 	 0.000392 	 0.134190 	 0.141486
  288 	 0.000098 	 0.132208 	 0.141486
  289 	 0.133159 	 0.141303 	 0.141486
  290 	 0.013798 	 0.133802 	 0.141486
  291 	 0.000196 	 0.136748 	 0.141486
  292 	 0.000196 	 0.137025 	 0.141486
  293 	 0.000049 	 0.133799 	 0.141486
  294 	 0.000049 	 0.137107 	 0.141486
  295 	 0.080256 	 0.140701 	 0.141486
  296 	 0.001568 	 0.137787 	 0.141486
  297 	 0.000707 	 0.135389 	 0.141486
  298 	 0.000049 	 0.137112 	 0.141486
  299 	 0.001568 	 0.134177 	 0.141486
  300 	 0.000098 	 0.137961 	 0.141486
  301 	 0.000196 	 0.139286 	 0.141486
  302 	 0.000098 	 0.135302 	 0.141486
  303 	 0.003135 	 0.133088 	 0.141486
  304 	 0.051699 	 0.137731 	 0.141486
  305 	 0.009601 	 0.137159 	 0.141486
  306 	 0.000098 	 0.135113 	 0.141486
  307 	 0.000196 	 0.138238 	 0.141486
  308 	 0.000049 	 0.137183 	 0.141486
  309 	 0.024715 	 0.140115 	 0.141486
  310 	 0.013798 	 0.138820 	 0.141486
  311 	 0.113830 	 0.141177 	 0.141486
  312 	 0.019263 	 0.139061 	 0.141486
  313 	 0.005659 	 0.137376 	 0.141486
  314 	 0.013798 	 0.139570 	 0.141486
  315 	 0.009529 	 0.138740 	 0.141486
  316 	 0.009601 	 0.133370 	 0.141486
  317 	 0.000392 	 0.132546 	 0.141486
  318 	 0.000049 	 0.136054 	 0.141486
  319 	 0.006919 	 0.137815 	 0.141486
  320 	 0.000196 	 0.139987 	 0.141486
  321 	 0.000049 	 0.135639 	 0.141486
  322 	 0.000098 	 0.140071 	 0.141486
  323 	 0.006919 	 0.134089 	 0.141486
  324 	 0.024715 	 0.138490 	 0.141486
  325 	 0.009529 	 0.133702 	 0.141486
  326 	 0.001568 	 0.137417 	 0.141486
  327 	 0.001568 	 0.138484 	 0.141486
  328 	 0.000392 	 0.136251 	 0.141486
  329 	 0.000049 	 0.131266 	 0.141486
  330 	 0.133159 	 0.141396 	 0.141486
  331 	 0.035516 	 0.138371 	 0.141486
  332 	 0.009529 	 0.138158 	 0.141486
  333 	 0.042290 	 0.140226 	 0.141486
  334 	 0.003127 	 0.137225 	 0.141486
  335 	 0.009601 	 0.139114 	 0.141486
  336 	 0.000196 	 0.138409 	 0.141486
  337 	 0.070519 	 0.139933 	 0.141486
  338 	 0.006264 	 0.133894 	 0.141486
  339 	 0.024715 	 0.138330 	 0.141486
  340 	 0.000049 	 0.139976 	 0.141486
  341 	 0.035516 	 0.136618 	 0.141486
  342 	 0.009529 	 0.137841 	 0.141486
  343 	 0.006265 	 0.137740 	 0.141486
  344 	 0.000784 	 0.137485 	 0.141486
  345 	 0.003135 	 0.136169 	 0.141486
  346 	 0.009525 	 0.137315 	 0.141486
  347 	 0.063341 	 0.140580 	 0.141486
  348 	 0.001568 	 0.138170 	 0.141486
  349 	 0.000196 	 0.137172 	 0.141486
  350 	 0.006919 	 0.139144 	 0.141486
  351 	 0.001568 	 0.135041 	 0.141486
  352 	 0.000196 	 0.135444 	 0.141486
  353 	 0.006919 	 0.137335 	 0.141486
  354 	 0.003135 	 0.137752 	 0.141486
  355 	 0.019263 	 0.139919 	 0.141486
  356 	 0.097578 	 0.140678 	 0.141486
  357 	 0.009601 	 0.139454 	 0.141486
  358 	 0.000196 	 0.137267 	 0.141486
  359 	 0.001568 	 0.136858 	 0.141486
  360 	 0.009601 	 0.136762 	 0.141486
  361 	 0.020043 	 0.137156 	 0.141486
  362 	 0.000049 	 0.138663 	 0.141486
  363 	 0.012491 	 0.139297 	 0.141486
  364 	 0.000049 	 0.138348 	 0.141486
  365 	 0.006919 	 0.136784 	 0.141486
  366 	 0.000392 	 0.138559 	 0.141486
  367 	 0.000098 	 0.137097 	 0.141486
  368 	 0.000098 	 0.132000 	 0.141486
  369 	 0.018477 	 0.138309 	 0.141486
  370 	 0.097578 	 0.140233 	 0.141486
  371 	 0.042290 	 0.138745 	 0.141486
  372 	 0.114748 	 0.141005 	 0.141486
  373 	 0.000196 	 0.139359 	 0.141486
  374 	 0.042290 	 0.138872 	 0.141486
  375 	 0.009601 	 0.136599 	 0.141486
  376 	 0.000049 	 0.136487 	 0.141486
  377 	 0.012491 	 0.137717 	 0.141486
  378 	 0.113830 	 0.140919 	 0.141486
  379 	 0.000098 	 0.137552 	 0.141486
  380 	 0.009601 	 0.139118 	 0.141486
  381 	 0.018477 	 0.136575 	 0.141486
  382 	 0.000196 	 0.137345 	 0.141486
  383 	 0.009529 	 0.138961 	 0.141486
  384 	 0.000049 	 0.136643 	 0.141486
  385 	 0.019263 	 0.139202 	 0.141486
  386 	 0.000784 	 0.137910 	 0.141486
  387 	 0.000098 	 0.136705 	 0.141486
  388 	 0.019263 	 0.139777 	 0.141486
  389 	 0.006265 	 0.138418 	 0.141486
  390 	 0.000392 	 0.137865 	 0.141486
  391 	 0.009601 	 0.139128 	 0.141486
  392 	 0.018477 	 0.138402 	 0.141486
  393 	 0.000049 	 0.137363 	 0.141486
  394 	 0.042290 	 0.139980 	 0.141486
  395 	 0.012491 	 0.137762 	 0.141486
  396 	 0.018477 	 0.138631 	 0.141486
  397 	 0.000049 	 0.137394 	 0.141486
  398 	 0.096867 	 0.140082 	 0.141486
  399 	 0.012491 	 0.139713 	 0.141486
  400 	 0.000784 	 0.136980 	 0.141486
  401 	 0.000392 	 0.137716 	 0.141486
  402 	 0.000098 	 0.137541 	 0.141486
  403 	 0.000784 	 0.135380 	 0.141486
  404 	 0.116570 	 0.140930 	 0.141486
  405 	 0.006265 	 0.135527 	 0.141486
  406 	 0.042290 	 0.139909 	 0.141486
  407 	 0.037780 	 0.138760 	 0.141486
  408 	 0.000784 	 0.136402 	 0.141486
  409 	 0.001568 	 0.137185 	 0.141486
  410 	 0.051699 	 0.140383 	 0.141486
  411 	 0.006265 	 0.139381 	 0.141486
  412 	 0.018530 	 0.138672 	 0.141486
  413 	 0.000098 	 0.137313 	 0.141486
  414 	 0.001568 	 0.138361 	 0.141486
  415 	 0.000392 	 0.134579 	 0.141486
  416 	 0.000784 	 0.137524 	 0.141486
  417 	 0.000049 	 0.136292 	 0.141486
  418 	 0.000784 	 0.139248 	 0.141486
  419 	 0.000098 	 0.132243 	 0.141486
  420 	 0.000392 	 0.132873 	 0.141486
  421 	 0.018477 	 0.139024 	 0.141486
  422 	 0.003135 	 0.138011 	 0.141486
  423 	 0.013798 	 0.138209 	 0.141486
  424 	 0.110464 	 0.140739 	 0.141486
  425 	 0.042290 	 0.139206 	 0.141486
  426 	 0.000784 	 0.133839 	 0.141486
  427 	 0.000392 	 0.133550 	 0.141486
  428 	 0.009529 	 0.137959 	 0.141486
  429 	 0.035516 	 0.139030 	 0.141486
  430 	 0.013798 	 0.138413 	 0.141486
  431 	 0.009529 	 0.137330 	 0.141486
  432 	 0.003135 	 0.139524 	 0.141486
  433 	 0.009601 	 0.136239 	 0.141486
  434 	 0.006687 	 0.137532 	 0.141486
  435 	 0.003135 	 0.139914 	 0.141486
  436 	 0.000393 	 0.138906 	 0.141486
  437 	 0.018477 	 0.136133 	 0.141486
  438 	 0.018530 	 0.136747 	 0.141486
  439 	 0.000049 	 0.137215 	 0.141486
  440 	 0.000392 	 0.137980 	 0.141486
  441 	 0.000049 	 0.138622 	 0.141486
  442 	 0.018530 	 0.136906 	 0.141486
  443 	 0.000784 	 0.135075 	 0.141486
  444 	 0.063341 	 0.140692 	 0.141486
  445 	 0.000196 	 0.135507 	 0.141486
  446 	 0.013798 	 0.138322 	 0.141486
  447 	 0.000392 	 0.137787 	 0.141486
  448 	 0.037780 	 0.140189 	 0.141486
  449 	 0.000397 	 0.135078 	 0.141486
  450 	 0.000049 	 0.138171 	 0.141486
  451 	 0.012491 	 0.137557 	 0.141486
  452 	 0.000098 	 0.137045 	 0.141486
  453 	 0.000098 	 0.133605 	 0.141486
  454 	 0.009601 	 0.139243 	 0.141486
  455 	 0.018530 	 0.138495 	 0.141486
  456 	 0.003135 	 0.137401 	 0.141486
  457 	 0.009089 	 0.138818 	 0.141486
  458 	 0.120109 	 0.141244 	 0.141486
  459 	 0.006265 	 0.137929 	 0.141486
  460 	 0.080256 	 0.139365 	 0.141486
  461 	 0.000392 	 0.137390 	 0.141486
  462 	 0.000196 	 0.134189 	 0.141486
  463 	 0.000098 	 0.135559 	 0.141486
  464 	 0.000314 	 0.137574 	 0.141486
  465 	 0.087046 	 0.140384 	 0.141486
  466 	 0.000196 	 0.134158 	 0.141486
  467 	 0.009601 	 0.138831 	 0.141486
  468 	 0.000784 	 0.133579 	 0.141486
  469 	 0.024715 	 0.137489 	 0.141486
  470 	 0.001568 	 0.136200 	 0.141486
  471 	 0.009601 	 0.138750 	 0.141486
  472 	 0.024715 	 0.138925 	 0.141486
  473 	 0.009529 	 0.138751 	 0.141486
  474 	 0.009529 	 0.138009 	 0.141486
  475 	 0.000392 	 0.134852 	 0.141486
  476 	 0.001568 	 0.137721 	 0.141486
  477 	 0.006265 	 0.138764 	 0.141486
  478 	 0.000784 	 0.137681 	 0.141486
  479 	 0.000196 	 0.138414 	 0.141486
  480 	 0.000196 	 0.134938 	 0.141486
  481 	 0.013798 	 0.137961 	 0.141486
  482 	 0.000784 	 0.137749 	 0.141486
  483 	 0.006265 	 0.137167 	 0.141486
  484 	 0.000098 	 0.137421 	 0.141486
  485 	 0.013798 	 0.138647 	 0.141486
  486 	 0.000049 	 0.131925 	 0.141486
  487 	 0.000196 	 0.135346 	 0.141486
  488 	 0.000784 	 0.139316 	 0.141486
  489 	 0.035516 	 0.139970 	 0.141486
  490 	 0.000098 	 0.133061 	 0.141486
  491 	 0.018530 	 0.139812 	 0.141486
  492 	 0.003135 	 0.135804 	 0.141486
  493 	 0.003135 	 0.133839 	 0.141486
  494 	 0.000392 	 0.138899 	 0.141486
  495 	 0.112274 	 0.141163 	 0.141486
  496 	 0.001568 	 0.136376 	 0.141486
  497 	 0.121710 	 0.141096 	 0.141486
  498 	 0.035516 	 0.140276 	 0.141486
  499 	 0.018477 	 0.136306 	 0.141486
 