   0 	 0.000051 	 0.000629 	 0.016005
    1 	 0.000092 	 0.001020 	 0.035906
    2 	 0.000148 	 0.001133 	 0.016315
    3 	 0.000052 	 0.001953 	 0.016217
    4 	 0.000160 	 0.004181 	 0.026043
    5 	 0.002024 	 0.007070 	 0.027544
    6 	 0.002972 	 0.010218 	 0.033141
    7 	 0.002903 	 0.011963 	 0.033141
    8 	 0.003738 	 0.014107 	 0.035116
    9 	 0.004163 	 0.016336 	 0.035116
   10 	 0.000049 	 0.019111 	 0.034056
   11 	 0.000393 	 0.020739 	 0.040442
   12 	 0.006807 	 0.024740 	 0.040442
   13 	 0.005960 	 0.026310 	 0.040442
   14 	 0.002955 	 0.027806 	 0.042043
   15 	 0.005888 	 0.028833 	 0.042043
   16 	 0.005608 	 0.028157 	 0.042165
   17 	 0.000196 	 0.027780 	 0.046455
   18 	 0.006633 	 0.030584 	 0.048654
   19 	 0.000098 	 0.027134 	 0.043191
   20 	 0.006138 	 0.031509 	 0.048781
   21 	 0.000391 	 0.031056 	 0.048781
   22 	 0.005791 	 0.033184 	 0.048781
   23 	 0.000199 	 0.034913 	 0.051429
   24 	 0.000098 	 0.042273 	 0.062833
   25 	 0.000391 	 0.043842 	 0.062932
   26 	 0.007853 	 0.046096 	 0.063512
   27 	 0.000392 	 0.049822 	 0.063691
   28 	 0.000788 	 0.051880 	 0.068238
   29 	 0.000392 	 0.054087 	 0.067448
   30 	 0.041425 	 0.060752 	 0.067448
   31 	 0.000098 	 0.060686 	 0.070412
   32 	 0.016534 	 0.062717 	 0.070412
   33 	 0.009362 	 0.064136 	 0.070487
   34 	 0.009827 	 0.066332 	 0.074575
   35 	 0.016506 	 0.067264 	 0.074810
   36 	 0.000196 	 0.068394 	 0.079578
   37 	 0.000391 	 0.070206 	 0.079586
   38 	 0.064011 	 0.072961 	 0.081672
   39 	 0.007010 	 0.072832 	 0.082802
   40 	 0.018598 	 0.076295 	 0.082398
   41 	 0.056178 	 0.079608 	 0.082398
   42 	 0.033650 	 0.079370 	 0.082831
   43 	 0.070808 	 0.081110 	 0.083980
   44 	 0.000196 	 0.080206 	 0.086528
   45 	 0.012121 	 0.081412 	 0.086528
   46 	 0.000783 	 0.080023 	 0.086812
   47 	 0.078346 	 0.083501 	 0.091042
   48 	 0.012409 	 0.084102 	 0.092389
   49 	 0.006258 	 0.084869 	 0.092430
   50 	 0.000196 	 0.087102 	 0.092961
   51 	 0.000098 	 0.086157 	 0.094034
   52 	 0.064993 	 0.089546 	 0.094034
   53 	 0.009694 	 0.088921 	 0.094034
   54 	 0.006782 	 0.088583 	 0.094034
   55 	 0.079658 	 0.091291 	 0.094094
   56 	 0.047202 	 0.090671 	 0.094184
   57 	 0.009888 	 0.091550 	 0.094224
   58 	 0.039033 	 0.091412 	 0.094224
   59 	 0.000049 	 0.089566 	 0.094275
   60 	 0.000049 	 0.088729 	 0.094738
   61 	 0.003102 	 0.091840 	 0.094742
   62 	 0.017108 	 0.092745 	 0.094899
   63 	 0.011902 	 0.091728 	 0.095065
   64 	 0.003097 	 0.093595 	 0.095571
   65 	 0.050035 	 0.093631 	 0.095571
   66 	 0.000391 	 0.091905 	 0.095764
   67 	 0.018594 	 0.093579 	 0.096657
   68 	 0.035864 	 0.094411 	 0.096657
   69 	 0.022747 	 0.093420 	 0.096786
   70 	 0.035266 	 0.094168 	 0.096792
   71 	 0.000098 	 0.092697 	 0.097855
   72 	 0.047475 	 0.095402 	 0.097855
   73 	 0.000196 	 0.094003 	 0.097854
   74 	 0.043141 	 0.095373 	 0.097855
   75 	 0.000782 	 0.095839 	 0.097910
   76 	 0.000098 	 0.095125 	 0.097911
   77 	 0.017068 	 0.094529 	 0.097911
   78 	 0.000196 	 0.093761 	 0.097911
   79 	 0.000396 	 0.091359 	 0.097948
   80 	 0.000098 	 0.095212 	 0.097948
   81 	 0.093902 	 0.097842 	 0.097985
   82 	 0.003101 	 0.094836 	 0.098005
   83 	 0.009914 	 0.096224 	 0.098007
   84 	 0.026807 	 0.095925 	 0.098007
   85 	 0.018650 	 0.095978 	 0.098937
   86 	 0.000391 	 0.096199 	 0.098937
   87 	 0.006130 	 0.095405 	 0.098937
   88 	 0.000098 	 0.091317 	 0.099006
   89 	 0.000782 	 0.097135 	 0.099004
   90 	 0.000049 	 0.094587 	 0.099093
   91 	 0.001560 	 0.096884 	 0.099093
   92 	 0.000196 	 0.097839 	 0.099006
   93 	 0.035889 	 0.098122 	 0.099022
   94 	 0.000049 	 0.096267 	 0.099022
   95 	 0.035625 	 0.097439 	 0.099022
   96 	 0.001560 	 0.096165 	 0.099022
   97 	 0.018723 	 0.097090 	 0.099024
   98 	 0.040076 	 0.098212 	 0.099030
   99 	 0.000196 	 0.094332 	 0.099031
  100 	 0.000391 	 0.094040 	 0.099032
  101 	 0.000049 	 0.095582 	 0.099033
  102 	 0.000782 	 0.095811 	 0.099123
  103 	 0.006137 	 0.097068 	 0.099123
  104 	 0.011978 	 0.096773 	 0.099125
  105 	 0.006896 	 0.096220 	 0.099123
  106 	 0.068985 	 0.098635 	 0.099125
  107 	 0.000098 	 0.096276 	 0.099123
  108 	 0.000782 	 0.096607 	 0.099125
  109 	 0.034928 	 0.096734 	 0.099126
  110 	 0.026816 	 0.097909 	 0.099159
  111 	 0.000782 	 0.097528 	 0.099205
  112 	 0.017013 	 0.097243 	 0.099205
  113 	 0.006881 	 0.098176 	 0.099206
  114 	 0.000049 	 0.094279 	 0.099208
  115 	 0.018540 	 0.098119 	 0.099208
  116 	 0.000049 	 0.096759 	 0.099501
  117 	 0.000782 	 0.096089 	 0.099501
  118 	 0.000049 	 0.096335 	 0.099557
  119 	 0.000391 	 0.092857 	 0.099557
  120 	 0.000391 	 0.097996 	 0.099575
  121 	 0.000391 	 0.096970 	 0.099575
  122 	 0.080800 	 0.099013 	 0.099575
  123 	 0.006122 	 0.096245 	 0.099575
  124 	 0.022745 	 0.097628 	 0.099605
  125 	 0.013768 	 0.098287 	 0.099605
  126 	 0.006902 	 0.098342 	 0.099605
  127 	 0.000049 	 0.096010 	 0.099605
  128 	 0.018765 	 0.097452 	 0.099605
  129 	 0.000098 	 0.097644 	 0.099605
  130 	 0.018756 	 0.098013 	 0.099612
  131 	 0.000049 	 0.093333 	 0.099613
  132 	 0.000782 	 0.097590 	 0.099617
  133 	 0.006903 	 0.096748 	 0.099613
  134 	 0.017133 	 0.098231 	 0.099614
  135 	 0.000098 	 0.098417 	 0.099622
  136 	 0.000049 	 0.093947 	 0.099622
  137 	 0.000782 	 0.096984 	 0.099623
  138 	 0.000049 	 0.098015 	 0.099623
  139 	 0.000391 	 0.096423 	 0.099623
  140 	 0.089970 	 0.099483 	 0.099630
  141 	 0.011981 	 0.098541 	 0.099639
  142 	 0.013777 	 0.096838 	 0.099639
  143 	 0.000098 	 0.094710 	 0.099639
  144 	 0.000391 	 0.097126 	 0.099640
  145 	 0.000782 	 0.096301 	 0.099642
  146 	 0.017156 	 0.098795 	 0.099645
  147 	 0.013770 	 0.097676 	 0.099643
  148 	 0.018750 	 0.098432 	 0.099643
  149 	 0.011990 	 0.098668 	 0.099644
  150 	 0.000391 	 0.097112 	 0.099645
  151 	 0.000049 	 0.095048 	 0.099646
  152 	 0.000196 	 0.095484 	 0.099649
  153 	 0.000782 	 0.093540 	 0.099649
  154 	 0.000196 	 0.097367 	 0.099650
  155 	 0.000049 	 0.097590 	 0.099652
  156 	 0.069322 	 0.098809 	 0.099653
  157 	 0.009888 	 0.098061 	 0.099652
  158 	 0.011989 	 0.096922 	 0.099652
  159 	 0.000098 	 0.094654 	 0.099653
  160 	 0.022702 	 0.097999 	 0.099653
  161 	 0.035509 	 0.098789 	 0.099653
  162 	 0.026877 	 0.098403 	 0.099653
  163 	 0.022702 	 0.098588 	 0.099659
  164 	 0.000049 	 0.097696 	 0.099659
  165 	 0.000196 	 0.097930 	 0.099653
  166 	 0.000782 	 0.097828 	 0.099653
  167 	 0.000098 	 0.096639 	 0.099653
  168 	 0.009889 	 0.098227 	 0.099653
  169 	 0.013773 	 0.098193 	 0.099654
  170 	 0.000391 	 0.097386 	 0.099654
  171 	 0.083466 	 0.099291 	 0.099654
  172 	 0.000391 	 0.093346 	 0.099655
  173 	 0.000391 	 0.095914 	 0.099655
  174 	 0.009478 	 0.098526 	 0.099655
  175 	 0.000196 	 0.094314 	 0.099655
  176 	 0.035674 	 0.098198 	 0.099659
  177 	 0.000049 	 0.097432 	 0.099655
  178 	 0.018706 	 0.098560 	 0.099655
  179 	 0.026921 	 0.098701 	 0.099655
  180 	 0.004025 	 0.096541 	 0.099655
  181 	 0.000782 	 0.097694 	 0.099655
  182 	 0.003103 	 0.096621 	 0.099655
  183 	 0.000391 	 0.096596 	 0.099655
  184 	 0.000391 	 0.097006 	 0.099655
  185 	 0.001560 	 0.096153 	 0.099655
  186 	 0.006137 	 0.096795 	 0.099655
  187 	 0.000782 	 0.097896 	 0.099655
  188 	 0.000391 	 0.097137 	 0.099655
  189 	 0.003103 	 0.097754 	 0.099655
  190 	 0.000391 	 0.095795 	 0.099655
  191 	 0.000196 	 0.092921 	 0.099655
  192 	 0.000782 	 0.097916 	 0.099655
  193 	 0.000196 	 0.097217 	 0.099655
  194 	 0.001560 	 0.098295 	 0.099655
  195 	 0.000049 	 0.094138 	 0.099655
  196 	 0.000196 	 0.096416 	 0.099656
  197 	 0.009487 	 0.097721 	 0.099656
  198 	 0.034217 	 0.097878 	 0.099661
  199 	 0.001560 	 0.095441 	 0.099661
  200 	 0.000196 	 0.096759 	 0.099661
  201 	 0.000391 	 0.097502 	 0.099661
  202 	 0.018723 	 0.097329 	 0.099661
  203 	 0.000049 	 0.096473 	 0.099661
  204 	 0.009483 	 0.097460 	 0.099661
  205 	 0.000049 	 0.097163 	 0.099661
  206 	 0.000391 	 0.097412 	 0.099661
  207 	 0.000391 	 0.095571 	 0.099661
  208 	 0.043053 	 0.098770 	 0.099661
  209 	 0.035588 	 0.098203 	 0.099661
  210 	 0.000782 	 0.097589 	 0.099661
  211 	 0.017137 	 0.098459 	 0.099661
  212 	 0.000196 	 0.092845 	 0.099661
  213 	 0.049043 	 0.098097 	 0.099661
  214 	 0.084591 	 0.099448 	 0.099661
  215 	 0.000049 	 0.097303 	 0.099661
  216 	 0.011981 	 0.098597 	 0.099661
  217 	 0.000098 	 0.098662 	 0.099661
  218 	 0.017137 	 0.098294 	 0.099661
  219 	 0.006138 	 0.098304 	 0.099661
  220 	 0.018719 	 0.098230 	 0.099661
  221 	 0.000049 	 0.095195 	 0.099661
  222 	 0.040186 	 0.097780 	 0.099661
  223 	 0.000196 	 0.098354 	 0.099661
  224 	 0.000782 	 0.097548 	 0.099661
  225 	 0.000196 	 0.096739 	 0.099661
  226 	 0.009895 	 0.097634 	 0.099661
  227 	 0.000049 	 0.095980 	 0.099661
  228 	 0.000782 	 0.093075 	 0.099661
  229 	 0.000098 	 0.098198 	 0.099661
  230 	 0.000049 	 0.094997 	 0.099661
  231 	 0.000049 	 0.095608 	 0.099661
  232 	 0.003103 	 0.097155 	 0.099661
  233 	 0.013779 	 0.098006 	 0.099661
  234 	 0.000049 	 0.095638 	 0.099661
  235 	 0.017138 	 0.097758 	 0.099661
  236 	 0.000049 	 0.097101 	 0.099661
  237 	 0.011981 	 0.098572 	 0.099661
  238 	 0.000391 	 0.097661 	 0.099661
  239 	 0.009895 	 0.097051 	 0.099661
  240 	 0.018719 	 0.097242 	 0.099661
  241 	 0.009895 	 0.096527 	 0.099661
  242 	 0.001560 	 0.097564 	 0.099661
  243 	 0.006138 	 0.096983 	 0.099661
  244 	 0.018719 	 0.097780 	 0.099661
  245 	 0.006165 	 0.098259 	 0.099661
  246 	 0.000098 	 0.097683 	 0.099661
  247 	 0.040186 	 0.098582 	 0.099661
  248 	 0.000049 	 0.092284 	 0.099661
  249 	 0.035593 	 0.098293 	 0.099661
  250 	 0.000049 	 0.098427 	 0.099661
  251 	 0.000391 	 0.095013 	 0.099661
  252 	 0.000049 	 0.095870 	 0.099661
  253 	 0.039987 	 0.097936 	 0.099661
  254 	 0.000196 	 0.095409 	 0.099661
  255 	 0.011981 	 0.097568 	 0.099661
  256 	 0.000049 	 0.096313 	 0.099661
  257 	 0.000049 	 0.097591 	 0.099661
  258 	 0.060738 	 0.098899 	 0.099661
  259 	 0.009484 	 0.096328 	 0.099661
  260 	 0.040186 	 0.098845 	 0.099661
  261 	 0.000049 	 0.097319 	 0.099661
  262 	 0.011981 	 0.098331 	 0.099661
  263 	 0.000782 	 0.096261 	 0.099661
  264 	 0.001560 	 0.096231 	 0.099661
  265 	 0.040186 	 0.098810 	 0.099661
  266 	 0.006898 	 0.097954 	 0.099661
  267 	 0.018719 	 0.098454 	 0.099661
  268 	 0.000391 	 0.095893 	 0.099661
  269 	 0.000049 	 0.094865 	 0.099661
  270 	 0.000196 	 0.097075 	 0.099661
  271 	 0.009500 	 0.096978 	 0.099661
  272 	 0.003103 	 0.095357 	 0.099661
  273 	 0.009895 	 0.097368 	 0.099661
  274 	 0.013779 	 0.097994 	 0.099661
  275 	 0.000049 	 0.095058 	 0.099661
  276 	 0.000782 	 0.096789 	 0.099661
  277 	 0.006138 	 0.097499 	 0.099661
  278 	 0.000391 	 0.094962 	 0.099661
  279 	 0.003054 	 0.097934 	 0.099661
  280 	 0.000098 	 0.093936 	 0.099661
  281 	 0.017138 	 0.097669 	 0.099661
  282 	 0.006138 	 0.096679 	 0.099661
  283 	 0.000049 	 0.098531 	 0.099661
  284 	 0.012006 	 0.097194 	 0.099661
  285 	 0.000049 	 0.095918 	 0.099661
  286 	 0.001560 	 0.094785 	 0.099661
  287 	 0.040186 	 0.098463 	 0.099661
  288 	 0.000098 	 0.097517 	 0.099661
  289 	 0.011981 	 0.098716 	 0.099661
  290 	 0.000098 	 0.094829 	 0.099661
  291 	 0.013779 	 0.096630 	 0.099661
  292 	 0.000393 	 0.097509 	 0.099661
  293 	 0.009895 	 0.098302 	 0.099661
  294 	 0.094717 	 0.099575 	 0.099661
  295 	 0.006138 	 0.096390 	 0.099661
  296 	 0.006898 	 0.096124 	 0.099661
  297 	 0.006138 	 0.097578 	 0.099661
  298 	 0.013779 	 0.096598 	 0.099661
  299 	 0.000098 	 0.097779 	 0.099661
  300 	 0.012867 	 0.094993 	 0.099661
  301 	 0.009484 	 0.097831 	 0.099661
  302 	 0.003103 	 0.098256 	 0.099661
  303 	 0.000782 	 0.096631 	 0.099661
  304 	 0.000049 	 0.098486 	 0.099661
  305 	 0.035604 	 0.098518 	 0.099661
  306 	 0.000049 	 0.095583 	 0.099661
  307 	 0.026902 	 0.098135 	 0.099661
  308 	 0.000196 	 0.095316 	 0.099661
  309 	 0.000391 	 0.096443 	 0.099661
  310 	 0.000782 	 0.097139 	 0.099661
  311 	 0.000098 	 0.091623 	 0.099661
  312 	 0.018719 	 0.098837 	 0.099661
  313 	 0.000391 	 0.095726 	 0.099661
  314 	 0.001560 	 0.098069 	 0.099661
  315 	 0.094717 	 0.099603 	 0.099661
  316 	 0.049743 	 0.098734 	 0.099661
  317 	 0.009484 	 0.095717 	 0.099661
  318 	 0.018719 	 0.098762 	 0.099661
  319 	 0.009888 	 0.097734 	 0.099661
  320 	 0.026902 	 0.097898 	 0.099661
  321 	 0.000196 	 0.096719 	 0.099661
  322 	 0.009484 	 0.096229 	 0.099661
  323 	 0.009895 	 0.096710 	 0.099661
  324 	 0.000391 	 0.097289 	 0.099661
  325 	 0.000049 	 0.095916 	 0.099661
  326 	 0.000049 	 0.097618 	 0.099661
  327 	 0.003103 	 0.097919 	 0.099661
  328 	 0.011981 	 0.097696 	 0.099661
  329 	 0.000098 	 0.096573 	 0.099661
  330 	 0.006138 	 0.097598 	 0.099661
  331 	 0.084584 	 0.099198 	 0.099661
  332 	 0.000391 	 0.096652 	 0.099661
  333 	 0.006138 	 0.097708 	 0.099661
  334 	 0.017138 	 0.098546 	 0.099661
  335 	 0.060738 	 0.098516 	 0.099661
  336 	 0.011981 	 0.096793 	 0.099661
  337 	 0.000098 	 0.094525 	 0.099661
  338 	 0.043078 	 0.099071 	 0.099661
  339 	 0.026902 	 0.098330 	 0.099661
  340 	 0.022677 	 0.098729 	 0.099661
  341 	 0.011981 	 0.098574 	 0.099661
  342 	 0.009484 	 0.098157 	 0.099661
  343 	 0.000391 	 0.097268 	 0.099661
  344 	 0.011981 	 0.098776 	 0.099661
  345 	 0.006138 	 0.097168 	 0.099661
  346 	 0.006898 	 0.096604 	 0.099661
  347 	 0.026902 	 0.097674 	 0.099661
  348 	 0.018719 	 0.098240 	 0.099661
  349 	 0.001560 	 0.097519 	 0.099661
  350 	 0.000049 	 0.093573 	 0.099661
  351 	 0.000098 	 0.093925 	 0.099661
  352 	 0.000049 	 0.095313 	 0.099661
  353 	 0.000098 	 0.096468 	 0.099661
  354 	 0.043078 	 0.098671 	 0.099661
  355 	 0.035604 	 0.097858 	 0.099661
  356 	 0.009895 	 0.097308 	 0.099661
  357 	 0.035593 	 0.098874 	 0.099661
  358 	 0.000782 	 0.096306 	 0.099661
  359 	 0.018719 	 0.097058 	 0.099661
  360 	 0.006138 	 0.098409 	 0.099661
  361 	 0.022677 	 0.098759 	 0.099661
  362 	 0.003103 	 0.096775 	 0.099661
  363 	 0.003103 	 0.097906 	 0.099661
  364 	 0.000098 	 0.096722 	 0.099661
  365 	 0.097859 	 0.099632 	 0.099661
  366 	 0.018719 	 0.097550 	 0.099661
  367 	 0.000049 	 0.092552 	 0.099661
  368 	 0.011981 	 0.097713 	 0.099661
  369 	 0.035604 	 0.099002 	 0.099661
  370 	 0.000782 	 0.098634 	 0.099661
  371 	 0.000049 	 0.093771 	 0.099661
  372 	 0.012256 	 0.097056 	 0.099661
  373 	 0.003103 	 0.098165 	 0.099661
  374 	 0.006898 	 0.097140 	 0.099661
  375 	 0.009484 	 0.098272 	 0.099661
  376 	 0.011981 	 0.098598 	 0.099661
  377 	 0.022677 	 0.096040 	 0.099661
  378 	 0.003103 	 0.096153 	 0.099661
  379 	 0.000049 	 0.095816 	 0.099661
  380 	 0.006898 	 0.097555 	 0.099661
  381 	 0.026902 	 0.098286 	 0.099661
  382 	 0.018719 	 0.097539 	 0.099661
  383 	 0.000196 	 0.096512 	 0.099661
  384 	 0.000782 	 0.097138 	 0.099661
  385 	 0.017104 	 0.098095 	 0.099661
  386 	 0.000196 	 0.094981 	 0.099661
  387 	 0.000196 	 0.096530 	 0.099661
  388 	 0.000098 	 0.097728 	 0.099661
  389 	 0.035604 	 0.097988 	 0.099661
  390 	 0.000391 	 0.097780 	 0.099661
  391 	 0.000098 	 0.096432 	 0.099661
  392 	 0.083435 	 0.099370 	 0.099661
  393 	 0.001560 	 0.097754 	 0.099661
  394 	 0.040186 	 0.099015 	 0.099661
  395 	 0.000049 	 0.098162 	 0.099661
  396 	 0.011981 	 0.097051 	 0.099661
  397 	 0.000391 	 0.095256 	 0.099661
  398 	 0.000049 	 0.098007 	 0.099661
  399 	 0.000196 	 0.096799 	 0.099661
  400 	 0.040186 	 0.098815 	 0.099661
  401 	 0.018719 	 0.097434 	 0.099661
  402 	 0.006138 	 0.097482 	 0.099661
  403 	 0.007008 	 0.097472 	 0.099661
  404 	 0.018719 	 0.097592 	 0.099661
  405 	 0.017138 	 0.096791 	 0.099661
  406 	 0.000196 	 0.095740 	 0.099661
  407 	 0.022677 	 0.097251 	 0.099661
  408 	 0.001560 	 0.093507 	 0.099661
  409 	 0.000049 	 0.096307 	 0.099661
  410 	 0.003103 	 0.096817 	 0.099661
  411 	 0.000196 	 0.098080 	 0.099661
  412 	 0.000098 	 0.096603 	 0.099661
  413 	 0.006138 	 0.095530 	 0.099661
  414 	 0.000196 	 0.095382 	 0.099661
  415 	 0.006138 	 0.095735 	 0.099661
  416 	 0.000098 	 0.096536 	 0.099661
  417 	 0.013638 	 0.097980 	 0.099661
  418 	 0.000782 	 0.097589 	 0.099661
  419 	 0.043078 	 0.098583 	 0.099661
  420 	 0.043078 	 0.099026 	 0.099661
  421 	 0.000391 	 0.096323 	 0.099661
  422 	 0.013779 	 0.097087 	 0.099661
  423 	 0.000098 	 0.094611 	 0.099661
  424 	 0.006138 	 0.097547 	 0.099661
  425 	 0.009895 	 0.095846 	 0.099661
  426 	 0.006898 	 0.096362 	 0.099661
  427 	 0.049045 	 0.098886 	 0.099661
  428 	 0.001560 	 0.096300 	 0.099661
  429 	 0.009895 	 0.097760 	 0.099661
  430 	 0.060533 	 0.099232 	 0.099661
  431 	 0.009484 	 0.096235 	 0.099661
  432 	 0.011981 	 0.097384 	 0.099661
  433 	 0.006898 	 0.097277 	 0.099661
  434 	 0.009895 	 0.095813 	 0.099661
  435 	 0.000098 	 0.096609 	 0.099661
  436 	 0.000782 	 0.096404 	 0.099661
  437 	 0.039987 	 0.097660 	 0.099661
  438 	 0.022677 	 0.098706 	 0.099661
  439 	 0.000049 	 0.094238 	 0.099661
  440 	 0.000391 	 0.093754 	 0.099661
  441 	 0.001560 	 0.095905 	 0.099661
  442 	 0.006898 	 0.096827 	 0.099661
  443 	 0.009496 	 0.096126 	 0.099661
  444 	 0.009484 	 0.097301 	 0.099661
  445 	 0.000098 	 0.095216 	 0.099661
  446 	 0.006898 	 0.095335 	 0.099661
  447 	 0.040186 	 0.098336 	 0.099661
  448 	 0.018719 	 0.098560 	 0.099661
  449 	 0.022677 	 0.097729 	 0.099661
  450 	 0.000401 	 0.097520 	 0.099661
  451 	 0.003103 	 0.098686 	 0.099661
  452 	 0.000782 	 0.097023 	 0.099661
  453 	 0.000782 	 0.096021 	 0.099661
  454 	 0.000196 	 0.097555 	 0.099661
  455 	 0.000098 	 0.098260 	 0.099661
  456 	 0.000098 	 0.094719 	 0.099661
  457 	 0.000049 	 0.094547 	 0.099661
  458 	 0.006138 	 0.097975 	 0.099661
  459 	 0.043078 	 0.098222 	 0.099661
  460 	 0.001560 	 0.095930 	 0.099661
  461 	 0.049743 	 0.097973 	 0.099661
  462 	 0.018718 	 0.096652 	 0.099661
  463 	 0.000098 	 0.094473 	 0.099661
  464 	 0.001560 	 0.098260 	 0.099661
  465 	 0.000782 	 0.095069 	 0.099661
  466 	 0.000196 	 0.095496 	 0.099661
  467 	 0.000196 	 0.093466 	 0.099661
  468 	 0.049045 	 0.097837 	 0.099661
  469 	 0.003103 	 0.098508 	 0.099661
  470 	 0.018719 	 0.098141 	 0.099661
  471 	 0.006138 	 0.098720 	 0.099661
  472 	 0.026902 	 0.098106 	 0.099661
  473 	 0.000195 	 0.095972 	 0.099661
  474 	 0.000782 	 0.095215 	 0.099661
  475 	 0.049743 	 0.098575 	 0.099661
  476 	 0.017138 	 0.097875 	 0.099661
  477 	 0.039987 	 0.097917 	 0.099661
  478 	 0.000391 	 0.095402 	 0.099661
  479 	 0.003103 	 0.098692 	 0.099661
  480 	 0.091454 	 0.099510 	 0.099661
  481 	 0.000196 	 0.097372 	 0.099661
  482 	 0.000196 	 0.096613 	 0.099661
  483 	 0.000782 	 0.096467 	 0.099661
  484 	 0.060738 	 0.099146 	 0.099661
  485 	 0.095126 	 0.099608 	 0.099661
  486 	 0.000098 	 0.090639 	 0.099661
  487 	 0.000196 	 0.095753 	 0.099661
  488 	 0.025499 	 0.098728 	 0.099661
  489 	 0.000782 	 0.096397 	 0.099661
  490 	 0.003103 	 0.098060 	 0.099661
  491 	 0.001560 	 0.095086 	 0.099661
  492 	 0.003103 	 0.097649 	 0.099661
  493 	 0.049045 	 0.098559 	 0.099661
  494 	 0.013995 	 0.095602 	 0.099661
  495 	 0.000098 	 0.094666 	 0.099661
  496 	 0.009484 	 0.097368 	 0.099661
  497 	 0.060559 	 0.099116 	 0.099661
  498 	 0.000098 	 0.094921 	 0.099661
  499 	 0.017094 	 0.097259 	 0.099661
 