   0 	 0.000050 	 0.000275 	 0.004724
    1 	 0.000050 	 0.000375 	 0.002096
    2 	 0.000155 	 0.000541 	 0.002058
    3 	 0.000107 	 0.000752 	 0.002630
    4 	 0.000216 	 0.001151 	 0.004162
    5 	 0.000172 	 0.001494 	 0.002879
    6 	 0.000051 	 0.001690 	 0.002879
    7 	 0.000105 	 0.001798 	 0.002910
    8 	 0.001184 	 0.002023 	 0.002910
    9 	 0.001205 	 0.002271 	 0.006424
   10 	 0.001505 	 0.003038 	 0.017575
   11 	 0.000101 	 0.003252 	 0.012094
   12 	 0.001381 	 0.004413 	 0.017982
   13 	 0.000050 	 0.005994 	 0.026823
   14 	 0.002347 	 0.008940 	 0.026823
   15 	 0.000388 	 0.012794 	 0.026823
   16 	 0.000049 	 0.015059 	 0.026823
   17 	 0.007891 	 0.017416 	 0.027532
   18 	 0.009274 	 0.020206 	 0.029977
   19 	 0.008939 	 0.021725 	 0.029977
   20 	 0.000098 	 0.022155 	 0.029977
   21 	 0.009576 	 0.023707 	 0.029977
   22 	 0.008734 	 0.024875 	 0.029977
   23 	 0.000098 	 0.025911 	 0.030221
   24 	 0.000049 	 0.026027 	 0.030221
   25 	 0.001523 	 0.025973 	 0.032144
   26 	 0.003147 	 0.025992 	 0.032144
   27 	 0.007573 	 0.025900 	 0.031264
   28 	 0.000196 	 0.026456 	 0.031657
   29 	 0.015310 	 0.028472 	 0.031770
   30 	 0.000098 	 0.025300 	 0.032398
   31 	 0.007488 	 0.027137 	 0.031975
   32 	 0.000049 	 0.028492 	 0.034240
   33 	 0.000049 	 0.028684 	 0.034240
   34 	 0.004047 	 0.028122 	 0.034240
   35 	 0.000049 	 0.029701 	 0.034544
   36 	 0.010048 	 0.030119 	 0.034544
   37 	 0.009279 	 0.027623 	 0.036635
   38 	 0.014689 	 0.030425 	 0.044701
   39 	 0.007562 	 0.031997 	 0.053035
   40 	 0.010755 	 0.032959 	 0.047609
   41 	 0.009474 	 0.030638 	 0.054872
   42 	 0.007883 	 0.033866 	 0.049321
   43 	 0.000195 	 0.036202 	 0.048887
   44 	 0.001575 	 0.042898 	 0.048867
   45 	 0.012489 	 0.045277 	 0.049275
   46 	 0.000049 	 0.044976 	 0.053232
   47 	 0.000098 	 0.047362 	 0.053232
   48 	 0.003100 	 0.048161 	 0.053232
   49 	 0.000049 	 0.047884 	 0.055163
   50 	 0.012087 	 0.049072 	 0.053710
   51 	 0.009580 	 0.048843 	 0.056046
   52 	 0.000098 	 0.048701 	 0.056146
   53 	 0.000196 	 0.051052 	 0.061925
   54 	 0.013277 	 0.053051 	 0.062474
   55 	 0.003061 	 0.053980 	 0.063919
   56 	 0.003074 	 0.054767 	 0.064957
   57 	 0.013195 	 0.056679 	 0.065302
   58 	 0.053177 	 0.060636 	 0.065324
   59 	 0.045366 	 0.062412 	 0.065086
   60 	 0.032152 	 0.062972 	 0.065803
   61 	 0.000049 	 0.063175 	 0.065803
   62 	 0.000049 	 0.063810 	 0.065753
   63 	 0.007198 	 0.062992 	 0.065753
   64 	 0.058996 	 0.064682 	 0.065851
   65 	 0.003117 	 0.063722 	 0.065851
   66 	 0.000196 	 0.063150 	 0.065947
   67 	 0.012709 	 0.063065 	 0.066033
   68 	 0.049087 	 0.065022 	 0.066033
   69 	 0.031129 	 0.065130 	 0.066635
   70 	 0.006196 	 0.062639 	 0.067552
   71 	 0.003120 	 0.065207 	 0.067552
   72 	 0.018877 	 0.065126 	 0.067719
   73 	 0.022678 	 0.065001 	 0.067843
   74 	 0.001564 	 0.063773 	 0.068432
   75 	 0.000196 	 0.065578 	 0.068751
   76 	 0.000197 	 0.066285 	 0.068960
   77 	 0.050818 	 0.067354 	 0.068960
   78 	 0.009434 	 0.067137 	 0.069429
   79 	 0.001567 	 0.067828 	 0.069429
   80 	 0.000392 	 0.067459 	 0.069429
   81 	 0.009593 	 0.066436 	 0.069649
   82 	 0.009615 	 0.067020 	 0.069649
   83 	 0.000392 	 0.067243 	 0.070103
   84 	 0.018674 	 0.068501 	 0.070299
   85 	 0.009493 	 0.068214 	 0.070308
   86 	 0.038404 	 0.068981 	 0.070308
   87 	 0.069306 	 0.069866 	 0.070460
   88 	 0.009514 	 0.069070 	 0.070433
   89 	 0.003120 	 0.068723 	 0.070513
   90 	 0.000392 	 0.068867 	 0.070460
   91 	 0.000098 	 0.067682 	 0.070460
   92 	 0.001564 	 0.068486 	 0.070490
   93 	 0.007153 	 0.069150 	 0.070514
   94 	 0.003123 	 0.068830 	 0.070490
   95 	 0.000049 	 0.069212 	 0.070639
   96 	 0.000783 	 0.069246 	 0.070619
   97 	 0.022877 	 0.069034 	 0.070655
   98 	 0.012757 	 0.068826 	 0.070576
   99 	 0.032726 	 0.069652 	 0.070638
  100 	 0.032114 	 0.069415 	 0.070711
  101 	 0.063339 	 0.070416 	 0.070816
  102 	 0.063491 	 0.070471 	 0.070819
  103 	 0.009523 	 0.069529 	 0.070835
  104 	 0.063632 	 0.070545 	 0.070835
  105 	 0.018313 	 0.070195 	 0.070871
  106 	 0.062190 	 0.070677 	 0.070871
  107 	 0.009467 	 0.069297 	 0.070945
  108 	 0.006176 	 0.068136 	 0.070955
  109 	 0.060980 	 0.070679 	 0.070890
  110 	 0.012719 	 0.069780 	 0.070890
  111 	 0.000392 	 0.069486 	 0.070932
  112 	 0.022947 	 0.069742 	 0.070939
  113 	 0.009479 	 0.070236 	 0.070939
  114 	 0.039042 	 0.070531 	 0.071062
  115 	 0.000049 	 0.070064 	 0.071062
  116 	 0.000783 	 0.069223 	 0.071062
  117 	 0.006175 	 0.069452 	 0.071062
  118 	 0.068291 	 0.070918 	 0.071062
  119 	 0.037383 	 0.070174 	 0.071062
  120 	 0.009503 	 0.070347 	 0.071150
  121 	 0.000783 	 0.069031 	 0.071150
  122 	 0.000196 	 0.068340 	 0.071339
  123 	 0.000098 	 0.069475 	 0.071342
  124 	 0.054710 	 0.070891 	 0.071398
  125 	 0.000049 	 0.070237 	 0.071470
  126 	 0.022822 	 0.070668 	 0.071470
  127 	 0.000196 	 0.069927 	 0.071470
  128 	 0.038740 	 0.071030 	 0.071470
  129 	 0.018268 	 0.070318 	 0.071470
  130 	 0.018268 	 0.069930 	 0.071488
  131 	 0.000196 	 0.070040 	 0.071488
  132 	 0.052203 	 0.071261 	 0.071683
  133 	 0.053648 	 0.071205 	 0.071697
  134 	 0.018423 	 0.070227 	 0.071488
  135 	 0.000098 	 0.068680 	 0.071715
  136 	 0.000098 	 0.070108 	 0.071715
  137 	 0.009465 	 0.069058 	 0.071715
  138 	 0.001562 	 0.068526 	 0.071715
  139 	 0.000196 	 0.067333 	 0.071715
  140 	 0.039164 	 0.070759 	 0.071715
  141 	 0.003112 	 0.070298 	 0.071715
  142 	 0.001562 	 0.070243 	 0.071719
  143 	 0.001563 	 0.070157 	 0.071719
  144 	 0.000783 	 0.069394 	 0.071719
  145 	 0.000783 	 0.069395 	 0.071719
  146 	 0.000783 	 0.070404 	 0.071723
  147 	 0.018703 	 0.070762 	 0.071723
  148 	 0.000392 	 0.068642 	 0.071723
  149 	 0.018514 	 0.070367 	 0.071724
  150 	 0.001563 	 0.070915 	 0.071728
  151 	 0.000049 	 0.069626 	 0.071731
  152 	 0.000196 	 0.069248 	 0.071771
  153 	 0.022794 	 0.071072 	 0.071771
  154 	 0.018514 	 0.070335 	 0.071775
  155 	 0.001563 	 0.068734 	 0.071775
  156 	 0.000049 	 0.069189 	 0.071786
  157 	 0.000049 	 0.068996 	 0.071786
  158 	 0.003116 	 0.070597 	 0.071786
  159 	 0.009478 	 0.070865 	 0.071793
  160 	 0.003116 	 0.069511 	 0.071793
  161 	 0.000098 	 0.068935 	 0.071793
  162 	 0.009478 	 0.069792 	 0.071793
  163 	 0.000196 	 0.070443 	 0.071800
  164 	 0.012617 	 0.070657 	 0.071800
  165 	 0.000783 	 0.070295 	 0.071800
  166 	 0.018546 	 0.071224 	 0.071800
  167 	 0.071073 	 0.071772 	 0.071800
  168 	 0.000049 	 0.068658 	 0.071800
  169 	 0.000783 	 0.068833 	 0.071800
  170 	 0.003117 	 0.070371 	 0.071800
  171 	 0.000049 	 0.068060 	 0.071800
  172 	 0.018552 	 0.070519 	 0.071801
  173 	 0.006185 	 0.070980 	 0.071801
  174 	 0.000049 	 0.069705 	 0.071801
  175 	 0.000049 	 0.070141 	 0.071801
  176 	 0.000392 	 0.068425 	 0.071801
  177 	 0.023084 	 0.070951 	 0.071801
  178 	 0.000783 	 0.068489 	 0.071801
  179 	 0.000098 	 0.069533 	 0.071801
  180 	 0.000392 	 0.069371 	 0.071801
  181 	 0.000098 	 0.069062 	 0.071810
  182 	 0.033295 	 0.070745 	 0.071810
  183 	 0.003117 	 0.070610 	 0.071810
  184 	 0.003117 	 0.069381 	 0.071810
  185 	 0.009502 	 0.071087 	 0.071810
  186 	 0.063331 	 0.071541 	 0.071810
  187 	 0.001563 	 0.070418 	 0.071810
  188 	 0.018740 	 0.070626 	 0.071810
  189 	 0.006184 	 0.070821 	 0.071810
  190 	 0.012615 	 0.070167 	 0.071810
  191 	 0.001563 	 0.070049 	 0.071810
  192 	 0.000392 	 0.070011 	 0.071810
  193 	 0.033286 	 0.071367 	 0.071810
  194 	 0.001563 	 0.070045 	 0.071810
  195 	 0.000098 	 0.070934 	 0.071810
  196 	 0.000098 	 0.071009 	 0.071810
  197 	 0.037545 	 0.071263 	 0.071810
  198 	 0.000783 	 0.070349 	 0.071810
  199 	 0.018294 	 0.070562 	 0.071810
  200 	 0.006184 	 0.070459 	 0.071810
  201 	 0.000783 	 0.070678 	 0.071810
  202 	 0.000196 	 0.068967 	 0.071810
  203 	 0.000098 	 0.070411 	 0.071810
  204 	 0.007160 	 0.068693 	 0.071810
  205 	 0.018546 	 0.070775 	 0.071810
  206 	 0.001563 	 0.070907 	 0.071810
  207 	 0.061216 	 0.071507 	 0.071810
  208 	 0.006184 	 0.070330 	 0.071810
  209 	 0.012739 	 0.070661 	 0.071810
  210 	 0.064283 	 0.071694 	 0.071810
  211 	 0.006184 	 0.070041 	 0.071810
  212 	 0.038998 	 0.071067 	 0.071810
  213 	 0.018547 	 0.069403 	 0.071810
  214 	 0.000392 	 0.069533 	 0.071810
  215 	 0.068490 	 0.071733 	 0.071810
  216 	 0.000049 	 0.068483 	 0.071810
  217 	 0.061216 	 0.071615 	 0.071810
  218 	 0.000098 	 0.069605 	 0.071810
  219 	 0.018742 	 0.071101 	 0.071810
  220 	 0.033286 	 0.071379 	 0.071810
  221 	 0.000392 	 0.070972 	 0.071810
  222 	 0.000098 	 0.068812 	 0.071810
  223 	 0.009480 	 0.070116 	 0.071810
  224 	 0.000196 	 0.068789 	 0.071810
  225 	 0.012614 	 0.070264 	 0.071810
  226 	 0.006184 	 0.069776 	 0.071810
  227 	 0.000049 	 0.070586 	 0.071810
  228 	 0.003117 	 0.070779 	 0.071810
  229 	 0.000049 	 0.071076 	 0.071810
  230 	 0.000392 	 0.070077 	 0.071810
  231 	 0.007160 	 0.068563 	 0.071810
  232 	 0.001563 	 0.069974 	 0.071810
  233 	 0.003117 	 0.070324 	 0.071810
  234 	 0.018294 	 0.071094 	 0.071810
  235 	 0.018742 	 0.069948 	 0.071810
  236 	 0.000783 	 0.068973 	 0.071810
  237 	 0.032163 	 0.071177 	 0.071810
  238 	 0.000196 	 0.070777 	 0.071810
  239 	 0.032315 	 0.071190 	 0.071810
  240 	 0.000196 	 0.069378 	 0.071810
  241 	 0.023089 	 0.070981 	 0.071810
  242 	 0.001563 	 0.069806 	 0.071810
  243 	 0.033286 	 0.070511 	 0.071810
  244 	 0.009480 	 0.071131 	 0.071810
  245 	 0.001563 	 0.071032 	 0.071810
  246 	 0.000392 	 0.069922 	 0.071810
  247 	 0.033286 	 0.071341 	 0.071810
  248 	 0.057538 	 0.071444 	 0.071810
  249 	 0.007160 	 0.069528 	 0.071810
  250 	 0.001563 	 0.070137 	 0.071810
  251 	 0.018294 	 0.070919 	 0.071810
  252 	 0.054809 	 0.071528 	 0.071810
  253 	 0.012739 	 0.070638 	 0.071810
  254 	 0.068893 	 0.071742 	 0.071810
  255 	 0.000392 	 0.069980 	 0.071810
  256 	 0.012739 	 0.070036 	 0.071810
  257 	 0.000049 	 0.069365 	 0.071810
  258 	 0.003117 	 0.069272 	 0.071810
  259 	 0.000196 	 0.069662 	 0.071810
  260 	 0.000783 	 0.069103 	 0.071810
  261 	 0.000049 	 0.070208 	 0.071810
  262 	 0.000392 	 0.070378 	 0.071810
  263 	 0.001563 	 0.069053 	 0.071810
  264 	 0.054667 	 0.071630 	 0.071810
  265 	 0.037545 	 0.071194 	 0.071810
  266 	 0.023089 	 0.070665 	 0.071810
  267 	 0.009503 	 0.068927 	 0.071810
  268 	 0.009480 	 0.070226 	 0.071810
  269 	 0.018742 	 0.070560 	 0.071810
  270 	 0.018546 	 0.071109 	 0.071810
  271 	 0.033286 	 0.070809 	 0.071810
  272 	 0.007160 	 0.070750 	 0.071810
  273 	 0.051563 	 0.071265 	 0.071810
  274 	 0.000049 	 0.069245 	 0.071810
  275 	 0.000196 	 0.069094 	 0.071810
  276 	 0.000049 	 0.068796 	 0.071810
  277 	 0.000098 	 0.068175 	 0.071810
  278 	 0.000783 	 0.070055 	 0.071810
  279 	 0.032315 	 0.070940 	 0.071810
  280 	 0.033286 	 0.071193 	 0.071810
  281 	 0.000098 	 0.069425 	 0.071810
  282 	 0.000196 	 0.069623 	 0.071810
  283 	 0.000049 	 0.071090 	 0.071810
  284 	 0.035414 	 0.071276 	 0.071810
  285 	 0.000049 	 0.070022 	 0.071810
  286 	 0.012614 	 0.069766 	 0.071810
  287 	 0.054809 	 0.071593 	 0.071810
  288 	 0.000098 	 0.069618 	 0.071810
  289 	 0.023089 	 0.070330 	 0.071810
  290 	 0.000196 	 0.070295 	 0.071810
  291 	 0.018742 	 0.071069 	 0.071810
  292 	 0.000049 	 0.070879 	 0.071810
  293 	 0.000049 	 0.070079 	 0.071810
  294 	 0.000196 	 0.070193 	 0.071810
  295 	 0.000049 	 0.069551 	 0.071810
  296 	 0.000783 	 0.070423 	 0.071810
  297 	 0.003117 	 0.070199 	 0.071810
  298 	 0.000098 	 0.069928 	 0.071810
  299 	 0.054648 	 0.071627 	 0.071810
  300 	 0.009503 	 0.069562 	 0.071810
  301 	 0.018294 	 0.070275 	 0.071810
  302 	 0.033286 	 0.071398 	 0.071810
  303 	 0.000392 	 0.068950 	 0.071810
  304 	 0.000783 	 0.069743 	 0.071810
  305 	 0.000783 	 0.068540 	 0.071810
  306 	 0.071547 	 0.071805 	 0.071810
  307 	 0.007160 	 0.070719 	 0.071810
  308 	 0.006184 	 0.069999 	 0.071810
  309 	 0.018294 	 0.071155 	 0.071810
  310 	 0.000783 	 0.070971 	 0.071810
  311 	 0.000098 	 0.070881 	 0.071810
  312 	 0.000392 	 0.069348 	 0.071810
  313 	 0.000049 	 0.068275 	 0.071810
  314 	 0.007160 	 0.069548 	 0.071810
  315 	 0.000783 	 0.069838 	 0.071810
  316 	 0.009503 	 0.071065 	 0.071810
  317 	 0.000098 	 0.068603 	 0.071810
  318 	 0.000098 	 0.069049 	 0.071810
  319 	 0.000098 	 0.069017 	 0.071810
  320 	 0.000196 	 0.067942 	 0.071810
  321 	 0.012739 	 0.071116 	 0.071810
  322 	 0.006184 	 0.070899 	 0.071810
  323 	 0.003117 	 0.069544 	 0.071810
  324 	 0.009480 	 0.069978 	 0.071810
  325 	 0.033286 	 0.070805 	 0.071810
  326 	 0.000392 	 0.070380 	 0.071810
  327 	 0.000196 	 0.069419 	 0.071810
  328 	 0.000196 	 0.068173 	 0.071810
  329 	 0.023089 	 0.070729 	 0.071810
  330 	 0.000049 	 0.070962 	 0.071810
  331 	 0.037545 	 0.071039 	 0.071810
  332 	 0.023089 	 0.070737 	 0.071810
  333 	 0.000783 	 0.070790 	 0.071810
  334 	 0.000783 	 0.070521 	 0.071810
  335 	 0.000049 	 0.070819 	 0.071810
  336 	 0.000392 	 0.070036 	 0.071810
  337 	 0.038997 	 0.070774 	 0.071810
  338 	 0.018742 	 0.070211 	 0.071810
  339 	 0.012614 	 0.070850 	 0.071810
  340 	 0.012739 	 0.070451 	 0.071810
  341 	 0.037545 	 0.070787 	 0.071810
  342 	 0.003104 	 0.069574 	 0.071810
  343 	 0.018294 	 0.070263 	 0.071810
  344 	 0.006184 	 0.070167 	 0.071810
  345 	 0.032315 	 0.070835 	 0.071810
  346 	 0.000392 	 0.069751 	 0.071810
  347 	 0.038997 	 0.070930 	 0.071810
  348 	 0.000783 	 0.069757 	 0.071810
  349 	 0.007160 	 0.071044 	 0.071810
  350 	 0.022847 	 0.070773 	 0.071810
  351 	 0.018294 	 0.070640 	 0.071810
  352 	 0.000098 	 0.069859 	 0.071810
  353 	 0.022847 	 0.070292 	 0.071810
  354 	 0.000392 	 0.069682 	 0.071810
  355 	 0.007160 	 0.069453 	 0.071810
  356 	 0.003117 	 0.071016 	 0.071810
  357 	 0.000196 	 0.070141 	 0.071810
  358 	 0.009503 	 0.070501 	 0.071810
  359 	 0.054649 	 0.071598 	 0.071810
  360 	 0.000783 	 0.070703 	 0.071810
  361 	 0.000098 	 0.067936 	 0.071810
  362 	 0.000196 	 0.070203 	 0.071810
  363 	 0.006184 	 0.068378 	 0.071810
  364 	 0.001563 	 0.069178 	 0.071810
  365 	 0.000196 	 0.069647 	 0.071810
  366 	 0.001563 	 0.068699 	 0.071810
  367 	 0.018546 	 0.071016 	 0.071810
  368 	 0.000783 	 0.069571 	 0.071810
  369 	 0.006184 	 0.068749 	 0.071810
  370 	 0.009348 	 0.070902 	 0.071810
  371 	 0.003117 	 0.069160 	 0.071810
  372 	 0.000783 	 0.069828 	 0.071810
  373 	 0.000098 	 0.069340 	 0.071810
  374 	 0.000783 	 0.068690 	 0.071810
  375 	 0.003117 	 0.070214 	 0.071810
  376 	 0.033286 	 0.071055 	 0.071810
  377 	 0.012739 	 0.071091 	 0.071810
  378 	 0.000392 	 0.069097 	 0.071810
  379 	 0.000098 	 0.069778 	 0.071810
  380 	 0.009503 	 0.070592 	 0.071810
  381 	 0.003117 	 0.069927 	 0.071810
  382 	 0.003117 	 0.070855 	 0.071810
  383 	 0.000196 	 0.071091 	 0.071810
  384 	 0.006184 	 0.069499 	 0.071810
  385 	 0.053199 	 0.071542 	 0.071810
  386 	 0.000098 	 0.069428 	 0.071810
  387 	 0.006184 	 0.070821 	 0.071810
  388 	 0.054667 	 0.071444 	 0.071810
  389 	 0.000392 	 0.070188 	 0.071810
  390 	 0.018546 	 0.070863 	 0.071810
  391 	 0.054809 	 0.071336 	 0.071810
  392 	 0.012614 	 0.070332 	 0.071810
  393 	 0.016455 	 0.070257 	 0.071810
  394 	 0.003117 	 0.070077 	 0.071810
  395 	 0.000196 	 0.069314 	 0.071810
  396 	 0.018546 	 0.070514 	 0.071810
  397 	 0.000783 	 0.069519 	 0.071810
  398 	 0.000098 	 0.070577 	 0.071810
  399 	 0.000049 	 0.070939 	 0.071810
  400 	 0.001563 	 0.070321 	 0.071810
  401 	 0.001563 	 0.070639 	 0.071810
  402 	 0.009503 	 0.070638 	 0.071810
  403 	 0.000783 	 0.070981 	 0.071810
  404 	 0.006119 	 0.070472 	 0.071810
  405 	 0.000783 	 0.070470 	 0.071810
  406 	 0.000098 	 0.068376 	 0.071810
  407 	 0.000392 	 0.068604 	 0.071810
  408 	 0.000049 	 0.069545 	 0.071810
  409 	 0.003117 	 0.071033 	 0.071810
  410 	 0.000098 	 0.070265 	 0.071810
  411 	 0.018742 	 0.071073 	 0.071810
  412 	 0.007164 	 0.069582 	 0.071810
  413 	 0.003326 	 0.071001 	 0.071810
  414 	 0.037545 	 0.070962 	 0.071810
  415 	 0.000783 	 0.070704 	 0.071810
  416 	 0.000392 	 0.069376 	 0.071810
  417 	 0.000049 	 0.069073 	 0.071810
  418 	 0.012614 	 0.070874 	 0.071810
  419 	 0.007160 	 0.070523 	 0.071810
  420 	 0.000392 	 0.069244 	 0.071810
  421 	 0.003117 	 0.070307 	 0.071810
  422 	 0.000098 	 0.069648 	 0.071810
  423 	 0.006184 	 0.070132 	 0.071810
  424 	 0.000196 	 0.070553 	 0.071810
  425 	 0.001563 	 0.069759 	 0.071810
  426 	 0.000783 	 0.070049 	 0.071810
  427 	 0.009503 	 0.070590 	 0.071810
  428 	 0.033286 	 0.070781 	 0.071810
  429 	 0.000098 	 0.070350 	 0.071810
  430 	 0.000098 	 0.070376 	 0.071810
  431 	 0.003118 	 0.069854 	 0.071810
  432 	 0.000098 	 0.071001 	 0.071810
  433 	 0.000783 	 0.068806 	 0.071810
  434 	 0.000049 	 0.069561 	 0.071810
  435 	 0.018383 	 0.071038 	 0.071810
  436 	 0.012614 	 0.070412 	 0.071810
  437 	 0.000196 	 0.071053 	 0.071810
  438 	 0.022847 	 0.070984 	 0.071810
  439 	 0.000392 	 0.070505 	 0.071810
  440 	 0.007160 	 0.070075 	 0.071810
  441 	 0.006184 	 0.069514 	 0.071810
  442 	 0.006184 	 0.070010 	 0.071810
  443 	 0.006184 	 0.070939 	 0.071810
  444 	 0.007160 	 0.069896 	 0.071810
  445 	 0.000049 	 0.069827 	 0.071810
  446 	 0.006183 	 0.071113 	 0.071810
  447 	 0.006184 	 0.070514 	 0.071810
  448 	 0.006184 	 0.069417 	 0.071810
  449 	 0.000783 	 0.070459 	 0.071810
  450 	 0.000098 	 0.069073 	 0.071810
  451 	 0.000391 	 0.069757 	 0.071810
  452 	 0.000196 	 0.070406 	 0.071810
  453 	 0.061809 	 0.071657 	 0.071810
  454 	 0.037545 	 0.071143 	 0.071810
  455 	 0.023089 	 0.070202 	 0.071810
  456 	 0.000196 	 0.069704 	 0.071810
  457 	 0.000783 	 0.070932 	 0.071810
  458 	 0.000196 	 0.068219 	 0.071810
  459 	 0.003117 	 0.069635 	 0.071810
  460 	 0.000783 	 0.069482 	 0.071810
  461 	 0.000049 	 0.070402 	 0.071810
  462 	 0.000049 	 0.070354 	 0.071810
  463 	 0.009480 	 0.070508 	 0.071810
  464 	 0.000783 	 0.069896 	 0.071810
  465 	 0.000049 	 0.068607 	 0.071810
  466 	 0.001563 	 0.069294 	 0.071810
  467 	 0.003116 	 0.070793 	 0.071810
  468 	 0.000196 	 0.068371 	 0.071810
  469 	 0.000098 	 0.069865 	 0.071810
  470 	 0.000783 	 0.070011 	 0.071810
  471 	 0.000783 	 0.069099 	 0.071810
  472 	 0.000049 	 0.068442 	 0.071810
  473 	 0.012739 	 0.070291 	 0.071810
  474 	 0.022847 	 0.070808 	 0.071810
  475 	 0.000049 	 0.070451 	 0.071810
  476 	 0.018294 	 0.070012 	 0.071810
  477 	 0.000783 	 0.070179 	 0.071810
  478 	 0.054809 	 0.071427 	 0.071810
  479 	 0.000783 	 0.069729 	 0.071810
  480 	 0.006184 	 0.071118 	 0.071810
  481 	 0.038776 	 0.071446 	 0.071810
  482 	 0.001563 	 0.069367 	 0.071810
  483 	 0.009480 	 0.070036 	 0.071810
  484 	 0.000196 	 0.069753 	 0.071810
  485 	 0.023089 	 0.070651 	 0.071810
  486 	 0.012614 	 0.071045 	 0.071810
  487 	 0.061216 	 0.071704 	 0.071810
  488 	 0.006184 	 0.069257 	 0.071810
  489 	 0.000049 	 0.069573 	 0.071810
  490 	 0.000049 	 0.070002 	 0.071810
  491 	 0.007160 	 0.070198 	 0.071810
  492 	 0.000098 	 0.070374 	 0.071810
  493 	 0.000783 	 0.069770 	 0.071810
  494 	 0.018294 	 0.070477 	 0.071810
  495 	 0.032315 	 0.070911 	 0.071810
  496 	 0.003117 	 0.069385 	 0.071810
  497 	 0.000098 	 0.070148 	 0.071810
  498 	 0.012614 	 0.070440 	 0.071810
  499 	 0.000098 	 0.070324 	 0.071810
 