   0 	 0.000050 	 0.000202 	 0.001778
    1 	 0.000085 	 0.000297 	 0.001881
    2 	 0.000113 	 0.000452 	 0.001963
    3 	 0.000106 	 0.000678 	 0.002100
    4 	 0.000155 	 0.000974 	 0.002100
    5 	 0.000157 	 0.001315 	 0.002862
    6 	 0.000050 	 0.001602 	 0.002891
    7 	 0.000176 	 0.001935 	 0.003618
    8 	 0.001414 	 0.002246 	 0.003672
    9 	 0.001828 	 0.002591 	 0.003854
   10 	 0.002419 	 0.002969 	 0.003678
   11 	 0.002636 	 0.003211 	 0.003913
   12 	 0.000185 	 0.003423 	 0.003861
   13 	 0.002564 	 0.003630 	 0.004123
   14 	 0.003439 	 0.003731 	 0.004187
   15 	 0.002656 	 0.003796 	 0.004535
   16 	 0.003583 	 0.003870 	 0.004415
   17 	 0.000050 	 0.003873 	 0.004607
   18 	 0.001135 	 0.004022 	 0.004607
   19 	 0.000364 	 0.004123 	 0.004609
   20 	 0.001190 	 0.004257 	 0.007540
   21 	 0.002962 	 0.004496 	 0.007868
   22 	 0.000671 	 0.004794 	 0.012346
   23 	 0.003720 	 0.005148 	 0.010319
   24 	 0.000049 	 0.005533 	 0.010413
   25 	 0.003815 	 0.006673 	 0.010233
   26 	 0.006430 	 0.007723 	 0.010365
   27 	 0.006170 	 0.008486 	 0.011642
   28 	 0.000200 	 0.009142 	 0.015444
   29 	 0.000758 	 0.010274 	 0.015444
   30 	 0.004569 	 0.010607 	 0.016134
   31 	 0.000198 	 0.011063 	 0.015613
   32 	 0.000198 	 0.012326 	 0.015621
   33 	 0.007875 	 0.014221 	 0.016158
   34 	 0.000197 	 0.014982 	 0.016158
   35 	 0.000793 	 0.015356 	 0.016736
   36 	 0.000197 	 0.015618 	 0.016736
   37 	 0.001606 	 0.015674 	 0.016623
   38 	 0.000345 	 0.015841 	 0.017293
   39 	 0.009463 	 0.016329 	 0.017293
   40 	 0.000098 	 0.016401 	 0.017286
   41 	 0.016214 	 0.016892 	 0.017365
   42 	 0.000098 	 0.016758 	 0.020008
   43 	 0.000049 	 0.016689 	 0.020008
   44 	 0.017219 	 0.017534 	 0.024825
   45 	 0.003227 	 0.017493 	 0.025323
   46 	 0.000792 	 0.017421 	 0.025323
   47 	 0.000098 	 0.018335 	 0.025022
   48 	 0.000393 	 0.019435 	 0.030344
   49 	 0.001561 	 0.020526 	 0.030344
   50 	 0.018252 	 0.021921 	 0.030372
   51 	 0.011073 	 0.023122 	 0.030421
   52 	 0.013026 	 0.025201 	 0.030422
   53 	 0.000049 	 0.025008 	 0.030422
   54 	 0.008590 	 0.026669 	 0.038728
   55 	 0.000787 	 0.027055 	 0.051153
   56 	 0.018775 	 0.028418 	 0.051263
   57 	 0.000790 	 0.028814 	 0.051131
   58 	 0.013028 	 0.030887 	 0.051218
   59 	 0.006417 	 0.033284 	 0.052845
   60 	 0.000785 	 0.037105 	 0.052845
   61 	 0.000195 	 0.040113 	 0.053255
   62 	 0.028088 	 0.045474 	 0.054406
   63 	 0.020194 	 0.050550 	 0.054581
   64 	 0.035811 	 0.051941 	 0.055403
   65 	 0.000049 	 0.051573 	 0.055403
   66 	 0.000049 	 0.051243 	 0.055438
   67 	 0.000049 	 0.052195 	 0.055438
   68 	 0.035617 	 0.053935 	 0.055535
   69 	 0.018032 	 0.054430 	 0.056252
   70 	 0.013678 	 0.054869 	 0.056252
   71 	 0.000049 	 0.053501 	 0.055672
   72 	 0.011671 	 0.054749 	 0.056369
   73 	 0.017954 	 0.055069 	 0.056006
   74 	 0.017881 	 0.054341 	 0.056006
   75 	 0.006390 	 0.054419 	 0.056094
   76 	 0.001558 	 0.055186 	 0.056355
   77 	 0.049937 	 0.055806 	 0.056346
   78 	 0.000391 	 0.054666 	 0.057743
   79 	 0.008955 	 0.054590 	 0.057855
   80 	 0.000391 	 0.055327 	 0.057855
   81 	 0.016709 	 0.056132 	 0.057917
   82 	 0.000785 	 0.055701 	 0.057985
   83 	 0.001557 	 0.055190 	 0.057994
   84 	 0.017422 	 0.057022 	 0.058051
   85 	 0.044345 	 0.057594 	 0.058052
   86 	 0.003114 	 0.057270 	 0.058119
   87 	 0.000196 	 0.056773 	 0.058492
   88 	 0.017417 	 0.057095 	 0.058509
   89 	 0.009152 	 0.057394 	 0.058509
   90 	 0.000783 	 0.056836 	 0.058511
   91 	 0.000049 	 0.055891 	 0.058969
   92 	 0.018949 	 0.057844 	 0.058969
   93 	 0.033678 	 0.057913 	 0.058927
   94 	 0.013041 	 0.057270 	 0.058969
   95 	 0.000783 	 0.056863 	 0.059001
   96 	 0.006292 	 0.058249 	 0.059000
   97 	 0.000098 	 0.056780 	 0.059040
   98 	 0.007005 	 0.057752 	 0.059156
   99 	 0.000392 	 0.057580 	 0.059156
  100 	 0.017791 	 0.058341 	 0.059219
  101 	 0.009264 	 0.057493 	 0.059040
  102 	 0.044586 	 0.058876 	 0.059811
  103 	 0.006279 	 0.057493 	 0.059811
  104 	 0.054704 	 0.059029 	 0.059811
  105 	 0.000049 	 0.057659 	 0.059815
  106 	 0.000196 	 0.057343 	 0.059815
  107 	 0.030090 	 0.058920 	 0.059815
  108 	 0.006359 	 0.058881 	 0.059815
  109 	 0.000392 	 0.057782 	 0.059821
  110 	 0.001560 	 0.058597 	 0.059823
  111 	 0.000049 	 0.058338 	 0.059821
  112 	 0.006906 	 0.058263 	 0.059825
  113 	 0.017345 	 0.058977 	 0.059825
  114 	 0.046904 	 0.059410 	 0.059825
  115 	 0.000782 	 0.058194 	 0.059826
  116 	 0.009400 	 0.058586 	 0.059825
  117 	 0.055213 	 0.059721 	 0.059825
  118 	 0.006907 	 0.059220 	 0.059826
  119 	 0.007030 	 0.058844 	 0.059851
  120 	 0.000391 	 0.058510 	 0.059851
  121 	 0.001560 	 0.058510 	 0.059851
  122 	 0.006359 	 0.059143 	 0.059851
  123 	 0.000782 	 0.058553 	 0.059851
  124 	 0.006915 	 0.058456 	 0.059852
  125 	 0.006914 	 0.058637 	 0.059852
  126 	 0.055325 	 0.059760 	 0.059852
  127 	 0.018279 	 0.059079 	 0.059852
  128 	 0.000782 	 0.057419 	 0.059867
  129 	 0.003104 	 0.058463 	 0.059867
  130 	 0.001560 	 0.057230 	 0.059867
  131 	 0.018281 	 0.059163 	 0.059867
  132 	 0.001559 	 0.058978 	 0.059868
  133 	 0.011837 	 0.058661 	 0.059868
  134 	 0.018290 	 0.059212 	 0.059868
  135 	 0.000098 	 0.057372 	 0.059868
  136 	 0.000391 	 0.057672 	 0.059868
  137 	 0.000098 	 0.056992 	 0.059868
  138 	 0.000391 	 0.058308 	 0.059868
  139 	 0.030012 	 0.059556 	 0.059869
  140 	 0.032133 	 0.059437 	 0.059869
  141 	 0.000196 	 0.058373 	 0.059869
  142 	 0.001560 	 0.058835 	 0.059869
  143 	 0.000782 	 0.058139 	 0.059869
  144 	 0.055183 	 0.059797 	 0.059869
  145 	 0.041205 	 0.059474 	 0.059869
  146 	 0.000049 	 0.057832 	 0.059869
  147 	 0.000098 	 0.057854 	 0.059869
  148 	 0.000098 	 0.057714 	 0.059869
  149 	 0.000196 	 0.058557 	 0.059869
  150 	 0.018164 	 0.059185 	 0.059873
  151 	 0.000391 	 0.057884 	 0.059873
  152 	 0.009145 	 0.058229 	 0.059873
  153 	 0.000098 	 0.057062 	 0.059873
  154 	 0.009145 	 0.058948 	 0.059873
  155 	 0.021749 	 0.059437 	 0.059873
  156 	 0.006904 	 0.058787 	 0.059873
  157 	 0.000098 	 0.056802 	 0.059873
  158 	 0.006904 	 0.058779 	 0.059873
  159 	 0.003102 	 0.058990 	 0.059873
  160 	 0.000098 	 0.058266 	 0.059873
  161 	 0.017333 	 0.059325 	 0.059873
  162 	 0.054517 	 0.059794 	 0.059873
  163 	 0.000782 	 0.058940 	 0.059873
  164 	 0.017334 	 0.058889 	 0.059873
  165 	 0.000098 	 0.059132 	 0.059873
  166 	 0.009405 	 0.058135 	 0.059873
  167 	 0.013419 	 0.058904 	 0.059873
  168 	 0.006359 	 0.057779 	 0.059873
  169 	 0.013419 	 0.059141 	 0.059873
  170 	 0.032197 	 0.059034 	 0.059873
  171 	 0.000098 	 0.057388 	 0.059873
  172 	 0.000049 	 0.058473 	 0.059873
  173 	 0.006905 	 0.058385 	 0.059873
  174 	 0.000049 	 0.058901 	 0.059873
  175 	 0.003102 	 0.059178 	 0.059873
  176 	 0.000098 	 0.058391 	 0.059873
  177 	 0.032216 	 0.059505 	 0.059873
  178 	 0.017199 	 0.058613 	 0.059873
  179 	 0.000196 	 0.058728 	 0.059873
  180 	 0.000196 	 0.058242 	 0.059873
  181 	 0.003102 	 0.057518 	 0.059873
  182 	 0.006906 	 0.059051 	 0.059873
  183 	 0.054531 	 0.059805 	 0.059873
  184 	 0.018179 	 0.059062 	 0.059873
  185 	 0.000196 	 0.058381 	 0.059873
  186 	 0.000196 	 0.058460 	 0.059873
  187 	 0.000098 	 0.058077 	 0.059873
  188 	 0.049027 	 0.059721 	 0.059873
  189 	 0.006360 	 0.058515 	 0.059873
  190 	 0.055476 	 0.059756 	 0.059873
  191 	 0.000196 	 0.059176 	 0.059873
  192 	 0.009146 	 0.059062 	 0.059873
  193 	 0.011848 	 0.058417 	 0.059873
  194 	 0.000049 	 0.059011 	 0.059875
  195 	 0.041259 	 0.059506 	 0.059875
  196 	 0.000098 	 0.058232 	 0.059875
  197 	 0.000391 	 0.058589 	 0.059875
  198 	 0.000782 	 0.057781 	 0.059875
  199 	 0.000782 	 0.058355 	 0.059875
  200 	 0.000098 	 0.059220 	 0.059875
  201 	 0.018172 	 0.058614 	 0.059875
  202 	 0.003102 	 0.058940 	 0.060524
  203 	 0.013416 	 0.059022 	 0.060524
  204 	 0.056579 	 0.059832 	 0.060546
  205 	 0.012177 	 0.058941 	 0.060546
  206 	 0.032766 	 0.059268 	 0.060546
  207 	 0.000782 	 0.056872 	 0.060546
  208 	 0.054673 	 0.059780 	 0.060546
  209 	 0.006269 	 0.059137 	 0.060546
  210 	 0.000098 	 0.057752 	 0.060647
  211 	 0.000393 	 0.057976 	 0.060647
  212 	 0.009364 	 0.058917 	 0.060616
  213 	 0.000098 	 0.059297 	 0.060618
  214 	 0.000098 	 0.059156 	 0.060626
  215 	 0.060472 	 0.060578 	 0.060627
  216 	 0.000783 	 0.058505 	 0.060690
  217 	 0.002755 	 0.057664 	 0.060703
  218 	 0.038033 	 0.060400 	 0.060736
  219 	 0.009351 	 0.057740 	 0.060739
  220 	 0.018426 	 0.060078 	 0.060752
  221 	 0.046445 	 0.060534 	 0.060770
  222 	 0.000049 	 0.059044 	 0.060770
  223 	 0.012236 	 0.058751 	 0.060770
  224 	 0.000784 	 0.059918 	 0.060770
  225 	 0.003129 	 0.058314 	 0.060770
  226 	 0.000049 	 0.059351 	 0.060816
  227 	 0.000196 	 0.058827 	 0.060937
  228 	 0.007078 	 0.060195 	 0.060937
  229 	 0.032684 	 0.060015 	 0.060939
  230 	 0.000049 	 0.060092 	 0.060941
  231 	 0.012082 	 0.059873 	 0.060941
  232 	 0.000098 	 0.060317 	 0.060953
  233 	 0.000049 	 0.058876 	 0.060953
  234 	 0.034250 	 0.060589 	 0.060953
  235 	 0.001564 	 0.059329 	 0.060954
  236 	 0.026817 	 0.060341 	 0.060962
  237 	 0.044528 	 0.060610 	 0.060962
  238 	 0.000049 	 0.059728 	 0.060962
  239 	 0.018202 	 0.060346 	 0.060962
  240 	 0.034588 	 0.060496 	 0.060962
  241 	 0.000196 	 0.059764 	 0.060962
  242 	 0.026819 	 0.060597 	 0.060962
  243 	 0.009347 	 0.060206 	 0.060998
  244 	 0.000049 	 0.057633 	 0.060998
  245 	 0.000783 	 0.059679 	 0.060998
  246 	 0.047710 	 0.060687 	 0.060999
  247 	 0.000098 	 0.059290 	 0.060999
  248 	 0.000392 	 0.059120 	 0.060999
  249 	 0.018215 	 0.060386 	 0.061000
  250 	 0.000783 	 0.058620 	 0.061000
  251 	 0.000049 	 0.058537 	 0.061003
  252 	 0.001564 	 0.059745 	 0.061003
  253 	 0.000049 	 0.058251 	 0.061003
  254 	 0.001564 	 0.059803 	 0.061004
  255 	 0.000098 	 0.058948 	 0.061004
  256 	 0.006288 	 0.060322 	 0.061005
  257 	 0.000783 	 0.058891 	 0.061005
  258 	 0.056231 	 0.060920 	 0.061006
  259 	 0.001565 	 0.060328 	 0.061007
  260 	 0.003121 	 0.060148 	 0.061007
  261 	 0.009337 	 0.059770 	 0.061007
  262 	 0.000098 	 0.059541 	 0.061007
  263 	 0.006280 	 0.059405 	 0.061007
  264 	 0.000049 	 0.060366 	 0.061007
  265 	 0.000049 	 0.059018 	 0.061009
  266 	 0.003121 	 0.059060 	 0.061009
  267 	 0.001565 	 0.060253 	 0.061009
  268 	 0.000783 	 0.059233 	 0.061008
  269 	 0.013096 	 0.060257 	 0.061008
  270 	 0.012125 	 0.059715 	 0.061008
  271 	 0.007003 	 0.058910 	 0.061012
  272 	 0.018188 	 0.060468 	 0.061012
  273 	 0.007003 	 0.059696 	 0.061012
  274 	 0.032316 	 0.060540 	 0.061012
  275 	 0.000196 	 0.059755 	 0.061012
  276 	 0.000392 	 0.059840 	 0.061009
  277 	 0.007003 	 0.059875 	 0.061009
  278 	 0.058600 	 0.060929 	 0.061010
  279 	 0.007003 	 0.059950 	 0.061010
  280 	 0.001565 	 0.058827 	 0.061010
  281 	 0.032309 	 0.060485 	 0.061010
  282 	 0.000098 	 0.059226 	 0.061010
  283 	 0.013099 	 0.060002 	 0.061010
  284 	 0.047517 	 0.060723 	 0.061010
  285 	 0.006283 	 0.058968 	 0.061010
  286 	 0.000049 	 0.059756 	 0.061010
  287 	 0.000392 	 0.060091 	 0.061010
  288 	 0.000783 	 0.060097 	 0.061010
  289 	 0.009416 	 0.060059 	 0.061010
  290 	 0.013099 	 0.059819 	 0.061010
  291 	 0.047662 	 0.060818 	 0.061010
  292 	 0.012122 	 0.060342 	 0.061010
  293 	 0.013100 	 0.060507 	 0.061010
  294 	 0.059491 	 0.060979 	 0.061010
  295 	 0.018004 	 0.060107 	 0.061015
  296 	 0.056711 	 0.060960 	 0.061015
  297 	 0.000783 	 0.058254 	 0.061015
  298 	 0.000783 	 0.059349 	 0.061010
  299 	 0.003121 	 0.060429 	 0.061010
  300 	 0.000196 	 0.059770 	 0.061010
  301 	 0.059807 	 0.060991 	 0.061010
  302 	 0.000049 	 0.059748 	 0.061010
  303 	 0.000098 	 0.059278 	 0.061010
  304 	 0.000098 	 0.059868 	 0.061010
  305 	 0.000098 	 0.057622 	 0.061010
  306 	 0.000392 	 0.059862 	 0.061010
  307 	 0.034584 	 0.060667 	 0.061010
  308 	 0.000049 	 0.060373 	 0.061010
  309 	 0.059809 	 0.060988 	 0.061010
  310 	 0.000098 	 0.059424 	 0.061010
  311 	 0.000392 	 0.059779 	 0.061010
  312 	 0.000098 	 0.058906 	 0.061010
  313 	 0.009335 	 0.059683 	 0.061015
  314 	 0.000392 	 0.059687 	 0.061015
  315 	 0.000196 	 0.059572 	 0.061015
  316 	 0.007002 	 0.058869 	 0.061015
  317 	 0.000098 	 0.058064 	 0.061015
  318 	 0.012122 	 0.060041 	 0.061015
  319 	 0.006283 	 0.060219 	 0.061015
  320 	 0.000196 	 0.059307 	 0.061015
  321 	 0.000049 	 0.056593 	 0.061015
  322 	 0.058594 	 0.060975 	 0.061015
  323 	 0.006282 	 0.058590 	 0.061015
  324 	 0.056449 	 0.060922 	 0.061015
  325 	 0.013098 	 0.060076 	 0.061015
  326 	 0.001565 	 0.060366 	 0.061015
  327 	 0.001565 	 0.059383 	 0.061015
  328 	 0.000392 	 0.059725 	 0.061015
  329 	 0.044456 	 0.060790 	 0.061015
  330 	 0.012125 	 0.059273 	 0.061015
  331 	 0.000196 	 0.059806 	 0.061015
  332 	 0.000392 	 0.058154 	 0.061015
  333 	 0.000098 	 0.058473 	 0.061015
  334 	 0.009336 	 0.059252 	 0.061015
  335 	 0.018188 	 0.060282 	 0.061015
  336 	 0.000098 	 0.060326 	 0.061015
  337 	 0.001565 	 0.059700 	 0.061015
  338 	 0.018188 	 0.060510 	 0.061015
  339 	 0.060511 	 0.061008 	 0.061015
  340 	 0.031955 	 0.060099 	 0.061015
  341 	 0.000049 	 0.060070 	 0.061015
  342 	 0.000098 	 0.058113 	 0.061015
  343 	 0.000783 	 0.059362 	 0.061015
  344 	 0.000049 	 0.058078 	 0.061015
  345 	 0.000783 	 0.059357 	 0.061015
  346 	 0.000784 	 0.060365 	 0.061015
  347 	 0.000098 	 0.059662 	 0.061015
  348 	 0.000098 	 0.057744 	 0.061015
  349 	 0.000392 	 0.058605 	 0.061015
  350 	 0.007002 	 0.060413 	 0.061015
  351 	 0.007045 	 0.057661 	 0.061015
  352 	 0.000196 	 0.059919 	 0.061015
  353 	 0.000098 	 0.059991 	 0.061015
  354 	 0.000049 	 0.059966 	 0.061015
  355 	 0.000049 	 0.058854 	 0.061015
  356 	 0.056101 	 0.060829 	 0.061015
  357 	 0.009415 	 0.059447 	 0.061015
  358 	 0.018008 	 0.059460 	 0.061015
  359 	 0.006595 	 0.059342 	 0.061015
  360 	 0.018188 	 0.060164 	 0.061015
  361 	 0.037448 	 0.060605 	 0.061015
  362 	 0.000098 	 0.060383 	 0.061015
  363 	 0.009415 	 0.060372 	 0.061015
  364 	 0.032318 	 0.060512 	 0.061015
  365 	 0.048345 	 0.060820 	 0.061015
  366 	 0.009415 	 0.060035 	 0.061015
  367 	 0.026780 	 0.060664 	 0.061015
  368 	 0.000418 	 0.059937 	 0.061015
  369 	 0.006282 	 0.060163 	 0.061015
  370 	 0.012730 	 0.060006 	 0.061015
  371 	 0.006282 	 0.059224 	 0.061015
  372 	 0.000783 	 0.060053 	 0.061015
  373 	 0.000392 	 0.058352 	 0.061015
  374 	 0.007002 	 0.060230 	 0.061015
  375 	 0.009415 	 0.060480 	 0.061015
  376 	 0.001565 	 0.059694 	 0.061015
  377 	 0.026780 	 0.060625 	 0.061015
  378 	 0.006282 	 0.059912 	 0.061015
  379 	 0.013098 	 0.060222 	 0.061015
  380 	 0.006282 	 0.059777 	 0.061015
  381 	 0.000196 	 0.060063 	 0.061015
  382 	 0.007002 	 0.058617 	 0.061015
  383 	 0.012125 	 0.060043 	 0.061015
  384 	 0.056449 	 0.060961 	 0.061015
  385 	 0.012125 	 0.060515 	 0.061015
  386 	 0.009415 	 0.059948 	 0.061015
  387 	 0.009434 	 0.059671 	 0.061015
  388 	 0.006282 	 0.059985 	 0.061015
  389 	 0.000049 	 0.059847 	 0.061015
  390 	 0.000196 	 0.058215 	 0.061015
  391 	 0.000049 	 0.059715 	 0.061015
  392 	 0.000392 	 0.059678 	 0.061015
  393 	 0.013098 	 0.060244 	 0.061015
  394 	 0.012125 	 0.060511 	 0.061015
  395 	 0.009336 	 0.060053 	 0.061015
  396 	 0.003121 	 0.058951 	 0.061015
  397 	 0.000392 	 0.058820 	 0.061015
  398 	 0.018188 	 0.060342 	 0.061015
  399 	 0.000392 	 0.059261 	 0.061015
  400 	 0.026780 	 0.060618 	 0.061015
  401 	 0.018008 	 0.060547 	 0.061015
  402 	 0.013098 	 0.059586 	 0.061015
  403 	 0.000049 	 0.058168 	 0.061015
  404 	 0.018188 	 0.060139 	 0.061015
  405 	 0.000098 	 0.058712 	 0.061015
  406 	 0.012125 	 0.060258 	 0.061015
  407 	 0.022666 	 0.060558 	 0.061015
  408 	 0.031955 	 0.060174 	 0.061015
  409 	 0.000392 	 0.059408 	 0.061015
  410 	 0.000098 	 0.057724 	 0.061015
  411 	 0.006282 	 0.059769 	 0.061015
  412 	 0.009415 	 0.059491 	 0.061015
  413 	 0.000392 	 0.059279 	 0.061015
  414 	 0.047644 	 0.060865 	 0.061015
  415 	 0.000098 	 0.059837 	 0.061015
  416 	 0.013110 	 0.059407 	 0.061015
  417 	 0.059668 	 0.060999 	 0.061015
  418 	 0.000049 	 0.059875 	 0.061015
  419 	 0.013098 	 0.060015 	 0.061015
  420 	 0.012125 	 0.060323 	 0.061015
  421 	 0.013098 	 0.059745 	 0.061015
  422 	 0.013098 	 0.060504 	 0.061015
  423 	 0.056344 	 0.060873 	 0.061015
  424 	 0.000098 	 0.058456 	 0.061015
  425 	 0.001565 	 0.059628 	 0.061015
  426 	 0.000049 	 0.059533 	 0.061015
  427 	 0.013098 	 0.059830 	 0.061015
  428 	 0.013098 	 0.060384 	 0.061015
  429 	 0.003121 	 0.059442 	 0.061015
  430 	 0.059509 	 0.060981 	 0.061015
  431 	 0.000196 	 0.058381 	 0.061015
  432 	 0.059824 	 0.060984 	 0.061015
  433 	 0.003121 	 0.059991 	 0.061015
  434 	 0.003121 	 0.059330 	 0.061015
  435 	 0.018188 	 0.060529 	 0.061015
  436 	 0.001565 	 0.059688 	 0.061015
  437 	 0.000392 	 0.059524 	 0.061015
  438 	 0.013098 	 0.060298 	 0.061015
  439 	 0.011762 	 0.060253 	 0.061015
  440 	 0.032318 	 0.060605 	 0.061015
  441 	 0.047644 	 0.060765 	 0.061015
  442 	 0.003121 	 0.059665 	 0.061015
  443 	 0.032318 	 0.060727 	 0.061015
  444 	 0.056000 	 0.060931 	 0.061015
  445 	 0.007002 	 0.060364 	 0.061015
  446 	 0.026780 	 0.060563 	 0.061015
  447 	 0.000049 	 0.058490 	 0.061015
  448 	 0.007002 	 0.059581 	 0.061015
  449 	 0.000196 	 0.059251 	 0.061015
  450 	 0.007002 	 0.058984 	 0.061015
  451 	 0.000049 	 0.059346 	 0.061015
  452 	 0.006669 	 0.059032 	 0.061015
  453 	 0.047902 	 0.060861 	 0.061015
  454 	 0.009336 	 0.059813 	 0.061015
  455 	 0.007002 	 0.060004 	 0.061015
  456 	 0.047644 	 0.060856 	 0.061015
  457 	 0.000049 	 0.059375 	 0.061015
  458 	 0.056655 	 0.060915 	 0.061015
  459 	 0.026780 	 0.060350 	 0.061015
  460 	 0.000196 	 0.059740 	 0.061015
  461 	 0.000098 	 0.059825 	 0.061015
  462 	 0.006282 	 0.060051 	 0.061015
  463 	 0.009415 	 0.059972 	 0.061015
  464 	 0.000783 	 0.058917 	 0.061015
  465 	 0.044456 	 0.060828 	 0.061015
  466 	 0.060714 	 0.061009 	 0.061015
  467 	 0.006282 	 0.059544 	 0.061015
  468 	 0.018008 	 0.060177 	 0.061015
  469 	 0.000392 	 0.060020 	 0.061015
  470 	 0.018008 	 0.060181 	 0.061015
  471 	 0.003121 	 0.060277 	 0.061015
  472 	 0.000392 	 0.059286 	 0.061015
  473 	 0.000783 	 0.058589 	 0.061015
  474 	 0.026780 	 0.060645 	 0.061015
  475 	 0.000049 	 0.059641 	 0.061015
  476 	 0.006282 	 0.059269 	 0.061015
  477 	 0.003121 	 0.059487 	 0.061015
  478 	 0.003121 	 0.060382 	 0.061015
  479 	 0.000783 	 0.060287 	 0.061015
  480 	 0.000196 	 0.059473 	 0.061015
  481 	 0.000049 	 0.060340 	 0.061015
  482 	 0.000049 	 0.058835 	 0.061015
  483 	 0.032318 	 0.060412 	 0.061015
  484 	 0.000392 	 0.060057 	 0.061015
  485 	 0.000049 	 0.059392 	 0.061015
  486 	 0.013098 	 0.060121 	 0.061015
  487 	 0.031955 	 0.060581 	 0.061015
  488 	 0.006282 	 0.059451 	 0.061015
  489 	 0.018188 	 0.060275 	 0.061015
  490 	 0.006282 	 0.059629 	 0.061015
  491 	 0.000392 	 0.060240 	 0.061015
  492 	 0.000196 	 0.059845 	 0.061015
  493 	 0.000392 	 0.059213 	 0.061015
  494 	 0.012125 	 0.060127 	 0.061015
  495 	 0.009415 	 0.059945 	 0.061015
  496 	 0.018188 	 0.060412 	 0.061015
  497 	 0.000783 	 0.058552 	 0.061015
  498 	 0.026780 	 0.060618 	 0.061015
  499 	 0.000783 	 0.060111 	 0.061015
 