   0 	 1.401400 	 27.335437 	 65.196900
    1 	 7.661900 	 34.831371 	 70.927400
    2 	 7.873800 	 39.704020 	 66.481400
    3 	 9.443600 	 43.470887 	 66.481400
    4 	 2.837400 	 46.427680 	 72.290200
    5 	 18.137400 	 49.490136 	 72.290200
    6 	 25.372100 	 50.547239 	 74.801000
    7 	 19.063500 	 50.404118 	 72.191300
    8 	 23.295400 	 52.526499 	 76.119300
    9 	 23.291000 	 53.420366 	 76.218200
   10 	 16.122600 	 50.346893 	 76.218200
   11 	 16.122600 	 53.850786 	 75.206200
   12 	 30.933400 	 54.830288 	 76.007800
   13 	 24.072900 	 55.952295 	 73.226900
   14 	 24.664600 	 56.978108 	 74.218600
   15 	 28.026900 	 54.672699 	 75.704900
   16 	 21.934100 	 56.970133 	 73.726100
   17 	 23.563000 	 58.215327 	 75.701900
   18 	 39.655400 	 61.430463 	 76.306700
   19 	 18.401400 	 59.051961 	 76.312500
   20 	 34.356100 	 61.787815 	 76.312500
   21 	 29.750200 	 60.754855 	 75.150900
   22 	 24.968900 	 62.466177 	 76.104300
   23 	 24.968900 	 61.838398 	 75.911300
   24 	 30.021300 	 62.665070 	 75.914100
   25 	 42.840900 	 64.759651 	 75.914100
   26 	 39.477300 	 64.714734 	 75.914100
   27 	 41.399600 	 64.183011 	 75.811000
   28 	 37.010100 	 64.490780 	 75.913100
   29 	 39.975700 	 63.487848 	 75.607400
   30 	 30.628400 	 63.860221 	 74.801200
   31 	 30.628400 	 64.512896 	 74.801200
   32 	 26.814900 	 64.742812 	 75.201200
   33 	 42.963500 	 65.155286 	 73.233200
   34 	 36.026400 	 63.781446 	 73.760900
   35 	 36.263600 	 64.975720 	 75.503300
   36 	 39.809900 	 63.862901 	 75.503300
   37 	 16.618800 	 63.285594 	 75.503300
   38 	 31.612000 	 64.000409 	 75.503300
   39 	 33.800800 	 64.179307 	 74.645400
   40 	 33.800800 	 65.234292 	 75.000800
   41 	 33.800800 	 66.079753 	 75.000800
   42 	 33.800800 	 65.790238 	 75.000800
   43 	 33.810400 	 66.301052 	 76.013400
   44 	 41.711700 	 67.136679 	 76.013400
   45 	 33.259800 	 67.735246 	 76.013400
   46 	 41.303200 	 67.967587 	 76.010800
   47 	 40.727200 	 67.535295 	 75.001400
   48 	 46.317600 	 67.580376 	 75.807200
   49 	 46.317300 	 66.955476 	 76.112900
   50 	 40.377300 	 67.125741 	 76.112900
   51 	 40.377300 	 67.576811 	 76.010800
   52 	 40.362500 	 67.292280 	 75.812000
   53 	 41.202500 	 67.552257 	 75.914100
   54 	 43.743300 	 66.696962 	 75.914100
   55 	 47.847300 	 67.908346 	 74.508900
   56 	 53.143200 	 68.346794 	 75.812000
   57 	 49.846500 	 69.281184 	 75.301700
   58 	 50.919600 	 69.385982 	 74.901700
   59 	 53.150900 	 69.202889 	 74.340900
   60 	 48.273200 	 68.677663 	 75.712900
   61 	 48.884100 	 68.780726 	 74.603000
   62 	 64.688600 	 70.161999 	 76.010800
   63 	 47.303300 	 69.705173 	 76.010800
   64 	 51.146800 	 69.875982 	 76.008600
   65 	 45.498800 	 69.409680 	 76.112900
   66 	 49.680900 	 69.904795 	 76.112900
   67 	 47.381700 	 70.165142 	 76.112900
   68 	 57.168900 	 70.261310 	 75.301700
   69 	 57.168900 	 70.224041 	 75.301700
   70 	 64.824500 	 70.318231 	 75.301700
   71 	 48.693700 	 70.092314 	 76.010800
   72 	 50.177200 	 69.830308 	 75.100900
   73 	 51.088900 	 70.174676 	 76.112900
   74 	 51.124100 	 70.720117 	 76.621600
   75 	 50.212400 	 70.823986 	 76.621600
   76 	 52.580100 	 70.817745 	 76.922500
   77 	 46.922100 	 70.305610 	 76.922500
   78 	 46.890500 	 69.788551 	 76.922500
   79 	 46.890500 	 69.808419 	 76.922500
   80 	 63.334100 	 70.719911 	 76.922500
   81 	 56.634500 	 70.432872 	 76.922500
   82 	 56.634500 	 69.738850 	 76.922500
   83 	 53.210100 	 70.040479 	 76.922500
   84 	 48.264500 	 69.872523 	 75.812000
   85 	 51.470000 	 69.945198 	 76.922500
   86 	 47.370500 	 69.937697 	 77.521700
   87 	 49.422500 	 69.966219 	 76.010800
   88 	 45.133700 	 69.830679 	 76.010800
   89 	 59.648500 	 70.433827 	 76.112900
   90 	 61.431300 	 70.168095 	 76.112900
   91 	 45.284100 	 69.407665 	 75.301700
   92 	 43.363700 	 69.777794 	 74.544900
   93 	 49.728500 	 69.133692 	 76.112900
   94 	 49.728500 	 69.390163 	 76.112900
   95 	 42.621300 	 69.198605 	 76.410800
   96 	 42.621300 	 69.515592 	 75.914100
   97 	 53.720100 	 70.085269 	 75.914100
   98 	 53.720100 	 70.037915 	 76.512900
   99 	 42.192800 	 69.702875 	 76.312500
 