   0 	 0.017546 	 0.119221 	 2.523978
    1 	 0.022326 	 0.816999 	 2.710762
    2 	 0.043083 	 1.652620 	 3.661662
    3 	 0.043042 	 1.968712 	 5.192108
    4 	 0.040400 	 2.084383 	 5.192108
    5 	 0.041450 	 1.986109 	 5.336179
    6 	 0.041888 	 2.357498 	 5.336179
    7 	 0.041853 	 2.659802 	 5.803831
    8 	 0.044140 	 2.658799 	 10.298661
    9 	 0.042051 	 3.853738 	 47.619048
   10 	 0.032293 	 10.999310 	 47.619048
   11 	 0.038267 	 29.083091 	 80.000000
   12 	 0.038873 	 40.117884 	 102.040816
   13 	 6.807352 	 49.415040 	 102.040816
   14 	 0.038585 	 54.649103 	 111.111111
   15 	 0.038889 	 57.251134 	 123.456790
   16 	 0.031180 	 66.191351 	 123.456790
   17 	 0.140099 	 77.638161 	 135.135135
   18 	 40.000000 	 85.737267 	 135.135135
   19 	 40.650407 	 89.655536 	 135.135135
   20 	 22.222222 	 96.373385 	 163.934426
   21 	 0.038138 	 100.406477 	 243.902439
   22 	 0.038892 	 103.083466 	 294.117647
   23 	 0.039362 	 120.076081 	 294.117647
   24 	 0.038598 	 201.030470 	 5000.000000
   25 	 1.916443 	 969.079232 	 5000.000000
   26 	 102.040816 	 4458.037639 	 5000.000000
   27 	 0.151400 	 4790.025916 	 5000.000000
   28 	 2.366304 	 4900.115406 	 5000.000000
   29 	 2.366304 	 4851.588003 	 5000.000000
   30 	 9.746589 	 4901.612617 	 5000.000000
   31 	 0.038147 	 4800.025940 	 5000.000000
   32 	 0.151400 	 4900.007617 	 5000.000000
   33 	 151.515152 	 4869.696970 	 5000.000000
   34 	 0.038296 	 4866.668575 	 5000.000000
   35 	 0.600889 	 4870.029672 	 5000.000000
   36 	 0.038296 	 4820.103858 	 5000.000000
   37 	 2.366304 	 4853.967283 	 5000.000000
   38 	 2.440215 	 4839.005034 	 5000.000000
   39 	 0.152583 	 4810.352456 	 5000.000000
   40 	 0.600889 	 4703.749485 	 5000.000000
   41 	 0.151400 	 4883.334847 	 5000.000000
   42 	 0.610277 	 4950.006103 	 5000.000000
   43 	 34.482759 	 4864.190981 	 5000.000000
   44 	 34.482759 	 4920.344828 	 5000.000000
   45 	 9.174312 	 4870.436571 	 5000.000000
   46 	 0.038296 	 4814.234134 	 5000.000000
   47 	 0.300463 	 4800.283957 	 5000.000000
   48 	 0.038296 	 4861.219895 	 5000.000000
   49 	 9.746589 	 4801.511910 	 5000.000000
   50 	 4.591368 	 4785.111580 	 5000.000000
   51 	 0.038296 	 4800.000383 	 5000.000000
   52 	 0.152583 	 4727.116589 	 5000.000000
   53 	 0.600889 	 4900.030411 	 5000.000000
   54 	 2.440215 	 4900.411999 	 5000.000000
   55 	 0.038296 	 4950.000383 	 5000.000000
   56 	 2.440215 	 4910.024402 	 5000.000000
   57 	 2.440215 	 4910.024402 	 5000.000000
   58 	 34.482759 	 4851.909167 	 5000.000000
   59 	 0.600889 	 4807.790060 	 5000.000000
   60 	 9.746589 	 4851.661806 	 5000.000000
   61 	 0.151400 	 4853.853677 	 5000.000000
   62 	 0.038296 	 4761.137422 	 5000.000000
   63 	 384.615385 	 4953.846154 	 5000.000000
   64 	 0.152583 	 4900.003052 	 5000.000000
   65 	 0.610277 	 4900.012206 	 5000.000000
   66 	 0.610277 	 4867.060366 	 5000.000000
   67 	 0.152583 	 4900.093269 	 5000.000000
   68 	 0.152583 	 4900.007535 	 5000.000000
   69 	 0.038296 	 4826.668575 	 5000.000000
   70 	 0.038296 	 4870.513203 	 5000.000000
   71 	 2.366304 	 4920.023663 	 5000.000000
   72 	 2.366304 	 4818.254669 	 5000.000000
   73 	 2.366304 	 4851.340641 	 5000.000000
   74 	 0.152583 	 4851.244701 	 5000.000000
   75 	 9.149131 	 4900.183234 	 5000.000000
   76 	 0.038147 	 4866.764514 	 5000.000000
   77 	 38.759690 	 4905.943152 	 5000.000000
   78 	 384.615385 	 4883.846154 	 5000.000000
   79 	 0.610277 	 4729.844383 	 5000.000000
   80 	 0.151400 	 4801.885156 	 5000.000000
   81 	 0.600889 	 4900.029672 	 5000.000000
   82 	 0.152583 	 4905.557081 	 5000.000000
   83 	 0.038296 	 4900.024046 	 5000.000000
   84 	 9.174312 	 4827.103237 	 5000.000000
   85 	 0.152583 	 4770.418795 	 5000.000000
   86 	 0.151400 	 4870.003040 	 5000.000000
   87 	 0.038147 	 4808.890784 	 5000.000000
   88 	 2000.000000 	 4970.000000 	 5000.000000
   89 	 2.440215 	 4780.116145 	 5000.000000
   90 	 0.038296 	 4607.079824 	 5000.000000
   91 	 0.038296 	 4750.095537 	 5000.000000
   92 	 0.038296 	 4850.092509 	 5000.000000
   93 	 5000.000000 	 5000.000000 	 5000.000000
   94 	 0.151400 	 4723.897247 	 5000.000000
   95 	 0.151400 	 4900.003028 	 5000.000000
   96 	 5000.000000 	 5000.000000 	 5000.000000
   97 	 0.038296 	 4870.000383 	 5000.000000
   98 	 9.174312 	 4901.606895 	 5000.000000
   99 	 0.038296 	 4793.848051 	 5000.000000
 