   0 	 0.017015 	 0.064436 	 0.429535
    1 	 0.019582 	 0.110824 	 0.513901
    2 	 0.021628 	 0.183384 	 0.630597
    3 	 0.024799 	 0.244302 	 0.846238
    4 	 0.039908 	 0.418242 	 2.001201
    5 	 0.033302 	 0.554150 	 2.029221
    6 	 0.036804 	 0.849106 	 2.251238
    7 	 0.039717 	 1.301967 	 10.362694
    8 	 0.038194 	 2.399411 	 30.959752
    9 	 0.164266 	 7.273129 	 30.959752
   10 	 0.038038 	 13.997165 	 30.959752
   11 	 0.134709 	 17.342346 	 30.959752
   12 	 0.039015 	 20.906566 	 33.670034
   13 	 0.039162 	 23.270292 	 68.027211
   14 	 0.160126 	 27.316162 	 68.027211
   15 	 0.486997 	 32.527252 	 74.626866
   16 	 0.040454 	 33.923130 	 98.039216
   17 	 0.038282 	 37.571972 	 98.039216
   18 	 0.038282 	 48.648517 	 106.382979
   19 	 0.146210 	 59.895574 	 169.491525
   20 	 0.144463 	 69.437109 	 128.205128
   21 	 0.038288 	 77.696983 	 128.205128
   22 	 0.039199 	 85.298310 	 128.205128
   23 	 0.039205 	 87.987190 	 128.205128
   24 	 0.038289 	 87.560813 	 133.333333
   25 	 0.039203 	 95.551311 	 133.333333
   26 	 0.541419 	 95.588940 	 133.333333
   27 	 61.728395 	 100.616639 	 133.333333
   28 	 7.974482 	 100.186828 	 133.333333
   29 	 0.038430 	 101.847064 	 185.185185
   30 	 0.150011 	 104.228630 	 185.185185
   31 	 1.963094 	 109.504460 	 185.185185
   32 	 0.555278 	 115.479305 	 185.185185
   33 	 87.719298 	 122.384903 	 185.185185
   34 	 0.038434 	 125.654566 	 196.078431
   35 	 50.505051 	 143.641756 	 196.078431
   36 	 90.909091 	 158.262097 	 222.222222
   37 	 0.563730 	 156.107461 	 196.078431
   38 	 0.564398 	 163.969866 	 196.078431
   39 	 107.526882 	 170.177227 	 196.078431
   40 	 2.088991 	 176.446320 	 370.370370
   41 	 98.039216 	 185.455573 	 370.370370
   42 	 0.145624 	 187.458354 	 370.370370
   43 	 0.038439 	 195.076203 	 370.370370
   44 	 0.589971 	 208.227750 	 370.370370
   45 	 0.564398 	 220.104091 	 370.370370
   46 	 0.038293 	 234.981905 	 370.370370
   47 	 0.038899 	 265.000936 	 370.370370
   48 	 0.151336 	 301.460488 	 370.370370
   49 	 0.565259 	 312.778492 	 370.370370
   50 	 90.909091 	 327.895843 	 370.370370
   51 	 0.038292 	 329.913537 	 370.370370
   52 	 28.571429 	 342.351991 	 370.370370
   53 	 333.333333 	 349.629630 	 370.370370
   54 	 2.350729 	 340.609413 	 370.370370
   55 	 333.333333 	 382.592593 	 3333.333333
   56 	 8.460237 	 546.010528 	 3333.333333
   57 	 0.038903 	 1494.470004 	 3333.333333
   58 	 2.365744 	 2601.596798 	 3333.333333
   59 	 0.600853 	 3018.361132 	 3333.333333
   60 	 370.370370 	 3279.461279 	 3333.333333
   61 	 3333.333333 	 3333.333333 	 3333.333333
   62 	 0.151398 	 3216.697847 	 3333.333333
   63 	 9.165903 	 3300.091659 	 3333.333333
   64 	 0.038296 	 3168.185229 	 3333.333333
   65 	 0.600853 	 3158.961878 	 3333.333333
   66 	 0.151398 	 3267.873000 	 3333.333333
   67 	 0.600853 	 3139.550352 	 3333.333333
   68 	 0.038296 	 3118.802803 	 3333.333333
   69 	 0.151398 	 3200.351165 	 3333.333333
   70 	 0.038296 	 3201.296861 	 3333.333333
   71 	 34.364261 	 3218.558771 	 3333.333333
   72 	 1666.666667 	 3316.666667 	 3333.333333
   73 	 0.151398 	 3204.392503 	 5000.000000
   74 	 0.600853 	 3262.800621 	 5000.000000
   75 	 0.151398 	 3309.185596 	 5000.000000
   76 	 0.038296 	 3396.219988 	 5000.000000
   77 	 0.038296 	 3530.666482 	 5000.000000
   78 	 909.090909 	 3792.424242 	 5000.000000
   79 	 0.610277 	 3767.017597 	 5000.000000
   80 	 120.481928 	 3902.424331 	 5000.000000
   81 	 0.038296 	 3951.517048 	 5000.000000
   82 	 0.600853 	 4083.696187 	 5000.000000
   83 	 120.481928 	 4405.050973 	 5000.000000
   84 	 0.038296 	 4418.300551 	 5000.000000
   85 	 0.038296 	 4424.644972 	 5000.000000
   86 	 0.600889 	 4663.852163 	 5000.000000
   87 	 0.600889 	 4751.225521 	 5000.000000
   88 	 9.174312 	 4684.545098 	 5000.000000
   89 	 34.482759 	 4734.367816 	 5000.000000
   90 	 0.038296 	 4786.690713 	 5000.000000
   91 	 0.038147 	 4803.854058 	 5000.000000
   92 	 151.515152 	 4951.515152 	 5000.000000
   93 	 0.038294 	 4644.236983 	 5000.000000
   94 	 0.151400 	 4713.685778 	 5000.000000
   95 	 38.759690 	 4933.720930 	 5000.000000
   96 	 0.038296 	 4900.092126 	 5000.000000
   97 	 9.746589 	 4860.442293 	 5000.000000
   98 	 0.038296 	 4810.098135 	 5000.000000
   99 	 0.151400 	 4793.681189 	 5000.000000
 