   0 	 0.864500 	 25.086248 	 58.956500
    1 	 6.358700 	 31.950284 	 61.925000
    2 	 11.963700 	 36.439911 	 62.233800
    3 	 9.479000 	 38.845775 	 63.611400
    4 	 12.164600 	 41.468626 	 63.611400
    5 	 9.376600 	 43.388483 	 70.173000
    6 	 16.649800 	 46.417596 	 70.173000
    7 	 19.314200 	 48.437106 	 71.567700
    8 	 15.639400 	 49.938170 	 72.364500
    9 	 23.482400 	 51.201584 	 71.567700
   10 	 26.177400 	 51.639679 	 70.173000
   11 	 8.986100 	 50.856257 	 71.033000
   12 	 13.010900 	 51.949428 	 73.371300
   13 	 29.961000 	 53.668310 	 71.930600
   14 	 17.109100 	 51.997475 	 70.346600
   15 	 16.988900 	 54.463723 	 72.528600
   16 	 27.564600 	 55.116320 	 74.504100
   17 	 11.789400 	 55.336946 	 73.418600
   18 	 9.102500 	 54.496065 	 73.418600
   19 	 21.562100 	 55.336428 	 74.028600
   20 	 18.337800 	 56.130106 	 73.834200
   21 	 18.337800 	 57.792117 	 73.834200
   22 	 21.764100 	 59.161724 	 74.204200
   23 	 21.764100 	 58.547188 	 74.204200
   24 	 31.724600 	 62.187661 	 74.006200
   25 	 26.417900 	 63.426756 	 74.028600
   26 	 28.112600 	 63.485486 	 74.814200
   27 	 34.878100 	 64.948475 	 74.419800
   28 	 42.223800 	 65.129339 	 74.026200
   29 	 41.260500 	 65.919737 	 74.617800
   30 	 44.124600 	 66.015417 	 74.814200
   31 	 30.974200 	 66.546459 	 74.814200
   32 	 38.721000 	 67.535968 	 74.814200
   33 	 38.407400 	 67.331531 	 75.228600
   34 	 36.329400 	 68.075331 	 76.417800
   35 	 38.803000 	 70.241060 	 76.219800
   36 	 46.837400 	 70.492686 	 77.419800
   37 	 46.837400 	 69.925418 	 76.219800
   38 	 46.881400 	 70.667489 	 76.219800
   39 	 46.881400 	 70.937697 	 75.615800
   40 	 49.105400 	 70.969206 	 76.121100
   41 	 53.952600 	 71.560117 	 77.724300
   42 	 60.893400 	 71.845102 	 75.609800
   43 	 64.053400 	 72.338093 	 77.724300
   44 	 64.866200 	 72.676787 	 77.521100
   45 	 65.162600 	 72.892993 	 77.724300
   46 	 62.018200 	 72.788056 	 77.724300
   47 	 61.443000 	 73.133611 	 77.724300
   48 	 48.914600 	 72.480834 	 77.826200
   49 	 48.956200 	 71.962177 	 77.826200
   50 	 54.924600 	 72.620547 	 77.826200
   51 	 50.285900 	 72.203435 	 77.928100
   52 	 43.328600 	 71.790371 	 77.826200
   53 	 50.249100 	 72.391234 	 77.826200
   54 	 49.117100 	 72.817020 	 77.724300
   55 	 49.117100 	 72.234697 	 77.419800
   56 	 49.117100 	 72.191471 	 77.419800
   57 	 49.431500 	 71.934580 	 76.223000
   58 	 49.431500 	 71.836263 	 77.219000
   59 	 62.440600 	 72.391261 	 77.219000
   60 	 62.593400 	 72.374622 	 77.826200
   61 	 68.422200 	 72.454978 	 77.826200
   62 	 66.717400 	 72.493286 	 77.826200
   63 	 47.567800 	 72.010419 	 77.219000
   64 	 47.567800 	 71.853267 	 77.018200
   65 	 49.563800 	 71.551521 	 77.016600
   66 	 59.413400 	 71.652212 	 76.916300
   67 	 59.413400 	 71.842003 	 77.826200
   68 	 61.045400 	 72.092773 	 77.826200
   69 	 67.657400 	 72.357087 	 77.826200
   70 	 65.370200 	 72.336839 	 77.826200
   71 	 65.370200 	 72.494424 	 77.928100
   72 	 52.674700 	 71.909864 	 77.928100
   73 	 52.674700 	 71.942833 	 77.928100
   74 	 60.669400 	 71.963485 	 77.826200
   75 	 60.669400 	 71.789175 	 77.826200
   76 	 60.669400 	 71.570089 	 77.826200
   77 	 61.354700 	 71.604934 	 77.826200
   78 	 51.919000 	 71.730754 	 77.826200
   79 	 51.919000 	 71.975433 	 77.826200
   80 	 52.220600 	 72.483412 	 77.826200
   81 	 52.077400 	 72.564422 	 77.826200
   82 	 51.044300 	 72.684454 	 77.826200
   83 	 50.635000 	 73.111393 	 77.826200
   84 	 61.248600 	 73.020098 	 77.826200
   85 	 63.807500 	 73.103216 	 77.928300
   86 	 59.780600 	 73.319949 	 78.030200
   87 	 46.212600 	 72.523159 	 77.826200
   88 	 56.575800 	 72.940266 	 77.826200
   89 	 56.575800 	 72.680217 	 77.826200
   90 	 54.817400 	 72.073339 	 77.826200
   91 	 53.249400 	 71.907641 	 77.826200
   92 	 49.875000 	 71.703494 	 77.826200
   93 	 51.202700 	 71.911653 	 77.623000
   94 	 53.177400 	 72.128637 	 78.030200
   95 	 53.249400 	 71.942156 	 77.419800
   96 	 54.716600 	 72.141851 	 77.419800
   97 	 55.013900 	 71.748236 	 77.623800
   98 	 31.741100 	 71.482119 	 77.623800
   99 	 37.976600 	 71.829655 	 77.222200
 