   0 	 0.778500 	 25.009827 	 58.559300
    1 	 3.606500 	 32.077338 	 64.656200
    2 	 9.769000 	 38.995868 	 60.872900
    3 	 8.527400 	 42.636918 	 69.493800
    4 	 13.822000 	 45.890053 	 69.493800
    5 	 11.374200 	 46.674595 	 69.493800
    6 	 21.199400 	 48.824950 	 70.127300
    7 	 17.125700 	 49.533642 	 71.421100
    8 	 19.650400 	 50.683582 	 74.524900
    9 	 22.464100 	 52.996596 	 75.508300
   10 	 18.736100 	 53.260209 	 72.181100
   11 	 9.075000 	 55.012731 	 74.631000
   12 	 24.729000 	 56.729402 	 72.181100
   13 	 33.828300 	 58.469631 	 74.941900
   14 	 38.426400 	 59.605927 	 74.941900
   15 	 26.574600 	 60.158405 	 74.941900
   16 	 26.574600 	 60.928108 	 74.541300
   17 	 15.381900 	 61.558483 	 74.541300
   18 	 22.943700 	 63.270818 	 74.541300
   19 	 34.676600 	 63.805978 	 74.541300
   20 	 41.087700 	 65.538321 	 76.714900
   21 	 25.169300 	 63.623620 	 77.013800
   22 	 42.309600 	 65.857946 	 77.013800
   23 	 40.786400 	 66.207835 	 77.318100
   24 	 54.402500 	 68.300712 	 77.013800
   25 	 49.049700 	 67.597368 	 77.013800
   26 	 26.465400 	 67.898346 	 76.211000
   27 	 26.465400 	 67.569627 	 76.211000
   28 	 44.437700 	 67.377784 	 76.211000
   29 	 38.775400 	 68.726269 	 77.624400
   30 	 47.666200 	 68.529811 	 77.624400
   31 	 43.274900 	 69.850639 	 77.523300
   32 	 43.178400 	 69.378291 	 77.522900
   33 	 44.645300 	 69.879296 	 77.522900
   34 	 48.217700 	 70.460896 	 76.308900
   35 	 48.217700 	 70.672118 	 75.932900
   36 	 52.716900 	 71.664714 	 75.512100
   37 	 52.716900 	 71.283055 	 75.314900
   38 	 62.793700 	 71.271579 	 75.411000
   39 	 62.793700 	 71.466572 	 75.411000
   40 	 54.274900 	 71.286821 	 75.524900
   41 	 53.206100 	 71.178615 	 76.511700
   42 	 55.765300 	 71.569042 	 76.312100
   43 	 55.977800 	 71.877028 	 76.312100
   44 	 51.406900 	 71.248024 	 75.512100
   45 	 61.248600 	 72.409810 	 75.817400
   46 	 49.126100 	 72.237718 	 75.918500
   47 	 55.919400 	 72.490287 	 75.918500
   48 	 45.783300 	 72.211783 	 76.511700
   49 	 53.927400 	 72.685346 	 75.721700
   50 	 51.062900 	 72.519082 	 75.525700
   51 	 49.440500 	 72.582708 	 75.319700
   52 	 48.732100 	 72.401350 	 75.319700
   53 	 51.571800 	 72.868562 	 75.319700
   54 	 65.132900 	 73.165944 	 76.718500
   55 	 55.729400 	 73.026339 	 75.319700
   56 	 55.264500 	 72.807580 	 75.606800
   57 	 55.558500 	 72.691198 	 75.916100
   58 	 55.562900 	 73.100828 	 75.916100
   59 	 47.937400 	 72.829206 	 75.319700
   60 	 48.713400 	 73.335098 	 75.319700
   61 	 54.388100 	 73.499242 	 75.411000
   62 	 62.923300 	 73.818842 	 75.418400
   63 	 70.038500 	 73.713990 	 75.418400
   64 	 56.035700 	 73.490469 	 76.109300
   65 	 67.575300 	 73.585478 	 76.109300
   66 	 63.323300 	 73.471540 	 75.214000
   67 	 49.394900 	 73.429645 	 75.214000
   68 	 45.188500 	 72.812697 	 75.515300
   69 	 47.551300 	 73.007690 	 75.312900
   70 	 23.941700 	 72.243083 	 75.312900
   71 	 47.551300 	 72.579561 	 75.312900
   72 	 51.840900 	 72.583770 	 75.312900
   73 	 54.568900 	 72.615963 	 75.517300
   74 	 54.179300 	 72.537008 	 75.918500
   75 	 55.161300 	 72.505922 	 75.918500
   76 	 55.856500 	 72.671808 	 75.918500
   77 	 54.982500 	 72.199237 	 75.918500
   78 	 36.100500 	 71.762155 	 75.918500
   79 	 36.285300 	 71.626366 	 75.918500
   80 	 49.998500 	 72.484357 	 75.714900
   81 	 49.240100 	 72.343483 	 75.525700
   82 	 48.732100 	 73.262424 	 75.618000
   83 	 54.186500 	 73.556539 	 75.918500
   84 	 48.716100 	 72.929530 	 75.918500
   85 	 51.736900 	 73.544804 	 76.121300
   86 	 51.736900 	 73.760362 	 75.918500
   87 	 50.236500 	 73.737382 	 75.918500
   88 	 50.236500 	 73.214367 	 76.121300
   89 	 50.236500 	 72.734351 	 75.519300
   90 	 50.236500 	 73.143794 	 75.519300
   91 	 48.713400 	 73.079825 	 75.519300
   92 	 55.356500 	 73.356640 	 75.512500
   93 	 49.157400 	 72.327850 	 75.512500
   94 	 48.338200 	 72.601042 	 75.512500
   95 	 50.763800 	 72.558837 	 75.410600
   96 	 50.763800 	 72.363894 	 75.512500
   97 	 54.230200 	 72.658345 	 75.314900
   98 	 54.230200 	 72.773405 	 75.213000
   99 	 54.230200 	 72.974968 	 75.314900
 