   0 	 2.340900 	 26.545263 	 56.705000
    1 	 1.620900 	 31.479645 	 63.379300
    2 	 12.643700 	 37.216571 	 63.379300
    3 	 12.643700 	 39.548172 	 70.832100
    4 	 10.910500 	 41.022052 	 70.832100
    5 	 10.854900 	 45.461526 	 71.432100
    6 	 5.055400 	 46.033278 	 71.432100
    7 	 20.126600 	 50.911436 	 71.432100
    8 	 16.677800 	 51.335668 	 71.946600
    9 	 19.701800 	 52.813384 	 74.504100
   10 	 30.511300 	 55.234745 	 74.908100
   11 	 21.712100 	 54.929787 	 74.908100
   12 	 21.712100 	 57.799681 	 74.908100
   13 	 21.712100 	 59.766474 	 74.908100
   14 	 40.010100 	 62.784177 	 75.224600
   15 	 38.512500 	 62.880603 	 75.224600
   16 	 20.470700 	 61.131043 	 76.014600
   17 	 34.049900 	 63.057232 	 74.606600
   18 	 40.200500 	 63.200153 	 76.825800
   19 	 35.238900 	 62.530756 	 76.825800
   20 	 35.238900 	 64.355857 	 76.825800
   21 	 43.638600 	 65.173908 	 76.825800
   22 	 36.030500 	 64.461363 	 76.014600
   23 	 39.816200 	 64.305363 	 76.014600
   24 	 42.126500 	 64.297136 	 76.014600
   25 	 27.578900 	 63.848706 	 76.726900
   26 	 38.831400 	 64.802542 	 76.726900
   27 	 43.813000 	 66.226526 	 76.928100
   28 	 40.322600 	 64.721718 	 76.726900
   29 	 42.359400 	 65.244431 	 76.726900
   30 	 34.033100 	 63.737065 	 74.225400
   31 	 34.129400 	 64.859810 	 76.427400
   32 	 28.086600 	 64.191512 	 76.427400
   33 	 25.999400 	 63.271963 	 76.230600
   34 	 42.679800 	 65.894889 	 76.427400
   35 	 36.913900 	 63.779732 	 76.230600
   36 	 26.190700 	 64.004288 	 76.021800
   37 	 25.400300 	 63.644422 	 75.910500
   38 	 31.904100 	 63.131350 	 75.910500
   39 	 37.282900 	 65.371180 	 75.910500
   40 	 35.232200 	 64.739952 	 75.910500
   41 	 33.724200 	 63.999039 	 76.219400
   42 	 30.378600 	 65.359733 	 76.318500
   43 	 35.033000 	 66.099808 	 76.526100
   44 	 36.194600 	 67.458198 	 76.526100
   45 	 46.608200 	 67.769686 	 76.526100
   46 	 50.334500 	 69.659638 	 76.526100
   47 	 48.451600 	 69.410548 	 76.526100
   48 	 45.362600 	 67.835759 	 76.427400
   49 	 41.467400 	 68.312632 	 76.529300
   50 	 34.190600 	 67.919858 	 76.526100
   51 	 50.441300 	 69.961422 	 76.526100
   52 	 33.582100 	 69.679335 	 76.724100
   53 	 34.444100 	 68.747542 	 76.625000
   54 	 38.571600 	 69.485695 	 76.724100
   55 	 38.571600 	 70.719661 	 76.724100
   56 	 47.891000 	 71.989831 	 76.826000
   57 	 47.804500 	 72.084554 	 76.826000
   58 	 44.204200 	 71.780870 	 76.826000
   59 	 50.332500 	 71.530235 	 76.826000
   60 	 49.961700 	 72.679968 	 76.826000
   61 	 44.859400 	 72.210919 	 76.826000
   62 	 47.859600 	 72.434581 	 76.826000
   63 	 50.230800 	 73.090879 	 76.826000
   64 	 53.547800 	 73.216851 	 76.826000
   65 	 53.875400 	 73.317649 	 76.826000
   66 	 54.788900 	 73.375929 	 76.826000
   67 	 50.005000 	 73.641282 	 76.826000
   68 	 50.005000 	 73.461455 	 76.826000
   69 	 47.760200 	 73.427719 	 78.336500
   70 	 46.939400 	 74.398164 	 78.336500
   71 	 47.656200 	 73.409069 	 78.336500
   72 	 47.652200 	 74.026260 	 78.032400
   73 	 55.352900 	 73.894898 	 78.032400
   74 	 52.327400 	 74.244966 	 78.032400
   75 	 49.909000 	 73.997715 	 78.234600
   76 	 49.302900 	 73.609474 	 78.438800
   77 	 50.717800 	 74.095110 	 78.438800
   78 	 50.720500 	 74.769415 	 78.438800
   79 	 31.813400 	 74.583484 	 78.438800
   80 	 31.813400 	 74.194996 	 78.438800
   81 	 55.413000 	 74.769892 	 78.438800
   82 	 56.001800 	 75.095387 	 78.438800
   83 	 55.677000 	 74.974409 	 78.438800
   84 	 56.515500 	 74.818650 	 78.336500
   85 	 49.302900 	 74.560497 	 78.336500
   86 	 49.408400 	 74.488281 	 78.336500
   87 	 56.616200 	 74.549943 	 78.336500
   88 	 49.302900 	 74.999784 	 78.336500
   89 	 64.783400 	 75.543885 	 78.336500
   90 	 50.512600 	 74.955444 	 78.336500
   91 	 47.466900 	 74.824571 	 78.234200
   92 	 66.517900 	 75.413077 	 78.234600
   93 	 66.517900 	 75.162169 	 78.336500
   94 	 47.656200 	 74.253046 	 78.336500
   95 	 47.328500 	 74.022413 	 77.930100
   96 	 47.328500 	 74.200444 	 77.928300
   97 	 47.328500 	 74.593465 	 78.132300
   98 	 49.455400 	 74.977949 	 78.234600
   99 	 49.971700 	 75.001249 	 78.234600
 