   0 	 2.031800 	 25.850078 	 58.914600
    1 	 3.629400 	 32.795122 	 72.149400
    2 	 13.387700 	 40.900237 	 72.149400
    3 	 13.817700 	 44.062672 	 72.149400
    4 	 11.360900 	 43.756204 	 66.892500
    5 	 9.310100 	 44.374955 	 73.732500
    6 	 6.239800 	 46.151911 	 67.320300
    7 	 11.082200 	 47.697353 	 73.358100
    8 	 19.627700 	 50.236311 	 73.358100
    9 	 30.012500 	 52.765429 	 74.618600
   10 	 15.922200 	 51.947566 	 74.920100
   11 	 24.961700 	 53.861548 	 74.627000
   12 	 26.557300 	 56.335706 	 74.627000
   13 	 14.093900 	 55.125082 	 74.627000
   14 	 13.733600 	 55.464514 	 74.627000
   15 	 22.420600 	 54.117136 	 76.132100
   16 	 11.819300 	 54.527040 	 72.970500
   17 	 24.894900 	 52.859554 	 72.970500
   18 	 27.684900 	 54.147214 	 72.866200
   19 	 25.354600 	 55.971574 	 75.024800
   20 	 24.893400 	 57.230780 	 73.562100
   21 	 25.500900 	 57.747574 	 75.522500
   22 	 23.663800 	 57.100194 	 72.770500
   23 	 24.132600 	 58.130617 	 75.320900
   24 	 18.749100 	 57.516184 	 72.882000
   25 	 13.523700 	 56.525500 	 73.068600
   26 	 34.469300 	 57.544255 	 73.068600
   27 	 34.122400 	 59.131953 	 75.122900
   28 	 25.095800 	 60.160976 	 75.631400
   29 	 31.888500 	 60.930933 	 75.631400
   30 	 33.172000 	 60.946273 	 75.828000
   31 	 32.909600 	 60.303460 	 75.828000
   32 	 23.734200 	 59.115114 	 75.741700
   33 	 33.304400 	 62.831433 	 75.827000
   34 	 29.552900 	 61.075613 	 76.109300
   35 	 32.338100 	 61.686103 	 75.436600
   36 	 31.723700 	 64.229558 	 75.436600
   37 	 41.139000 	 66.211586 	 75.436600
   38 	 41.139000 	 67.098095 	 75.436600
   39 	 40.809300 	 66.531945 	 76.220600
   40 	 41.960600 	 66.973983 	 76.220600
   41 	 41.960600 	 67.530043 	 75.827000
   42 	 54.707000 	 68.187426 	 75.827000
   43 	 35.489400 	 68.331839 	 75.827000
   44 	 33.654200 	 67.218617 	 75.827000
   45 	 53.164900 	 67.636081 	 76.430600
   46 	 51.309600 	 67.945735 	 76.430600
   47 	 49.854500 	 68.046831 	 76.430600
   48 	 48.101400 	 68.079856 	 75.813600
   49 	 42.218900 	 68.599524 	 75.813600
   50 	 44.766900 	 68.560012 	 75.813600
   51 	 47.700400 	 68.954323 	 76.010800
   52 	 43.649000 	 68.791591 	 76.612000
   53 	 40.122500 	 67.924151 	 76.612000
   54 	 40.122500 	 67.389161 	 75.301700
   55 	 40.122500 	 67.822693 	 75.301700
   56 	 40.117400 	 68.550411 	 76.111300
   57 	 59.220600 	 70.170174 	 77.116100
   58 	 49.623600 	 70.960975 	 77.116100
   59 	 49.623600 	 71.434844 	 76.312900
   60 	 64.305700 	 71.768157 	 76.525700
   61 	 60.163700 	 71.695402 	 76.525700
   62 	 49.633200 	 71.562192 	 77.419800
   63 	 46.954500 	 71.469799 	 76.811400
   64 	 46.955000 	 71.293436 	 76.322900
   65 	 64.064100 	 71.511693 	 76.310500
   66 	 60.829400 	 71.254892 	 76.310500
   67 	 56.314600 	 71.313937 	 77.725700
   68 	 49.308600 	 71.628083 	 76.311700
   69 	 49.308600 	 71.970013 	 76.818200
   70 	 49.308600 	 72.090672 	 76.322900
   71 	 53.520100 	 71.712636 	 76.322900
   72 	 45.008900 	 71.585162 	 76.322900
   73 	 45.654100 	 72.875577 	 77.318500
   74 	 50.113400 	 72.896201 	 77.318500
   75 	 50.113400 	 72.626708 	 77.124500
   76 	 45.300600 	 72.821017 	 77.724900
   77 	 50.709700 	 72.860090 	 77.724900
   78 	 50.709700 	 72.350051 	 77.929300
   79 	 50.709700 	 72.961349 	 77.929300
   80 	 51.138500 	 73.313515 	 77.929300
   81 	 55.355300 	 73.909262 	 77.929300
   82 	 55.355300 	 74.034510 	 78.031400
   83 	 51.715300 	 73.994972 	 78.031400
   84 	 55.607000 	 74.626992 	 78.031400
   85 	 55.607000 	 74.938959 	 78.031400
   86 	 65.580500 	 74.896884 	 77.827000
   87 	 57.760100 	 74.739390 	 77.829000
   88 	 57.458900 	 74.650282 	 77.829000
   89 	 57.458900 	 74.819110 	 77.829000
   90 	 56.654100 	 74.231531 	 77.829000
   91 	 54.459000 	 74.029237 	 77.726900
   92 	 54.459000 	 73.661207 	 77.522900
   93 	 46.614200 	 73.703812 	 77.522900
   94 	 51.126200 	 74.026145 	 77.726900
   95 	 50.203400 	 74.340848 	 77.827400
   96 	 43.191800 	 74.008035 	 78.031400
   97 	 50.203800 	 74.168069 	 78.031400
   98 	 51.005400 	 74.407652 	 77.829000
   99 	 49.206500 	 73.348888 	 77.829000
 