   0 	 2.729300 	 27.403200 	 65.421400
    1 	 2.909600 	 32.876909 	 65.049400
    2 	 10.428200 	 37.780193 	 66.995400
    3 	 10.428200 	 41.255040 	 68.128200
    4 	 15.448200 	 44.236406 	 68.628600
    5 	 21.167700 	 49.086203 	 68.253400
    6 	 14.334500 	 49.004187 	 68.774900
    7 	 20.794900 	 50.203872 	 77.827800
    8 	 23.083700 	 52.723148 	 74.749700
    9 	 22.659000 	 52.595929 	 74.749700
   10 	 24.249800 	 52.569694 	 74.749700
   11 	 28.656100 	 54.250149 	 74.749700
   12 	 27.993600 	 55.541520 	 75.252400
   13 	 34.436600 	 55.991992 	 75.252400
   14 	 32.906900 	 55.537351 	 75.252400
   15 	 34.778800 	 58.235159 	 75.252400
   16 	 34.430000 	 60.478113 	 74.846000
   17 	 42.404600 	 61.826351 	 77.018200
   18 	 26.407300 	 61.582330 	 76.916300
   19 	 28.872900 	 63.219062 	 76.916300
   20 	 28.872900 	 63.191971 	 76.916300
   21 	 27.752100 	 63.082727 	 76.916300
   22 	 46.407000 	 63.980954 	 76.616600
   23 	 44.511000 	 64.373518 	 76.820600
   24 	 45.195000 	 64.831539 	 76.922900
   25 	 42.080600 	 65.675839 	 76.922900
   26 	 50.310900 	 66.738449 	 75.220200
   27 	 50.310900 	 66.585333 	 75.317100
   28 	 50.253800 	 66.404154 	 75.717900
   29 	 51.166700 	 66.729082 	 75.818600
   30 	 48.823500 	 67.473449 	 75.818600
   31 	 45.088500 	 68.099302 	 75.816600
   32 	 55.827300 	 67.258487 	 74.913900
   33 	 47.979500 	 66.783980 	 74.913900
   34 	 48.003800 	 65.865163 	 73.944300
   35 	 50.300600 	 66.539125 	 73.585100
   36 	 45.663000 	 66.035652 	 73.055000
   37 	 44.874700 	 65.999964 	 73.431000
   38 	 40.042100 	 66.385428 	 73.522700
   39 	 50.235500 	 67.154555 	 74.534700
   40 	 43.562200 	 67.252549 	 75.011400
   41 	 47.220200 	 67.298600 	 74.637000
   42 	 51.576300 	 67.064820 	 74.954100
   43 	 51.576300 	 67.123090 	 74.405000
   44 	 57.246600 	 68.056029 	 76.223000
   45 	 51.775800 	 68.247447 	 76.223000
   46 	 45.030200 	 69.207973 	 76.223000
   47 	 45.606200 	 68.977595 	 76.223000
   48 	 45.606200 	 68.595610 	 76.223000
   49 	 48.629400 	 68.811986 	 76.223000
   50 	 51.382200 	 69.001982 	 75.213000
   51 	 48.029900 	 69.216972 	 76.021800
   52 	 50.824500 	 70.037565 	 75.816600
   53 	 53.781000 	 70.946607 	 75.816600
   54 	 51.213800 	 70.996381 	 75.816600
   55 	 47.098100 	 70.590137 	 75.816600
   56 	 51.213800 	 71.136816 	 76.019400
   57 	 48.491500 	 71.074442 	 75.719700
   58 	 49.606600 	 71.476234 	 75.920900
   59 	 54.238700 	 71.876387 	 75.719700
   60 	 48.920900 	 71.621663 	 76.021800
   61 	 50.525700 	 72.184905 	 76.021800
   62 	 50.423400 	 71.949772 	 76.021800
   63 	 50.423400 	 71.889998 	 75.815000
   64 	 48.813800 	 71.757925 	 76.021800
   65 	 30.125800 	 71.062510 	 76.325700
   66 	 30.125800 	 70.381697 	 76.325700
   67 	 46.781900 	 70.925510 	 76.021800
   68 	 45.505100 	 70.898962 	 76.021800
   69 	 46.469700 	 71.153207 	 76.020600
   70 	 46.281700 	 71.725726 	 76.020600
   71 	 53.545800 	 71.680297 	 76.020600
   72 	 53.838600 	 71.919812 	 76.020600
   73 	 52.313000 	 71.947403 	 75.528100
   74 	 52.758600 	 72.323024 	 76.118500
   75 	 53.838600 	 72.343715 	 75.831400
   76 	 54.381800 	 72.031991 	 76.014200
   77 	 54.418600 	 72.645912 	 75.920900
   78 	 54.418600 	 72.325309 	 75.920900
   79 	 53.789000 	 72.033003 	 75.920900
   80 	 48.664500 	 72.429461 	 77.118500
   81 	 48.664500 	 71.862461 	 77.118500
   82 	 54.368200 	 72.693610 	 77.118500
   83 	 46.982600 	 72.207011 	 75.920900
   84 	 48.689100 	 72.456339 	 76.716900
   85 	 48.689100 	 72.492072 	 76.716900
   86 	 46.797100 	 72.235235 	 76.716900
   87 	 48.942900 	 72.176037 	 76.308900
   88 	 49.342900 	 72.374598 	 76.308900
   89 	 51.636900 	 72.704555 	 76.614600
   90 	 56.629100 	 72.963620 	 76.308900
   91 	 53.942600 	 72.948236 	 76.308900
   92 	 53.942600 	 72.827533 	 76.920300
   93 	 55.756200 	 73.074089 	 75.920900
   94 	 48.469700 	 73.099588 	 76.209800
   95 	 47.370600 	 72.844040 	 77.022600
   96 	 47.370600 	 73.443547 	 77.022600
   97 	 47.370600 	 73.558974 	 76.920300
   98 	 49.317300 	 73.371646 	 76.513100
   99 	 48.871400 	 73.252498 	 76.415400
 