   0 	 1.093900 	 25.015883 	 62.149400
    1 	 0.730900 	 31.151790 	 59.763800
    2 	 7.416800 	 36.621814 	 73.865600
    3 	 13.383800 	 42.845759 	 69.434000
    4 	 10.063400 	 45.212124 	 69.466500
    5 	 18.702100 	 49.684977 	 75.339500
    6 	 16.312100 	 50.522864 	 75.339500
    7 	 26.948900 	 53.666656 	 75.339500
    8 	 13.432100 	 53.165452 	 75.122900
    9 	 16.451300 	 54.487858 	 75.049400
   10 	 16.451300 	 56.276608 	 75.049400
   11 	 30.472100 	 57.839648 	 75.436600
   12 	 30.112100 	 57.434743 	 75.049400
   13 	 23.953700 	 57.294717 	 75.049400
   14 	 23.953700 	 56.710898 	 76.007800
   15 	 21.703300 	 57.862055 	 76.007800
   16 	 31.611600 	 59.326928 	 77.115300
   17 	 30.296400 	 60.051560 	 75.712100
   18 	 0.089700 	 56.347939 	 75.344100
   19 	 16.984400 	 55.485114 	 73.827200
   20 	 25.594100 	 55.986600 	 74.541300
   21 	 28.121700 	 57.574405 	 74.541300
   22 	 27.838100 	 58.860535 	 74.541300
   23 	 28.778100 	 57.308336 	 74.541300
   24 	 23.553400 	 56.733122 	 74.541300
   25 	 26.402900 	 56.324713 	 74.541300
   26 	 23.958200 	 56.654762 	 74.541300
   27 	 15.478900 	 59.277155 	 74.541300
   28 	 26.044500 	 60.057414 	 74.541300
   29 	 8.574600 	 59.398062 	 75.156900
   30 	 34.307600 	 59.612744 	 75.302900
   31 	 32.766600 	 61.266889 	 73.930900
   32 	 33.747700 	 61.919514 	 73.930900
   33 	 37.430800 	 63.470547 	 73.930900
   34 	 27.785100 	 63.405043 	 74.607800
   35 	 38.570000 	 63.729673 	 75.203000
   36 	 40.084600 	 64.632384 	 75.203000
   37 	 43.835600 	 65.138494 	 75.302900
   38 	 45.230800 	 65.526745 	 76.111500
   39 	 49.318100 	 65.316394 	 75.203000
   40 	 25.527400 	 64.032806 	 74.407400
   41 	 40.084600 	 64.918604 	 74.407400
   42 	 40.084600 	 65.223606 	 74.407400
   43 	 38.266100 	 64.920712 	 75.420600
   44 	 42.297100 	 66.211972 	 75.302900
   45 	 43.663400 	 66.474942 	 76.311700
   46 	 39.835500 	 67.150277 	 76.109300
   47 	 38.270700 	 66.832571 	 76.109300
   48 	 34.598600 	 67.784814 	 76.109300
   49 	 39.251700 	 69.021586 	 76.109300
   50 	 58.573000 	 70.120963 	 76.312900
   51 	 43.910900 	 69.592919 	 76.312900
   52 	 26.298100 	 69.273286 	 76.312900
   53 	 26.298100 	 68.704172 	 76.312900
   54 	 26.218100 	 68.887657 	 76.712900
   55 	 45.957900 	 69.246201 	 76.312900
   56 	 40.620200 	 69.210276 	 76.312900
   57 	 40.620200 	 68.511291 	 76.312900
   58 	 40.686500 	 68.939892 	 76.515300
   59 	 40.686500 	 68.118530 	 76.315500
   60 	 40.686500 	 69.113812 	 75.303500
   61 	 47.914900 	 70.101471 	 76.111500
   62 	 48.230900 	 69.680938 	 76.111500
   63 	 48.230900 	 69.648660 	 76.510700
   64 	 48.131400 	 68.482614 	 76.413400
   65 	 46.662900 	 68.304614 	 76.413400
   66 	 48.131400 	 69.785835 	 76.211000
   67 	 48.230900 	 69.928125 	 76.211000
   68 	 49.110200 	 69.382932 	 76.211000
   69 	 49.044600 	 69.861123 	 76.517100
   70 	 47.427400 	 69.634680 	 76.415400
   71 	 48.179700 	 70.373418 	 76.415400
   72 	 43.162100 	 70.489741 	 74.327500
   73 	 50.425400 	 70.676974 	 74.265400
   74 	 50.432500 	 70.162117 	 74.265400
   75 	 46.027000 	 70.843504 	 74.531700
   76 	 48.931700 	 71.193038 	 74.534100
   77 	 66.106100 	 71.612759 	 74.534100
   78 	 66.943800 	 71.581461 	 74.631000
   79 	 51.040500 	 71.613566 	 74.631000
   80 	 49.131800 	 71.498973 	 74.631000
   81 	 51.040500 	 71.551401 	 74.631000
   82 	 54.736200 	 71.532678 	 75.034200
   83 	 45.235700 	 71.164550 	 75.034200
   84 	 68.895000 	 71.624154 	 74.628600
   85 	 54.034100 	 71.230440 	 74.534100
   86 	 51.402100 	 71.026817 	 74.530700
   87 	 51.038900 	 70.756244 	 74.530700
   88 	 44.875700 	 71.153954 	 74.134100
   89 	 44.875700 	 70.907770 	 74.433800
   90 	 51.789300 	 71.375027 	 74.530700
   91 	 51.789300 	 71.001351 	 74.530700
   92 	 52.075000 	 71.071035 	 74.144300
   93 	 53.501100 	 71.231791 	 75.709100
   94 	 53.213000 	 70.792846 	 75.202600
   95 	 51.381000 	 70.967554 	 75.403800
   96 	 51.831500 	 71.317218 	 75.304500
   97 	 67.993900 	 71.805596 	 75.304500
   98 	 51.876300 	 71.518476 	 76.104500
   99 	 66.994900 	 71.805941 	 76.205400
 