   0 	 1.151000 	 26.071100 	 65.417000
    1 	 2.367500 	 30.399837 	 65.417000
    2 	 7.196300 	 39.610322 	 71.128800
    3 	 7.196300 	 41.509197 	 71.128800
    4 	 6.752300 	 42.733330 	 73.594100
    5 	 9.673100 	 43.484635 	 73.594100
    6 	 18.925300 	 45.516834 	 72.794900
    7 	 15.772900 	 47.268187 	 72.794900
    8 	 16.421800 	 50.195196 	 75.803400
    9 	 7.712600 	 50.712062 	 74.313700
   10 	 16.960400 	 49.640713 	 73.808000
   11 	 12.445400 	 51.184937 	 73.940500
   12 	 11.339600 	 52.151518 	 75.402600
   13 	 11.339600 	 53.846204 	 76.019800
   14 	 8.348800 	 55.659049 	 76.019800
   15 	 24.722600 	 54.786651 	 75.322500
   16 	 11.237700 	 57.021822 	 75.655400
   17 	 11.237700 	 58.744866 	 76.105900
   18 	 0.231200 	 59.265768 	 76.105900
   19 	 25.609800 	 61.311785 	 76.105900
   20 	 25.609800 	 62.294531 	 76.105900
   21 	 27.038500 	 63.177530 	 76.710100
   22 	 20.128400 	 62.013957 	 76.710100
   23 	 30.767300 	 61.123787 	 77.522900
   24 	 38.007500 	 62.936649 	 76.206200
   25 	 32.771300 	 60.679712 	 78.540900
   26 	 33.356000 	 62.587153 	 76.536900
   27 	 33.869300 	 63.732912 	 76.536900
   28 	 39.524900 	 64.047678 	 75.313700
   29 	 39.524900 	 62.517811 	 75.403800
   30 	 38.153900 	 61.777701 	 76.306700
   31 	 24.829400 	 60.684234 	 76.306700
   32 	 19.525100 	 59.406315 	 77.827000
   33 	 14.314100 	 59.917484 	 75.141300
   34 	 38.654600 	 60.552721 	 75.613800
   35 	 26.219400 	 58.651319 	 75.716900
   36 	 24.858700 	 59.607893 	 77.117300
   37 	 25.187800 	 61.623044 	 77.117300
   38 	 41.185400 	 63.788251 	 77.117300
   39 	 41.501400 	 65.958709 	 77.829000
   40 	 25.757400 	 66.184326 	 77.829000
   41 	 33.422000 	 67.953181 	 77.930100
   42 	 32.580900 	 66.375942 	 77.930100
   43 	 25.860600 	 63.902464 	 77.930100
   44 	 33.197100 	 65.415394 	 78.132300
   45 	 38.467000 	 65.795113 	 77.930100
   46 	 37.748500 	 67.567461 	 77.930100
   47 	 34.717800 	 67.755819 	 77.930100
   48 	 32.459700 	 69.875054 	 77.930100
   49 	 32.459700 	 68.444082 	 77.930100
   50 	 31.747800 	 68.420227 	 77.930100
   51 	 32.491700 	 67.477469 	 77.218600
   52 	 32.318900 	 69.012136 	 77.930100
   53 	 39.973400 	 68.964910 	 77.117300
   54 	 39.116600 	 68.654765 	 77.117300
   55 	 39.901800 	 70.300807 	 77.118900
   56 	 37.629800 	 71.488202 	 77.117900
   57 	 46.550900 	 70.697411 	 77.117900
   58 	 46.550900 	 71.220607 	 77.117300
   59 	 51.416600 	 71.586608 	 77.319300
   60 	 51.316100 	 71.931454 	 77.216600
   61 	 51.573000 	 72.755513 	 77.216600
   62 	 45.519400 	 72.679019 	 77.118900
   63 	 51.369000 	 73.476561 	 77.421800
   64 	 51.664400 	 73.472683 	 77.421800
   65 	 51.660100 	 73.734919 	 77.421800
   66 	 53.819000 	 73.824857 	 77.423000
   67 	 55.914100 	 73.874670 	 77.117300
   68 	 54.152600 	 73.878587 	 77.218600
   69 	 51.556500 	 73.876323 	 77.117300
   70 	 37.484600 	 73.532431 	 77.218600
   71 	 57.715500 	 74.479674 	 77.218600
   72 	 63.530100 	 74.378270 	 77.523700
   73 	 63.429400 	 74.524426 	 77.523700
   74 	 56.989300 	 74.599934 	 77.423000
   75 	 56.989300 	 74.072684 	 77.423000
   76 	 56.989300 	 74.517114 	 77.423000
   77 	 57.370100 	 74.916767 	 77.423000
   78 	 57.370100 	 75.183452 	 77.218600
   79 	 65.802100 	 75.562003 	 77.117900
   80 	 65.294200 	 75.807587 	 77.523700
   81 	 65.369900 	 75.650355 	 77.525100
   82 	 57.508300 	 75.458419 	 77.523700
   83 	 57.508300 	 75.382919 	 77.523700
   84 	 51.112500 	 74.914258 	 77.827800
   85 	 51.112500 	 74.211683 	 77.827800
   86 	 50.708500 	 74.704593 	 77.423000
   87 	 51.115700 	 74.740546 	 77.423000
   88 	 51.112500 	 75.530774 	 77.827800
   89 	 51.115700 	 75.460836 	 77.423000
   90 	 56.722700 	 75.751994 	 77.423000
   91 	 57.763700 	 75.757338 	 77.423000
   92 	 57.763700 	 75.577516 	 77.423000
   93 	 51.621000 	 75.755057 	 77.423000
   94 	 56.989300 	 75.753195 	 77.423000
   95 	 57.406600 	 75.511959 	 77.423000
   96 	 51.722100 	 75.593636 	 77.929100
   97 	 51.825100 	 74.987280 	 77.929100
   98 	 49.447400 	 74.441157 	 77.423000
   99 	 51.823400 	 73.980542 	 77.423000
 