   0 	 1.480800 	 25.334983 	 74.944900
    1 	 2.350500 	 32.416528 	 74.944900
    2 	 10.860200 	 42.233846 	 74.944900
    3 	 19.319400 	 46.763425 	 77.422400
    4 	 20.990200 	 48.409449 	 77.422400
    5 	 16.625900 	 53.161941 	 77.422400
    6 	 19.601800 	 56.211779 	 78.030800
    7 	 30.437300 	 59.306349 	 78.030800
    8 	 25.868900 	 57.837748 	 78.030800
    9 	 24.091700 	 57.877541 	 77.523300
   10 	 0.188100 	 59.030279 	 77.523300
   11 	 26.270100 	 60.234188 	 77.829000
   12 	 26.157900 	 58.234865 	 77.829000
   13 	 20.216300 	 58.407447 	 77.320500
   14 	 26.502900 	 59.476430 	 74.531300
   15 	 20.657700 	 58.463115 	 78.132900
   16 	 26.006400 	 57.694226 	 76.227200
   17 	 36.951200 	 59.937132 	 76.419600
   18 	 34.803700 	 63.760532 	 76.419600
   19 	 34.993700 	 64.219713 	 75.227400
   20 	 43.961600 	 65.573745 	 76.523300
   21 	 33.992000 	 64.464155 	 76.128900
   22 	 40.684100 	 65.727864 	 76.227200
   23 	 23.788100 	 64.968774 	 76.227200
   24 	 38.182600 	 65.197423 	 76.916900
   25 	 38.182600 	 64.599135 	 76.424400
   26 	 25.996900 	 65.635020 	 76.917300
   27 	 44.143400 	 65.828192 	 76.917300
   28 	 38.321400 	 64.216244 	 76.917300
   29 	 43.324200 	 65.028637 	 75.710500
   30 	 26.808900 	 65.614936 	 77.928900
   31 	 26.808900 	 65.613038 	 77.523300
   32 	 33.206500 	 66.393313 	 76.616000
   33 	 37.683600 	 66.884341 	 77.020800
   34 	 39.265600 	 67.561167 	 77.020800
   35 	 45.753000 	 68.329802 	 77.020800
   36 	 45.712200 	 66.914874 	 77.625800
   37 	 40.070500 	 67.782355 	 77.625800
   38 	 38.222400 	 68.305206 	 77.020800
   39 	 29.668100 	 68.369908 	 77.020800
   40 	 33.565700 	 69.989689 	 77.020800
   41 	 33.565700 	 69.932355 	 77.625800
   42 	 51.616100 	 70.433956 	 77.523700
   43 	 47.950400 	 68.830095 	 77.523700
   44 	 47.950400 	 67.888024 	 77.421800
   45 	 40.916900 	 69.186574 	 77.523700
   46 	 41.328100 	 69.429571 	 77.625800
   47 	 46.963400 	 69.835646 	 77.728100
   48 	 48.499400 	 70.113614 	 76.314100
   49 	 48.499400 	 69.512497 	 76.314100
   50 	 48.499400 	 69.656191 	 76.513700
   51 	 47.737800 	 68.559139 	 76.418600
   52 	 48.426600 	 69.314359 	 76.416400
   53 	 48.426600 	 68.220144 	 76.413800
   54 	 26.308200 	 69.746509 	 76.915300
   55 	 50.251400 	 70.265548 	 76.915300
   56 	 48.105800 	 70.362873 	 76.915300
   57 	 46.038600 	 69.765768 	 77.016200
   58 	 46.038600 	 70.547883 	 77.016200
   59 	 45.251400 	 71.537507 	 76.613800
   60 	 49.302600 	 70.749115 	 76.613800
   61 	 50.501800 	 70.829783 	 76.613800
   62 	 47.964200 	 70.340572 	 76.714100
   63 	 47.964200 	 69.477306 	 76.616000
   64 	 47.964200 	 69.068586 	 76.616000
   65 	 50.953800 	 69.370461 	 77.625800
   66 	 32.584000 	 68.678251 	 77.625800
   67 	 47.716100 	 68.961621 	 77.728100
   68 	 47.593800 	 68.412467 	 77.728100
   69 	 51.129000 	 68.659787 	 77.827800
   70 	 51.106600 	 69.088313 	 77.827800
   71 	 40.694600 	 68.317166 	 77.827800
   72 	 43.507400 	 67.969417 	 77.827800
   73 	 43.507400 	 67.788608 	 77.827800
   74 	 43.507400 	 68.289417 	 77.827800
   75 	 26.539400 	 67.890084 	 77.827800
   76 	 37.627400 	 69.262027 	 77.827800
   77 	 27.369800 	 68.647647 	 77.625800
   78 	 27.369800 	 67.422898 	 77.625800
   79 	 46.653800 	 67.205202 	 77.625800
   80 	 51.107400 	 68.196026 	 77.625800
   81 	 51.514600 	 70.090921 	 77.625800
   82 	 50.904600 	 69.625680 	 77.827800
   83 	 50.953800 	 70.658745 	 77.625800
   84 	 51.799800 	 70.952524 	 77.625800
   85 	 46.948100 	 71.642157 	 77.625800
   86 	 46.855800 	 71.230929 	 77.625800
   87 	 51.513800 	 70.345519 	 77.625800
   88 	 50.144200 	 68.715942 	 77.625800
   89 	 50.811400 	 68.454665 	 77.827800
   90 	 50.811400 	 67.869861 	 77.024600
   91 	 42.532600 	 68.097412 	 76.613800
   92 	 50.923400 	 67.913282 	 77.024600
   93 	 50.809800 	 69.196257 	 77.218600
   94 	 41.707000 	 68.484375 	 77.420600
   95 	 50.730600 	 69.228775 	 77.320100
   96 	 50.839400 	 69.520180 	 76.115300
   97 	 35.440200 	 69.435377 	 76.115300
   98 	 48.419400 	 69.602756 	 76.115300
   99 	 51.049400 	 69.186943 	 76.115300
 