   0 	 0.017799 	 0.101708 	 1.955799
    1 	 0.021483 	 0.800523 	 5.988024
    2 	 0.036614 	 1.900302 	 7.680492
    3 	 0.041493 	 2.602261 	 9.416196
    4 	 0.047980 	 3.792338 	 9.416196
    5 	 0.174871 	 5.351357 	 16.949153
    6 	 0.123321 	 6.887243 	 57.471264
    7 	 0.041319 	 11.667626 	 111.111111
    8 	 0.039809 	 24.114996 	 111.111111
    9 	 0.038881 	 44.361852 	 111.111111
   10 	 10.351967 	 70.941339 	 128.205128
   11 	 25.641026 	 90.519912 	 128.205128
   12 	 2.007226 	 99.624681 	 128.205128
   13 	 0.039206 	 102.930236 	 128.205128
   14 	 0.144488 	 111.701130 	 200.000000
   15 	 6.402049 	 113.169486 	 200.000000
   16 	 2.072109 	 116.511098 	 263.157895
   17 	 57.471264 	 122.790647 	 263.157895
   18 	 7.173601 	 127.551710 	 263.157895
   19 	 0.554908 	 148.969183 	 263.157895
   20 	 111.111111 	 187.483958 	 263.157895
   21 	 0.038901 	 202.327307 	 263.157895
   22 	 0.571494 	 207.306415 	 263.157895
   23 	 7.173601 	 231.602536 	 384.615385
   24 	 0.590528 	 243.754893 	 714.285714
   25 	 2.089427 	 253.739993 	 714.285714
   26 	 151.515152 	 300.396415 	 714.285714
   27 	 0.146770 	 349.788216 	 714.285714
   28 	 0.146770 	 432.970850 	 714.285714
   29 	 0.149062 	 531.420010 	 714.285714
   30 	 2.213369 	 618.893209 	 1666.666667
   31 	 0.038597 	 671.014115 	 1666.666667
   32 	 33.112583 	 756.742527 	 1666.666667
   33 	 9.140768 	 927.205658 	 1666.666667
   34 	 714.285714 	 1085.714286 	 1666.666667
   35 	 2.225189 	 1303.307202 	 1666.666667
   36 	 0.151391 	 1466.451730 	 1666.666667
   37 	 2.294631 	 1540.282687 	 3333.333333
   38 	 714.285714 	 1582.539683 	 3333.333333
   39 	 714.285714 	 1680.952381 	 3333.333333
   40 	 0.151391 	 1700.001514 	 3333.333333
   41 	 34.013605 	 1702.971715 	 3333.333333
   42 	 0.600745 	 1783.339341 	 3333.333333
   43 	 0.151398 	 1850.001514 	 3333.333333
   44 	 116.279070 	 1928.940568 	 3333.333333
   45 	 9.165903 	 2050.091659 	 3333.333333
   46 	 116.279070 	 2105.381671 	 3333.333333
   47 	 0.038296 	 2360.478087 	 3333.333333
   48 	 0.150227 	 2703.548781 	 3333.333333
   49 	 0.600745 	 3017.356453 	 3333.333333
   50 	 0.038296 	 3051.326527 	 3333.333333
   51 	 0.600853 	 3167.016318 	 3333.333333
   52 	 120.481928 	 3251.204819 	 3333.333333
   53 	 0.600853 	 3201.234485 	 3333.333333
   54 	 0.151398 	 3154.078526 	 3333.333333
   55 	 909.090909 	 3309.090909 	 3333.333333
   56 	 0.038296 	 3226.962778 	 3333.333333
   57 	 0.151398 	 3177.313560 	 3333.333333
   58 	 0.038296 	 3138.564589 	 3333.333333
   59 	 0.038296 	 3187.258506 	 3333.333333
   60 	 0.600853 	 3259.096918 	 3333.333333
   61 	 2.365744 	 3171.622505 	 3333.333333
   62 	 3333.333333 	 3333.333333 	 3333.333333
   63 	 0.600853 	 3270.376379 	 3333.333333
   64 	 0.038296 	 3200.009419 	 3333.333333
   65 	 0.600853 	 3267.877494 	 3333.333333
   66 	 0.600853 	 3233.454658 	 3333.333333
   67 	 0.038296 	 3233.357757 	 3333.333333
   68 	 0.151398 	 3266.691838 	 3333.333333
   69 	 0.600853 	 3159.487875 	 3333.333333
   70 	 0.151398 	 3192.609074 	 3333.333333
   71 	 2.365744 	 3217.125626 	 3333.333333
   72 	 34.364261 	 3268.215129 	 3333.333333
   73 	 0.151398 	 3122.811189 	 3333.333333
   74 	 0.151398 	 3233.340856 	 3333.333333
   75 	 0.038296 	 3250.092042 	 3333.333333
   76 	 0.151398 	 3219.077819 	 3333.333333
   77 	 370.370370 	 3246.127946 	 3333.333333
   78 	 0.038296 	 3184.973837 	 3333.333333
   79 	 0.038296 	 3202.501681 	 3333.333333
   80 	 0.038296 	 3210.387770 	 3333.333333
   81 	 0.038296 	 3242.448283 	 3333.333333
   82 	 0.038296 	 3266.668564 	 3333.333333
   83 	 0.600853 	 3266.678684 	 3333.333333
   84 	 0.038296 	 3142.547464 	 3333.333333
   85 	 9.165903 	 3300.091659 	 3333.333333
   86 	 0.151398 	 3192.523424 	 3333.333333
   87 	 0.038296 	 3094.414397 	 3333.333333
   88 	 0.038296 	 3209.274610 	 3333.333333
   89 	 0.038296 	 3147.516466 	 3333.333333
   90 	 370.370370 	 3255.218855 	 3333.333333
   91 	 0.600853 	 3233.706642 	 3333.333333
   92 	 909.090909 	 3309.090909 	 3333.333333
   93 	 9.165903 	 3170.372784 	 3333.333333
   94 	 909.090909 	 3309.090909 	 3333.333333
   95 	 9.165903 	 3234.973454 	 3333.333333
   96 	 120.481928 	 3284.538153 	 3333.333333
   97 	 0.151398 	 3283.334847 	 3333.333333
   98 	 0.151398 	 3253.705218 	 3333.333333
   99 	 3333.333333 	 3333.333333 	 3333.333333
 