   0 	 0.949900 	 26.245501 	 58.458100
    1 	 3.026100 	 32.639880 	 63.671300
    2 	 14.398100 	 35.353083 	 66.346700
    3 	 7.304200 	 35.134934 	 67.699700
    4 	 5.600500 	 34.654614 	 61.316100
    5 	 3.328400 	 36.958853 	 64.219400
    6 	 9.956600 	 38.605471 	 70.125800
    7 	 9.956600 	 42.119512 	 72.057800
    8 	 14.058500 	 47.656977 	 68.729100
    9 	 22.941000 	 49.562297 	 73.512900
   10 	 18.318900 	 52.087489 	 75.103300
   11 	 14.586100 	 51.040887 	 75.508900
   12 	 14.586100 	 51.132832 	 75.103300
   13 	 7.526900 	 54.427914 	 75.403000
   14 	 11.600200 	 55.627586 	 75.403000
   15 	 22.795400 	 57.410057 	 74.718500
   16 	 27.276100 	 57.296146 	 76.022800
   17 	 33.072900 	 59.061546 	 77.116100
   18 	 22.175000 	 59.295140 	 77.116100
   19 	 30.291300 	 59.918678 	 77.116100
   20 	 22.173400 	 61.296633 	 77.422400
   21 	 24.038600 	 62.684628 	 77.524100
   22 	 24.038600 	 63.047297 	 77.524100
   23 	 27.557400 	 63.029906 	 77.524100
   24 	 27.557400 	 63.415407 	 76.716100
   25 	 40.531700 	 66.000217 	 76.716100
   26 	 34.727500 	 65.424417 	 77.521700
   27 	 39.603700 	 66.667601 	 77.016800
   28 	 44.638200 	 67.077827 	 77.423000
   29 	 47.748300 	 68.630926 	 78.030200
   30 	 44.468100 	 68.968855 	 78.030200
   31 	 43.973300 	 68.107514 	 77.929300
   32 	 46.974500 	 67.784198 	 78.234600
   33 	 46.913400 	 67.282691 	 77.725700
   34 	 25.671600 	 68.027483 	 78.030200
   35 	 28.205700 	 68.495746 	 77.725700
   36 	 32.735000 	 69.562975 	 77.725700
   37 	 42.439300 	 69.589145 	 77.623800
   38 	 40.819800 	 70.748603 	 77.826200
   39 	 48.772100 	 71.264374 	 77.826200
   40 	 26.100400 	 70.038715 	 77.826200
   41 	 47.850600 	 71.715649 	 77.623800
   42 	 45.916200 	 70.521876 	 77.623800
   43 	 47.850600 	 70.512608 	 77.623600
   44 	 46.543400 	 69.078468 	 77.219000
   45 	 48.833400 	 70.578559 	 77.217200
   46 	 48.893600 	 69.538661 	 77.521700
   47 	 48.607300 	 70.236796 	 77.521700
   48 	 48.607300 	 71.021551 	 78.336500
   49 	 48.607300 	 71.218866 	 77.929300
   50 	 50.055600 	 70.242161 	 77.217200
   51 	 49.268000 	 70.340143 	 77.018200
   52 	 45.767400 	 69.908892 	 77.117300
   53 	 46.870100 	 69.557805 	 76.810800
   54 	 48.573600 	 71.049747 	 76.608800
   55 	 51.130800 	 71.763851 	 77.015200
   56 	 26.327600 	 70.787058 	 76.914100
   57 	 38.729800 	 70.682578 	 76.914100
   58 	 46.806100 	 71.485177 	 76.914100
   59 	 46.806100 	 71.164151 	 76.712900
   60 	 49.118900 	 72.237598 	 76.914100
   61 	 50.865800 	 72.466349 	 76.914100
   62 	 61.176500 	 72.880404 	 76.914100
   63 	 64.299700 	 73.045355 	 77.016200
   64 	 59.473000 	 73.066955 	 77.117300
   65 	 52.597300 	 72.769314 	 76.914100
   66 	 46.874800 	 72.739766 	 77.015200
   67 	 46.874800 	 72.841678 	 77.217200
   68 	 46.874800 	 72.182469 	 77.015200
   69 	 39.002800 	 71.705759 	 76.810800
   70 	 46.492100 	 72.009838 	 77.015200
   71 	 56.186400 	 72.947391 	 77.016200
   72 	 51.671200 	 73.329516 	 77.419800
   73 	 51.530400 	 73.569457 	 77.724900
   74 	 66.173600 	 73.622798 	 77.724900
   75 	 53.952800 	 73.221584 	 77.319300
   76 	 53.441300 	 73.768349 	 77.014600
   77 	 49.314100 	 73.347640 	 77.623800
   78 	 51.671200 	 73.571304 	 77.523700
   79 	 51.671200 	 73.160479 	 77.523700
   80 	 50.654900 	 72.881319 	 77.523700
   81 	 52.045600 	 72.994570 	 77.523700
   82 	 53.306100 	 73.223535 	 77.523700
   83 	 52.495400 	 73.586004 	 77.523700
   84 	 55.518900 	 73.926651 	 77.523700
   85 	 55.518900 	 73.879026 	 77.523700
   86 	 54.399300 	 73.885769 	 77.523700
   87 	 55.920500 	 74.344441 	 77.523700
   88 	 55.920500 	 74.103284 	 77.523700
   89 	 50.916500 	 73.183287 	 77.523700
   90 	 49.368500 	 73.248284 	 77.318500
   91 	 49.368500 	 72.415908 	 77.117300
   92 	 42.553700 	 72.830340 	 77.523700
   93 	 51.671200 	 73.762302 	 77.523700
   94 	 57.316500 	 74.157854 	 77.117300
   95 	 56.690900 	 74.092643 	 77.523700
   96 	 51.265000 	 73.621675 	 77.421600
   97 	 55.886100 	 73.827949 	 77.117300
   98 	 54.404000 	 74.092408 	 77.117300
   99 	 49.310100 	 74.003948 	 77.523700
 