   0 	 1.920800 	 26.711049 	 58.960600
    1 	 7.729000 	 30.325699 	 76.204800
    2 	 2.067300 	 37.344334 	 76.204800
    3 	 18.338000 	 44.246593 	 76.204800
    4 	 20.816400 	 46.435608 	 76.204800
    5 	 9.255600 	 48.200206 	 76.204800
    6 	 21.992800 	 49.553412 	 75.404800
    7 	 23.333800 	 51.999845 	 75.803200
    8 	 26.512400 	 54.998249 	 76.204800
    9 	 18.840500 	 56.409358 	 74.316100
   10 	 3.173300 	 57.289135 	 75.003200
   11 	 31.156200 	 57.775630 	 75.414400
   12 	 31.156200 	 56.618914 	 75.904100
   13 	 34.445200 	 57.757260 	 76.112900
   14 	 21.539600 	 58.457235 	 75.003200
   15 	 27.634200 	 57.893081 	 76.309700
   16 	 38.028800 	 56.151965 	 73.428800
   17 	 25.189700 	 58.120085 	 74.013200
   18 	 25.659700 	 57.997690 	 71.900000
   19 	 25.659700 	 59.718825 	 76.306500
   20 	 25.659700 	 59.445374 	 71.698000
   21 	 25.006500 	 58.849750 	 74.310500
   22 	 28.724100 	 61.983877 	 73.043300
   23 	 25.645200 	 64.066973 	 75.805600
   24 	 41.727300 	 63.627884 	 75.906500
   25 	 41.610100 	 63.684371 	 75.809600
   26 	 41.914600 	 63.477321 	 76.811600
   27 	 43.660800 	 65.527290 	 76.811600
   28 	 46.968900 	 65.470063 	 77.015200
   29 	 46.968900 	 66.063967 	 76.621600
   30 	 44.936100 	 65.667437 	 76.621600
   31 	 45.482100 	 65.723235 	 76.621600
   32 	 45.482100 	 65.706080 	 76.215200
   33 	 26.144100 	 64.158506 	 76.308100
   34 	 25.409600 	 62.830456 	 77.420000
   35 	 45.080500 	 64.218546 	 77.420000
   36 	 23.835600 	 63.446603 	 77.420000
   37 	 21.262100 	 63.493297 	 77.522700
   38 	 21.262100 	 64.502233 	 77.724900
   39 	 21.262100 	 66.809153 	 77.320100
   40 	 45.615300 	 68.864582 	 77.320100
   41 	 46.068200 	 68.910609 	 77.826600
   42 	 47.172100 	 68.844946 	 77.826600
   43 	 47.636900 	 68.739997 	 77.827800
   44 	 46.803600 	 67.192828 	 77.523700
   45 	 35.667600 	 69.042750 	 77.523700
   46 	 34.066400 	 69.939250 	 77.523700
   47 	 34.066400 	 70.300226 	 77.928500
   48 	 45.793700 	 71.093552 	 78.030200
   49 	 46.678200 	 71.214869 	 77.826400
   50 	 50.711300 	 72.186657 	 77.724900
   51 	 47.552900 	 71.987097 	 77.622800
   52 	 47.358900 	 72.545627 	 77.724500
   53 	 47.358900 	 71.808318 	 77.622800
   54 	 49.642500 	 71.959152 	 77.826400
   55 	 59.342400 	 73.408133 	 78.030000
   56 	 62.460200 	 74.315291 	 78.132100
   57 	 50.561600 	 74.011720 	 78.030000
   58 	 48.267600 	 73.529869 	 78.030000
   59 	 51.368000 	 74.751875 	 78.030000
   60 	 65.748900 	 75.100954 	 78.030600
   61 	 51.309800 	 75.173876 	 77.928100
   62 	 51.208900 	 75.187746 	 77.928100
   63 	 57.063200 	 75.257318 	 77.928100
   64 	 54.094500 	 74.980117 	 77.928100
   65 	 54.294500 	 75.040952 	 78.030000
   66 	 66.909300 	 75.357237 	 77.826400
   67 	 66.120500 	 75.287301 	 77.928500
   68 	 52.987300 	 75.110467 	 77.928500
   69 	 52.987300 	 75.097804 	 78.132300
   70 	 52.784900 	 74.756123 	 78.132300
   71 	 67.005000 	 75.173368 	 78.132300
   72 	 51.714600 	 74.762063 	 78.132300
   73 	 51.874500 	 75.173001 	 78.132300
   74 	 48.566100 	 74.972811 	 78.132300
   75 	 58.420900 	 75.530385 	 78.132300
   76 	 58.217300 	 75.650988 	 78.132300
   77 	 58.217300 	 75.924455 	 78.030200
   78 	 58.013700 	 76.032964 	 78.132100
   79 	 58.013700 	 75.885117 	 78.132300
   80 	 58.013700 	 76.082138 	 78.132100
   81 	 57.761300 	 76.286444 	 78.132300
   82 	 52.020400 	 75.358322 	 78.030200
   83 	 54.458600 	 76.437825 	 78.132100
   84 	 52.122500 	 76.205952 	 78.030200
   85 	 26.011300 	 76.027444 	 78.030200
   86 	 56.903800 	 76.115616 	 78.030200
   87 	 57.154100 	 75.890110 	 78.234200
   88 	 54.194600 	 76.061299 	 78.234200
   89 	 54.194600 	 76.265581 	 78.234200
   90 	 55.990200 	 76.225842 	 78.030200
   91 	 51.411700 	 75.505140 	 78.234200
   92 	 51.005300 	 75.861918 	 78.234200
   93 	 51.005300 	 75.067962 	 78.132300
   94 	 40.375000 	 75.343126 	 78.132300
   95 	 53.564100 	 75.261053 	 78.132300
   96 	 40.526200 	 75.672063 	 78.132300
   97 	 65.825900 	 76.826232 	 77.929100
   98 	 66.129700 	 76.636718 	 78.030200
   99 	 51.919000 	 75.829767 	 78.132300
 