   0 	 2.018200 	 26.847636 	 64.280200
    1 	 3.132900 	 34.316778 	 69.836100
    2 	 7.848800 	 39.927642 	 74.810200
    3 	 9.486900 	 44.462804 	 72.762700
    4 	 18.154100 	 53.448818 	 76.817000
    5 	 8.653800 	 57.467571 	 75.405800
    6 	 13.259400 	 58.715581 	 74.528300
    7 	 24.122500 	 60.560480 	 74.605800
    8 	 32.822100 	 62.047438 	 74.027800
    9 	 34.131300 	 62.460912 	 75.542500
   10 	 35.887400 	 62.241282 	 74.027800
   11 	 18.501000 	 60.866517 	 75.011400
   12 	 25.049400 	 60.562936 	 75.013400
   13 	 38.429900 	 61.036525 	 75.031400
   14 	 36.991400 	 59.520884 	 75.109900
   15 	 37.179400 	 61.873278 	 75.307500
   16 	 37.753300 	 63.014633 	 75.307500
   17 	 29.604600 	 63.738509 	 75.307500
   18 	 22.491800 	 62.509918 	 73.518900
   19 	 41.952500 	 62.395647 	 76.105700
   20 	 41.952500 	 62.038269 	 76.105700
   21 	 44.272100 	 61.771700 	 76.306900
   22 	 43.347300 	 62.586042 	 76.510100
   23 	 26.089000 	 63.583835 	 76.510100
   24 	 41.274500 	 63.860731 	 76.510100
   25 	 32.611400 	 63.430691 	 76.915300
   26 	 46.566500 	 63.989128 	 76.720900
   27 	 46.814100 	 63.588247 	 77.522500
   28 	 45.775400 	 65.534909 	 77.318500
   29 	 41.057000 	 66.626601 	 76.914500
   30 	 49.160100 	 68.662591 	 76.914500
   31 	 47.184100 	 68.431675 	 76.914500
   32 	 41.819300 	 68.976635 	 76.914500
   33 	 34.967800 	 68.847908 	 76.914500
   34 	 48.375300 	 67.833862 	 76.914500
   35 	 48.375300 	 68.848269 	 76.914500
   36 	 48.684100 	 70.617991 	 76.914500
   37 	 50.000900 	 71.479349 	 76.914500
   38 	 49.317300 	 71.423478 	 76.132100
   39 	 49.555700 	 71.281375 	 76.414000
   40 	 48.839300 	 71.107915 	 76.414000
   41 	 48.839300 	 70.847896 	 76.205400
   42 	 25.319300 	 71.219419 	 76.410800
   43 	 49.258800 	 72.048929 	 76.311700
   44 	 51.582900 	 72.267781 	 76.410800
   45 	 66.341700 	 73.033760 	 76.814000
   46 	 50.302100 	 72.870703 	 76.004400
   47 	 50.302100 	 72.133694 	 76.613400
   48 	 49.932500 	 71.815344 	 76.613400
   49 	 47.242200 	 71.618508 	 76.212600
   50 	 45.282400 	 71.472198 	 76.212600
   51 	 45.282400 	 71.445266 	 76.820400
   52 	 49.462100 	 71.567322 	 76.611800
   53 	 50.233400 	 71.671891 	 76.112900
   54 	 50.233400 	 71.377239 	 77.423000
   55 	 49.025900 	 71.850112 	 77.423000
   56 	 51.479400 	 72.285183 	 77.423000
   57 	 49.466100 	 71.775978 	 76.512900
   58 	 51.403800 	 72.177939 	 76.511300
   59 	 56.613400 	 72.339998 	 76.512900
   60 	 51.330500 	 71.965155 	 77.321100
   61 	 51.800900 	 71.081939 	 77.321100
   62 	 38.054200 	 70.803679 	 76.613400
   63 	 48.744900 	 71.476027 	 77.322500
   64 	 48.744900 	 71.888656 	 77.526900
   65 	 56.466100 	 72.290942 	 76.613400
   66 	 49.502900 	 71.921646 	 76.615400
   67 	 48.703700 	 72.335682 	 77.627400
   68 	 30.675000 	 72.457099 	 77.525300
   69 	 53.660000 	 73.202301 	 77.526900
   70 	 50.401200 	 73.089222 	 77.220400
   71 	 46.720600 	 73.128528 	 77.423000
   72 	 52.574900 	 73.845785 	 77.423000
   73 	 50.601900 	 73.588280 	 76.919300
   74 	 49.721400 	 72.616905 	 77.423000
   75 	 49.788600 	 72.874448 	 77.423000
   76 	 48.988100 	 72.776926 	 77.423000
   77 	 52.589900 	 73.261277 	 77.119700
   78 	 51.283300 	 73.105625 	 77.119700
   79 	 27.297100 	 72.761397 	 77.627400
   80 	 63.495800 	 73.492234 	 77.627400
   81 	 51.487300 	 73.396784 	 77.627400
   82 	 51.487300 	 73.858688 	 77.526900
   83 	 50.669400 	 73.962271 	 77.322500
   84 	 47.085000 	 73.815828 	 77.015800
   85 	 55.296500 	 73.817124 	 77.015800
   86 	 49.347000 	 73.128459 	 76.715700
   87 	 55.296500 	 73.030390 	 77.423000
   88 	 48.630200 	 72.657049 	 77.627400
   89 	 51.496500 	 72.956932 	 76.816200
   90 	 51.498900 	 72.557749 	 77.423000
   91 	 51.676200 	 73.059011 	 77.015800
   92 	 55.571400 	 73.739147 	 77.526900
   93 	 51.577800 	 73.927905 	 77.526900
   94 	 61.519800 	 73.898342 	 77.526900
   95 	 50.100900 	 73.074164 	 77.526900
   96 	 48.529700 	 73.357771 	 77.526900
   97 	 57.193400 	 73.865517 	 77.526900
   98 	 56.363300 	 74.060555 	 77.526900
   99 	 61.805400 	 74.454235 	 77.526900
 