   0 	 1.188200 	 28.124104 	 60.549200
    1 	 6.036800 	 33.680282 	 59.074200
    2 	 11.339700 	 38.503587 	 60.272600
    3 	 10.488500 	 41.155813 	 70.304600
    4 	 9.764900 	 42.079350 	 70.304600
    5 	 5.744500 	 45.535247 	 70.304600
    6 	 16.755300 	 50.277948 	 70.304600
    7 	 10.190700 	 50.796594 	 71.220900
    8 	 23.554700 	 53.669038 	 73.527500
    9 	 23.554700 	 54.718221 	 72.679400
   10 	 19.262500 	 55.955370 	 75.027800
   11 	 30.765300 	 56.620734 	 75.027800
   12 	 30.222700 	 58.723081 	 72.095400
   13 	 38.919700 	 59.769611 	 75.936500
   14 	 40.877100 	 60.343308 	 75.936500
   15 	 26.362700 	 61.065316 	 75.936500
   16 	 32.869400 	 59.702508 	 76.427000
   17 	 25.337100 	 60.856149 	 76.427000
   18 	 31.205800 	 61.104891 	 76.217400
   19 	 41.028600 	 63.334456 	 76.217400
   20 	 43.596300 	 63.643397 	 76.217400
   21 	 44.417900 	 64.278624 	 76.217400
   22 	 41.244600 	 65.173779 	 76.217400
   23 	 41.244600 	 64.779124 	 76.217400
   24 	 48.757900 	 65.527318 	 75.839000
   25 	 35.660600 	 63.976085 	 75.413400
   26 	 32.766200 	 63.975289 	 73.420200
   27 	 45.134900 	 64.614715 	 72.757400
   28 	 42.289400 	 64.279341 	 72.464300
   29 	 45.805100 	 64.501122 	 72.464300
   30 	 45.805100 	 63.845817 	 71.119500
   31 	 45.805100 	 63.895819 	 74.133900
   32 	 39.908300 	 64.502901 	 74.133900
   33 	 43.545400 	 64.254469 	 73.272300
   34 	 34.737900 	 65.439245 	 73.745900
   35 	 43.536600 	 66.164380 	 73.745900
   36 	 43.528600 	 66.545926 	 74.133900
   37 	 43.528600 	 66.468353 	 74.517100
   38 	 26.510600 	 65.809656 	 74.413800
   39 	 44.869100 	 66.027491 	 74.009800
   40 	 50.293100 	 66.508551 	 73.353100
   41 	 47.477100 	 66.955588 	 73.033400
   42 	 47.573100 	 67.803496 	 73.421400
   43 	 47.573100 	 67.877881 	 73.844600
   44 	 47.155400 	 67.372326 	 74.232600
   45 	 49.807000 	 67.179567 	 74.430600
   46 	 49.727800 	 67.736187 	 75.839000
   47 	 49.347500 	 67.886703 	 75.839000
   48 	 47.519000 	 68.653856 	 76.043400
   49 	 47.519000 	 68.811987 	 76.043400
   50 	 54.472600 	 69.124982 	 76.043400
   51 	 56.082200 	 68.900664 	 74.639800
   52 	 41.869900 	 68.597053 	 74.639800
   53 	 41.869900 	 68.414805 	 74.639800
   54 	 45.309000 	 68.567964 	 74.639800
   55 	 44.921000 	 68.961683 	 74.844200
   56 	 60.223400 	 69.074719 	 75.451000
   57 	 52.012600 	 69.219978 	 75.247400
   58 	 62.356300 	 70.512634 	 75.635400
   59 	 63.139400 	 70.588889 	 75.635400
   60 	 59.034200 	 70.367619 	 75.635400
   61 	 47.433800 	 70.508131 	 75.839000
   62 	 47.434700 	 69.756019 	 75.232200
   63 	 63.218600 	 70.385219 	 75.655400
   64 	 62.125800 	 71.044618 	 75.655400
   65 	 61.490700 	 70.975330 	 75.737100
   66 	 49.308600 	 70.979147 	 75.655400
   67 	 49.308600 	 70.661781 	 75.655400
   68 	 55.162700 	 71.084596 	 75.655400
   69 	 57.774200 	 71.060086 	 75.839000
   70 	 57.774200 	 71.147251 	 76.043400
   71 	 47.562600 	 71.271807 	 75.839000
   72 	 55.033400 	 70.794435 	 75.839000
   73 	 53.969100 	 71.780748 	 75.655400
   74 	 52.369400 	 71.879151 	 75.655400
   75 	 47.930500 	 71.964678 	 75.839000
   76 	 60.818600 	 72.186322 	 75.839000
   77 	 59.686700 	 71.750340 	 76.043400
   78 	 58.327400 	 72.558876 	 75.655400
   79 	 58.035400 	 72.395536 	 76.332500
   80 	 62.604200 	 73.051006 	 75.941100
   81 	 49.135400 	 72.930568 	 75.823000
   82 	 50.120600 	 72.829471 	 76.230200
   83 	 61.870100 	 73.457880 	 76.230200
   84 	 61.672900 	 73.238621 	 75.823000
   85 	 56.867800 	 73.263053 	 75.553100
   86 	 61.499500 	 73.437012 	 75.553300
   87 	 55.475400 	 73.174043 	 75.635400
   88 	 63.096300 	 73.776638 	 76.230200
   89 	 62.204200 	 73.709792 	 76.230200
   90 	 62.204200 	 73.044778 	 76.230200
   91 	 54.093400 	 73.095626 	 76.230200
   92 	 54.093400 	 72.273291 	 76.230200
   93 	 54.480600 	 72.527154 	 76.230200
   94 	 57.275000 	 72.693882 	 76.230200
   95 	 62.007800 	 72.897035 	 76.230200
   96 	 60.049000 	 72.996962 	 76.230200
   97 	 48.932600 	 73.001243 	 75.553300
   98 	 46.369000 	 72.734860 	 75.451000
   99 	 62.204200 	 73.140862 	 75.655400
 