   0 	 0.015948 	 0.049811 	 0.249370
    1 	 0.015716 	 0.082807 	 0.253415
    2 	 0.021644 	 0.140919 	 0.756372
    3 	 0.038634 	 0.221794 	 1.356116
    4 	 0.035428 	 0.320353 	 1.510118
    5 	 0.039625 	 0.480331 	 2.016942
    6 	 0.034649 	 0.816870 	 2.438430
    7 	 0.041483 	 1.244962 	 2.491281
    8 	 0.045668 	 1.580715 	 3.021148
    9 	 0.039124 	 1.670491 	 3.716091
   10 	 0.040969 	 1.771665 	 3.998401
   11 	 0.108096 	 2.000611 	 3.998401
   12 	 0.040671 	 2.164179 	 3.998401
   13 	 0.040969 	 2.354703 	 4.364906
   14 	 0.038944 	 2.627391 	 10.362694
   15 	 0.648088 	 3.225275 	 10.362694
   16 	 0.119551 	 3.949367 	 13.623978
   17 	 0.108957 	 5.063778 	 13.623978
   18 	 2.213859 	 7.190173 	 18.214936
   19 	 3.059039 	 9.482938 	 19.801980
   20 	 0.128718 	 11.383833 	 19.801980
   21 	 0.129906 	 11.692567 	 19.801980
   22 	 0.521540 	 13.183999 	 46.082949
   23 	 0.132756 	 15.048201 	 46.082949
   24 	 1.725030 	 17.000626 	 65.359477
   25 	 0.039451 	 19.372628 	 65.359477
   26 	 7.451565 	 24.791954 	 54.054054
   27 	 0.446788 	 33.876964 	 93.457944
   28 	 0.040305 	 42.002553 	 120.481928
   29 	 5.503577 	 48.676077 	 120.481928
   30 	 1.840604 	 52.465638 	 120.481928
   31 	 0.038284 	 60.671067 	 120.481928
   32 	 0.529269 	 73.753479 	 120.481928
   33 	 7.874016 	 89.453171 	 120.481928
   34 	 0.038284 	 113.749966 	 1666.666667
   35 	 0.588859 	 348.039320 	 3333.333333
   36 	 0.151391 	 1627.492754 	 3333.333333
   37 	 116.279070 	 2253.954912 	 3333.333333
   38 	 2.365744 	 2467.895143 	 3333.333333
   39 	 9.165903 	 2648.239807 	 3333.333333
   40 	 34.364261 	 2881.825124 	 3333.333333
   41 	 0.038296 	 3013.864775 	 3333.333333
   42 	 0.038296 	 3153.797260 	 3333.333333
   43 	 120.481928 	 3251.204819 	 3333.333333
   44 	 0.600853 	 3225.787242 	 3333.333333
   45 	 0.038296 	 3163.140152 	 3333.333333
   46 	 909.090909 	 3292.424242 	 3333.333333
   47 	 0.600853 	 3225.855243 	 3333.333333
   48 	 0.038296 	 3200.711326 	 3333.333333
   49 	 34.364261 	 3218.558771 	 3333.333333
   50 	 0.038296 	 3171.599230 	 3333.333333
   51 	 0.151398 	 3233.340856 	 3333.333333
   52 	 0.151398 	 3139.022315 	 3333.333333
   53 	 0.038296 	 3162.892663 	 3333.333333
   54 	 0.038296 	 3283.333716 	 3333.333333
   55 	 1666.666667 	 3283.333333 	 3333.333333
   56 	 0.600853 	 3192.797551 	 3333.333333
   57 	 0.151398 	 3217.879008 	 3333.333333
   58 	 0.038296 	 3200.030433 	 3333.333333
   59 	 0.151398 	 3233.432515 	 3333.333333
   60 	 0.038296 	 3253.704087 	 3333.333333
   61 	 0.600853 	 3134.671495 	 3333.333333
   62 	 9.165903 	 3204.482648 	 3333.333333
   63 	 2.365744 	 3300.023657 	 3333.333333
   64 	 9.165903 	 3240.832400 	 3333.333333
   65 	 9.165903 	 3270.462029 	 3333.333333
   66 	 0.151398 	 3204.911551 	 3333.333333
   67 	 0.038296 	 3266.668564 	 3333.333333
   68 	 0.600853 	 3300.006009 	 3333.333333
   69 	 0.151398 	 3233.428020 	 3333.333333
   70 	 1666.666667 	 3316.666667 	 3333.333333
   71 	 0.151398 	 3250.007523 	 3333.333333
   72 	 0.151398 	 3283.334847 	 3333.333333
   73 	 120.481928 	 3260.295728 	 3333.333333
   74 	 0.038296 	 3125.783896 	 3333.333333
   75 	 1666.666667 	 3316.666667 	 3333.333333
   76 	 3333.333333 	 3333.333333 	 3333.333333
   77 	 0.600853 	 3250.097668 	 3333.333333
   78 	 0.151398 	 3233.450164 	 3333.333333
   79 	 2.365744 	 3204.094661 	 3333.333333
   80 	 0.151398 	 3300.001514 	 3333.333333
   81 	 2.365744 	 3300.023657 	 3333.333333
   82 	 2.365744 	 3300.023657 	 3333.333333
   83 	 0.038296 	 3203.711609 	 3333.333333
   84 	 9.165903 	 3300.091659 	 3333.333333
   85 	 0.600853 	 3267.877494 	 3333.333333
   86 	 120.481928 	 3252.719971 	 3333.333333
   87 	 0.600853 	 3237.134705 	 3333.333333
   88 	 0.038296 	 3201.230374 	 3333.333333
   89 	 0.600853 	 3270.376379 	 3333.333333
   90 	 0.151398 	 3220.395542 	 3333.333333
   91 	 0.038296 	 3183.450547 	 3333.333333
   92 	 2.365744 	 3234.585467 	 3333.333333
   93 	 0.151398 	 3187.473853 	 3333.333333
   94 	 34.364261 	 3268.215129 	 3333.333333
   95 	 0.151398 	 3173.125166 	 3333.333333
   96 	 0.038296 	 3266.758709 	 3333.333333
   97 	 120.481928 	 3276.962395 	 3333.333333
   98 	 370.370370 	 3262.794613 	 3333.333333
   99 	 9.165903 	 3283.424992 	 3333.333333
 