   0 	 1.027400 	 26.120974 	 74.801000
    1 	 4.040300 	 35.204660 	 74.801000
    2 	 6.637400 	 41.935631 	 75.101300
    3 	 17.009300 	 47.077359 	 75.101300
    4 	 17.509800 	 51.921684 	 74.901300
    5 	 18.872300 	 53.110410 	 74.901300
    6 	 23.903000 	 54.555368 	 74.901300
    7 	 17.690100 	 58.905044 	 77.015800
    8 	 33.938200 	 57.968996 	 75.301700
    9 	 16.277900 	 56.501228 	 75.401000
   10 	 23.544600 	 58.517201 	 75.805600
   11 	 19.564200 	 61.566215 	 76.212200
   12 	 24.051800 	 61.634309 	 75.706500
   13 	 25.272200 	 63.598489 	 75.401000
   14 	 21.043300 	 64.042995 	 75.603800
   15 	 23.694600 	 65.469559 	 75.813000
   16 	 30.970600 	 66.622129 	 75.501700
   17 	 37.601000 	 66.848681 	 75.401800
   18 	 42.250600 	 66.339107 	 75.507300
   19 	 44.119400 	 66.850021 	 75.909900
   20 	 49.883500 	 67.733071 	 75.909900
   21 	 31.597000 	 68.480497 	 75.909900
   22 	 49.953400 	 69.096857 	 75.706700
   23 	 50.304300 	 68.568584 	 75.706700
   24 	 37.115400 	 68.911960 	 75.706700
   25 	 26.535400 	 67.089512 	 75.601800
   26 	 38.517900 	 67.102205 	 75.501700
   27 	 36.626200 	 67.036481 	 75.501700
   28 	 38.527500 	 66.038759 	 75.501700
   29 	 34.694600 	 65.205379 	 75.805000
   30 	 25.174600 	 66.169096 	 75.805000
   31 	 36.997000 	 66.605221 	 75.813000
   32 	 36.997000 	 66.507171 	 75.813000
   33 	 40.882700 	 68.253639 	 75.813000
   34 	 49.863500 	 70.006282 	 75.813000
   35 	 39.466700 	 70.390566 	 76.005400
   36 	 45.597900 	 70.143621 	 75.705100
   37 	 40.873100 	 70.996220 	 76.312300
   38 	 40.873100 	 71.086648 	 75.908300
   39 	 46.388200 	 71.622012 	 76.619400
   40 	 47.641100 	 72.529540 	 77.018600
   41 	 56.717900 	 73.343346 	 76.619400
   42 	 61.795400 	 73.532840 	 77.018600
   43 	 48.407000 	 73.113581 	 77.120300
   44 	 50.485100 	 73.481345 	 77.120300
   45 	 50.463500 	 73.640332 	 77.120300
   46 	 48.521100 	 72.947904 	 77.120300
   47 	 48.437100 	 73.141553 	 77.220600
   48 	 48.529400 	 72.628495 	 77.220600
   49 	 50.409100 	 73.285742 	 77.120300
   50 	 50.409100 	 73.833788 	 77.120300
   51 	 55.536300 	 73.826460 	 77.120300
   52 	 69.272300 	 74.145075 	 77.120300
   53 	 70.141100 	 74.190085 	 77.120300
   54 	 70.413900 	 74.312848 	 77.120300
   55 	 48.829100 	 73.831171 	 77.120300
   56 	 54.819500 	 74.369246 	 77.120300
   57 	 49.245100 	 73.777993 	 77.120300
   58 	 57.014700 	 74.261735 	 77.321100
   59 	 57.014700 	 74.307669 	 77.120300
   60 	 57.214700 	 74.330565 	 77.321100
   61 	 70.782700 	 74.566371 	 77.120300
   62 	 51.213100 	 74.377786 	 77.324300
   63 	 65.561900 	 74.231296 	 77.324300
   64 	 65.561900 	 74.635722 	 77.324300
   65 	 54.811500 	 74.416743 	 77.324300
   66 	 54.811500 	 74.443098 	 77.324300
   67 	 57.213900 	 74.402381 	 77.324300
   68 	 56.913900 	 74.489680 	 77.324300
   69 	 56.913900 	 73.906035 	 77.120300
   70 	 49.237900 	 73.539308 	 77.219400
   71 	 49.259500 	 73.121722 	 77.321100
   72 	 48.351400 	 73.414964 	 77.324300
   73 	 49.822700 	 72.838055 	 77.324300
   74 	 50.401900 	 73.443698 	 77.120300
   75 	 53.983400 	 74.384582 	 77.120300
   76 	 53.983400 	 74.335181 	 77.321100
   77 	 49.493100 	 74.196058 	 77.120300
   78 	 51.070700 	 73.999169 	 77.324300
   79 	 53.983400 	 74.223690 	 77.324300
   80 	 62.141900 	 73.888871 	 77.324300
   81 	 50.284300 	 73.356322 	 77.222200
   82 	 50.200300 	 73.061036 	 77.222200
   83 	 44.197100 	 73.243190 	 77.222200
   84 	 62.441900 	 74.154276 	 77.219000
   85 	 60.809900 	 73.648680 	 77.120300
   86 	 49.914600 	 73.011664 	 77.222200
   87 	 49.812300 	 73.464412 	 77.117900
   88 	 62.441900 	 74.298194 	 77.117900
   89 	 63.398700 	 74.328690 	 77.117900
   90 	 61.800300 	 74.412503 	 76.913900
   91 	 61.800300 	 74.412761 	 76.913900
   92 	 61.800300 	 74.245855 	 77.222200
   93 	 71.940300 	 74.783604 	 77.423000
   94 	 65.229100 	 74.581666 	 77.015800
   95 	 65.229100 	 74.968184 	 77.222200
   96 	 61.052600 	 74.587003 	 77.015800
   97 	 54.237100 	 74.469956 	 77.222200
   98 	 51.010700 	 74.036898 	 76.815000
   99 	 54.431500 	 74.251531 	 76.815800
 