   0 	 1.736100 	 24.389591 	 62.503300
    1 	 6.687700 	 31.403684 	 62.503300
    2 	 3.054600 	 35.567870 	 64.424600
    3 	 6.548600 	 39.410714 	 70.440600
    4 	 6.548600 	 41.626488 	 75.704100
    5 	 15.269400 	 45.094250 	 72.056100
    6 	 12.612000 	 46.209488 	 72.056100
    7 	 7.358700 	 49.614711 	 73.136100
    8 	 18.124600 	 50.905697 	 67.896900
    9 	 12.849900 	 53.328403 	 67.996600
   10 	 22.580400 	 54.248115 	 69.550100
   11 	 27.537200 	 55.774623 	 73.650600
   12 	 32.413100 	 57.946758 	 75.100300
   13 	 18.384600 	 60.470090 	 75.401800
   14 	 30.948600 	 60.697020 	 76.105300
   15 	 31.201400 	 60.122950 	 76.105300
   16 	 37.108400 	 60.006523 	 75.302900
   17 	 22.637000 	 59.347605 	 75.302900
   18 	 22.157900 	 59.304024 	 76.011600
   19 	 22.157900 	 59.454063 	 76.011600
   20 	 23.938900 	 59.162583 	 75.805600
   21 	 29.822000 	 59.539850 	 75.805600
   22 	 29.933600 	 60.978573 	 76.414000
   23 	 25.900100 	 61.904057 	 75.029400
   24 	 8.416100 	 60.839989 	 75.115300
   25 	 33.426200 	 62.012585 	 76.118500
   26 	 32.816800 	 63.117955 	 76.118500
   27 	 35.911500 	 64.146308 	 76.414000
   28 	 24.840900 	 63.268563 	 75.914900
   29 	 37.504900 	 64.882201 	 74.726100
   30 	 33.302500 	 64.945202 	 76.112900
   31 	 36.974000 	 65.116635 	 76.112900
   32 	 44.036000 	 63.787694 	 76.112900
   33 	 30.839300 	 64.765324 	 76.306500
   34 	 36.473300 	 66.266786 	 76.306500
   35 	 44.702600 	 65.208916 	 76.916100
   36 	 31.322900 	 65.411719 	 76.116100
   37 	 31.322900 	 63.919060 	 76.407400
   38 	 32.127700 	 66.609156 	 76.104900
   39 	 36.546500 	 67.848062 	 76.104900
   40 	 42.588500 	 67.866977 	 75.905900
   41 	 44.976800 	 68.990205 	 76.313100
   42 	 44.976800 	 69.462742 	 76.313100
   43 	 44.233400 	 69.264267 	 76.313100
   44 	 47.766100 	 70.376982 	 76.817000
   45 	 47.766100 	 70.317503 	 76.817000
   46 	 33.862100 	 69.706208 	 76.817000
   47 	 39.855300 	 69.467563 	 77.117900
   48 	 39.770100 	 68.623566 	 77.117900
   49 	 46.244200 	 69.273706 	 77.117900
   50 	 31.787000 	 69.103908 	 77.117900
   51 	 38.665700 	 68.393833 	 77.117900
   52 	 38.665700 	 67.279076 	 77.117900
   53 	 41.229300 	 67.337059 	 77.117900
   54 	 46.630100 	 68.334690 	 77.117900
   55 	 46.630100 	 68.057665 	 77.015800
   56 	 47.164900 	 67.618876 	 76.915300
   57 	 47.164900 	 68.019833 	 76.915300
   58 	 48.075800 	 66.994944 	 76.206200
   59 	 47.171300 	 67.659555 	 76.714100
   60 	 47.171300 	 67.392025 	 76.206200
   61 	 43.424900 	 68.792162 	 76.206200
   62 	 47.615400 	 68.612468 	 76.206200
   63 	 48.191300 	 69.207467 	 76.206200
   64 	 48.634500 	 68.756812 	 76.206200
   65 	 50.740600 	 70.126835 	 76.206200
   66 	 49.143800 	 70.232752 	 76.206200
   67 	 50.740600 	 70.430189 	 76.206200
   68 	 34.244900 	 70.157527 	 76.206200
   69 	 45.434500 	 71.313025 	 76.206200
   70 	 45.434500 	 70.867617 	 76.412600
   71 	 46.237700 	 70.832487 	 76.206200
   72 	 46.227300 	 71.939321 	 76.306900
   73 	 45.424100 	 72.278739 	 76.306900
   74 	 53.052500 	 72.052868 	 76.306900
   75 	 53.453300 	 72.030144 	 76.310500
   76 	 47.624200 	 72.302588 	 76.310500
   77 	 45.714200 	 72.186221 	 76.511300
   78 	 45.714200 	 71.758921 	 76.412600
   79 	 25.480900 	 73.055474 	 76.712100
   80 	 51.182200 	 73.892613 	 77.017400
   81 	 65.356200 	 74.098065 	 77.017400
   82 	 65.537400 	 74.231388 	 77.017400
   83 	 56.457400 	 74.061519 	 76.206200
   84 	 55.552900 	 73.903044 	 76.206200
   85 	 54.884100 	 73.938469 	 76.206200
   86 	 55.283300 	 74.266732 	 76.206200
   87 	 68.231000 	 74.596474 	 76.206200
   88 	 56.801400 	 74.535345 	 76.206200
   89 	 56.751300 	 74.640054 	 76.206200
   90 	 56.751300 	 74.513533 	 76.206200
   91 	 56.751300 	 74.404998 	 76.206200
   92 	 56.751300 	 74.867082 	 76.206200
   93 	 53.895800 	 74.667722 	 76.206200
   94 	 53.895800 	 74.850729 	 76.306900
   95 	 51.020200 	 74.477902 	 76.306900
   96 	 50.504900 	 74.713167 	 76.206200
   97 	 50.504900 	 74.273001 	 76.206200
   98 	 50.503800 	 74.238207 	 76.306900
   99 	 50.504900 	 73.857620 	 76.306700
 