   0 	 0.793400 	 25.405397 	 69.995700
    1 	 1.590200 	 35.022470 	 69.288500
    2 	 10.572600 	 38.287147 	 75.108500
    3 	 9.322600 	 41.713354 	 76.308500
    4 	 10.702800 	 46.218443 	 76.308500
    5 	 8.456000 	 48.564927 	 73.940900
    6 	 21.784400 	 52.849340 	 75.264400
    7 	 16.120900 	 54.194774 	 75.264400
    8 	 21.648600 	 55.926276 	 75.264400
    9 	 22.865300 	 55.332801 	 75.264400
   10 	 31.491300 	 56.616495 	 75.264400
   11 	 26.794100 	 56.953351 	 75.021600
   12 	 23.202500 	 55.992689 	 73.664400
   13 	 22.675700 	 55.982193 	 75.456800
   14 	 22.675700 	 57.274242 	 76.826000
   15 	 33.098100 	 58.967787 	 76.826000
   16 	 21.134400 	 58.977604 	 75.456800
   17 	 21.134400 	 59.152405 	 75.456800
   18 	 14.944800 	 61.647891 	 76.821200
   19 	 26.785700 	 59.443681 	 77.024800
   20 	 23.699600 	 57.470745 	 77.024800
   21 	 15.220000 	 57.634261 	 76.115700
   22 	 12.106400 	 59.943084 	 76.115700
   23 	 23.724900 	 62.970339 	 77.523300
   24 	 23.724900 	 61.267302 	 77.024800
   25 	 25.968800 	 62.147276 	 77.024800
   26 	 27.914500 	 62.484054 	 77.024800
   27 	 19.498100 	 64.708919 	 77.024800
   28 	 37.597200 	 63.925684 	 77.024800
   29 	 29.787600 	 66.178678 	 77.024800
   30 	 38.899600 	 65.895970 	 77.024800
   31 	 38.372000 	 65.677771 	 77.024800
   32 	 38.372000 	 67.573590 	 77.828000
   33 	 32.295200 	 66.856691 	 77.828000
   34 	 38.372000 	 68.227255 	 77.828000
   35 	 38.372000 	 67.973545 	 77.828000
   36 	 44.634400 	 69.384623 	 77.828000
   37 	 36.674000 	 67.649102 	 77.828000
   38 	 45.834400 	 67.669611 	 77.828000
   39 	 46.970100 	 68.242672 	 77.828000
   40 	 43.946400 	 68.715026 	 77.828000
   41 	 43.594400 	 68.616251 	 77.828000
   42 	 22.688400 	 69.751758 	 77.623600
   43 	 43.844000 	 71.364464 	 77.828000
   44 	 40.042400 	 70.992758 	 77.828000
   45 	 43.844000 	 71.174739 	 77.828000
   46 	 46.176900 	 71.738536 	 77.828000
   47 	 46.176900 	 71.434752 	 77.828000
   48 	 46.176900 	 71.392698 	 77.828000
   49 	 46.176900 	 71.760702 	 77.828000
   50 	 37.040400 	 71.212293 	 77.828000
   51 	 45.559200 	 71.687876 	 77.828000
   52 	 45.543200 	 71.805220 	 77.828000
   53 	 48.242000 	 71.848002 	 77.828000
   54 	 47.200800 	 71.663039 	 77.828000
   55 	 50.324000 	 71.513956 	 77.828000
   56 	 52.730400 	 71.944410 	 77.828000
   57 	 52.004000 	 71.693348 	 77.828000
   58 	 50.020000 	 72.669244 	 77.828000
   59 	 46.272800 	 72.392921 	 77.828000
   60 	 37.408800 	 72.008781 	 77.828000
   61 	 52.733600 	 72.696205 	 77.828000
   62 	 52.733600 	 73.029040 	 77.828000
   63 	 52.324000 	 73.002352 	 77.828000
   64 	 47.088800 	 72.224576 	 77.828000
   65 	 52.324000 	 72.332235 	 77.828000
   66 	 52.733600 	 72.761158 	 77.828000
   67 	 53.332000 	 72.934779 	 77.015200
   68 	 50.970400 	 72.774338 	 77.828000
   69 	 50.516000 	 72.854622 	 77.015200
   70 	 48.644000 	 72.007245 	 77.828000
   71 	 62.432800 	 73.278318 	 77.828000
   72 	 60.864800 	 73.207685 	 77.828000
   73 	 60.864800 	 73.313984 	 77.828000
   74 	 49.266000 	 73.258500 	 77.828000
   75 	 55.095200 	 74.429360 	 78.234400
   76 	 65.597600 	 74.491624 	 77.828000
   77 	 52.509600 	 73.989536 	 77.828000
   78 	 49.824800 	 74.062828 	 77.828000
   79 	 49.824800 	 73.776989 	 78.234400
   80 	 52.244000 	 75.025785 	 78.234400
   81 	 49.066400 	 74.519389 	 78.234400
   82 	 49.412000 	 74.179166 	 78.234400
   83 	 52.224800 	 73.909184 	 77.828000
   84 	 52.224800 	 73.796635 	 77.828000
   85 	 51.005600 	 74.082667 	 77.828000
   86 	 57.661600 	 74.842456 	 77.828000
   87 	 57.661600 	 74.785809 	 77.828000
   88 	 56.573600 	 74.009235 	 77.828000
   89 	 40.682400 	 73.755238 	 77.828000
   90 	 51.005600 	 74.492317 	 78.234400
   91 	 51.005600 	 75.142897 	 78.234400
   92 	 42.384800 	 74.751373 	 78.234400
   93 	 50.803600 	 74.952365 	 78.234400
   94 	 64.516000 	 75.453950 	 78.234400
   95 	 58.922400 	 75.030369 	 78.234400
   96 	 58.922400 	 74.888700 	 78.234400
   97 	 58.141600 	 75.032468 	 77.828000
   98 	 40.702800 	 74.888845 	 77.929300
   99 	 51.952800 	 75.045362 	 77.828000
 