   0 	 0.249000 	 24.262846 	 57.581700
    1 	 3.203500 	 32.427140 	 60.594100
    2 	 3.203500 	 38.948804 	 70.012500
    3 	 14.813700 	 41.524962 	 70.012500
    4 	 10.759400 	 43.421228 	 69.233300
    5 	 13.230600 	 44.340195 	 69.233300
    6 	 18.130500 	 47.367295 	 70.012500
    7 	 10.340900 	 48.003771 	 72.404100
    8 	 20.076600 	 51.309880 	 72.404100
    9 	 19.046600 	 52.536845 	 72.591700
   10 	 17.688900 	 55.446663 	 74.511700
   11 	 12.645000 	 56.169263 	 74.511700
   12 	 22.218600 	 57.073394 	 74.511700
   13 	 26.572500 	 57.240479 	 72.982100
   14 	 33.806600 	 56.991541 	 72.982100
   15 	 34.039700 	 57.148663 	 72.982100
   16 	 22.764900 	 54.697642 	 76.918100
   17 	 36.281600 	 57.060636 	 75.702100
   18 	 30.316100 	 57.404359 	 75.702100
   19 	 30.642500 	 57.720614 	 73.985900
   20 	 29.996100 	 59.123783 	 74.902100
   21 	 35.019000 	 62.161721 	 75.724900
   22 	 38.333700 	 62.285547 	 74.118500
   23 	 36.696100 	 62.848905 	 75.702100
   24 	 35.109700 	 63.369120 	 76.115500
   25 	 34.578600 	 62.870212 	 75.702100
   26 	 38.569700 	 63.842246 	 74.617800
   27 	 30.115400 	 64.765816 	 73.635800
   28 	 37.643300 	 65.001249 	 73.635800
   29 	 36.881000 	 64.537681 	 75.525100
   30 	 39.053000 	 62.545500 	 75.525100
   31 	 31.632200 	 63.734944 	 74.040200
   32 	 37.448100 	 64.104013 	 74.429000
   33 	 37.739300 	 64.546105 	 76.214600
   34 	 37.654600 	 64.731740 	 73.509300
   35 	 44.915400 	 66.073073 	 76.112900
   36 	 46.168100 	 67.049375 	 75.525100
   37 	 42.451400 	 67.033592 	 75.525100
   38 	 43.282100 	 66.727599 	 76.112900
   39 	 43.282100 	 66.690517 	 76.112900
   40 	 43.282100 	 66.591600 	 76.112900
   41 	 43.994900 	 65.101453 	 75.932300
   42 	 44.153300 	 66.171691 	 75.932300
   43 	 30.517400 	 65.231399 	 76.522700
   44 	 30.209400 	 65.267408 	 76.136300
   45 	 38.680100 	 66.617743 	 75.932300
   46 	 47.357900 	 67.496168 	 76.421000
   47 	 46.965100 	 66.990185 	 75.932300
   48 	 33.651500 	 66.662183 	 75.932300
   49 	 28.885900 	 65.981149 	 75.932300
   50 	 45.193400 	 68.084321 	 75.258200
   51 	 42.878600 	 67.165268 	 75.425800
   52 	 42.878600 	 67.953511 	 75.425800
   53 	 45.589400 	 67.441662 	 74.611400
   54 	 45.561400 	 67.483579 	 74.322700
   55 	 45.561400 	 67.430466 	 74.322700
   56 	 48.477100 	 68.046379 	 74.322700
   57 	 46.961900 	 67.217368 	 74.622200
   58 	 42.796500 	 65.566899 	 75.510100
   59 	 36.554700 	 66.272267 	 75.510100
   60 	 48.510200 	 67.288726 	 75.510100
   61 	 48.392300 	 66.864168 	 75.510100
   62 	 36.937000 	 68.380689 	 75.510100
   63 	 46.615400 	 68.050754 	 75.510100
   64 	 46.615400 	 67.670545 	 75.510100
   65 	 46.615400 	 67.821111 	 75.510100
   66 	 46.967400 	 68.562352 	 75.510100
   67 	 43.260500 	 68.908956 	 74.726100
   68 	 52.490600 	 69.265820 	 74.825000
   69 	 52.588100 	 69.448731 	 74.825000
   70 	 47.685700 	 70.026817 	 75.321900
   71 	 58.797800 	 69.840406 	 75.258600
   72 	 51.494100 	 69.564526 	 74.209000
   73 	 58.797800 	 69.902855 	 74.409800
   74 	 50.009300 	 69.135858 	 74.767700
   75 	 57.201000 	 69.867394 	 74.726100
   76 	 57.314600 	 70.321793 	 75.411400
   77 	 57.314600 	 70.277885 	 76.224200
   78 	 57.314600 	 70.403610 	 75.417800
   79 	 58.241000 	 70.584926 	 76.230600
   80 	 51.066600 	 70.472216 	 76.230600
   81 	 58.241000 	 70.874380 	 76.230600
   82 	 49.935700 	 70.862566 	 76.230600
   83 	 50.395400 	 71.001457 	 77.220200
   84 	 46.423700 	 70.751177 	 76.224200
   85 	 50.594900 	 70.761049 	 76.230600
   86 	 50.594900 	 71.341452 	 76.230600
   87 	 57.861000 	 71.445683 	 76.230600
   88 	 57.861000 	 71.314193 	 77.827400
   89 	 57.861000 	 71.751956 	 77.827400
   90 	 47.487700 	 71.666443 	 77.827400
   91 	 53.549000 	 71.892083 	 77.827400
   92 	 53.549000 	 71.986696 	 77.625000
   93 	 52.769800 	 71.738761 	 77.827400
   94 	 52.769800 	 71.573824 	 77.827400
   95 	 47.389000 	 71.385079 	 77.827400
   96 	 46.565000 	 72.227661 	 77.827400
   97 	 53.549000 	 73.322881 	 77.929300
   98 	 53.549000 	 73.175280 	 77.827400
   99 	 53.943400 	 73.006939 	 77.827400
 