   0 	 0.017763 	 0.068194 	 1.864976
    1 	 0.017763 	 0.361341 	 1.913143
    2 	 0.027131 	 1.353288 	 13.192612
    3 	 0.130490 	 3.210524 	 16.638935
    4 	 1.560062 	 8.074948 	 25.906736
    5 	 1.203369 	 12.475699 	 25.906736
    6 	 0.038792 	 15.305816 	 90.909091
    7 	 0.145558 	 18.649134 	 94.339623
    8 	 0.147124 	 28.872945 	 94.339623
    9 	 0.042507 	 56.968184 	 99.009901
   10 	 0.038431 	 74.693936 	 99.009901
   11 	 0.142331 	 86.688306 	 99.009901
   12 	 32.362460 	 89.121801 	 99.009901
   13 	 1.869508 	 87.902870 	 99.009901
   14 	 0.142359 	 90.873080 	 99.009901
   15 	 2.245677 	 92.904162 	 99.009901
   16 	 0.038890 	 93.479778 	 116.279070
   17 	 5.878895 	 94.628530 	 116.279070
   18 	 7.241130 	 95.990751 	 117.647059
   19 	 86.956522 	 96.647004 	 117.647059
   20 	 54.945055 	 96.617809 	 117.647059
   21 	 0.038890 	 96.923323 	 117.647059
   22 	 2.063558 	 98.735609 	 117.647059
   23 	 24.630542 	 101.690282 	 117.647059
   24 	 2.188663 	 100.800161 	 117.647059
   25 	 0.038135 	 100.542961 	 117.647059
   26 	 15.503876 	 101.466481 	 121.951220
   27 	 0.152390 	 101.281709 	 117.647059
   28 	 0.038435 	 103.641253 	 117.647059
   29 	 0.149993 	 103.480885 	 117.647059
   30 	 0.039520 	 105.151048 	 117.647059
   31 	 0.152390 	 107.652367 	 117.647059
   32 	 0.039524 	 107.111926 	 117.647059
   33 	 0.039521 	 108.872897 	 117.647059
   34 	 0.152390 	 109.437079 	 117.647059
   35 	 0.038435 	 108.328716 	 117.647059
   36 	 86.956522 	 111.339513 	 117.647059
   37 	 2.391772 	 108.895220 	 117.647059
   38 	 8.517888 	 108.844727 	 117.647059
   39 	 0.038737 	 108.630932 	 119.047619
   40 	 0.038435 	 108.796277 	 117.647059
   41 	 2.391772 	 110.440720 	 117.647059
   42 	 1.874766 	 131.336755 	 2000.000000
   43 	 0.038435 	 467.497498 	 2000.000000
   44 	 30.769231 	 1623.561585 	 2000.000000
   45 	 0.150227 	 1894.901982 	 2000.000000
   46 	 0.038146 	 1943.335217 	 2000.000000
   47 	 0.038146 	 1861.673800 	 2000.000000
   48 	 0.038296 	 1911.789392 	 2500.000000
   49 	 2.295157 	 1962.800729 	 2500.000000
   50 	 2.438430 	 1971.691051 	 2500.000000
   51 	 0.038146 	 1958.339632 	 2500.000000
   52 	 2.364625 	 1976.690313 	 2000.000000
   53 	 0.150229 	 1957.051311 	 2000.000000
   54 	 0.610165 	 2030.030486 	 10000.000000
   55 	 0.038447 	 2101.473306 	 10000.000000
   56 	 0.591716 	 2506.217097 	 10000.000000
   57 	 9.149131 	 4281.081590 	 10000.000000
   58 	 0.610314 	 7391.424907 	 10000.000000
   59 	 38.910506 	 8924.389105 	 10000.000000
   60 	 0.038296 	 inf 	 inf
   61 	 0.038147 	 inf 	 inf
   62 	 0.152588 	 inf 	 inf
   63 	 0.038147 	 inf 	 inf
   64 	 0.152588 	 inf 	 inf
   65 	 0.038147 	 inf 	 inf
   66 	 0.152588 	 inf 	 inf
   67 	 0.152588 	 inf 	 inf
   68 	 0.610352 	 inf 	 inf
   69 	 156.250000 	 inf 	 inf
   70 	 0.152588 	 inf 	 inf
   71 	 inf 	 inf 	 inf
   72 	 0.038147 	 inf 	 inf
   73 	 0.610352 	 inf 	 inf
   74 	 0.610352 	 inf 	 inf
   75 	 2.441406 	 inf 	 inf
   76 	 39.062500 	 inf 	 inf
   77 	 0.152588 	 inf 	 inf
   78 	 2.441406 	 inf 	 inf
   79 	 0.038147 	 inf 	 inf
   80 	 0.152588 	 inf 	 inf
   81 	 0.038147 	 inf 	 inf
   82 	 0.152588 	 inf 	 inf
   83 	 0.038147 	 inf 	 inf
   84 	 0.038147 	 inf 	 inf
   85 	 0.038147 	 inf 	 inf
   86 	 156.250000 	 inf 	 inf
   87 	 10000.000000 	 inf 	 inf
   88 	 0.038147 	 inf 	 inf
   89 	 0.610352 	 inf 	 inf
   90 	 0.038147 	 inf 	 inf
   91 	 9.765625 	 inf 	 inf
   92 	 0.152588 	 inf 	 inf
   93 	 2.441406 	 inf 	 inf
   94 	 39.062500 	 inf 	 inf
   95 	 0.610352 	 inf 	 inf
   96 	 0.152588 	 inf 	 inf
   97 	 inf 	 inf 	 inf
   98 	 2.441406 	 inf 	 inf
   99 	 0.038147 	 inf 	 inf
 