   0 	 5.212900 	 28.512828 	 67.028100
    1 	 4.470100 	 33.614161 	 67.028100
    2 	 5.218400 	 41.040348 	 73.311300
    3 	 11.939000 	 46.602016 	 74.430600
    4 	 11.018200 	 50.953166 	 71.156600
    5 	 15.449300 	 52.459456 	 73.311300
    6 	 15.449300 	 56.483072 	 73.705700
    7 	 11.404500 	 57.655407 	 74.924100
    8 	 29.074600 	 61.571211 	 75.349100
    9 	 25.422200 	 61.341193 	 75.621800
   10 	 25.341700 	 61.712979 	 76.532900
   11 	 37.683000 	 62.708340 	 75.219600
   12 	 27.728100 	 63.264851 	 76.115300
   13 	 28.195400 	 63.594971 	 75.219600
   14 	 23.910200 	 65.814027 	 76.216200
   15 	 35.085300 	 65.632892 	 76.628000
   16 	 42.216500 	 66.749335 	 76.628000
   17 	 35.230900 	 67.613617 	 76.832400
   18 	 47.022900 	 67.561572 	 76.928100
   19 	 46.236900 	 67.148756 	 76.928100
   20 	 45.740100 	 68.092779 	 76.928100
   21 	 45.488900 	 67.525800 	 76.928100
   22 	 42.504900 	 68.100088 	 76.928100
   23 	 42.504900 	 67.934511 	 76.523300
   24 	 36.393800 	 69.563734 	 76.723700
   25 	 49.754500 	 70.373183 	 76.532900
   26 	 43.066400 	 70.373741 	 76.931300
   27 	 50.180900 	 70.444063 	 76.532900
   28 	 45.470600 	 68.869223 	 76.125700
   29 	 44.616400 	 69.741030 	 76.520900
   30 	 44.616400 	 68.354776 	 76.928100
   31 	 37.234600 	 69.063882 	 78.133700
   32 	 36.622600 	 69.380852 	 76.928100
   33 	 36.622600 	 69.286212 	 76.621800
   34 	 36.622600 	 70.406963 	 76.928100
   35 	 43.956500 	 69.291551 	 76.928100
   36 	 43.956500 	 69.009898 	 76.532900
   37 	 42.837000 	 68.863533 	 75.928500
   38 	 43.956500 	 67.788566 	 75.717700
   39 	 41.927200 	 67.505498 	 75.121700
   40 	 41.927200 	 68.041837 	 75.216200
   41 	 41.412400 	 69.528467 	 76.322900
   42 	 41.412400 	 69.338577 	 75.320900
   43 	 41.405600 	 69.567558 	 75.216200
   44 	 47.962900 	 69.774658 	 75.216200
   45 	 48.742100 	 69.933768 	 74.919500
   46 	 57.709700 	 69.933237 	 74.919500
   47 	 52.174100 	 70.007004 	 74.919500
   48 	 49.140200 	 69.874439 	 74.919500
   49 	 48.745800 	 69.949142 	 75.216200
   50 	 48.528200 	 69.448985 	 74.919500
   51 	 48.353100 	 69.981076 	 74.627400
   52 	 48.353100 	 70.095652 	 74.715500
   53 	 51.445100 	 70.082175 	 74.908100
   54 	 45.976600 	 69.407910 	 73.806600
   55 	 45.733400 	 69.301426 	 73.409000
   56 	 42.221700 	 67.718395 	 74.318100
   57 	 42.221700 	 67.750237 	 73.507700
   58 	 50.731400 	 67.535992 	 73.408600
   59 	 46.234900 	 67.226427 	 73.409000
   60 	 46.234900 	 67.386204 	 73.408600
   61 	 46.234900 	 67.849992 	 74.413400
   62 	 46.071700 	 68.556997 	 74.413400
   63 	 53.861400 	 70.224223 	 74.611400
   64 	 50.678200 	 70.204115 	 74.611400
   65 	 53.638700 	 70.079447 	 73.608600
   66 	 53.547400 	 70.387786 	 73.409000
   67 	 47.966600 	 69.454510 	 73.313100
   68 	 36.905300 	 69.829001 	 73.251000
   69 	 48.909400 	 69.827187 	 74.030200
   70 	 48.909400 	 69.644513 	 74.719700
   71 	 44.881100 	 69.503290 	 73.643800
   72 	 55.992600 	 70.208399 	 73.643800
   73 	 47.659400 	 70.104697 	 74.817400
   74 	 48.596600 	 70.327910 	 74.817400
   75 	 56.145400 	 70.474890 	 74.817400
   76 	 56.145400 	 70.296811 	 74.522500
   77 	 48.394100 	 70.157513 	 74.916100
   78 	 48.394100 	 69.828850 	 74.726900
   79 	 47.919000 	 70.012341 	 74.817400
   80 	 48.935400 	 69.666621 	 74.525100
   81 	 48.321000 	 69.356085 	 74.234600
   82 	 48.438600 	 69.587539 	 74.817400
   83 	 54.242600 	 69.361933 	 74.817400
   84 	 51.368600 	 69.039492 	 74.137100
   85 	 51.368600 	 68.729247 	 74.525100
   86 	 42.372500 	 69.155699 	 75.018600
   87 	 45.699000 	 69.375041 	 75.018600
   88 	 53.940600 	 70.437054 	 75.018600
   89 	 47.764900 	 70.279128 	 75.018600
   90 	 51.935000 	 70.615664 	 75.018600
   91 	 50.863400 	 70.795568 	 75.018600
   92 	 49.273800 	 71.049457 	 75.018600
   93 	 49.273800 	 71.081888 	 75.117300
   94 	 50.049800 	 71.087324 	 75.018600
   95 	 48.440200 	 71.303833 	 76.019800
   96 	 56.081400 	 71.479347 	 75.414600
   97 	 50.976600 	 71.309803 	 75.018600
   98 	 48.440200 	 71.005104 	 74.919500
   99 	 48.557800 	 71.546606 	 75.644600
 