   0 	 3.698900 	 25.633758 	 63.836900
    1 	 6.498000 	 31.031224 	 66.496400
    2 	 8.643600 	 37.475633 	 70.921400
    3 	 11.008500 	 42.229803 	 72.756900
    4 	 16.066700 	 45.106652 	 73.928500
    5 	 17.829200 	 47.882501 	 72.655400
    6 	 19.414500 	 47.229172 	 71.238500
    7 	 12.348300 	 49.660030 	 77.216200
    8 	 10.758900 	 53.840822 	 77.521300
    9 	 32.717400 	 55.760772 	 77.928500
   10 	 24.275400 	 55.340645 	 77.928500
   11 	 27.403300 	 56.069129 	 77.928500
   12 	 27.212300 	 58.536235 	 77.114900
   13 	 25.660600 	 58.500092 	 76.109300
   14 	 26.802100 	 61.314279 	 76.109300
   15 	 26.802100 	 62.028476 	 75.505700
   16 	 38.342600 	 63.544622 	 76.112900
   17 	 37.554600 	 65.574945 	 76.520100
   18 	 37.554600 	 66.606012 	 76.520100
   19 	 34.698100 	 66.176251 	 76.520100
   20 	 44.388900 	 68.463562 	 76.616000
   21 	 46.462500 	 68.679926 	 76.616000
   22 	 46.791300 	 68.118472 	 76.520100
   23 	 46.791300 	 69.001684 	 76.821200
   24 	 54.126500 	 69.686953 	 77.623400
   25 	 44.248100 	 68.870552 	 77.421000
   26 	 44.248100 	 67.904196 	 77.421000
   27 	 40.004100 	 67.014908 	 77.320100
   28 	 30.482600 	 66.103218 	 77.421000
   29 	 40.004100 	 66.696416 	 77.623400
   30 	 39.878600 	 68.797604 	 77.623400
   31 	 24.041800 	 69.825976 	 77.623400
   32 	 45.753000 	 69.258330 	 77.623400
   33 	 48.275400 	 70.111740 	 77.623400
   34 	 57.824100 	 70.890469 	 77.623400
   35 	 54.518600 	 70.435957 	 77.725700
   36 	 54.518600 	 70.584431 	 77.421000
   37 	 55.866100 	 71.363428 	 77.421000
   38 	 55.866100 	 71.179747 	 77.421000
   39 	 46.706900 	 71.627345 	 77.421000
   40 	 47.827400 	 71.395365 	 77.623400
   41 	 46.550600 	 71.396963 	 76.609800
   42 	 47.571300 	 71.179188 	 77.725700
   43 	 24.736100 	 72.316413 	 76.710500
   44 	 55.830500 	 72.434950 	 76.614600
   45 	 48.809600 	 72.341206 	 76.418600
   46 	 60.759300 	 72.374179 	 76.710900
   47 	 58.851600 	 72.252874 	 77.320100
   48 	 50.342600 	 72.266594 	 76.508100
   49 	 50.056100 	 72.203702 	 76.508100
   50 	 50.157000 	 72.193285 	 76.508100
   51 	 51.000900 	 72.558239 	 76.317300
   52 	 56.714600 	 72.579718 	 77.218600
   53 	 53.309800 	 72.217481 	 77.218600
   54 	 48.008200 	 71.990393 	 76.520900
   55 	 47.208200 	 72.193612 	 77.118500
   56 	 47.208200 	 71.626724 	 76.609600
   57 	 47.208200 	 72.028183 	 77.218600
   58 	 40.313900 	 72.296884 	 77.218600
   59 	 40.233100 	 71.808859 	 77.218600
   60 	 40.133800 	 71.282674 	 77.117300
   61 	 40.133800 	 71.522035 	 76.812200
   62 	 40.273400 	 72.292366 	 76.811600
   63 	 53.541800 	 72.934330 	 76.609600
   64 	 50.419500 	 73.313255 	 76.710500
   65 	 54.144200 	 73.756066 	 77.016200
   66 	 54.144200 	 73.859283 	 77.319500
   67 	 56.104200 	 74.152875 	 77.319500
   68 	 49.737300 	 74.171447 	 77.319500
   69 	 56.904200 	 74.461042 	 77.016200
   70 	 54.763700 	 73.889449 	 76.811400
   71 	 50.258100 	 72.875569 	 76.912900
   72 	 56.967400 	 73.801123 	 76.912900
   73 	 51.041300 	 73.370407 	 76.011600
   74 	 56.165800 	 73.380005 	 76.011600
   75 	 49.513300 	 73.377933 	 76.011600
   76 	 68.665600 	 73.696265 	 75.708100
   77 	 68.850100 	 73.831875 	 75.808800
   78 	 49.740500 	 73.457728 	 76.507700
   79 	 49.633600 	 72.898119 	 76.507700
   80 	 49.633600 	 73.273937 	 76.507700
   81 	 54.632100 	 73.349736 	 76.507700
   82 	 50.960400 	 73.203818 	 76.507700
   83 	 52.321600 	 73.301545 	 76.912900
   84 	 43.620100 	 72.565501 	 76.912900
   85 	 55.468900 	 73.029194 	 76.507700
   86 	 55.468900 	 72.677485 	 76.507700
   87 	 51.058100 	 72.129538 	 76.305700
   88 	 41.598800 	 72.067470 	 75.707700
   89 	 41.598800 	 71.812229 	 75.707700
   90 	 41.598800 	 71.902356 	 76.912500
   91 	 41.598800 	 72.479625 	 76.914100
   92 	 41.598800 	 72.360823 	 76.710100
   93 	 54.144200 	 71.832186 	 76.914100
   94 	 48.714600 	 72.274938 	 76.914100
   95 	 48.714600 	 72.285948 	 76.914100
   96 	 48.714600 	 72.804845 	 76.914100
   97 	 50.253600 	 72.550777 	 76.507700
   98 	 50.253600 	 72.980699 	 75.809000
   99 	 50.258100 	 73.009799 	 75.809000
 