   0 	 1.940000 	 25.278955 	 66.409300
    1 	 2.797200 	 32.122416 	 66.409300
    2 	 12.278900 	 38.050566 	 66.409300
    3 	 12.482900 	 41.587639 	 65.601200
    4 	 12.121700 	 45.644543 	 69.419300
    5 	 28.260000 	 51.256539 	 69.419300
    6 	 20.686100 	 51.580696 	 74.830000
    7 	 25.004000 	 53.400735 	 73.328600
    8 	 22.407600 	 53.136720 	 73.328600
    9 	 17.872500 	 55.411975 	 73.328600
   10 	 17.929400 	 56.925136 	 77.016800
   11 	 8.924600 	 56.573855 	 73.053600
   12 	 25.370000 	 56.848721 	 71.618400
   13 	 30.866900 	 57.036338 	 71.215200
   14 	 25.885600 	 56.970732 	 72.129200
   15 	 25.885600 	 58.511603 	 72.129200
   16 	 37.897700 	 60.277833 	 74.439600
   17 	 20.812500 	 60.213065 	 76.007600
   18 	 29.215700 	 60.811939 	 76.007600
   19 	 15.792500 	 62.800495 	 74.439600
   20 	 25.299700 	 61.275433 	 75.021600
   21 	 32.032800 	 59.651018 	 74.439600
   22 	 32.032800 	 58.608041 	 74.439600
   23 	 32.032800 	 56.663852 	 74.439600
   24 	 32.222000 	 58.758872 	 74.439600
   25 	 24.298900 	 59.104392 	 75.021600
   26 	 24.298900 	 56.966028 	 76.613600
   27 	 20.596400 	 56.714459 	 76.414000
   28 	 22.950500 	 57.984494 	 76.007600
   29 	 34.677600 	 63.027135 	 76.007600
   30 	 42.017700 	 63.569502 	 76.810800
   31 	 43.685600 	 62.918182 	 76.814000
   32 	 35.709600 	 62.093597 	 76.010800
   33 	 36.974500 	 64.242183 	 76.410800
   34 	 40.196000 	 65.103539 	 76.613600
   35 	 41.916500 	 65.265881 	 77.015200
   36 	 25.404000 	 65.241772 	 77.015200
   37 	 34.853600 	 66.175127 	 77.015200
   38 	 34.853600 	 65.273614 	 77.015200
   39 	 34.853600 	 65.482871 	 77.015200
   40 	 30.004400 	 64.304110 	 76.612000
   41 	 43.348000 	 65.710609 	 76.612000
   42 	 37.471200 	 64.374543 	 76.205600
   43 	 30.735200 	 65.007251 	 75.805600
   44 	 30.735200 	 65.792172 	 76.212000
   45 	 30.735200 	 66.489401 	 75.805600
   46 	 39.575600 	 66.872330 	 75.413600
   47 	 48.103200 	 67.743331 	 76.207200
   48 	 35.248800 	 66.725950 	 76.207200
   49 	 31.354400 	 67.350568 	 76.608800
   50 	 45.007200 	 66.820527 	 76.613600
   51 	 34.565600 	 66.237528 	 76.613600
   52 	 34.565600 	 65.667822 	 76.613600
   53 	 42.412000 	 67.403101 	 76.613600
   54 	 33.080800 	 68.075456 	 76.210400
   55 	 33.080800 	 68.372917 	 76.210400
   56 	 33.080800 	 69.038680 	 77.013600
   57 	 40.284000 	 69.627440 	 76.210400
   58 	 49.013600 	 70.896448 	 77.013600
   59 	 56.319200 	 70.633740 	 76.007600
   60 	 57.042400 	 70.224461 	 76.210400
   61 	 49.301600 	 69.862658 	 76.210400
   62 	 50.444000 	 69.483783 	 75.604400
   63 	 50.482400 	 70.052399 	 76.414000
   64 	 58.373600 	 71.118321 	 76.210400
   65 	 59.941600 	 71.515460 	 76.210400
   66 	 55.602400 	 72.312112 	 76.414000
   67 	 50.444000 	 72.119308 	 76.414000
   68 	 47.074400 	 72.278848 	 76.210400
   69 	 50.482400 	 72.569388 	 75.404000
   70 	 62.708400 	 72.928884 	 75.805600
   71 	 43.890400 	 72.220685 	 75.805600
   72 	 46.855600 	 72.465189 	 75.805600
   73 	 46.855600 	 72.283348 	 75.805600
   74 	 54.034400 	 72.721796 	 75.404000
   75 	 54.670000 	 72.571560 	 75.604400
   76 	 50.423600 	 71.817952 	 75.604400
   77 	 50.423600 	 72.075464 	 76.004400
   78 	 50.423600 	 72.005053 	 76.210400
   79 	 48.914400 	 71.279982 	 75.604400
   80 	 47.320800 	 71.895274 	 75.807200
   81 	 49.233200 	 71.701519 	 75.804000
   82 	 49.290800 	 71.897815 	 75.804000
   83 	 44.492000 	 71.496068 	 75.804000
   84 	 44.492000 	 70.596334 	 76.006800
   85 	 44.492000 	 71.351662 	 76.610400
   86 	 49.058400 	 72.259282 	 75.807200
   87 	 55.511600 	 72.659590 	 75.807200
   88 	 43.639600 	 72.357214 	 75.807200
   89 	 49.745200 	 72.351766 	 76.408400
   90 	 49.745200 	 72.729948 	 76.408400
   91 	 49.745200 	 72.421845 	 76.408400
   92 	 48.177200 	 72.484487 	 75.805600
   93 	 48.036400 	 72.695494 	 75.805600
   94 	 49.313200 	 72.627152 	 75.805600
   95 	 65.076400 	 72.538602 	 75.606800
   96 	 53.943600 	 72.126008 	 75.606800
   97 	 51.749600 	 71.729778 	 75.805600
   98 	 56.455600 	 72.018451 	 75.604400
   99 	 62.914400 	 72.107458 	 76.205600
 