   0 	 -15.000000 	 -0.110000 	 11.000000
    1 	 -2.000000 	 2.110000 	 6.000000
    2 	 -3.000000 	 2.440000 	 6.000000
    3 	 -2.000000 	 3.060000 	 10.000000
    4 	 -1.000000 	 3.610000 	 10.000000
    5 	 -1.000000 	 4.420000 	 10.000000
    6 	 -5.000000 	 5.820000 	 12.000000
    7 	 1.000000 	 7.310000 	 14.000000
    8 	 -1.000000 	 8.270000 	 14.000000
    9 	 2.000000 	 9.710000 	 16.000000
   10 	 2.000000 	 10.480000 	 16.000000
   11 	 2.000000 	 10.830000 	 17.000000
   12 	 5.000000 	 11.870000 	 16.000000
   13 	 4.000000 	 12.640000 	 17.000000
   14 	 8.000000 	 12.800000 	 17.000000
   15 	 6.000000 	 13.050000 	 18.000000
   16 	 5.000000 	 13.060000 	 20.000000
   17 	 2.000000 	 13.520000 	 19.000000
   18 	 7.000000 	 13.800000 	 18.000000
   19 	 5.000000 	 13.790000 	 20.000000
   20 	 5.000000 	 13.790000 	 20.000000
   21 	 1.000000 	 13.490000 	 20.000000
   22 	 9.000000 	 14.400000 	 20.000000
   23 	 8.000000 	 14.500000 	 19.000000
   24 	 8.000000 	 14.520000 	 22.000000
   25 	 5.000000 	 14.690000 	 22.000000
   26 	 6.000000 	 14.690000 	 19.000000
   27 	 8.000000 	 15.020000 	 19.000000
   28 	 6.000000 	 15.160000 	 20.000000
   29 	 6.000000 	 15.170000 	 21.000000
   30 	 7.000000 	 15.850000 	 21.000000
   31 	 8.000000 	 16.440000 	 21.000000
   32 	 7.000000 	 16.850000 	 21.000000
   33 	 10.000000 	 16.970000 	 21.000000
   34 	 10.000000 	 17.300000 	 21.000000
   35 	 9.000000 	 17.120000 	 22.000000
   36 	 9.000000 	 16.600000 	 21.000000
   37 	 8.000000 	 16.950000 	 21.000000
   38 	 10.000000 	 16.950000 	 22.000000
   39 	 8.000000 	 16.970000 	 22.000000
   40 	 7.000000 	 17.190000 	 23.000000
   41 	 6.000000 	 16.730000 	 22.000000
   42 	 8.000000 	 16.590000 	 22.000000
   43 	 10.000000 	 16.950000 	 21.000000
   44 	 8.000000 	 17.300000 	 22.000000
   45 	 11.000000 	 17.230000 	 23.000000
   46 	 12.000000 	 17.550000 	 23.000000
   47 	 12.000000 	 17.560000 	 23.000000
   48 	 9.000000 	 17.100000 	 22.000000
   49 	 7.000000 	 17.100000 	 23.000000
   50 	 9.000000 	 16.910000 	 21.000000
   51 	 8.000000 	 17.060000 	 21.000000
   52 	 5.000000 	 17.020000 	 22.000000
   53 	 10.000000 	 16.780000 	 21.000000
   54 	 3.000000 	 16.990000 	 22.000000
   55 	 9.000000 	 16.850000 	 21.000000
   56 	 6.000000 	 17.020000 	 21.000000
   57 	 8.000000 	 16.920000 	 21.000000
   58 	 6.000000 	 17.090000 	 21.000000
   59 	 6.000000 	 17.400000 	 22.000000
   60 	 9.000000 	 17.120000 	 22.000000
   61 	 8.000000 	 17.490000 	 22.000000
   62 	 9.000000 	 17.430000 	 21.000000
   63 	 7.000000 	 17.540000 	 22.000000
   64 	 10.000000 	 17.710000 	 21.000000
   65 	 13.000000 	 17.820000 	 22.000000
   66 	 10.000000 	 17.460000 	 22.000000
   67 	 5.000000 	 17.710000 	 22.000000
   68 	 4.000000 	 17.390000 	 23.000000
   69 	 11.000000 	 17.950000 	 22.000000
   70 	 10.000000 	 17.740000 	 22.000000
   71 	 8.000000 	 17.680000 	 22.000000
   72 	 9.000000 	 17.620000 	 22.000000
   73 	 9.000000 	 17.580000 	 22.000000
   74 	 2.000000 	 17.330000 	 22.000000
   75 	 8.000000 	 17.460000 	 22.000000
   76 	 9.000000 	 17.130000 	 22.000000
   77 	 9.000000 	 17.350000 	 22.000000
   78 	 10.000000 	 17.230000 	 22.000000
   79 	 8.000000 	 16.820000 	 22.000000
   80 	 4.000000 	 17.230000 	 23.000000
   81 	 9.000000 	 17.090000 	 22.000000
   82 	 6.000000 	 17.350000 	 23.000000
   83 	 7.000000 	 17.540000 	 22.000000
   84 	 6.000000 	 17.130000 	 22.000000
   85 	 9.000000 	 17.360000 	 21.000000
   86 	 10.000000 	 17.360000 	 21.000000
   87 	 7.000000 	 17.340000 	 22.000000
   88 	 10.000000 	 17.110000 	 22.000000
   89 	 7.000000 	 17.270000 	 22.000000
   90 	 10.000000 	 17.060000 	 22.000000
   91 	 10.000000 	 16.960000 	 22.000000
   92 	 9.000000 	 16.970000 	 23.000000
   93 	 9.000000 	 17.130000 	 22.000000
   94 	 10.000000 	 17.450000 	 22.000000
   95 	 5.000000 	 17.410000 	 22.000000
   96 	 6.000000 	 17.100000 	 22.000000
   97 	 5.000000 	 17.510000 	 22.000000
   98 	 9.000000 	 17.100000 	 22.000000
   99 	 10.000000 	 17.240000 	 23.000000
 