   0 	 -18.000000 	 0.000000 	 19.000000
    1 	 -4.000000 	 -0.060000 	 4.000000
    2 	 -4.000000 	 -0.120000 	 4.000000
    3 	 -4.000000 	 0.050000 	 4.000000
    4 	 -3.000000 	 3.140000 	 7.000000
    5 	 -1.000000 	 4.170000 	 10.000000
    6 	 0.000000 	 4.810000 	 10.000000
    7 	 0.000000 	 5.850000 	 14.000000
    8 	 0.000000 	 7.100000 	 14.000000
    9 	 2.000000 	 7.790000 	 14.000000
   10 	 -5.000000 	 8.980000 	 15.000000
   11 	 1.000000 	 9.560000 	 16.000000
   12 	 3.000000 	 10.080000 	 17.000000
   13 	 4.000000 	 10.570000 	 17.000000
   14 	 5.000000 	 11.670000 	 18.000000
   15 	 2.000000 	 12.210000 	 18.000000
   16 	 4.000000 	 12.060000 	 18.000000
   17 	 6.000000 	 12.570000 	 18.000000
   18 	 5.000000 	 12.990000 	 19.000000
   19 	 4.000000 	 13.320000 	 19.000000
   20 	 6.000000 	 13.970000 	 20.000000
   21 	 9.000000 	 14.550000 	 20.000000
   22 	 7.000000 	 14.620000 	 19.000000
   23 	 7.000000 	 14.420000 	 19.000000
   24 	 7.000000 	 14.450000 	 21.000000
   25 	 8.000000 	 14.980000 	 20.000000
   26 	 9.000000 	 14.870000 	 20.000000
   27 	 6.000000 	 14.940000 	 21.000000
   28 	 5.000000 	 14.590000 	 21.000000
   29 	 2.000000 	 14.940000 	 21.000000
   30 	 5.000000 	 15.450000 	 21.000000
   31 	 6.000000 	 16.030000 	 22.000000
   32 	 11.000000 	 16.480000 	 22.000000
   33 	 9.000000 	 16.550000 	 22.000000
   34 	 10.000000 	 16.940000 	 21.000000
   35 	 10.000000 	 16.830000 	 22.000000
   36 	 8.000000 	 16.540000 	 21.000000
   37 	 9.000000 	 16.450000 	 21.000000
   38 	 10.000000 	 16.180000 	 21.000000
   39 	 11.000000 	 17.090000 	 21.000000
   40 	 9.000000 	 17.330000 	 23.000000
   41 	 11.000000 	 17.840000 	 23.000000
   42 	 12.000000 	 17.890000 	 23.000000
   43 	 12.000000 	 18.150000 	 23.000000
   44 	 11.000000 	 18.140000 	 23.000000
   45 	 10.000000 	 17.850000 	 24.000000
   46 	 12.000000 	 17.820000 	 22.000000
   47 	 9.000000 	 17.850000 	 24.000000
   48 	 6.000000 	 17.970000 	 24.000000
   49 	 6.000000 	 17.880000 	 23.000000
   50 	 6.000000 	 18.000000 	 23.000000
   51 	 7.000000 	 18.330000 	 24.000000
   52 	 10.000000 	 18.430000 	 24.000000
   53 	 10.000000 	 18.180000 	 23.000000
   54 	 10.000000 	 18.090000 	 23.000000
   55 	 10.000000 	 18.260000 	 22.000000
   56 	 10.000000 	 17.880000 	 23.000000
   57 	 11.000000 	 18.010000 	 23.000000
   58 	 11.000000 	 18.120000 	 22.000000
   59 	 9.000000 	 18.450000 	 23.000000
   60 	 8.000000 	 18.080000 	 23.000000
   61 	 10.000000 	 18.030000 	 22.000000
   62 	 10.000000 	 18.410000 	 22.000000
   63 	 11.000000 	 18.100000 	 22.000000
   64 	 11.000000 	 17.800000 	 23.000000
   65 	 8.000000 	 17.290000 	 23.000000
   66 	 9.000000 	 17.620000 	 23.000000
   67 	 9.000000 	 17.870000 	 23.000000
   68 	 10.000000 	 18.000000 	 23.000000
   69 	 11.000000 	 18.290000 	 23.000000
   70 	 8.000000 	 18.270000 	 23.000000
   71 	 11.000000 	 18.410000 	 23.000000
   72 	 10.000000 	 18.470000 	 23.000000
   73 	 8.000000 	 18.400000 	 23.000000
   74 	 11.000000 	 18.310000 	 23.000000
   75 	 8.000000 	 18.250000 	 22.000000
   76 	 9.000000 	 18.240000 	 23.000000
   77 	 9.000000 	 17.850000 	 23.000000
   78 	 7.000000 	 17.780000 	 23.000000
   79 	 10.000000 	 17.830000 	 24.000000
   80 	 9.000000 	 17.300000 	 23.000000
   81 	 7.000000 	 17.070000 	 23.000000
   82 	 7.000000 	 17.390000 	 23.000000
   83 	 6.000000 	 17.280000 	 24.000000
   84 	 4.000000 	 17.270000 	 24.000000
   85 	 8.000000 	 17.700000 	 23.000000
   86 	 12.000000 	 18.340000 	 24.000000
   87 	 11.000000 	 18.880000 	 23.000000
   88 	 11.000000 	 18.680000 	 23.000000
   89 	 12.000000 	 18.550000 	 24.000000
   90 	 10.000000 	 18.340000 	 24.000000
   91 	 10.000000 	 18.460000 	 24.000000
   92 	 12.000000 	 18.510000 	 23.000000
   93 	 10.000000 	 18.420000 	 23.000000
   94 	 9.000000 	 18.440000 	 22.000000
   95 	 8.000000 	 18.280000 	 22.000000
   96 	 7.000000 	 18.390000 	 23.000000
   97 	 13.000000 	 18.830000 	 24.000000
   98 	 11.000000 	 18.830000 	 24.000000
   99 	 13.000000 	 19.360000 	 24.000000
 