   0 	 -15.000000 	 0.470000 	 15.000000
    1 	 -4.000000 	 8.800000 	 18.000000
    2 	 -3.000000 	 10.590000 	 18.000000
    3 	 2.000000 	 11.270000 	 19.000000
    4 	 2.000000 	 12.110000 	 19.000000
    5 	 1.000000 	 12.970000 	 19.000000
    6 	 4.000000 	 13.340000 	 20.000000
    7 	 4.000000 	 14.300000 	 20.000000
    8 	 5.000000 	 14.580000 	 20.000000
    9 	 9.000000 	 15.160000 	 20.000000
   10 	 7.000000 	 15.230000 	 20.000000
   11 	 7.000000 	 15.390000 	 20.000000
   12 	 7.000000 	 15.910000 	 21.000000
   13 	 8.000000 	 15.710000 	 21.000000
   14 	 9.000000 	 15.790000 	 21.000000
   15 	 8.000000 	 16.070000 	 22.000000
   16 	 5.000000 	 15.580000 	 23.000000
   17 	 6.000000 	 16.100000 	 22.000000
   18 	 10.000000 	 16.600000 	 22.000000
   19 	 7.000000 	 16.370000 	 22.000000
   20 	 8.000000 	 16.560000 	 22.000000
   21 	 7.000000 	 16.690000 	 23.000000
   22 	 8.000000 	 17.140000 	 22.000000
   23 	 9.000000 	 17.210000 	 23.000000
   24 	 6.000000 	 17.180000 	 24.000000
   25 	 3.000000 	 17.560000 	 23.000000
   26 	 9.000000 	 17.400000 	 22.000000
   27 	 6.000000 	 17.100000 	 23.000000
   28 	 7.000000 	 17.150000 	 23.000000
   29 	 5.000000 	 17.140000 	 22.000000
   30 	 9.000000 	 17.590000 	 22.000000
   31 	 12.000000 	 18.190000 	 24.000000
   32 	 11.000000 	 17.750000 	 23.000000
   33 	 11.000000 	 17.610000 	 22.000000
   34 	 10.000000 	 17.490000 	 21.000000
   35 	 10.000000 	 17.060000 	 21.000000
   36 	 6.000000 	 16.760000 	 21.000000
   37 	 8.000000 	 16.790000 	 22.000000
   38 	 9.000000 	 16.640000 	 23.000000
   39 	 5.000000 	 16.850000 	 23.000000
   40 	 9.000000 	 17.380000 	 23.000000
   41 	 9.000000 	 16.860000 	 23.000000
   42 	 5.000000 	 16.650000 	 23.000000
   43 	 5.000000 	 16.950000 	 23.000000
   44 	 10.000000 	 17.130000 	 23.000000
   45 	 10.000000 	 17.170000 	 23.000000
   46 	 8.000000 	 17.470000 	 23.000000
   47 	 8.000000 	 17.550000 	 24.000000
   48 	 8.000000 	 18.180000 	 23.000000
   49 	 9.000000 	 17.970000 	 23.000000
   50 	 7.000000 	 17.760000 	 23.000000
   51 	 6.000000 	 17.470000 	 22.000000
   52 	 8.000000 	 17.940000 	 22.000000
   53 	 8.000000 	 18.220000 	 22.000000
   54 	 9.000000 	 18.000000 	 22.000000
   55 	 10.000000 	 18.160000 	 22.000000
   56 	 9.000000 	 18.570000 	 22.000000
   57 	 10.000000 	 18.430000 	 22.000000
   58 	 9.000000 	 18.420000 	 23.000000
   59 	 9.000000 	 18.860000 	 23.000000
   60 	 7.000000 	 18.750000 	 24.000000
   61 	 9.000000 	 18.400000 	 23.000000
   62 	 10.000000 	 17.970000 	 23.000000
   63 	 6.000000 	 18.160000 	 23.000000
   64 	 9.000000 	 18.050000 	 23.000000
   65 	 9.000000 	 18.440000 	 24.000000
   66 	 9.000000 	 18.810000 	 23.000000
   67 	 10.000000 	 18.850000 	 24.000000
   68 	 12.000000 	 18.820000 	 24.000000
   69 	 11.000000 	 18.160000 	 23.000000
   70 	 11.000000 	 18.480000 	 23.000000
   71 	 11.000000 	 18.590000 	 24.000000
   72 	 12.000000 	 19.320000 	 23.000000
   73 	 10.000000 	 19.340000 	 23.000000
   74 	 11.000000 	 19.510000 	 24.000000
   75 	 11.000000 	 19.570000 	 24.000000
   76 	 6.000000 	 19.200000 	 24.000000
   77 	 10.000000 	 18.710000 	 24.000000
   78 	 11.000000 	 18.830000 	 23.000000
   79 	 9.000000 	 18.810000 	 23.000000
   80 	 11.000000 	 18.870000 	 23.000000
   81 	 10.000000 	 18.740000 	 23.000000
   82 	 13.000000 	 18.880000 	 24.000000
   83 	 13.000000 	 18.660000 	 23.000000
   84 	 12.000000 	 18.850000 	 23.000000
   85 	 7.000000 	 18.400000 	 23.000000
   86 	 11.000000 	 18.060000 	 23.000000
   87 	 11.000000 	 18.460000 	 23.000000
   88 	 13.000000 	 18.990000 	 23.000000
   89 	 9.000000 	 18.940000 	 23.000000
   90 	 7.000000 	 18.400000 	 23.000000
   91 	 10.000000 	 18.660000 	 24.000000
   92 	 11.000000 	 18.790000 	 24.000000
   93 	 12.000000 	 18.620000 	 23.000000
   94 	 8.000000 	 18.260000 	 23.000000
   95 	 10.000000 	 18.040000 	 23.000000
   96 	 10.000000 	 18.030000 	 23.000000
   97 	 10.000000 	 18.270000 	 23.000000
   98 	 6.000000 	 18.640000 	 24.000000
   99 	 6.000000 	 18.470000 	 24.000000
 