   0 	 -12.000000 	 0.620000 	 15.000000
    1 	 -7.000000 	 7.230000 	 16.000000
    2 	 0.000000 	 9.360000 	 20.000000
    3 	 -3.000000 	 10.810000 	 20.000000
    4 	 1.000000 	 12.030000 	 21.000000
    5 	 4.000000 	 13.550000 	 21.000000
    6 	 6.000000 	 14.460000 	 21.000000
    7 	 5.000000 	 14.780000 	 21.000000
    8 	 7.000000 	 15.250000 	 20.000000
    9 	 8.000000 	 15.510000 	 20.000000
   10 	 4.000000 	 15.840000 	 20.000000
   11 	 5.000000 	 15.970000 	 21.000000
   12 	 7.000000 	 15.960000 	 22.000000
   13 	 10.000000 	 16.410000 	 21.000000
   14 	 8.000000 	 16.110000 	 21.000000
   15 	 9.000000 	 16.180000 	 21.000000
   16 	 9.000000 	 16.210000 	 21.000000
   17 	 11.000000 	 16.890000 	 21.000000
   18 	 7.000000 	 16.860000 	 21.000000
   19 	 11.000000 	 17.000000 	 21.000000
   20 	 7.000000 	 17.140000 	 20.000000
   21 	 12.000000 	 17.490000 	 21.000000
   22 	 12.000000 	 17.380000 	 20.000000
   23 	 9.000000 	 17.150000 	 20.000000
   24 	 8.000000 	 16.950000 	 21.000000
   25 	 8.000000 	 16.670000 	 21.000000
   26 	 8.000000 	 16.700000 	 22.000000
   27 	 10.000000 	 17.190000 	 22.000000
   28 	 7.000000 	 17.420000 	 22.000000
   29 	 9.000000 	 17.270000 	 21.000000
   30 	 9.000000 	 17.270000 	 21.000000
   31 	 8.000000 	 17.070000 	 22.000000
   32 	 9.000000 	 17.790000 	 22.000000
   33 	 9.000000 	 17.820000 	 22.000000
   34 	 7.000000 	 17.620000 	 22.000000
   35 	 11.000000 	 17.980000 	 22.000000
   36 	 11.000000 	 18.070000 	 22.000000
   37 	 11.000000 	 17.740000 	 22.000000
   38 	 11.000000 	 17.380000 	 22.000000
   39 	 9.000000 	 17.260000 	 22.000000
   40 	 9.000000 	 17.180000 	 22.000000
   41 	 10.000000 	 17.000000 	 21.000000
   42 	 7.000000 	 16.940000 	 23.000000
   43 	 7.000000 	 16.770000 	 23.000000
   44 	 10.000000 	 17.200000 	 21.000000
   45 	 6.000000 	 17.300000 	 22.000000
   46 	 6.000000 	 17.580000 	 22.000000
   47 	 11.000000 	 17.700000 	 23.000000
   48 	 11.000000 	 18.080000 	 23.000000
   49 	 13.000000 	 18.330000 	 23.000000
   50 	 12.000000 	 18.260000 	 23.000000
   51 	 13.000000 	 18.270000 	 23.000000
   52 	 12.000000 	 18.260000 	 23.000000
   53 	 12.000000 	 18.150000 	 23.000000
   54 	 12.000000 	 18.670000 	 23.000000
   55 	 9.000000 	 18.300000 	 23.000000
   56 	 7.000000 	 18.130000 	 23.000000
   57 	 7.000000 	 17.720000 	 22.000000
   58 	 4.000000 	 17.090000 	 22.000000
   59 	 9.000000 	 17.260000 	 23.000000
   60 	 8.000000 	 17.140000 	 23.000000
   61 	 8.000000 	 17.100000 	 23.000000
   62 	 5.000000 	 17.130000 	 23.000000
   63 	 7.000000 	 17.610000 	 23.000000
   64 	 8.000000 	 17.300000 	 23.000000
   65 	 8.000000 	 17.290000 	 22.000000
   66 	 9.000000 	 17.860000 	 22.000000
   67 	 11.000000 	 18.250000 	 22.000000
   68 	 11.000000 	 17.950000 	 22.000000
   69 	 10.000000 	 18.240000 	 23.000000
   70 	 10.000000 	 18.080000 	 23.000000
   71 	 10.000000 	 17.710000 	 23.000000
   72 	 10.000000 	 18.200000 	 23.000000
   73 	 9.000000 	 18.140000 	 23.000000
   74 	 11.000000 	 17.990000 	 23.000000
   75 	 8.000000 	 17.990000 	 23.000000
   76 	 8.000000 	 17.520000 	 22.000000
   77 	 11.000000 	 17.570000 	 22.000000
   78 	 10.000000 	 17.440000 	 22.000000
   79 	 11.000000 	 17.410000 	 23.000000
   80 	 10.000000 	 17.610000 	 22.000000
   81 	 7.000000 	 17.770000 	 22.000000
   82 	 7.000000 	 17.790000 	 22.000000
   83 	 6.000000 	 17.480000 	 22.000000
   84 	 5.000000 	 17.570000 	 23.000000
   85 	 5.000000 	 17.420000 	 23.000000
   86 	 11.000000 	 17.820000 	 23.000000
   87 	 8.000000 	 18.040000 	 23.000000
   88 	 11.000000 	 18.470000 	 23.000000
   89 	 11.000000 	 18.570000 	 23.000000
   90 	 12.000000 	 18.240000 	 23.000000
   91 	 12.000000 	 18.120000 	 24.000000
   92 	 10.000000 	 18.210000 	 23.000000
   93 	 -2.000000 	 18.040000 	 25.000000
   94 	 8.000000 	 18.020000 	 25.000000
   95 	 10.000000 	 17.890000 	 24.000000
   96 	 10.000000 	 18.420000 	 24.000000
   97 	 8.000000 	 18.770000 	 24.000000
   98 	 11.000000 	 19.050000 	 23.000000
   99 	 12.000000 	 18.700000 	 25.000000
 