   0 	 -16.000000 	 -1.000000 	 12.000000
    1 	 5.000000 	 10.720000 	 12.000000
    2 	 6.000000 	 10.840000 	 14.000000
    3 	 4.000000 	 10.740000 	 14.000000
    4 	 2.000000 	 10.910000 	 15.000000
    5 	 2.000000 	 11.040000 	 15.000000
    6 	 6.000000 	 11.170000 	 16.000000
    7 	 6.000000 	 11.340000 	 16.000000
    8 	 4.000000 	 11.170000 	 18.000000
    9 	 6.000000 	 11.370000 	 18.000000
   10 	 3.000000 	 11.690000 	 18.000000
   11 	 5.000000 	 12.040000 	 18.000000
   12 	 5.000000 	 12.330000 	 19.000000
   13 	 3.000000 	 12.850000 	 19.000000
   14 	 2.000000 	 13.350000 	 21.000000
   15 	 5.000000 	 13.570000 	 21.000000
   16 	 5.000000 	 14.200000 	 21.000000
   17 	 6.000000 	 14.440000 	 19.000000
   18 	 7.000000 	 14.290000 	 20.000000
   19 	 7.000000 	 14.220000 	 22.000000
   20 	 6.000000 	 14.770000 	 23.000000
   21 	 6.000000 	 14.960000 	 23.000000
   22 	 5.000000 	 15.700000 	 23.000000
   23 	 5.000000 	 15.720000 	 22.000000
   24 	 4.000000 	 15.830000 	 23.000000
   25 	 9.000000 	 16.480000 	 23.000000
   26 	 9.000000 	 16.110000 	 21.000000
   27 	 8.000000 	 16.240000 	 21.000000
   28 	 8.000000 	 16.580000 	 21.000000
   29 	 8.000000 	 16.750000 	 21.000000
   30 	 10.000000 	 17.160000 	 23.000000
   31 	 12.000000 	 17.480000 	 23.000000
   32 	 9.000000 	 17.450000 	 24.000000
   33 	 5.000000 	 17.280000 	 22.000000
   34 	 12.000000 	 17.920000 	 22.000000
   35 	 5.000000 	 17.770000 	 22.000000
   36 	 10.000000 	 18.100000 	 22.000000
   37 	 10.000000 	 18.130000 	 23.000000
   38 	 11.000000 	 18.310000 	 23.000000
   39 	 8.000000 	 18.410000 	 23.000000
   40 	 8.000000 	 18.180000 	 23.000000
   41 	 8.000000 	 18.250000 	 23.000000
   42 	 9.000000 	 18.380000 	 23.000000
   43 	 11.000000 	 18.870000 	 22.000000
   44 	 14.000000 	 19.160000 	 23.000000
   45 	 8.000000 	 18.770000 	 23.000000
   46 	 8.000000 	 18.180000 	 22.000000
   47 	 7.000000 	 18.210000 	 22.000000
   48 	 12.000000 	 18.420000 	 23.000000
   49 	 11.000000 	 18.500000 	 23.000000
   50 	 10.000000 	 18.420000 	 23.000000
   51 	 10.000000 	 18.420000 	 22.000000
   52 	 10.000000 	 18.140000 	 22.000000
   53 	 9.000000 	 17.310000 	 22.000000
   54 	 8.000000 	 17.490000 	 22.000000
   55 	 8.000000 	 17.610000 	 22.000000
   56 	 7.000000 	 17.420000 	 22.000000
   57 	 11.000000 	 17.700000 	 22.000000
   58 	 9.000000 	 17.890000 	 23.000000
   59 	 9.000000 	 18.180000 	 22.000000
   60 	 12.000000 	 18.760000 	 23.000000
   61 	 12.000000 	 18.870000 	 22.000000
   62 	 13.000000 	 18.550000 	 22.000000
   63 	 9.000000 	 18.510000 	 23.000000
   64 	 4.000000 	 17.820000 	 23.000000
   65 	 10.000000 	 18.310000 	 23.000000
   66 	 10.000000 	 18.680000 	 23.000000
   67 	 10.000000 	 18.990000 	 23.000000
   68 	 12.000000 	 19.010000 	 23.000000
   69 	 10.000000 	 18.520000 	 24.000000
   70 	 8.000000 	 18.810000 	 23.000000
   71 	 9.000000 	 18.810000 	 23.000000
   72 	 12.000000 	 18.810000 	 23.000000
   73 	 10.000000 	 18.800000 	 23.000000
   74 	 12.000000 	 18.540000 	 23.000000
   75 	 11.000000 	 18.650000 	 22.000000
   76 	 11.000000 	 18.910000 	 23.000000
   77 	 11.000000 	 18.910000 	 24.000000
   78 	 13.000000 	 18.680000 	 24.000000
   79 	 11.000000 	 18.760000 	 23.000000
   80 	 12.000000 	 18.330000 	 23.000000
   81 	 10.000000 	 18.090000 	 23.000000
   82 	 10.000000 	 18.490000 	 23.000000
   83 	 12.000000 	 18.500000 	 23.000000
   84 	 10.000000 	 18.000000 	 22.000000
   85 	 10.000000 	 18.350000 	 22.000000
   86 	 10.000000 	 18.410000 	 23.000000
   87 	 11.000000 	 18.730000 	 22.000000
   88 	 11.000000 	 18.610000 	 23.000000
   89 	 9.000000 	 18.480000 	 23.000000
   90 	 8.000000 	 18.910000 	 23.000000
   91 	 10.000000 	 18.640000 	 23.000000
   92 	 7.000000 	 18.480000 	 24.000000
   93 	 8.000000 	 18.410000 	 24.000000
   94 	 11.000000 	 18.930000 	 23.000000
   95 	 12.000000 	 19.120000 	 23.000000
   96 	 10.000000 	 19.460000 	 24.000000
   97 	 12.000000 	 19.660000 	 24.000000
   98 	 11.000000 	 19.360000 	 23.000000
   99 	 12.000000 	 19.150000 	 23.000000
 