   0 	 -12.000000 	 0.660000 	 14.000000
    1 	 -5.000000 	 7.300000 	 17.000000
    2 	 -2.000000 	 9.400000 	 17.000000
    3 	 0.000000 	 10.840000 	 19.000000
    4 	 4.000000 	 12.740000 	 21.000000
    5 	 5.000000 	 13.380000 	 20.000000
    6 	 7.000000 	 14.440000 	 21.000000
    7 	 6.000000 	 14.910000 	 20.000000
    8 	 7.000000 	 15.030000 	 21.000000
    9 	 9.000000 	 15.630000 	 21.000000
   10 	 9.000000 	 15.580000 	 22.000000
   11 	 6.000000 	 16.170000 	 22.000000
   12 	 6.000000 	 15.930000 	 22.000000
   13 	 6.000000 	 16.420000 	 22.000000
   14 	 9.000000 	 16.350000 	 22.000000
   15 	 10.000000 	 17.240000 	 21.000000
   16 	 10.000000 	 16.910000 	 22.000000
   17 	 8.000000 	 16.690000 	 22.000000
   18 	 8.000000 	 16.410000 	 21.000000
   19 	 10.000000 	 16.880000 	 23.000000
   20 	 9.000000 	 17.150000 	 21.000000
   21 	 8.000000 	 17.180000 	 21.000000
   22 	 8.000000 	 17.250000 	 22.000000
   23 	 7.000000 	 17.350000 	 22.000000
   24 	 10.000000 	 17.710000 	 23.000000
   25 	 9.000000 	 17.350000 	 23.000000
   26 	 11.000000 	 17.580000 	 23.000000
   27 	 11.000000 	 17.480000 	 21.000000
   28 	 11.000000 	 17.570000 	 22.000000
   29 	 11.000000 	 17.540000 	 22.000000
   30 	 12.000000 	 17.240000 	 22.000000
   31 	 8.000000 	 17.230000 	 22.000000
   32 	 11.000000 	 17.130000 	 22.000000
   33 	 10.000000 	 17.060000 	 22.000000
   34 	 8.000000 	 16.850000 	 22.000000
   35 	 11.000000 	 17.320000 	 23.000000
   36 	 8.000000 	 17.620000 	 23.000000
   37 	 8.000000 	 17.300000 	 23.000000
   38 	 8.000000 	 17.500000 	 23.000000
   39 	 7.000000 	 17.760000 	 22.000000
   40 	 11.000000 	 17.660000 	 21.000000
   41 	 13.000000 	 17.910000 	 22.000000
   42 	 11.000000 	 17.540000 	 22.000000
   43 	 6.000000 	 17.250000 	 22.000000
   44 	 8.000000 	 17.580000 	 23.000000
   45 	 9.000000 	 18.100000 	 23.000000
   46 	 11.000000 	 17.490000 	 22.000000
   47 	 10.000000 	 17.660000 	 23.000000
   48 	 10.000000 	 17.610000 	 23.000000
   49 	 13.000000 	 17.880000 	 23.000000
   50 	 8.000000 	 18.180000 	 23.000000
   51 	 8.000000 	 17.890000 	 23.000000
   52 	 8.000000 	 18.120000 	 23.000000
   53 	 10.000000 	 17.950000 	 23.000000
   54 	 10.000000 	 18.050000 	 23.000000
   55 	 11.000000 	 18.110000 	 24.000000
   56 	 9.000000 	 18.100000 	 22.000000
   57 	 9.000000 	 18.130000 	 22.000000
   58 	 10.000000 	 17.740000 	 22.000000
   59 	 11.000000 	 18.060000 	 22.000000
   60 	 9.000000 	 18.100000 	 22.000000
   61 	 11.000000 	 18.260000 	 22.000000
   62 	 12.000000 	 17.790000 	 22.000000
   63 	 8.000000 	 17.780000 	 24.000000
   64 	 9.000000 	 18.100000 	 24.000000
   65 	 9.000000 	 18.280000 	 22.000000
   66 	 11.000000 	 18.170000 	 23.000000
   67 	 11.000000 	 18.240000 	 23.000000
   68 	 9.000000 	 17.760000 	 23.000000
   69 	 9.000000 	 17.510000 	 23.000000
   70 	 4.000000 	 17.960000 	 23.000000
   71 	 10.000000 	 17.900000 	 23.000000
   72 	 12.000000 	 17.670000 	 22.000000
   73 	 11.000000 	 17.830000 	 24.000000
   74 	 9.000000 	 17.350000 	 22.000000
   75 	 9.000000 	 17.680000 	 22.000000
   76 	 8.000000 	 17.490000 	 23.000000
   77 	 10.000000 	 17.190000 	 22.000000
   78 	 8.000000 	 17.170000 	 22.000000
   79 	 7.000000 	 16.970000 	 22.000000
   80 	 7.000000 	 17.390000 	 22.000000
   81 	 6.000000 	 17.460000 	 22.000000
   82 	 7.000000 	 17.700000 	 22.000000
   83 	 8.000000 	 17.710000 	 23.000000
   84 	 10.000000 	 17.680000 	 23.000000
   85 	 3.000000 	 17.590000 	 22.000000
   86 	 10.000000 	 17.890000 	 21.000000
   87 	 9.000000 	 17.890000 	 22.000000
   88 	 9.000000 	 18.080000 	 22.000000
   89 	 6.000000 	 18.340000 	 24.000000
   90 	 9.000000 	 17.940000 	 22.000000
   91 	 11.000000 	 18.560000 	 22.000000
   92 	 11.000000 	 18.320000 	 22.000000
   93 	 10.000000 	 18.210000 	 22.000000
   94 	 9.000000 	 18.420000 	 23.000000
   95 	 8.000000 	 18.440000 	 23.000000
   96 	 8.000000 	 18.920000 	 23.000000
   97 	 14.000000 	 19.080000 	 23.000000
   98 	 11.000000 	 18.820000 	 22.000000
   99 	 12.000000 	 19.020000 	 23.000000
 