   0 	 -16.000000 	 0.510000 	 16.000000
    1 	 -5.000000 	 6.820000 	 16.000000
    2 	 2.000000 	 8.940000 	 18.000000
    3 	 -2.000000 	 10.450000 	 18.000000
    4 	 2.000000 	 11.690000 	 20.000000
    5 	 5.000000 	 12.860000 	 18.000000
    6 	 5.000000 	 13.030000 	 19.000000
    7 	 2.000000 	 13.140000 	 20.000000
    8 	 5.000000 	 13.830000 	 19.000000
    9 	 8.000000 	 14.230000 	 19.000000
   10 	 6.000000 	 14.240000 	 21.000000
   11 	 6.000000 	 14.720000 	 21.000000
   12 	 8.000000 	 15.340000 	 21.000000
   13 	 6.000000 	 15.760000 	 22.000000
   14 	 3.000000 	 16.030000 	 22.000000
   15 	 7.000000 	 16.880000 	 22.000000
   16 	 9.000000 	 17.200000 	 22.000000
   17 	 11.000000 	 17.580000 	 22.000000
   18 	 6.000000 	 17.540000 	 22.000000
   19 	 4.000000 	 17.460000 	 21.000000
   20 	 7.000000 	 17.690000 	 21.000000
   21 	 8.000000 	 17.920000 	 22.000000
   22 	 7.000000 	 18.010000 	 23.000000
   23 	 10.000000 	 18.410000 	 23.000000
   24 	 10.000000 	 18.560000 	 22.000000
   25 	 13.000000 	 18.650000 	 23.000000
   26 	 10.000000 	 18.620000 	 22.000000
   27 	 10.000000 	 18.420000 	 22.000000
   28 	 10.000000 	 18.740000 	 22.000000
   29 	 9.000000 	 18.680000 	 23.000000
   30 	 10.000000 	 18.200000 	 22.000000
   31 	 11.000000 	 18.140000 	 22.000000
   32 	 12.000000 	 17.980000 	 22.000000
   33 	 10.000000 	 17.560000 	 23.000000
   34 	 9.000000 	 17.440000 	 23.000000
   35 	 8.000000 	 17.270000 	 23.000000
   36 	 9.000000 	 17.230000 	 22.000000
   37 	 9.000000 	 17.020000 	 22.000000
   38 	 10.000000 	 16.880000 	 22.000000
   39 	 1.000000 	 16.730000 	 22.000000
   40 	 9.000000 	 17.290000 	 22.000000
   41 	 9.000000 	 17.050000 	 22.000000
   42 	 10.000000 	 17.240000 	 22.000000
   43 	 8.000000 	 17.420000 	 23.000000
   44 	 8.000000 	 17.950000 	 22.000000
   45 	 10.000000 	 17.660000 	 23.000000
   46 	 8.000000 	 18.000000 	 22.000000
   47 	 9.000000 	 17.870000 	 23.000000
   48 	 10.000000 	 17.260000 	 23.000000
   49 	 9.000000 	 17.270000 	 23.000000
   50 	 10.000000 	 16.710000 	 22.000000
   51 	 7.000000 	 16.970000 	 22.000000
   52 	 9.000000 	 17.070000 	 22.000000
   53 	 9.000000 	 16.790000 	 22.000000
   54 	 9.000000 	 16.760000 	 22.000000
   55 	 10.000000 	 17.310000 	 23.000000
   56 	 11.000000 	 17.430000 	 24.000000
   57 	 9.000000 	 17.590000 	 22.000000
   58 	 9.000000 	 17.850000 	 22.000000
   59 	 9.000000 	 18.240000 	 22.000000
   60 	 8.000000 	 17.820000 	 22.000000
   61 	 8.000000 	 18.030000 	 22.000000
   62 	 5.000000 	 17.980000 	 22.000000
   63 	 8.000000 	 18.300000 	 23.000000
   64 	 9.000000 	 18.000000 	 22.000000
   65 	 9.000000 	 18.020000 	 22.000000
   66 	 7.000000 	 17.900000 	 23.000000
   67 	 9.000000 	 18.010000 	 23.000000
   68 	 8.000000 	 17.790000 	 23.000000
   69 	 10.000000 	 17.570000 	 23.000000
   70 	 11.000000 	 17.350000 	 23.000000
   71 	 8.000000 	 17.560000 	 24.000000
   72 	 10.000000 	 17.590000 	 23.000000
   73 	 6.000000 	 17.750000 	 23.000000
   74 	 8.000000 	 17.090000 	 23.000000
   75 	 10.000000 	 17.820000 	 22.000000
   76 	 8.000000 	 18.110000 	 24.000000
   77 	 6.000000 	 17.850000 	 23.000000
   78 	 7.000000 	 18.050000 	 23.000000
   79 	 9.000000 	 18.020000 	 23.000000
   80 	 11.000000 	 17.980000 	 23.000000
   81 	 9.000000 	 17.970000 	 22.000000
   82 	 11.000000 	 17.990000 	 23.000000
   83 	 8.000000 	 17.880000 	 23.000000
   84 	 5.000000 	 17.660000 	 22.000000
   85 	 3.000000 	 17.600000 	 23.000000
   86 	 9.000000 	 17.780000 	 22.000000
   87 	 9.000000 	 17.870000 	 22.000000
   88 	 6.000000 	 17.110000 	 23.000000
   89 	 10.000000 	 17.230000 	 23.000000
   90 	 10.000000 	 17.080000 	 23.000000
   91 	 8.000000 	 17.200000 	 23.000000
   92 	 8.000000 	 17.150000 	 23.000000
   93 	 5.000000 	 17.190000 	 22.000000
   94 	 10.000000 	 17.440000 	 24.000000
   95 	 4.000000 	 17.420000 	 23.000000
   96 	 8.000000 	 17.690000 	 24.000000
   97 	 5.000000 	 17.820000 	 24.000000
   98 	 9.000000 	 17.380000 	 23.000000
   99 	 10.000000 	 17.460000 	 23.000000
 