   0 	 -12.000000 	 -0.840000 	 14.000000
    1 	 -9.000000 	 -3.100000 	 1.000000
    2 	 -9.000000 	 -4.820000 	 0.000000
    3 	 -9.000000 	 -5.020000 	 2.000000
    4 	 -9.000000 	 -4.880000 	 0.000000
    5 	 -9.000000 	 -4.890000 	 0.000000
    6 	 -9.000000 	 -4.910000 	 0.000000
    7 	 -10.000000 	 -5.050000 	 -1.000000
    8 	 -9.000000 	 -5.070000 	 -1.000000
    9 	 -8.000000 	 -4.080000 	 0.000000
   10 	 -8.000000 	 -3.700000 	 1.000000
   11 	 -4.000000 	 0.100000 	 5.000000
   12 	 -1.000000 	 3.740000 	 10.000000
   13 	 0.000000 	 4.420000 	 9.000000
   14 	 -1.000000 	 5.300000 	 10.000000
   15 	 -1.000000 	 5.960000 	 10.000000
   16 	 -2.000000 	 6.480000 	 13.000000
   17 	 1.000000 	 7.220000 	 13.000000
   18 	 1.000000 	 7.700000 	 15.000000
   19 	 2.000000 	 7.950000 	 15.000000
   20 	 2.000000 	 8.700000 	 15.000000
   21 	 3.000000 	 9.590000 	 16.000000
   22 	 2.000000 	 10.470000 	 16.000000
   23 	 5.000000 	 11.740000 	 18.000000
   24 	 7.000000 	 11.540000 	 17.000000
   25 	 5.000000 	 12.080000 	 18.000000
   26 	 6.000000 	 12.680000 	 20.000000
   27 	 6.000000 	 12.910000 	 18.000000
   28 	 6.000000 	 14.080000 	 18.000000
   29 	 8.000000 	 14.320000 	 18.000000
   30 	 0.000000 	 14.140000 	 19.000000
   31 	 8.000000 	 14.680000 	 20.000000
   32 	 5.000000 	 14.280000 	 20.000000
   33 	 7.000000 	 14.290000 	 21.000000
   34 	 5.000000 	 14.710000 	 21.000000
   35 	 8.000000 	 15.130000 	 21.000000
   36 	 7.000000 	 15.340000 	 21.000000
   37 	 9.000000 	 15.090000 	 21.000000
   38 	 7.000000 	 15.320000 	 21.000000
   39 	 8.000000 	 15.520000 	 21.000000
   40 	 7.000000 	 15.760000 	 21.000000
   41 	 10.000000 	 15.980000 	 21.000000
   42 	 9.000000 	 16.390000 	 22.000000
   43 	 6.000000 	 16.770000 	 22.000000
   44 	 9.000000 	 17.020000 	 21.000000
   45 	 8.000000 	 16.340000 	 21.000000
   46 	 7.000000 	 16.770000 	 21.000000
   47 	 9.000000 	 17.290000 	 21.000000
   48 	 7.000000 	 17.650000 	 22.000000
   49 	 10.000000 	 17.600000 	 22.000000
   50 	 10.000000 	 17.510000 	 22.000000
   51 	 10.000000 	 17.240000 	 22.000000
   52 	 8.000000 	 17.260000 	 22.000000
   53 	 9.000000 	 17.690000 	 23.000000
   54 	 7.000000 	 17.330000 	 23.000000
   55 	 7.000000 	 17.090000 	 23.000000
   56 	 9.000000 	 17.610000 	 22.000000
   57 	 12.000000 	 17.640000 	 22.000000
   58 	 9.000000 	 17.580000 	 22.000000
   59 	 5.000000 	 17.360000 	 21.000000
   60 	 10.000000 	 17.080000 	 22.000000
   61 	 7.000000 	 16.750000 	 21.000000
   62 	 10.000000 	 17.300000 	 22.000000
   63 	 6.000000 	 16.990000 	 21.000000
   64 	 10.000000 	 17.390000 	 22.000000
   65 	 11.000000 	 17.690000 	 21.000000
   66 	 8.000000 	 17.790000 	 23.000000
   67 	 9.000000 	 18.190000 	 22.000000
   68 	 9.000000 	 18.300000 	 23.000000
   69 	 12.000000 	 18.400000 	 22.000000
   70 	 13.000000 	 18.280000 	 22.000000
   71 	 10.000000 	 17.640000 	 23.000000
   72 	 8.000000 	 17.500000 	 22.000000
   73 	 9.000000 	 17.850000 	 23.000000
   74 	 9.000000 	 18.190000 	 23.000000
   75 	 10.000000 	 18.420000 	 23.000000
   76 	 11.000000 	 18.560000 	 23.000000
   77 	 11.000000 	 18.290000 	 23.000000
   78 	 10.000000 	 18.120000 	 23.000000
   79 	 7.000000 	 18.400000 	 23.000000
   80 	 7.000000 	 18.170000 	 23.000000
   81 	 10.000000 	 18.350000 	 23.000000
   82 	 6.000000 	 18.150000 	 23.000000
   83 	 7.000000 	 18.350000 	 22.000000
   84 	 10.000000 	 18.320000 	 23.000000
   85 	 7.000000 	 18.280000 	 24.000000
   86 	 10.000000 	 17.990000 	 22.000000
   87 	 10.000000 	 18.000000 	 23.000000
   88 	 10.000000 	 18.350000 	 22.000000
   89 	 12.000000 	 18.900000 	 22.000000
   90 	 10.000000 	 18.530000 	 23.000000
   91 	 10.000000 	 18.240000 	 23.000000
   92 	 10.000000 	 18.480000 	 23.000000
   93 	 10.000000 	 18.500000 	 23.000000
   94 	 9.000000 	 18.860000 	 23.000000
   95 	 6.000000 	 18.730000 	 23.000000
   96 	 11.000000 	 18.630000 	 22.000000
   97 	 11.000000 	 18.530000 	 23.000000
   98 	 7.000000 	 18.290000 	 23.000000
   99 	 7.000000 	 18.020000 	 23.000000
 