   0 	 -13.000000 	 -0.660000 	 11.000000
    1 	 5.000000 	 8.760000 	 13.000000
    2 	 4.000000 	 8.830000 	 13.000000
    3 	 1.000000 	 8.920000 	 15.000000
    4 	 1.000000 	 8.870000 	 17.000000
    5 	 3.000000 	 9.170000 	 15.000000
    6 	 5.000000 	 9.550000 	 17.000000
    7 	 4.000000 	 9.840000 	 15.000000
    8 	 2.000000 	 10.470000 	 18.000000
    9 	 5.000000 	 10.970000 	 18.000000
   10 	 4.000000 	 12.280000 	 19.000000
   11 	 4.000000 	 12.160000 	 19.000000
   12 	 4.000000 	 12.580000 	 19.000000
   13 	 5.000000 	 13.030000 	 20.000000
   14 	 8.000000 	 14.280000 	 20.000000
   15 	 8.000000 	 15.130000 	 21.000000
   16 	 4.000000 	 14.960000 	 21.000000
   17 	 7.000000 	 15.090000 	 22.000000
   18 	 6.000000 	 15.780000 	 22.000000
   19 	 4.000000 	 15.620000 	 22.000000
   20 	 3.000000 	 16.280000 	 22.000000
   21 	 8.000000 	 16.590000 	 22.000000
   22 	 8.000000 	 16.340000 	 22.000000
   23 	 4.000000 	 16.660000 	 22.000000
   24 	 8.000000 	 16.860000 	 23.000000
   25 	 8.000000 	 17.340000 	 23.000000
   26 	 8.000000 	 16.970000 	 23.000000
   27 	 8.000000 	 17.440000 	 23.000000
   28 	 7.000000 	 17.820000 	 23.000000
   29 	 6.000000 	 17.500000 	 22.000000
   30 	 8.000000 	 17.780000 	 22.000000
   31 	 7.000000 	 17.840000 	 22.000000
   32 	 8.000000 	 17.970000 	 23.000000
   33 	 7.000000 	 17.610000 	 22.000000
   34 	 8.000000 	 17.720000 	 23.000000
   35 	 7.000000 	 17.860000 	 24.000000
   36 	 6.000000 	 17.070000 	 23.000000
   37 	 8.000000 	 17.970000 	 23.000000
   38 	 8.000000 	 17.820000 	 23.000000
   39 	 9.000000 	 17.840000 	 22.000000
   40 	 10.000000 	 17.920000 	 22.000000
   41 	 10.000000 	 18.180000 	 22.000000
   42 	 10.000000 	 18.250000 	 22.000000
   43 	 10.000000 	 18.190000 	 23.000000
   44 	 8.000000 	 18.080000 	 23.000000
   45 	 12.000000 	 18.050000 	 23.000000
   46 	 10.000000 	 17.900000 	 23.000000
   47 	 9.000000 	 18.540000 	 22.000000
   48 	 7.000000 	 18.440000 	 22.000000
   49 	 8.000000 	 18.300000 	 22.000000
   50 	 9.000000 	 18.130000 	 22.000000
   51 	 11.000000 	 18.110000 	 22.000000
   52 	 7.000000 	 18.310000 	 23.000000
   53 	 11.000000 	 18.660000 	 23.000000
   54 	 8.000000 	 18.400000 	 22.000000
   55 	 4.000000 	 17.950000 	 23.000000
   56 	 6.000000 	 18.230000 	 23.000000
   57 	 7.000000 	 18.720000 	 22.000000
   58 	 9.000000 	 18.870000 	 23.000000
   59 	 10.000000 	 18.800000 	 23.000000
   60 	 8.000000 	 19.080000 	 23.000000
   61 	 11.000000 	 18.880000 	 24.000000
   62 	 12.000000 	 18.880000 	 23.000000
   63 	 9.000000 	 18.410000 	 23.000000
   64 	 6.000000 	 18.590000 	 23.000000
   65 	 10.000000 	 18.550000 	 23.000000
   66 	 14.000000 	 18.770000 	 24.000000
   67 	 12.000000 	 18.550000 	 23.000000
   68 	 11.000000 	 17.970000 	 22.000000
   69 	 10.000000 	 18.030000 	 23.000000
   70 	 8.000000 	 18.070000 	 23.000000
   71 	 12.000000 	 18.000000 	 23.000000
   72 	 13.000000 	 18.490000 	 24.000000
   73 	 11.000000 	 18.450000 	 23.000000
   74 	 9.000000 	 18.280000 	 22.000000
   75 	 9.000000 	 18.450000 	 23.000000
   76 	 11.000000 	 18.680000 	 23.000000
   77 	 13.000000 	 18.650000 	 22.000000
   78 	 12.000000 	 18.690000 	 23.000000
   79 	 12.000000 	 18.840000 	 23.000000
   80 	 12.000000 	 18.660000 	 24.000000
   81 	 11.000000 	 18.270000 	 24.000000
   82 	 12.000000 	 18.810000 	 23.000000
   83 	 13.000000 	 18.920000 	 23.000000
   84 	 11.000000 	 19.020000 	 22.000000
   85 	 9.000000 	 18.710000 	 23.000000
   86 	 12.000000 	 18.630000 	 24.000000
   87 	 8.000000 	 18.450000 	 24.000000
   88 	 12.000000 	 18.410000 	 23.000000
   89 	 12.000000 	 18.650000 	 23.000000
   90 	 14.000000 	 18.830000 	 23.000000
   91 	 13.000000 	 18.780000 	 23.000000
   92 	 12.000000 	 18.780000 	 22.000000
   93 	 11.000000 	 18.630000 	 23.000000
   94 	 8.000000 	 18.200000 	 22.000000
   95 	 12.000000 	 18.340000 	 23.000000
   96 	 10.000000 	 18.030000 	 23.000000
   97 	 9.000000 	 17.540000 	 23.000000
   98 	 9.000000 	 16.900000 	 23.000000
   99 	 8.000000 	 17.370000 	 23.000000
 