   0 	 -14.000000 	 -0.420000 	 12.000000
    1 	 -14.000000 	 -4.710000 	 10.000000
    2 	 -10.000000 	 -6.720000 	 -3.000000
    3 	 -11.000000 	 -6.940000 	 -3.000000
    4 	 -8.000000 	 -5.680000 	 1.000000
    5 	 -11.000000 	 -6.910000 	 -3.000000
    6 	 -9.000000 	 -6.590000 	 1.000000
    7 	 -11.000000 	 -6.850000 	 -3.000000
    8 	 -11.000000 	 -6.770000 	 -3.000000
    9 	 -9.000000 	 -6.660000 	 1.000000
   10 	 -12.000000 	 -6.910000 	 -3.000000
   11 	 -13.000000 	 -6.930000 	 1.000000
   12 	 -11.000000 	 -7.030000 	 -4.000000
   13 	 -9.000000 	 -6.820000 	 -2.000000
   14 	 -14.000000 	 -7.080000 	 -3.000000
   15 	 -11.000000 	 -6.780000 	 -3.000000
   16 	 -11.000000 	 -6.870000 	 -2.000000
   17 	 -10.000000 	 -6.620000 	 3.000000
   18 	 -9.000000 	 -6.790000 	 -3.000000
   19 	 -11.000000 	 -7.030000 	 -3.000000
   20 	 -10.000000 	 -6.820000 	 -3.000000
   21 	 -10.000000 	 -5.870000 	 -2.000000
   22 	 -10.000000 	 -6.030000 	 -3.000000
   23 	 -11.000000 	 -8.760000 	 -5.000000
   24 	 -13.000000 	 -8.690000 	 -5.000000
   25 	 -13.000000 	 -8.780000 	 -5.000000
   26 	 -11.000000 	 -8.730000 	 -5.000000
   27 	 -13.000000 	 -8.610000 	 -2.000000
   28 	 -14.000000 	 -8.800000 	 -4.000000
   29 	 -13.000000 	 -8.750000 	 -5.000000
   30 	 -13.000000 	 -8.890000 	 -5.000000
   31 	 -9.000000 	 -4.830000 	 1.000000
   32 	 -7.000000 	 -4.830000 	 -2.000000
   33 	 -9.000000 	 -4.940000 	 -2.000000
   34 	 -8.000000 	 -3.750000 	 1.000000
   35 	 -7.000000 	 -2.870000 	 2.000000
   36 	 -5.000000 	 -2.850000 	 1.000000
   37 	 -7.000000 	 -2.940000 	 1.000000
   38 	 -6.000000 	 -2.920000 	 1.000000
   39 	 -5.000000 	 -1.900000 	 2.000000
   40 	 -7.000000 	 -1.900000 	 2.000000
   41 	 -7.000000 	 -2.160000 	 2.000000
   42 	 -9.000000 	 -2.260000 	 3.000000
   43 	 -1.000000 	 2.930000 	 7.000000
   44 	 -2.000000 	 3.070000 	 7.000000
   45 	 0.000000 	 3.890000 	 11.000000
   46 	 -2.000000 	 4.640000 	 11.000000
   47 	 -1.000000 	 6.020000 	 13.000000
   48 	 1.000000 	 7.350000 	 13.000000
   49 	 1.000000 	 7.920000 	 14.000000
   50 	 1.000000 	 8.500000 	 16.000000
   51 	 3.000000 	 10.030000 	 16.000000
   52 	 1.000000 	 10.730000 	 18.000000
   53 	 2.000000 	 10.510000 	 16.000000
   54 	 4.000000 	 11.230000 	 17.000000
   55 	 5.000000 	 11.550000 	 17.000000
   56 	 3.000000 	 11.520000 	 17.000000
   57 	 1.000000 	 12.070000 	 18.000000
   58 	 5.000000 	 12.640000 	 18.000000
   59 	 5.000000 	 13.120000 	 19.000000
   60 	 6.000000 	 13.530000 	 19.000000
   61 	 9.000000 	 14.120000 	 19.000000
   62 	 9.000000 	 14.180000 	 19.000000
   63 	 5.000000 	 14.220000 	 21.000000
   64 	 7.000000 	 14.510000 	 21.000000
   65 	 9.000000 	 14.790000 	 22.000000
   66 	 8.000000 	 14.810000 	 21.000000
   67 	 8.000000 	 15.240000 	 21.000000
   68 	 8.000000 	 15.770000 	 21.000000
   69 	 10.000000 	 15.570000 	 20.000000
   70 	 9.000000 	 16.180000 	 21.000000
   71 	 11.000000 	 16.580000 	 23.000000
   72 	 11.000000 	 16.670000 	 21.000000
   73 	 8.000000 	 16.810000 	 22.000000
   74 	 9.000000 	 16.650000 	 21.000000
   75 	 7.000000 	 16.170000 	 21.000000
   76 	 8.000000 	 16.780000 	 21.000000
   77 	 7.000000 	 16.220000 	 21.000000
   78 	 8.000000 	 16.920000 	 21.000000
   79 	 8.000000 	 16.820000 	 21.000000
   80 	 7.000000 	 16.710000 	 22.000000
   81 	 9.000000 	 16.890000 	 21.000000
   82 	 12.000000 	 16.980000 	 22.000000
   83 	 11.000000 	 17.280000 	 21.000000
   84 	 11.000000 	 17.430000 	 22.000000
   85 	 11.000000 	 17.440000 	 22.000000
   86 	 11.000000 	 17.440000 	 22.000000
   87 	 7.000000 	 16.760000 	 22.000000
   88 	 7.000000 	 16.910000 	 22.000000
   89 	 11.000000 	 17.330000 	 22.000000
   90 	 6.000000 	 17.290000 	 22.000000
   91 	 6.000000 	 16.720000 	 22.000000
   92 	 3.000000 	 16.750000 	 22.000000
   93 	 7.000000 	 16.750000 	 22.000000
   94 	 7.000000 	 17.090000 	 22.000000
   95 	 2.000000 	 17.040000 	 22.000000
   96 	 10.000000 	 17.760000 	 22.000000
   97 	 8.000000 	 17.410000 	 21.000000
   98 	 8.000000 	 17.270000 	 22.000000
   99 	 6.000000 	 16.890000 	 22.000000
 