   0 	 -12.000000 	 -1.430000 	 13.000000
    1 	 -7.000000 	 -3.090000 	 1.000000
    2 	 -6.000000 	 -2.950000 	 1.000000
    3 	 -9.000000 	 -3.420000 	 1.000000
    4 	 -9.000000 	 -3.180000 	 2.000000
    5 	 -7.000000 	 -2.960000 	 1.000000
    6 	 -7.000000 	 -3.120000 	 1.000000
    7 	 -8.000000 	 -3.090000 	 1.000000
    8 	 -10.000000 	 -3.050000 	 1.000000
    9 	 -7.000000 	 -3.050000 	 1.000000
   10 	 -8.000000 	 -3.130000 	 1.000000
   11 	 -8.000000 	 -3.070000 	 1.000000
   12 	 -7.000000 	 -3.310000 	 -1.000000
   13 	 -9.000000 	 -5.120000 	 -3.000000
   14 	 -10.000000 	 -5.060000 	 -1.000000
   15 	 -9.000000 	 -5.080000 	 -1.000000
   16 	 -11.000000 	 -6.670000 	 -2.000000
   17 	 -10.000000 	 -6.770000 	 -2.000000
   18 	 -10.000000 	 -6.910000 	 -1.000000
   19 	 -11.000000 	 -7.070000 	 -4.000000
   20 	 -10.000000 	 -7.660000 	 -3.000000
   21 	 -12.000000 	 -7.750000 	 -3.000000
   22 	 -11.000000 	 -7.750000 	 -3.000000
   23 	 -10.000000 	 -7.820000 	 -3.000000
   24 	 -11.000000 	 -7.840000 	 -3.000000
   25 	 -11.000000 	 -7.830000 	 -1.000000
   26 	 -12.000000 	 -7.810000 	 -4.000000
   27 	 -11.000000 	 -7.740000 	 0.000000
   28 	 -12.000000 	 -7.860000 	 -3.000000
   29 	 -10.000000 	 -7.760000 	 -2.000000
   30 	 -12.000000 	 -7.920000 	 -3.000000
   31 	 -9.000000 	 -7.710000 	 -3.000000
   32 	 -11.000000 	 -7.820000 	 -3.000000
   33 	 -12.000000 	 -7.870000 	 -2.000000
   34 	 -11.000000 	 -6.780000 	 -2.000000
   35 	 -11.000000 	 -7.040000 	 -5.000000
   36 	 -12.000000 	 -7.010000 	 -2.000000
   37 	 -11.000000 	 -6.740000 	 -2.000000
   38 	 -12.000000 	 -7.010000 	 0.000000
   39 	 -11.000000 	 -7.000000 	 -3.000000
   40 	 -12.000000 	 -7.020000 	 -2.000000
   41 	 -10.000000 	 -6.900000 	 -2.000000
   42 	 -9.000000 	 -6.720000 	 -3.000000
   43 	 -9.000000 	 -5.800000 	 -2.000000
   44 	 -8.000000 	 -2.970000 	 1.000000
   45 	 -9.000000 	 -4.960000 	 -1.000000
   46 	 -9.000000 	 -4.970000 	 1.000000
   47 	 -9.000000 	 -4.830000 	 0.000000
   48 	 -8.000000 	 -4.700000 	 0.000000
   49 	 -11.000000 	 -5.910000 	 -1.000000
   50 	 -9.000000 	 -5.830000 	 -1.000000
   51 	 -10.000000 	 -5.850000 	 2.000000
   52 	 -10.000000 	 -5.880000 	 -2.000000
   53 	 -10.000000 	 -5.940000 	 -2.000000
   54 	 -10.000000 	 -5.980000 	 -2.000000
   55 	 -10.000000 	 -5.860000 	 2.000000
   56 	 -9.000000 	 -5.860000 	 -2.000000
   57 	 -10.000000 	 -6.110000 	 -2.000000
   58 	 -9.000000 	 -4.810000 	 3.000000
   59 	 -9.000000 	 -5.170000 	 3.000000
   60 	 -9.000000 	 -5.040000 	 1.000000
   61 	 -5.000000 	 -0.880000 	 4.000000
   62 	 -7.000000 	 -1.100000 	 3.000000
   63 	 -8.000000 	 -3.980000 	 0.000000
   64 	 -9.000000 	 -5.070000 	 0.000000
   65 	 -9.000000 	 -4.990000 	 -1.000000
   66 	 -12.000000 	 -7.840000 	 -4.000000
   67 	 -8.000000 	 -7.590000 	 -1.000000
   68 	 -12.000000 	 -8.000000 	 -4.000000
   69 	 -12.000000 	 -7.940000 	 -4.000000
   70 	 -12.000000 	 -7.860000 	 -1.000000
   71 	 -12.000000 	 -7.770000 	 -4.000000
   72 	 -12.000000 	 -7.770000 	 -4.000000
   73 	 -12.000000 	 -7.690000 	 -4.000000
   74 	 -16.000000 	 -11.530000 	 -4.000000
   75 	 -15.000000 	 -10.550000 	 -6.000000
   76 	 -14.000000 	 -10.650000 	 -6.000000
   77 	 -14.000000 	 -10.710000 	 -7.000000
   78 	 -12.000000 	 -10.620000 	 -6.000000
   79 	 -15.000000 	 -10.610000 	 -6.000000
   80 	 -11.000000 	 -6.720000 	 1.000000
   81 	 -11.000000 	 -6.710000 	 -3.000000
   82 	 -11.000000 	 -6.740000 	 -2.000000
   83 	 -8.000000 	 -6.630000 	 2.000000
   84 	 -12.000000 	 -7.850000 	 -3.000000
   85 	 -12.000000 	 -7.830000 	 -2.000000
   86 	 -15.000000 	 -7.900000 	 -3.000000
   87 	 -12.000000 	 -6.940000 	 -2.000000
   88 	 -11.000000 	 -5.940000 	 -2.000000
   89 	 -11.000000 	 -6.030000 	 -2.000000
   90 	 -11.000000 	 -6.100000 	 -2.000000
   91 	 -9.000000 	 -5.830000 	 -2.000000
   92 	 -11.000000 	 -6.850000 	 -3.000000
   93 	 -12.000000 	 -6.870000 	 -2.000000
   94 	 -12.000000 	 -6.910000 	 -1.000000
   95 	 -8.000000 	 -6.760000 	 -3.000000
   96 	 -10.000000 	 -6.870000 	 -3.000000
   97 	 -12.000000 	 -6.780000 	 -2.000000
   98 	 -12.000000 	 -7.010000 	 -3.000000
   99 	 -11.000000 	 -6.790000 	 -3.000000
 