   0 	 -19.000000 	 0.580000 	 13.000000
    1 	 -4.000000 	 7.530000 	 15.000000
    2 	 1.000000 	 8.810000 	 16.000000
    3 	 1.000000 	 9.630000 	 18.000000
    4 	 -1.000000 	 10.430000 	 18.000000
    5 	 2.000000 	 11.040000 	 19.000000
    6 	 2.000000 	 11.980000 	 21.000000
    7 	 0.000000 	 12.400000 	 21.000000
    8 	 3.000000 	 13.170000 	 21.000000
    9 	 5.000000 	 14.320000 	 20.000000
   10 	 8.000000 	 14.540000 	 23.000000
   11 	 5.000000 	 14.750000 	 21.000000
   12 	 4.000000 	 14.890000 	 21.000000
   13 	 6.000000 	 14.770000 	 21.000000
   14 	 6.000000 	 15.380000 	 21.000000
   15 	 7.000000 	 15.910000 	 21.000000
   16 	 7.000000 	 15.560000 	 22.000000
   17 	 9.000000 	 15.800000 	 21.000000
   18 	 7.000000 	 16.080000 	 22.000000
   19 	 5.000000 	 16.180000 	 22.000000
   20 	 1.000000 	 16.230000 	 22.000000
   21 	 7.000000 	 16.290000 	 22.000000
   22 	 8.000000 	 16.390000 	 22.000000
   23 	 8.000000 	 16.730000 	 22.000000
   24 	 10.000000 	 17.450000 	 23.000000
   25 	 8.000000 	 17.510000 	 23.000000
   26 	 9.000000 	 18.160000 	 22.000000
   27 	 12.000000 	 18.150000 	 22.000000
   28 	 10.000000 	 17.840000 	 22.000000
   29 	 8.000000 	 18.100000 	 22.000000
   30 	 11.000000 	 17.860000 	 23.000000
   31 	 10.000000 	 18.210000 	 23.000000
   32 	 10.000000 	 18.100000 	 23.000000
   33 	 10.000000 	 18.050000 	 23.000000
   34 	 6.000000 	 17.240000 	 22.000000
   35 	 8.000000 	 17.430000 	 22.000000
   36 	 7.000000 	 17.450000 	 23.000000
   37 	 8.000000 	 17.800000 	 22.000000
   38 	 9.000000 	 17.890000 	 22.000000
   39 	 8.000000 	 17.840000 	 22.000000
   40 	 7.000000 	 17.810000 	 23.000000
   41 	 9.000000 	 18.440000 	 22.000000
   42 	 11.000000 	 18.700000 	 22.000000
   43 	 11.000000 	 18.490000 	 22.000000
   44 	 12.000000 	 18.690000 	 22.000000
   45 	 12.000000 	 18.690000 	 22.000000
   46 	 10.000000 	 18.450000 	 22.000000
   47 	 12.000000 	 18.300000 	 22.000000
   48 	 11.000000 	 18.150000 	 23.000000
   49 	 12.000000 	 17.890000 	 22.000000
   50 	 7.000000 	 17.580000 	 22.000000
   51 	 8.000000 	 17.480000 	 23.000000
   52 	 7.000000 	 17.120000 	 22.000000
   53 	 11.000000 	 17.540000 	 22.000000
   54 	 9.000000 	 17.690000 	 22.000000
   55 	 10.000000 	 17.470000 	 22.000000
   56 	 11.000000 	 18.040000 	 21.000000
   57 	 11.000000 	 18.330000 	 22.000000
   58 	 11.000000 	 18.280000 	 22.000000
   59 	 9.000000 	 17.760000 	 22.000000
   60 	 4.000000 	 17.880000 	 22.000000
   61 	 10.000000 	 18.000000 	 22.000000
   62 	 8.000000 	 17.760000 	 22.000000
   63 	 8.000000 	 17.560000 	 23.000000
   64 	 8.000000 	 18.110000 	 23.000000
   65 	 8.000000 	 18.040000 	 23.000000
   66 	 5.000000 	 18.150000 	 23.000000
   67 	 7.000000 	 18.430000 	 24.000000
   68 	 7.000000 	 18.300000 	 23.000000
   69 	 10.000000 	 18.760000 	 22.000000
   70 	 11.000000 	 18.490000 	 22.000000
   71 	 10.000000 	 18.200000 	 22.000000
   72 	 11.000000 	 17.840000 	 22.000000
   73 	 9.000000 	 17.610000 	 22.000000
   74 	 9.000000 	 18.120000 	 22.000000
   75 	 9.000000 	 17.790000 	 22.000000
   76 	 9.000000 	 17.820000 	 23.000000
   77 	 11.000000 	 18.330000 	 23.000000
   78 	 9.000000 	 18.230000 	 23.000000
   79 	 12.000000 	 18.300000 	 23.000000
   80 	 12.000000 	 18.780000 	 22.000000
   81 	 13.000000 	 18.770000 	 22.000000
   82 	 11.000000 	 18.460000 	 22.000000
   83 	 9.000000 	 18.330000 	 22.000000
   84 	 9.000000 	 18.020000 	 23.000000
   85 	 11.000000 	 17.870000 	 23.000000
   86 	 11.000000 	 17.790000 	 22.000000
   87 	 9.000000 	 17.710000 	 22.000000
   88 	 9.000000 	 17.530000 	 22.000000
   89 	 10.000000 	 18.320000 	 22.000000
   90 	 12.000000 	 18.330000 	 23.000000
   91 	 8.000000 	 18.520000 	 23.000000
   92 	 8.000000 	 18.470000 	 24.000000
   93 	 9.000000 	 17.910000 	 24.000000
   94 	 11.000000 	 17.760000 	 23.000000
   95 	 10.000000 	 17.440000 	 22.000000
   96 	 8.000000 	 17.430000 	 23.000000
   97 	 10.000000 	 17.450000 	 22.000000
   98 	 11.000000 	 17.550000 	 22.000000
   99 	 9.000000 	 17.700000 	 21.000000
 