   0 	 -16.000000 	 -0.260000 	 12.000000
    1 	 -7.000000 	 -1.840000 	 9.000000
    2 	 -8.000000 	 -3.830000 	 0.000000
    3 	 -5.000000 	 -0.980000 	 3.000000
    4 	 -3.000000 	 -0.050000 	 3.000000
    5 	 -4.000000 	 0.110000 	 4.000000
    6 	 -2.000000 	 2.420000 	 11.000000
    7 	 -4.000000 	 4.020000 	 11.000000
    8 	 -1.000000 	 5.360000 	 14.000000
    9 	 -3.000000 	 7.400000 	 19.000000
   10 	 1.000000 	 8.710000 	 18.000000
   11 	 2.000000 	 10.190000 	 19.000000
   12 	 2.000000 	 10.940000 	 20.000000
   13 	 4.000000 	 12.280000 	 19.000000
   14 	 3.000000 	 12.530000 	 19.000000
   15 	 1.000000 	 13.170000 	 20.000000
   16 	 5.000000 	 13.560000 	 20.000000
   17 	 6.000000 	 13.970000 	 20.000000
   18 	 6.000000 	 14.740000 	 21.000000
   19 	 2.000000 	 14.980000 	 21.000000
   20 	 9.000000 	 15.460000 	 21.000000
   21 	 9.000000 	 15.850000 	 21.000000
   22 	 9.000000 	 16.330000 	 21.000000
   23 	 7.000000 	 16.320000 	 21.000000
   24 	 5.000000 	 16.490000 	 22.000000
   25 	 10.000000 	 16.780000 	 22.000000
   26 	 8.000000 	 16.500000 	 22.000000
   27 	 8.000000 	 16.740000 	 22.000000
   28 	 8.000000 	 16.850000 	 22.000000
   29 	 11.000000 	 17.090000 	 22.000000
   30 	 10.000000 	 17.360000 	 22.000000
   31 	 6.000000 	 17.670000 	 22.000000
   32 	 10.000000 	 17.760000 	 22.000000
   33 	 10.000000 	 17.780000 	 22.000000
   34 	 10.000000 	 17.950000 	 22.000000
   35 	 9.000000 	 17.910000 	 22.000000
   36 	 9.000000 	 18.250000 	 22.000000
   37 	 10.000000 	 18.520000 	 22.000000
   38 	 12.000000 	 18.570000 	 23.000000
   39 	 12.000000 	 18.340000 	 23.000000
   40 	 9.000000 	 18.410000 	 23.000000
   41 	 10.000000 	 18.590000 	 23.000000
   42 	 6.000000 	 18.290000 	 22.000000
   43 	 3.000000 	 17.710000 	 22.000000
   44 	 3.000000 	 17.660000 	 22.000000
   45 	 11.000000 	 17.620000 	 22.000000
   46 	 9.000000 	 17.960000 	 23.000000
   47 	 10.000000 	 18.170000 	 23.000000
   48 	 11.000000 	 18.090000 	 23.000000
   49 	 9.000000 	 17.690000 	 23.000000
   50 	 10.000000 	 17.720000 	 23.000000
   51 	 10.000000 	 17.870000 	 23.000000
   52 	 8.000000 	 17.690000 	 22.000000
   53 	 9.000000 	 18.440000 	 23.000000
   54 	 11.000000 	 18.710000 	 22.000000
   55 	 10.000000 	 18.680000 	 22.000000
   56 	 10.000000 	 17.890000 	 23.000000
   57 	 9.000000 	 18.010000 	 24.000000
   58 	 8.000000 	 17.560000 	 22.000000
   59 	 10.000000 	 17.630000 	 22.000000
   60 	 9.000000 	 18.090000 	 23.000000
   61 	 8.000000 	 18.570000 	 23.000000
   62 	 9.000000 	 19.220000 	 23.000000
   63 	 13.000000 	 19.280000 	 24.000000
   64 	 12.000000 	 18.690000 	 24.000000
   65 	 11.000000 	 18.230000 	 23.000000
   66 	 7.000000 	 18.150000 	 22.000000
   67 	 9.000000 	 17.880000 	 22.000000
   68 	 9.000000 	 17.410000 	 22.000000
   69 	 9.000000 	 17.850000 	 22.000000
   70 	 11.000000 	 17.730000 	 23.000000
   71 	 9.000000 	 17.810000 	 22.000000
   72 	 9.000000 	 18.190000 	 22.000000
   73 	 12.000000 	 18.230000 	 22.000000
   74 	 10.000000 	 18.460000 	 22.000000
   75 	 9.000000 	 18.630000 	 22.000000
   76 	 12.000000 	 18.670000 	 23.000000
   77 	 9.000000 	 18.300000 	 22.000000
   78 	 11.000000 	 18.500000 	 23.000000
   79 	 11.000000 	 18.140000 	 23.000000
   80 	 8.000000 	 17.850000 	 22.000000
   81 	 8.000000 	 17.840000 	 22.000000
   82 	 9.000000 	 17.790000 	 23.000000
   83 	 11.000000 	 17.580000 	 23.000000
   84 	 11.000000 	 17.660000 	 22.000000
   85 	 7.000000 	 17.810000 	 22.000000
   86 	 11.000000 	 17.900000 	 22.000000
   87 	 10.000000 	 17.460000 	 22.000000
   88 	 7.000000 	 17.700000 	 22.000000
   89 	 9.000000 	 18.500000 	 22.000000
   90 	 9.000000 	 18.310000 	 22.000000
   91 	 7.000000 	 18.210000 	 23.000000
   92 	 8.000000 	 18.230000 	 23.000000
   93 	 10.000000 	 18.560000 	 23.000000
   94 	 12.000000 	 18.540000 	 22.000000
   95 	 10.000000 	 18.080000 	 22.000000
   96 	 11.000000 	 18.150000 	 22.000000
   97 	 12.000000 	 17.920000 	 22.000000
   98 	 11.000000 	 18.120000 	 23.000000
   99 	 11.000000 	 18.130000 	 23.000000
 