   0 	 -16.000000 	 -0.070000 	 12.000000
    1 	 -4.000000 	 0.070000 	 4.000000
    2 	 -2.000000 	 3.600000 	 9.000000
    3 	 -2.000000 	 5.020000 	 12.000000
    4 	 -1.000000 	 6.310000 	 13.000000
    5 	 -1.000000 	 7.630000 	 14.000000
    6 	 0.000000 	 8.550000 	 16.000000
    7 	 -1.000000 	 10.070000 	 16.000000
    8 	 7.000000 	 11.420000 	 19.000000
    9 	 6.000000 	 12.290000 	 19.000000
   10 	 5.000000 	 13.100000 	 19.000000
   11 	 6.000000 	 13.190000 	 18.000000
   12 	 0.000000 	 12.950000 	 18.000000
   13 	 4.000000 	 13.080000 	 18.000000
   14 	 6.000000 	 13.390000 	 18.000000
   15 	 6.000000 	 13.340000 	 18.000000
   16 	 6.000000 	 13.500000 	 18.000000
   17 	 8.000000 	 14.090000 	 19.000000
   18 	 3.000000 	 14.310000 	 19.000000
   19 	 8.000000 	 14.350000 	 19.000000
   20 	 7.000000 	 14.180000 	 19.000000
   21 	 7.000000 	 14.420000 	 18.000000
   22 	 8.000000 	 14.740000 	 19.000000
   23 	 6.000000 	 14.920000 	 20.000000
   24 	 5.000000 	 15.180000 	 20.000000
   25 	 9.000000 	 15.730000 	 20.000000
   26 	 5.000000 	 15.390000 	 20.000000
   27 	 7.000000 	 15.390000 	 20.000000
   28 	 8.000000 	 15.660000 	 20.000000
   29 	 9.000000 	 16.180000 	 21.000000
   30 	 9.000000 	 16.370000 	 21.000000
   31 	 9.000000 	 16.410000 	 21.000000
   32 	 8.000000 	 16.620000 	 22.000000
   33 	 9.000000 	 16.750000 	 21.000000
   34 	 9.000000 	 16.830000 	 21.000000
   35 	 9.000000 	 16.950000 	 21.000000
   36 	 10.000000 	 17.150000 	 21.000000
   37 	 7.000000 	 17.020000 	 22.000000
   38 	 11.000000 	 17.170000 	 23.000000
   39 	 9.000000 	 16.930000 	 21.000000
   40 	 7.000000 	 17.160000 	 21.000000
   41 	 10.000000 	 16.980000 	 21.000000
   42 	 9.000000 	 17.050000 	 22.000000
   43 	 9.000000 	 17.670000 	 22.000000
   44 	 9.000000 	 17.750000 	 22.000000
   45 	 4.000000 	 17.510000 	 22.000000
   46 	 9.000000 	 17.680000 	 23.000000
   47 	 8.000000 	 17.950000 	 22.000000
   48 	 9.000000 	 17.820000 	 22.000000
   49 	 8.000000 	 17.670000 	 23.000000
   50 	 5.000000 	 17.620000 	 24.000000
   51 	 9.000000 	 17.890000 	 23.000000
   52 	 9.000000 	 18.110000 	 23.000000
   53 	 10.000000 	 18.390000 	 23.000000
   54 	 10.000000 	 18.610000 	 22.000000
   55 	 10.000000 	 18.660000 	 23.000000
   56 	 10.000000 	 18.510000 	 22.000000
   57 	 12.000000 	 18.670000 	 22.000000
   58 	 11.000000 	 18.560000 	 22.000000
   59 	 11.000000 	 18.370000 	 23.000000
   60 	 12.000000 	 18.090000 	 23.000000
   61 	 12.000000 	 18.220000 	 22.000000
   62 	 12.000000 	 18.020000 	 22.000000
   63 	 10.000000 	 18.230000 	 22.000000
   64 	 8.000000 	 17.830000 	 22.000000
   65 	 9.000000 	 17.570000 	 22.000000
   66 	 7.000000 	 17.650000 	 22.000000
   67 	 9.000000 	 17.670000 	 23.000000
   68 	 9.000000 	 17.970000 	 22.000000
   69 	 8.000000 	 17.880000 	 23.000000
   70 	 10.000000 	 18.370000 	 23.000000
   71 	 9.000000 	 17.990000 	 23.000000
   72 	 8.000000 	 18.210000 	 22.000000
   73 	 9.000000 	 18.020000 	 23.000000
   74 	 10.000000 	 18.270000 	 23.000000
   75 	 11.000000 	 18.200000 	 23.000000
   76 	 12.000000 	 18.240000 	 24.000000
   77 	 11.000000 	 18.130000 	 24.000000
   78 	 11.000000 	 18.070000 	 23.000000
   79 	 11.000000 	 18.020000 	 23.000000
   80 	 8.000000 	 17.710000 	 23.000000
   81 	 8.000000 	 18.220000 	 23.000000
   82 	 8.000000 	 17.960000 	 23.000000
   83 	 10.000000 	 18.250000 	 23.000000
   84 	 7.000000 	 18.010000 	 23.000000
   85 	 9.000000 	 17.870000 	 23.000000
   86 	 7.000000 	 17.950000 	 23.000000
   87 	 12.000000 	 18.510000 	 22.000000
   88 	 9.000000 	 18.950000 	 23.000000
   89 	 10.000000 	 18.710000 	 23.000000
   90 	 12.000000 	 18.740000 	 23.000000
   91 	 10.000000 	 18.840000 	 23.000000
   92 	 10.000000 	 18.630000 	 23.000000
   93 	 9.000000 	 18.420000 	 23.000000
   94 	 8.000000 	 18.270000 	 23.000000
   95 	 10.000000 	 18.210000 	 23.000000
   96 	 8.000000 	 17.700000 	 23.000000
   97 	 8.000000 	 18.040000 	 22.000000
   98 	 10.000000 	 18.320000 	 22.000000
   99 	 6.000000 	 18.380000 	 22.000000
 