   0 	 -13.000000 	 -0.610000 	 15.000000
    1 	 7.000000 	 10.790000 	 15.000000
    2 	 7.000000 	 10.800000 	 18.000000
    3 	 4.000000 	 10.750000 	 18.000000
    4 	 4.000000 	 10.640000 	 18.000000
    5 	 6.000000 	 10.860000 	 18.000000
    6 	 5.000000 	 11.310000 	 18.000000
    7 	 4.000000 	 11.460000 	 18.000000
    8 	 4.000000 	 11.810000 	 18.000000
    9 	 6.000000 	 12.660000 	 19.000000
   10 	 5.000000 	 12.810000 	 19.000000
   11 	 4.000000 	 13.490000 	 22.000000
   12 	 6.000000 	 13.750000 	 22.000000
   13 	 6.000000 	 14.440000 	 22.000000
   14 	 6.000000 	 14.450000 	 22.000000
   15 	 6.000000 	 15.080000 	 22.000000
   16 	 8.000000 	 15.180000 	 22.000000
   17 	 7.000000 	 15.510000 	 22.000000
   18 	 5.000000 	 16.020000 	 22.000000
   19 	 5.000000 	 16.170000 	 22.000000
   20 	 8.000000 	 16.240000 	 22.000000
   21 	 8.000000 	 16.590000 	 22.000000
   22 	 7.000000 	 16.690000 	 22.000000
   23 	 5.000000 	 16.740000 	 22.000000
   24 	 3.000000 	 16.390000 	 21.000000
   25 	 7.000000 	 16.500000 	 21.000000
   26 	 10.000000 	 16.560000 	 21.000000
   27 	 6.000000 	 16.920000 	 23.000000
   28 	 10.000000 	 17.400000 	 23.000000
   29 	 10.000000 	 17.440000 	 22.000000
   30 	 8.000000 	 17.080000 	 22.000000
   31 	 5.000000 	 17.180000 	 22.000000
   32 	 9.000000 	 17.450000 	 22.000000
   33 	 9.000000 	 17.850000 	 22.000000
   34 	 11.000000 	 17.870000 	 22.000000
   35 	 9.000000 	 17.230000 	 21.000000
   36 	 7.000000 	 16.920000 	 21.000000
   37 	 10.000000 	 17.140000 	 21.000000
   38 	 6.000000 	 17.030000 	 22.000000
   39 	 9.000000 	 17.080000 	 22.000000
   40 	 11.000000 	 17.190000 	 23.000000
   41 	 12.000000 	 17.070000 	 22.000000
   42 	 8.000000 	 16.870000 	 23.000000
   43 	 9.000000 	 17.040000 	 23.000000
   44 	 9.000000 	 17.410000 	 22.000000
   45 	 8.000000 	 17.170000 	 22.000000
   46 	 9.000000 	 17.960000 	 22.000000
   47 	 9.000000 	 18.390000 	 22.000000
   48 	 8.000000 	 18.770000 	 23.000000
   49 	 7.000000 	 18.360000 	 23.000000
   50 	 11.000000 	 18.830000 	 23.000000
   51 	 10.000000 	 18.560000 	 23.000000
   52 	 9.000000 	 18.620000 	 23.000000
   53 	 8.000000 	 18.620000 	 22.000000
   54 	 10.000000 	 18.400000 	 22.000000
   55 	 9.000000 	 18.180000 	 22.000000
   56 	 13.000000 	 18.540000 	 23.000000
   57 	 11.000000 	 18.420000 	 22.000000
   58 	 7.000000 	 18.700000 	 23.000000
   59 	 6.000000 	 18.340000 	 23.000000
   60 	 11.000000 	 18.540000 	 22.000000
   61 	 13.000000 	 18.670000 	 23.000000
   62 	 10.000000 	 18.590000 	 22.000000
   63 	 10.000000 	 18.590000 	 22.000000
   64 	 12.000000 	 18.330000 	 23.000000
   65 	 13.000000 	 18.640000 	 23.000000
   66 	 9.000000 	 18.470000 	 23.000000
   67 	 10.000000 	 18.560000 	 23.000000
   68 	 11.000000 	 18.150000 	 22.000000
   69 	 10.000000 	 18.130000 	 23.000000
   70 	 10.000000 	 17.630000 	 22.000000
   71 	 11.000000 	 17.530000 	 22.000000
   72 	 10.000000 	 17.710000 	 22.000000
   73 	 8.000000 	 17.510000 	 22.000000
   74 	 5.000000 	 17.300000 	 23.000000
   75 	 10.000000 	 17.710000 	 23.000000
   76 	 10.000000 	 17.630000 	 23.000000
   77 	 10.000000 	 17.680000 	 22.000000
   78 	 11.000000 	 18.600000 	 23.000000
   79 	 12.000000 	 18.580000 	 23.000000
   80 	 11.000000 	 18.130000 	 24.000000
   81 	 9.000000 	 18.090000 	 23.000000
   82 	 11.000000 	 18.520000 	 23.000000
   83 	 10.000000 	 18.710000 	 23.000000
   84 	 10.000000 	 18.810000 	 23.000000
   85 	 9.000000 	 18.270000 	 23.000000
   86 	 7.000000 	 18.050000 	 22.000000
   87 	 11.000000 	 18.080000 	 23.000000
   88 	 12.000000 	 17.590000 	 22.000000
   89 	 10.000000 	 17.580000 	 23.000000
   90 	 10.000000 	 18.030000 	 23.000000
   91 	 11.000000 	 18.680000 	 23.000000
   92 	 11.000000 	 18.860000 	 23.000000
   93 	 11.000000 	 18.710000 	 23.000000
   94 	 11.000000 	 18.690000 	 23.000000
   95 	 13.000000 	 18.980000 	 23.000000
   96 	 10.000000 	 18.880000 	 23.000000
   97 	 10.000000 	 18.490000 	 23.000000
   98 	 10.000000 	 18.430000 	 23.000000
   99 	 9.000000 	 18.840000 	 23.000000
 