   0 	 -1.000000 	 386547056.672267 	 4294967296.000000
    1 	 -1.000000 	 1417339207.721333 	 4294967296.000000
    2 	 -1.000000 	 1932735283.201333 	 4294967296.000000
    3 	 -1.000000 	 1803886264.334167 	 4294967296.000000
    4 	 -1.000000 	 1932735283.251333 	 4294967296.000000
    5 	 -1.000000 	 2534030704.617167 	 4294967296.000000
    6 	 -1.000000 	 2448131358.693238 	 4294967296.000000
    7 	 -1.000000 	 3092376453.082929 	 4294967296.000000
    8 	 -1.000000 	 3221225471.997083 	 4294967296.000000
    9 	 -1.000000 	 3307124817.929167 	 4294967296.000000
   10 	 -1.000000 	 3307124817.954999 	 4294967296.000000
   11 	 -1.000000 	 3521873182.769500 	 4294967296.000000
   12 	 -1.000000 	 3307124817.923833 	 4294967296.000000
   13 	 -1.000000 	 3178275799.087738 	 4294967296.000000
   14 	 -1.000000 	 3521873182.760833 	 4294967296.000000
   15 	 -1.000000 	 3478923509.764501 	 4294967296.000000
   16 	 -1.000000 	 3607772528.614500 	 4294967296.000000
   17 	 -1.000000 	 3650722201.549500 	 4294967296.000000
   18 	 -1.000000 	 3393024163.852000 	 4294967296.000000
   19 	 -1.000000 	 3478923509.731500 	 4294967296.000000
   20 	 -1.000000 	 3478923509.741167 	 4294967296.000000
   21 	 -0.500000 	 3822520893.440000 	 4294967296.000000
   22 	 -1.000000 	 3393024163.921167 	 4294967296.000000
   23 	 -1.000000 	 3650722201.597833 	 4294967296.000000
   24 	 -1.000000 	 3693671874.577917 	 4294967296.000000
   25 	 -1.000000 	 3564822855.681072 	 4294967296.000000
   26 	 -0.500000 	 3779571220.531667 	 4294967296.000000
   27 	 -1.000000 	 3822520893.453333 	 4294967296.000000
   28 	 -1.000000 	 3607772528.637001 	 4294967296.000000
   29 	 -0.333333 	 3564822855.759000 	 4294967296.000000
   30 	 -1.000000 	 3650722201.609500 	 4294967296.000000
   31 	 -1.000000 	 3435973836.799166 	 4294967296.000000
   32 	 -1.000000 	 3650722201.665834 	 4294967296.000000
   33 	 -1.000000 	 3393024163.795167 	 4294967296.000000
   34 	 -1.000000 	 3607772528.663667 	 4294967296.000000
   35 	 -1.000000 	 3478923509.741488 	 4294967296.000000
   36 	 -1.000000 	 3435973836.811166 	 4294967296.000000
   37 	 -1.000000 	 3435973836.823166 	 4294967296.000000
   38 	 -1.000000 	 3221225471.941500 	 4294967296.000000
   39 	 -1.000000 	 3350074490.898334 	 4294967296.000000
   40 	 -1.000000 	 3393024163.864999 	 4294967296.000000
   41 	 -1.000000 	 3607772528.581666 	 4294967296.000000
   42 	 -0.500000 	 3607772528.658166 	 4294967296.000000
   43 	 -1.000000 	 3650722201.663334 	 4294967296.000000
   44 	 -1.000000 	 3350074490.866333 	 4294967296.000000
   45 	 -1.000000 	 3264175145.022095 	 4294967296.000000
   46 	 -1.000000 	 3564822855.661500 	 4294967296.000000
   47 	 -1.000000 	 3650722201.618166 	 4294967296.000000
   48 	 -1.000000 	 3779571220.479167 	 4294967296.000000
   49 	 -1.000000 	 3736621547.554500 	 4294967296.000000
   50 	 -1.000000 	 3264175144.970500 	 4294967296.000000
   51 	 -0.500000 	 3779571220.523333 	 4294967296.000000
   52 	 -1.000000 	 3521873182.732500 	 4294967296.000000
   53 	 -1.000000 	 3478923509.769000 	 4294967296.000000
   54 	 -0.500000 	 3521873182.786166 	 4294967296.000000
   55 	 -1.000000 	 3478923509.747833 	 4294967296.000000
   56 	 -1.000000 	 3435973836.785000 	 4294967296.000000
   57 	 -1.000000 	 3478923509.826667 	 4294967296.000000
   58 	 -1.000000 	 3650722201.632000 	 4294967296.000000
   59 	 -1.000000 	 3693671874.569833 	 4294967296.000000
   60 	 -1.000000 	 3564822855.752000 	 4294967296.000000
   61 	 -1.000000 	 3478923509.727000 	 4294967296.000000
   62 	 -1.000000 	 3350074490.887835 	 4294967296.000000
   63 	 -1.000000 	 3435973836.803500 	 4294967296.000000
   64 	 -1.000000 	 3650722201.581000 	 4294967296.000000
   65 	 -1.000000 	 3307124817.986834 	 4294967296.000000
   66 	 -1.000000 	 3435973836.806500 	 4294967296.000000
   67 	 -1.000000 	 3822520893.456666 	 4294967296.000000
   68 	 -1.000000 	 3221225472.001166 	 4294967296.000000
   69 	 -1.000000 	 3736621547.510001 	 4294967296.000000
   70 	 -1.000000 	 3393024163.904500 	 4294967296.000000
   71 	 -1.000000 	 3650722201.647500 	 4294967296.000000
   72 	 -1.000000 	 3779571220.530000 	 4294967296.000000
   73 	 -1.000000 	 3178275799.026666 	 4294967296.000000
   74 	 -1.000000 	 3564822855.805000 	 4294967296.000000
   75 	 -1.000000 	 3521873182.736666 	 4294967296.000000
   76 	 -1.000000 	 3478923509.841167 	 4294967296.000000
   77 	 -1.000000 	 3521873182.767833 	 4294967296.000000
   78 	 -1.000000 	 3564822855.713500 	 4294967296.000000
   79 	 -1.000000 	 3307124817.928500 	 4294967296.000000
   80 	 -1.000000 	 3736621547.507501 	 4294967296.000000
   81 	 -1.000000 	 3779571220.489500 	 4294967296.000000
   82 	 -1.000000 	 3650722201.587500 	 4294967296.000000
   83 	 -1.000000 	 3564822855.774000 	 4294967296.000000
   84 	 -1.000000 	 3779571220.440000 	 4294967296.000000
   85 	 -1.000000 	 3307124817.952500 	 4294967296.000000
   86 	 -1.000000 	 3521873182.716001 	 4294967296.000000
   87 	 -1.000000 	 3350074490.915667 	 4294967296.000000
   88 	 -1.000000 	 3178275799.127333 	 4294967296.000000
   89 	 -1.000000 	 3478923509.783667 	 4294967296.000000
   90 	 -1.000000 	 3693671874.606167 	 4294967296.000000
   91 	 -1.000000 	 3779571220.475000 	 4294967296.000000
   92 	 -1.000000 	 3478923509.792834 	 4294967296.000000
   93 	 -1.000000 	 3650722201.612833 	 4294967296.000000
   94 	 -1.000000 	 3435973836.857833 	 4294967296.000000
   95 	 -1.000000 	 3264175145.005000 	 4294967296.000000
   96 	 -0.500000 	 3693671874.584583 	 4294967296.000000
   97 	 -1.000000 	 3478923509.757499 	 4294967296.000000
   98 	 -1.000000 	 3564822855.700333 	 4294967296.000000
   99 	 -1.000000 	 3607772528.730000 	 4294967296.000000
 