   0 	 -11.000000 	 0.670000 	 14.000000
    1 	 -4.000000 	 6.650000 	 16.000000
    2 	 -3.000000 	 9.590000 	 16.000000
    3 	 1.000000 	 10.730000 	 18.000000
    4 	 -2.000000 	 11.340000 	 20.000000
    5 	 3.000000 	 11.850000 	 19.000000
    6 	 3.000000 	 12.990000 	 19.000000
    7 	 -3.000000 	 13.000000 	 19.000000
    8 	 4.000000 	 13.480000 	 19.000000
    9 	 4.000000 	 13.630000 	 20.000000
   10 	 4.000000 	 13.840000 	 21.000000
   11 	 5.000000 	 14.010000 	 21.000000
   12 	 6.000000 	 14.130000 	 21.000000
   13 	 8.000000 	 14.400000 	 21.000000
   14 	 8.000000 	 14.810000 	 21.000000
   15 	 5.000000 	 14.680000 	 20.000000
   16 	 4.000000 	 14.930000 	 21.000000
   17 	 3.000000 	 15.280000 	 21.000000
   18 	 9.000000 	 16.030000 	 21.000000
   19 	 7.000000 	 16.330000 	 21.000000
   20 	 8.000000 	 16.230000 	 21.000000
   21 	 5.000000 	 16.250000 	 21.000000
   22 	 9.000000 	 16.670000 	 21.000000
   23 	 8.000000 	 16.600000 	 21.000000
   24 	 8.000000 	 16.280000 	 22.000000
   25 	 8.000000 	 16.320000 	 22.000000
   26 	 6.000000 	 16.610000 	 21.000000
   27 	 9.000000 	 16.950000 	 21.000000
   28 	 11.000000 	 17.250000 	 21.000000
   29 	 8.000000 	 17.260000 	 22.000000
   30 	 7.000000 	 17.560000 	 22.000000
   31 	 9.000000 	 17.400000 	 23.000000
   32 	 9.000000 	 17.100000 	 22.000000
   33 	 10.000000 	 17.260000 	 23.000000
   34 	 8.000000 	 16.810000 	 23.000000
   35 	 10.000000 	 17.360000 	 23.000000
   36 	 11.000000 	 16.940000 	 23.000000
   37 	 8.000000 	 17.120000 	 23.000000
   38 	 8.000000 	 17.250000 	 22.000000
   39 	 8.000000 	 17.010000 	 23.000000
   40 	 5.000000 	 17.050000 	 21.000000
   41 	 6.000000 	 17.080000 	 22.000000
   42 	 8.000000 	 17.440000 	 22.000000
   43 	 10.000000 	 17.470000 	 22.000000
   44 	 5.000000 	 17.270000 	 22.000000
   45 	 6.000000 	 17.590000 	 22.000000
   46 	 11.000000 	 17.850000 	 23.000000
   47 	 9.000000 	 17.640000 	 22.000000
   48 	 5.000000 	 18.220000 	 23.000000
   49 	 7.000000 	 17.950000 	 23.000000
   50 	 11.000000 	 18.000000 	 23.000000
   51 	 9.000000 	 18.360000 	 23.000000
   52 	 11.000000 	 18.430000 	 23.000000
   53 	 12.000000 	 18.650000 	 22.000000
   54 	 12.000000 	 18.400000 	 23.000000
   55 	 7.000000 	 18.010000 	 23.000000
   56 	 6.000000 	 18.190000 	 23.000000
   57 	 10.000000 	 18.290000 	 23.000000
   58 	 10.000000 	 18.260000 	 23.000000
   59 	 10.000000 	 18.220000 	 22.000000
   60 	 7.000000 	 18.260000 	 23.000000
   61 	 11.000000 	 18.030000 	 22.000000
   62 	 10.000000 	 18.420000 	 23.000000
   63 	 13.000000 	 19.130000 	 24.000000
   64 	 7.000000 	 18.760000 	 23.000000
   65 	 11.000000 	 18.800000 	 23.000000
   66 	 9.000000 	 18.560000 	 23.000000
   67 	 9.000000 	 18.980000 	 24.000000
   68 	 12.000000 	 19.150000 	 24.000000
   69 	 10.000000 	 19.220000 	 23.000000
   70 	 13.000000 	 19.000000 	 23.000000
   71 	 6.000000 	 18.800000 	 23.000000
   72 	 9.000000 	 18.460000 	 23.000000
   73 	 8.000000 	 17.930000 	 23.000000
   74 	 12.000000 	 17.920000 	 22.000000
   75 	 12.000000 	 17.820000 	 22.000000
   76 	 8.000000 	 17.270000 	 23.000000
   77 	 9.000000 	 17.060000 	 22.000000
   78 	 8.000000 	 18.030000 	 22.000000
   79 	 11.000000 	 18.240000 	 23.000000
   80 	 10.000000 	 18.370000 	 22.000000
   81 	 11.000000 	 17.960000 	 24.000000
   82 	 9.000000 	 17.530000 	 24.000000
   83 	 10.000000 	 18.140000 	 23.000000
   84 	 10.000000 	 18.140000 	 24.000000
   85 	 10.000000 	 17.630000 	 24.000000
   86 	 11.000000 	 18.000000 	 23.000000
   87 	 9.000000 	 18.140000 	 22.000000
   88 	 10.000000 	 17.970000 	 22.000000
   89 	 9.000000 	 17.970000 	 22.000000
   90 	 9.000000 	 18.290000 	 23.000000
   91 	 9.000000 	 18.060000 	 23.000000
   92 	 7.000000 	 17.860000 	 24.000000
   93 	 9.000000 	 18.360000 	 23.000000
   94 	 10.000000 	 18.180000 	 23.000000
   95 	 7.000000 	 18.130000 	 23.000000
   96 	 11.000000 	 17.740000 	 22.000000
   97 	 9.000000 	 17.810000 	 23.000000
   98 	 9.000000 	 17.820000 	 23.000000
   99 	 9.000000 	 17.730000 	 24.000000
 