   0 	 -11.000000 	 0.400000 	 15.000000
    1 	 6.000000 	 13.440000 	 22.000000
    2 	 5.000000 	 13.870000 	 23.000000
    3 	 4.000000 	 14.370000 	 22.000000
    4 	 4.000000 	 14.260000 	 21.000000
    5 	 7.000000 	 14.320000 	 21.000000
    6 	 9.000000 	 14.800000 	 20.000000
    7 	 5.000000 	 15.150000 	 22.000000
    8 	 10.000000 	 16.040000 	 22.000000
    9 	 8.000000 	 16.800000 	 23.000000
   10 	 7.000000 	 17.050000 	 22.000000
   11 	 5.000000 	 17.360000 	 22.000000
   12 	 8.000000 	 17.280000 	 22.000000
   13 	 9.000000 	 17.420000 	 22.000000
   14 	 8.000000 	 17.600000 	 23.000000
   15 	 9.000000 	 17.580000 	 23.000000
   16 	 11.000000 	 18.030000 	 22.000000
   17 	 12.000000 	 18.120000 	 22.000000
   18 	 12.000000 	 18.310000 	 22.000000
   19 	 10.000000 	 18.010000 	 22.000000
   20 	 11.000000 	 18.080000 	 22.000000
   21 	 9.000000 	 18.370000 	 23.000000
   22 	 9.000000 	 18.070000 	 22.000000
   23 	 8.000000 	 17.730000 	 22.000000
   24 	 11.000000 	 18.020000 	 22.000000
   25 	 12.000000 	 18.220000 	 23.000000
   26 	 10.000000 	 18.190000 	 23.000000
   27 	 10.000000 	 17.970000 	 23.000000
   28 	 11.000000 	 17.610000 	 22.000000
   29 	 9.000000 	 16.810000 	 22.000000
   30 	 6.000000 	 16.530000 	 22.000000
   31 	 8.000000 	 16.680000 	 22.000000
   32 	 10.000000 	 16.820000 	 22.000000
   33 	 9.000000 	 16.930000 	 21.000000
   34 	 7.000000 	 17.420000 	 22.000000
   35 	 7.000000 	 17.160000 	 22.000000
   36 	 9.000000 	 17.470000 	 22.000000
   37 	 8.000000 	 17.370000 	 23.000000
   38 	 4.000000 	 17.400000 	 22.000000
   39 	 8.000000 	 18.170000 	 23.000000
   40 	 9.000000 	 17.590000 	 22.000000
   41 	 10.000000 	 17.550000 	 22.000000
   42 	 7.000000 	 17.630000 	 22.000000
   43 	 8.000000 	 17.400000 	 23.000000
   44 	 9.000000 	 17.590000 	 22.000000
   45 	 6.000000 	 17.710000 	 22.000000
   46 	 6.000000 	 17.960000 	 23.000000
   47 	 10.000000 	 17.880000 	 23.000000
   48 	 10.000000 	 18.050000 	 23.000000
   49 	 6.000000 	 17.660000 	 23.000000
   50 	 5.000000 	 18.040000 	 23.000000
   51 	 9.000000 	 18.020000 	 23.000000
   52 	 12.000000 	 18.290000 	 23.000000
   53 	 11.000000 	 18.280000 	 23.000000
   54 	 11.000000 	 18.080000 	 22.000000
   55 	 11.000000 	 18.140000 	 23.000000
   56 	 8.000000 	 17.810000 	 22.000000
   57 	 8.000000 	 17.630000 	 22.000000
   58 	 9.000000 	 17.980000 	 23.000000
   59 	 11.000000 	 18.270000 	 23.000000
   60 	 11.000000 	 18.400000 	 23.000000
   61 	 8.000000 	 18.450000 	 23.000000
   62 	 11.000000 	 18.390000 	 22.000000
   63 	 10.000000 	 18.590000 	 22.000000
   64 	 12.000000 	 19.000000 	 23.000000
   65 	 12.000000 	 19.270000 	 23.000000
   66 	 10.000000 	 18.960000 	 23.000000
   67 	 9.000000 	 18.670000 	 23.000000
   68 	 11.000000 	 18.910000 	 24.000000
   69 	 11.000000 	 18.630000 	 22.000000
   70 	 9.000000 	 18.560000 	 22.000000
   71 	 9.000000 	 18.580000 	 23.000000
   72 	 9.000000 	 18.640000 	 24.000000
   73 	 13.000000 	 19.110000 	 24.000000
   74 	 10.000000 	 19.120000 	 23.000000
   75 	 7.000000 	 19.240000 	 23.000000
   76 	 12.000000 	 19.420000 	 23.000000
   77 	 13.000000 	 19.570000 	 23.000000
   78 	 12.000000 	 19.410000 	 23.000000
   79 	 12.000000 	 18.800000 	 23.000000
   80 	 10.000000 	 18.870000 	 23.000000
   81 	 10.000000 	 18.770000 	 24.000000
   82 	 10.000000 	 18.690000 	 23.000000
   83 	 10.000000 	 18.200000 	 22.000000
   84 	 9.000000 	 18.050000 	 24.000000
   85 	 6.000000 	 18.260000 	 23.000000
   86 	 10.000000 	 18.470000 	 23.000000
   87 	 10.000000 	 18.380000 	 22.000000
   88 	 10.000000 	 18.280000 	 22.000000
   89 	 9.000000 	 18.060000 	 23.000000
   90 	 9.000000 	 18.160000 	 23.000000
   91 	 7.000000 	 18.000000 	 23.000000
   92 	 9.000000 	 18.070000 	 23.000000
   93 	 10.000000 	 17.760000 	 23.000000
   94 	 9.000000 	 17.610000 	 23.000000
   95 	 7.000000 	 17.870000 	 23.000000
   96 	 9.000000 	 17.800000 	 23.000000
   97 	 6.000000 	 17.750000 	 23.000000
   98 	 7.000000 	 18.220000 	 23.000000
   99 	 13.000000 	 18.940000 	 22.000000
 