   0 	 -13.000000 	 -0.690000 	 12.000000
    1 	 -7.000000 	 -1.780000 	 6.000000
    2 	 -6.000000 	 -2.130000 	 2.000000
    3 	 -6.000000 	 -2.010000 	 2.000000
    4 	 -6.000000 	 -2.080000 	 2.000000
    5 	 -7.000000 	 -4.810000 	 2.000000
    6 	 -9.000000 	 -4.900000 	 -1.000000
    7 	 -9.000000 	 -4.890000 	 -1.000000
    8 	 -10.000000 	 -4.900000 	 -1.000000
    9 	 -9.000000 	 -5.070000 	 -1.000000
   10 	 -9.000000 	 -5.130000 	 -1.000000
   11 	 -10.000000 	 -5.050000 	 -1.000000
   12 	 -9.000000 	 -5.030000 	 -1.000000
   13 	 -8.000000 	 -4.760000 	 3.000000
   14 	 -10.000000 	 -5.210000 	 -1.000000
   15 	 -11.000000 	 -5.140000 	 0.000000
   16 	 -9.000000 	 -5.050000 	 -1.000000
   17 	 -9.000000 	 -4.930000 	 0.000000
   18 	 -9.000000 	 -4.970000 	 -1.000000
   19 	 -11.000000 	 -4.960000 	 -1.000000
   20 	 -8.000000 	 -4.700000 	 1.000000
   21 	 -9.000000 	 -5.010000 	 -1.000000
   22 	 -11.000000 	 -7.900000 	 -2.000000
   23 	 -9.000000 	 -7.710000 	 -4.000000
   24 	 -10.000000 	 -7.710000 	 -3.000000
   25 	 -11.000000 	 -7.740000 	 -1.000000
   26 	 -12.000000 	 -7.790000 	 -4.000000
   27 	 -12.000000 	 -7.660000 	 -4.000000
   28 	 -12.000000 	 -7.710000 	 -4.000000
   29 	 -13.000000 	 -7.940000 	 -4.000000
   30 	 -12.000000 	 -7.800000 	 -3.000000
   31 	 -9.000000 	 -7.670000 	 -4.000000
   32 	 -10.000000 	 -7.920000 	 -4.000000
   33 	 -10.000000 	 -7.650000 	 -3.000000
   34 	 -9.000000 	 -6.760000 	 -2.000000
   35 	 -11.000000 	 -6.620000 	 0.000000
   36 	 -11.000000 	 -6.930000 	 -3.000000
   37 	 -11.000000 	 -6.690000 	 -1.000000
   38 	 -11.000000 	 -6.800000 	 -2.000000
   39 	 -11.000000 	 -7.620000 	 -4.000000
   40 	 -11.000000 	 -7.670000 	 0.000000
   41 	 -11.000000 	 -7.840000 	 -4.000000
   42 	 -9.000000 	 -7.890000 	 -4.000000
   43 	 -14.000000 	 -8.890000 	 -4.000000
   44 	 -12.000000 	 -8.870000 	 -5.000000
   45 	 -11.000000 	 -8.820000 	 -5.000000
   46 	 -12.000000 	 -8.960000 	 -5.000000
   47 	 -10.000000 	 -8.900000 	 -5.000000
   48 	 -10.000000 	 -8.750000 	 -5.000000
   49 	 -14.000000 	 -8.850000 	 -5.000000
   50 	 -14.000000 	 -9.030000 	 -5.000000
   51 	 -10.000000 	 -5.000000 	 -1.000000
   52 	 -9.000000 	 -5.060000 	 -1.000000
   53 	 -11.000000 	 -4.970000 	 1.000000
   54 	 -10.000000 	 -4.910000 	 -1.000000
   55 	 -10.000000 	 -5.030000 	 -1.000000
   56 	 -9.000000 	 -4.910000 	 -1.000000
   57 	 -8.000000 	 -4.880000 	 -1.000000
   58 	 -10.000000 	 -5.020000 	 2.000000
   59 	 -6.000000 	 -4.710000 	 1.000000
   60 	 -9.000000 	 -4.840000 	 -1.000000
   61 	 -10.000000 	 -4.880000 	 -1.000000
   62 	 -10.000000 	 -4.900000 	 -1.000000
   63 	 -6.000000 	 -3.880000 	 0.000000
   64 	 -9.000000 	 -3.770000 	 2.000000
   65 	 -3.000000 	 2.200000 	 7.000000
   66 	 -1.000000 	 2.790000 	 9.000000
   67 	 -3.000000 	 3.660000 	 9.000000
   68 	 -4.000000 	 4.650000 	 10.000000
   69 	 -2.000000 	 5.770000 	 11.000000
   70 	 -1.000000 	 6.440000 	 12.000000
   71 	 -1.000000 	 6.820000 	 15.000000
   72 	 3.000000 	 7.930000 	 14.000000
   73 	 1.000000 	 8.050000 	 17.000000
   74 	 2.000000 	 9.060000 	 18.000000
   75 	 2.000000 	 9.720000 	 18.000000
   76 	 2.000000 	 10.570000 	 21.000000
   77 	 3.000000 	 11.620000 	 21.000000
   78 	 4.000000 	 12.590000 	 21.000000
   79 	 3.000000 	 13.280000 	 21.000000
   80 	 3.000000 	 14.530000 	 21.000000
   81 	 6.000000 	 15.400000 	 21.000000
   82 	 7.000000 	 15.750000 	 23.000000
   83 	 9.000000 	 16.040000 	 23.000000
   84 	 9.000000 	 16.060000 	 23.000000
   85 	 8.000000 	 15.780000 	 22.000000
   86 	 8.000000 	 16.360000 	 22.000000
   87 	 10.000000 	 16.550000 	 23.000000
   88 	 7.000000 	 17.090000 	 23.000000
   89 	 4.000000 	 17.380000 	 23.000000
   90 	 11.000000 	 17.580000 	 23.000000
   91 	 10.000000 	 17.810000 	 23.000000
   92 	 11.000000 	 17.870000 	 23.000000
   93 	 10.000000 	 17.470000 	 22.000000
   94 	 11.000000 	 17.630000 	 22.000000
   95 	 12.000000 	 17.820000 	 22.000000
   96 	 11.000000 	 17.760000 	 22.000000
   97 	 7.000000 	 17.800000 	 23.000000
   98 	 7.000000 	 17.390000 	 23.000000
   99 	 8.000000 	 17.710000 	 23.000000
 