   0 	 0.127912 	 435.978585 	 3193.010968
    1 	 35.175800 	 1475.142142 	 3488.464459
    2 	 244.586375 	 2114.002823 	 3531.001974
    3 	 209.994717 	 2384.805665 	 3580.096437
    4 	 35.967193 	 2675.259245 	 3695.310196
    5 	 240.761339 	 2795.271107 	 3695.310196
    6 	 758.364420 	 2829.711131 	 3715.002732
    7 	 270.940196 	 2863.573511 	 3721.797850
    8 	 717.372594 	 2968.950909 	 3721.797850
    9 	 767.494500 	 3090.436094 	 3721.797850
   10 	 239.749867 	 3049.175099 	 3612.822738
   11 	 240.700522 	 3096.524609 	 3603.224300
   12 	 240.700522 	 3076.509841 	 3603.224300
   13 	 242.181336 	 3047.618484 	 3592.280781
   14 	 251.407256 	 3023.662260 	 3555.424108
   15 	 668.092900 	 3043.681553 	 3603.224300
   16 	 1593.202824 	 3136.031151 	 3603.224300
   17 	 239.155086 	 3114.203665 	 3564.375832
   18 	 1643.182516 	 3195.775069 	 3548.656436
   19 	 240.047453 	 3096.817961 	 3563.183416
   20 	 714.924267 	 3059.391475 	 3567.282291
   21 	 724.080141 	 3056.907432 	 3557.534096
   22 	 1542.778016 	 3134.139033 	 3516.835224
   23 	 687.441171 	 3085.182320 	 3516.835224
   24 	 687.964076 	 3093.095398 	 3610.408592
   25 	 243.460188 	 3098.591195 	 3516.835224
   26 	 727.007830 	 3185.477521 	 3526.317745
   27 	 1324.349924 	 3209.943102 	 3526.317745
   28 	 240.155514 	 3197.125488 	 3526.317745
   29 	 1324.349924 	 3240.121521 	 3531.063806
   30 	 237.701059 	 3269.567306 	 3531.063806
   31 	 2817.728281 	 3261.073756 	 3528.690376
   32 	 2817.728281 	 3251.802325 	 3526.317745
   33 	 323.034870 	 3197.802421 	 3526.317745
   34 	 2560.974079 	 3239.889743 	 3526.317745
   35 	 2783.907506 	 3223.735722 	 3526.317745
   36 	 2784.473511 	 3248.558350 	 3526.317745
   37 	 2643.478216 	 3234.043957 	 3526.317745
   38 	 1677.602280 	 3219.670925 	 3526.317745
   39 	 1677.602280 	 3239.999999 	 3531.063806
   40 	 2643.386419 	 3221.487758 	 3526.317745
   41 	 250.142795 	 3209.166254 	 3526.317745
   42 	 2902.771216 	 3242.312466 	 3526.317745
   43 	 789.120400 	 3230.181243 	 3526.317745
   44 	 2923.108236 	 3270.636296 	 3526.317745
   45 	 3040.653821 	 3276.640817 	 3516.714157
   46 	 2901.941498 	 3248.670165 	 3516.714157
   47 	 250.142795 	 3229.510604 	 3516.714157
   48 	 3040.626141 	 3253.069897 	 3490.824289
   49 	 2907.157792 	 3217.927515 	 3490.824289
   50 	 2976.478509 	 3224.855397 	 3490.824289
   51 	 789.120400 	 3204.638039 	 3493.184920
   52 	 2633.116717 	 3238.999270 	 3493.184920
   53 	 1491.838129 	 3187.578354 	 3493.184920
   54 	 2134.788755 	 3216.235585 	 3555.960768
   55 	 2134.788755 	 3221.162985 	 3632.600051
   56 	 1491.838129 	 3189.734232 	 3632.600051
   57 	 2204.726336 	 3236.667515 	 3632.600051
   58 	 2129.170336 	 3243.545799 	 3555.960768
   59 	 416.083628 	 3201.390225 	 3555.960768
   60 	 2204.726336 	 3229.751672 	 3509.731732
   61 	 2144.116833 	 3231.520865 	 3488.464459
   62 	 2142.269003 	 3237.736165 	 3631.347450
   63 	 2121.727755 	 3253.856247 	 3633.755243
   64 	 2633.116717 	 3282.395985 	 3650.632199
   65 	 3165.664781 	 3324.175289 	 3650.632199
   66 	 2777.685056 	 3331.900882 	 3633.755243
   67 	 3165.664781 	 3333.239598 	 3593.478061
   68 	 1474.842908 	 3293.595061 	 3568.079936
   69 	 3049.442244 	 3375.932109 	 3568.079936
   70 	 3049.442244 	 3384.747410 	 3643.517435
   71 	 2444.806736 	 3399.275924 	 3672.940741
   72 	 2379.346130 	 3416.345420 	 3672.940741
   73 	 2923.108236 	 3457.341568 	 3720.000656
   74 	 2912.819707 	 3468.305850 	 3720.000656
   75 	 1677.602280 	 3434.549369 	 3720.000656
   76 	 2437.978291 	 3453.198833 	 3720.000656
   77 	 2901.941498 	 3492.875867 	 3722.437696
   78 	 3183.873479 	 3508.915267 	 3722.437696
   79 	 1485.600813 	 3456.764726 	 3643.517435
   80 	 3183.873479 	 3498.402742 	 3643.517435
   81 	 3183.873479 	 3482.656192 	 3710.058534
   82 	 1672.654141 	 3463.920702 	 3710.058534
   83 	 3183.873479 	 3490.378845 	 3710.058534
   84 	 3183.873479 	 3488.036541 	 3660.417048
   85 	 2436.006761 	 3478.751963 	 3660.417048
   86 	 1485.600813 	 3460.823327 	 3660.417048
   87 	 1485.600813 	 3475.398348 	 3659.208632
   88 	 325.912752 	 3468.642714 	 3739.519376
   89 	 3184.933350 	 3497.497153 	 3659.208632
   90 	 325.912752 	 3448.894022 	 3660.417048
   91 	 1485.600813 	 3464.343514 	 3649.425402
   92 	 1672.654141 	 3484.058893 	 3675.442232
   93 	 786.874642 	 3433.871214 	 3675.442232
   94 	 1672.654141 	 3435.871300 	 3675.442232
   95 	 1672.654141 	 3452.067328 	 3675.442232
   96 	 1688.224467 	 3469.740205 	 3675.442232
   97 	 325.912752 	 3438.638318 	 3675.442232
   98 	 3469.383376 	 3500.221479 	 3694.843707
   99 	 1677.602280 	 3484.825869 	 3675.442232
 