   0 	 0.094496 	 499.209917 	 2764.645554
    1 	 1.886256 	 1532.340213 	 3336.080416
    2 	 29.279456 	 2139.049720 	 3794.343021
    3 	 178.595845 	 2465.778593 	 3701.082903
    4 	 603.134016 	 2496.544418 	 3749.240513
    5 	 186.418525 	 2550.899261 	 3808.244119
    6 	 64.969021 	 2738.416202 	 3808.244119
    7 	 389.938159 	 2875.967428 	 3808.244119
    8 	 178.351844 	 3021.421774 	 3835.441439
    9 	 200.208781 	 3124.343631 	 3808.244119
   10 	 331.682034 	 3156.595117 	 3808.244119
   11 	 207.008779 	 3269.272286 	 3808.244119
   12 	 351.571506 	 3073.223756 	 3808.244119
   13 	 332.242365 	 3090.454726 	 3820.034074
   14 	 343.574512 	 3279.551897 	 3808.244119
   15 	 2616.345115 	 3447.762063 	 3847.835857
   16 	 2648.428976 	 3441.739482 	 3814.987262
   17 	 779.540385 	 3468.495280 	 3790.644740
   18 	 759.554152 	 3424.087167 	 3788.073600
   19 	 2880.205600 	 3526.870895 	 3805.776436
   20 	 1569.421741 	 3535.673345 	 3812.838509
   21 	 1569.421741 	 3530.653697 	 3807.378458
   22 	 1569.421741 	 3536.327704 	 3817.891315
   23 	 1571.006225 	 3569.225264 	 3817.891315
   24 	 2084.442350 	 3566.597487 	 3817.891315
   25 	 1832.789949 	 3520.431372 	 3797.714956
   26 	 1832.789949 	 3501.345816 	 3817.457935
   27 	 338.993775 	 3499.079684 	 3832.196416
   28 	 2469.219265 	 3567.642143 	 3857.533075
   29 	 2469.219265 	 3608.971335 	 3857.533075
   30 	 2388.961014 	 3631.924520 	 3857.533075
   31 	 2942.068165 	 3621.487656 	 3852.454100
   32 	 2942.068165 	 3606.376531 	 3832.196416
   33 	 3111.954557 	 3598.869750 	 3819.827216
   34 	 2708.455276 	 3585.508148 	 3840.052228
   35 	 2728.697840 	 3587.261131 	 3827.348624
   36 	 2720.347617 	 3611.923909 	 3845.123025
   37 	 1720.044355 	 3567.595409 	 3829.720976
   38 	 2437.178374 	 3575.629095 	 3837.686595
   39 	 1645.938518 	 3586.577096 	 3832.403602
   40 	 2437.178374 	 3621.839768 	 3849.972125
   41 	 2589.533477 	 3611.940329 	 3849.972125
   42 	 2537.976090 	 3619.989947 	 3788.073600
   43 	 2460.927243 	 3642.860982 	 3788.073600
   44 	 2460.927243 	 3643.720133 	 3800.726722
   45 	 380.472791 	 3627.853681 	 3830.145130
   46 	 2582.435446 	 3649.516842 	 3847.835857
   47 	 2624.245308 	 3641.773295 	 3778.023176
   48 	 3102.542318 	 3647.401175 	 3768.857182
   49 	 379.724720 	 3601.685267 	 3768.857182
   50 	 1804.213674 	 3640.501109 	 3768.857182
   51 	 3217.370002 	 3644.416411 	 3768.857182
   52 	 3219.638950 	 3655.348003 	 3763.832026
   53 	 3219.638950 	 3668.014159 	 3768.857182
   54 	 1660.712416 	 3644.617710 	 3753.799124
   55 	 1641.215541 	 3635.053889 	 3753.799124
   56 	 1652.574718 	 3627.356523 	 3753.799124
   57 	 2525.736264 	 3629.474176 	 3753.799124
   58 	 2485.347973 	 3635.708800 	 3787.862666
   59 	 2485.347973 	 3642.236298 	 3787.862666
   60 	 2011.703804 	 3644.241295 	 3753.799124
   61 	 2576.520289 	 3642.426607 	 3758.812675
   62 	 3077.291749 	 3636.815160 	 3758.812675
   63 	 3138.966684 	 3633.117779 	 3761.378780
   64 	 380.982870 	 3593.935595 	 3761.378780
   65 	 878.577698 	 3600.884417 	 3761.378780
   66 	 1608.045549 	 3621.455646 	 3756.361065
   67 	 3077.291749 	 3645.019532 	 3748.791367
   68 	 3316.823510 	 3647.007375 	 3736.348146
   69 	 3354.184414 	 3654.036834 	 3748.791367
   70 	 1575.766048 	 3639.809267 	 3738.793218
   71 	 380.856965 	 3609.314919 	 3738.793218
   72 	 1575.766048 	 3640.835472 	 3739.002808
   73 	 1627.647777 	 3636.158258 	 3746.343027
   74 	 3608.585044 	 3659.880362 	 3746.343027
   75 	 3608.585044 	 3657.244978 	 3748.791367
   76 	 3583.921384 	 3666.640150 	 3748.791367
   77 	 3432.326351 	 3673.957953 	 3748.791367
   78 	 3432.326351 	 3677.482991 	 3751.240506
   79 	 3077.291749 	 3669.769199 	 3751.240506
   80 	 3077.291749 	 3656.571221 	 3748.791367
   81 	 888.212541 	 3595.576961 	 3746.343027
   82 	 2491.332719 	 3615.939442 	 3746.343027
   83 	 2493.329235 	 3641.126801 	 3748.791367
   84 	 2485.347973 	 3634.694226 	 3751.240506
   85 	 2483.354657 	 3633.475296 	 3751.240506
   86 	 2493.329235 	 3638.260581 	 3751.240506
   87 	 2491.332719 	 3638.676764 	 3748.791367
   88 	 2491.332719 	 3631.099614 	 3748.791367
   89 	 1652.434008 	 3611.052882 	 3738.793218
   90 	 1837.123149 	 3610.682844 	 3775.565304
   91 	 1599.950814 	 3603.334882 	 3775.565304
   92 	 1795.623282 	 3617.010498 	 3776.794140
   93 	 1600.750639 	 3645.525243 	 3776.794140
   94 	 379.724720 	 3577.519420 	 3776.794140
   95 	 1600.750639 	 3586.436182 	 3776.794140
   96 	 3354.184414 	 3665.125281 	 3785.612461
   97 	 2497.361675 	 3649.003506 	 3776.794140
   98 	 908.594107 	 3638.477724 	 3786.842931
   99 	 870.250591 	 3610.991201 	 3786.842931
 