   0 	 0.969253 	 546.089369 	 2949.033389
    1 	 0.182545 	 1194.436145 	 3593.876390
    2 	 66.019784 	 1946.120365 	 3531.241389
    3 	 77.063515 	 2054.801755 	 3516.320781
    4 	 14.972943 	 2271.789451 	 3693.549501
    5 	 103.161489 	 2424.766824 	 3844.286360
    6 	 169.436717 	 2374.323361 	 3841.290205
    7 	 60.495579 	 2691.965342 	 3771.451942
    8 	 150.309895 	 2648.150324 	 3889.347270
    9 	 151.717177 	 2801.576978 	 3889.347270
   10 	 113.617476 	 2811.827418 	 3889.347270
   11 	 202.884776 	 2758.647323 	 3889.347270
   12 	 287.850791 	 2802.179932 	 3785.523181
   13 	 388.419643 	 3016.105980 	 3785.523181
   14 	 377.414373 	 3048.471741 	 3894.451623
   15 	 1254.225221 	 3192.237225 	 3894.451623
   16 	 1916.046283 	 3253.647607 	 3868.988202
   17 	 405.604852 	 3255.019507 	 3868.988202
   18 	 868.997918 	 3341.869639 	 3889.347270
   19 	 2161.645682 	 3510.768289 	 3889.347270
   20 	 539.968789 	 3495.861507 	 3889.347270
   21 	 376.099610 	 3447.274420 	 3889.347270
   22 	 906.417674 	 3547.255870 	 3889.347270
   23 	 1050.176053 	 3590.536996 	 3889.347270
   24 	 941.335695 	 3522.412908 	 3874.531252
   25 	 1990.284072 	 3526.246532 	 3875.774775
   26 	 932.601220 	 3521.570090 	 3848.722247
   27 	 1054.708050 	 3517.369559 	 3859.054312
   28 	 2174.035351 	 3580.945784 	 3810.025350
   29 	 1292.403501 	 3573.870878 	 3864.128805
   30 	 896.445375 	 3517.166385 	 3864.128805
   31 	 984.474689 	 3581.717898 	 3857.922541
   32 	 984.474689 	 3616.200142 	 3851.612295
   33 	 2957.481783 	 3645.226726 	 3881.995391
   34 	 3076.559312 	 3684.264113 	 3881.995391
   35 	 3076.559312 	 3697.890514 	 3876.899220
   36 	 3171.826480 	 3728.791718 	 3857.023940
   37 	 384.929919 	 3684.385035 	 3878.143125
   38 	 384.929919 	 3691.372592 	 3889.347270
   39 	 388.071566 	 3679.605795 	 3878.143125
   40 	 3150.677835 	 3697.622458 	 3878.143125
   41 	 906.751013 	 3653.185451 	 3879.387230
   42 	 3037.528421 	 3686.303455 	 3888.101565
   43 	 419.856689 	 3656.270320 	 3886.856060
   44 	 381.247519 	 3659.803406 	 3886.856060
   45 	 391.226012 	 3649.331514 	 3886.856060
   46 	 1876.190657 	 3650.732749 	 3886.856060
   47 	 1876.190657 	 3649.946975 	 3886.856060
   48 	 3512.462753 	 3669.762672 	 3827.683493
   49 	 3516.008035 	 3673.912702 	 3863.348543
   50 	 3506.555606 	 3684.467557 	 3863.348543
   51 	 2583.561090 	 3679.097990 	 3817.802902
   52 	 2443.435161 	 3661.465418 	 3847.483074
   53 	 2501.006379 	 3669.087117 	 3888.101565
   54 	 1837.601714 	 3637.097023 	 3883.240114
   55 	 2499.009964 	 3635.942424 	 3883.240114
   56 	 2499.009964 	 3652.512268 	 3883.240114
   57 	 2534.539679 	 3634.882584 	 3807.235760
   58 	 2535.544851 	 3658.483791 	 3812.246461
   59 	 1828.164388 	 3656.006459 	 3812.246461
   60 	 2630.452106 	 3666.898722 	 3862.887152
   61 	 2435.547103 	 3661.952193 	 3857.813476
   62 	 2444.414452 	 3671.313779 	 3815.077338
   63 	 2640.061210 	 3681.641462 	 3815.077338
   64 	 2451.328358 	 3704.913233 	 3816.311261
   65 	 3418.371435 	 3720.825009 	 3816.311261
   66 	 3417.203704 	 3728.192135 	 3816.311261
   67 	 1639.644541 	 3704.750345 	 3816.311261
   68 	 1639.644541 	 3682.219047 	 3813.843615
   69 	 1639.644541 	 3685.325065 	 3810.025350
   70 	 390.275142 	 3672.900528 	 3813.843615
   71 	 383.987027 	 3656.266695 	 3813.843615
   72 	 896.859950 	 3693.096945 	 3812.610092
   73 	 896.859950 	 3683.060447 	 3812.610092
   74 	 394.377362 	 3649.846010 	 3816.311261
   75 	 3418.371435 	 3705.285344 	 3813.843615
   76 	 3418.371435 	 3705.061737 	 3813.843615
   77 	 2627.623441 	 3696.924398 	 3815.077338
   78 	 1642.822708 	 3669.584335 	 3815.077338
   79 	 2459.736747 	 3674.979486 	 3815.077338
   80 	 2468.658584 	 3682.592775 	 3812.610092
   81 	 390.759850 	 3619.909377 	 3812.610092
   82 	 2989.059935 	 3670.711557 	 3812.610092
   83 	 2989.059935 	 3718.053665 	 3812.610092
   84 	 2989.059935 	 3684.183679 	 3812.610092
   85 	 2989.059935 	 3699.034399 	 3805.213153
   86 	 3129.650342 	 3706.135520 	 3812.610092
   87 	 912.197066 	 3679.576664 	 3812.610092
   88 	 2684.310475 	 3722.097793 	 3806.445476
   89 	 2684.310475 	 3711.077532 	 3806.445476
   90 	 2631.261331 	 3709.230838 	 3807.559740
   91 	 3127.174821 	 3735.733587 	 3812.610092
   92 	 3131.885463 	 3731.883173 	 3881.995391
   93 	 2589.675304 	 3741.417749 	 3881.995391
   94 	 3204.974231 	 3757.618069 	 3876.899220
   95 	 915.213050 	 3718.652501 	 3881.995391
   96 	 3204.974231 	 3748.976810 	 3881.995391
   97 	 3204.974231 	 3761.005104 	 3884.485037
   98 	 3204.974231 	 3770.668563 	 3883.240114
   99 	 3204.974231 	 3762.937403 	 3883.240114
 