   0 	 1.000000 	 3.691683 	 9.755681
    1 	 1.008281 	 5.040456 	 10.278116
    2 	 1.171396 	 6.808526 	 10.211225
    3 	 1.393129 	 8.070151 	 10.211225
    4 	 4.952144 	 8.991424 	 10.211225
    5 	 5.060225 	 9.146847 	 10.211225
    6 	 1.685584 	 9.099808 	 10.253764
    7 	 1.850084 	 9.312723 	 10.265936
    8 	 4.779136 	 9.387266 	 10.253764
    9 	 5.435236 	 9.444368 	 10.223369
   10 	 4.755844 	 9.535486 	 10.186961
   11 	 1.672400 	 9.447596 	 10.229444
   12 	 4.755844 	 9.469487 	 10.054081
   13 	 4.308761 	 9.428085 	 10.168784
   14 	 4.308761 	 9.354966 	 10.042049
   15 	 8.828804 	 9.450756 	 10.042049
   16 	 8.823209 	 9.489365 	 10.042049
   17 	 8.817616 	 9.469674 	 10.138529
   18 	 8.823209 	 9.470336 	 10.138529
   19 	 8.806436 	 9.471145 	 10.138529
   20 	 8.590025 	 9.495084 	 10.138529
   21 	 8.868025 	 9.521896 	 10.284209
   22 	 8.828804 	 9.556528 	 10.284209
   23 	 1.868624 	 9.489185 	 10.199089
   24 	 8.873636 	 9.587516 	 10.223369
   25 	 4.655744 	 9.543616 	 10.247681
   26 	 8.834401 	 9.668108 	 10.223369
   27 	 8.884864 	 9.651877 	 10.223369
   28 	 8.884864 	 9.670962 	 10.241600
   29 	 6.569600 	 9.626589 	 10.223369
   30 	 1.910116 	 9.570295 	 10.272025
   31 	 4.904576 	 9.682567 	 10.272025
   32 	 4.602404 	 9.580234 	 10.235521
   33 	 4.873024 	 9.683385 	 10.290304
   34 	 8.918596 	 9.836070 	 10.290304
   35 	 4.655744 	 9.747931 	 10.290304
   36 	 4.602404 	 9.717999 	 10.290304
   37 	 4.655744 	 9.673081 	 10.290304
   38 	 8.958041 	 9.753878 	 10.290304
   39 	 8.974976 	 9.780424 	 10.290304
   40 	 1.876096 	 9.669962 	 10.284209
   41 	 4.470769 	 9.668596 	 10.290304
   42 	 4.470769 	 9.695654 	 10.284209
   43 	 8.524049 	 9.740953 	 10.205156
   44 	 8.177041 	 9.772327 	 10.290304
   45 	 8.177041 	 9.737956 	 10.290304
   46 	 7.270016 	 9.701959 	 10.290304
   47 	 7.270016 	 9.714342 	 10.290304
   48 	 1.968256 	 9.680491 	 10.290304
   49 	 1.968256 	 9.789318 	 10.284209
   50 	 8.617600 	 9.817948 	 10.284209
   51 	 8.617600 	 9.844908 	 10.278116
   52 	 8.617600 	 9.801369 	 10.278116
   53 	 8.617600 	 9.804307 	 10.290304
   54 	 8.617600 	 9.790817 	 10.193024
   55 	 4.964081 	 9.755670 	 10.290304
   56 	 7.012304 	 9.834409 	 10.193024
   57 	 7.031936 	 9.884278 	 10.193024
   58 	 8.612081 	 9.896941 	 10.193024
   59 	 8.524049 	 9.891951 	 10.290304
   60 	 8.268416 	 9.866202 	 10.290304
   61 	 8.246864 	 9.941018 	 10.290304
   62 	 8.524049 	 9.942805 	 10.284209
   63 	 8.524049 	 9.941223 	 10.186961
   64 	 8.524049 	 9.888680 	 10.186961
   65 	 8.524049 	 9.888842 	 10.096256
   66 	 1.904401 	 9.782172 	 10.193024
   67 	 8.480225 	 9.893094 	 10.193024
   68 	 1.904401 	 9.857346 	 10.193024
   69 	 8.529536 	 9.947544 	 10.193024
   70 	 9.555625 	 9.968436 	 10.193024
   71 	 1.904401 	 9.883328 	 10.193024
   72 	 1.904401 	 9.851216 	 10.193024
   73 	 9.248384 	 9.977491 	 10.193024
   74 	 9.242641 	 9.988743 	 10.193024
   75 	 9.242641 	 9.989529 	 10.193024
   76 	 1.904401 	 9.854580 	 10.193024
   77 	 9.334769 	 9.973720 	 10.193024
   78 	 9.590761 	 9.954994 	 10.193024
   79 	 9.590761 	 9.943920 	 10.193024
   80 	 7.185169 	 9.924715 	 10.193024
   81 	 6.870929 	 9.920676 	 10.193024
   82 	 7.185169 	 9.921579 	 10.193024
   83 	 7.265009 	 9.949579 	 10.193024
   84 	 1.904401 	 9.916212 	 10.290304
   85 	 9.334769 	 9.994592 	 10.193024
   86 	 1.904401 	 9.916375 	 10.193024
   87 	 9.334769 	 10.009909 	 10.290304
   88 	 8.524049 	 10.000459 	 10.290304
   89 	 9.334769 	 10.006740 	 10.290304
   90 	 9.225424 	 10.023111 	 10.290304
   91 	 8.789681 	 10.005255 	 10.290304
   92 	 7.185169 	 9.960891 	 10.290304
   93 	 8.502121 	 10.014590 	 10.290304
   94 	 9.219689 	 10.034995 	 10.290304
   95 	 9.219689 	 10.039307 	 10.290304
   96 	 9.219689 	 10.039738 	 10.290304
   97 	 9.208225 	 10.054343 	 10.290304
   98 	 9.208225 	 10.058920 	 10.290304
   99 	 9.208225 	 10.049874 	 10.290304
 