   0 	 0.164911 	 479.119601 	 3051.375308
    1 	 0.111246 	 1437.522542 	 3218.834193
    2 	 211.772230 	 2002.840260 	 3285.580425
    3 	 165.145293 	 2248.929959 	 3411.875213
    4 	 30.741581 	 2454.236515 	 3416.496576
    5 	 314.700965 	 2594.137997 	 3440.144365
    6 	 324.756545 	 2668.612352 	 3426.842755
    7 	 307.082018 	 2492.916830 	 3867.074313
    8 	 404.448732 	 2661.626546 	 3726.844320
    9 	 320.247307 	 2771.208209 	 3806.421813
   10 	 851.669744 	 2751.419104 	 3806.421813
   11 	 294.534906 	 2726.310092 	 3823.695450
   12 	 366.017396 	 2802.389640 	 3823.695450
   13 	 330.409215 	 2860.497093 	 3766.251105
   14 	 1321.686198 	 2997.829176 	 3769.929723
   15 	 353.833702 	 2908.699468 	 3902.181744
   16 	 366.869727 	 3143.000311 	 3902.181744
   17 	 885.898692 	 3090.816100 	 3885.730161
   18 	 359.673315 	 3087.263595 	 3881.400686
   19 	 298.117712 	 3077.416130 	 3881.400686
   20 	 907.458379 	 3153.305425 	 3881.400686
   21 	 367.164351 	 3166.589482 	 3881.400686
   22 	 319.584674 	 2930.469380 	 3829.134556
   23 	 376.514217 	 3095.945638 	 3805.669624
   24 	 499.185216 	 3229.156419 	 3772.446846
   25 	 1027.181910 	 3249.044898 	 3834.820630
   26 	 353.122764 	 3136.695768 	 3780.584858
   27 	 368.939037 	 3231.365322 	 3847.683567
   28 	 366.132457 	 3293.991164 	 3847.683567
   29 	 415.303776 	 3208.464712 	 3822.460318
   30 	 320.630314 	 3245.594400 	 3808.712211
   31 	 373.153576 	 3244.747414 	 3827.493385
   32 	 375.221477 	 3200.201977 	 3864.240439
   33 	 1887.105934 	 3434.136613 	 3864.240439
   34 	 715.043995 	 3438.132900 	 3864.240439
   35 	 364.928569 	 3401.348120 	 3864.240439
   36 	 639.731026 	 3486.436165 	 3864.240439
   37 	 416.337840 	 3500.638927 	 3866.724379
   38 	 372.497833 	 3431.013190 	 3864.240439
   39 	 370.414314 	 3488.626484 	 3866.724379
   40 	 363.902050 	 3444.590201 	 3867.966649
   41 	 369.772263 	 3507.435202 	 3866.724379
   42 	 908.307278 	 3539.838593 	 3864.240439
   43 	 414.323916 	 3522.417269 	 3864.240439
   44 	 414.323916 	 3546.820164 	 3866.724379
   45 	 1904.716877 	 3568.617369 	 3866.724379
   46 	 365.441107 	 3513.674872 	 3866.724379
   47 	 1699.696014 	 3622.677250 	 3866.724379
   48 	 365.466796 	 3618.515088 	 3866.724379
   49 	 3278.985198 	 3694.807983 	 3867.966649
   50 	 3278.985198 	 3712.271680 	 3866.724379
   51 	 2611.698343 	 3709.439618 	 3866.724379
   52 	 947.402200 	 3694.777070 	 3868.438275
   53 	 2662.723125 	 3707.467818 	 3866.724379
   54 	 370.299520 	 3642.615654 	 3866.724379
   55 	 1695.862872 	 3685.186029 	 3866.724379
   56 	 2540.049547 	 3699.640537 	 3851.401780
   57 	 3239.476617 	 3705.558492 	 3856.362197
   58 	 1658.579678 	 3700.724105 	 3892.080769
   59 	 3164.801736 	 3732.837268 	 3867.966649
   60 	 3018.241370 	 3724.831608 	 3871.694658
   61 	 3342.550830 	 3735.321713 	 3871.694658
   62 	 2665.356756 	 3708.966053 	 3871.694658
   63 	 937.420553 	 3678.887534 	 3871.694658
   64 	 2600.291872 	 3667.346167 	 3871.694658
   65 	 942.315147 	 3655.692890 	 3871.694658
   66 	 942.315147 	 3647.303782 	 3882.117235
   67 	 2409.451785 	 3691.887159 	 3887.097402
   68 	 2666.845705 	 3687.339700 	 3887.097402
   69 	 3361.052722 	 3706.717965 	 3887.097402
   70 	 2552.945929 	 3690.849984 	 3887.097402
   71 	 2555.972941 	 3692.683047 	 3887.097402
   72 	 2555.972941 	 3687.275463 	 3887.097402
   73 	 3361.052722 	 3698.673001 	 3861.757300
   74 	 3351.922262 	 3703.054052 	 3861.757300
   75 	 858.476334 	 3668.846048 	 3852.641584
   76 	 2679.562850 	 3667.507837 	 3852.641584
   77 	 3353.078754 	 3691.211561 	 3847.683567
   78 	 2283.965158 	 3692.643979 	 3846.444563
   79 	 1506.393778 	 3639.963570 	 3846.444563
   80 	 2223.320793 	 3656.523056 	 3846.444563
   81 	 2223.320793 	 3634.710842 	 3841.490546
   82 	 1689.640066 	 3671.681368 	 3851.505796
   83 	 3306.594188 	 3702.477213 	 3873.051972
   84 	 2355.960900 	 3657.073675 	 3851.401780
   85 	 2486.718024 	 3656.785317 	 3851.401780
   86 	 2535.505000 	 3675.996768 	 3851.401780
   87 	 2593.558103 	 3697.147204 	 3851.505796
   88 	 812.261470 	 3631.547861 	 3846.444563
   89 	 370.340317 	 3674.103192 	 3846.444563
   90 	 868.990385 	 3677.473085 	 3846.548516
   91 	 1715.151801 	 3711.438851 	 3851.505796
   92 	 1715.151801 	 3726.172729 	 3846.444563
   93 	 415.979922 	 3718.530803 	 3846.444563
   94 	 922.692707 	 3719.316206 	 3846.444563
   95 	 923.908900 	 3736.437428 	 3846.444563
   96 	 1620.873407 	 3740.704576 	 3846.444563
   97 	 414.351787 	 3742.495456 	 3846.548516
   98 	 2601.355796 	 3773.282247 	 3851.505796
   99 	 2665.894022 	 3762.699981 	 3846.548516
 