   0 	 0.869887 	 337.867577 	 2763.400260
    1 	 9.670607 	 999.521169 	 3302.270027
    2 	 8.802365 	 1518.826773 	 3326.090252
    3 	 2.047959 	 2066.664015 	 3400.308441
    4 	 258.672870 	 2437.303453 	 3464.848675
    5 	 426.758305 	 2468.827322 	 3602.403536
    6 	 213.904188 	 2700.418972 	 3482.981581
    7 	 827.382096 	 2889.858225 	 3757.738264
    8 	 207.038701 	 2808.457401 	 3757.738264
    9 	 185.828836 	 2747.030834 	 3573.585190
   10 	 260.556776 	 2647.634668 	 3573.585190
   11 	 190.323121 	 2742.840389 	 3631.347450
   12 	 273.595606 	 2796.403643 	 3631.347450
   13 	 259.642996 	 2850.002664 	 3616.607370
   14 	 292.291661 	 2895.972429 	 3679.778891
   15 	 281.373054 	 2886.897039 	 3679.778891
   16 	 453.419782 	 2850.146188 	 3641.106404
   17 	 453.419782 	 3002.432797 	 3739.123739
   18 	 46.026256 	 3054.226461 	 3739.123739
   19 	 502.141545 	 3087.557270 	 3568.415567
   20 	 1332.504400 	 3097.299683 	 3640.672394
   21 	 757.428392 	 3077.805006 	 3644.289047
   22 	 1019.815077 	 3154.959717 	 3699.468849
   23 	 1658.147939 	 3182.641334 	 3679.342832
   24 	 787.087920 	 3207.090052 	 3679.342832
   25 	 302.816276 	 3174.337812 	 3747.948542
   26 	 1971.763345 	 3235.593836 	 3752.841803
   27 	 889.584241 	 3174.275026 	 3792.702649
   28 	 889.584241 	 3199.434669 	 3762.637924
   29 	 263.699329 	 3082.643235 	 3763.235334
   30 	 304.989053 	 3236.981442 	 3757.738264
   31 	 2358.348058 	 3279.626258 	 3821.050259
   32 	 2217.668761 	 3261.010486 	 3698.473412
   33 	 1571.526410 	 3286.409955 	 3723.530238
   34 	 2485.888400 	 3319.406398 	 3806.082061
   35 	 2485.888400 	 3315.564744 	 3763.235334
   36 	 2295.860438 	 3333.331174 	 3763.235334
   37 	 2790.161042 	 3354.543846 	 3758.335314
   38 	 2859.430244 	 3355.298737 	 3763.235334
   39 	 303.232314 	 3341.151577 	 3763.235334
   40 	 2265.358864 	 3370.313445 	 3806.247002
   41 	 760.274816 	 3339.124078 	 3758.335314
   42 	 1862.581456 	 3366.668640 	 3763.235334
   43 	 2291.939353 	 3394.216311 	 3762.637924
   44 	 2291.939353 	 3392.139397 	 3762.637924
   45 	 1568.134364 	 3401.125553 	 3832.828717
   46 	 2277.443472 	 3436.655173 	 3838.321130
   47 	 2848.516795 	 3449.838029 	 3858.505141
   48 	 2640.685027 	 3434.596133 	 3858.148125
   49 	 2934.542363 	 3476.398202 	 3858.148125
   50 	 2934.542363 	 3459.658136 	 3858.148125
   51 	 3052.546100 	 3447.201888 	 3858.148125
   52 	 2265.358864 	 3434.443120 	 3861.111238
   53 	 2912.945819 	 3425.644974 	 3878.508489
   54 	 3015.164242 	 3448.206209 	 3878.508489
   55 	 2929.773237 	 3459.851526 	 3878.508489
   56 	 732.056656 	 3435.669170 	 3878.508489
   57 	 890.854583 	 3411.582884 	 3863.112874
   58 	 890.854583 	 3419.503352 	 3863.112874
   59 	 890.854583 	 3451.569284 	 3863.112874
   60 	 413.162199 	 3429.241993 	 3843.753187
   61 	 764.723767 	 3431.738379 	 3843.753187
   62 	 2358.074468 	 3470.511010 	 3885.976454
   63 	 755.856400 	 3440.565044 	 3885.976454
   64 	 3126.420496 	 3513.541457 	 3885.976454
   65 	 310.114672 	 3483.089060 	 3885.976454
   66 	 3161.658476 	 3540.432582 	 3885.976454
   67 	 2420.653481 	 3539.876096 	 3885.976454
   68 	 1508.620019 	 3552.032880 	 3883.486332
   69 	 1901.549902 	 3531.355990 	 3880.997011
   70 	 1901.549902 	 3489.884698 	 3883.486332
   71 	 780.179600 	 3489.664650 	 3883.486332
   72 	 2515.187619 	 3569.493521 	 3878.508489
   73 	 2515.187619 	 3567.368449 	 3878.508489
   74 	 2447.443481 	 3573.706744 	 3878.508489
   75 	 2447.443481 	 3578.055625 	 3878.508489
   76 	 791.571530 	 3533.563297 	 3861.111238
   77 	 2160.163593 	 3567.304993 	 3863.594160
   78 	 2531.237846 	 3565.492222 	 3878.508489
   79 	 1605.900813 	 3544.185044 	 3878.508489
   80 	 2957.421358 	 3583.578915 	 3878.508489
   81 	 2826.404484 	 3613.326641 	 3878.508489
   82 	 912.490244 	 3606.302724 	 3880.997011
   83 	 3071.252736 	 3651.192071 	 3843.753187
   84 	 3071.252736 	 3632.895793 	 3878.508489
   85 	 710.899211 	 3562.604530 	 3878.508489
   86 	 773.713891 	 3618.207856 	 3878.508489
   87 	 399.411213 	 3621.514087 	 3863.594160
   88 	 3071.252736 	 3649.086657 	 3883.486332
   89 	 1516.095421 	 3625.477815 	 3885.976454
   90 	 3217.210164 	 3652.436895 	 3885.976454
   91 	 3210.416887 	 3620.886140 	 3885.976454
   92 	 2721.438406 	 3607.709564 	 3878.508489
   93 	 429.841754 	 3537.360569 	 3866.077881
   94 	 2717.272595 	 3560.064440 	 3885.976454
   95 	 1633.392599 	 3544.675007 	 3885.976454
   96 	 398.603600 	 3565.021470 	 3885.976454
   97 	 407.775606 	 3545.093120 	 3878.508489
   98 	 890.937136 	 3556.596556 	 3878.508489
   99 	 2668.037398 	 3558.077503 	 3863.594160
 