   0 	 0.036280 	 424.300782 	 3304.205513
    1 	 3.841028 	 1104.068920 	 3389.326230
    2 	 5.925413 	 2057.231133 	 3826.351442
    3 	 268.110604 	 2487.977973 	 3871.207230
    4 	 266.194316 	 2624.223378 	 3880.154944
    5 	 103.535776 	 2798.988580 	 3880.154944
    6 	 871.993582 	 2914.037352 	 3886.385653
    7 	 357.616923 	 3007.074247 	 3886.385653
    8 	 265.424477 	 3072.669172 	 3886.385653
    9 	 592.287867 	 3052.875322 	 3888.879336
   10 	 672.694939 	 2963.281939 	 3840.866756
   11 	 357.681666 	 2951.994832 	 3881.282730
   12 	 785.629741 	 3099.486690 	 3886.385653
   13 	 406.132608 	 3100.934413 	 3850.787716
   14 	 2468.228096 	 3297.903879 	 3885.139111
   15 	 331.726116 	 3210.901535 	 3876.301037
   16 	 927.497763 	 3334.276509 	 3848.408840
   17 	 854.676354 	 3449.933808 	 3854.614021
   18 	 2603.742991 	 3493.299662 	 3858.552379
   19 	 2324.215099 	 3495.776792 	 3858.552379
   20 	 2611.191123 	 3501.282763 	 3858.552379
   21 	 2561.203930 	 3524.209512 	 3858.552379
   22 	 840.420681 	 3527.072993 	 3843.345796
   23 	 2575.541444 	 3602.622540 	 3858.662536
   24 	 1307.675554 	 3607.167146 	 3854.614021
   25 	 1307.675554 	 3617.816362 	 3854.614021
   26 	 1307.675554 	 3626.066493 	 3854.614021
   27 	 1593.637165 	 3614.311087 	 3854.614021
   28 	 3055.503969 	 3675.348851 	 3853.372585
   29 	 1592.294803 	 3640.182306 	 3863.522658
   30 	 3053.670087 	 3680.463966 	 3866.008998
   31 	 1700.733544 	 3660.628305 	 3866.008998
   32 	 1596.831310 	 3620.751662 	 3855.049465
   33 	 1606.432945 	 3635.987734 	 3855.049465
   34 	 1606.432945 	 3679.541621 	 3873.696040
   35 	 1606.432945 	 3637.342652 	 3868.606433
   36 	 1600.028655 	 3647.766281 	 3873.696040
   37 	 3484.363581 	 3695.249611 	 3873.696040
   38 	 3497.470772 	 3693.474546 	 3873.696040
   39 	 1565.135575 	 3702.164213 	 3874.940745
   40 	 2734.049890 	 3702.769937 	 3873.696040
   41 	 3502.202837 	 3722.328437 	 3855.049465
   42 	 3387.091553 	 3718.958318 	 3855.049465
   43 	 3349.555556 	 3729.759349 	 3855.049465
   44 	 3069.006619 	 3728.981981 	 3863.745600
   45 	 859.245809 	 3726.660083 	 3855.049465
   46 	 2670.542937 	 3746.334034 	 3863.745600
   47 	 357.864661 	 3680.379510 	 3866.232010
   48 	 940.919870 	 3690.430225 	 3866.232010
   49 	 2538.236581 	 3747.832641 	 3866.232010
   50 	 2538.236581 	 3742.759014 	 3866.232010
   51 	 2538.236581 	 3762.330065 	 3876.185650
   52 	 3637.995013 	 3790.452741 	 3876.185650
   53 	 1730.840920 	 3753.225883 	 3866.232010
   54 	 1730.840920 	 3754.866459 	 3866.232010
   55 	 1618.006182 	 3706.898521 	 3863.745600
   56 	 1717.557640 	 3685.691890 	 3863.745600
   57 	 337.754532 	 3605.216194 	 3858.775180
   58 	 1679.653410 	 3618.732911 	 3863.745600
   59 	 1630.041805 	 3682.036577 	 3866.232010
   60 	 1737.501760 	 3716.433735 	 3856.291170
   61 	 1737.501760 	 3713.904751 	 3878.676060
   62 	 795.899622 	 3654.468840 	 3856.291170
   63 	 937.149323 	 3700.898806 	 3856.291170
   64 	 1732.504930 	 3706.418235 	 3856.291170
   65 	 2465.484457 	 3693.643758 	 3856.291170
   66 	 364.679018 	 3625.313741 	 3866.232010
   67 	 1335.931371 	 3668.553641 	 3866.232010
   68 	 3031.622050 	 3723.527615 	 3856.291170
   69 	 3014.031570 	 3699.270792 	 3857.533075
   70 	 551.987742 	 3666.805120 	 3857.533075
   71 	 3223.460356 	 3721.615810 	 3856.291170
   72 	 3223.460356 	 3739.511196 	 3863.745600
   73 	 1882.833963 	 3734.728085 	 3873.696040
   74 	 1880.181073 	 3762.950906 	 3876.185650
   75 	 3282.862281 	 3772.632617 	 3866.232010
   76 	 3097.960350 	 3757.144991 	 3876.185650
   77 	 3097.960350 	 3763.478274 	 3856.291170
   78 	 3097.960350 	 3769.577937 	 3856.291170
   79 	 3216.058016 	 3783.369921 	 3868.606433
   80 	 940.752736 	 3743.029032 	 3876.185650
   81 	 940.752736 	 3755.521558 	 3856.291170
   82 	 926.161083 	 3745.573600 	 3873.696040
   83 	 926.161083 	 3739.337528 	 3856.291170
   84 	 3207.317638 	 3769.816440 	 3876.185650
   85 	 3209.582986 	 3761.136781 	 3876.185650
   86 	 392.653671 	 3732.879080 	 3876.185650
   87 	 1710.376072 	 3760.632145 	 3876.185650
   88 	 2731.229493 	 3779.297286 	 3856.291170
   89 	 3429.609982 	 3802.994549 	 3873.696040
   90 	 3246.701410 	 3797.520331 	 3873.696040
   91 	 3523.425688 	 3800.987675 	 3876.185650
   92 	 917.659474 	 3757.926097 	 3876.185650
   93 	 3502.898381 	 3795.032303 	 3877.430755
   94 	 3523.425688 	 3791.422941 	 3876.185650
   95 	 942.147246 	 3733.165150 	 3876.185650
   96 	 3562.705595 	 3800.209367 	 3877.430755
   97 	 3580.743906 	 3812.619801 	 3876.185650
   98 	 1745.845810 	 3787.427582 	 3877.430755
   99 	 2702.770540 	 3811.218396 	 3877.430755
 