   0 	 1.001156 	 3.366187 	 10.205156
    1 	 1.001156 	 5.764072 	 10.223369
    2 	 1.146689 	 7.229843 	 10.253764
    3 	 3.099601 	 7.842301 	 10.253764
    4 	 2.635841 	 8.415392 	 10.229444
    5 	 3.353156 	 8.868590 	 10.229444
    6 	 3.353156 	 9.010574 	 10.278116
    7 	 4.381921 	 9.206588 	 10.253764
    8 	 4.504384 	 9.357147 	 10.278116
    9 	 4.504384 	 9.274240 	 10.253764
   10 	 6.148361 	 9.274750 	 10.272025
   11 	 6.654884 	 9.377129 	 10.272025
   12 	 7.471936 	 9.487111 	 10.272025
   13 	 7.471936 	 9.493515 	 10.272025
   14 	 8.322436 	 9.483487 	 10.272025
   15 	 1.962361 	 9.307786 	 10.272025
   16 	 1.783225 	 9.372687 	 10.272025
   17 	 8.806436 	 9.447251 	 10.229444
   18 	 8.812025 	 9.419395 	 10.229444
   19 	 8.812025 	 9.431603 	 10.229444
   20 	 8.812025 	 9.458756 	 10.229444
   21 	 8.812025 	 9.543577 	 10.229444
   22 	 8.862416 	 9.629262 	 10.229444
   23 	 8.834401 	 9.640268 	 10.229444
   24 	 8.834401 	 9.685583 	 10.229444
   25 	 8.806436 	 9.738694 	 10.229444
   26 	 8.639696 	 9.766152 	 10.229444
   27 	 8.912969 	 9.767929 	 10.253764
   28 	 8.828804 	 9.827546 	 10.253764
   29 	 1.562500 	 9.820335 	 10.253764
   30 	 8.980625 	 9.961706 	 10.253764
   31 	 8.986276 	 9.968547 	 10.278116
   32 	 9.008900 	 10.039471 	 10.278116
   33 	 9.631844 	 10.095686 	 10.278116
   34 	 9.631844 	 10.103493 	 10.290304
   35 	 5.036081 	 10.053738 	 10.290304
   36 	 4.659569 	 10.056348 	 10.272025
   37 	 1.978121 	 10.020178 	 10.272025
   38 	 8.739524 	 10.115926 	 10.272025
   39 	 5.064256 	 10.054775 	 10.278116
   40 	 8.733961 	 10.111038 	 10.272025
   41 	 8.733961 	 10.131763 	 10.278116
   42 	 8.733961 	 10.127801 	 10.278116
   43 	 8.733961 	 10.107765 	 10.278116
   44 	 8.733961 	 10.134626 	 10.278116
   45 	 9.749764 	 10.152124 	 10.278116
   46 	 9.838729 	 10.147789 	 10.278116
   47 	 5.000000 	 10.105279 	 10.278116
   48 	 5.000000 	 10.109946 	 10.278116
   49 	 1.994009 	 10.080230 	 10.278116
   50 	 1.968256 	 10.078188 	 10.278116
   51 	 1.968256 	 10.073272 	 10.278116
   52 	 7.421156 	 10.138482 	 10.278116
   53 	 9.375236 	 10.134309 	 10.290304
   54 	 9.369449 	 10.115037 	 10.290304
   55 	 1.996004 	 10.054049 	 10.290304
   56 	 9.369449 	 10.102015 	 10.278116
   57 	 9.369449 	 10.126030 	 10.290304
   58 	 9.369449 	 10.139088 	 10.290304
   59 	 1.978121 	 9.979864 	 10.290304
   60 	 7.416089 	 10.106973 	 10.290304
   61 	 7.375625 	 10.082869 	 10.290304
   62 	 8.645225 	 10.108731 	 10.290304
   63 	 8.645225 	 10.087777 	 10.290304
   64 	 8.645225 	 10.085849 	 10.290304
   65 	 9.375236 	 10.138558 	 10.284209
   66 	 1.996004 	 10.014485 	 10.278116
   67 	 5.056196 	 10.069550 	 10.284209
   68 	 4.996001 	 10.081216 	 10.284209
   69 	 9.094025 	 10.132905 	 10.284209
   70 	 9.094025 	 10.130284 	 10.284209
   71 	 9.094025 	 10.149083 	 10.284209
   72 	 8.784100 	 10.123063 	 10.284209
   73 	 8.784100 	 10.120900 	 10.278116
   74 	 1.948676 	 10.032540 	 10.284209
   75 	 9.381025 	 10.114706 	 10.284209
   76 	 9.323225 	 10.086005 	 10.284209
   77 	 7.380676 	 10.093968 	 10.290304
   78 	 9.375236 	 10.101964 	 10.290304
   79 	 5.000000 	 10.041775 	 10.290304
   80 	 9.369449 	 10.091628 	 10.290304
   81 	 9.375236 	 10.108129 	 10.290304
   82 	 9.375236 	 10.090360 	 10.290304
   83 	 5.084441 	 9.990841 	 10.290304
   84 	 1.743044 	 9.955058 	 10.290304
   85 	 1.743044 	 9.979218 	 10.290304
   86 	 9.375236 	 10.093412 	 10.290304
   87 	 9.462281 	 10.089556 	 10.290304
   88 	 9.462281 	 10.095550 	 10.290304
   89 	 9.439025 	 10.092226 	 10.284209
   90 	 9.439025 	 10.097440 	 10.284209
   91 	 9.375236 	 10.073442 	 10.284209
   92 	 9.462281 	 10.113829 	 10.284209
   93 	 4.992004 	 10.063937 	 10.290304
   94 	 1.980100 	 10.070901 	 10.290304
   95 	 1.946729 	 9.852842 	 10.290304
   96 	 1.980100 	 10.069641 	 10.290304
   97 	 1.996004 	 10.055422 	 10.290304
   98 	 1.996004 	 10.047737 	 10.290304
   99 	 9.421604 	 10.155905 	 10.290304
 