   0 	 0.731025 	 575.573904 	 3402.089124
    1 	 1.212830 	 1385.048255 	 3613.621152
    2 	 11.112064 	 2316.184177 	 3613.621152
    3 	 359.649181 	 2666.347508 	 3691.614884
    4 	 118.860277 	 2801.419938 	 3739.359515
    5 	 373.060483 	 2955.038179 	 3778.592514
    6 	 437.174475 	 2964.936146 	 3804.311760
    7 	 353.331534 	 2858.598227 	 3741.137936
    8 	 42.486581 	 2823.216990 	 3741.137936
    9 	 255.656149 	 2973.090029 	 3816.120356
   10 	 79.431641 	 3043.850804 	 3769.322596
   11 	 193.420514 	 3037.623909 	 3793.565594
   12 	 1482.551053 	 3261.981882 	 3749.510694
   13 	 766.654327 	 3054.340595 	 3700.406949
   14 	 804.649764 	 3132.971357 	 3700.406949
   15 	 805.870694 	 3033.087642 	 3719.874392
   16 	 922.144489 	 3100.096654 	 3739.988742
   17 	 294.522953 	 3043.283133 	 3760.466689
   18 	 352.676776 	 3120.084058 	 3760.466689
   19 	 819.099072 	 3212.251349 	 3769.322596
   20 	 1328.621320 	 3225.258958 	 3740.614651
   21 	 949.387099 	 3139.630795 	 3748.544876
   22 	 1404.257717 	 3138.799358 	 3739.393036
   23 	 373.168361 	 3119.829516 	 3748.544876
   24 	 373.168361 	 3195.611169 	 3787.783430
   25 	 928.667686 	 3280.105960 	 3798.856173
   26 	 2390.329093 	 3369.302584 	 3797.625068
   27 	 286.751450 	 3296.892704 	 3797.625068
   28 	 2431.649515 	 3426.718295 	 3797.625068
   29 	 2883.784540 	 3484.234603 	 3797.625068
   30 	 3059.465166 	 3503.326782 	 3818.106256
   31 	 3068.031673 	 3481.909119 	 3818.106256
   32 	 3033.321616 	 3483.876673 	 3777.954591
   33 	 2388.930051 	 3481.095666 	 3777.954591
   34 	 3103.552079 	 3507.093813 	 3777.954591
   35 	 910.647180 	 3443.988778 	 3816.112640
   36 	 910.647180 	 3470.154344 	 3816.112640
   37 	 3103.532626 	 3489.947226 	 3816.112640
   38 	 2809.842255 	 3498.778085 	 3816.112640
   39 	 1709.893476 	 3482.466647 	 3816.112640
   40 	 1604.966782 	 3436.657737 	 3816.112640
   41 	 1817.193316 	 3469.334206 	 3816.112640
   42 	 308.358916 	 3434.302630 	 3816.112640
   43 	 308.358916 	 3479.475563 	 3816.112640
   44 	 331.343280 	 3501.367969 	 3806.247002
   45 	 2624.010527 	 3524.884055 	 3811.094466
   46 	 1284.394256 	 3476.541139 	 3819.815554
   47 	 2656.365604 	 3500.731215 	 3811.094466
   48 	 1699.071605 	 3529.789312 	 3816.112640
   49 	 1439.905422 	 3523.905032 	 3818.581050
   50 	 1817.193316 	 3537.906009 	 3816.112640
   51 	 2635.785783 	 3610.247878 	 3801.075419
   52 	 1683.243992 	 3592.156520 	 3803.538956
   53 	 1512.939923 	 3600.128632 	 3816.872036
   54 	 1512.939923 	 3622.901869 	 3816.872036
   55 	 1512.939923 	 3649.968443 	 3816.872036
   56 	 1501.328900 	 3623.166045 	 3836.438381
   57 	 1672.053563 	 3640.422809 	 3836.438381
   58 	 2583.261919 	 3643.403487 	 3847.469469
   59 	 2126.472427 	 3650.918877 	 3836.438381
   60 	 401.397711 	 3616.497107 	 3817.346745
   61 	 2591.386040 	 3644.104724 	 3819.815554
   62 	 376.264337 	 3624.283407 	 3847.469469
   63 	 1636.118111 	 3636.078418 	 3807.005476
   64 	 3201.689636 	 3659.230342 	 3796.394163
   65 	 3192.655076 	 3638.445691 	 3797.625068
   66 	 2617.362438 	 3663.850605 	 3798.382736
   67 	 2616.341133 	 3650.159296 	 3777.954591
   68 	 885.712375 	 3640.270585 	 3777.954591
   69 	 3384.446912 	 3660.003664 	 3780.410601
   70 	 3384.446912 	 3657.915607 	 3779.938436
   71 	 1625.252320 	 3626.780657 	 3797.625068
   72 	 1625.252320 	 3618.608672 	 3836.643556
   73 	 3040.281285 	 3649.403526 	 3797.625068
   74 	 3369.357750 	 3662.311374 	 3797.625068
   75 	 1612.413843 	 3628.454870 	 3809.945116
   76 	 1612.413843 	 3608.541151 	 3778.395664
   77 	 880.822065 	 3590.216745 	 3779.623625
   78 	 797.548900 	 3530.314957 	 3778.395664
   79 	 2605.826493 	 3613.091575 	 3778.395664
   80 	 798.112400 	 3573.716273 	 3778.395664
   81 	 2613.501944 	 3642.104166 	 3774.712982
   82 	 2933.915868 	 3642.773652 	 3774.712982
   83 	 1639.462976 	 3619.104804 	 3771.032100
   84 	 2473.721724 	 3628.594556 	 3774.712982
   85 	 2931.752742 	 3639.176999 	 3800.845376
   86 	 3120.718206 	 3665.444385 	 3800.845376
   87 	 2564.808721 	 3670.300038 	 3800.845376
   88 	 2545.346797 	 3660.635392 	 3798.067037
   89 	 2578.312196 	 3657.193750 	 3758.775492
   90 	 2614.522975 	 3661.160886 	 3758.775492
   91 	 3291.341687 	 3652.481729 	 3798.067037
   92 	 867.841784 	 3616.397937 	 3798.067037
   93 	 802.271403 	 3608.816287 	 3768.893456
   94 	 811.551992 	 3610.682247 	 3758.775492
   95 	 3256.233419 	 3641.049771 	 3798.067037
   96 	 1643.503076 	 3623.397898 	 3798.067037
   97 	 3403.755364 	 3671.949383 	 3798.067037
   98 	 3402.590149 	 3668.089122 	 3798.067037
   99 	 2592.590736 	 3652.864160 	 3798.067037
 