   0 	 0.192537 	 454.373265 	 2977.188199
    1 	 6.098516 	 1317.002164 	 3507.299761
    2 	 11.034044 	 2090.726570 	 3574.527521
    3 	 620.032345 	 2578.283036 	 3574.527521
    4 	 620.032345 	 2746.472380 	 3574.527521
    5 	 1543.484417 	 2855.405623 	 3863.112874
    6 	 321.505011 	 2933.415257 	 3854.907434
    7 	 938.210617 	 3100.853374 	 3848.922771
    8 	 1704.213207 	 3155.162382 	 3837.480475
    9 	 1986.430677 	 3239.173755 	 3825.115883
   10 	 2281.384661 	 3259.643301 	 3843.670271
   11 	 2421.394990 	 3266.725880 	 3904.677866
   12 	 2359.955969 	 3317.538894 	 3904.677866
   13 	 2134.350295 	 3293.484514 	 3904.677866
   14 	 1820.888347 	 3303.898220 	 3904.677866
   15 	 322.834569 	 3271.195141 	 3904.677866
   16 	 849.160357 	 3373.118731 	 3894.698180
   17 	 1721.548254 	 3408.828400 	 3894.698180
   18 	 2583.819016 	 3452.935442 	 3905.926227
   19 	 393.201132 	 3452.965711 	 3892.205258
   20 	 2889.778676 	 3453.492765 	 3892.205258
   21 	 397.137911 	 3367.274285 	 3864.835920
   22 	 889.088036 	 3420.410973 	 3864.835920
   23 	 2823.740198 	 3468.099714 	 3864.835920
   24 	 2500.038049 	 3472.858679 	 3859.870077
   25 	 830.187013 	 3445.716788 	 3898.439062
   26 	 2924.599509 	 3490.983296 	 3859.870077
   27 	 2713.296416 	 3455.402538 	 3844.991748
   28 	 2924.599509 	 3491.043352 	 3866.077881
   29 	 383.918105 	 3439.220173 	 3866.077881
   30 	 379.235263 	 3473.036924 	 3866.077881
   31 	 2418.601216 	 3501.756833 	 3866.077881
   32 	 2418.601216 	 3491.431218 	 3866.077881
   33 	 2418.601216 	 3494.776882 	 3866.077881
   34 	 2615.703197 	 3551.797680 	 3866.077881
   35 	 1702.107490 	 3556.483307 	 3825.198775
   36 	 389.643835 	 3433.288289 	 3863.912996
   37 	 1470.211967 	 3479.911050 	 3826.434336
   38 	 1870.716651 	 3571.489665 	 3805.773056
   39 	 2880.350898 	 3608.890178 	 3805.773056
   40 	 3099.952597 	 3625.933467 	 3805.773056
   41 	 1464.853537 	 3632.023347 	 3842.431912
   42 	 391.095526 	 3593.842603 	 3844.908830
   43 	 3417.787314 	 3677.587836 	 3842.431912
   44 	 3392.147212 	 3680.518207 	 3865.154816
   45 	 2581.021608 	 3648.650191 	 3862.671376
   46 	 2581.021608 	 3648.302760 	 3863.912996
   47 	 913.241131 	 3641.913007 	 3863.912996
   48 	 874.973235 	 3630.396033 	 3863.912996
   49 	 3390.465124 	 3684.577575 	 3863.912996
   50 	 1920.264289 	 3662.372895 	 3863.912996
   51 	 1649.707256 	 3650.424805 	 3863.912996
   52 	 388.335224 	 3635.244588 	 3863.912996
   53 	 3430.643666 	 3725.287136 	 3861.429956
   54 	 2615.622021 	 3707.697427 	 3863.912996
   55 	 1860.169045 	 3702.512023 	 3863.912996
   56 	 3401.644235 	 3717.593985 	 3786.081536
   57 	 3401.644235 	 3722.002213 	 3853.985636
   58 	 3415.831556 	 3719.108761 	 3853.985636
   59 	 3400.294926 	 3724.001272 	 3853.985636
   60 	 416.762264 	 3697.250437 	 3853.985636
   61 	 416.762264 	 3678.449799 	 3853.985636
   62 	 3562.116836 	 3747.812497 	 3853.985636
   63 	 3542.682790 	 3742.896641 	 3844.908830
   64 	 3542.682790 	 3734.500665 	 3844.908830
   65 	 3447.008927 	 3720.811457 	 3844.908830
   66 	 385.169152 	 3644.134650 	 3834.169316
   67 	 336.263601 	 3691.066855 	 3853.985636
   68 	 3464.211703 	 3730.720667 	 3853.985636
   69 	 2651.413298 	 3721.268323 	 3855.225856
   70 	 3123.551236 	 3727.338541 	 3876.020768
   71 	 394.238347 	 3684.259332 	 3855.225856
   72 	 1540.085476 	 3706.976187 	 3855.225856
   73 	 3484.130020 	 3728.321504 	 3855.225856
   74 	 410.262859 	 3671.421912 	 3855.225856
   75 	 894.559685 	 3681.293214 	 3855.225856
   76 	 1720.387556 	 3690.458967 	 3855.225856
   77 	 1720.387556 	 3680.401141 	 3855.225856
   78 	 1863.814597 	 3677.393361 	 3855.225856
   79 	 384.777240 	 3686.148297 	 3864.128805
   80 	 3467.387236 	 3765.722350 	 3864.128805
   81 	 1681.724416 	 3752.434626 	 3855.225856
   82 	 1680.906596 	 3763.737094 	 3855.225856
   83 	 391.071844 	 3742.844420 	 3855.225856
   84 	 3562.116836 	 3787.430824 	 3855.225856
   85 	 2702.041627 	 3776.973414 	 3863.912996
   86 	 947.325598 	 3746.983069 	 3863.912996
   87 	 898.825502 	 3749.295919 	 3884.731293
   88 	 937.523179 	 3724.580809 	 3863.912996
   89 	 2606.774756 	 3760.171471 	 3863.912996
   90 	 3448.594916 	 3778.347085 	 3863.912996
   91 	 3541.466143 	 3780.517385 	 3863.912996
   92 	 410.262859 	 3755.589972 	 3863.912996
   93 	 937.523179 	 3743.001582 	 3855.225856
   94 	 2537.923396 	 3766.587633 	 3855.225856
   95 	 2541.947876 	 3767.874144 	 3855.225856
   96 	 3522.472300 	 3784.399629 	 3855.225856
   97 	 1915.892005 	 3765.579533 	 3855.225856
   98 	 3467.387236 	 3790.195056 	 3855.225856
   99 	 937.523179 	 3730.607235 	 3855.225856
 