   0 	 0.187830 	 541.231505 	 3031.070972
    1 	 33.463578 	 1315.161976 	 3042.813503
    2 	 6.444700 	 1845.495973 	 3362.607996
    3 	 48.202318 	 2108.774541 	 3209.780764
    4 	 30.673664 	 2180.772891 	 3513.220887
    5 	 220.255731 	 2295.756889 	 3696.966480
    6 	 256.017605 	 2412.724151 	 3696.966480
    7 	 763.016180 	 2516.320526 	 3734.574439
    8 	 59.387657 	 2477.743379 	 3696.966480
    9 	 299.584712 	 2600.244257 	 3754.271032
   10 	 51.760149 	 2853.434412 	 3775.107011
   11 	 323.346968 	 2875.093385 	 3754.271032
   12 	 325.416779 	 3094.503395 	 3816.020687
   13 	 281.668695 	 3063.927167 	 3775.737064
   14 	 141.977042 	 3088.994185 	 3831.495070
   15 	 241.284614 	 3043.636879 	 3831.495070
   16 	 334.963183 	 3023.652190 	 3841.181602
   17 	 386.739144 	 2941.570791 	 3736.588455
   18 	 341.905934 	 3110.430055 	 3729.334822
   19 	 2238.425035 	 3294.375084 	 3751.201700
   20 	 1793.501660 	 3253.791472 	 3784.182053
   21 	 292.543851 	 3232.596408 	 3831.495070
   22 	 2151.880184 	 3325.139183 	 3831.495070
   23 	 2151.880184 	 3326.543475 	 3766.764725
   24 	 290.260630 	 3243.959368 	 3765.913319
   25 	 913.870040 	 3235.417484 	 3770.823592
   26 	 835.118942 	 3143.566523 	 3816.655810
   27 	 338.015916 	 3177.439582 	 3816.655810
   28 	 947.101380 	 3291.701353 	 3830.785555
   29 	 1601.215375 	 3333.934282 	 3830.785555
   30 	 1639.857535 	 3244.008842 	 3811.715790
   31 	 325.168334 	 3148.438091 	 3812.950495
   32 	 259.810222 	 3108.632462 	 3801.624168
   33 	 351.594744 	 3191.735895 	 3871.207230
   34 	 842.757440 	 3308.315694 	 3871.207230
   35 	 1780.451314 	 3357.422893 	 3871.207230
   36 	 354.195276 	 3336.969162 	 3871.207230
   37 	 937.242541 	 3373.100081 	 3871.207230
   38 	 361.161915 	 3336.522020 	 3871.207230
   39 	 2796.580995 	 3469.584395 	 3852.566655
   40 	 923.411603 	 3399.964461 	 3852.566655
   41 	 262.300649 	 3409.434230 	 3847.603435
   42 	 874.788892 	 3421.126127 	 3770.823592
   43 	 360.656865 	 3465.159830 	 3851.325550
   44 	 1620.993349 	 3539.020032 	 3851.325550
   45 	 449.089319 	 3389.770712 	 3851.325550
   46 	 243.696814 	 3281.806121 	 3851.325550
   47 	 358.731697 	 3419.730670 	 3851.325550
   48 	 329.980695 	 3380.612513 	 3872.451535
   49 	 330.794878 	 3384.294581 	 3872.451535
   50 	 2682.571531 	 3586.563051 	 3882.646627
   51 	 818.699783 	 3384.069694 	 3856.523850
   52 	 329.503600 	 3347.292279 	 3867.475515
   53 	 843.792065 	 3486.132126 	 3867.475515
   54 	 257.716631 	 3323.388552 	 3861.492817
   55 	 364.840959 	 3244.960419 	 3852.566655
   56 	 323.204860 	 3470.136719 	 3851.325550
   57 	 278.786253 	 3415.345359 	 3861.492817
   58 	 340.674226 	 3502.453051 	 3871.207230
   59 	 794.829139 	 3505.421524 	 3871.207230
   60 	 328.875148 	 3483.296745 	 3861.492817
   61 	 253.317090 	 3461.961019 	 3876.418918
   62 	 383.773197 	 3541.750608 	 3797.145843
   63 	 2516.167611 	 3639.910015 	 3798.378185
   64 	 3081.715191 	 3631.096561 	 3871.207230
   65 	 3480.824727 	 3632.668678 	 3871.207230
   66 	 1569.092916 	 3614.815157 	 3871.207230
   67 	 3349.941326 	 3628.532372 	 3871.207230
   68 	 850.903510 	 3607.192371 	 3871.207230
   69 	 3341.857877 	 3636.912722 	 3871.207230
   70 	 3382.465536 	 3639.603265 	 3800.504482
   71 	 364.840959 	 3577.143825 	 3800.504482
   72 	 973.887633 	 3573.958383 	 3800.504482
   73 	 1717.780421 	 3571.750503 	 3800.504482
   74 	 1717.780421 	 3525.890744 	 3846.363130
   75 	 860.508051 	 3508.408553 	 3826.111588
   76 	 813.975190 	 3520.148710 	 3798.378185
   77 	 2344.362175 	 3567.198047 	 3846.363130
   78 	 2426.243764 	 3592.693646 	 3846.363130
   79 	 252.865766 	 3502.817153 	 3881.400686
   80 	 2442.249820 	 3588.835071 	 3881.400686
   81 	 2442.249820 	 3617.937543 	 3867.475515
   82 	 2251.698310 	 3608.791777 	 3871.207230
   83 	 860.508051 	 3594.313277 	 3871.207230
   84 	 869.920662 	 3589.163171 	 3871.207230
   85 	 3438.481462 	 3686.283657 	 3871.207230
   86 	 3476.327923 	 3676.994325 	 3871.207230
   87 	 3481.208382 	 3681.587772 	 3876.185650
   88 	 908.083107 	 3642.381123 	 3876.185650
   89 	 2523.177285 	 3665.109357 	 3876.185650
   90 	 342.664790 	 3638.290482 	 3876.185650
   91 	 2570.593470 	 3718.627938 	 3877.430755
   92 	 2570.593470 	 3689.423219 	 3876.185650
   93 	 366.201549 	 3678.828465 	 3876.185650
   94 	 2523.177285 	 3731.816586 	 3881.167270
   95 	 416.937690 	 3719.150339 	 3881.167270
   96 	 415.384360 	 3730.164410 	 3881.167270
   97 	 1712.589610 	 3755.863758 	 3881.400686
   98 	 3554.473930 	 3789.083424 	 3881.400686
   99 	 2181.253136 	 3775.977346 	 3881.167270
 