   0 	 1.000169 	 3.146903 	 10.144576
    1 	 1.000169 	 5.065442 	 10.144576
    2 	 1.052900 	 6.254489 	 10.144576
    3 	 1.180625 	 7.162222 	 10.144576
    4 	 1.047089 	 7.930584 	 10.096256
    5 	 2.175056 	 8.168262 	 10.096256
    6 	 4.648100 	 8.539875 	 10.241600
    7 	 4.407716 	 8.775976 	 10.241600
    8 	 5.700224 	 9.040276 	 10.241600
    9 	 6.602689 	 8.984020 	 10.048064
   10 	 6.602689 	 9.070226 	 10.180900
   11 	 6.602689 	 9.109708 	 10.193024
   12 	 6.607424 	 9.122236 	 10.042049
   13 	 6.419584 	 9.131348 	 10.096256
   14 	 6.645376 	 9.268346 	 10.024016
   15 	 7.512704 	 9.344486 	 10.078169
   16 	 7.512704 	 9.293722 	 10.078169
   17 	 7.512704 	 9.324439 	 10.078169
   18 	 7.512704 	 9.346766 	 10.078169
   19 	 6.271616 	 9.336864 	 10.060100
   20 	 1.802816 	 9.382007 	 10.096256
   21 	 7.553600 	 9.432117 	 10.278116
   22 	 8.123561 	 9.570425 	 10.278116
   23 	 8.128900 	 9.643234 	 10.290304
   24 	 8.128900 	 9.688518 	 10.290304
   25 	 8.128900 	 9.718685 	 10.290304
   26 	 8.128900 	 9.718341 	 10.290304
   27 	 8.128900 	 9.686851 	 10.290304
   28 	 8.912969 	 9.757417 	 10.290304
   29 	 8.912969 	 9.749101 	 10.278116
   30 	 8.912969 	 9.725176 	 10.278116
   31 	 8.823209 	 9.714867 	 10.278116
   32 	 1.872356 	 9.653382 	 10.290304
   33 	 8.958041 	 9.761640 	 10.290304
   34 	 4.625216 	 9.733580 	 10.278116
   35 	 9.236900 	 9.849224 	 10.278116
   36 	 9.213956 	 9.860894 	 10.290304
   37 	 9.191044 	 9.870933 	 10.290304
   38 	 8.851204 	 9.873189 	 10.290304
   39 	 8.851204 	 9.859369 	 10.290304
   40 	 9.305924 	 9.922147 	 10.290304
   41 	 9.305924 	 9.885739 	 10.290304
   42 	 9.305924 	 9.929442 	 10.290304
   43 	 6.822569 	 9.912234 	 10.290304
   44 	 6.822569 	 9.947180 	 10.290304
   45 	 1.811801 	 9.853834 	 10.290304
   46 	 1.811801 	 9.867952 	 10.290304
   47 	 9.561476 	 9.933735 	 10.290304
   48 	 9.555625 	 9.924503 	 10.290304
   49 	 8.728400 	 9.904601 	 10.290304
   50 	 8.728400 	 9.951344 	 10.290304
   51 	 7.431296 	 9.914101 	 10.290304
   52 	 9.549776 	 9.922207 	 10.290304
   53 	 9.549776 	 9.940148 	 10.278116
   54 	 9.561476 	 9.957151 	 10.278116
   55 	 9.561476 	 9.947149 	 10.278116
   56 	 6.914624 	 9.932930 	 10.278116
   57 	 9.538084 	 9.952044 	 10.278116
   58 	 9.549776 	 9.944896 	 10.278116
   59 	 9.549776 	 9.943705 	 10.278116
   60 	 4.625216 	 9.863027 	 10.290304
   61 	 4.625216 	 9.956996 	 10.290304
   62 	 7.190144 	 10.022176 	 10.290304
   63 	 7.150400 	 9.992835 	 10.290304
   64 	 9.538084 	 10.010601 	 10.290304
   65 	 9.340544 	 9.973213 	 10.290304
   66 	 4.459600 	 9.932630 	 10.290304
   67 	 9.538084 	 10.012986 	 10.290304
   68 	 9.538084 	 9.983431 	 10.290304
   69 	 1.902500 	 9.864373 	 10.290304
   70 	 9.168164 	 9.999436 	 10.290304
   71 	 7.250000 	 9.973487 	 10.290304
   72 	 7.170256 	 9.956800 	 10.290304
   73 	 7.170256 	 9.912537 	 10.290304
   74 	 7.170256 	 9.899344 	 10.290304
   75 	 7.170256 	 9.873310 	 10.290304
   76 	 6.866084 	 9.883131 	 10.290304
   77 	 7.180196 	 9.879342 	 10.290304
   78 	 1.770884 	 9.783315 	 10.290304
   79 	 7.260004 	 9.914399 	 10.290304
   80 	 7.421156 	 10.050088 	 10.290304
   81 	 9.538084 	 10.081159 	 10.290304
   82 	 9.538084 	 10.078350 	 10.290304
   83 	 9.538084 	 10.112663 	 10.290304
   84 	 7.390784 	 10.065115 	 10.290304
   85 	 9.549776 	 10.110277 	 10.290304
   86 	 5.056196 	 10.067274 	 10.290304
   87 	 5.056196 	 10.121656 	 10.290304
   88 	 1.996004 	 10.098509 	 10.290304
   89 	 9.631844 	 10.166770 	 10.290304
   90 	 9.631844 	 10.200020 	 10.290304
   91 	 9.631844 	 10.205311 	 10.290304
   92 	 9.631844 	 10.197961 	 10.290304
   93 	 9.702500 	 10.221075 	 10.290304
   94 	 9.702500 	 10.217666 	 10.290304
   95 	 9.538084 	 10.215354 	 10.290304
   96 	 9.538084 	 10.209931 	 10.290304
   97 	 7.360484 	 10.200095 	 10.290304
   98 	 9.892324 	 10.215877 	 10.290304
   99 	 9.820900 	 10.203711 	 10.290304
 