   0 	 0.057978 	 507.028160 	 3438.514399
    1 	 22.147465 	 1371.816101 	 3363.720950
    2 	 241.805525 	 1962.255756 	 3648.691894
    3 	 572.743890 	 2435.960818 	 3737.545933
    4 	 66.284076 	 2772.198971 	 3737.545933
    5 	 1600.621759 	 3013.638770 	 3737.545933
    6 	 1626.260422 	 3064.409600 	 3865.596448
    7 	 1626.260422 	 3085.997548 	 3865.596448
    8 	 562.881445 	 3090.331241 	 3865.596448
    9 	 1589.565421 	 3216.674635 	 3885.976454
   10 	 1355.545525 	 3227.422635 	 3882.241572
   11 	 938.985189 	 3276.201334 	 3882.241572
   12 	 938.985189 	 3408.864087 	 3882.241572
   13 	 938.985189 	 3436.372493 	 3883.486332
   14 	 1720.568606 	 3504.758609 	 3882.241572
   15 	 1726.840400 	 3518.894096 	 3883.486332
   16 	 127.558534 	 3557.456544 	 3893.205100
   17 	 1723.537664 	 3607.219888 	 3883.486332
   18 	 2682.081236 	 3612.846119 	 3873.287929
   19 	 2652.178635 	 3639.993680 	 3878.508489
   20 	 2586.588310 	 3655.967705 	 3878.508489
   21 	 3166.205299 	 3663.408116 	 3873.409642
   22 	 3166.205299 	 3670.992719 	 3873.409642
   23 	 2629.426630 	 3633.583898 	 3870.801882
   24 	 303.121648 	 3642.581123 	 3883.486332
   25 	 375.194774 	 3618.098660 	 3883.486332
   26 	 1811.831519 	 3660.283952 	 3883.486332
   27 	 931.882653 	 3653.654023 	 3883.486332
   28 	 412.276906 	 3612.363277 	 3883.486332
   29 	 338.089600 	 3586.390952 	 3883.486332
   30 	 2189.857045 	 3642.361492 	 3883.486332
   31 	 2647.452182 	 3659.260675 	 3878.508489
   32 	 1686.935108 	 3653.783188 	 3878.508489
   33 	 2354.539301 	 3659.561275 	 3883.486332
   34 	 2354.539301 	 3643.275673 	 3867.320042
   35 	 375.033805 	 3628.790636 	 3878.508489
   36 	 2327.054173 	 3652.192246 	 3878.508489
   37 	 1835.110096 	 3648.273367 	 3883.486332
   38 	 1835.110096 	 3654.761207 	 3883.486332
   39 	 2497.123614 	 3680.367985 	 3860.630100
   40 	 848.508915 	 3621.321455 	 3860.630100
   41 	 1539.743276 	 3649.598167 	 3860.630100
   42 	 3093.584946 	 3699.152903 	 3868.197485
   43 	 1630.617373 	 3698.468416 	 3868.197485
   44 	 814.279696 	 3661.727805 	 3868.197485
   45 	 919.693299 	 3687.591888 	 3868.197485
   46 	 1739.772688 	 3675.997487 	 3872.044805
   47 	 1726.964007 	 3681.410882 	 3863.112874
   48 	 1726.964007 	 3672.482813 	 3865.596448
   49 	 1739.772688 	 3689.848656 	 3863.112874
   50 	 3181.136247 	 3738.666156 	 3880.997011
   51 	 408.230874 	 3717.588682 	 3880.997011
   52 	 3181.136247 	 3746.880348 	 3900.933984
   53 	 2668.629796 	 3733.887335 	 3883.486332
   54 	 3249.079479 	 3776.547235 	 3865.596448
   55 	 3172.920361 	 3785.337369 	 3883.003869
   56 	 3254.334495 	 3812.759205 	 3863.112874
   57 	 3460.857664 	 3801.362063 	 3865.596448
   58 	 3109.457066 	 3805.346716 	 3863.112874
   59 	 3109.457066 	 3796.900917 	 3863.112874
   60 	 3484.083582 	 3800.739192 	 3863.112874
   61 	 2696.585181 	 3774.309630 	 3863.112874
   62 	 3488.728192 	 3806.358065 	 3863.112874
   63 	 946.816016 	 3786.451239 	 3863.112874
   64 	 3509.095812 	 3820.665379 	 3863.112874
   65 	 3394.119318 	 3822.132461 	 3863.112874
   66 	 3394.119318 	 3810.765448 	 3863.112874
   67 	 1736.367940 	 3771.937398 	 3863.112874
   68 	 888.785936 	 3767.328987 	 3865.596448
   69 	 1736.367940 	 3807.800893 	 3865.596448
   70 	 1709.872906 	 3738.085209 	 3863.112874
   71 	 1736.367940 	 3807.584869 	 3863.112874
   72 	 3506.893136 	 3828.830277 	 3863.112874
   73 	 946.816016 	 3758.059163 	 3863.112874
   74 	 946.816016 	 3750.288870 	 3863.112874
   75 	 3436.280336 	 3818.372173 	 3863.112874
   76 	 926.025173 	 3791.559739 	 3863.112874
   77 	 3511.626256 	 3824.202905 	 3878.384209
   78 	 1736.367940 	 3804.285129 	 3878.384209
   79 	 3506.935675 	 3825.240669 	 3878.384209
   80 	 3659.822556 	 3835.983883 	 3878.384209
   81 	 3664.657871 	 3833.019688 	 3883.486332
   82 	 400.198810 	 3791.592161 	 3878.384209
   83 	 3662.182173 	 3830.031631 	 3878.384209
   84 	 398.601997 	 3757.979258 	 3878.384209
   85 	 2692.343415 	 3818.025426 	 3883.486332
   86 	 413.088512 	 3786.783215 	 3878.384209
   87 	 2692.343415 	 3800.676024 	 3877.912007
   88 	 2692.343415 	 3798.084972 	 3878.384209
   89 	 2696.585181 	 3782.071018 	 3878.384209
   90 	 2696.585181 	 3787.637890 	 3878.384209
   91 	 2696.585181 	 3798.462054 	 3878.384209
   92 	 2659.390442 	 3789.964961 	 3878.384209
   93 	 387.513907 	 3732.726077 	 3878.384209
   94 	 413.088512 	 3732.590904 	 3875.896526
   95 	 1630.617373 	 3751.540675 	 3863.112874
   96 	 1683.582673 	 3771.788559 	 3863.112874
   97 	 3506.935675 	 3821.570819 	 3868.197485
   98 	 1891.668494 	 3793.018913 	 3878.384209
   99 	 1902.353760 	 3800.220473 	 3878.384209
 