   0 	 0.222710 	 424.886504 	 3345.789725
    1 	 18.412210 	 1328.542203 	 3345.789725
    2 	 10.938132 	 1863.419755 	 3871.322545
    3 	 8.822830 	 2236.005703 	 3886.267623
    4 	 301.631462 	 2336.402156 	 3871.322545
    5 	 100.053910 	 2456.850353 	 3876.418918
    6 	 100.633352 	 2759.230413 	 3879.387230
    7 	 254.559002 	 2939.652900 	 3879.387230
    8 	 258.218756 	 3008.817435 	 3889.347270
    9 	 133.277584 	 2866.447205 	 3890.712653
   10 	 133.277584 	 3034.294473 	 3893.205100
   11 	 963.044901 	 3365.686847 	 3891.373820
   12 	 442.405935 	 3246.850103 	 3891.373820
   13 	 393.254721 	 3158.864595 	 3886.267623
   14 	 392.858565 	 3141.189356 	 3891.373820
   15 	 409.143046 	 3247.587413 	 3891.373820
   16 	 418.962386 	 3395.136279 	 3891.373820
   17 	 386.395465 	 3278.915164 	 3891.373820
   18 	 412.446149 	 3356.699989 	 3886.267623
   19 	 264.280351 	 3334.031604 	 3886.267623
   20 	 931.566781 	 3342.767760 	 3889.347270
   21 	 381.645665 	 3474.228232 	 3891.373820
   22 	 378.919159 	 3403.713715 	 3888.879336
   23 	 104.308953 	 3308.564911 	 3887.514346
   24 	 375.651405 	 3424.605231 	 3886.267623
   25 	 387.564867 	 3418.907788 	 3874.069227
   26 	 389.348411 	 3539.796998 	 3872.684693
   27 	 391.716492 	 3268.423492 	 3891.373820
   28 	 379.060261 	 2987.613076 	 3892.621362
   29 	 388.203941 	 3253.793870 	 3892.621362
   30 	 974.912490 	 3365.521102 	 3892.621362
   31 	 857.744753 	 3443.202792 	 3892.621362
   32 	 378.138789 	 3342.798120 	 3892.621362
   33 	 398.408575 	 3330.572630 	 3892.621362
   34 	 388.260533 	 3308.329672 	 3891.373820
   35 	 387.517994 	 3347.049891 	 3891.373820
   36 	 378.837398 	 3026.409560 	 3891.373820
   37 	 388.304795 	 3423.424154 	 3891.373820
   38 	 394.234383 	 3396.905229 	 3852.961130
   39 	 1009.999501 	 3562.837814 	 3892.621362
   40 	 99.471667 	 3266.602443 	 3891.373820
   41 	 419.662827 	 3489.950724 	 3891.373820
   42 	 406.622004 	 3387.368758 	 3891.373820
   43 	 977.831560 	 3467.715622 	 3891.373820
   44 	 393.891820 	 3416.305844 	 3876.668137
   45 	 521.272349 	 3488.356438 	 3875.312680
   46 	 416.652221 	 3450.728677 	 3872.937728
   47 	 927.545579 	 3436.897332 	 3872.937728
   48 	 532.519852 	 3510.564578 	 3875.312680
   49 	 388.536117 	 3494.040487 	 3895.698346
   50 	 873.654870 	 3579.390200 	 3875.312680
   51 	 926.332110 	 3605.934945 	 3875.312680
   52 	 1928.100645 	 3639.861867 	 3867.745766
   53 	 923.387600 	 3597.898855 	 3872.825974
   54 	 2665.210911 	 3681.909745 	 3872.937728
   55 	 1480.873450 	 3635.649404 	 3867.745766
   56 	 2510.889625 	 3672.642003 	 3867.745766
   57 	 2677.923090 	 3680.495422 	 3867.745766
   58 	 936.809629 	 3674.392146 	 3860.084609
   59 	 2677.923090 	 3694.495304 	 3875.312680
   60 	 911.827314 	 3690.811051 	 3879.156077
   61 	 911.827314 	 3704.355327 	 3879.156077
   62 	 3186.876328 	 3723.930080 	 3888.101565
   63 	 2711.429896 	 3735.178427 	 3880.400347
   64 	 2684.458906 	 3737.213977 	 3880.400347
   65 	 2662.570878 	 3726.377152 	 3880.400347
   66 	 954.144448 	 3700.133762 	 3878.384209
   67 	 413.243011 	 3732.029720 	 3898.314478
   68 	 2609.971235 	 3743.347038 	 3898.314478
   69 	 2408.383034 	 3725.969319 	 3870.230838
   70 	 2609.971235 	 3745.484234 	 3879.156077
   71 	 2609.971235 	 3744.569468 	 3879.156077
   72 	 2645.802758 	 3764.035906 	 3872.937728
   73 	 2678.777408 	 3760.623433 	 3872.825974
   74 	 933.040842 	 3716.169421 	 3867.854963
   75 	 2600.596914 	 3753.269849 	 3870.230838
   76 	 2600.596914 	 3760.745421 	 3870.230838
   77 	 406.787238 	 3720.251043 	 3875.312680
   78 	 1614.501933 	 3731.337484 	 3875.312680
   79 	 1702.594837 	 3732.899585 	 3875.312680
   80 	 924.616381 	 3664.667321 	 3875.312680
   81 	 954.144448 	 3704.372756 	 3875.312680
   82 	 954.144448 	 3700.787260 	 3875.312680
   83 	 1511.897621 	 3728.650624 	 3875.312680
   84 	 407.326181 	 3740.955134 	 3872.825974
   85 	 3446.770998 	 3772.904956 	 3872.825974
   86 	 3446.770998 	 3767.602484 	 3872.825974
   87 	 1692.794072 	 3743.082723 	 3875.312680
   88 	 934.254611 	 3751.554815 	 3875.312680
   89 	 3474.973129 	 3776.539616 	 3875.312680
   90 	 420.436520 	 3721.084362 	 3875.312680
   91 	 1716.326470 	 3732.533731 	 3870.230838
   92 	 3153.672765 	 3746.038096 	 3875.312680
   93 	 2715.591280 	 3738.889417 	 3870.230838
   94 	 2715.591280 	 3732.450837 	 3870.230838
   95 	 2715.711077 	 3735.140605 	 3870.230838
   96 	 1690.663164 	 3711.082516 	 3875.312680
   97 	 1690.663164 	 3704.819856 	 3875.312680
   98 	 1662.572912 	 3666.273091 	 3870.230838
   99 	 1662.572912 	 3641.028462 	 3875.312680
 