   0 	 1.010201 	 3.422730 	 10.108324
    1 	 1.004624 	 5.632679 	 10.290304
    2 	 1.004624 	 7.126846 	 10.290304
    3 	 1.126736 	 7.995945 	 10.290304
    4 	 2.000000 	 8.657770 	 10.290304
    5 	 5.048144 	 9.030688 	 10.290304
    6 	 5.334724 	 9.195713 	 10.290304
    7 	 5.343056 	 9.381636 	 10.290304
    8 	 5.968441 	 9.500945 	 10.290304
    9 	 7.095961 	 9.475970 	 10.290304
   10 	 7.095961 	 9.550650 	 10.290304
   11 	 1.574564 	 9.534085 	 10.290304
   12 	 6.943844 	 9.541769 	 10.290304
   13 	 6.943844 	 9.566274 	 10.290304
   14 	 7.431296 	 9.699729 	 10.278116
   15 	 4.632836 	 9.653034 	 10.290304
   16 	 7.250000 	 9.784945 	 10.284209
   17 	 7.275025 	 9.789914 	 10.284209
   18 	 6.788836 	 9.886465 	 10.284209
   19 	 6.788836 	 9.888849 	 10.284209
   20 	 8.059649 	 9.927549 	 10.284209
   21 	 4.992004 	 9.843653 	 10.290304
   22 	 8.059649 	 9.857564 	 10.290304
   23 	 7.290064 	 9.911094 	 10.284209
   24 	 7.265009 	 9.835802 	 10.284209
   25 	 7.265009 	 9.850791 	 10.284209
   26 	 7.770404 	 9.981773 	 10.284209
   27 	 7.796449 	 9.982439 	 10.284209
   28 	 4.740356 	 9.901788 	 10.284209
   29 	 1.925444 	 9.931863 	 10.284209
   30 	 9.196769 	 10.008030 	 10.284209
   31 	 9.196769 	 9.999334 	 10.284209
   32 	 8.584516 	 9.970095 	 10.265936
   33 	 8.584516 	 9.947583 	 10.265936
   34 	 9.259876 	 9.987250 	 10.265936
   35 	 4.849444 	 9.939809 	 10.272025
   36 	 7.400900 	 9.981454 	 10.272025
   37 	 7.320196 	 10.006707 	 10.290304
   38 	 7.320196 	 9.965378 	 10.290304
   39 	 7.320196 	 9.970004 	 10.290304
   40 	 7.315169 	 9.990735 	 10.290304
   41 	 7.240004 	 9.993440 	 10.290304
   42 	 7.240004 	 9.976136 	 10.290304
   43 	 7.235009 	 9.950001 	 10.278116
   44 	 7.240004 	 10.039599 	 10.278116
   45 	 1.992016 	 9.900768 	 10.290304
   46 	 7.240004 	 10.026238 	 10.290304
   47 	 7.235009 	 10.065109 	 10.290304
   48 	 7.235009 	 10.071487 	 10.290304
   49 	 7.235009 	 10.022366 	 10.290304
   50 	 7.235009 	 9.938968 	 10.284209
   51 	 8.540516 	 10.098066 	 10.284209
   52 	 9.596624 	 10.107331 	 10.290304
   53 	 9.614225 	 10.078049 	 10.290304
   54 	 9.684809 	 10.096565 	 10.290304
   55 	 1.937024 	 10.001744 	 10.290304
   56 	 1.910116 	 10.008268 	 10.290304
   57 	 9.684809 	 10.070911 	 10.290304
   58 	 9.579041 	 10.079775 	 10.290304
   59 	 9.684809 	 10.102890 	 10.290304
   60 	 7.235009 	 10.090757 	 10.290304
   61 	 7.235009 	 10.066935 	 10.290304
   62 	 7.235009 	 10.004685 	 10.290304
   63 	 7.235009 	 9.963620 	 10.290304
   64 	 7.245001 	 10.070234 	 10.290304
   65 	 7.245001 	 10.038799 	 10.290304
   66 	 7.245001 	 10.008217 	 10.284209
   67 	 7.245001 	 9.989494 	 10.284209
   68 	 7.245001 	 9.986653 	 10.284209
   69 	 7.245001 	 10.035483 	 10.290304
   70 	 4.968064 	 10.020620 	 10.290304
   71 	 9.690704 	 10.109454 	 10.284209
   72 	 8.795264 	 10.081555 	 10.290304
   73 	 8.772944 	 10.053484 	 10.290304
   74 	 1.937024 	 9.961844 	 10.290304
   75 	 9.673025 	 10.052891 	 10.290304
   76 	 4.713329 	 9.977658 	 10.290304
   77 	 4.713329 	 9.929611 	 10.290304
   78 	 4.713329 	 9.959114 	 10.290304
   79 	 4.713329 	 9.961524 	 10.290304
   80 	 4.713329 	 9.990995 	 10.290304
   81 	 9.128201 	 10.042070 	 10.290304
   82 	 1.811801 	 9.997762 	 10.290304
   83 	 9.684809 	 10.103653 	 10.290304
   84 	 9.684809 	 10.115739 	 10.290304
   85 	 8.772944 	 10.122062 	 10.290304
   86 	 9.690704 	 10.166654 	 10.290304
   87 	 9.690704 	 10.186610 	 10.290304
   88 	 7.411024 	 10.149595 	 10.290304
   89 	 7.411024 	 10.114138 	 10.290304
   90 	 7.270016 	 10.134456 	 10.290304
   91 	 5.080400 	 10.065903 	 10.290304
   92 	 7.431296 	 10.131331 	 10.290304
   93 	 1.817216 	 10.073055 	 10.290304
   94 	 1.817216 	 10.023171 	 10.290304
   95 	 1.929296 	 10.055711 	 10.290304
   96 	 2.000000 	 10.065879 	 10.290304
   97 	 8.795264 	 10.172365 	 10.290304
   98 	 9.880400 	 10.181630 	 10.290304
   99 	 1.937024 	 10.114302 	 10.290304
 