   0 	 17.812924 	 29.171640 	 42.955904
    1 	 17.812924 	 29.647644 	 42.955904
    2 	 19.803894 	 30.568361 	 42.955904
    3 	 19.803894 	 30.745480 	 42.955904
    4 	 21.496294 	 31.288136 	 42.955904
    5 	 23.440512 	 32.347305 	 42.955904
    6 	 24.094214 	 32.995001 	 43.388923
    7 	 24.094214 	 34.302871 	 42.955904
    8 	 25.444317 	 35.137385 	 43.009288
    9 	 25.922265 	 36.171221 	 42.955904
   10 	 25.922265 	 36.744770 	 43.124030
   11 	 25.922265 	 37.258829 	 46.275735
   12 	 25.922265 	 37.857406 	 46.512971
   13 	 25.922265 	 38.487937 	 47.139726
   14 	 25.922265 	 38.500849 	 46.512971
   15 	 25.922265 	 39.021312 	 46.512971
   16 	 25.922265 	 39.348487 	 46.512971
   17 	 28.395205 	 39.958342 	 46.512971
   18 	 28.395205 	 40.061966 	 46.512971
   19 	 31.197830 	 40.273676 	 46.512971
   20 	 31.197830 	 40.020265 	 45.329212
   21 	 31.197830 	 40.317796 	 46.328319
   22 	 31.197830 	 40.399581 	 45.042712
   23 	 31.197830 	 41.011840 	 46.426823
   24 	 31.197830 	 40.863336 	 46.426823
   25 	 33.904336 	 41.090141 	 46.511247
   26 	 33.904336 	 41.197223 	 46.511247
   27 	 33.904336 	 41.480045 	 47.430069
   28 	 34.504566 	 41.596583 	 47.208865
   29 	 34.504566 	 41.919820 	 46.753700
   30 	 34.504566 	 41.973508 	 48.544285
   31 	 34.265158 	 42.214137 	 46.753700
   32 	 33.765079 	 41.989948 	 47.995028
   33 	 34.504566 	 42.421079 	 47.466786
   34 	 36.943883 	 42.608292 	 47.466786
   35 	 38.760815 	 42.840015 	 48.830929
   36 	 37.376507 	 42.925429 	 47.649029
   37 	 36.553296 	 42.681090 	 47.466786
   38 	 36.553296 	 42.701554 	 47.466786
   39 	 36.553296 	 42.782277 	 46.043284
   40 	 39.311506 	 42.900085 	 46.043284
   41 	 38.834052 	 42.864592 	 46.073229
   42 	 38.834052 	 42.667958 	 46.441421
   43 	 38.834052 	 42.752008 	 46.441421
   44 	 36.658844 	 42.642388 	 46.441421
   45 	 39.085293 	 42.791583 	 48.052838
   46 	 38.401025 	 42.858639 	 48.052838
   47 	 38.834052 	 42.830537 	 47.501887
   48 	 38.834052 	 43.140988 	 48.096372
   49 	 38.284493 	 42.998869 	 48.096372
   50 	 38.834052 	 43.214413 	 48.096372
   51 	 38.834052 	 43.030351 	 48.096372
   52 	 37.186414 	 43.405595 	 48.096372
   53 	 37.186414 	 43.714523 	 48.096372
   54 	 37.186414 	 43.700490 	 48.096372
   55 	 37.186414 	 43.715707 	 48.458377
   56 	 37.186414 	 43.823315 	 52.069099
   57 	 37.186414 	 43.841900 	 52.812275
   58 	 37.186414 	 44.523784 	 52.812275
   59 	 39.085293 	 45.129894 	 52.812275
   60 	 39.085293 	 45.195477 	 52.699772
   61 	 39.353721 	 45.722306 	 52.699772
   62 	 39.063501 	 45.777102 	 52.699772
   63 	 38.595003 	 46.066207 	 54.375299
   64 	 38.689852 	 46.276627 	 54.375299
   65 	 39.882954 	 46.203995 	 52.699772
   66 	 39.887444 	 46.297857 	 52.699772
   67 	 38.865390 	 46.596844 	 53.096142
   68 	 40.603148 	 46.762114 	 53.129364
   69 	 40.819596 	 47.216039 	 55.362446
   70 	 39.701272 	 47.458179 	 55.362446
   71 	 39.694470 	 47.516585 	 55.362446
   72 	 41.350686 	 47.232161 	 55.362446
   73 	 40.024294 	 47.272752 	 55.547001
   74 	 41.350686 	 47.366853 	 55.547001
   75 	 41.350686 	 47.730474 	 55.893900
   76 	 41.350686 	 47.978197 	 55.893900
   77 	 41.350686 	 48.412502 	 55.893900
   78 	 41.350686 	 48.588166 	 53.131908
   79 	 41.350686 	 48.555717 	 55.544457
   80 	 41.350686 	 48.796638 	 55.719353
   81 	 41.350686 	 49.576155 	 55.544457
   82 	 44.507924 	 49.596998 	 55.544457
   83 	 44.507924 	 49.034709 	 55.544457
   84 	 41.646901 	 49.168302 	 55.544457
   85 	 44.331219 	 49.225959 	 55.544457
   86 	 44.507924 	 49.450156 	 55.544457
   87 	 44.704094 	 49.607316 	 55.544457
   88 	 45.502659 	 49.914528 	 55.544457
   89 	 40.333871 	 49.990626 	 55.968519
   90 	 40.333871 	 49.970193 	 55.544764
   91 	 44.933369 	 50.054262 	 55.544764
   92 	 44.933369 	 49.899589 	 55.719353
   93 	 43.059267 	 50.195741 	 55.719353
   94 	 44.088210 	 50.581374 	 55.719353
   95 	 45.457209 	 51.038583 	 55.719353
   96 	 45.281774 	 51.208797 	 55.738320
   97 	 45.457209 	 51.307451 	 55.738320
   98 	 43.012325 	 51.449980 	 55.738320
   99 	 43.012325 	 51.357617 	 55.738320
 