   0 	 17.243243 	 29.177683 	 42.804395
    1 	 17.243243 	 30.022429 	 40.783587
    2 	 12.367297 	 31.072118 	 43.030019
    3 	 12.367297 	 31.866897 	 43.035420
    4 	 18.822425 	 34.101827 	 43.035420
    5 	 21.979849 	 34.178139 	 43.035420
    6 	 21.979849 	 34.858885 	 43.035420
    7 	 27.455646 	 35.655646 	 43.035420
    8 	 27.554744 	 36.493665 	 43.035420
    9 	 22.067090 	 36.538409 	 44.533529
   10 	 24.793397 	 36.741005 	 48.195482
   11 	 24.793397 	 36.784516 	 48.195482
   12 	 23.522304 	 37.546050 	 48.195482
   13 	 25.951420 	 38.360926 	 48.195482
   14 	 25.951420 	 38.299468 	 48.195482
   15 	 25.951420 	 38.754145 	 48.195482
   16 	 29.478890 	 39.247331 	 48.195482
   17 	 31.844774 	 39.683376 	 46.623913
   18 	 33.406680 	 40.213663 	 47.623156
   19 	 33.406680 	 40.647289 	 47.623156
   20 	 33.406680 	 41.312643 	 47.623156
   21 	 32.120230 	 41.710380 	 47.623156
   22 	 32.120230 	 42.248129 	 49.625109
   23 	 32.120230 	 42.411987 	 49.625109
   24 	 32.524581 	 41.979401 	 50.964419
   25 	 35.364678 	 42.953450 	 51.030089
   26 	 35.364678 	 43.176578 	 51.030089
   27 	 35.698697 	 42.840076 	 50.964419
   28 	 35.698697 	 42.754861 	 49.781474
   29 	 35.405238 	 42.841848 	 50.339380
   30 	 35.698697 	 43.134628 	 50.339380
   31 	 33.402184 	 43.448356 	 52.521489
   32 	 33.402184 	 43.469576 	 49.293923
   33 	 33.402184 	 43.818786 	 50.941996
   34 	 35.256200 	 44.115376 	 50.941996
   35 	 35.256200 	 43.806344 	 51.154803
   36 	 37.679135 	 44.682986 	 51.154803
   37 	 37.679135 	 44.991661 	 51.154803
   38 	 37.460557 	 45.406047 	 50.266480
   39 	 37.460557 	 45.417728 	 50.266480
   40 	 40.713608 	 45.742408 	 51.371686
   41 	 38.794461 	 46.058347 	 51.371686
   42 	 38.794461 	 45.981375 	 51.371686
   43 	 38.794461 	 46.294799 	 53.728165
   44 	 38.724076 	 46.796810 	 53.728165
   45 	 41.985500 	 46.586236 	 53.022787
   46 	 41.985500 	 46.706216 	 51.706033
   47 	 42.347898 	 47.062338 	 51.894521
   48 	 36.253848 	 47.076645 	 53.048296
   49 	 42.710107 	 47.086201 	 53.114901
   50 	 42.710107 	 47.233991 	 54.316008
   51 	 43.135026 	 47.537913 	 54.316008
   52 	 43.135026 	 47.860982 	 54.316008
   53 	 43.135026 	 47.872655 	 54.316008
   54 	 43.135026 	 48.084618 	 53.658364
   55 	 43.135026 	 48.420533 	 53.478537
   56 	 42.381500 	 48.053609 	 54.639169
   57 	 43.135026 	 47.733530 	 54.639169
   58 	 43.135026 	 48.176495 	 54.639169
   59 	 41.099206 	 48.433186 	 57.265173
   60 	 41.099206 	 48.620833 	 55.194553
   61 	 42.247242 	 48.912659 	 55.194553
   62 	 42.247242 	 49.273762 	 55.194553
   63 	 42.247242 	 49.017663 	 56.757823
   64 	 42.247242 	 49.150405 	 56.757823
   65 	 42.343254 	 49.401767 	 56.768192
   66 	 42.420955 	 49.784350 	 56.768192
   67 	 42.420955 	 49.991752 	 57.307706
   68 	 42.675494 	 50.218612 	 57.307706
   69 	 42.675494 	 50.554465 	 57.152308
   70 	 42.675494 	 50.523015 	 56.768192
   71 	 42.675494 	 50.256420 	 56.768192
   72 	 42.675494 	 50.271788 	 57.238839
   73 	 44.322280 	 50.793292 	 57.238839
   74 	 44.547958 	 51.352411 	 57.238839
   75 	 44.877263 	 51.579763 	 58.023540
   76 	 44.877263 	 51.914091 	 58.023540
   77 	 45.693964 	 52.375046 	 57.418252
   78 	 45.693964 	 52.688611 	 57.418252
   79 	 45.693964 	 52.613374 	 57.141763
   80 	 45.693964 	 53.030992 	 57.001013
   81 	 45.693964 	 53.484220 	 57.878767
   82 	 47.603924 	 53.744988 	 58.048757
   83 	 47.603924 	 54.171473 	 58.048757
   84 	 47.366760 	 53.560501 	 58.048757
   85 	 47.603924 	 53.844338 	 58.048757
   86 	 47.603924 	 54.024429 	 58.048757
   87 	 47.603924 	 54.184731 	 58.048757
   88 	 47.603924 	 53.673324 	 58.444727
   89 	 47.599513 	 53.758023 	 58.444727
   90 	 46.870505 	 53.789789 	 57.304785
   91 	 46.870505 	 54.125227 	 57.873900
   92 	 46.870505 	 54.330044 	 58.959896
   93 	 46.870505 	 54.493024 	 56.757823
   94 	 46.870505 	 54.564675 	 56.757823
   95 	 46.870505 	 55.090212 	 57.676987
   96 	 46.870505 	 55.254667 	 57.873900
   97 	 46.870505 	 55.329408 	 57.873900
   98 	 50.951667 	 55.387630 	 57.873900
   99 	 50.951667 	 55.538485 	 57.873900
 