   0 	 12.601530 	 28.853903 	 43.438986
    1 	 20.879321 	 29.588624 	 43.438986
    2 	 20.879321 	 30.153978 	 38.512347
    3 	 21.726845 	 31.053757 	 39.543455
    4 	 22.272292 	 32.365889 	 41.682974
    5 	 22.347017 	 33.543940 	 44.382782
    6 	 25.579982 	 34.044842 	 44.382782
    7 	 22.223233 	 34.287758 	 44.382782
    8 	 22.223233 	 35.143566 	 45.104551
    9 	 23.292265 	 35.463510 	 44.382782
   10 	 23.374985 	 35.363141 	 42.035172
   11 	 27.080550 	 36.158250 	 43.820090
   12 	 24.632808 	 36.489795 	 45.401502
   13 	 27.536832 	 36.410022 	 43.820090
   14 	 27.536832 	 36.811807 	 44.692113
   15 	 27.536832 	 37.772047 	 43.820090
   16 	 27.536832 	 37.767113 	 44.197281
   17 	 27.625913 	 37.570131 	 44.197281
   18 	 27.625913 	 38.169165 	 44.197281
   19 	 27.625913 	 38.545510 	 43.312345
   20 	 27.625913 	 38.906607 	 44.461641
   21 	 27.625913 	 38.541222 	 43.398581
   22 	 27.625913 	 38.684877 	 42.839627
   23 	 27.625913 	 38.713968 	 44.600190
   24 	 26.648514 	 38.898473 	 46.043808
   25 	 30.071728 	 39.122479 	 46.043808
   26 	 31.892929 	 38.513778 	 46.043808
   27 	 32.236398 	 38.349208 	 46.043808
   28 	 32.236398 	 38.866255 	 46.043808
   29 	 32.351191 	 38.956673 	 46.348560
   30 	 31.879248 	 39.009408 	 46.043808
   31 	 31.879248 	 39.187754 	 46.043808
   32 	 32.679302 	 39.258914 	 46.043808
   33 	 31.868480 	 39.438034 	 46.517188
   34 	 32.679302 	 39.247413 	 46.517188
   35 	 32.679302 	 39.617653 	 46.043808
   36 	 32.319949 	 39.658028 	 46.646628
   37 	 33.744475 	 39.985614 	 46.043808
   38 	 33.674036 	 40.199840 	 46.043808
   39 	 35.337693 	 40.316720 	 47.293522
   40 	 35.310050 	 40.910288 	 47.293522
   41 	 34.490515 	 40.653624 	 46.043808
   42 	 34.490515 	 40.478043 	 46.043808
   43 	 34.455508 	 40.763999 	 46.312691
   44 	 35.851379 	 40.765759 	 45.182782
   45 	 35.058382 	 40.786673 	 45.182782
   46 	 35.058382 	 40.930446 	 46.823968
   47 	 33.485802 	 40.936240 	 46.823968
   48 	 33.485802 	 41.228736 	 46.823968
   49 	 33.485802 	 41.120033 	 46.823968
   50 	 32.330334 	 41.402651 	 46.973567
   51 	 33.485802 	 41.356682 	 49.435163
   52 	 33.485802 	 41.681308 	 49.435163
   53 	 33.485802 	 42.007277 	 48.653114
   54 	 33.485802 	 41.709345 	 48.653114
   55 	 33.485802 	 41.484907 	 48.653114
   56 	 33.263793 	 42.159642 	 48.653114
   57 	 36.741704 	 43.104309 	 48.412560
   58 	 35.701242 	 43.134768 	 48.063188
   59 	 35.318396 	 43.261843 	 52.006529
   60 	 34.040944 	 43.622354 	 52.010285
   61 	 36.401105 	 43.703588 	 52.006529
   62 	 36.401105 	 43.948849 	 52.006529
   63 	 36.466565 	 43.836312 	 52.006529
   64 	 36.466565 	 43.937582 	 52.006529
   65 	 36.466565 	 44.020018 	 52.006529
   66 	 36.466565 	 43.789219 	 52.006529
   67 	 36.883875 	 44.176695 	 52.006529
   68 	 36.883875 	 44.121316 	 52.006529
   69 	 36.883875 	 44.568723 	 52.006529
   70 	 36.883875 	 45.294669 	 52.014679
   71 	 40.623660 	 45.343231 	 52.014679
   72 	 40.848683 	 45.249739 	 52.006529
   73 	 40.848683 	 45.424396 	 51.960675
   74 	 38.734733 	 45.288623 	 50.291279
   75 	 40.875673 	 45.357391 	 50.291279
   76 	 41.003291 	 45.471267 	 50.291279
   77 	 40.240444 	 45.391433 	 50.291279
   78 	 39.919304 	 45.059113 	 51.096624
   79 	 41.003291 	 45.071685 	 51.096624
   80 	 40.774669 	 45.249128 	 51.096624
   81 	 41.202950 	 45.156066 	 50.689671
   82 	 40.265637 	 45.170193 	 50.689671
   83 	 40.265637 	 45.509021 	 50.689671
   84 	 38.777853 	 45.687076 	 50.689671
   85 	 40.660948 	 45.771063 	 50.689671
   86 	 40.660948 	 46.076802 	 50.691254
   87 	 41.452925 	 45.771303 	 51.099692
   88 	 41.452925 	 45.722209 	 49.330584
   89 	 41.383471 	 45.849530 	 49.787905
   90 	 40.412504 	 45.954536 	 49.787905
   91 	 40.402005 	 46.455979 	 50.833975
   92 	 40.402005 	 46.556285 	 50.692432
   93 	 40.402005 	 46.482981 	 50.692432
   94 	 40.436381 	 46.564278 	 50.692432
   95 	 40.436381 	 46.843215 	 51.124399
   96 	 40.436381 	 46.925941 	 51.231698
   97 	 40.436381 	 47.142982 	 52.187133
   98 	 40.436381 	 46.988763 	 52.951879
   99 	 40.436381 	 47.032428 	 52.951879
 