   0 	 18.358125 	 28.203123 	 36.813427
    1 	 18.764243 	 27.966569 	 36.739372
    2 	 18.683571 	 28.711094 	 36.335935
    3 	 18.061458 	 29.056615 	 38.626589
    4 	 20.835481 	 29.231645 	 39.532361
    5 	 21.660904 	 30.335267 	 39.532361
    6 	 22.192370 	 30.404765 	 39.532361
    7 	 22.192370 	 31.407261 	 39.532361
    8 	 23.937245 	 32.285169 	 40.282187
    9 	 24.136828 	 32.283374 	 40.282187
   10 	 23.856180 	 32.576311 	 40.282187
   11 	 24.136828 	 33.054749 	 41.059183
   12 	 24.958456 	 33.571761 	 41.059183
   13 	 25.264772 	 33.914136 	 42.550186
   14 	 25.264772 	 34.315183 	 42.550186
   15 	 25.264772 	 35.010782 	 42.595835
   16 	 24.360328 	 34.815005 	 45.478471
   17 	 24.360328 	 35.090637 	 45.478471
   18 	 24.360328 	 35.296756 	 45.478471
   19 	 24.360328 	 35.211380 	 45.478471
   20 	 24.360328 	 35.427511 	 45.478471
   21 	 24.360328 	 35.314136 	 45.478471
   22 	 28.009239 	 36.412185 	 45.478471
   23 	 28.163765 	 36.916151 	 45.478471
   24 	 28.163765 	 37.095732 	 44.631154
   25 	 31.018373 	 37.101154 	 44.631154
   26 	 31.034067 	 37.585835 	 49.342541
   27 	 30.680453 	 37.415419 	 49.342541
   28 	 28.460243 	 37.342691 	 49.342541
   29 	 28.460243 	 37.795111 	 49.342541
   30 	 28.735501 	 38.263516 	 46.416248
   31 	 30.789278 	 37.943144 	 44.910593
   32 	 30.560183 	 38.306925 	 44.910593
   33 	 30.560183 	 38.757038 	 46.599299
   34 	 31.790653 	 39.165900 	 46.605923
   35 	 32.649400 	 39.451206 	 46.605923
   36 	 33.462168 	 39.996581 	 46.856161
   37 	 33.462168 	 40.451397 	 47.262369
   38 	 34.696159 	 41.003279 	 47.262369
   39 	 33.638442 	 41.221195 	 48.746442
   40 	 30.072921 	 41.263373 	 48.746442
   41 	 34.913137 	 41.411282 	 48.746442
   42 	 34.913137 	 41.741672 	 48.471284
   43 	 34.913137 	 42.014900 	 48.471284
   44 	 33.748196 	 41.961533 	 48.471284
   45 	 33.748196 	 42.293729 	 48.471284
   46 	 33.748196 	 42.701751 	 50.075344
   47 	 35.681932 	 43.032896 	 50.075344
   48 	 36.652130 	 42.372631 	 50.044593
   49 	 36.652130 	 43.303009 	 50.044593
   50 	 36.652130 	 44.087818 	 50.044593
   51 	 31.752074 	 43.382572 	 50.044593
   52 	 36.035331 	 42.912484 	 50.044593
   53 	 36.035331 	 43.230535 	 50.044593
   54 	 36.533381 	 43.469776 	 51.856707
   55 	 37.236217 	 43.873573 	 51.462632
   56 	 37.792841 	 44.072616 	 50.174953
   57 	 37.792841 	 44.212406 	 51.108808
   58 	 37.792841 	 44.517341 	 51.108808
   59 	 39.660122 	 44.480832 	 51.108808
   60 	 39.561772 	 44.971195 	 51.108808
   61 	 39.561772 	 45.049991 	 51.108808
   62 	 39.870089 	 45.671105 	 51.108808
   63 	 39.870089 	 46.118145 	 53.588044
   64 	 40.457816 	 46.914142 	 53.912187
   65 	 40.457816 	 46.940854 	 53.912187
   66 	 39.889775 	 46.831672 	 53.958580
   67 	 39.889775 	 47.282901 	 53.912187
   68 	 39.974516 	 47.706925 	 53.588044
   69 	 42.245790 	 47.786487 	 52.660554
   70 	 39.752210 	 47.738043 	 54.594874
   71 	 39.752210 	 47.520329 	 54.594874
   72 	 39.752210 	 47.585775 	 52.623100
   73 	 39.752210 	 47.679671 	 52.845707
   74 	 42.679680 	 47.763780 	 52.845707
   75 	 42.670274 	 47.815320 	 52.845707
   76 	 42.093793 	 47.508989 	 54.848386
   77 	 43.142325 	 48.099368 	 54.848386
   78 	 43.142325 	 48.538185 	 54.848386
   79 	 43.142325 	 48.250325 	 54.848386
   80 	 42.423692 	 48.191373 	 54.848386
   81 	 41.258378 	 48.621792 	 54.848386
   82 	 40.309657 	 48.809558 	 55.064938
   83 	 41.351814 	 49.146761 	 54.848386
   84 	 41.351814 	 49.345420 	 54.848386
   85 	 41.351814 	 49.651617 	 54.848386
   86 	 41.351814 	 49.846067 	 54.788799
   87 	 41.351814 	 50.036619 	 54.788799
   88 	 41.351814 	 49.814910 	 54.788799
   89 	 41.351814 	 49.943622 	 55.060947
   90 	 41.351814 	 49.546251 	 55.060947
   91 	 41.351814 	 49.498928 	 53.796680
   92 	 41.351814 	 49.611011 	 53.796680
   93 	 41.351814 	 50.101128 	 53.796680
   94 	 41.351814 	 50.096517 	 53.796680
   95 	 41.351814 	 49.981386 	 53.796680
   96 	 41.351814 	 50.186648 	 53.796680
   97 	 41.351814 	 50.198296 	 53.873228
   98 	 45.297903 	 50.401186 	 53.873228
   99 	 46.607762 	 50.595811 	 53.873228
 