   0 	 10.935010 	 28.578155 	 39.484595
    1 	 18.811917 	 30.352417 	 39.484595
    2 	 21.894604 	 31.648560 	 43.526356
    3 	 21.894604 	 32.885323 	 43.526356
    4 	 21.967349 	 33.756956 	 45.640178
    5 	 24.369899 	 33.755201 	 45.640178
    6 	 22.846897 	 33.489890 	 45.640178
    7 	 24.087693 	 33.965406 	 48.071586
    8 	 24.087693 	 34.345861 	 48.071586
    9 	 24.197802 	 35.013891 	 48.082828
   10 	 26.540351 	 36.754323 	 48.082828
   11 	 25.952084 	 37.289522 	 50.657785
   12 	 26.611236 	 39.223214 	 48.108303
   13 	 28.954571 	 39.849280 	 48.108303
   14 	 27.973806 	 40.666583 	 48.108303
   15 	 27.973806 	 41.211764 	 50.480752
   16 	 27.973806 	 41.560416 	 50.480752
   17 	 31.316272 	 41.600324 	 50.480752
   18 	 32.360752 	 41.480832 	 50.480752
   19 	 32.360752 	 42.081033 	 50.480752
   20 	 32.123879 	 42.180092 	 50.480752
   21 	 32.360752 	 42.888595 	 50.052640
   22 	 32.360752 	 43.987295 	 50.052640
   23 	 37.116553 	 43.939715 	 51.545336
   24 	 37.116553 	 44.612434 	 52.651496
   25 	 37.116553 	 44.581201 	 52.651496
   26 	 37.116553 	 44.892670 	 52.651496
   27 	 36.682470 	 45.506989 	 52.651496
   28 	 37.866084 	 45.668804 	 53.086863
   29 	 37.560910 	 46.430152 	 53.089212
   30 	 38.033786 	 47.469006 	 53.086863
   31 	 38.033786 	 47.721637 	 53.086863
   32 	 38.033786 	 47.816479 	 56.101992
   33 	 40.071873 	 48.193669 	 55.218793
   34 	 40.071873 	 48.068855 	 55.218793
   35 	 41.645759 	 47.790371 	 57.089559
   36 	 41.645759 	 48.184455 	 57.089559
   37 	 43.566847 	 48.136045 	 57.089559
   38 	 42.238765 	 48.628551 	 57.089559
   39 	 42.238765 	 49.198952 	 57.089559
   40 	 42.238765 	 49.337923 	 57.089559
   41 	 42.165658 	 49.612753 	 57.159841
   42 	 44.626538 	 50.071032 	 58.770557
   43 	 44.626538 	 50.731774 	 58.185166
   44 	 44.164809 	 50.575175 	 58.765556
   45 	 44.164809 	 50.696891 	 58.765556
   46 	 42.296443 	 51.151521 	 58.765556
   47 	 41.875529 	 51.381359 	 58.765556
   48 	 44.626538 	 51.605749 	 58.726264
   49 	 44.626538 	 51.961090 	 58.726264
   50 	 44.626538 	 51.720775 	 58.726264
   51 	 43.825428 	 51.767479 	 57.788392
   52 	 47.240330 	 52.307214 	 58.274258
   53 	 47.240330 	 52.615502 	 58.726264
   54 	 47.700493 	 53.851469 	 59.655678
   55 	 45.400278 	 53.677566 	 58.726264
   56 	 45.400278 	 53.781616 	 58.726264
   57 	 48.821950 	 53.613012 	 58.726264
   58 	 48.821950 	 53.524465 	 59.061608
   59 	 48.821950 	 53.251265 	 58.321027
   60 	 48.723759 	 53.107589 	 58.321027
   61 	 48.723759 	 52.737940 	 59.076676
   62 	 48.821950 	 53.396374 	 59.076676
   63 	 47.849683 	 53.500817 	 59.076676
   64 	 47.849683 	 53.027193 	 59.076676
   65 	 46.783422 	 52.909372 	 59.076676
   66 	 46.783422 	 52.940360 	 59.076676
   67 	 47.849683 	 53.065646 	 59.076676
   68 	 47.826119 	 53.131041 	 59.076676
   69 	 47.793186 	 53.052015 	 59.080818
   70 	 47.501399 	 53.638970 	 61.010364
   71 	 47.849683 	 54.178834 	 61.010364
   72 	 47.849683 	 54.861800 	 61.343861
   73 	 47.849683 	 54.447163 	 61.343861
   74 	 48.841373 	 53.825640 	 61.343861
   75 	 48.841373 	 54.467584 	 59.544652
   76 	 48.835000 	 54.356304 	 59.544652
   77 	 48.835000 	 54.053779 	 59.529173
   78 	 48.835000 	 54.770631 	 59.529173
   79 	 48.347499 	 55.083409 	 61.232634
   80 	 48.347499 	 55.101307 	 61.232634
   81 	 49.445095 	 55.523542 	 60.084759
   82 	 49.445095 	 55.413590 	 62.462949
   83 	 49.975506 	 55.273903 	 60.444373
   84 	 49.975506 	 55.749074 	 60.084759
   85 	 49.975506 	 56.051192 	 61.297287
   86 	 49.975506 	 56.074151 	 60.728049
   87 	 50.148980 	 55.999949 	 60.728049
   88 	 51.424336 	 55.930216 	 60.084759
   89 	 51.132506 	 56.327385 	 60.769973
   90 	 51.132506 	 56.944382 	 60.769973
   91 	 50.733415 	 57.177703 	 60.880896
   92 	 51.132506 	 56.960776 	 65.281742
   93 	 51.132506 	 57.449930 	 61.276212
   94 	 49.196417 	 57.528051 	 62.099348
   95 	 51.389338 	 58.142783 	 65.072108
   96 	 48.405794 	 58.009291 	 64.285721
   97 	 51.389338 	 58.615792 	 64.285721
   98 	 52.246789 	 58.839021 	 62.906118
   99 	 52.710729 	 58.939697 	 62.906118
 