   0 	 16.516171 	 28.626330 	 42.278430
    1 	 18.600724 	 30.939322 	 40.974166
    2 	 21.258314 	 32.939218 	 40.974166
    3 	 21.258314 	 33.509138 	 40.974166
    4 	 23.524249 	 34.629596 	 42.615474
    5 	 23.524249 	 34.846395 	 42.615474
    6 	 21.837525 	 35.665093 	 42.713412
    7 	 21.837525 	 35.545321 	 43.672384
    8 	 21.837525 	 35.814170 	 43.151251
    9 	 21.837525 	 35.834418 	 44.051330
   10 	 25.750164 	 36.120602 	 44.051330
   11 	 27.309627 	 36.270689 	 44.466269
   12 	 27.906763 	 37.000310 	 45.548175
   13 	 28.507242 	 37.377920 	 44.047582
   14 	 28.507242 	 37.337675 	 44.113599
   15 	 29.542289 	 37.970294 	 44.629409
   16 	 30.252487 	 38.110788 	 46.128164
   17 	 30.252487 	 38.508729 	 44.629409
   18 	 29.825653 	 39.148020 	 48.138734
   19 	 33.335311 	 39.244065 	 48.138734
   20 	 30.798699 	 39.496774 	 48.138734
   21 	 30.798699 	 39.882256 	 47.837806
   22 	 31.340169 	 39.979372 	 47.129034
   23 	 31.945562 	 40.635530 	 47.129034
   24 	 33.902279 	 41.274511 	 48.301710
   25 	 33.902279 	 41.290493 	 48.301710
   26 	 33.902279 	 41.696019 	 48.461248
   27 	 35.440577 	 42.024392 	 48.461248
   28 	 35.839416 	 42.239403 	 48.636123
   29 	 37.371936 	 42.294857 	 49.001109
   30 	 34.138856 	 42.414021 	 49.001109
   31 	 34.138856 	 42.898736 	 48.540812
   32 	 35.740590 	 43.400111 	 50.504785
   33 	 35.740590 	 43.254026 	 48.540812
   34 	 35.740590 	 43.310951 	 48.675335
   35 	 34.392747 	 43.764729 	 51.426591
   36 	 35.740590 	 43.669706 	 48.675335
   37 	 35.740590 	 43.665783 	 48.675335
   38 	 35.740590 	 43.829683 	 48.779012
   39 	 35.740590 	 43.787614 	 48.739765
   40 	 35.740590 	 43.634505 	 51.027077
   41 	 38.426445 	 44.003390 	 51.027077
   42 	 37.757547 	 44.109413 	 51.027077
   43 	 38.426445 	 44.158344 	 49.140527
   44 	 41.028525 	 44.125017 	 49.798083
   45 	 41.150724 	 44.753451 	 49.798083
   46 	 40.663806 	 44.742882 	 49.798083
   47 	 40.343030 	 44.987797 	 49.798083
   48 	 40.343030 	 44.760004 	 49.798083
   49 	 37.970015 	 44.777264 	 49.798083
   50 	 40.343030 	 45.289428 	 50.237292
   51 	 40.343030 	 45.122573 	 50.354759
   52 	 39.836709 	 45.278369 	 50.354759
   53 	 40.418515 	 45.434792 	 51.634801
   54 	 40.418515 	 45.471125 	 51.634801
   55 	 39.888650 	 45.535645 	 51.634801
   56 	 40.141552 	 46.422637 	 53.827624
   57 	 40.418515 	 46.936144 	 53.827624
   58 	 40.418515 	 46.787147 	 53.827624
   59 	 40.368622 	 46.743439 	 53.827624
   60 	 39.960441 	 46.885408 	 53.842188
   61 	 39.960441 	 46.896111 	 53.842188
   62 	 39.960441 	 47.165505 	 53.842188
   63 	 39.063253 	 47.314937 	 53.842188
   64 	 39.063253 	 46.886902 	 51.701219
   65 	 39.063253 	 46.846743 	 51.701219
   66 	 39.063253 	 47.141286 	 51.621125
   67 	 39.128978 	 47.217267 	 52.764087
   68 	 39.128978 	 47.665227 	 51.795214
   69 	 40.072218 	 47.955416 	 53.996209
   70 	 37.754330 	 47.778709 	 53.957701
   71 	 37.754330 	 47.823263 	 53.957701
   72 	 37.754330 	 48.133862 	 53.665580
   73 	 37.754330 	 48.047027 	 53.665580
   74 	 37.754330 	 48.142533 	 54.665321
   75 	 37.754330 	 48.579841 	 55.013965
   76 	 37.754330 	 49.174024 	 54.907625
   77 	 37.754330 	 49.167633 	 53.958180
   78 	 43.104111 	 49.623073 	 54.437954
   79 	 44.432024 	 49.685926 	 54.901596
   80 	 44.432024 	 49.763959 	 53.962243
   81 	 44.623865 	 50.118105 	 56.253134
   82 	 44.623865 	 50.624571 	 56.253134
   83 	 45.051314 	 50.730047 	 56.253134
   84 	 45.051314 	 50.833054 	 54.806994
   85 	 46.123242 	 51.216443 	 54.806994
   86 	 47.325759 	 50.983482 	 55.280250
   87 	 47.424610 	 50.829398 	 55.280250
   88 	 46.410564 	 50.782854 	 53.977526
   89 	 47.646964 	 50.966750 	 55.016813
   90 	 47.736340 	 50.838497 	 53.977526
   91 	 47.021082 	 50.874845 	 54.719313
   92 	 47.736340 	 50.797443 	 54.719313
   93 	 47.199325 	 50.535635 	 54.719313
   94 	 46.603094 	 50.612806 	 54.719313
   95 	 45.608883 	 50.785470 	 54.719313
   96 	 45.632542 	 50.755995 	 54.719313
   97 	 45.632542 	 50.758991 	 56.263112
   98 	 46.864957 	 50.671974 	 56.263112
   99 	 46.864957 	 50.581533 	 56.263112
 