   0 	 16.343170 	 29.281117 	 41.278538
    1 	 18.763876 	 29.968359 	 41.309152
    2 	 21.043018 	 30.714396 	 43.574493
    3 	 21.043018 	 30.825599 	 41.356865
    4 	 20.986591 	 31.897417 	 44.256324
    5 	 24.354865 	 33.111173 	 41.309152
    6 	 20.638123 	 33.775557 	 44.545548
    7 	 25.167974 	 35.023027 	 44.545548
    8 	 25.167974 	 35.435555 	 44.545548
    9 	 25.167974 	 35.305032 	 45.312838
   10 	 24.272283 	 35.866199 	 47.561254
   11 	 25.167974 	 36.137389 	 47.561254
   12 	 27.412098 	 36.964591 	 48.747923
   13 	 27.412098 	 37.555314 	 49.025071
   14 	 26.922617 	 37.359362 	 48.153987
   15 	 26.922617 	 38.894277 	 48.153987
   16 	 28.563579 	 40.587817 	 49.412420
   17 	 28.563579 	 42.365487 	 49.412420
   18 	 28.563579 	 43.238055 	 51.592287
   19 	 28.563579 	 44.316535 	 51.592287
   20 	 28.563579 	 44.036016 	 51.592287
   21 	 27.427410 	 43.620101 	 53.843736
   22 	 28.531318 	 44.054233 	 51.592287
   23 	 34.796219 	 44.834954 	 51.592287
   24 	 35.725026 	 45.691982 	 51.592287
   25 	 35.725026 	 45.811017 	 51.592287
   26 	 35.725026 	 46.490698 	 51.592287
   27 	 35.974357 	 47.147580 	 52.970560
   28 	 38.370303 	 47.744372 	 52.970560
   29 	 38.370303 	 47.938313 	 52.970560
   30 	 40.057846 	 48.010733 	 52.970560
   31 	 43.137821 	 48.190461 	 52.970560
   32 	 43.137821 	 48.203146 	 52.970560
   33 	 42.046418 	 48.110544 	 52.970560
   34 	 43.261455 	 48.136192 	 52.970560
   35 	 43.552396 	 48.336050 	 52.970560
   36 	 42.895767 	 48.454257 	 52.970560
   37 	 43.749422 	 48.742337 	 52.411266
   38 	 42.663642 	 48.864175 	 52.411266
   39 	 42.663642 	 48.758210 	 52.411266
   40 	 42.663642 	 49.020215 	 52.339950
   41 	 42.663642 	 49.234973 	 53.836507
   42 	 42.663642 	 49.281558 	 53.836507
   43 	 42.663642 	 49.348826 	 53.836507
   44 	 45.035866 	 49.328671 	 53.836507
   45 	 45.035866 	 49.029403 	 53.836507
   46 	 42.763100 	 49.287473 	 53.836507
   47 	 42.763100 	 49.345898 	 53.836507
   48 	 42.763100 	 49.404314 	 55.988984
   49 	 42.763100 	 49.893929 	 54.038593
   50 	 42.763100 	 50.298663 	 54.038593
   51 	 44.711946 	 50.658426 	 54.637840
   52 	 44.539128 	 50.599346 	 55.477939
   53 	 44.539128 	 50.916504 	 55.477939
   54 	 44.539128 	 50.975117 	 55.670964
   55 	 44.539128 	 50.971500 	 55.670964
   56 	 44.711946 	 51.085613 	 55.623481
   57 	 44.711946 	 51.205410 	 55.623481
   58 	 47.263049 	 51.457332 	 54.811596
   59 	 47.263049 	 51.567219 	 54.811596
   60 	 47.263049 	 51.363225 	 54.038593
   61 	 47.263049 	 51.284780 	 54.038593
   62 	 45.441399 	 51.695264 	 55.448627
   63 	 46.668322 	 51.737998 	 55.448627
   64 	 46.668322 	 51.881713 	 55.448627
   65 	 46.668322 	 51.827015 	 55.448627
   66 	 47.785571 	 51.892366 	 55.448627
   67 	 47.785571 	 51.880303 	 57.649934
   68 	 47.418629 	 52.278965 	 57.649934
   69 	 47.418629 	 52.236331 	 57.649934
   70 	 47.418629 	 52.489143 	 57.649934
   71 	 47.418629 	 52.502842 	 57.649934
   72 	 47.418629 	 52.461093 	 57.649934
   73 	 47.418629 	 52.638163 	 57.649934
   74 	 48.776005 	 52.789305 	 57.648977
   75 	 48.776005 	 52.680466 	 56.086942
   76 	 48.776005 	 52.909099 	 56.170483
   77 	 48.776005 	 53.094013 	 56.170483
   78 	 48.776005 	 53.076470 	 56.170483
   79 	 48.740315 	 53.123652 	 56.990290
   80 	 48.960164 	 53.164483 	 57.208746
   81 	 48.062754 	 53.090171 	 57.208746
   82 	 48.062754 	 52.811423 	 57.578200
   83 	 47.743221 	 52.812123 	 57.578200
   84 	 48.491730 	 52.938651 	 57.578200
   85 	 48.960164 	 52.785811 	 57.601168
   86 	 47.462621 	 53.143070 	 57.601168
   87 	 47.462621 	 53.432051 	 57.601168
   88 	 47.458320 	 53.529850 	 57.814683
   89 	 48.960164 	 53.531761 	 57.814683
   90 	 48.960164 	 53.792379 	 57.814683
   91 	 48.960164 	 53.726498 	 57.814683
   92 	 48.960164 	 53.577565 	 57.814683
   93 	 49.368290 	 54.025868 	 57.814683
   94 	 49.103575 	 54.264377 	 57.814683
   95 	 49.103575 	 53.893910 	 57.679309
   96 	 49.382784 	 54.282601 	 57.679309
   97 	 49.382784 	 54.347821 	 57.679309
   98 	 49.382784 	 54.301287 	 57.679309
   99 	 49.151490 	 54.105665 	 57.451832
 