   0 	 14.133558 	 28.570509 	 41.043866
    1 	 15.704019 	 29.649319 	 41.826535
    2 	 15.721862 	 30.444801 	 41.826535
    3 	 15.721862 	 31.387378 	 41.826535
    4 	 15.721862 	 32.375371 	 41.826535
    5 	 20.908880 	 32.567366 	 41.826535
    6 	 22.235396 	 33.063519 	 42.124454
    7 	 21.511311 	 33.371801 	 42.124454
    8 	 25.270445 	 33.345059 	 42.124454
    9 	 25.270445 	 33.797729 	 41.422440
   10 	 25.270445 	 34.403657 	 42.317918
   11 	 25.270445 	 34.304694 	 42.406625
   12 	 25.270445 	 34.209673 	 42.406625
   13 	 24.597592 	 34.961375 	 42.406625
   14 	 24.597592 	 35.244000 	 44.051841
   15 	 24.597592 	 35.948229 	 44.051841
   16 	 26.527906 	 36.253364 	 47.177077
   17 	 28.876982 	 37.760101 	 47.177077
   18 	 27.215256 	 37.978082 	 47.177077
   19 	 29.080301 	 38.394843 	 47.177077
   20 	 29.080301 	 38.430834 	 47.177077
   21 	 29.306300 	 39.152031 	 47.177077
   22 	 34.218568 	 39.654902 	 47.177077
   23 	 32.808532 	 40.114309 	 51.545221
   24 	 31.038873 	 40.534705 	 51.545221
   25 	 33.155373 	 40.846717 	 51.545221
   26 	 33.024156 	 41.264551 	 51.545221
   27 	 31.358047 	 41.652689 	 53.443652
   28 	 35.620950 	 42.075936 	 53.443652
   29 	 35.620950 	 43.032680 	 53.443652
   30 	 35.620950 	 43.011078 	 53.443652
   31 	 35.071400 	 43.283514 	 53.443652
   32 	 36.425974 	 43.464826 	 53.443652
   33 	 36.425974 	 43.816712 	 53.443652
   34 	 33.283532 	 43.722782 	 51.545221
   35 	 33.283532 	 43.128467 	 51.545221
   36 	 31.316122 	 43.478849 	 52.663861
   37 	 31.316122 	 44.271305 	 52.663861
   38 	 31.316122 	 44.743157 	 53.881245
   39 	 31.316122 	 45.244239 	 53.881245
   40 	 37.174848 	 45.483144 	 53.785502
   41 	 37.174848 	 46.196904 	 53.785502
   42 	 37.174848 	 46.604583 	 51.599772
   43 	 37.191055 	 47.435537 	 51.599772
   44 	 38.156219 	 47.395758 	 51.599772
   45 	 38.156219 	 47.446032 	 51.744492
   46 	 41.190852 	 47.868663 	 53.391934
   47 	 39.296059 	 47.661270 	 53.391934
   48 	 39.296059 	 47.896748 	 53.391934
   49 	 39.296059 	 48.375809 	 54.021458
   50 	 40.015084 	 48.820292 	 53.907395
   51 	 43.278196 	 48.997249 	 53.391934
   52 	 43.725605 	 49.108676 	 53.391934
   53 	 43.978231 	 49.411216 	 53.391934
   54 	 43.978231 	 49.196159 	 53.872595
   55 	 43.628410 	 49.097185 	 53.391934
   56 	 43.978231 	 49.586600 	 53.537874
   57 	 43.978231 	 49.224976 	 54.416740
   58 	 43.978231 	 49.497676 	 54.416740
   59 	 42.806808 	 49.830317 	 54.416740
   60 	 45.989649 	 50.089909 	 54.135094
   61 	 45.985804 	 50.143945 	 54.135094
   62 	 45.989649 	 50.279256 	 55.764370
   63 	 45.989649 	 50.004727 	 54.135094
   64 	 45.989649 	 49.520412 	 53.605781
   65 	 45.574442 	 49.624140 	 53.605781
   66 	 45.989649 	 49.453961 	 53.580261
   67 	 46.189478 	 49.624870 	 53.580261
   68 	 46.044900 	 49.580424 	 53.580375
   69 	 45.889310 	 49.643343 	 53.281812
   70 	 45.889310 	 49.742932 	 52.912072
   71 	 45.105699 	 49.663076 	 52.912072
   72 	 44.026193 	 49.662535 	 52.914349
   73 	 44.026193 	 49.345713 	 52.914349
   74 	 42.500453 	 49.206744 	 52.914349
   75 	 43.372176 	 49.437819 	 52.914349
   76 	 45.519748 	 49.744100 	 53.185875
   77 	 45.889310 	 50.174579 	 53.185875
   78 	 46.181868 	 50.385281 	 53.185875
   79 	 46.181868 	 50.458188 	 53.185875
   80 	 46.181868 	 50.382372 	 53.199218
   81 	 46.181868 	 50.305916 	 53.199218
   82 	 47.181720 	 50.492977 	 53.199218
   83 	 47.181720 	 50.457923 	 53.199218
   84 	 45.356380 	 50.543485 	 53.199218
   85 	 45.748255 	 50.473948 	 53.260702
   86 	 45.748255 	 50.266176 	 52.914349
   87 	 45.748255 	 50.172052 	 53.462982
   88 	 45.748255 	 50.268738 	 53.638888
   89 	 45.748255 	 50.525955 	 53.638888
   90 	 45.748255 	 50.823152 	 53.462982
   91 	 45.748255 	 50.563628 	 53.462982
   92 	 45.349400 	 50.342279 	 53.599602
   93 	 45.748255 	 50.625198 	 53.599602
   94 	 45.748255 	 50.879825 	 53.599602
   95 	 45.748255 	 51.115147 	 53.599602
   96 	 48.657062 	 51.401186 	 53.599602
   97 	 48.657062 	 51.162011 	 53.599602
   98 	 46.910329 	 51.182073 	 55.103622
   99 	 47.033503 	 51.430425 	 55.103622
 