   0 	 16.871616 	 28.879926 	 42.201285
    1 	 19.535185 	 29.503309 	 41.290905
    2 	 19.535185 	 29.612914 	 41.290905
    3 	 20.321451 	 30.301900 	 41.290905
    4 	 12.367765 	 31.171181 	 41.290905
    5 	 21.999977 	 32.333212 	 43.916520
    6 	 24.593144 	 34.070161 	 43.916520
    7 	 26.877769 	 34.670501 	 43.916520
    8 	 26.797762 	 35.977035 	 46.574958
    9 	 26.797762 	 35.784361 	 43.916520
   10 	 26.797762 	 36.747464 	 44.516098
   11 	 27.418366 	 37.987579 	 44.516098
   12 	 29.039900 	 38.444723 	 44.516098
   13 	 30.443698 	 39.139231 	 47.172797
   14 	 26.974091 	 39.218029 	 49.829388
   15 	 30.443698 	 39.513961 	 49.829388
   16 	 30.446639 	 39.808570 	 49.875161
   17 	 30.446639 	 40.414772 	 44.915730
   18 	 32.033642 	 40.539378 	 44.588130
   19 	 31.815071 	 40.754707 	 48.727546
   20 	 32.033642 	 41.640839 	 48.727546
   21 	 32.033642 	 41.613309 	 48.727546
   22 	 33.336523 	 41.973579 	 48.341042
   23 	 31.784342 	 41.894747 	 47.962701
   24 	 31.459966 	 41.717114 	 47.283532
   25 	 31.459966 	 41.797903 	 47.769559
   26 	 32.466898 	 42.285444 	 49.670253
   27 	 34.410405 	 42.911465 	 49.670253
   28 	 33.043532 	 43.664193 	 50.217463
   29 	 33.043532 	 44.203188 	 50.217463
   30 	 33.043532 	 44.026991 	 50.051466
   31 	 34.403043 	 44.601374 	 52.386443
   32 	 34.403043 	 45.090269 	 52.386443
   33 	 34.403043 	 45.135020 	 52.707299
   34 	 34.403043 	 45.060805 	 52.707299
   35 	 34.403043 	 45.658766 	 53.487706
   36 	 38.886816 	 46.732601 	 53.487706
   37 	 37.447086 	 47.022879 	 53.487706
   38 	 40.539521 	 47.466802 	 56.350731
   39 	 38.075964 	 46.917934 	 56.350731
   40 	 40.748099 	 46.655342 	 56.350731
   41 	 39.928970 	 46.812141 	 56.350731
   42 	 39.452811 	 46.731375 	 56.350731
   43 	 37.108966 	 47.102510 	 56.328603
   44 	 37.108966 	 47.520312 	 56.328603
   45 	 39.928970 	 48.016325 	 56.328603
   46 	 40.988757 	 48.068953 	 58.781077
   47 	 40.912580 	 49.561071 	 58.781077
   48 	 40.126097 	 50.128086 	 58.781077
   49 	 40.126097 	 50.272260 	 58.781077
   50 	 40.126097 	 51.494564 	 58.781077
   51 	 40.126097 	 52.284323 	 58.798835
   52 	 41.068586 	 52.243323 	 60.616951
   53 	 40.494068 	 52.807098 	 60.616951
   54 	 46.485418 	 53.127356 	 60.101756
   55 	 43.939986 	 52.839729 	 60.101756
   56 	 45.071618 	 52.835446 	 60.101756
   57 	 45.071618 	 53.592637 	 60.101756
   58 	 45.071618 	 54.429317 	 60.101756
   59 	 45.071618 	 55.345360 	 60.101756
   60 	 48.041650 	 56.067433 	 60.101756
   61 	 48.041650 	 56.219533 	 60.101756
   62 	 48.041650 	 56.993855 	 60.101756
   63 	 46.763819 	 57.161448 	 60.153133
   64 	 46.763819 	 56.776535 	 60.153133
   65 	 48.041650 	 57.448566 	 60.153133
   66 	 48.041650 	 57.615839 	 60.306141
   67 	 48.041650 	 57.877754 	 60.305153
   68 	 54.216900 	 58.085483 	 60.305153
   69 	 54.216900 	 58.388034 	 60.305153
   70 	 54.216900 	 58.178297 	 60.305153
   71 	 55.376035 	 58.365868 	 60.305153
   72 	 55.376035 	 58.649762 	 61.945562
   73 	 52.914797 	 58.657485 	 62.441205
   74 	 52.914797 	 58.553461 	 61.866789
   75 	 52.914797 	 58.446685 	 60.637094
   76 	 52.914797 	 58.625028 	 60.159808
   77 	 53.087963 	 58.659880 	 60.639212
   78 	 52.676200 	 58.541471 	 60.153133
   79 	 53.087963 	 58.556211 	 60.153133
   80 	 53.087963 	 58.648360 	 60.153133
   81 	 53.087329 	 58.407970 	 60.153133
   82 	 53.087329 	 58.282694 	 60.153133
   83 	 53.087329 	 58.503908 	 60.153133
   84 	 51.457549 	 58.325061 	 60.153133
   85 	 53.087329 	 58.443780 	 60.153133
   86 	 53.087329 	 58.440455 	 60.153133
   87 	 53.087329 	 58.464686 	 60.153133
   88 	 53.098313 	 58.378257 	 60.153133
   89 	 53.164662 	 58.406566 	 60.153133
   90 	 55.047803 	 58.475553 	 60.153133
   91 	 55.808455 	 58.402643 	 60.153133
   92 	 54.406652 	 58.411534 	 59.880881
   93 	 54.193091 	 58.073665 	 59.880881
   94 	 54.399977 	 58.155967 	 59.880881
   95 	 54.399977 	 58.275945 	 59.880881
   96 	 54.406652 	 58.130957 	 60.056219
   97 	 54.406652 	 58.215616 	 59.880881
   98 	 54.406652 	 58.228315 	 59.733921
   99 	 54.406652 	 58.161170 	 60.951186
 