   0 	 17.481743 	 29.165267 	 39.670369
    1 	 19.691630 	 30.330629 	 39.670369
    2 	 19.691630 	 30.979213 	 41.219729
    3 	 20.262924 	 32.923992 	 43.550953
    4 	 22.911601 	 33.157221 	 47.879428
    5 	 22.911601 	 34.091026 	 47.879428
    6 	 23.761541 	 34.298424 	 47.879428
    7 	 27.064895 	 35.216975 	 47.879428
    8 	 27.064895 	 35.812960 	 47.879428
    9 	 27.064895 	 36.300580 	 47.879428
   10 	 27.064895 	 36.809928 	 46.963385
   11 	 27.064895 	 36.681872 	 46.692337
   12 	 27.064895 	 37.453686 	 51.760658
   13 	 29.324967 	 38.428412 	 50.819655
   14 	 29.324967 	 38.239493 	 50.819655
   15 	 29.324967 	 38.447829 	 50.819655
   16 	 29.324967 	 38.847454 	 51.400634
   17 	 26.324908 	 38.126614 	 50.819655
   18 	 26.324908 	 38.880977 	 50.819655
   19 	 29.324967 	 39.957174 	 51.004680
   20 	 28.226215 	 40.348357 	 51.004680
   21 	 28.226215 	 40.397626 	 50.819655
   22 	 29.597739 	 41.315024 	 52.079326
   23 	 31.603561 	 41.199647 	 54.496893
   24 	 31.603561 	 41.574446 	 52.867462
   25 	 31.603561 	 42.218653 	 55.766244
   26 	 31.603561 	 42.648578 	 55.766244
   27 	 31.603561 	 43.255412 	 55.833155
   28 	 31.603561 	 43.508275 	 55.833155
   29 	 31.603561 	 43.579309 	 55.833155
   30 	 34.089679 	 44.114503 	 55.833155
   31 	 34.089679 	 45.013414 	 56.563946
   32 	 34.089679 	 44.846756 	 55.833155
   33 	 34.089679 	 45.099776 	 54.518289
   34 	 34.676949 	 45.203697 	 54.105290
   35 	 34.652870 	 45.680505 	 54.105290
   36 	 35.510160 	 46.112113 	 55.332634
   37 	 35.243002 	 46.440491 	 55.670046
   38 	 35.510160 	 47.412604 	 55.973538
   39 	 35.510160 	 47.531066 	 55.973538
   40 	 40.924024 	 47.341090 	 55.973538
   41 	 40.895442 	 47.329040 	 55.981536
   42 	 40.895442 	 47.528726 	 53.840970
   43 	 40.895442 	 47.808929 	 53.840970
   44 	 40.745621 	 48.116022 	 54.155652
   45 	 41.202166 	 48.884453 	 54.179001
   46 	 39.374418 	 48.736904 	 54.277625
   47 	 43.231357 	 49.759860 	 55.583280
   48 	 43.231357 	 50.187069 	 55.583280
   49 	 43.231357 	 50.229892 	 55.583280
   50 	 43.231357 	 49.947132 	 55.583280
   51 	 43.231357 	 50.161445 	 55.583280
   52 	 40.267292 	 50.372205 	 55.590438
   53 	 43.231357 	 50.638782 	 55.590438
   54 	 40.779297 	 50.928144 	 55.590438
   55 	 40.779297 	 50.712978 	 56.364355
   56 	 40.779297 	 50.675834 	 56.364355
   57 	 44.869839 	 50.769566 	 56.364355
   58 	 44.869839 	 51.299946 	 56.364355
   59 	 44.605520 	 51.048156 	 56.364355
   60 	 42.488770 	 50.167208 	 56.364355
   61 	 44.869839 	 50.846640 	 56.364355
   62 	 42.617397 	 50.558760 	 56.364355
   63 	 44.869839 	 50.781331 	 56.364355
   64 	 44.869839 	 51.143205 	 57.673385
   65 	 44.599564 	 51.449511 	 57.673385
   66 	 44.869839 	 52.067692 	 57.684472
   67 	 44.869839 	 52.164797 	 57.684472
   68 	 44.869839 	 51.954488 	 58.447302
   69 	 46.644779 	 52.330357 	 58.453101
   70 	 46.950953 	 52.917936 	 58.447302
   71 	 46.893327 	 53.280767 	 58.464188
   72 	 46.950953 	 53.597842 	 58.447302
   73 	 46.950953 	 54.163313 	 58.453651
   74 	 46.751398 	 54.084103 	 58.447302
   75 	 46.751398 	 54.426954 	 58.447302
   76 	 46.751398 	 54.519317 	 58.447302
   77 	 46.751398 	 54.072986 	 58.447302
   78 	 46.751398 	 54.580362 	 58.447302
   79 	 46.847117 	 54.996433 	 58.447302
   80 	 48.204422 	 54.888782 	 58.453101
   81 	 48.204422 	 55.141105 	 58.464188
   82 	 48.204422 	 55.366515 	 58.464188
   83 	 48.204422 	 55.108844 	 59.393792
   84 	 48.204422 	 55.415252 	 59.507575
   85 	 46.300726 	 55.573016 	 59.393792
   86 	 45.730657 	 56.136539 	 59.393792
   87 	 45.730657 	 56.495282 	 59.393792
   88 	 48.204422 	 56.767709 	 60.167709
   89 	 48.202497 	 56.570162 	 60.167709
   90 	 50.547238 	 56.726788 	 60.167709
   91 	 50.547238 	 56.886132 	 60.167709
   92 	 49.804009 	 56.938513 	 60.167709
   93 	 48.884059 	 56.620542 	 60.167709
   94 	 49.198216 	 56.550306 	 60.167709
   95 	 49.198216 	 56.950275 	 60.167709
   96 	 49.198216 	 56.891974 	 60.167709
   97 	 52.376709 	 57.072753 	 60.167709
   98 	 52.376709 	 56.865118 	 60.372038
   99 	 50.635873 	 56.897545 	 60.167709
 