   0 	 17.305504 	 29.131922 	 42.538351
    1 	 17.305504 	 30.139070 	 42.538351
    2 	 18.412966 	 31.621442 	 42.538351
    3 	 18.412966 	 32.791646 	 42.538351
    4 	 18.412966 	 33.213104 	 42.538351
    5 	 18.412966 	 33.640535 	 43.449195
    6 	 23.702579 	 33.932689 	 43.449195
    7 	 23.702579 	 34.262739 	 43.449195
    8 	 23.702579 	 34.767157 	 43.449195
    9 	 26.575426 	 35.805122 	 45.749870
   10 	 26.551262 	 36.121370 	 46.436886
   11 	 26.551262 	 36.588246 	 43.931975
   12 	 26.551262 	 36.630914 	 44.953658
   13 	 26.520981 	 37.738880 	 44.953658
   14 	 26.520981 	 37.627835 	 45.790570
   15 	 26.520981 	 38.505043 	 45.790570
   16 	 26.520981 	 38.380618 	 48.236464
   17 	 29.731870 	 39.338229 	 45.790570
   18 	 25.631678 	 39.601299 	 45.790570
   19 	 25.631678 	 39.802935 	 45.790570
   20 	 25.631678 	 40.515307 	 46.007769
   21 	 25.631678 	 40.423489 	 48.459179
   22 	 35.281520 	 41.237273 	 48.459179
   23 	 35.220526 	 41.860869 	 48.459179
   24 	 35.281520 	 42.118952 	 48.828135
   25 	 36.075051 	 42.135344 	 49.923363
   26 	 32.742031 	 42.100247 	 49.923363
   27 	 32.742031 	 42.213792 	 49.923363
   28 	 32.742031 	 42.744364 	 48.637613
   29 	 34.861817 	 42.949133 	 49.301824
   30 	 32.524595 	 43.255258 	 50.574434
   31 	 34.861817 	 43.482095 	 52.144502
   32 	 34.861817 	 43.514544 	 50.574434
   33 	 37.234269 	 44.063037 	 51.354717
   34 	 33.661147 	 43.989876 	 51.354717
   35 	 32.366256 	 44.194449 	 51.906889
   36 	 36.500806 	 44.447735 	 51.906889
   37 	 36.852556 	 44.679859 	 51.840628
   38 	 36.852556 	 44.423347 	 52.396702
   39 	 37.849134 	 44.791179 	 52.202683
   40 	 38.416418 	 45.673568 	 52.202683
   41 	 38.416418 	 45.343571 	 52.202683
   42 	 38.933683 	 45.796814 	 53.667902
   43 	 39.925879 	 46.056174 	 52.840611
   44 	 39.925879 	 46.050806 	 52.087928
   45 	 39.925879 	 45.902923 	 51.919446
   46 	 39.925879 	 46.228733 	 51.919446
   47 	 39.925879 	 46.586823 	 51.921668
   48 	 38.813348 	 46.496141 	 51.921668
   49 	 39.814081 	 46.894169 	 51.919446
   50 	 39.194459 	 47.461819 	 53.283376
   51 	 39.194459 	 47.387897 	 52.305143
   52 	 37.049311 	 46.639895 	 51.919446
   53 	 41.195400 	 46.614762 	 53.042982
   54 	 41.195400 	 46.332673 	 51.994877
   55 	 40.035046 	 46.404223 	 52.707167
   56 	 38.976664 	 46.028242 	 51.994877
   57 	 38.168703 	 45.977900 	 52.213817
   58 	 38.261863 	 46.497599 	 52.213817
   59 	 39.069684 	 46.689200 	 52.213817
   60 	 39.366652 	 47.149356 	 52.213817
   61 	 39.366652 	 47.332478 	 52.213817
   62 	 40.992675 	 47.780368 	 55.873530
   63 	 40.992675 	 48.390558 	 55.873530
   64 	 41.849572 	 49.056718 	 57.186879
   65 	 41.849572 	 49.136033 	 57.186879
   66 	 42.337794 	 49.410985 	 57.186879
   67 	 43.235043 	 49.730802 	 57.186879
   68 	 43.913113 	 50.587113 	 57.186879
   69 	 44.238783 	 50.930921 	 57.186879
   70 	 46.243508 	 50.678314 	 57.186879
   71 	 45.318798 	 50.639127 	 56.432592
   72 	 46.243508 	 50.969044 	 56.432592
   73 	 46.243508 	 50.982625 	 58.637334
   74 	 46.243508 	 50.843698 	 57.417886
   75 	 46.243508 	 50.888630 	 58.291473
   76 	 45.226688 	 50.705644 	 56.432592
   77 	 45.569011 	 51.076490 	 56.432592
   78 	 46.201357 	 51.400891 	 56.459272
   79 	 46.526235 	 51.771453 	 58.875305
   80 	 46.570628 	 52.122161 	 56.459272
   81 	 46.570628 	 52.048924 	 57.451739
   82 	 46.570628 	 52.357019 	 57.977980
   83 	 47.488984 	 52.505783 	 57.977980
   84 	 46.242147 	 52.558224 	 57.977980
   85 	 47.488984 	 52.728105 	 58.681385
   86 	 47.965968 	 53.272300 	 57.977980
   87 	 48.475624 	 53.612722 	 57.977980
   88 	 47.642887 	 53.694740 	 57.977980
   89 	 47.642887 	 53.639209 	 58.569597
   90 	 48.475624 	 53.741113 	 58.569597
   91 	 48.397419 	 53.630171 	 58.725349
   92 	 45.833701 	 53.776680 	 59.579290
   93 	 46.031259 	 54.074699 	 59.579290
   94 	 46.031259 	 54.281615 	 59.579290
   95 	 46.031259 	 55.388873 	 60.276090
   96 	 46.031259 	 55.360193 	 61.889224
   97 	 46.031259 	 55.492078 	 61.889224
   98 	 48.966812 	 55.672234 	 61.889224
   99 	 50.547818 	 55.825259 	 61.889224
 