   0 	 17.638533 	 28.701311 	 39.504720
    1 	 20.699446 	 29.625394 	 39.504720
    2 	 17.544555 	 30.162740 	 39.504720
    3 	 20.699446 	 31.670915 	 39.504720
    4 	 20.699446 	 32.299464 	 43.201483
    5 	 20.699446 	 32.288784 	 43.224478
    6 	 24.192379 	 32.491339 	 43.224478
    7 	 24.192379 	 32.733052 	 43.224478
    8 	 24.008223 	 32.762375 	 46.691582
    9 	 24.008223 	 33.666989 	 46.691582
   10 	 26.570540 	 33.947231 	 43.201483
   11 	 26.648541 	 34.673055 	 46.832522
   12 	 26.630574 	 35.482688 	 46.832522
   13 	 26.630574 	 35.967793 	 46.832522
   14 	 27.018750 	 35.819174 	 46.832522
   15 	 27.018750 	 35.769475 	 46.832522
   16 	 27.018750 	 35.909916 	 46.832522
   17 	 29.860964 	 36.177874 	 45.326587
   18 	 29.865814 	 36.108904 	 43.575045
   19 	 29.865814 	 36.881770 	 43.575045
   20 	 29.048620 	 36.380829 	 43.575045
   21 	 29.048620 	 37.046384 	 43.575045
   22 	 29.048620 	 37.794305 	 43.575045
   23 	 29.865814 	 37.699266 	 44.893254
   24 	 26.827085 	 38.180577 	 44.893254
   25 	 30.744364 	 38.720843 	 43.750397
   26 	 30.744364 	 38.983296 	 48.811892
   27 	 30.744364 	 39.537001 	 44.394098
   28 	 34.553210 	 39.699505 	 44.394098
   29 	 34.855029 	 40.118663 	 44.394098
   30 	 34.855029 	 40.034670 	 45.404394
   31 	 33.503182 	 40.060354 	 44.324934
   32 	 34.775404 	 40.133314 	 45.327557
   33 	 33.262860 	 40.365282 	 45.327557
   34 	 33.262860 	 40.432737 	 45.327557
   35 	 33.262860 	 40.176452 	 45.431591
   36 	 34.970748 	 40.060164 	 46.199253
   37 	 33.684527 	 40.147751 	 46.875459
   38 	 35.259201 	 40.508584 	 46.875459
   39 	 35.259201 	 40.663363 	 46.875459
   40 	 35.259201 	 40.926859 	 45.789703
   41 	 35.259201 	 40.734412 	 46.823527
   42 	 35.259201 	 40.885266 	 45.858104
   43 	 35.259201 	 41.302712 	 45.433977
   44 	 35.738916 	 41.556622 	 47.021692
   45 	 35.738916 	 41.294989 	 47.021692
   46 	 34.495163 	 41.421522 	 46.507785
   47 	 30.712767 	 42.079242 	 46.507785
   48 	 30.712767 	 41.953733 	 47.784603
   49 	 30.712767 	 41.961498 	 46.724883
   50 	 30.712767 	 42.586376 	 46.724883
   51 	 30.712767 	 42.872847 	 46.724883
   52 	 30.712767 	 43.381915 	 52.427002
   53 	 30.712767 	 43.403307 	 52.427002
   54 	 30.712767 	 43.687238 	 52.427002
   55 	 30.712767 	 44.141037 	 51.071289
   56 	 30.712767 	 43.820927 	 51.071289
   57 	 30.712767 	 43.731997 	 50.190326
   58 	 30.662822 	 43.859896 	 49.282343
   59 	 38.084803 	 44.198741 	 49.481344
   60 	 38.962390 	 44.619872 	 49.481344
   61 	 38.962390 	 44.608707 	 50.673418
   62 	 38.962390 	 44.903269 	 50.673418
   63 	 38.989435 	 45.547959 	 50.673418
   64 	 36.424819 	 45.985276 	 50.767244
   65 	 40.007173 	 46.373527 	 51.892968
   66 	 40.007173 	 46.429924 	 50.673418
   67 	 40.007173 	 45.958516 	 50.673418
   68 	 40.007173 	 46.213399 	 53.023005
   69 	 39.822287 	 46.274351 	 53.023005
   70 	 39.917990 	 46.641495 	 53.023005
   71 	 43.032839 	 46.946360 	 53.029313
   72 	 40.946800 	 47.376603 	 53.491215
   73 	 40.946800 	 47.441326 	 53.491215
   74 	 40.946800 	 47.520163 	 54.634541
   75 	 40.883349 	 47.499223 	 52.730974
   76 	 40.883349 	 47.268871 	 52.730974
   77 	 40.883349 	 47.700115 	 54.654081
   78 	 40.883349 	 47.921967 	 54.654081
   79 	 40.883349 	 48.056544 	 53.105745
   80 	 44.108296 	 48.546187 	 51.980334
   81 	 44.037781 	 48.743313 	 54.202923
   82 	 45.158464 	 48.998109 	 54.406232
   83 	 45.227930 	 49.152428 	 54.287826
   84 	 43.338669 	 49.275005 	 54.287826
   85 	 43.338669 	 49.318463 	 54.287826
   86 	 42.080279 	 49.264300 	 54.287826
   87 	 43.338669 	 49.689018 	 54.287826
   88 	 43.338669 	 49.869126 	 55.023653
   89 	 43.338669 	 50.123048 	 55.546737
   90 	 43.338669 	 50.466805 	 57.070099
   91 	 45.768552 	 50.588484 	 57.070099
   92 	 44.811089 	 50.948859 	 57.889122
   93 	 45.768552 	 50.859420 	 57.889122
   94 	 45.768552 	 51.241243 	 57.889122
   95 	 46.915613 	 51.432654 	 57.889122
   96 	 46.915613 	 51.232011 	 55.656519
   97 	 46.915613 	 51.527504 	 57.871956
   98 	 46.279132 	 51.407051 	 57.371031
   99 	 46.279132 	 51.564625 	 57.371031
 