   0 	 0.000046 	 0.000180 	 0.001905
    1 	 0.000070 	 0.000299 	 0.001964
    2 	 0.000048 	 0.000445 	 0.001973
    3 	 0.000088 	 0.000617 	 0.002435
    4 	 0.000055 	 0.000772 	 0.002267
    5 	 0.000049 	 0.000985 	 0.002903
    6 	 0.000433 	 0.001317 	 0.006430
    7 	 0.000051 	 0.001591 	 0.006437
    8 	 0.000101 	 0.001990 	 0.006740
    9 	 0.000269 	 0.002466 	 0.007220
   10 	 0.000094 	 0.003086 	 0.008136
   11 	 0.000049 	 0.003960 	 0.009193
   12 	 0.000049 	 0.004938 	 0.011301
   13 	 0.000096 	 0.005872 	 0.013381
   14 	 0.000195 	 0.006779 	 0.013968
   15 	 0.000098 	 0.007551 	 0.015003
   16 	 0.000251 	 0.008549 	 0.016174
   17 	 0.000396 	 0.009701 	 0.019417
   18 	 0.000250 	 0.010720 	 0.016705
   19 	 0.000387 	 0.011485 	 0.018069
   20 	 0.000097 	 0.012159 	 0.024427
   21 	 0.000500 	 0.013450 	 0.033831
   22 	 0.000389 	 0.013897 	 0.027989
   23 	 0.000251 	 0.015050 	 0.028575
   24 	 0.001517 	 0.015650 	 0.031712
   25 	 0.000194 	 0.017226 	 0.033963
   26 	 0.000097 	 0.017879 	 0.037247
   27 	 0.002808 	 0.020229 	 0.037347
   28 	 0.004591 	 0.022844 	 0.037347
   29 	 0.000502 	 0.024029 	 0.036219
   30 	 0.000097 	 0.025666 	 0.036381
   31 	 0.000252 	 0.027687 	 0.037094
   32 	 0.000049 	 0.028185 	 0.039065
   33 	 0.000097 	 0.029462 	 0.037702
   34 	 0.003259 	 0.030576 	 0.037851
   35 	 0.001989 	 0.032591 	 0.041235
   36 	 0.000097 	 0.033310 	 0.041725
   37 	 0.006015 	 0.033139 	 0.043347
   38 	 0.019221 	 0.034460 	 0.042765
   39 	 0.000388 	 0.033721 	 0.043595
   40 	 0.001981 	 0.034789 	 0.043607
   41 	 0.000194 	 0.034986 	 0.043842
   42 	 0.009106 	 0.035236 	 0.043965
   43 	 0.003207 	 0.035653 	 0.046405
   44 	 0.003123 	 0.036814 	 0.048255
   45 	 0.000250 	 0.038101 	 0.052580
   46 	 0.000391 	 0.038939 	 0.052583
   47 	 0.000497 	 0.039163 	 0.056175
   48 	 0.003254 	 0.040874 	 0.057023
   49 	 0.000195 	 0.042656 	 0.058114
   50 	 0.003006 	 0.045160 	 0.058208
   51 	 0.000049 	 0.046694 	 0.058348
   52 	 0.000251 	 0.047455 	 0.058348
   53 	 0.000390 	 0.048769 	 0.058367
   54 	 0.023778 	 0.051708 	 0.063613
   55 	 0.000097 	 0.051615 	 0.063937
   56 	 0.000097 	 0.052651 	 0.062783
   57 	 0.000500 	 0.050665 	 0.062357
   58 	 0.000097 	 0.053753 	 0.064820
   59 	 0.000097 	 0.052674 	 0.062838
   60 	 0.000195 	 0.052241 	 0.065555
   61 	 0.003931 	 0.052718 	 0.065986
   62 	 0.000097 	 0.053520 	 0.067167
   63 	 0.000780 	 0.055492 	 0.066468
   64 	 0.000251 	 0.055728 	 0.065922
   65 	 0.000500 	 0.056393 	 0.066200
   66 	 0.000098 	 0.057102 	 0.069623
   67 	 0.000097 	 0.059373 	 0.070245
   68 	 0.001549 	 0.060279 	 0.070329
   69 	 0.000195 	 0.060895 	 0.069816
   70 	 0.006509 	 0.062008 	 0.070300
   71 	 0.000499 	 0.062009 	 0.070241
   72 	 0.000393 	 0.062535 	 0.070264
   73 	 0.003875 	 0.064184 	 0.070565
   74 	 0.000049 	 0.062639 	 0.070720
   75 	 0.000049 	 0.063514 	 0.071915
   76 	 0.000251 	 0.064547 	 0.072040
   77 	 0.000499 	 0.066265 	 0.071208
   78 	 0.001568 	 0.066193 	 0.071374
   79 	 0.007676 	 0.066085 	 0.071717
   80 	 0.000778 	 0.066335 	 0.071405
   81 	 0.003097 	 0.066182 	 0.071889
   82 	 0.000779 	 0.066757 	 0.071917
   83 	 0.000251 	 0.065306 	 0.071917
   84 	 0.000499 	 0.065690 	 0.072025
   85 	 0.000097 	 0.067283 	 0.072145
   86 	 0.000779 	 0.065666 	 0.071937
   87 	 0.000195 	 0.065936 	 0.071943
   88 	 0.000389 	 0.065364 	 0.072040
   89 	 0.000500 	 0.066866 	 0.072040
   90 	 0.000195 	 0.067609 	 0.072576
   91 	 0.000251 	 0.068142 	 0.073001
   92 	 0.000049 	 0.067285 	 0.073001
   93 	 0.000390 	 0.067840 	 0.073235
   94 	 0.000097 	 0.068676 	 0.073082
   95 	 0.000501 	 0.068958 	 0.073453
   96 	 0.000195 	 0.066821 	 0.073420
   97 	 0.006907 	 0.068806 	 0.073710
   98 	 0.003237 	 0.070042 	 0.074446
   99 	 0.001989 	 0.069524 	 0.074485
  100 	 0.000997 	 0.069325 	 0.074519
  101 	 0.000996 	 0.069284 	 0.074788
  102 	 0.000998 	 0.070061 	 0.074643
  103 	 0.001949 	 0.071125 	 0.074699
  104 	 0.000049 	 0.069474 	 0.074797
  105 	 0.000195 	 0.067120 	 0.074725
  106 	 0.000049 	 0.069022 	 0.074745
  107 	 0.000049 	 0.070624 	 0.074871
  108 	 0.000049 	 0.071221 	 0.074974
  109 	 0.000097 	 0.069709 	 0.076533
  110 	 0.000049 	 0.071267 	 0.076041
  111 	 0.000049 	 0.072242 	 0.076744
  112 	 0.000251 	 0.071069 	 0.076866
  113 	 0.000049 	 0.071826 	 0.076610
  114 	 0.000097 	 0.072409 	 0.076723
  115 	 0.000195 	 0.071321 	 0.076816
  116 	 0.006440 	 0.071771 	 0.076858
  117 	 0.000097 	 0.072174 	 0.076858
  118 	 0.000195 	 0.068082 	 0.077081
  119 	 0.000049 	 0.070333 	 0.077332
  120 	 0.000049 	 0.072697 	 0.077248
  121 	 0.000097 	 0.071798 	 0.077248
  122 	 0.000049 	 0.071821 	 0.077367
  123 	 0.000049 	 0.071497 	 0.077503
  124 	 0.000999 	 0.072672 	 0.077823
  125 	 0.000195 	 0.072761 	 0.077694
  126 	 0.003105 	 0.074327 	 0.077820
  127 	 0.000998 	 0.074031 	 0.077898
  128 	 0.000049 	 0.074084 	 0.078126
  129 	 0.001555 	 0.074019 	 0.078083
  130 	 0.007013 	 0.075855 	 0.078149
  131 	 0.000250 	 0.075164 	 0.078312
  132 	 0.005245 	 0.074230 	 0.078312
  133 	 0.000779 	 0.074476 	 0.078320
  134 	 0.006885 	 0.075327 	 0.078456
  135 	 0.000049 	 0.073825 	 0.078517
  136 	 0.001994 	 0.075881 	 0.078519
  137 	 0.000049 	 0.071490 	 0.078574
  138 	 0.000779 	 0.074614 	 0.078538
  139 	 0.000049 	 0.072166 	 0.078612
  140 	 0.000500 	 0.072502 	 0.078827
  141 	 0.000046 	 0.075111 	 0.078817
  142 	 0.001979 	 0.073763 	 0.078940
  143 	 0.003116 	 0.075414 	 0.078940
  144 	 0.000195 	 0.073163 	 0.078923
  145 	 0.001555 	 0.076017 	 0.078923
  146 	 0.000500 	 0.073314 	 0.078952
  147 	 0.000195 	 0.073304 	 0.078960
  148 	 0.000049 	 0.073972 	 0.079015
  149 	 0.000389 	 0.074662 	 0.079127
  150 	 0.000049 	 0.073523 	 0.079123
  151 	 0.000049 	 0.075472 	 0.079125
  152 	 0.000251 	 0.075241 	 0.079125
  153 	 0.000097 	 0.073692 	 0.079219
  154 	 0.000390 	 0.075293 	 0.079251
  155 	 0.000195 	 0.075032 	 0.079253
  156 	 0.000049 	 0.077161 	 0.079054
  157 	 0.000049 	 0.074104 	 0.079045
  158 	 0.000779 	 0.076259 	 0.079143
  159 	 0.000390 	 0.076960 	 0.079150
  160 	 0.000251 	 0.075389 	 0.079162
  161 	 0.000097 	 0.076873 	 0.079167
  162 	 0.001987 	 0.077227 	 0.079172
  163 	 0.007741 	 0.077298 	 0.079178
  164 	 0.000390 	 0.074309 	 0.079184
  165 	 0.000049 	 0.074234 	 0.079201
  166 	 0.000049 	 0.073245 	 0.079203
  167 	 0.001988 	 0.075961 	 0.079203
  168 	 0.000097 	 0.074700 	 0.079224
  169 	 0.000195 	 0.074103 	 0.079205
  170 	 0.000195 	 0.074428 	 0.079238
  171 	 0.000049 	 0.073803 	 0.079225
  172 	 0.000390 	 0.076000 	 0.079224
  173 	 0.000049 	 0.075578 	 0.079224
  174 	 0.000049 	 0.074346 	 0.079243
  175 	 0.000389 	 0.075470 	 0.079249
  176 	 0.000195 	 0.076620 	 0.079249
  177 	 0.000779 	 0.075146 	 0.079248
  178 	 0.000195 	 0.076533 	 0.079249
  179 	 0.003249 	 0.076829 	 0.079248
  180 	 0.000097 	 0.074812 	 0.079249
  181 	 0.006451 	 0.077220 	 0.079249
  182 	 0.000173 	 0.075397 	 0.079253
  183 	 0.000049 	 0.072571 	 0.079249
  184 	 0.000779 	 0.074986 	 0.079249
  185 	 0.000998 	 0.075085 	 0.079251
  186 	 0.012765 	 0.076468 	 0.079250
  187 	 0.000097 	 0.075430 	 0.079253
  188 	 0.005266 	 0.075757 	 0.079253
  189 	 0.000195 	 0.076127 	 0.079253
  190 	 0.000779 	 0.076270 	 0.079250
  191 	 0.000779 	 0.073852 	 0.079256
  192 	 0.001988 	 0.077460 	 0.079256
  193 	 0.000500 	 0.074795 	 0.079256
  194 	 0.000097 	 0.073631 	 0.079260
  195 	 0.000390 	 0.075242 	 0.079260
  196 	 0.000779 	 0.076379 	 0.079261
  197 	 0.000195 	 0.074843 	 0.079256
  198 	 0.000195 	 0.074005 	 0.079260
  199 	 0.000500 	 0.073836 	 0.079265
  200 	 0.010232 	 0.076982 	 0.079262
  201 	 0.000251 	 0.077067 	 0.079260
  202 	 0.000097 	 0.075578 	 0.079262
  203 	 0.000049 	 0.074926 	 0.079260
  204 	 0.000097 	 0.075287 	 0.079260
  205 	 0.000097 	 0.076559 	 0.079261
  206 	 0.000097 	 0.075521 	 0.079262
  207 	 0.000195 	 0.074475 	 0.079263
  208 	 0.000097 	 0.073501 	 0.079266
  209 	 0.000049 	 0.073686 	 0.079264
  210 	 0.000779 	 0.075803 	 0.079267
  211 	 0.000251 	 0.074952 	 0.079269
  212 	 0.000049 	 0.075793 	 0.079270
  213 	 0.000998 	 0.075782 	 0.079269
  214 	 0.000779 	 0.075441 	 0.079270
  215 	 0.003115 	 0.075365 	 0.079270
  216 	 0.012314 	 0.076218 	 0.079270
  217 	 0.000998 	 0.076343 	 0.079275
  218 	 0.003114 	 0.074629 	 0.079275
  219 	 0.000390 	 0.075041 	 0.079277
  220 	 0.000997 	 0.075030 	 0.079276
  221 	 0.000500 	 0.075959 	 0.079276
  222 	 0.000049 	 0.073840 	 0.079277
  223 	 0.000251 	 0.074136 	 0.079277
  224 	 0.000251 	 0.075225 	 0.079277
  225 	 0.003249 	 0.076194 	 0.079277
  226 	 0.000998 	 0.076003 	 0.079277
  227 	 0.001988 	 0.076047 	 0.079277
  228 	 0.000097 	 0.075688 	 0.079277
  229 	 0.000049 	 0.073778 	 0.079277
  230 	 0.000195 	 0.075196 	 0.079277
  231 	 0.000251 	 0.076396 	 0.079277
  232 	 0.000195 	 0.076275 	 0.079277
  233 	 0.000251 	 0.075867 	 0.079277
  234 	 0.000049 	 0.073799 	 0.079277
  235 	 0.000251 	 0.074669 	 0.079277
  236 	 0.000500 	 0.076094 	 0.079279
  237 	 0.000251 	 0.074966 	 0.079279
  238 	 0.000251 	 0.075383 	 0.079279
  239 	 0.000390 	 0.076037 	 0.079279
  240 	 0.000195 	 0.076611 	 0.079279
  241 	 0.000195 	 0.075782 	 0.079279
  242 	 0.003114 	 0.076644 	 0.079279
  243 	 0.000500 	 0.074540 	 0.079279
  244 	 0.000390 	 0.074076 	 0.079279
  245 	 0.000097 	 0.076396 	 0.079279
  246 	 0.000195 	 0.075442 	 0.079279
  247 	 0.000049 	 0.074252 	 0.079279
  248 	 0.000097 	 0.075588 	 0.079279
  249 	 0.000049 	 0.075336 	 0.079279
  250 	 0.000195 	 0.075443 	 0.079279
  251 	 0.000251 	 0.076548 	 0.079279
  252 	 0.000049 	 0.073457 	 0.079279
  253 	 0.000998 	 0.077233 	 0.079279
  254 	 0.000097 	 0.075645 	 0.079279
  255 	 0.000500 	 0.074676 	 0.079280
  256 	 0.000049 	 0.075179 	 0.079279
  257 	 0.000195 	 0.075300 	 0.079280
  258 	 0.000779 	 0.075487 	 0.079279
  259 	 0.000049 	 0.076739 	 0.079280
  260 	 0.000097 	 0.074918 	 0.079280
  261 	 0.000195 	 0.073952 	 0.079280
  262 	 0.001558 	 0.077213 	 0.079280
  263 	 0.000097 	 0.073501 	 0.079280
  264 	 0.007744 	 0.076713 	 0.079280
  265 	 0.003119 	 0.076446 	 0.079280
  266 	 0.000097 	 0.075839 	 0.079280
  267 	 0.000251 	 0.076501 	 0.079280
  268 	 0.000500 	 0.074001 	 0.079280
  269 	 0.000779 	 0.075405 	 0.079280
  270 	 0.000251 	 0.076953 	 0.079280
  271 	 0.010468 	 0.077014 	 0.079280
  272 	 0.000049 	 0.077619 	 0.079280
  273 	 0.000390 	 0.074729 	 0.079280
  274 	 0.000097 	 0.074834 	 0.079280
  275 	 0.000195 	 0.076924 	 0.079280
  276 	 0.000500 	 0.076533 	 0.079280
  277 	 0.000049 	 0.075152 	 0.079280
  278 	 0.000251 	 0.072882 	 0.079280
  279 	 0.003943 	 0.075092 	 0.079280
  280 	 0.000780 	 0.074727 	 0.082687
  281 	 0.000195 	 0.074398 	 0.082687
  282 	 0.000049 	 0.074392 	 0.079280
  283 	 0.000097 	 0.075678 	 0.079280
  284 	 0.000097 	 0.074265 	 0.079280
  285 	 0.000500 	 0.076173 	 0.079280
  286 	 0.000251 	 0.076755 	 0.079280
  287 	 0.000097 	 0.074444 	 0.079280
  288 	 0.000195 	 0.074044 	 0.079280
  289 	 0.000780 	 0.076132 	 0.079280
  290 	 0.000779 	 0.075767 	 0.079280
  291 	 0.006920 	 0.077411 	 0.079280
  292 	 0.003261 	 0.076818 	 0.079280
  293 	 0.003943 	 0.075061 	 0.079280
  294 	 0.000097 	 0.075417 	 0.079280
  295 	 0.001793 	 0.075689 	 0.079280
  296 	 0.000496 	 0.075669 	 0.079280
  297 	 0.000195 	 0.074967 	 0.079280
  298 	 0.000998 	 0.075867 	 0.079280
  299 	 0.000500 	 0.076263 	 0.079280
  300 	 0.000251 	 0.075544 	 0.079280
  301 	 0.000779 	 0.076704 	 0.079280
  302 	 0.000049 	 0.074039 	 0.079280
  303 	 0.000998 	 0.076436 	 0.079280
  304 	 0.001558 	 0.076105 	 0.079280
  305 	 0.000049 	 0.075137 	 0.079280
  306 	 0.000195 	 0.076735 	 0.079280
  307 	 0.000097 	 0.074749 	 0.079280
  308 	 0.000251 	 0.076581 	 0.079280
  309 	 0.000390 	 0.076189 	 0.079280
  310 	 0.000195 	 0.074522 	 0.079280
  311 	 0.000195 	 0.074681 	 0.079280
  312 	 0.000097 	 0.075035 	 0.079280
  313 	 0.000049 	 0.073881 	 0.079280
  314 	 0.000097 	 0.074171 	 0.079280
  315 	 0.000500 	 0.076421 	 0.079280
  316 	 0.000779 	 0.076949 	 0.079280
  317 	 0.000097 	 0.075150 	 0.079280
  318 	 0.001990 	 0.077054 	 0.079280
  319 	 0.000097 	 0.076469 	 0.079280
  320 	 0.000097 	 0.075612 	 0.079280
  321 	 0.000998 	 0.074043 	 0.079280
  322 	 0.000251 	 0.075804 	 0.079281
  323 	 0.000195 	 0.076167 	 0.079280
  324 	 0.000998 	 0.075621 	 0.079280
  325 	 0.005265 	 0.076816 	 0.079280
  326 	 0.000195 	 0.074785 	 0.079280
  327 	 0.000779 	 0.074809 	 0.079280
  328 	 0.000049 	 0.073789 	 0.079280
  329 	 0.000251 	 0.075971 	 0.079280
  330 	 0.000097 	 0.077196 	 0.079280
  331 	 0.000251 	 0.074803 	 0.079280
  332 	 0.000195 	 0.075963 	 0.079280
  333 	 0.006461 	 0.076709 	 0.079280
  334 	 0.000097 	 0.074902 	 0.079280
  335 	 0.003943 	 0.076297 	 0.079280
  336 	 0.000779 	 0.076812 	 0.079280
  337 	 0.000500 	 0.075845 	 0.079280
  338 	 0.000390 	 0.075298 	 0.079280
  339 	 0.000500 	 0.075924 	 0.079280
  340 	 0.000195 	 0.076023 	 0.079280
  341 	 0.000097 	 0.075551 	 0.079280
  342 	 0.003943 	 0.076061 	 0.079280
  343 	 0.000049 	 0.075999 	 0.079280
  344 	 0.000500 	 0.076627 	 0.079280
  345 	 0.009400 	 0.077499 	 0.079280
  346 	 0.000097 	 0.076073 	 0.079280
  347 	 0.000097 	 0.073753 	 0.079280
  348 	 0.000049 	 0.074471 	 0.079280
  349 	 0.000782 	 0.076254 	 0.079280
  350 	 0.000097 	 0.073910 	 0.079280
  351 	 0.000195 	 0.077354 	 0.079280
  352 	 0.000097 	 0.076074 	 0.079280
  353 	 0.000097 	 0.075125 	 0.079280
  354 	 0.000195 	 0.074623 	 0.079280
  355 	 0.000097 	 0.076060 	 0.079280
  356 	 0.000779 	 0.073952 	 0.079280
  357 	 0.000390 	 0.074796 	 0.079280
  358 	 0.000097 	 0.075125 	 0.079280
  359 	 0.003114 	 0.075375 	 0.079280
  360 	 0.000251 	 0.075329 	 0.079280
  361 	 0.000049 	 0.075751 	 0.079280
  362 	 0.000097 	 0.076577 	 0.079280
  363 	 0.000049 	 0.074673 	 0.079280
  364 	 0.000097 	 0.074503 	 0.079280
  365 	 0.000097 	 0.075629 	 0.079280
  366 	 0.001988 	 0.076128 	 0.079280
  367 	 0.006919 	 0.077036 	 0.079280
  368 	 0.000250 	 0.074869 	 0.079280
  369 	 0.000500 	 0.074739 	 0.079280
  370 	 0.007726 	 0.075248 	 0.079280
  371 	 0.000195 	 0.074961 	 0.082501
  372 	 0.000500 	 0.075880 	 0.082501
  373 	 0.000251 	 0.075657 	 0.082913
  374 	 0.001558 	 0.076681 	 0.086185
  375 	 0.001988 	 0.074920 	 0.082913
  376 	 0.000049 	 0.071818 	 0.082913
  377 	 0.000500 	 0.075302 	 0.088959
  378 	 0.006227 	 0.073706 	 0.088959
  379 	 0.000390 	 0.074888 	 0.089032
  380 	 0.000388 	 0.074586 	 0.089081
  381 	 0.000097 	 0.075529 	 0.089382
  382 	 0.000049 	 0.076266 	 0.089382
  383 	 0.003114 	 0.074098 	 0.089302
  384 	 0.000049 	 0.074039 	 0.089093
  385 	 0.000500 	 0.076971 	 0.089093
  386 	 0.001998 	 0.075291 	 0.089093
  387 	 0.003010 	 0.074178 	 0.089281
  388 	 0.000500 	 0.074853 	 0.089326
  389 	 0.000097 	 0.082281 	 0.089923
  390 	 0.000755 	 0.082985 	 0.089923
  391 	 0.000097 	 0.083220 	 0.089850
  392 	 0.000195 	 0.083636 	 0.090012
  393 	 0.000500 	 0.084667 	 0.090232
  394 	 0.001557 	 0.084565 	 0.090179
  395 	 0.000251 	 0.084608 	 0.090264
  396 	 0.000390 	 0.085847 	 0.090365
  397 	 0.000390 	 0.083345 	 0.089937
  398 	 0.000998 	 0.085586 	 0.089902
  399 	 0.000097 	 0.084876 	 0.089909
  400 	 0.003246 	 0.086222 	 0.089914
  401 	 0.000097 	 0.083080 	 0.089938
  402 	 0.001990 	 0.085503 	 0.090353
  403 	 0.003950 	 0.086893 	 0.090366
  404 	 0.007635 	 0.085484 	 0.090393
  405 	 0.000049 	 0.085119 	 0.090388
  406 	 0.003239 	 0.084753 	 0.090384
  407 	 0.001545 	 0.085025 	 0.090379
  408 	 0.003135 	 0.084483 	 0.090423
  409 	 0.000049 	 0.083814 	 0.090399
  410 	 0.000390 	 0.085125 	 0.090389
  411 	 0.006188 	 0.085405 	 0.090387
  412 	 0.000251 	 0.084851 	 0.090401
  413 	 0.000049 	 0.084289 	 0.090382
  414 	 0.000500 	 0.085305 	 0.090394
  415 	 0.000251 	 0.084868 	 0.090400
  416 	 0.000049 	 0.085440 	 0.090401
  417 	 0.000097 	 0.085537 	 0.090401
  418 	 0.001557 	 0.087005 	 0.090401
  419 	 0.000390 	 0.087376 	 0.090401
  420 	 0.000251 	 0.085023 	 0.090402
  421 	 0.000778 	 0.083081 	 0.090402
  422 	 0.000251 	 0.085322 	 0.090402
  423 	 0.000049 	 0.086867 	 0.090442
  424 	 0.000049 	 0.082703 	 0.090455
  425 	 0.000999 	 0.086545 	 0.090471
  426 	 0.005278 	 0.086272 	 0.090434
  427 	 0.000097 	 0.084383 	 0.090480
  428 	 0.000195 	 0.084963 	 0.090480
  429 	 0.014985 	 0.087550 	 0.090480
  430 	 0.000049 	 0.086568 	 0.090480
  431 	 0.000251 	 0.086452 	 0.090480
  432 	 0.000251 	 0.084845 	 0.090468
  433 	 0.000779 	 0.086176 	 0.090475
  434 	 0.003103 	 0.086059 	 0.090479
  435 	 0.000049 	 0.086416 	 0.090479
  436 	 0.000195 	 0.085580 	 0.090480
  437 	 0.000195 	 0.085202 	 0.090481
  438 	 0.000195 	 0.085826 	 0.090483
  439 	 0.001559 	 0.083829 	 0.090486
  440 	 0.000251 	 0.086871 	 0.090483
  441 	 0.000049 	 0.084576 	 0.090483
  442 	 0.000500 	 0.086213 	 0.090481
  443 	 0.000049 	 0.086772 	 0.090482
  444 	 0.000049 	 0.085406 	 0.090487
  445 	 0.000500 	 0.087049 	 0.090496
  446 	 0.000251 	 0.087434 	 0.090496
  447 	 0.000195 	 0.085064 	 0.090496
  448 	 0.000195 	 0.087626 	 0.090504
  449 	 0.000049 	 0.084723 	 0.090502
  450 	 0.000196 	 0.086263 	 0.090503
  451 	 0.003947 	 0.086384 	 0.090503
  452 	 0.000049 	 0.086168 	 0.090505
  453 	 0.000097 	 0.085255 	 0.090505
  454 	 0.000251 	 0.086414 	 0.090505
  455 	 0.000251 	 0.086203 	 0.090511
  456 	 0.000049 	 0.088338 	 0.090517
  457 	 0.000097 	 0.085115 	 0.090518
  458 	 0.000097 	 0.085818 	 0.090519
  459 	 0.000049 	 0.085118 	 0.090519
  460 	 0.000097 	 0.083486 	 0.090520
  461 	 0.000195 	 0.084027 	 0.090519
  462 	 0.000049 	 0.085950 	 0.090519
  463 	 0.003116 	 0.084345 	 0.090519
  464 	 0.000050 	 0.084460 	 0.090519
  465 	 0.000049 	 0.084538 	 0.090521
  466 	 0.000195 	 0.085904 	 0.090519
  467 	 0.000049 	 0.085803 	 0.090519
  468 	 0.000097 	 0.083361 	 0.090520
  469 	 0.000998 	 0.085896 	 0.090520
  470 	 0.000195 	 0.087100 	 0.090520
  471 	 0.000998 	 0.083831 	 0.090520
  472 	 0.000251 	 0.085826 	 0.090520
  473 	 0.003949 	 0.088002 	 0.090520
  474 	 0.000390 	 0.085416 	 0.090520
  475 	 0.001000 	 0.086984 	 0.090520
  476 	 0.003251 	 0.087613 	 0.090520
  477 	 0.000049 	 0.086108 	 0.090520
  478 	 0.000390 	 0.086705 	 0.090524
  479 	 0.000251 	 0.087324 	 0.090523
  480 	 0.000097 	 0.083538 	 0.090523
  481 	 0.000097 	 0.085239 	 0.090527
  482 	 0.000498 	 0.085797 	 0.090527
  483 	 0.000195 	 0.084300 	 0.090526
  484 	 0.005274 	 0.087036 	 0.090523
  485 	 0.000390 	 0.085194 	 0.090525
  486 	 0.000195 	 0.085822 	 0.090524
  487 	 0.001558 	 0.085869 	 0.090527
  488 	 0.000195 	 0.087143 	 0.090532
  489 	 0.000251 	 0.085729 	 0.090532
  490 	 0.000390 	 0.085156 	 0.090528
  491 	 0.000049 	 0.086875 	 0.090541
  492 	 0.000500 	 0.088075 	 0.090543
  493 	 0.003253 	 0.086549 	 0.090543
  494 	 0.001662 	 0.085479 	 0.090542
  495 	 0.000513 	 0.085625 	 0.090542
  496 	 0.000195 	 0.085963 	 0.090542
  497 	 0.000049 	 0.085423 	 0.090543
  498 	 0.000779 	 0.084536 	 0.090543
  499 	 0.000097 	 0.085873 	 0.090543
 