   0 	 0.003287 	 0.010223 	 0.034725
    1 	 0.004241 	 0.012854 	 0.047010
    2 	 0.004236 	 0.016074 	 0.088540
    3 	 0.004640 	 0.019468 	 0.089413
    4 	 0.005380 	 0.023027 	 0.090939
    5 	 0.005345 	 0.026713 	 0.093081
    6 	 0.007066 	 0.032596 	 0.136834
    7 	 0.005865 	 0.032112 	 0.121347
    8 	 0.004032 	 0.035810 	 0.121248
    9 	 0.003934 	 0.039084 	 0.138283
   10 	 0.005581 	 0.040854 	 0.138478
   11 	 0.005785 	 0.046038 	 0.151474
   12 	 0.008699 	 0.049236 	 0.152593
   13 	 0.005842 	 0.049463 	 0.152593
   14 	 0.005781 	 0.052900 	 0.151955
   15 	 0.005673 	 0.057183 	 0.183124
   16 	 0.005920 	 0.062302 	 0.184034
   17 	 0.005079 	 0.066052 	 0.185505
   18 	 0.007253 	 0.061151 	 0.181798
   19 	 0.006210 	 0.066761 	 0.182393
   20 	 0.006312 	 0.068331 	 0.179085
   21 	 0.007147 	 0.070699 	 0.179129
   22 	 0.008851 	 0.075159 	 0.187993
   23 	 0.006993 	 0.078338 	 0.187993
   24 	 0.004433 	 0.086711 	 0.326849
   25 	 0.006702 	 0.089493 	 0.327798
   26 	 0.006687 	 0.093614 	 0.331065
   27 	 0.006611 	 0.090736 	 0.331065
   28 	 0.006901 	 0.100677 	 0.331065
   29 	 0.006796 	 0.100869 	 0.323609
   30 	 0.006632 	 0.113469 	 0.325321
   31 	 0.006884 	 0.117595 	 0.317665
   32 	 0.007343 	 0.122980 	 0.346696
   33 	 0.007026 	 0.125017 	 0.364631
   34 	 0.006828 	 0.128370 	 0.364631
   35 	 0.006950 	 0.122072 	 0.364505
   36 	 0.007016 	 0.124768 	 0.360424
   37 	 0.006794 	 0.140300 	 0.339348
   38 	 0.006794 	 0.135739 	 0.348602
   39 	 0.006806 	 0.135487 	 0.349110
   40 	 0.007008 	 0.136766 	 0.349110
   41 	 0.006472 	 0.137062 	 0.360167
   42 	 0.006884 	 0.132131 	 0.360651
   43 	 0.006906 	 0.136475 	 0.360651
   44 	 0.006853 	 0.154484 	 0.391193
   45 	 0.006412 	 0.152732 	 0.391193
   46 	 0.007164 	 0.148731 	 0.362668
   47 	 0.005317 	 0.160196 	 0.363860
   48 	 0.007018 	 0.165300 	 0.343092
   49 	 0.006968 	 0.164607 	 0.368719
   50 	 0.006900 	 0.166921 	 0.368719
   51 	 0.006987 	 0.178276 	 0.368938
   52 	 0.006135 	 0.164756 	 0.358905
   53 	 0.005378 	 0.169434 	 0.366388
   54 	 0.007043 	 0.173535 	 0.413478
   55 	 0.009556 	 0.172169 	 0.415525
   56 	 0.006614 	 0.179944 	 0.415525
   57 	 0.006583 	 0.182742 	 0.402395
   58 	 0.006570 	 0.189892 	 0.417880
   59 	 0.009020 	 0.202107 	 0.417880
   60 	 0.006683 	 0.211784 	 0.415621
   61 	 0.006682 	 0.211430 	 0.415621
   62 	 0.006967 	 0.224358 	 0.415621
   63 	 0.006946 	 0.210855 	 0.418334
   64 	 0.006937 	 0.221335 	 0.404919
   65 	 0.005142 	 0.213390 	 0.415940
   66 	 0.009530 	 0.216633 	 0.415940
   67 	 0.006946 	 0.225555 	 0.415673
   68 	 0.006778 	 0.211925 	 0.408964
   69 	 0.005720 	 0.213967 	 0.442499
   70 	 0.005422 	 0.207918 	 0.442876
   71 	 0.007028 	 0.210713 	 0.434696
   72 	 0.006388 	 0.205409 	 0.434696
   73 	 0.006963 	 0.199901 	 0.439968
   74 	 0.007414 	 0.209059 	 0.456760
   75 	 0.006607 	 0.216478 	 0.463937
   76 	 0.006368 	 0.219277 	 0.456337
   77 	 0.006915 	 0.205336 	 0.456337
   78 	 0.006896 	 0.206362 	 0.461122
   79 	 0.006899 	 0.210715 	 0.452632
   80 	 0.006832 	 0.213329 	 0.452632
   81 	 0.007877 	 0.214368 	 0.479896
   82 	 0.005530 	 0.225987 	 0.479896
   83 	 0.007486 	 0.219387 	 0.479896
   84 	 0.006821 	 0.211857 	 0.476146
   85 	 0.006675 	 0.195768 	 0.477609
   86 	 0.006884 	 0.215455 	 0.473019
   87 	 0.006896 	 0.206855 	 0.473019
   88 	 0.006771 	 0.207809 	 0.449248
   89 	 0.006973 	 0.224115 	 0.466599
   90 	 0.006575 	 0.230319 	 0.466599
   91 	 0.006874 	 0.218873 	 0.466599
   92 	 0.007082 	 0.239176 	 0.475100
   93 	 0.006912 	 0.222216 	 0.475664
   94 	 0.006860 	 0.222593 	 0.479985
   95 	 0.008188 	 0.224071 	 0.475965
   96 	 0.006758 	 0.238937 	 0.476857
   97 	 0.006732 	 0.230347 	 0.482025
   98 	 0.006733 	 0.219890 	 0.484442
   99 	 0.006448 	 0.215706 	 0.484442
  100 	 0.006780 	 0.202584 	 0.480821
  101 	 0.005926 	 0.223519 	 0.480821
  102 	 0.004953 	 0.214378 	 0.480821
  103 	 0.008352 	 0.225765 	 0.480821
  104 	 0.007127 	 0.234876 	 0.487787
  105 	 0.006210 	 0.229184 	 0.488445
  106 	 0.006558 	 0.233414 	 0.486723
  107 	 0.006759 	 0.240382 	 0.478267
  108 	 0.006930 	 0.242100 	 0.490839
  109 	 0.006877 	 0.235947 	 0.490839
  110 	 0.006151 	 0.249968 	 0.490839
  111 	 0.006490 	 0.256308 	 0.489748
  112 	 0.006679 	 0.244733 	 0.495215
  113 	 0.006441 	 0.248822 	 0.495215
  114 	 0.006869 	 0.248032 	 0.489158
  115 	 0.007049 	 0.239156 	 0.489136
  116 	 0.007126 	 0.245369 	 0.490371
  117 	 0.007134 	 0.225421 	 0.490465
  118 	 0.006885 	 0.237487 	 0.483873
  119 	 0.007041 	 0.258543 	 0.482099
  120 	 0.006896 	 0.257688 	 0.496260
  121 	 0.007806 	 0.263152 	 0.494111
  122 	 0.005691 	 0.263336 	 0.494111
  123 	 0.006904 	 0.264735 	 0.495700
  124 	 0.009228 	 0.278975 	 0.497208
  125 	 0.009623 	 0.269266 	 0.495858
  126 	 0.009973 	 0.256111 	 0.494733
  127 	 0.006915 	 0.263957 	 0.495203
  128 	 0.006880 	 0.251007 	 0.497891
  129 	 0.006487 	 0.279059 	 0.496727
  130 	 0.006695 	 0.284016 	 0.496727
  131 	 0.005067 	 0.258574 	 0.497000
  132 	 0.005033 	 0.252631 	 0.497000
  133 	 0.007140 	 0.248103 	 0.497000
  134 	 0.009325 	 0.246051 	 0.494351
  135 	 0.006907 	 0.237357 	 0.494351
  136 	 0.006797 	 0.228484 	 0.494351
  137 	 0.006897 	 0.219438 	 0.496924
  138 	 0.007000 	 0.234600 	 0.492603
  139 	 0.006897 	 0.241666 	 0.492320
  140 	 0.006937 	 0.226409 	 0.490560
  141 	 0.006927 	 0.228964 	 0.490560
  142 	 0.006926 	 0.216724 	 0.495550
  143 	 0.007162 	 0.233291 	 0.495550
  144 	 0.006883 	 0.257354 	 0.497152
  145 	 0.006530 	 0.251162 	 0.492749
  146 	 0.006925 	 0.242385 	 0.492749
  147 	 0.006940 	 0.256146 	 0.489792
  148 	 0.006886 	 0.253161 	 0.482402
  149 	 0.006205 	 0.262896 	 0.488945
  150 	 0.005500 	 0.245074 	 0.488945
  151 	 0.007002 	 0.249498 	 0.490661
  152 	 0.006488 	 0.253858 	 0.488945
  153 	 0.006898 	 0.234339 	 0.489496
  154 	 0.005853 	 0.261310 	 0.492369
  155 	 0.005833 	 0.262906 	 0.489563
  156 	 0.007943 	 0.267889 	 0.491592
  157 	 0.006900 	 0.258201 	 0.492281
  158 	 0.006884 	 0.249947 	 0.488251
  159 	 0.006884 	 0.251167 	 0.486820
  160 	 0.006729 	 0.234105 	 0.487542
  161 	 0.006729 	 0.247208 	 0.488287
  162 	 0.006936 	 0.243323 	 0.491889
  163 	 0.006642 	 0.237791 	 0.490114
  164 	 0.006929 	 0.245415 	 0.490114
  165 	 0.009445 	 0.245269 	 0.490813
  166 	 0.006908 	 0.260072 	 0.490114
  167 	 0.006898 	 0.269156 	 0.481452
  168 	 0.005295 	 0.264989 	 0.493667
  169 	 0.006993 	 0.254286 	 0.491888
  170 	 0.006838 	 0.260448 	 0.491888
  171 	 0.006838 	 0.274575 	 0.492226
  172 	 0.006840 	 0.258487 	 0.491888
  173 	 0.008403 	 0.268949 	 0.489721
  174 	 0.006899 	 0.269584 	 0.491508
  175 	 0.006899 	 0.267161 	 0.491508
  176 	 0.006825 	 0.247920 	 0.491190
  177 	 0.006884 	 0.264272 	 0.492589
  178 	 0.006771 	 0.254235 	 0.492589
  179 	 0.004916 	 0.259285 	 0.495775
  180 	 0.006892 	 0.247252 	 0.495436
  181 	 0.007040 	 0.255578 	 0.495436
  182 	 0.006920 	 0.236981 	 0.491787
  183 	 0.006921 	 0.236072 	 0.489062
  184 	 0.006849 	 0.232509 	 0.490039
  185 	 0.006915 	 0.252963 	 0.482605
  186 	 0.006950 	 0.262871 	 0.482605
  187 	 0.006884 	 0.251409 	 0.488758
  188 	 0.006897 	 0.240300 	 0.482485
  189 	 0.006839 	 0.230462 	 0.472688
  190 	 0.006281 	 0.218570 	 0.485658
  191 	 0.006925 	 0.235069 	 0.489027
  192 	 0.006853 	 0.231488 	 0.488939
  193 	 0.006840 	 0.236792 	 0.488939
  194 	 0.006884 	 0.238682 	 0.488923
  195 	 0.005713 	 0.245450 	 0.480774
  196 	 0.006920 	 0.231042 	 0.479111
  197 	 0.006536 	 0.231089 	 0.480634
  198 	 0.006741 	 0.237092 	 0.488386
  199 	 0.003976 	 0.229818 	 0.472905
  200 	 0.003879 	 0.226397 	 0.483481
  201 	 0.003879 	 0.244464 	 0.483481
  202 	 0.004960 	 0.235747 	 0.483466
  203 	 0.009822 	 0.241931 	 0.483466
  204 	 0.006885 	 0.237566 	 0.485718
  205 	 0.006483 	 0.231851 	 0.475750
  206 	 0.006230 	 0.232745 	 0.475750
  207 	 0.006105 	 0.242299 	 0.480406
  208 	 0.006880 	 0.216108 	 0.474491
  209 	 0.004392 	 0.223264 	 0.478452
  210 	 0.006927 	 0.222533 	 0.486231
  211 	 0.005559 	 0.209226 	 0.477602
  212 	 0.008209 	 0.220850 	 0.482821
  213 	 0.006953 	 0.215013 	 0.462093
  214 	 0.006877 	 0.211127 	 0.470058
  215 	 0.006877 	 0.218609 	 0.467757
  216 	 0.005412 	 0.225811 	 0.467757
  217 	 0.006861 	 0.233860 	 0.467757
  218 	 0.006977 	 0.237443 	 0.453912
  219 	 0.006815 	 0.245064 	 0.461817
  220 	 0.006108 	 0.245992 	 0.474303
  221 	 0.006926 	 0.237391 	 0.478338
  222 	 0.006877 	 0.219295 	 0.483921
  223 	 0.006737 	 0.256083 	 0.483921
  224 	 0.006892 	 0.236611 	 0.496993
  225 	 0.006156 	 0.246508 	 0.496911
  226 	 0.008385 	 0.251727 	 0.496911
  227 	 0.006949 	 0.242575 	 0.481466
  228 	 0.006082 	 0.243554 	 0.484700
  229 	 0.015810 	 0.243467 	 0.482857
  230 	 0.006676 	 0.236559 	 0.486010
  231 	 0.009278 	 0.248236 	 0.495803
  232 	 0.005078 	 0.262586 	 0.495803
  233 	 0.005078 	 0.242731 	 0.491176
  234 	 0.007102 	 0.242215 	 0.487362
  235 	 0.006703 	 0.234771 	 0.489816
  236 	 0.009463 	 0.238935 	 0.495371
  237 	 0.006981 	 0.234011 	 0.497522
  238 	 0.008027 	 0.227663 	 0.488880
  239 	 0.006964 	 0.232928 	 0.489236
  240 	 0.006953 	 0.233982 	 0.489400
  241 	 0.006763 	 0.223044 	 0.485403
  242 	 0.006722 	 0.233093 	 0.485403
  243 	 0.006456 	 0.225633 	 0.486872
  244 	 0.006415 	 0.214803 	 0.487511
  245 	 0.006176 	 0.212224 	 0.487511
  246 	 0.006176 	 0.220337 	 0.487571
  247 	 0.006795 	 0.218179 	 0.487571
  248 	 0.005945 	 0.228281 	 0.487571
  249 	 0.006856 	 0.229783 	 0.487387
  250 	 0.006839 	 0.215608 	 0.485252
  251 	 0.005547 	 0.211619 	 0.485417
  252 	 0.006967 	 0.216192 	 0.485417
  253 	 0.005431 	 0.213852 	 0.485873
  254 	 0.005153 	 0.222725 	 0.485417
  255 	 0.005170 	 0.228731 	 0.497240
  256 	 0.006066 	 0.237336 	 0.492873
  257 	 0.006951 	 0.237408 	 0.492572
  258 	 0.007821 	 0.242124 	 0.468538
  259 	 0.006942 	 0.250799 	 0.475421
  260 	 0.006960 	 0.239233 	 0.475421
  261 	 0.007137 	 0.229785 	 0.472120
  262 	 0.006155 	 0.219170 	 0.483677
  263 	 0.006842 	 0.226119 	 0.467518
  264 	 0.006512 	 0.232010 	 0.475410
  265 	 0.006482 	 0.227448 	 0.475410
  266 	 0.009116 	 0.229798 	 0.475410
  267 	 0.007019 	 0.233414 	 0.475153
  268 	 0.006231 	 0.221909 	 0.472967
  269 	 0.006782 	 0.249677 	 0.472967
  270 	 0.006135 	 0.230611 	 0.472950
  271 	 0.006877 	 0.227920 	 0.474422
  272 	 0.006925 	 0.236799 	 0.480043
  273 	 0.006942 	 0.246116 	 0.485421
  274 	 0.006888 	 0.233646 	 0.478455
  275 	 0.006943 	 0.233000 	 0.484015
  276 	 0.007038 	 0.242370 	 0.482360
  277 	 0.006912 	 0.237806 	 0.482360
  278 	 0.006934 	 0.245539 	 0.482360
  279 	 0.006909 	 0.239202 	 0.482360
  280 	 0.008881 	 0.248567 	 0.484873
  281 	 0.006912 	 0.260183 	 0.481632
  282 	 0.005393 	 0.246514 	 0.491401
  283 	 0.006914 	 0.263261 	 0.491401
  284 	 0.006966 	 0.263637 	 0.491401
  285 	 0.006939 	 0.265975 	 0.491401
  286 	 0.006893 	 0.251092 	 0.494872
  287 	 0.006774 	 0.246660 	 0.494872
  288 	 0.006913 	 0.226238 	 0.469311
  289 	 0.006576 	 0.255441 	 0.477094
  290 	 0.006891 	 0.257895 	 0.473035
  291 	 0.006086 	 0.230130 	 0.473035
  292 	 0.006381 	 0.220310 	 0.469859
  293 	 0.006954 	 0.240863 	 0.468406
  294 	 0.006898 	 0.244292 	 0.471936
  295 	 0.005432 	 0.249117 	 0.480361
  296 	 0.006737 	 0.245903 	 0.480635
  297 	 0.006921 	 0.226561 	 0.479760
  298 	 0.006987 	 0.209374 	 0.478457
  299 	 0.006058 	 0.215801 	 0.480876
  300 	 0.006917 	 0.220245 	 0.480876
  301 	 0.006151 	 0.236158 	 0.485201
  302 	 0.006876 	 0.234428 	 0.485201
  303 	 0.005510 	 0.228115 	 0.479196
  304 	 0.006935 	 0.227487 	 0.498278
  305 	 0.006930 	 0.235352 	 0.498278
  306 	 0.006926 	 0.246315 	 0.498278
  307 	 0.006956 	 0.245294 	 0.492150
  308 	 0.006770 	 0.243988 	 0.492150
  309 	 0.007092 	 0.234273 	 0.489490
  310 	 0.006542 	 0.236783 	 0.487128
  311 	 0.005544 	 0.242773 	 0.487671
  312 	 0.006729 	 0.241881 	 0.492978
  313 	 0.006842 	 0.239809 	 0.491500
  314 	 0.006653 	 0.227883 	 0.491500
  315 	 0.006653 	 0.224784 	 0.486037
  316 	 0.006852 	 0.229647 	 0.493589
  317 	 0.006112 	 0.232568 	 0.478425
  318 	 0.007066 	 0.241013 	 0.495903
  319 	 0.006796 	 0.246932 	 0.495903
  320 	 0.005408 	 0.247021 	 0.495903
  321 	 0.005465 	 0.249525 	 0.495903
  322 	 0.006701 	 0.233693 	 0.498765
  323 	 0.006546 	 0.234930 	 0.500407
  324 	 0.006683 	 0.239169 	 0.498719
  325 	 0.006838 	 0.243184 	 0.495567
  326 	 0.006894 	 0.253514 	 0.500814
  327 	 0.009004 	 0.261831 	 0.500000
  328 	 0.006580 	 0.246857 	 0.491566
  329 	 0.007909 	 0.241912 	 0.491566
  330 	 0.006345 	 0.251647 	 0.491566
  331 	 0.007335 	 0.257359 	 0.491566
  332 	 0.006152 	 0.264425 	 0.494903
  333 	 0.006935 	 0.238945 	 0.491846
  334 	 0.006867 	 0.241162 	 0.493510
  335 	 0.006697 	 0.230867 	 0.491980
  336 	 0.006869 	 0.253641 	 0.493959
  337 	 0.009343 	 0.244674 	 0.487594
  338 	 0.006869 	 0.242362 	 0.486028
  339 	 0.005519 	 0.248268 	 0.481122
  340 	 0.005542 	 0.241006 	 0.490775
  341 	 0.006955 	 0.236577 	 0.489246
  342 	 0.006931 	 0.252745 	 0.484570
  343 	 0.009441 	 0.268515 	 0.488833
  344 	 0.006787 	 0.267045 	 0.489127
  345 	 0.006910 	 0.259095 	 0.484176
  346 	 0.006907 	 0.244575 	 0.484176
  347 	 0.007202 	 0.226468 	 0.484127
  348 	 0.006911 	 0.229114 	 0.494885
  349 	 0.006840 	 0.240054 	 0.485297
  350 	 0.005507 	 0.251601 	 0.492584
  351 	 0.006906 	 0.249674 	 0.488631
  352 	 0.006924 	 0.259402 	 0.489159
  353 	 0.007440 	 0.261341 	 0.490173
  354 	 0.006905 	 0.271350 	 0.490173
  355 	 0.006925 	 0.258477 	 0.489852
  356 	 0.006587 	 0.248714 	 0.493766
  357 	 0.006913 	 0.237731 	 0.494301
  358 	 0.007106 	 0.227544 	 0.493075
  359 	 0.006928 	 0.245012 	 0.493299
  360 	 0.006696 	 0.261970 	 0.491338
  361 	 0.006877 	 0.246172 	 0.491338
  362 	 0.005505 	 0.246099 	 0.481938
  363 	 0.009268 	 0.244794 	 0.485488
  364 	 0.006899 	 0.244766 	 0.491379
  365 	 0.006926 	 0.269900 	 0.485913
  366 	 0.006099 	 0.269707 	 0.494936
  367 	 0.006112 	 0.270000 	 0.492260
  368 	 0.006167 	 0.259054 	 0.490836
  369 	 0.006125 	 0.256624 	 0.490836
  370 	 0.006890 	 0.268116 	 0.490773
  371 	 0.007009 	 0.266529 	 0.485825
  372 	 0.005595 	 0.260389 	 0.491585
  373 	 0.006985 	 0.240077 	 0.491585
  374 	 0.009482 	 0.255588 	 0.492214
  375 	 0.008624 	 0.266466 	 0.497488
  376 	 0.006922 	 0.278674 	 0.496970
  377 	 0.009278 	 0.261336 	 0.498272
  378 	 0.006932 	 0.251711 	 0.493065
  379 	 0.008799 	 0.249769 	 0.500173
  380 	 0.009455 	 0.262804 	 0.501155
  381 	 0.006914 	 0.275376 	 0.496392
  382 	 0.006249 	 0.257685 	 0.496392
  383 	 0.007052 	 0.265333 	 0.496857
  384 	 0.009017 	 0.283542 	 0.494263
  385 	 0.007014 	 0.283455 	 0.496278
  386 	 0.006502 	 0.255822 	 0.496335
  387 	 0.006946 	 0.255764 	 0.496335
  388 	 0.006041 	 0.253943 	 0.500285
  389 	 0.006150 	 0.269759 	 0.500333
  390 	 0.006908 	 0.268595 	 0.494792
  391 	 0.007111 	 0.272307 	 0.497662
  392 	 0.005518 	 0.244916 	 0.485577
  393 	 0.005605 	 0.247982 	 0.492994
  394 	 0.006707 	 0.259234 	 0.492042
  395 	 0.006928 	 0.246358 	 0.495510
  396 	 0.006923 	 0.244005 	 0.499728
  397 	 0.006923 	 0.242908 	 0.499728
  398 	 0.007025 	 0.237410 	 0.499728
  399 	 0.006343 	 0.222501 	 0.499728
  400 	 0.006931 	 0.234046 	 0.498265
  401 	 0.006922 	 0.243458 	 0.499450
  402 	 0.006531 	 0.251462 	 0.501242
  403 	 0.005248 	 0.226346 	 0.501242
  404 	 0.006428 	 0.230245 	 0.497136
  405 	 0.008972 	 0.251906 	 0.500810
  406 	 0.009246 	 0.264920 	 0.498406
  407 	 0.006935 	 0.243189 	 0.503958
  408 	 0.006913 	 0.237346 	 0.493734
  409 	 0.006422 	 0.228203 	 0.495714
  410 	 0.004643 	 0.241607 	 0.492146
  411 	 0.005298 	 0.240147 	 0.483594
  412 	 0.006461 	 0.251519 	 0.481584
  413 	 0.006893 	 0.254210 	 0.488281
  414 	 0.006792 	 0.245658 	 0.491363
  415 	 0.006823 	 0.250417 	 0.492570
  416 	 0.007048 	 0.250918 	 0.484029
  417 	 0.007008 	 0.253219 	 0.484029
  418 	 0.005898 	 0.238931 	 0.487604
  419 	 0.006706 	 0.230254 	 0.475414
  420 	 0.006910 	 0.243449 	 0.479443
  421 	 0.009261 	 0.248209 	 0.479846
  422 	 0.006681 	 0.258774 	 0.486190
  423 	 0.006425 	 0.275048 	 0.481714
  424 	 0.009287 	 0.280727 	 0.478836
  425 	 0.006921 	 0.276096 	 0.483514
  426 	 0.006502 	 0.263364 	 0.493622
  427 	 0.006926 	 0.284093 	 0.480569
  428 	 0.006887 	 0.256044 	 0.484367
  429 	 0.006446 	 0.252178 	 0.473995
  430 	 0.006919 	 0.261270 	 0.479605
  431 	 0.006895 	 0.262314 	 0.493413
  432 	 0.004520 	 0.239820 	 0.493413
  433 	 0.008436 	 0.232979 	 0.486420
  434 	 0.006879 	 0.252566 	 0.490153
  435 	 0.005461 	 0.261485 	 0.483101
  436 	 0.006999 	 0.266300 	 0.478275
  437 	 0.006962 	 0.233567 	 0.492320
  438 	 0.005578 	 0.233171 	 0.492320
  439 	 0.009080 	 0.224453 	 0.486399
  440 	 0.005430 	 0.236246 	 0.474913
  441 	 0.006923 	 0.245427 	 0.475939
  442 	 0.007003 	 0.256954 	 0.484818
  443 	 0.006945 	 0.258433 	 0.484951
  444 	 0.008509 	 0.256990 	 0.484951
  445 	 0.008893 	 0.251015 	 0.486578
  446 	 0.006889 	 0.246211 	 0.484951
  447 	 0.005018 	 0.256305 	 0.490145
  448 	 0.006056 	 0.266271 	 0.492546
  449 	 0.007021 	 0.269597 	 0.496685
  450 	 0.006920 	 0.272907 	 0.482620
  451 	 0.006902 	 0.245755 	 0.487382
  452 	 0.005877 	 0.232686 	 0.482620
  453 	 0.006915 	 0.242245 	 0.482620
  454 	 0.009537 	 0.257486 	 0.482620
  455 	 0.008944 	 0.258060 	 0.483530
  456 	 0.009553 	 0.254038 	 0.485950
  457 	 0.009466 	 0.250870 	 0.480240
  458 	 0.008707 	 0.251114 	 0.481976
  459 	 0.006212 	 0.243833 	 0.491208
  460 	 0.005519 	 0.233808 	 0.484312
  461 	 0.006973 	 0.230169 	 0.489063
  462 	 0.007181 	 0.227078 	 0.469731
  463 	 0.007032 	 0.241802 	 0.482028
  464 	 0.006867 	 0.249568 	 0.482028
  465 	 0.006960 	 0.245326 	 0.482032
  466 	 0.006964 	 0.236416 	 0.485591
  467 	 0.005593 	 0.233485 	 0.482009
  468 	 0.006059 	 0.238852 	 0.482305
  469 	 0.009365 	 0.239371 	 0.484023
  470 	 0.006608 	 0.259511 	 0.488065
  471 	 0.006858 	 0.271149 	 0.475900
  472 	 0.006833 	 0.258045 	 0.481982
  473 	 0.006879 	 0.244075 	 0.487870
  474 	 0.007038 	 0.237439 	 0.494212
  475 	 0.007053 	 0.238956 	 0.467838
  476 	 0.006779 	 0.235058 	 0.463234
  477 	 0.009192 	 0.238045 	 0.479693
  478 	 0.007011 	 0.235830 	 0.468487
  479 	 0.006929 	 0.227876 	 0.473094
  480 	 0.006931 	 0.229944 	 0.472259
  481 	 0.006668 	 0.240979 	 0.465655
  482 	 0.006969 	 0.235054 	 0.474879
  483 	 0.006905 	 0.231829 	 0.478538
  484 	 0.006150 	 0.225993 	 0.479296
  485 	 0.006993 	 0.222522 	 0.473065
  486 	 0.006910 	 0.216372 	 0.472523
  487 	 0.009297 	 0.250976 	 0.478228
  488 	 0.006915 	 0.259030 	 0.485703
  489 	 0.006964 	 0.263221 	 0.485703
  490 	 0.006944 	 0.265118 	 0.477358
  491 	 0.006943 	 0.267403 	 0.477489
  492 	 0.006885 	 0.259731 	 0.477489
  493 	 0.006885 	 0.275502 	 0.491260
  494 	 0.006857 	 0.249265 	 0.491260
  495 	 0.006931 	 0.256418 	 0.481103
  496 	 0.006977 	 0.270601 	 0.480782
  497 	 0.005403 	 0.250615 	 0.482229
  498 	 0.008791 	 0.264503 	 0.483860
  499 	 0.006720 	 0.248117 	 0.489161
 