   0 	 0.015215 	 0.055790 	 0.271695
    1 	 0.017770 	 0.088687 	 0.286385
    2 	 0.028361 	 0.129336 	 0.307371
    3 	 0.028361 	 0.188133 	 0.410914
    4 	 0.034435 	 0.234309 	 0.410914
    5 	 0.093302 	 0.266238 	 0.410914
    6 	 0.127884 	 0.275129 	 0.410914
    7 	 0.233699 	 0.290783 	 0.410914
    8 	 0.233699 	 0.295188 	 0.410914
    9 	 0.233699 	 0.298412 	 0.410914
   10 	 0.047556 	 0.287355 	 0.432133
   11 	 0.059465 	 0.308183 	 0.432133
   12 	 0.040242 	 0.303030 	 0.454030
   13 	 0.040773 	 0.308883 	 0.505740
   14 	 0.052481 	 0.324032 	 0.454030
   15 	 0.118453 	 0.328016 	 0.454030
   16 	 0.056168 	 0.334750 	 0.454030
   17 	 0.035547 	 0.344322 	 0.503931
   18 	 0.040537 	 0.366242 	 0.503931
   19 	 0.039935 	 0.383930 	 0.503931
   20 	 0.142765 	 0.402070 	 0.503931
   21 	 0.143000 	 0.399106 	 0.503931
   22 	 0.039748 	 0.398160 	 0.503931
   23 	 0.042924 	 0.402588 	 0.503931
   24 	 0.040599 	 0.415841 	 0.503931
   25 	 0.045513 	 0.427896 	 0.522466
   26 	 0.270959 	 0.441852 	 0.504592
   27 	 0.152474 	 0.446804 	 0.526094
   28 	 0.278575 	 0.460445 	 0.526094
   29 	 0.374476 	 0.466389 	 0.557414
   30 	 0.374476 	 0.464921 	 0.526094
   31 	 0.416528 	 0.467126 	 0.507074
   32 	 0.135840 	 0.455046 	 0.502790
   33 	 0.135840 	 0.459711 	 0.534645
   34 	 0.135840 	 0.463166 	 0.556050
   35 	 0.416528 	 0.472648 	 0.556050
   36 	 0.432040 	 0.475038 	 0.556050
   37 	 0.410914 	 0.476389 	 0.556050
   38 	 0.410914 	 0.476950 	 0.556050
   39 	 0.330863 	 0.477376 	 0.556050
   40 	 0.330863 	 0.482104 	 0.565611
   41 	 0.330863 	 0.481791 	 0.565611
   42 	 0.330863 	 0.476449 	 0.565611
   43 	 0.330863 	 0.475971 	 0.534645
   44 	 0.330863 	 0.477215 	 0.534645
   45 	 0.436281 	 0.485640 	 0.534645
   46 	 0.436281 	 0.485750 	 0.523451
   47 	 0.436281 	 0.489539 	 0.534645
   48 	 0.436281 	 0.487532 	 0.523451
   49 	 0.436281 	 0.491547 	 0.523451
   50 	 0.436281 	 0.492305 	 0.523451
   51 	 0.096198 	 0.488344 	 0.534645
   52 	 0.446568 	 0.493356 	 0.534645
   53 	 0.040772 	 0.490408 	 0.534645
   54 	 0.446568 	 0.494559 	 0.534645
   55 	 0.446568 	 0.495833 	 0.534645
   56 	 0.446568 	 0.497658 	 0.534645
   57 	 0.465875 	 0.496852 	 0.534645
   58 	 0.353107 	 0.497851 	 0.534645
   59 	 0.353107 	 0.498997 	 0.534645
   60 	 0.472567 	 0.499688 	 0.534645
   61 	 0.472567 	 0.497126 	 0.534645
   62 	 0.472567 	 0.498216 	 0.534645
   63 	 0.472567 	 0.498964 	 0.534645
   64 	 0.330863 	 0.498169 	 0.534645
   65 	 0.472567 	 0.499591 	 0.534645
   66 	 0.472567 	 0.501399 	 0.534645
   67 	 0.472567 	 0.518644 	 2.500000
   68 	 0.066201 	 0.578542 	 2.777778
   69 	 0.472567 	 0.874487 	 2.777778
   70 	 0.472567 	 1.605639 	 3.676471
   71 	 0.490581 	 2.345434 	 3.676471
   72 	 0.490581 	 2.573119 	 3.676471
   73 	 2.500000 	 2.642320 	 3.676471
   74 	 2.500000 	 2.647876 	 3.676471
   75 	 2.500000 	 2.686765 	 3.676471
   76 	 2.500000 	 2.695098 	 3.676471
   77 	 2.500000 	 2.695003 	 2.833664
   78 	 2.500000 	 2.687229 	 2.833664
   79 	 2.500000 	 2.678896 	 2.833664
   80 	 2.500000 	 2.687122 	 2.833664
   81 	 2.500000 	 2.690244 	 2.777778
   82 	 2.500000 	 2.700147 	 2.833664
   83 	 2.162630 	 2.664648 	 2.777778
   84 	 0.046971 	 2.671803 	 4.310345
   85 	 2.500000 	 2.677340 	 4.310345
   86 	 2.500000 	 2.687562 	 4.310345
   87 	 2.500000 	 2.739095 	 4.310345
   88 	 2.500000 	 2.799412 	 4.310345
   89 	 2.500000 	 2.937781 	 4.310345
   90 	 2.500000 	 3.040385 	 4.310345
   91 	 2.500000 	 3.206046 	 4.310345
   92 	 2.500000 	 3.485114 	 4.310345
   93 	 2.500000 	 3.517501 	 4.310345
   94 	 2.500000 	 3.573263 	 4.310345
   95 	 2.500000 	 3.755360 	 4.310345
   96 	 2.500000 	 3.929384 	 4.323390
   97 	 2.500000 	 4.093562 	 4.323390
   98 	 1.558603 	 4.108126 	 4.323390
   99 	 1.558603 	 4.202989 	 4.323390
 