   0 	 0.013369 	 0.067890 	 0.973331
    1 	 0.015503 	 0.223715 	 1.769598
    2 	 0.026485 	 0.638473 	 1.870557
    3 	 0.026485 	 1.063730 	 2.051703
    4 	 0.268284 	 1.272777 	 2.051703
    5 	 0.339455 	 1.354477 	 2.051703
    6 	 0.041767 	 1.513073 	 2.051703
    7 	 0.503170 	 1.666292 	 2.051703
    8 	 0.742997 	 1.715906 	 2.051703
    9 	 0.417275 	 1.751676 	 2.961208
   10 	 0.464727 	 1.829799 	 2.961208
   11 	 0.230808 	 1.815202 	 2.961208
   12 	 1.469292 	 1.904494 	 2.961208
   13 	 0.939585 	 1.941543 	 2.961208
   14 	 0.939585 	 2.100458 	 3.846154
   15 	 0.230808 	 2.180481 	 3.846154
   16 	 0.230808 	 2.328531 	 3.846154
   17 	 0.046656 	 2.519939 	 3.846154
   18 	 0.046656 	 2.392252 	 3.846154
   19 	 0.048534 	 2.721003 	 3.846154
   20 	 1.433897 	 2.919990 	 3.846154
   21 	 1.433897 	 3.023455 	 3.846154
   22 	 0.046656 	 3.194246 	 3.846154
   23 	 0.046825 	 3.367693 	 3.998401
   24 	 0.236726 	 3.419197 	 3.998401
   25 	 2.949853 	 3.562039 	 3.998401
   26 	 0.106683 	 3.547851 	 3.998401
   27 	 2.949853 	 3.596805 	 3.998401
   28 	 2.961208 	 3.542615 	 3.998401
   29 	 2.961208 	 3.534436 	 3.998401
   30 	 2.961208 	 3.589720 	 3.998401
   31 	 2.961208 	 3.603152 	 3.998401
   32 	 2.961208 	 3.658419 	 3.998401
   33 	 2.961208 	 3.711864 	 3.998401
   34 	 2.961208 	 3.750530 	 3.998401
   35 	 2.961208 	 3.773286 	 3.998401
   36 	 3.213368 	 3.820579 	 3.998401
   37 	 3.213368 	 3.873903 	 7.855460
   38 	 0.046829 	 3.857691 	 7.855460
   39 	 3.565062 	 3.958854 	 7.855460
   40 	 3.581662 	 4.003914 	 7.961783
   41 	 3.581662 	 4.131105 	 7.961783
   42 	 3.581662 	 4.325925 	 7.961783
   43 	 0.046806 	 4.660829 	 7.961783
   44 	 3.539823 	 5.064755 	 8.410429
   45 	 3.539823 	 5.518724 	 8.410429
   46 	 3.539823 	 6.407256 	 8.410429
   47 	 3.713331 	 7.277790 	 8.410429
   48 	 3.713331 	 7.557684 	 8.410429
   49 	 3.713331 	 7.758546 	 8.410429
   50 	 3.713331 	 7.803175 	 8.410429
   51 	 7.347539 	 7.867725 	 8.410429
   52 	 7.347539 	 7.885112 	 8.410429
   53 	 1.435132 	 7.829273 	 8.410429
   54 	 7.347539 	 7.892258 	 8.410429
   55 	 7.347539 	 7.899789 	 8.410429
   56 	 0.143273 	 7.802658 	 8.410429
   57 	 5.316321 	 7.871502 	 8.410429
   58 	 7.485030 	 7.923371 	 8.410429
   59 	 7.485030 	 7.905178 	 8.291874
   60 	 7.485030 	 7.907221 	 8.291874
   61 	 7.485030 	 7.908285 	 8.291874
   62 	 7.485030 	 7.912281 	 8.291874
   63 	 7.485030 	 7.908028 	 8.291874
   64 	 7.485030 	 7.908432 	 8.291874
   65 	 7.485030 	 7.889484 	 8.410429
   66 	 7.485030 	 7.909617 	 8.410429
   67 	 7.485030 	 7.926046 	 8.410429
   68 	 7.485030 	 7.937660 	 8.410429
   69 	 7.485030 	 7.925779 	 8.291874
   70 	 7.485030 	 7.933736 	 8.291874
   71 	 7.485030 	 7.937989 	 8.291874
   72 	 7.485030 	 7.937899 	 8.389262
   73 	 1.633987 	 7.868220 	 7.961783
   74 	 7.485030 	 7.921414 	 7.961783
   75 	 7.485030 	 7.916613 	 7.961783
   76 	 7.485030 	 7.927245 	 7.961783
   77 	 7.485030 	 7.925119 	 7.961783
   78 	 5.868545 	 7.894103 	 7.961783
   79 	 7.347539 	 7.917913 	 7.961783
   80 	 7.347539 	 7.914960 	 7.961783
   81 	 7.347539 	 7.914886 	 7.961783
   82 	 7.347539 	 7.899411 	 7.961783
   83 	 7.347539 	 7.927171 	 7.961783
   84 	 7.347539 	 7.913822 	 7.961783
   85 	 7.347539 	 7.913822 	 7.961783
   86 	 7.347539 	 7.919139 	 7.961783
   87 	 7.347539 	 7.922328 	 7.961783
   88 	 7.347539 	 7.916186 	 7.961783
   89 	 7.347539 	 7.929297 	 7.961783
   90 	 7.347539 	 7.943945 	 7.961783
   91 	 7.347539 	 7.946072 	 7.961783
   92 	 7.855460 	 7.955404 	 7.961783
   93 	 7.855460 	 7.953278 	 7.961783
   94 	 7.855460 	 7.955404 	 7.961783
   95 	 7.855460 	 7.957530 	 7.961783
   96 	 7.855460 	 7.955404 	 7.961783
   97 	 7.855460 	 7.955404 	 7.961783
   98 	 7.855460 	 7.954341 	 7.961783
   99 	 7.855460 	 7.955404 	 7.961783
 