   0 	 0.017635 	 0.057264 	 0.427186
    1 	 0.020499 	 0.121793 	 0.427186
    2 	 0.023931 	 0.246711 	 0.427186
    3 	 0.031364 	 0.330635 	 0.941176
    4 	 0.081384 	 0.382488 	 0.941176
    5 	 0.044682 	 0.427869 	 0.941176
    6 	 0.041358 	 0.463007 	 1.423488
    7 	 0.212703 	 0.623859 	 4.081633
    8 	 0.216704 	 0.907521 	 4.122012
    9 	 0.273755 	 1.456842 	 4.137360
   10 	 0.427186 	 2.280196 	 4.249894
   11 	 0.049884 	 3.037973 	 4.249894
   12 	 0.836540 	 3.620132 	 4.249894
   13 	 1.239618 	 3.860361 	 4.249894
   14 	 0.318939 	 3.872032 	 4.137360
   15 	 0.139443 	 3.997975 	 4.137360
   16 	 3.855050 	 4.073585 	 4.137360
   17 	 3.855050 	 4.073558 	 4.137360
   18 	 3.855050 	 4.078403 	 4.137360
   19 	 3.855050 	 4.069753 	 4.137360
   20 	 3.855050 	 4.072693 	 4.137360
   21 	 0.484825 	 4.053542 	 4.137360
   22 	 2.549720 	 4.076997 	 4.137360
   23 	 0.037798 	 4.018604 	 4.137360
   24 	 2.549720 	 4.050141 	 4.137360
   25 	 2.549720 	 4.036849 	 4.137360
   26 	 2.549720 	 4.049299 	 4.137360
   27 	 0.318695 	 4.001857 	 4.137360
   28 	 2.549720 	 4.072905 	 4.137360
   29 	 3.855050 	 4.096354 	 4.137360
   30 	 3.855050 	 4.090442 	 4.137360
   31 	 3.855050 	 4.090310 	 4.137360
   32 	 3.904725 	 4.085612 	 4.137360
   33 	 3.904725 	 4.096268 	 4.137360
   34 	 3.904725 	 4.094968 	 4.137360
   35 	 3.904725 	 4.101103 	 4.137360
   36 	 0.107441 	 4.023521 	 4.137360
   37 	 3.904725 	 4.097662 	 4.137360
   38 	 3.904725 	 4.095183 	 4.137360
   39 	 3.904725 	 4.091087 	 4.137360
   40 	 3.904725 	 4.094415 	 4.137360
   41 	 3.855050 	 4.085550 	 4.137360
   42 	 3.904725 	 4.083106 	 4.137360
   43 	 3.855050 	 4.078046 	 4.137360
   44 	 3.855050 	 4.086434 	 4.137360
   45 	 3.855050 	 4.068099 	 4.137360
   46 	 3.855050 	 4.068333 	 4.137360
   47 	 0.141800 	 4.036416 	 4.137360
   48 	 3.855050 	 4.077029 	 4.137360
   49 	 3.891051 	 4.074701 	 4.137360
   50 	 3.891051 	 4.069158 	 4.137360
   51 	 3.855050 	 4.062483 	 4.137360
   52 	 3.855050 	 4.068926 	 4.137360
   53 	 3.054368 	 4.067653 	 4.137360
   54 	 3.054368 	 4.048191 	 4.137360
   55 	 2.925688 	 4.062671 	 4.137360
   56 	 2.925688 	 4.054181 	 4.137360
   57 	 3.054368 	 4.072249 	 4.137360
   58 	 3.054368 	 4.068927 	 4.137360
   59 	 3.855050 	 4.141149 	 8.976661
   60 	 3.855050 	 4.293233 	 8.976661
   61 	 3.855050 	 4.641147 	 8.976661
   62 	 3.855050 	 5.370409 	 8.976661
   63 	 3.855050 	 6.191584 	 8.976661
   64 	 3.855050 	 6.723424 	 8.976661
   65 	 3.855050 	 7.940733 	 8.976661
   66 	 3.855050 	 8.320851 	 8.976661
   67 	 4.081633 	 8.709595 	 8.976661
   68 	 4.122012 	 8.901610 	 8.976661
   69 	 8.787346 	 8.952050 	 8.976661
   70 	 8.787346 	 8.959622 	 8.976661
   71 	 8.787346 	 8.959622 	 8.976661
   72 	 8.787346 	 8.972958 	 9.174312
   73 	 8.787346 	 8.973041 	 9.174312
   74 	 4.068348 	 8.920005 	 8.976661
   75 	 8.787346 	 8.965302 	 8.976661
   76 	 8.787346 	 8.967195 	 8.976661
   77 	 4.122012 	 8.926104 	 9.532888
   78 	 8.787346 	 8.970864 	 9.532888
   79 	 8.787346 	 8.974650 	 9.532888
   80 	 8.787346 	 8.969088 	 8.976661
   81 	 8.787346 	 8.965302 	 8.976661
   82 	 8.787346 	 8.959622 	 8.976661
   83 	 8.787346 	 8.963409 	 8.976661
   84 	 8.787346 	 8.969088 	 8.976661
   85 	 0.043579 	 8.881650 	 8.976661
   86 	 8.787346 	 8.965302 	 8.976661
   87 	 8.787346 	 8.963409 	 8.976661
   88 	 8.787346 	 8.963409 	 8.976661
   89 	 8.787346 	 8.953943 	 8.976661
   90 	 8.787346 	 8.954565 	 8.976661
   91 	 8.787346 	 8.948886 	 8.976661
   92 	 8.787346 	 8.955187 	 8.976661
   93 	 8.787346 	 8.943801 	 8.976661
   94 	 8.787346 	 8.941169 	 9.532888
   95 	 8.787346 	 8.943062 	 9.532888
   96 	 8.787346 	 8.942296 	 9.532888
   97 	 0.037986 	 8.850484 	 9.532888
   98 	 8.787346 	 8.951113 	 9.532888
   99 	 1.709402 	 8.893377 	 9.532888
 