   0 	 0.017763 	 0.068194 	 1.864976
    1 	 0.020873 	 0.463303 	 1.866716
    2 	 0.036390 	 1.539725 	 1.866716
    3 	 0.242801 	 1.846039 	 1.866716
    4 	 1.818512 	 1.862590 	 1.866716
    5 	 1.818512 	 1.863218 	 1.866716
    6 	 1.818512 	 1.863700 	 1.866716
    7 	 1.818512 	 1.862819 	 1.864976
    8 	 1.818512 	 1.864130 	 1.864976
    9 	 1.826818 	 1.864213 	 1.864976
   10 	 1.826818 	 1.864594 	 1.864976
   11 	 1.864976 	 1.864976 	 1.864976
   12 	 1.864976 	 1.864976 	 1.864976
   13 	 0.255402 	 1.848880 	 1.864976
   14 	 0.094595 	 1.847272 	 1.864976
   15 	 1.826818 	 1.864594 	 1.864976
   16 	 1.826818 	 1.863831 	 1.864976
   17 	 1.826818 	 1.863449 	 1.864976
   18 	 1.826818 	 1.862686 	 1.864976
   19 	 1.826818 	 1.863449 	 1.864976
   20 	 1.826818 	 1.864213 	 1.864976
   21 	 1.826818 	 1.863068 	 1.864976
   22 	 0.050537 	 1.839361 	 1.864976
   23 	 1.232438 	 1.857887 	 1.864976
   24 	 1.864976 	 1.865162 	 1.883594
   25 	 1.864976 	 1.865534 	 1.883594
   26 	 1.864976 	 1.865162 	 1.883594
   27 	 1.864976 	 1.864976 	 1.864976
   28 	 1.864976 	 1.864976 	 1.864976
   29 	 1.864976 	 1.864976 	 1.864976
   30 	 1.864976 	 1.864976 	 1.864976
   31 	 1.864976 	 1.864976 	 1.864976
   32 	 1.864976 	 1.864976 	 1.864976
   33 	 1.864976 	 1.864976 	 1.864976
   34 	 1.864976 	 1.865162 	 1.883594
   35 	 1.864976 	 1.864976 	 1.864976
   36 	 1.864976 	 1.864993 	 1.866716
   37 	 1.864976 	 1.864976 	 1.864976
   38 	 1.864976 	 1.865004 	 1.867762
   39 	 1.864976 	 1.865004 	 1.867762
   40 	 1.864976 	 1.864976 	 1.864976
   41 	 1.864976 	 1.864976 	 1.864976
   42 	 1.864976 	 1.864976 	 1.864976
   43 	 1.864976 	 1.864976 	 1.864976
   44 	 0.138057 	 1.833498 	 1.864976
   45 	 0.041691 	 1.832535 	 1.864976
   46 	 1.864976 	 1.864976 	 1.864976
   47 	 1.864976 	 1.864976 	 1.864976
   48 	 0.138057 	 1.847707 	 1.864976
   49 	 1.864976 	 1.864976 	 1.864976
   50 	 1.864976 	 1.864976 	 1.864976
   51 	 0.931272 	 1.855639 	 1.864976
   52 	 0.931272 	 1.855639 	 1.864976
   53 	 0.931272 	 1.846302 	 1.864976
   54 	 1.864976 	 1.865345 	 1.901864
   55 	 1.864976 	 1.865345 	 1.901864
   56 	 1.864976 	 1.864976 	 1.864976
   57 	 1.864976 	 1.864976 	 1.864976
   58 	 1.864976 	 1.864976 	 1.864976
   59 	 0.094595 	 1.847272 	 1.864976
   60 	 1.864976 	 1.864976 	 1.864976
   61 	 1.864976 	 1.864976 	 1.864976
   62 	 1.787630 	 1.864202 	 1.864976
   63 	 1.851166 	 1.864838 	 1.864976
   64 	 1.787630 	 1.864202 	 1.864976
   65 	 1.787630 	 1.864202 	 1.864976
   66 	 1.787630 	 1.864202 	 1.864976
   67 	 1.787630 	 1.864202 	 1.864976
   68 	 1.864976 	 1.864976 	 1.864976
   69 	 1.864976 	 1.864976 	 1.864976
   70 	 1.864976 	 1.864976 	 1.864976
   71 	 1.864976 	 1.864993 	 1.866716
   72 	 1.864976 	 1.864976 	 1.864976
   73 	 1.750088 	 1.863827 	 1.864976
   74 	 1.864976 	 1.864976 	 1.864976
   75 	 1.864976 	 1.864976 	 1.864976
   76 	 1.864976 	 1.864976 	 1.864976
   77 	 1.864976 	 1.864976 	 1.864976
   78 	 1.826818 	 1.864594 	 1.864976
   79 	 1.864976 	 1.864976 	 1.864976
   80 	 1.864976 	 1.864976 	 1.864976
   81 	 1.864976 	 1.864976 	 1.864976
   82 	 0.138057 	 1.847707 	 1.864976
   83 	 0.138057 	 1.848168 	 2.002403
   84 	 1.773679 	 1.865437 	 2.002403
   85 	 1.864976 	 1.871847 	 2.002403
   86 	 0.774353 	 1.858192 	 2.002403
   87 	 1.864976 	 1.869116 	 2.002403
   88 	 1.864976 	 1.866350 	 2.002403
   89 	 1.864976 	 1.864976 	 1.864976
   90 	 1.864976 	 1.864976 	 1.864976
   91 	 1.016054 	 1.856487 	 1.864976
   92 	 0.118033 	 1.839017 	 1.864976
   93 	 1.864976 	 1.864976 	 1.864976
   94 	 1.864976 	 1.864976 	 1.864976
   95 	 1.864976 	 1.866350 	 2.002403
   96 	 0.774353 	 1.855444 	 2.002403
   97 	 1.864976 	 1.866350 	 2.002403
   98 	 1.864976 	 1.867724 	 2.002403
   99 	 1.864976 	 1.871847 	 2.002403
 