   0 	 0.003340 	 0.010076 	 0.040499
    1 	 0.004343 	 0.012251 	 0.044163
    2 	 0.004100 	 0.014677 	 0.044163
    3 	 0.004939 	 0.016796 	 0.044163
    4 	 0.005593 	 0.019453 	 0.084176
    5 	 0.006006 	 0.022925 	 0.099851
    6 	 0.005446 	 0.024106 	 0.085769
    7 	 0.006601 	 0.025603 	 0.079261
    8 	 0.008081 	 0.027313 	 0.079992
    9 	 0.006972 	 0.029443 	 0.097192
   10 	 0.006104 	 0.033303 	 0.099845
   11 	 0.006413 	 0.039110 	 0.099893
   12 	 0.006369 	 0.043758 	 0.116298
   13 	 0.006075 	 0.053392 	 0.124096
   14 	 0.005535 	 0.056151 	 0.127497
   15 	 0.005123 	 0.060421 	 0.151781
   16 	 0.006443 	 0.058142 	 0.151781
   17 	 0.006355 	 0.063558 	 0.152410
   18 	 0.006295 	 0.072736 	 0.180149
   19 	 0.006354 	 0.075209 	 0.176609
   20 	 0.007978 	 0.082266 	 0.192147
   21 	 0.007978 	 0.084318 	 0.213296
   22 	 0.006716 	 0.083746 	 0.216047
   23 	 0.006377 	 0.089039 	 0.213280
   24 	 0.006424 	 0.090194 	 0.206483
   25 	 0.006835 	 0.086591 	 0.209488
   26 	 0.008747 	 0.094447 	 0.218514
   27 	 0.006651 	 0.099471 	 0.381555
   28 	 0.005286 	 0.101993 	 0.381555
   29 	 0.006495 	 0.100826 	 0.381555
   30 	 0.005592 	 0.092942 	 0.239557
   31 	 0.006826 	 0.101530 	 0.360266
   32 	 0.006826 	 0.097388 	 0.360266
   33 	 0.006575 	 0.109015 	 0.385070
   34 	 0.006762 	 0.106570 	 0.391289
   35 	 0.006912 	 0.116441 	 0.385229
   36 	 0.006373 	 0.122398 	 0.385514
   37 	 0.006933 	 0.126628 	 0.396339
   38 	 0.006816 	 0.130261 	 0.396339
   39 	 0.005484 	 0.133932 	 0.380962
   40 	 0.006090 	 0.146711 	 0.413599
   41 	 0.005125 	 0.139349 	 0.413599
   42 	 0.006930 	 0.144273 	 0.413599
   43 	 0.005960 	 0.136456 	 0.413599
   44 	 0.007012 	 0.142629 	 0.382366
   45 	 0.006942 	 0.150553 	 0.396718
   46 	 0.006085 	 0.144456 	 0.402919
   47 	 0.006558 	 0.147624 	 0.402414
   48 	 0.006814 	 0.161906 	 0.399869
   49 	 0.006361 	 0.169676 	 0.406086
   50 	 0.005972 	 0.174427 	 0.399869
   51 	 0.006781 	 0.171679 	 0.411378
   52 	 0.006897 	 0.172160 	 0.398544
   53 	 0.009515 	 0.189863 	 0.404845
   54 	 0.006943 	 0.196374 	 0.424612
   55 	 0.007065 	 0.189471 	 0.394629
   56 	 0.006890 	 0.181634 	 0.416244
   57 	 0.007373 	 0.185401 	 0.403502
   58 	 0.006339 	 0.196648 	 0.411603
   59 	 0.006628 	 0.200248 	 0.394431
   60 	 0.007147 	 0.200190 	 0.422137
   61 	 0.006947 	 0.209729 	 0.416725
   62 	 0.006430 	 0.220238 	 0.455161
   63 	 0.006041 	 0.216452 	 0.446019
   64 	 0.006059 	 0.212414 	 0.460720
   65 	 0.006051 	 0.213881 	 0.460720
   66 	 0.006901 	 0.205275 	 0.457508
   67 	 0.008804 	 0.214812 	 0.457508
   68 	 0.006489 	 0.214583 	 0.491193
   69 	 0.006919 	 0.208882 	 0.482182
   70 	 0.007693 	 0.229568 	 0.483775
   71 	 0.006712 	 0.232928 	 0.483775
   72 	 0.006150 	 0.243090 	 0.483775
   73 	 0.006872 	 0.244827 	 0.478689
   74 	 0.009237 	 0.239829 	 0.482447
   75 	 0.005876 	 0.226585 	 0.476048
   76 	 0.006906 	 0.242163 	 0.476048
   77 	 0.006906 	 0.242571 	 0.486230
   78 	 0.006906 	 0.244903 	 0.493655
   79 	 0.005048 	 0.231665 	 0.485555
   80 	 0.005526 	 0.238260 	 0.485555
   81 	 0.005603 	 0.235069 	 0.485297
   82 	 0.005919 	 0.218570 	 0.489350
   83 	 0.006894 	 0.209578 	 0.463374
   84 	 0.006924 	 0.232853 	 0.489350
   85 	 0.006481 	 0.224542 	 0.491012
   86 	 0.006875 	 0.226375 	 0.493047
   87 	 0.007009 	 0.237517 	 0.491012
   88 	 0.006879 	 0.229075 	 0.479344
   89 	 0.008956 	 0.226640 	 0.479344
   90 	 0.006043 	 0.218661 	 0.482054
   91 	 0.008168 	 0.246231 	 0.485106
   92 	 0.006979 	 0.229498 	 0.467034
   93 	 0.006900 	 0.215825 	 0.472153
   94 	 0.006936 	 0.225571 	 0.484265
   95 	 0.009324 	 0.230436 	 0.484265
   96 	 0.006947 	 0.246974 	 0.484344
   97 	 0.007000 	 0.240100 	 0.467240
   98 	 0.006888 	 0.229026 	 0.477593
   99 	 0.006861 	 0.224591 	 0.477593
  100 	 0.005962 	 0.224969 	 0.496219
  101 	 0.005560 	 0.219902 	 0.460825
  102 	 0.005915 	 0.228663 	 0.489348
  103 	 0.006435 	 0.228079 	 0.489348
  104 	 0.006937 	 0.232168 	 0.492670
  105 	 0.006862 	 0.241586 	 0.492899
  106 	 0.006902 	 0.239132 	 0.496802
  107 	 0.007137 	 0.226678 	 0.496458
  108 	 0.009121 	 0.246442 	 0.496458
  109 	 0.006905 	 0.241053 	 0.496458
  110 	 0.006123 	 0.246314 	 0.474516
  111 	 0.006928 	 0.250503 	 0.492421
  112 	 0.006844 	 0.247862 	 0.492421
  113 	 0.006719 	 0.234789 	 0.492411
  114 	 0.006137 	 0.239177 	 0.492515
  115 	 0.007036 	 0.248410 	 0.490445
  116 	 0.009370 	 0.237323 	 0.492337
  117 	 0.006794 	 0.217640 	 0.496829
  118 	 0.006477 	 0.224339 	 0.497051
  119 	 0.007497 	 0.239868 	 0.487951
  120 	 0.007015 	 0.244862 	 0.498475
  121 	 0.007210 	 0.242158 	 0.498475
  122 	 0.007030 	 0.261616 	 0.492936
  123 	 0.006745 	 0.256062 	 0.495608
  124 	 0.007001 	 0.272393 	 0.497796
  125 	 0.009447 	 0.286827 	 0.501635
  126 	 0.006865 	 0.295657 	 0.501635
  127 	 0.006951 	 0.278447 	 0.501635
  128 	 0.006716 	 0.267332 	 0.499768
  129 	 0.006924 	 0.276430 	 0.494086
  130 	 0.006934 	 0.267048 	 0.503533
  131 	 0.006921 	 0.257499 	 0.501361
  132 	 0.006121 	 0.256817 	 0.515138
  133 	 0.006907 	 0.258442 	 0.515138
  134 	 0.006984 	 0.263291 	 0.515138
  135 	 0.006869 	 0.250650 	 0.493719
  136 	 0.005513 	 0.240407 	 0.499228
  137 	 0.006405 	 0.251656 	 0.499247
  138 	 0.005942 	 0.254525 	 0.499247
  139 	 0.006243 	 0.264891 	 0.494137
  140 	 0.005035 	 0.299638 	 0.499189
  141 	 0.006510 	 0.283024 	 0.499189
  142 	 0.007494 	 0.281389 	 0.500677
  143 	 0.009292 	 0.281236 	 0.500677
  144 	 0.005017 	 0.288545 	 0.504959
  145 	 0.006105 	 0.264308 	 0.489510
  146 	 0.006945 	 0.259530 	 0.492726
  147 	 0.006174 	 0.278797 	 0.506338
  148 	 0.006861 	 0.266401 	 0.506338
  149 	 0.005967 	 0.253806 	 0.506338
  150 	 0.008590 	 0.263229 	 0.497235
  151 	 0.006898 	 0.265307 	 0.497359
  152 	 0.006926 	 0.261785 	 0.511947
  153 	 0.006897 	 0.262997 	 0.503680
  154 	 0.005469 	 0.259063 	 0.503238
  155 	 0.006950 	 0.257603 	 0.503433
  156 	 0.005113 	 0.251736 	 0.507556
  157 	 0.008470 	 0.251515 	 0.507556
  158 	 0.006932 	 0.250663 	 0.496807
  159 	 0.006904 	 0.255970 	 0.506525
  160 	 0.009330 	 0.255881 	 0.508584
  161 	 0.006918 	 0.268040 	 0.505715
  162 	 0.006764 	 0.247780 	 0.501127
  163 	 0.006895 	 0.244722 	 0.494481
  164 	 0.007100 	 0.271806 	 0.493452
  165 	 0.005476 	 0.270087 	 0.495210
  166 	 0.006929 	 0.256410 	 0.495210
  167 	 0.006976 	 0.233563 	 0.496120
  168 	 0.006812 	 0.247087 	 0.491733
  169 	 0.006914 	 0.242280 	 0.488161
  170 	 0.006796 	 0.239368 	 0.488494
  171 	 0.006842 	 0.265364 	 0.488419
  172 	 0.007030 	 0.248862 	 0.497254
  173 	 0.006869 	 0.280216 	 0.497254
  174 	 0.006973 	 0.263048 	 0.497254
  175 	 0.006935 	 0.253617 	 0.497254
  176 	 0.007032 	 0.262279 	 0.500103
  177 	 0.009261 	 0.255946 	 0.501761
  178 	 0.007779 	 0.260601 	 0.499104
  179 	 0.006870 	 0.269189 	 0.503341
  180 	 0.005028 	 0.259115 	 0.506048
  181 	 0.006703 	 0.276997 	 0.506048
  182 	 0.006001 	 0.275196 	 0.508548
  183 	 0.006076 	 0.276457 	 0.517066
  184 	 0.006838 	 0.269608 	 0.500832
  185 	 0.004983 	 0.263020 	 0.506827
  186 	 0.006929 	 0.256435 	 0.510137
  187 	 0.006992 	 0.284149 	 0.510137
  188 	 0.006878 	 0.267227 	 0.510229
  189 	 0.006806 	 0.270357 	 0.503341
  190 	 0.009314 	 0.251588 	 0.509580
  191 	 0.006752 	 0.240105 	 0.505171
  192 	 0.006369 	 0.246607 	 0.504701
  193 	 0.013687 	 0.261635 	 0.505712
  194 	 0.006491 	 0.258446 	 0.505712
  195 	 0.006848 	 0.257299 	 0.505493
  196 	 0.006893 	 0.243859 	 0.498281
  197 	 0.006082 	 0.261308 	 0.489366
  198 	 0.006972 	 0.247395 	 0.510096
  199 	 0.006905 	 0.262985 	 0.510096
  200 	 0.006897 	 0.268250 	 0.511244
  201 	 0.006928 	 0.266936 	 0.511287
  202 	 0.005040 	 0.254544 	 0.502870
  203 	 0.006510 	 0.268067 	 0.500923
  204 	 0.007011 	 0.263539 	 0.502265
  205 	 0.010037 	 0.252589 	 0.502169
  206 	 0.006976 	 0.251400 	 0.512661
  207 	 0.006912 	 0.233661 	 0.512661
  208 	 0.009493 	 0.236945 	 0.512661
  209 	 0.006896 	 0.251055 	 0.512072
  210 	 0.007033 	 0.254673 	 0.508377
  211 	 0.006923 	 0.257401 	 0.514029
  212 	 0.006930 	 0.277426 	 0.511773
  213 	 0.007838 	 0.283017 	 0.511773
  214 	 0.007018 	 0.280460 	 0.511773
  215 	 0.006915 	 0.286872 	 0.511773
  216 	 0.006899 	 0.292030 	 0.512851
  217 	 0.007022 	 0.272964 	 0.512851
  218 	 0.006926 	 0.281574 	 0.512792
  219 	 0.006805 	 0.277666 	 0.504381
  220 	 0.006510 	 0.242542 	 0.504333
  221 	 0.006880 	 0.241901 	 0.504528
  222 	 0.006897 	 0.255368 	 0.513229
  223 	 0.006878 	 0.244464 	 0.515712
  224 	 0.006308 	 0.253437 	 0.515712
  225 	 0.006315 	 0.272548 	 0.517073
  226 	 0.006879 	 0.259849 	 0.517073
  227 	 0.006907 	 0.249329 	 0.500766
  228 	 0.009397 	 0.246667 	 0.509315
  229 	 0.009289 	 0.264075 	 0.501648
  230 	 0.007107 	 0.265027 	 0.509365
  231 	 0.006952 	 0.264216 	 0.515317
  232 	 0.006990 	 0.252285 	 0.518663
  233 	 0.004892 	 0.263192 	 0.516054
  234 	 0.006908 	 0.258669 	 0.509186
  235 	 0.006915 	 0.271069 	 0.503898
  236 	 0.005620 	 0.280299 	 0.505212
  237 	 0.006778 	 0.265648 	 0.506440
  238 	 0.005959 	 0.278712 	 0.507811
  239 	 0.007379 	 0.267695 	 0.514088
  240 	 0.009131 	 0.280645 	 0.512182
  241 	 0.006088 	 0.267302 	 0.518222
  242 	 0.006080 	 0.246525 	 0.519672
  243 	 0.006914 	 0.261764 	 0.519672
  244 	 0.006963 	 0.257254 	 0.514552
  245 	 0.006989 	 0.256824 	 0.516801
  246 	 0.008847 	 0.258113 	 0.514265
  247 	 0.006809 	 0.272448 	 0.513701
  248 	 0.006920 	 0.287558 	 0.513701
  249 	 0.006919 	 0.291156 	 0.516414
  250 	 0.006984 	 0.304789 	 0.513059
  251 	 0.007117 	 0.282977 	 0.513059
  252 	 0.006186 	 0.282152 	 0.520543
  253 	 0.006779 	 0.266569 	 0.504322
  254 	 0.006780 	 0.248723 	 0.521658
  255 	 0.006722 	 0.241719 	 0.521658
  256 	 0.006713 	 0.247780 	 0.521658
  257 	 0.006657 	 0.270303 	 0.521658
  258 	 0.006887 	 0.291459 	 0.514927
  259 	 0.006849 	 0.272000 	 0.518967
  260 	 0.005499 	 0.288555 	 0.518195
  261 	 0.005066 	 0.274781 	 0.518359
  262 	 0.009210 	 0.269484 	 0.509462
  263 	 0.009165 	 0.271760 	 0.509462
  264 	 0.005513 	 0.269504 	 0.513173
  265 	 0.006845 	 0.270614 	 0.497570
  266 	 0.008047 	 0.268067 	 0.510158
  267 	 0.006902 	 0.276611 	 0.510937
  268 	 0.006967 	 0.274785 	 0.510937
  269 	 0.006277 	 0.266532 	 0.513757
  270 	 0.006830 	 0.260175 	 0.515994
  271 	 0.005042 	 0.265922 	 0.515994
  272 	 0.006930 	 0.248390 	 0.515994
  273 	 0.007968 	 0.238626 	 0.506714
  274 	 0.006259 	 0.252041 	 0.506954
  275 	 0.006980 	 0.267849 	 0.506954
  276 	 0.006844 	 0.261747 	 0.511702
  277 	 0.006871 	 0.257780 	 0.511515
  278 	 0.005003 	 0.264008 	 0.513036
  279 	 0.006911 	 0.276327 	 0.513672
  280 	 0.006924 	 0.247418 	 0.513170
  281 	 0.006871 	 0.239807 	 0.515046
  282 	 0.006871 	 0.235088 	 0.515046
  283 	 0.006945 	 0.250331 	 0.515046
  284 	 0.006644 	 0.267300 	 0.512063
  285 	 0.006138 	 0.252666 	 0.512063
  286 	 0.006938 	 0.266900 	 0.511426
  287 	 0.006027 	 0.254052 	 0.511426
  288 	 0.006849 	 0.257810 	 0.506162
  289 	 0.006208 	 0.246826 	 0.513469
  290 	 0.007305 	 0.261918 	 0.513469
  291 	 0.007306 	 0.267922 	 0.519115
  292 	 0.007002 	 0.252545 	 0.517588
  293 	 0.006755 	 0.282633 	 0.517588
  294 	 0.007051 	 0.280284 	 0.512261
  295 	 0.009415 	 0.286281 	 0.518108
  296 	 0.006899 	 0.258870 	 0.518961
  297 	 0.006691 	 0.277048 	 0.519150
  298 	 0.006635 	 0.265045 	 0.515594
  299 	 0.006936 	 0.260650 	 0.515594
  300 	 0.006158 	 0.261258 	 0.509607
  301 	 0.008282 	 0.258519 	 0.512092
  302 	 0.006604 	 0.266710 	 0.511435
  303 	 0.006923 	 0.284571 	 0.507648
  304 	 0.006927 	 0.282794 	 0.507622
  305 	 0.006850 	 0.271969 	 0.511579
  306 	 0.007028 	 0.250252 	 0.511579
  307 	 0.006131 	 0.253107 	 0.511514
  308 	 0.009329 	 0.253727 	 0.514359
  309 	 0.005499 	 0.272587 	 0.508297
  310 	 0.005467 	 0.265175 	 0.505789
  311 	 0.005765 	 0.239423 	 0.505789
  312 	 0.005840 	 0.257153 	 0.505754
  313 	 0.006930 	 0.243325 	 0.510931
  314 	 0.006736 	 0.222085 	 0.517208
  315 	 0.007020 	 0.232261 	 0.518107
  316 	 0.006981 	 0.218773 	 0.514600
  317 	 0.005625 	 0.221065 	 0.506182
  318 	 0.006846 	 0.226267 	 0.517575
  319 	 0.005447 	 0.222319 	 0.520439
  320 	 0.006375 	 0.215943 	 0.518375
  321 	 0.009354 	 0.245099 	 0.519085
  322 	 0.005539 	 0.245943 	 0.518375
  323 	 0.006934 	 0.246842 	 0.519023
  324 	 0.006799 	 0.238010 	 0.514828
  325 	 0.005722 	 0.249862 	 0.520595
  326 	 0.006780 	 0.240659 	 0.518912
  327 	 0.007189 	 0.257228 	 0.503277
  328 	 0.006827 	 0.254597 	 0.499741
  329 	 0.005474 	 0.253604 	 0.502394
  330 	 0.005443 	 0.246370 	 0.506861
  331 	 0.006951 	 0.252806 	 0.506943
  332 	 0.006807 	 0.256055 	 0.512513
  333 	 0.006443 	 0.274012 	 0.513567
  334 	 0.006882 	 0.258661 	 0.520729
  335 	 0.006914 	 0.250381 	 0.520729
  336 	 0.007834 	 0.279332 	 0.520741
  337 	 0.006994 	 0.267888 	 0.520741
  338 	 0.006865 	 0.287800 	 0.520741
  339 	 0.005517 	 0.277586 	 0.520909
  340 	 0.009376 	 0.265259 	 0.520473
  341 	 0.006067 	 0.273143 	 0.521421
  342 	 0.009278 	 0.258969 	 0.520548
  343 	 0.006699 	 0.246326 	 0.525579
  344 	 0.006519 	 0.238762 	 0.525579
  345 	 0.006953 	 0.272684 	 0.525926
  346 	 0.006872 	 0.245971 	 0.516003
  347 	 0.006892 	 0.240645 	 0.516003
  348 	 0.006751 	 0.256252 	 0.516003
  349 	 0.006712 	 0.279300 	 0.516003
  350 	 0.006962 	 0.258924 	 0.507096
  351 	 0.006926 	 0.261638 	 0.511260
  352 	 0.006997 	 0.274567 	 0.511260
  353 	 0.006896 	 0.283551 	 0.511752
  354 	 0.006900 	 0.295914 	 0.511882
  355 	 0.006810 	 0.288206 	 0.511559
  356 	 0.005063 	 0.270702 	 0.514112
  357 	 0.005349 	 0.289426 	 0.514913
  358 	 0.005349 	 0.277279 	 0.513612
  359 	 0.005809 	 0.292695 	 0.514175
  360 	 0.006901 	 0.267082 	 0.509187
  361 	 0.009900 	 0.272643 	 0.511352
  362 	 0.006947 	 0.263826 	 0.511352
  363 	 0.006958 	 0.259785 	 0.512539
  364 	 0.006480 	 0.257174 	 0.512820
  365 	 0.005284 	 0.275061 	 0.526356
  366 	 0.006930 	 0.270807 	 0.517398
  367 	 0.006965 	 0.261892 	 0.516390
  368 	 0.007325 	 0.255981 	 0.516923
  369 	 0.004930 	 0.259558 	 0.513165
  370 	 0.006118 	 0.264725 	 0.511150
  371 	 0.006038 	 0.262310 	 0.520327
  372 	 0.006022 	 0.272579 	 0.524968
  373 	 0.006664 	 0.285695 	 0.524968
  374 	 0.006909 	 0.282139 	 0.520002
  375 	 0.006907 	 0.278197 	 0.520002
  376 	 0.005958 	 0.265572 	 0.515566
  377 	 0.006918 	 0.262298 	 0.521396
  378 	 0.004760 	 0.278563 	 0.522143
  379 	 0.004780 	 0.263734 	 0.522143
  380 	 0.006950 	 0.247682 	 0.522143
  381 	 0.006906 	 0.254439 	 0.516061
  382 	 0.008914 	 0.234061 	 0.498603
  383 	 0.006885 	 0.245421 	 0.518566
  384 	 0.006898 	 0.250069 	 0.507873
  385 	 0.006922 	 0.275694 	 0.512879
  386 	 0.005048 	 0.265080 	 0.511035
  387 	 0.006954 	 0.254320 	 0.518097
  388 	 0.006828 	 0.276129 	 0.511166
  389 	 0.007545 	 0.261134 	 0.518608
  390 	 0.007020 	 0.270411 	 0.518608
  391 	 0.006921 	 0.254506 	 0.523044
  392 	 0.007111 	 0.259525 	 0.523100
  393 	 0.006156 	 0.260146 	 0.523100
  394 	 0.006772 	 0.243949 	 0.512951
  395 	 0.007002 	 0.236339 	 0.519574
  396 	 0.006934 	 0.227466 	 0.517551
  397 	 0.005057 	 0.243833 	 0.517551
  398 	 0.006933 	 0.246540 	 0.518762
  399 	 0.008900 	 0.252301 	 0.519524
  400 	 0.006931 	 0.243177 	 0.521475
  401 	 0.006621 	 0.252251 	 0.521475
  402 	 0.005947 	 0.257278 	 0.518835
  403 	 0.006940 	 0.263012 	 0.519411
  404 	 0.006843 	 0.263724 	 0.520421
  405 	 0.006931 	 0.261645 	 0.520256
  406 	 0.006912 	 0.243832 	 0.512760
  407 	 0.006920 	 0.234213 	 0.513804
  408 	 0.006789 	 0.239587 	 0.517752
  409 	 0.007001 	 0.256231 	 0.517752
  410 	 0.005215 	 0.260294 	 0.517752
  411 	 0.008079 	 0.279487 	 0.522707
  412 	 0.006699 	 0.249309 	 0.523152
  413 	 0.006976 	 0.255271 	 0.509949
  414 	 0.005471 	 0.255679 	 0.517325
  415 	 0.007110 	 0.245490 	 0.515502
  416 	 0.006897 	 0.245657 	 0.515502
  417 	 0.006475 	 0.259763 	 0.504727
  418 	 0.007170 	 0.262642 	 0.504790
  419 	 0.006574 	 0.248570 	 0.519286
  420 	 0.008234 	 0.242140 	 0.504201
  421 	 0.007423 	 0.248089 	 0.517102
  422 	 0.006913 	 0.270807 	 0.517102
  423 	 0.006916 	 0.247527 	 0.520927
  424 	 0.006572 	 0.241764 	 0.512211
  425 	 0.006981 	 0.260973 	 0.512455
  426 	 0.007126 	 0.260431 	 0.507795
  427 	 0.006753 	 0.254199 	 0.510383
  428 	 0.006906 	 0.260157 	 0.510383
  429 	 0.006883 	 0.259764 	 0.510294
  430 	 0.006918 	 0.269952 	 0.510294
  431 	 0.007042 	 0.254027 	 0.514280
  432 	 0.006047 	 0.236247 	 0.514215
  433 	 0.007930 	 0.230225 	 0.510447
  434 	 0.006988 	 0.241935 	 0.513410
  435 	 0.007056 	 0.253634 	 0.516799
  436 	 0.007022 	 0.247389 	 0.517717
  437 	 0.006864 	 0.259158 	 0.506203
  438 	 0.007056 	 0.240116 	 0.512033
  439 	 0.006940 	 0.260427 	 0.520557
  440 	 0.005471 	 0.260989 	 0.518804
  441 	 0.006914 	 0.242360 	 0.518804
  442 	 0.006911 	 0.258440 	 0.518804
  443 	 0.006315 	 0.277416 	 0.518804
  444 	 0.006374 	 0.290535 	 0.516630
  445 	 0.006925 	 0.273123 	 0.513606
  446 	 0.006892 	 0.269420 	 0.515724
  447 	 0.005967 	 0.259146 	 0.515485
  448 	 0.006023 	 0.247762 	 0.518240
  449 	 0.006964 	 0.262175 	 0.518216
  450 	 0.006878 	 0.248646 	 0.517237
  451 	 0.006931 	 0.273380 	 0.524898
  452 	 0.006927 	 0.279337 	 0.517983
  453 	 0.006958 	 0.298372 	 0.517983
  454 	 0.006942 	 0.290713 	 0.517983
  455 	 0.006292 	 0.286107 	 0.517132
  456 	 0.007002 	 0.290565 	 0.516480
  457 	 0.008772 	 0.304746 	 0.513199
  458 	 0.005137 	 0.314885 	 0.518479
  459 	 0.008897 	 0.294487 	 0.513830
  460 	 0.006870 	 0.275945 	 0.520091
  461 	 0.006056 	 0.263496 	 0.525121
  462 	 0.006915 	 0.239220 	 0.519861
  463 	 0.006884 	 0.244057 	 0.518132
  464 	 0.006901 	 0.245859 	 0.518132
  465 	 0.006006 	 0.258718 	 0.518482
  466 	 0.006933 	 0.253838 	 0.525926
  467 	 0.005421 	 0.245556 	 0.518266
  468 	 0.007161 	 0.265006 	 0.511767
  469 	 0.008862 	 0.270245 	 0.520430
  470 	 0.006060 	 0.282409 	 0.521849
  471 	 0.004785 	 0.295990 	 0.521849
  472 	 0.006928 	 0.301594 	 0.518103
  473 	 0.006908 	 0.292905 	 0.523857
  474 	 0.006931 	 0.284835 	 0.518131
  475 	 0.006888 	 0.296275 	 0.518131
  476 	 0.005462 	 0.279372 	 0.512489
  477 	 0.006869 	 0.270642 	 0.518143
  478 	 0.006551 	 0.283658 	 0.518143
  479 	 0.005350 	 0.293636 	 0.514748
  480 	 0.006917 	 0.261401 	 0.523025
  481 	 0.007045 	 0.251213 	 0.524536
  482 	 0.006902 	 0.276884 	 0.516978
  483 	 0.006911 	 0.276399 	 0.516978
  484 	 0.006191 	 0.287729 	 0.519803
  485 	 0.006958 	 0.305310 	 0.519803
  486 	 0.006253 	 0.287789 	 0.519803
  487 	 0.005467 	 0.273757 	 0.519151
  488 	 0.006149 	 0.282072 	 0.519507
  489 	 0.006751 	 0.267471 	 0.523045
  490 	 0.009070 	 0.263699 	 0.525096
  491 	 0.006939 	 0.272560 	 0.525096
  492 	 0.006689 	 0.286755 	 0.523130
  493 	 0.009486 	 0.290608 	 0.523737
  494 	 0.007818 	 0.295494 	 0.526557
  495 	 0.006912 	 0.286433 	 0.521860
  496 	 0.005551 	 0.286334 	 0.520484
  497 	 0.006985 	 0.278922 	 0.520851
  498 	 0.006947 	 0.278164 	 0.521062
  499 	 0.006849 	 0.267734 	 0.523596
 