   0 	 0.003147 	 0.010554 	 0.055179
    1 	 0.003909 	 0.013131 	 0.073600
    2 	 0.003909 	 0.016031 	 0.064885
    3 	 0.004804 	 0.018572 	 0.054708
    4 	 0.006184 	 0.021273 	 0.071353
    5 	 0.007141 	 0.023468 	 0.084464
    6 	 0.006388 	 0.027350 	 0.087361
    7 	 0.006033 	 0.032220 	 0.102762
    8 	 0.006033 	 0.037122 	 0.104696
    9 	 0.006103 	 0.043740 	 0.105533
   10 	 0.006402 	 0.049723 	 0.133811
   11 	 0.006047 	 0.058444 	 0.166139
   12 	 0.005520 	 0.062848 	 0.142311
   13 	 0.006487 	 0.071140 	 0.151354
   14 	 0.005587 	 0.073369 	 0.171468
   15 	 0.005966 	 0.075325 	 0.181995
   16 	 0.006940 	 0.077969 	 0.187879
   17 	 0.006672 	 0.085421 	 0.187879
   18 	 0.007086 	 0.092594 	 0.199904
   19 	 0.006570 	 0.094921 	 0.231008
   20 	 0.006244 	 0.094269 	 0.286704
   21 	 0.008474 	 0.098821 	 0.287184
   22 	 0.007421 	 0.102073 	 0.298734
   23 	 0.005552 	 0.099359 	 0.298734
   24 	 0.006815 	 0.106070 	 0.299082
   25 	 0.006784 	 0.114032 	 0.299082
   26 	 0.006772 	 0.113960 	 0.299082
   27 	 0.007069 	 0.114579 	 0.299254
   28 	 0.005405 	 0.109908 	 0.282833
   29 	 0.007056 	 0.115968 	 0.279211
   30 	 0.007137 	 0.113583 	 0.284718
   31 	 0.007086 	 0.117023 	 0.298212
   32 	 0.006832 	 0.120858 	 0.302672
   33 	 0.005436 	 0.117788 	 0.302286
   34 	 0.006111 	 0.121796 	 0.312388
   35 	 0.007748 	 0.127972 	 0.332210
   36 	 0.009175 	 0.128740 	 0.332210
   37 	 0.006072 	 0.118514 	 0.329844
   38 	 0.006817 	 0.119537 	 0.331746
   39 	 0.006234 	 0.119128 	 0.370215
   40 	 0.008710 	 0.129584 	 0.370215
   41 	 0.006963 	 0.123682 	 0.331776
   42 	 0.006304 	 0.125983 	 0.345685
   43 	 0.006893 	 0.138736 	 0.377162
   44 	 0.006687 	 0.143496 	 0.389621
   45 	 0.006348 	 0.148702 	 0.390911
   46 	 0.006852 	 0.155226 	 0.391089
   47 	 0.006934 	 0.153102 	 0.435101
   48 	 0.007044 	 0.135909 	 0.392216
   49 	 0.006065 	 0.150949 	 0.394240
   50 	 0.006904 	 0.165354 	 0.395749
   51 	 0.005898 	 0.148253 	 0.397861
   52 	 0.005442 	 0.151860 	 0.394119
   53 	 0.006862 	 0.154243 	 0.391490
   54 	 0.006724 	 0.167237 	 0.419490
   55 	 0.006139 	 0.170817 	 0.404047
   56 	 0.006659 	 0.173283 	 0.390754
   57 	 0.006679 	 0.168972 	 0.390754
   58 	 0.006824 	 0.169645 	 0.382676
   59 	 0.006860 	 0.166816 	 0.359495
   60 	 0.006499 	 0.169241 	 0.378190
   61 	 0.006797 	 0.171502 	 0.377922
   62 	 0.007389 	 0.179239 	 0.385501
   63 	 0.006974 	 0.168843 	 0.404137
   64 	 0.006691 	 0.172310 	 0.363422
   65 	 0.006919 	 0.178061 	 0.375722
   66 	 0.006984 	 0.175157 	 0.402897
   67 	 0.009495 	 0.168554 	 0.414339
   68 	 0.006965 	 0.182562 	 0.371774
   69 	 0.006965 	 0.181022 	 0.383372
   70 	 0.005564 	 0.174582 	 0.391016
   71 	 0.006752 	 0.168630 	 0.391016
   72 	 0.006777 	 0.157264 	 0.395039
   73 	 0.006240 	 0.166423 	 0.381182
   74 	 0.006795 	 0.173573 	 0.372484
   75 	 0.005717 	 0.179650 	 0.372709
   76 	 0.006877 	 0.179672 	 0.405304
   77 	 0.006945 	 0.190529 	 0.457058
   78 	 0.006850 	 0.195480 	 0.456807
   79 	 0.005768 	 0.191128 	 0.457981
   80 	 0.005248 	 0.196005 	 0.457981
   81 	 0.006948 	 0.190804 	 0.435030
   82 	 0.006982 	 0.189418 	 0.433219
   83 	 0.007296 	 0.205137 	 0.433219
   84 	 0.009858 	 0.199302 	 0.418937
   85 	 0.006830 	 0.197816 	 0.418937
   86 	 0.006832 	 0.196983 	 0.425775
   87 	 0.009121 	 0.207538 	 0.433315
   88 	 0.006917 	 0.200920 	 0.441789
   89 	 0.006858 	 0.200425 	 0.425279
   90 	 0.009103 	 0.220038 	 0.425279
   91 	 0.006869 	 0.210445 	 0.454991
   92 	 0.006792 	 0.208078 	 0.454991
   93 	 0.005580 	 0.214424 	 0.451340
   94 	 0.006791 	 0.210955 	 0.449413
   95 	 0.007128 	 0.218063 	 0.456923
   96 	 0.006872 	 0.222391 	 0.461678
   97 	 0.006439 	 0.212753 	 0.463086
   98 	 0.006923 	 0.217061 	 0.453016
   99 	 0.005416 	 0.210036 	 0.452515
  100 	 0.006858 	 0.211184 	 0.454901
  101 	 0.005522 	 0.210792 	 0.454776
  102 	 0.009145 	 0.222780 	 0.446881
  103 	 0.006958 	 0.211092 	 0.446881
  104 	 0.006827 	 0.213110 	 0.444423
  105 	 0.006871 	 0.225522 	 0.451903
  106 	 0.006990 	 0.229929 	 0.454775
  107 	 0.005651 	 0.219415 	 0.465111
  108 	 0.006905 	 0.232178 	 0.474870
  109 	 0.006742 	 0.223357 	 0.466782
  110 	 0.006714 	 0.233247 	 0.466782
  111 	 0.006454 	 0.229863 	 0.466782
  112 	 0.006914 	 0.228455 	 0.470691
  113 	 0.006718 	 0.234098 	 0.470564
  114 	 0.006920 	 0.228483 	 0.470564
  115 	 0.006648 	 0.221724 	 0.464315
  116 	 0.006875 	 0.221495 	 0.464315
  117 	 0.006038 	 0.222626 	 0.476536
  118 	 0.006838 	 0.236602 	 0.459340
  119 	 0.007037 	 0.240010 	 0.484162
  120 	 0.006913 	 0.234127 	 0.458405
  121 	 0.006591 	 0.237648 	 0.456993
  122 	 0.006877 	 0.228797 	 0.453794
  123 	 0.007716 	 0.220720 	 0.453236
  124 	 0.006748 	 0.214705 	 0.453389
  125 	 0.006803 	 0.223198 	 0.456565
  126 	 0.007003 	 0.212557 	 0.476521
  127 	 0.006898 	 0.212679 	 0.476521
  128 	 0.005567 	 0.208479 	 0.476521
  129 	 0.007186 	 0.218999 	 0.466856
  130 	 0.006913 	 0.227401 	 0.470568
  131 	 0.009251 	 0.239781 	 0.471358
  132 	 0.006910 	 0.250689 	 0.480801
  133 	 0.006886 	 0.240829 	 0.483820
  134 	 0.006979 	 0.244987 	 0.483820
  135 	 0.009254 	 0.214226 	 0.473178
  136 	 0.006963 	 0.240247 	 0.490107
  137 	 0.006570 	 0.233589 	 0.475969
  138 	 0.006941 	 0.242095 	 0.487645
  139 	 0.006952 	 0.242072 	 0.487910
  140 	 0.005502 	 0.235704 	 0.469590
  141 	 0.005593 	 0.260442 	 0.488999
  142 	 0.006987 	 0.260639 	 0.478053
  143 	 0.006813 	 0.244621 	 0.476604
  144 	 0.006933 	 0.259233 	 0.482268
  145 	 0.006933 	 0.255283 	 0.482268
  146 	 0.004912 	 0.265847 	 0.497946
  147 	 0.007004 	 0.246314 	 0.486092
  148 	 0.006903 	 0.254422 	 0.498681
  149 	 0.006510 	 0.254493 	 0.501653
  150 	 0.006950 	 0.224270 	 0.482909
  151 	 0.005080 	 0.231101 	 0.493614
  152 	 0.006978 	 0.227708 	 0.493614
  153 	 0.009509 	 0.238791 	 0.493614
  154 	 0.006176 	 0.226769 	 0.494321
  155 	 0.006919 	 0.234525 	 0.496635
  156 	 0.006874 	 0.242426 	 0.495682
  157 	 0.006536 	 0.225831 	 0.495682
  158 	 0.005382 	 0.235728 	 0.487110
  159 	 0.009371 	 0.236796 	 0.487113
  160 	 0.007184 	 0.232412 	 0.487113
  161 	 0.005445 	 0.255818 	 0.487113
  162 	 0.005435 	 0.254226 	 0.487731
  163 	 0.006986 	 0.244765 	 0.480778
  164 	 0.006199 	 0.233510 	 0.483279
  165 	 0.006930 	 0.236288 	 0.484538
  166 	 0.006983 	 0.240690 	 0.467623
  167 	 0.006901 	 0.242224 	 0.467712
  168 	 0.005970 	 0.229859 	 0.482837
  169 	 0.006895 	 0.237580 	 0.484916
  170 	 0.006650 	 0.253872 	 0.489368
  171 	 0.009182 	 0.254630 	 0.489368
  172 	 0.009400 	 0.250466 	 0.478032
  173 	 0.009409 	 0.249018 	 0.477335
  174 	 0.009409 	 0.266070 	 0.480758
  175 	 0.007059 	 0.264711 	 0.490123
  176 	 0.009467 	 0.254663 	 0.490160
  177 	 0.006947 	 0.239949 	 0.477821
  178 	 0.006492 	 0.220246 	 0.489702
  179 	 0.005845 	 0.226689 	 0.489702
  180 	 0.006993 	 0.234250 	 0.497448
  181 	 0.005333 	 0.247225 	 0.497448
  182 	 0.006976 	 0.248424 	 0.497448
  183 	 0.006022 	 0.243791 	 0.497448
  184 	 0.005517 	 0.250091 	 0.497448
  185 	 0.006095 	 0.240973 	 0.497463
  186 	 0.005455 	 0.263926 	 0.498097
  187 	 0.006920 	 0.248114 	 0.498097
  188 	 0.005529 	 0.244365 	 0.494862
  189 	 0.006910 	 0.252003 	 0.494791
  190 	 0.006913 	 0.254818 	 0.495040
  191 	 0.006664 	 0.244647 	 0.495040
  192 	 0.006789 	 0.251665 	 0.495040
  193 	 0.006757 	 0.242225 	 0.482330
  194 	 0.006893 	 0.246975 	 0.504592
  195 	 0.006887 	 0.268986 	 0.504592
  196 	 0.006873 	 0.272819 	 0.504592
  197 	 0.005517 	 0.261742 	 0.504592
  198 	 0.006865 	 0.272781 	 0.504592
  199 	 0.006926 	 0.270914 	 0.504617
  200 	 0.006869 	 0.265492 	 0.504300
  201 	 0.007843 	 0.269269 	 0.502165
  202 	 0.006081 	 0.250617 	 0.501637
  203 	 0.006939 	 0.261113 	 0.501637
  204 	 0.006041 	 0.253293 	 0.501736
  205 	 0.006993 	 0.241576 	 0.500607
  206 	 0.006943 	 0.241293 	 0.495230
  207 	 0.006962 	 0.247431 	 0.495230
  208 	 0.006713 	 0.259524 	 0.495689
  209 	 0.006740 	 0.242001 	 0.501431
  210 	 0.006878 	 0.241936 	 0.496696
  211 	 0.006838 	 0.224807 	 0.495398
  212 	 0.006867 	 0.239381 	 0.494651
  213 	 0.006782 	 0.238792 	 0.487922
  214 	 0.006875 	 0.248450 	 0.487922
  215 	 0.006699 	 0.247348 	 0.495206
  216 	 0.006917 	 0.262099 	 0.495156
  217 	 0.005471 	 0.248706 	 0.495683
  218 	 0.006068 	 0.272584 	 0.496450
  219 	 0.006552 	 0.274074 	 0.495158
  220 	 0.007008 	 0.260112 	 0.495503
  221 	 0.006910 	 0.256297 	 0.495158
  222 	 0.006857 	 0.255159 	 0.497695
  223 	 0.006973 	 0.261462 	 0.487822
  224 	 0.006889 	 0.258910 	 0.489598
  225 	 0.007928 	 0.261752 	 0.509949
  226 	 0.006958 	 0.267280 	 0.509949
  227 	 0.007019 	 0.259532 	 0.510033
  228 	 0.005546 	 0.253176 	 0.510033
  229 	 0.005512 	 0.246086 	 0.510033
  230 	 0.005553 	 0.253758 	 0.510033
  231 	 0.005951 	 0.250297 	 0.510795
  232 	 0.006887 	 0.256605 	 0.510795
  233 	 0.006840 	 0.256833 	 0.510597
  234 	 0.005398 	 0.253696 	 0.510644
  235 	 0.009319 	 0.255338 	 0.510401
  236 	 0.006181 	 0.252604 	 0.509508
  237 	 0.006901 	 0.269882 	 0.509508
  238 	 0.006887 	 0.279438 	 0.509508
  239 	 0.006936 	 0.262404 	 0.510345
  240 	 0.006568 	 0.255028 	 0.509461
  241 	 0.006915 	 0.269512 	 0.500856
  242 	 0.006877 	 0.256946 	 0.507140
  243 	 0.006988 	 0.242533 	 0.487984
  244 	 0.009506 	 0.249789 	 0.494748
  245 	 0.006288 	 0.240497 	 0.489177
  246 	 0.006880 	 0.249711 	 0.488226
  247 	 0.006897 	 0.241047 	 0.497995
  248 	 0.006904 	 0.258486 	 0.490330
  249 	 0.006871 	 0.252865 	 0.490330
  250 	 0.006935 	 0.253706 	 0.489161
  251 	 0.005631 	 0.259593 	 0.491443
  252 	 0.006880 	 0.248636 	 0.495765
  253 	 0.006309 	 0.252403 	 0.497783
  254 	 0.006891 	 0.267496 	 0.504150
  255 	 0.009138 	 0.276666 	 0.498267
  256 	 0.006878 	 0.234467 	 0.488201
  257 	 0.006949 	 0.247095 	 0.488609
  258 	 0.006138 	 0.244274 	 0.499309
  259 	 0.006490 	 0.243462 	 0.499309
  260 	 0.008972 	 0.251253 	 0.503026
  261 	 0.006884 	 0.249581 	 0.498373
  262 	 0.007135 	 0.257166 	 0.486988
  263 	 0.006913 	 0.264622 	 0.496244
  264 	 0.005975 	 0.256743 	 0.504466
  265 	 0.005540 	 0.253714 	 0.499447
  266 	 0.006827 	 0.234615 	 0.498172
  267 	 0.006913 	 0.236913 	 0.502755
  268 	 0.007989 	 0.240885 	 0.502900
  269 	 0.006900 	 0.249485 	 0.502161
  270 	 0.006896 	 0.234775 	 0.507306
  271 	 0.006984 	 0.247104 	 0.494185
  272 	 0.007126 	 0.242457 	 0.505941
  273 	 0.005559 	 0.238744 	 0.500563
  274 	 0.007398 	 0.256509 	 0.501669
  275 	 0.006846 	 0.261366 	 0.505720
  276 	 0.006590 	 0.257751 	 0.505196
  277 	 0.006492 	 0.239448 	 0.501122
  278 	 0.006117 	 0.251666 	 0.501016
  279 	 0.007178 	 0.241062 	 0.506820
  280 	 0.005018 	 0.268401 	 0.506965
  281 	 0.006447 	 0.282745 	 0.502261
  282 	 0.006825 	 0.268215 	 0.505436
  283 	 0.006913 	 0.249551 	 0.502957
  284 	 0.006958 	 0.245759 	 0.504198
  285 	 0.006909 	 0.249626 	 0.498803
  286 	 0.006919 	 0.252995 	 0.492768
  287 	 0.006148 	 0.265971 	 0.493758
  288 	 0.005586 	 0.241741 	 0.496303
  289 	 0.006010 	 0.250348 	 0.495612
  290 	 0.006862 	 0.259395 	 0.498421
  291 	 0.006199 	 0.253151 	 0.501306
  292 	 0.006009 	 0.262621 	 0.501306
  293 	 0.006440 	 0.254605 	 0.503425
  294 	 0.006501 	 0.257278 	 0.501595
  295 	 0.006761 	 0.269860 	 0.502835
  296 	 0.006935 	 0.270204 	 0.505808
  297 	 0.006866 	 0.279923 	 0.498036
  298 	 0.006921 	 0.267943 	 0.508019
  299 	 0.007009 	 0.268735 	 0.508474
  300 	 0.006161 	 0.289892 	 0.509209
  301 	 0.007218 	 0.275539 	 0.509365
  302 	 0.006974 	 0.263643 	 0.509209
  303 	 0.006904 	 0.253239 	 0.509161
  304 	 0.006890 	 0.257210 	 0.509161
  305 	 0.006927 	 0.265152 	 0.509161
  306 	 0.009665 	 0.254545 	 0.508873
  307 	 0.005964 	 0.247436 	 0.493617
  308 	 0.005974 	 0.256982 	 0.493617
  309 	 0.007003 	 0.255888 	 0.494645
  310 	 0.009275 	 0.267391 	 0.499041
  311 	 0.005600 	 0.253984 	 0.499390
  312 	 0.009034 	 0.260705 	 0.498068
  313 	 0.005518 	 0.251737 	 0.503346
  314 	 0.006943 	 0.252859 	 0.504803
  315 	 0.006883 	 0.260476 	 0.504803
  316 	 0.006945 	 0.265365 	 0.504803
  317 	 0.006889 	 0.256140 	 0.498878
  318 	 0.006951 	 0.244672 	 0.504803
  319 	 0.005930 	 0.241857 	 0.504784
  320 	 0.006862 	 0.254386 	 0.509323
  321 	 0.006954 	 0.260022 	 0.509476
  322 	 0.009354 	 0.275133 	 0.502096
  323 	 0.006939 	 0.263314 	 0.502096
  324 	 0.006897 	 0.277296 	 0.505149
  325 	 0.006872 	 0.252236 	 0.505149
  326 	 0.006495 	 0.242162 	 0.505149
  327 	 0.006899 	 0.260990 	 0.500910
  328 	 0.006892 	 0.245591 	 0.499279
  329 	 0.006315 	 0.244765 	 0.499279
  330 	 0.006947 	 0.269169 	 0.500190
  331 	 0.006929 	 0.242417 	 0.500774
  332 	 0.007673 	 0.252069 	 0.497563
  333 	 0.006901 	 0.249925 	 0.493454
  334 	 0.006913 	 0.265131 	 0.499008
  335 	 0.006713 	 0.268070 	 0.493881
  336 	 0.006869 	 0.272778 	 0.498683
  337 	 0.006895 	 0.256878 	 0.502461
  338 	 0.006779 	 0.234885 	 0.489863
  339 	 0.008030 	 0.242585 	 0.491061
  340 	 0.005476 	 0.224423 	 0.497154
  341 	 0.007682 	 0.249202 	 0.497864
  342 	 0.006932 	 0.266379 	 0.505038
  343 	 0.009431 	 0.277726 	 0.498078
  344 	 0.006438 	 0.238700 	 0.498960
  345 	 0.005957 	 0.238858 	 0.503159
  346 	 0.009155 	 0.242560 	 0.503159
  347 	 0.006908 	 0.241700 	 0.503159
  348 	 0.006894 	 0.239787 	 0.503240
  349 	 0.006891 	 0.234281 	 0.491069
  350 	 0.004853 	 0.229526 	 0.490962
  351 	 0.004853 	 0.261233 	 0.491456
  352 	 0.006835 	 0.273589 	 0.499558
  353 	 0.006194 	 0.254898 	 0.495646
  354 	 0.006943 	 0.252236 	 0.496631
  355 	 0.005115 	 0.258046 	 0.482731
  356 	 0.006920 	 0.261796 	 0.490614
  357 	 0.006851 	 0.235745 	 0.489571
  358 	 0.006887 	 0.241975 	 0.491748
  359 	 0.006913 	 0.239698 	 0.495716
  360 	 0.006971 	 0.231820 	 0.495716
  361 	 0.006875 	 0.258710 	 0.486870
  362 	 0.009413 	 0.271314 	 0.483812
  363 	 0.006883 	 0.254293 	 0.498118
  364 	 0.006473 	 0.238299 	 0.483192
  365 	 0.007056 	 0.244891 	 0.483362
  366 	 0.006962 	 0.250686 	 0.503194
  367 	 0.006791 	 0.263965 	 0.493129
  368 	 0.005512 	 0.266874 	 0.493011
  369 	 0.006901 	 0.261781 	 0.490295
  370 	 0.006104 	 0.271452 	 0.490295
  371 	 0.005473 	 0.270934 	 0.491185
  372 	 0.007134 	 0.266716 	 0.491185
  373 	 0.006483 	 0.269042 	 0.495603
  374 	 0.006550 	 0.251287 	 0.495804
  375 	 0.006849 	 0.253994 	 0.500851
  376 	 0.006908 	 0.257969 	 0.497349
  377 	 0.005428 	 0.231105 	 0.497625
  378 	 0.005428 	 0.209537 	 0.473524
  379 	 0.005415 	 0.224148 	 0.473524
  380 	 0.005164 	 0.248698 	 0.473524
  381 	 0.005197 	 0.234890 	 0.477845
  382 	 0.006918 	 0.231205 	 0.494612
  383 	 0.006950 	 0.223627 	 0.497224
  384 	 0.006957 	 0.241569 	 0.497224
  385 	 0.006822 	 0.251342 	 0.497719
  386 	 0.006969 	 0.239888 	 0.496048
  387 	 0.005573 	 0.246892 	 0.494053
  388 	 0.005572 	 0.255675 	 0.494053
  389 	 0.005384 	 0.237088 	 0.494053
  390 	 0.006126 	 0.244542 	 0.499652
  391 	 0.006883 	 0.233196 	 0.499652
  392 	 0.006422 	 0.226332 	 0.498084
  393 	 0.009398 	 0.242281 	 0.498399
  394 	 0.006060 	 0.245823 	 0.498237
  395 	 0.006922 	 0.248608 	 0.499026
  396 	 0.006075 	 0.248546 	 0.499026
  397 	 0.005370 	 0.246058 	 0.499026
  398 	 0.005230 	 0.230645 	 0.498558
  399 	 0.009914 	 0.244024 	 0.500600
  400 	 0.006523 	 0.237944 	 0.500600
  401 	 0.004419 	 0.236468 	 0.500600
  402 	 0.006881 	 0.244197 	 0.500293
  403 	 0.006763 	 0.243838 	 0.500293
  404 	 0.006740 	 0.238782 	 0.500293
  405 	 0.006723 	 0.255226 	 0.499244
  406 	 0.006912 	 0.254231 	 0.492525
  407 	 0.006874 	 0.257835 	 0.498429
  408 	 0.006838 	 0.240348 	 0.501428
  409 	 0.006400 	 0.240488 	 0.502118
  410 	 0.007461 	 0.248389 	 0.502118
  411 	 0.009259 	 0.279413 	 0.502118
  412 	 0.006869 	 0.281501 	 0.501938
  413 	 0.009315 	 0.285623 	 0.497246
  414 	 0.007070 	 0.269893 	 0.497638
  415 	 0.006929 	 0.272091 	 0.499725
  416 	 0.008253 	 0.255050 	 0.501050
  417 	 0.006526 	 0.255697 	 0.484937
  418 	 0.006858 	 0.273883 	 0.496501
  419 	 0.006633 	 0.282062 	 0.503568
  420 	 0.006961 	 0.272071 	 0.496501
  421 	 0.006886 	 0.255735 	 0.498585
  422 	 0.005901 	 0.262478 	 0.498585
  423 	 0.006841 	 0.264235 	 0.499566
  424 	 0.005489 	 0.267145 	 0.508750
  425 	 0.006284 	 0.258380 	 0.508750
  426 	 0.006947 	 0.248068 	 0.508750
  427 	 0.006366 	 0.255911 	 0.513309
  428 	 0.006915 	 0.268128 	 0.513309
  429 	 0.006930 	 0.260607 	 0.509736
  430 	 0.006931 	 0.259404 	 0.509736
  431 	 0.006741 	 0.278075 	 0.509736
  432 	 0.006333 	 0.267231 	 0.509736
  433 	 0.007194 	 0.268326 	 0.509736
  434 	 0.007009 	 0.272338 	 0.509736
  435 	 0.005450 	 0.287394 	 0.508627
  436 	 0.005468 	 0.291789 	 0.510007
  437 	 0.005468 	 0.293644 	 0.509924
  438 	 0.006821 	 0.291524 	 0.506729
  439 	 0.006773 	 0.292692 	 0.508721
  440 	 0.006905 	 0.277928 	 0.504179
  441 	 0.006609 	 0.260822 	 0.505341
  442 	 0.009797 	 0.269314 	 0.505341
  443 	 0.006127 	 0.257833 	 0.503403
  444 	 0.006169 	 0.271220 	 0.498413
  445 	 0.006927 	 0.262150 	 0.501801
  446 	 0.005950 	 0.254450 	 0.511326
  447 	 0.005580 	 0.280878 	 0.511326
  448 	 0.006349 	 0.283618 	 0.506332
  449 	 0.006940 	 0.281800 	 0.505412
  450 	 0.006909 	 0.282417 	 0.505442
  451 	 0.006909 	 0.278887 	 0.507142
  452 	 0.006954 	 0.282302 	 0.505442
  453 	 0.006939 	 0.279624 	 0.498361
  454 	 0.006511 	 0.266988 	 0.499999
  455 	 0.006912 	 0.263749 	 0.501152
  456 	 0.006929 	 0.266765 	 0.503562
  457 	 0.005462 	 0.276499 	 0.503562
  458 	 0.006873 	 0.281008 	 0.505710
  459 	 0.006147 	 0.313496 	 0.503562
  460 	 0.006205 	 0.282246 	 0.503456
  461 	 0.006789 	 0.263010 	 0.492693
  462 	 0.006923 	 0.266588 	 0.502872
  463 	 0.004948 	 0.273607 	 0.499584
  464 	 0.006864 	 0.251056 	 0.499464
  465 	 0.006920 	 0.256928 	 0.502114
  466 	 0.006913 	 0.264495 	 0.507661
  467 	 0.007038 	 0.268696 	 0.507661
  468 	 0.006659 	 0.264762 	 0.498451
  469 	 0.005385 	 0.265232 	 0.498451
  470 	 0.006976 	 0.279687 	 0.500647
  471 	 0.006699 	 0.258250 	 0.501442
  472 	 0.009442 	 0.286048 	 0.506492
  473 	 0.006827 	 0.286272 	 0.510871
  474 	 0.006845 	 0.282694 	 0.511008
  475 	 0.006827 	 0.279215 	 0.507275
  476 	 0.006975 	 0.259080 	 0.507195
  477 	 0.006057 	 0.272871 	 0.507401
  478 	 0.005469 	 0.271797 	 0.507401
  479 	 0.008961 	 0.306487 	 0.507492
  480 	 0.006899 	 0.298424 	 0.507522
  481 	 0.006936 	 0.278887 	 0.507522
  482 	 0.008250 	 0.287404 	 0.508597
  483 	 0.006962 	 0.278528 	 0.508597
  484 	 0.006964 	 0.284563 	 0.509965
  485 	 0.009825 	 0.280784 	 0.508912
  486 	 0.006663 	 0.260413 	 0.509221
  487 	 0.006937 	 0.263855 	 0.503379
  488 	 0.006919 	 0.259948 	 0.505526
  489 	 0.005504 	 0.267127 	 0.500401
  490 	 0.006870 	 0.278701 	 0.507363
  491 	 0.006962 	 0.262575 	 0.502372
  492 	 0.006910 	 0.277118 	 0.502499
  493 	 0.006867 	 0.286797 	 0.510840
  494 	 0.006861 	 0.279116 	 0.510840
  495 	 0.006854 	 0.295386 	 0.510926
  496 	 0.006653 	 0.301006 	 0.510875
  497 	 0.006910 	 0.318920 	 0.508321
  498 	 0.005987 	 0.309211 	 0.505800
  499 	 0.006893 	 0.290183 	 0.505800
 