   0 	 0.000045 	 0.000164 	 0.000966
    1 	 0.000081 	 0.000272 	 0.002235
    2 	 0.000063 	 0.000419 	 0.002608
    3 	 0.000170 	 0.000591 	 0.002396
    4 	 0.000048 	 0.000779 	 0.002408
    5 	 0.000048 	 0.001040 	 0.004127
    6 	 0.000100 	 0.001341 	 0.004348
    7 	 0.000049 	 0.001831 	 0.006438
    8 	 0.000095 	 0.002261 	 0.006772
    9 	 0.000438 	 0.002467 	 0.006772
   10 	 0.000048 	 0.002700 	 0.006821
   11 	 0.000257 	 0.002875 	 0.007512
   12 	 0.000190 	 0.003510 	 0.008125
   13 	 0.001155 	 0.004337 	 0.008133
   14 	 0.000899 	 0.005044 	 0.009429
   15 	 0.000049 	 0.005833 	 0.009817
   16 	 0.000189 	 0.006340 	 0.009846
   17 	 0.000048 	 0.006548 	 0.009647
   18 	 0.001421 	 0.006871 	 0.009480
   19 	 0.000196 	 0.007177 	 0.009464
   20 	 0.000098 	 0.007383 	 0.010635
   21 	 0.000096 	 0.007435 	 0.009782
   22 	 0.000379 	 0.008086 	 0.010132
   23 	 0.000389 	 0.008475 	 0.011585
   24 	 0.000193 	 0.008658 	 0.011763
   25 	 0.000485 	 0.009052 	 0.011763
   26 	 0.000195 	 0.009340 	 0.011994
   27 	 0.000049 	 0.009602 	 0.013266
   28 	 0.000049 	 0.009479 	 0.012506
   29 	 0.004421 	 0.009808 	 0.013588
   30 	 0.005600 	 0.010024 	 0.014681
   31 	 0.000493 	 0.010198 	 0.014681
   32 	 0.000382 	 0.010068 	 0.014704
   33 	 0.003198 	 0.010708 	 0.015589
   34 	 0.001498 	 0.011091 	 0.015589
   35 	 0.000196 	 0.012231 	 0.016022
   36 	 0.000049 	 0.013178 	 0.017111
   37 	 0.000250 	 0.013584 	 0.019134
   38 	 0.000195 	 0.014037 	 0.020258
   39 	 0.000098 	 0.014664 	 0.021722
   40 	 0.000195 	 0.015284 	 0.019654
   41 	 0.006228 	 0.016021 	 0.019913
   42 	 0.001905 	 0.017026 	 0.021595
   43 	 0.000097 	 0.017712 	 0.020832
   44 	 0.000049 	 0.018460 	 0.021250
   45 	 0.003657 	 0.019225 	 0.021068
   46 	 0.000251 	 0.019465 	 0.021456
   47 	 0.000097 	 0.019489 	 0.021369
   48 	 0.000993 	 0.019967 	 0.021304
   49 	 0.000195 	 0.020028 	 0.021708
   50 	 0.003059 	 0.020295 	 0.022356
   51 	 0.000097 	 0.020208 	 0.021523
   52 	 0.000195 	 0.020272 	 0.021393
   53 	 0.005208 	 0.020721 	 0.022157
   54 	 0.000194 	 0.020083 	 0.022313
   55 	 0.016049 	 0.020931 	 0.021659
   56 	 0.000250 	 0.020308 	 0.021704
   57 	 0.000049 	 0.020424 	 0.021621
   58 	 0.000250 	 0.020495 	 0.021833
   59 	 0.001531 	 0.020890 	 0.021897
   60 	 0.003026 	 0.020735 	 0.021922
   61 	 0.000049 	 0.020718 	 0.021911
   62 	 0.002026 	 0.020718 	 0.021952
   63 	 0.000193 	 0.020678 	 0.022064
   64 	 0.010475 	 0.021275 	 0.023695
   65 	 0.000782 	 0.021072 	 0.022283
   66 	 0.003096 	 0.021393 	 0.022283
   67 	 0.002018 	 0.021310 	 0.022273
   68 	 0.000195 	 0.021547 	 0.022283
   69 	 0.000195 	 0.021467 	 0.022366
   70 	 0.000251 	 0.021327 	 0.022528
   71 	 0.001997 	 0.021773 	 0.022528
   72 	 0.000097 	 0.021236 	 0.022489
   73 	 0.009106 	 0.021999 	 0.022567
   74 	 0.000195 	 0.021603 	 0.022629
   75 	 0.019822 	 0.022096 	 0.022542
   76 	 0.000775 	 0.021207 	 0.022724
   77 	 0.000390 	 0.021452 	 0.022828
   78 	 0.000195 	 0.021775 	 0.025126
   79 	 0.000049 	 0.021723 	 0.024620
   80 	 0.000097 	 0.021358 	 0.026228
   81 	 0.000097 	 0.021789 	 0.025327
   82 	 0.000097 	 0.021722 	 0.025767
   83 	 0.001985 	 0.022376 	 0.025706
   84 	 0.008813 	 0.022844 	 0.026021
   85 	 0.000049 	 0.022585 	 0.026886
   86 	 0.000251 	 0.023076 	 0.027010
   87 	 0.000195 	 0.024626 	 0.027356
   88 	 0.000049 	 0.024565 	 0.027356
   89 	 0.000049 	 0.025483 	 0.027356
   90 	 0.000389 	 0.025771 	 0.027363
   91 	 0.003289 	 0.026300 	 0.027381
   92 	 0.000777 	 0.025719 	 0.027381
   93 	 0.000250 	 0.025960 	 0.027373
   94 	 0.000049 	 0.026375 	 0.027373
   95 	 0.000049 	 0.026225 	 0.027506
   96 	 0.000097 	 0.025930 	 0.027505
   97 	 0.000501 	 0.026247 	 0.027499
   98 	 0.000097 	 0.026409 	 0.027709
   99 	 0.000049 	 0.026315 	 0.027775
  100 	 0.000195 	 0.026248 	 0.027983
  101 	 0.000250 	 0.026585 	 0.027751
  102 	 0.007580 	 0.026652 	 0.027777
  103 	 0.000250 	 0.026516 	 0.027831
  104 	 0.000049 	 0.026219 	 0.027802
  105 	 0.000097 	 0.026516 	 0.028054
  106 	 0.000049 	 0.026892 	 0.028172
  107 	 0.000994 	 0.026457 	 0.028170
  108 	 0.000390 	 0.026768 	 0.028155
  109 	 0.006901 	 0.027030 	 0.028210
  110 	 0.000778 	 0.027057 	 0.028283
  111 	 0.000251 	 0.026625 	 0.028283
  112 	 0.000097 	 0.026863 	 0.028363
  113 	 0.000996 	 0.027111 	 0.028431
  114 	 0.000049 	 0.026795 	 0.028431
  115 	 0.000250 	 0.027280 	 0.028392
  116 	 0.000500 	 0.027426 	 0.028422
  117 	 0.000097 	 0.027375 	 0.028426
  118 	 0.001001 	 0.028112 	 0.028477
  119 	 0.001000 	 0.027698 	 0.028498
  120 	 0.000049 	 0.027059 	 0.028503
  121 	 0.014768 	 0.028155 	 0.028551
  122 	 0.005047 	 0.028101 	 0.028567
  123 	 0.000195 	 0.026884 	 0.028567
  124 	 0.000390 	 0.027991 	 0.028573
  125 	 0.000250 	 0.028080 	 0.028594
  126 	 0.000049 	 0.027855 	 0.028609
  127 	 0.000501 	 0.027929 	 0.028624
  128 	 0.000390 	 0.027439 	 0.028613
  129 	 0.000195 	 0.027756 	 0.028630
  130 	 0.000251 	 0.027757 	 0.028671
  131 	 0.001037 	 0.028122 	 0.028673
  132 	 0.000097 	 0.027716 	 0.028684
  133 	 0.000389 	 0.028156 	 0.028694
  134 	 0.005948 	 0.027597 	 0.028716
  135 	 0.000249 	 0.027713 	 0.028716
  136 	 0.000251 	 0.027514 	 0.028718
  137 	 0.000779 	 0.027812 	 0.028732
  138 	 0.000763 	 0.027990 	 0.028723
  139 	 0.000253 	 0.028127 	 0.028737
  140 	 0.000049 	 0.027897 	 0.028737
  141 	 0.000251 	 0.028322 	 0.028732
  142 	 0.003341 	 0.028101 	 0.028735
  143 	 0.000389 	 0.027821 	 0.028735
  144 	 0.000049 	 0.028238 	 0.028743
  145 	 0.000251 	 0.028129 	 0.028744
  146 	 0.000501 	 0.028192 	 0.028745
  147 	 0.000195 	 0.027752 	 0.028744
  148 	 0.018826 	 0.028550 	 0.028747
  149 	 0.000097 	 0.027876 	 0.028745
  150 	 0.001555 	 0.028113 	 0.028746
  151 	 0.000389 	 0.027796 	 0.028747
  152 	 0.000251 	 0.027849 	 0.028748
  153 	 0.000097 	 0.027963 	 0.028753
  154 	 0.001556 	 0.027854 	 0.028754
  155 	 0.001556 	 0.027990 	 0.028752
  156 	 0.000251 	 0.027875 	 0.028754
  157 	 0.000501 	 0.028296 	 0.028755
  158 	 0.009409 	 0.028476 	 0.028758
  159 	 0.009144 	 0.028486 	 0.028758
  160 	 0.000097 	 0.027688 	 0.028755
  161 	 0.000097 	 0.028160 	 0.028755
  162 	 0.000251 	 0.027882 	 0.028757
  163 	 0.000779 	 0.028022 	 0.028757
  164 	 0.000195 	 0.027900 	 0.028760
  165 	 0.000049 	 0.027484 	 0.028759
  166 	 0.000049 	 0.027904 	 0.028760
  167 	 0.000390 	 0.028134 	 0.028758
  168 	 0.000501 	 0.028046 	 0.028758
  169 	 0.000501 	 0.027939 	 0.028761
  170 	 0.000251 	 0.027315 	 0.028761
  171 	 0.000251 	 0.028231 	 0.028768
  172 	 0.003955 	 0.028282 	 0.028766
  173 	 0.000195 	 0.027888 	 0.028766
  174 	 0.000251 	 0.027574 	 0.028767
  175 	 0.001001 	 0.028169 	 0.028770
  176 	 0.000049 	 0.027915 	 0.034554
  177 	 0.000392 	 0.028086 	 0.034498
  178 	 0.000097 	 0.027843 	 0.028771
  179 	 0.001555 	 0.028315 	 0.028771
  180 	 0.000501 	 0.027950 	 0.028773
  181 	 0.001001 	 0.028092 	 0.028773
  182 	 0.000390 	 0.028455 	 0.028772
  183 	 0.000501 	 0.027756 	 0.028773
  184 	 0.000049 	 0.028351 	 0.028773
  185 	 0.001553 	 0.027996 	 0.028774
  186 	 0.000097 	 0.027611 	 0.028773
  187 	 0.000501 	 0.027576 	 0.028773
  188 	 0.000097 	 0.027659 	 0.028774
  189 	 0.000195 	 0.028210 	 0.028774
  190 	 0.000501 	 0.028121 	 0.028774
  191 	 0.000049 	 0.027381 	 0.028774
  192 	 0.000049 	 0.028019 	 0.028775
  193 	 0.000779 	 0.027752 	 0.028774
  194 	 0.000098 	 0.027913 	 0.028774
  195 	 0.000195 	 0.028154 	 0.028938
  196 	 0.000049 	 0.027654 	 0.028943
  197 	 0.000251 	 0.027714 	 0.028943
  198 	 0.000049 	 0.027516 	 0.028943
  199 	 0.003097 	 0.028110 	 0.028943
  200 	 0.000195 	 0.027888 	 0.028942
  201 	 0.000779 	 0.027880 	 0.028942
  202 	 0.000097 	 0.026880 	 0.028942
  203 	 0.000501 	 0.025953 	 0.028943
  204 	 0.004670 	 0.026760 	 0.028945
  205 	 0.000049 	 0.026606 	 0.028947
  206 	 0.000195 	 0.026537 	 0.028942
  207 	 0.000097 	 0.026408 	 0.028946
  208 	 0.003351 	 0.027292 	 0.028948
  209 	 0.000999 	 0.027522 	 0.028987
  210 	 0.000097 	 0.028179 	 0.028975
  211 	 0.000049 	 0.027909 	 0.028975
  212 	 0.000097 	 0.028284 	 0.028954
  213 	 0.003097 	 0.028304 	 0.028954
  214 	 0.000390 	 0.028116 	 0.028954
  215 	 0.001000 	 0.028282 	 0.028954
  216 	 0.000779 	 0.028174 	 0.028954
  217 	 0.000049 	 0.028047 	 0.028954
  218 	 0.000501 	 0.027981 	 0.028956
  219 	 0.000779 	 0.028154 	 0.028956
  220 	 0.005924 	 0.028462 	 0.028954
  221 	 0.000049 	 0.028440 	 0.028954
  222 	 0.001995 	 0.028498 	 0.028956
  223 	 0.000097 	 0.027773 	 0.028956
  224 	 0.000779 	 0.028352 	 0.028956
  225 	 0.000501 	 0.027950 	 0.028956
  226 	 0.000390 	 0.028496 	 0.028956
  227 	 0.000049 	 0.027885 	 0.028955
  228 	 0.000390 	 0.028345 	 0.028956
  229 	 0.000390 	 0.027957 	 0.028957
  230 	 0.000501 	 0.028509 	 0.028957
  231 	 0.000251 	 0.028524 	 0.028957
  232 	 0.000049 	 0.028247 	 0.028957
  233 	 0.000779 	 0.028473 	 0.028957
  234 	 0.000251 	 0.028015 	 0.028957
  235 	 0.000049 	 0.028633 	 0.028957
  236 	 0.000049 	 0.027813 	 0.028957
  237 	 0.000049 	 0.027757 	 0.028957
  238 	 0.000390 	 0.028228 	 0.028962
  239 	 0.000049 	 0.027924 	 0.028963
  240 	 0.000779 	 0.027933 	 0.028964
  241 	 0.000390 	 0.028025 	 0.028957
  242 	 0.000097 	 0.027334 	 0.028957
  243 	 0.000049 	 0.028411 	 0.028957
  244 	 0.000195 	 0.027583 	 0.028958
  245 	 0.006091 	 0.028414 	 0.028958
  246 	 0.006096 	 0.028537 	 0.028958
  247 	 0.000097 	 0.028168 	 0.028958
  248 	 0.000195 	 0.027995 	 0.028958
  249 	 0.000390 	 0.028028 	 0.028958
  250 	 0.001994 	 0.027988 	 0.028958
  251 	 0.000097 	 0.028104 	 0.028958
  252 	 0.000195 	 0.027947 	 0.028958
  253 	 0.000390 	 0.027896 	 0.028958
  254 	 0.000195 	 0.027790 	 0.028958
  255 	 0.000779 	 0.028254 	 0.028958
  256 	 0.000195 	 0.028516 	 0.028958
  257 	 0.003099 	 0.028256 	 0.028959
  258 	 0.003099 	 0.028036 	 0.028959
  259 	 0.003101 	 0.028287 	 0.028959
  260 	 0.005302 	 0.028557 	 0.028959
  261 	 0.003355 	 0.028452 	 0.028959
  262 	 0.000097 	 0.027496 	 0.028959
  263 	 0.000049 	 0.028321 	 0.028959
  264 	 0.000049 	 0.028294 	 0.028959
  265 	 0.000390 	 0.028097 	 0.028959
  266 	 0.003099 	 0.028054 	 0.028959
  267 	 0.000195 	 0.028194 	 0.028959
  268 	 0.000049 	 0.028093 	 0.028959
  269 	 0.003951 	 0.027869 	 0.028959
  270 	 0.000501 	 0.028008 	 0.028959
  271 	 0.000200 	 0.027968 	 0.028959
  272 	 0.000195 	 0.027970 	 0.028959
  273 	 0.000049 	 0.027795 	 0.028959
  274 	 0.000390 	 0.028292 	 0.028959
  275 	 0.000049 	 0.028054 	 0.028959
  276 	 0.000501 	 0.028077 	 0.028959
  277 	 0.000195 	 0.028232 	 0.028959
  278 	 0.000195 	 0.027818 	 0.028959
  279 	 0.000049 	 0.027873 	 0.028959
  280 	 0.000251 	 0.028039 	 0.028959
  281 	 0.000049 	 0.027932 	 0.028959
  282 	 0.000097 	 0.028350 	 0.028959
  283 	 0.000390 	 0.028322 	 0.028959
  284 	 0.000195 	 0.028239 	 0.028959
  285 	 0.001556 	 0.028591 	 0.028959
  286 	 0.000195 	 0.028211 	 0.028960
  287 	 0.000097 	 0.028480 	 0.028960
  288 	 0.001994 	 0.027569 	 0.028960
  289 	 0.000251 	 0.028334 	 0.028960
  290 	 0.000501 	 0.028085 	 0.028960
  291 	 0.000501 	 0.027898 	 0.028960
  292 	 0.000195 	 0.028453 	 0.028960
  293 	 0.000049 	 0.027996 	 0.028960
  294 	 0.003951 	 0.028374 	 0.028960
  295 	 0.000193 	 0.027875 	 0.028960
  296 	 0.000097 	 0.027949 	 0.029634
  297 	 0.001994 	 0.028448 	 0.028960
  298 	 0.000390 	 0.028294 	 0.030378
  299 	 0.000195 	 0.027790 	 0.030377
  300 	 0.000251 	 0.027994 	 0.030377
  301 	 0.000390 	 0.027988 	 0.030375
  302 	 0.001557 	 0.028336 	 0.030378
  303 	 0.001896 	 0.028455 	 0.030385
  304 	 0.000251 	 0.027830 	 0.030376
  305 	 0.000195 	 0.027830 	 0.028960
  306 	 0.005929 	 0.028418 	 0.028960
  307 	 0.001000 	 0.028305 	 0.028960
  308 	 0.000251 	 0.028135 	 0.028960
  309 	 0.000049 	 0.028131 	 0.028960
  310 	 0.000049 	 0.027926 	 0.028960
  311 	 0.009686 	 0.028583 	 0.028960
  312 	 0.001556 	 0.028428 	 0.028960
  313 	 0.000501 	 0.028133 	 0.028960
  314 	 0.000049 	 0.027899 	 0.028960
  315 	 0.003950 	 0.028262 	 0.028960
  316 	 0.000049 	 0.027908 	 0.028960
  317 	 0.000250 	 0.027989 	 0.028960
  318 	 0.003352 	 0.028435 	 0.028960
  319 	 0.011453 	 0.028614 	 0.028960
  320 	 0.000097 	 0.028244 	 0.028960
  321 	 0.001000 	 0.028243 	 0.028960
  322 	 0.000049 	 0.028125 	 0.028960
  323 	 0.000195 	 0.027870 	 0.028960
  324 	 0.000097 	 0.028015 	 0.028960
  325 	 0.000195 	 0.028059 	 0.028960
  326 	 0.000390 	 0.028246 	 0.028960
  327 	 0.001000 	 0.028519 	 0.028960
  328 	 0.000385 	 0.028097 	 0.028960
  329 	 0.005291 	 0.028757 	 0.028960
  330 	 0.000251 	 0.028709 	 0.028960
  331 	 0.000390 	 0.028028 	 0.028960
  332 	 0.000197 	 0.028104 	 0.028960
  333 	 0.000779 	 0.028465 	 0.028960
  334 	 0.000097 	 0.028061 	 0.028960
  335 	 0.003099 	 0.028377 	 0.028960
  336 	 0.001994 	 0.028364 	 0.028960
  337 	 0.000049 	 0.027894 	 0.028960
  338 	 0.000049 	 0.028137 	 0.028960
  339 	 0.000049 	 0.027967 	 0.028960
  340 	 0.000390 	 0.028290 	 0.028960
  341 	 0.001000 	 0.028347 	 0.028960
  342 	 0.000779 	 0.028042 	 0.028960
  343 	 0.000251 	 0.028540 	 0.028960
  344 	 0.000779 	 0.027594 	 0.028960
  345 	 0.000049 	 0.027829 	 0.028960
  346 	 0.000097 	 0.027599 	 0.028960
  347 	 0.001001 	 0.028070 	 0.028960
  348 	 0.001995 	 0.028134 	 0.028960
  349 	 0.001000 	 0.028284 	 0.028960
  350 	 0.000049 	 0.028235 	 0.028960
  351 	 0.000500 	 0.028280 	 0.028960
  352 	 0.000195 	 0.027727 	 0.028960
  353 	 0.000779 	 0.028454 	 0.028960
  354 	 0.000251 	 0.028243 	 0.028960
  355 	 0.000251 	 0.027999 	 0.028960
  356 	 0.007657 	 0.028491 	 0.028960
  357 	 0.000130 	 0.028339 	 0.028960
  358 	 0.000097 	 0.027780 	 0.028960
  359 	 0.001000 	 0.027594 	 0.028960
  360 	 0.013823 	 0.028688 	 0.028960
  361 	 0.000251 	 0.028552 	 0.028960
  362 	 0.000251 	 0.028249 	 0.028960
  363 	 0.000390 	 0.027776 	 0.028960
  364 	 0.000195 	 0.027891 	 0.028960
  365 	 0.000097 	 0.028034 	 0.028960
  366 	 0.000195 	 0.028030 	 0.028960
  367 	 0.000049 	 0.027631 	 0.028960
  368 	 0.001994 	 0.028377 	 0.028960
  369 	 0.000195 	 0.028208 	 0.028960
  370 	 0.000195 	 0.028297 	 0.028960
  371 	 0.005934 	 0.028342 	 0.028960
  372 	 0.000049 	 0.027819 	 0.028960
  373 	 0.000390 	 0.028386 	 0.028960
  374 	 0.000049 	 0.027961 	 0.028960
  375 	 0.000501 	 0.028178 	 0.028960
  376 	 0.000097 	 0.027877 	 0.028960
  377 	 0.000195 	 0.028091 	 0.028960
  378 	 0.000251 	 0.028122 	 0.028960
  379 	 0.007657 	 0.028080 	 0.028960
  380 	 0.000195 	 0.028099 	 0.028960
  381 	 0.000097 	 0.027818 	 0.028960
  382 	 0.007644 	 0.028428 	 0.028960
  383 	 0.000779 	 0.027884 	 0.028960
  384 	 0.001557 	 0.028141 	 0.028960
  385 	 0.001000 	 0.028383 	 0.029039
  386 	 0.000252 	 0.028278 	 0.029039
  387 	 0.001000 	 0.028149 	 0.028960
  388 	 0.001994 	 0.028452 	 0.028960
  389 	 0.000766 	 0.028364 	 0.028960
  390 	 0.003099 	 0.028366 	 0.028960
  391 	 0.015901 	 0.028744 	 0.028960
  392 	 0.000195 	 0.028120 	 0.028960
  393 	 0.012565 	 0.028633 	 0.028960
  394 	 0.000049 	 0.027997 	 0.028960
  395 	 0.005292 	 0.028228 	 0.028960
  396 	 0.000097 	 0.028349 	 0.028960
  397 	 0.000390 	 0.028274 	 0.028960
  398 	 0.000097 	 0.028116 	 0.028960
  399 	 0.000251 	 0.027773 	 0.028960
  400 	 0.000251 	 0.028420 	 0.028960
  401 	 0.000251 	 0.028409 	 0.028960
  402 	 0.000049 	 0.027380 	 0.028960
  403 	 0.000195 	 0.027837 	 0.028960
  404 	 0.001556 	 0.028307 	 0.028960
  405 	 0.000049 	 0.027326 	 0.028960
  406 	 0.000049 	 0.027918 	 0.028960
  407 	 0.000097 	 0.027839 	 0.028960
  408 	 0.000049 	 0.027685 	 0.028960
  409 	 0.000049 	 0.027764 	 0.028960
  410 	 0.000390 	 0.028126 	 0.028960
  411 	 0.000097 	 0.027694 	 0.028960
  412 	 0.000501 	 0.027952 	 0.028960
  413 	 0.000195 	 0.028322 	 0.028960
  414 	 0.000049 	 0.027777 	 0.028960
  415 	 0.000779 	 0.028408 	 0.028960
  416 	 0.000501 	 0.028212 	 0.028960
  417 	 0.000049 	 0.027913 	 0.028960
  418 	 0.003099 	 0.028073 	 0.028960
  419 	 0.000097 	 0.027680 	 0.028960
  420 	 0.000251 	 0.028138 	 0.028960
  421 	 0.000049 	 0.028227 	 0.028960
  422 	 0.000195 	 0.028294 	 0.028960
  423 	 0.000195 	 0.028090 	 0.028960
  424 	 0.000389 	 0.028337 	 0.028960
  425 	 0.000097 	 0.027691 	 0.028960
  426 	 0.000501 	 0.027786 	 0.028960
  427 	 0.000251 	 0.028227 	 0.028960
  428 	 0.000049 	 0.027969 	 0.028960
  429 	 0.000097 	 0.028059 	 0.028960
  430 	 0.000390 	 0.028273 	 0.028960
  431 	 0.000390 	 0.027985 	 0.028960
  432 	 0.000252 	 0.028315 	 0.028960
  433 	 0.000779 	 0.028100 	 0.028960
  434 	 0.000779 	 0.028178 	 0.028960
  435 	 0.000251 	 0.028090 	 0.028960
  436 	 0.000049 	 0.028159 	 0.028960
  437 	 0.000195 	 0.027814 	 0.028960
  438 	 0.001994 	 0.028314 	 0.028960
  439 	 0.000097 	 0.028179 	 0.028960
  440 	 0.000390 	 0.028069 	 0.028960
  441 	 0.009418 	 0.028559 	 0.028960
  442 	 0.000779 	 0.028349 	 0.028960
  443 	 0.000097 	 0.028180 	 0.028960
  444 	 0.001000 	 0.028362 	 0.028960
  445 	 0.001000 	 0.028201 	 0.028960
  446 	 0.023273 	 0.028772 	 0.028960
  447 	 0.001995 	 0.028389 	 0.028960
  448 	 0.000501 	 0.028448 	 0.028960
  449 	 0.000049 	 0.028367 	 0.028960
  450 	 0.000779 	 0.028161 	 0.028960
  451 	 0.000097 	 0.028472 	 0.028960
  452 	 0.007657 	 0.028670 	 0.028960
  453 	 0.000049 	 0.027691 	 0.028960
  454 	 0.000779 	 0.027956 	 0.028960
  455 	 0.000251 	 0.028205 	 0.028960
  456 	 0.000778 	 0.028152 	 0.028960
  457 	 0.001557 	 0.027758 	 0.028960
  458 	 0.000049 	 0.028502 	 0.028960
  459 	 0.000195 	 0.028590 	 0.028960
  460 	 0.000049 	 0.028076 	 0.028960
  461 	 0.000195 	 0.027684 	 0.028960
  462 	 0.000251 	 0.028062 	 0.028960
  463 	 0.000049 	 0.028307 	 0.028960
  464 	 0.000390 	 0.027925 	 0.028960
  465 	 0.000501 	 0.027965 	 0.028960
  466 	 0.000251 	 0.027988 	 0.028960
  467 	 0.000779 	 0.027821 	 0.028960
  468 	 0.002003 	 0.028401 	 0.028960
  469 	 0.000049 	 0.028117 	 0.028960
  470 	 0.000501 	 0.028266 	 0.028960
  471 	 0.000097 	 0.027339 	 0.028960
  472 	 0.000195 	 0.028210 	 0.028960
  473 	 0.000251 	 0.028070 	 0.028960
  474 	 0.000251 	 0.027690 	 0.028960
  475 	 0.001557 	 0.027891 	 0.028960
  476 	 0.000097 	 0.028095 	 0.028960
  477 	 0.000049 	 0.027788 	 0.028960
  478 	 0.000097 	 0.028190 	 0.028960
  479 	 0.000779 	 0.028062 	 0.028960
  480 	 0.000779 	 0.028073 	 0.028960
  481 	 0.000195 	 0.028149 	 0.028960
  482 	 0.000049 	 0.028449 	 0.028960
  483 	 0.000097 	 0.027594 	 0.028960
  484 	 0.000251 	 0.028068 	 0.028960
  485 	 0.000097 	 0.027532 	 0.028960
  486 	 0.003353 	 0.028472 	 0.028960
  487 	 0.003951 	 0.028174 	 0.028960
  488 	 0.000251 	 0.027807 	 0.028960
  489 	 0.000390 	 0.028020 	 0.028960
  490 	 0.000391 	 0.028440 	 0.028960
  491 	 0.000390 	 0.028092 	 0.028960
  492 	 0.005291 	 0.028379 	 0.028960
  493 	 0.000097 	 0.028170 	 0.028960
  494 	 0.000251 	 0.027754 	 0.028960
  495 	 0.000195 	 0.028427 	 0.028960
  496 	 0.000390 	 0.028259 	 0.028960
  497 	 0.000390 	 0.028151 	 0.028960
  498 	 0.000195 	 0.028067 	 0.028960
  499 	 0.000097 	 0.027889 	 0.028960
 