   0 	 0.003449 	 0.010600 	 0.025405
    1 	 0.004409 	 0.014009 	 0.052721
    2 	 0.004234 	 0.016397 	 0.052721
    3 	 0.005421 	 0.018324 	 0.061247
    4 	 0.005736 	 0.019600 	 0.062826
    5 	 0.005998 	 0.022278 	 0.066395
    6 	 0.005790 	 0.025686 	 0.083517
    7 	 0.006704 	 0.028582 	 0.087380
    8 	 0.005859 	 0.034058 	 0.102624
    9 	 0.006575 	 0.038103 	 0.109909
   10 	 0.006241 	 0.041539 	 0.118183
   11 	 0.007148 	 0.045073 	 0.140869
   12 	 0.004691 	 0.047494 	 0.140647
   13 	 0.004550 	 0.051201 	 0.157639
   14 	 0.007289 	 0.050688 	 0.168517
   15 	 0.007043 	 0.055641 	 0.168417
   16 	 0.008174 	 0.059952 	 0.180185
   17 	 0.005427 	 0.063484 	 0.188279
   18 	 0.007258 	 0.067576 	 0.169882
   19 	 0.004480 	 0.069833 	 0.187168
   20 	 0.007482 	 0.073190 	 0.176298
   21 	 0.006445 	 0.078020 	 0.172543
   22 	 0.006605 	 0.082163 	 0.179441
   23 	 0.006451 	 0.081989 	 0.214166
   24 	 0.006789 	 0.086101 	 0.203034
   25 	 0.007361 	 0.088708 	 0.213798
   26 	 0.008122 	 0.088850 	 0.189020
   27 	 0.006874 	 0.089984 	 0.189020
   28 	 0.006617 	 0.094187 	 0.206755
   29 	 0.006916 	 0.094180 	 0.229298
   30 	 0.008387 	 0.099628 	 0.232436
   31 	 0.006807 	 0.105952 	 0.241594
   32 	 0.006249 	 0.109653 	 0.266613
   33 	 0.007156 	 0.116770 	 0.267510
   34 	 0.007156 	 0.120120 	 0.264487
   35 	 0.004947 	 0.129243 	 0.268588
   36 	 0.004933 	 0.126019 	 0.289676
   37 	 0.005491 	 0.136940 	 0.301819
   38 	 0.006817 	 0.146922 	 0.313478
   39 	 0.008270 	 0.150090 	 0.313478
   40 	 0.006142 	 0.154226 	 0.309832
   41 	 0.005269 	 0.151752 	 0.316304
   42 	 0.006909 	 0.153822 	 0.349279
   43 	 0.009877 	 0.157976 	 0.349279
   44 	 0.006900 	 0.163042 	 0.349264
   45 	 0.007014 	 0.162933 	 0.349264
   46 	 0.006974 	 0.166769 	 0.349264
   47 	 0.007152 	 0.160929 	 0.349192
   48 	 0.006858 	 0.166115 	 0.349192
   49 	 0.006816 	 0.171796 	 0.348824
   50 	 0.006836 	 0.180472 	 0.334338
   51 	 0.006793 	 0.169358 	 0.327165
   52 	 0.006897 	 0.171305 	 0.331858
   53 	 0.006110 	 0.168835 	 0.331858
   54 	 0.006980 	 0.179295 	 0.337395
   55 	 0.006675 	 0.170941 	 0.342745
   56 	 0.006909 	 0.160582 	 0.352857
   57 	 0.005987 	 0.167383 	 0.365563
   58 	 0.006178 	 0.177006 	 0.352857
   59 	 0.006967 	 0.174347 	 0.352857
   60 	 0.006510 	 0.170013 	 0.352857
   61 	 0.006881 	 0.178317 	 0.355473
   62 	 0.006709 	 0.174909 	 0.380341
   63 	 0.006885 	 0.174205 	 0.400920
   64 	 0.006062 	 0.184898 	 0.368018
   65 	 0.006062 	 0.189590 	 0.374863
   66 	 0.007026 	 0.179381 	 0.374863
   67 	 0.006137 	 0.184800 	 0.397463
   68 	 0.007011 	 0.189437 	 0.396135
   69 	 0.006915 	 0.176883 	 0.403681
   70 	 0.006903 	 0.178848 	 0.403681
   71 	 0.006829 	 0.187773 	 0.403681
   72 	 0.006898 	 0.186926 	 0.408612
   73 	 0.006842 	 0.197450 	 0.411128
   74 	 0.006752 	 0.186528 	 0.414627
   75 	 0.006921 	 0.184101 	 0.415608
   76 	 0.009151 	 0.191720 	 0.416470
   77 	 0.006882 	 0.192569 	 0.416470
   78 	 0.007053 	 0.200281 	 0.417111
   79 	 0.009421 	 0.198162 	 0.425780
   80 	 0.006828 	 0.207601 	 0.425780
   81 	 0.006841 	 0.204195 	 0.425473
   82 	 0.006040 	 0.188130 	 0.425574
   83 	 0.006883 	 0.199728 	 0.433770
   84 	 0.006930 	 0.204297 	 0.417396
   85 	 0.005421 	 0.207720 	 0.416568
   86 	 0.006857 	 0.196239 	 0.411870
   87 	 0.009368 	 0.197163 	 0.411870
   88 	 0.006973 	 0.194005 	 0.421864
   89 	 0.007025 	 0.185243 	 0.419644
   90 	 0.005533 	 0.173207 	 0.420626
   91 	 0.009468 	 0.193093 	 0.423717
   92 	 0.006795 	 0.205372 	 0.423970
   93 	 0.006788 	 0.198728 	 0.423970
   94 	 0.006507 	 0.198146 	 0.423970
   95 	 0.006920 	 0.206641 	 0.423970
   96 	 0.006842 	 0.210475 	 0.434556
   97 	 0.006657 	 0.213125 	 0.434556
   98 	 0.006984 	 0.206196 	 0.434556
   99 	 0.007077 	 0.216385 	 0.434556
  100 	 0.006862 	 0.213132 	 0.440253
  101 	 0.006406 	 0.224168 	 0.447781
  102 	 0.007094 	 0.233657 	 0.446374
  103 	 0.005516 	 0.226948 	 0.446110
  104 	 0.005517 	 0.220749 	 0.451841
  105 	 0.006579 	 0.218577 	 0.461133
  106 	 0.006907 	 0.223017 	 0.462149
  107 	 0.006864 	 0.227363 	 0.462053
  108 	 0.005855 	 0.227100 	 0.462053
  109 	 0.013143 	 0.232192 	 0.463318
  110 	 0.006877 	 0.235103 	 0.463318
  111 	 0.006942 	 0.231683 	 0.462053
  112 	 0.006214 	 0.249057 	 0.457528
  113 	 0.006603 	 0.250581 	 0.458598
  114 	 0.006885 	 0.246276 	 0.460443
  115 	 0.006951 	 0.226760 	 0.460443
  116 	 0.006132 	 0.242078 	 0.460443
  117 	 0.006993 	 0.256839 	 0.460443
  118 	 0.006939 	 0.247547 	 0.460443
  119 	 0.006895 	 0.234191 	 0.460443
  120 	 0.009315 	 0.232572 	 0.460443
  121 	 0.010337 	 0.245333 	 0.460959
  122 	 0.006918 	 0.227267 	 0.456390
  123 	 0.007178 	 0.241326 	 0.462403
  124 	 0.006388 	 0.238434 	 0.462403
  125 	 0.005113 	 0.228552 	 0.451573
  126 	 0.009237 	 0.235325 	 0.451573
  127 	 0.006547 	 0.231746 	 0.455529
  128 	 0.006861 	 0.234441 	 0.461272
  129 	 0.006005 	 0.222455 	 0.455529
  130 	 0.006923 	 0.228934 	 0.455310
  131 	 0.009446 	 0.209418 	 0.455310
  132 	 0.006853 	 0.216078 	 0.450198
  133 	 0.005882 	 0.227307 	 0.447999
  134 	 0.006450 	 0.215980 	 0.459133
  135 	 0.006734 	 0.209530 	 0.450570
  136 	 0.006567 	 0.227785 	 0.454771
  137 	 0.006933 	 0.250432 	 0.458117
  138 	 0.009521 	 0.243809 	 0.459805
  139 	 0.006866 	 0.251423 	 0.453873
  140 	 0.006578 	 0.249729 	 0.453873
  141 	 0.006985 	 0.252573 	 0.460431
  142 	 0.006894 	 0.242860 	 0.459179
  143 	 0.006847 	 0.233484 	 0.463188
  144 	 0.009295 	 0.215472 	 0.463188
  145 	 0.009494 	 0.217335 	 0.464541
  146 	 0.006930 	 0.221328 	 0.467759
  147 	 0.006329 	 0.234161 	 0.463248
  148 	 0.006931 	 0.247933 	 0.463313
  149 	 0.006572 	 0.245502 	 0.463313
  150 	 0.006942 	 0.246912 	 0.467770
  151 	 0.006885 	 0.245414 	 0.467770
  152 	 0.006487 	 0.226379 	 0.467770
  153 	 0.007100 	 0.216814 	 0.467770
  154 	 0.006527 	 0.229129 	 0.455820
  155 	 0.006976 	 0.225169 	 0.455820
  156 	 0.006164 	 0.219981 	 0.454298
  157 	 0.006936 	 0.216068 	 0.459907
  158 	 0.006915 	 0.222505 	 0.449030
  159 	 0.007158 	 0.214846 	 0.448996
  160 	 0.006085 	 0.204044 	 0.449579
  161 	 0.006602 	 0.203765 	 0.449579
  162 	 0.006223 	 0.214731 	 0.449579
  163 	 0.006238 	 0.222392 	 0.449579
  164 	 0.009297 	 0.231806 	 0.449340
  165 	 0.006040 	 0.213207 	 0.446461
  166 	 0.006626 	 0.198129 	 0.447064
  167 	 0.006893 	 0.206578 	 0.452242
  168 	 0.006927 	 0.221405 	 0.458844
  169 	 0.006676 	 0.229497 	 0.458844
  170 	 0.005975 	 0.218239 	 0.458585
  171 	 0.009294 	 0.234049 	 0.458585
  172 	 0.006932 	 0.239994 	 0.457451
  173 	 0.006911 	 0.247307 	 0.457451
  174 	 0.007093 	 0.235511 	 0.457451
  175 	 0.006838 	 0.226163 	 0.453729
  176 	 0.006832 	 0.224330 	 0.456700
  177 	 0.006889 	 0.239023 	 0.459979
  178 	 0.006923 	 0.234545 	 0.463715
  179 	 0.006905 	 0.233043 	 0.462807
  180 	 0.006835 	 0.250602 	 0.458675
  181 	 0.006927 	 0.242543 	 0.458472
  182 	 0.006579 	 0.232781 	 0.461849
  183 	 0.006954 	 0.230626 	 0.463860
  184 	 0.008957 	 0.242122 	 0.465373
  185 	 0.005498 	 0.226415 	 0.464607
  186 	 0.006243 	 0.227391 	 0.465820
  187 	 0.006053 	 0.219575 	 0.464155
  188 	 0.006920 	 0.224366 	 0.462110
  189 	 0.006874 	 0.209204 	 0.462110
  190 	 0.006960 	 0.198827 	 0.462059
  191 	 0.006926 	 0.216427 	 0.464886
  192 	 0.007106 	 0.197409 	 0.463199
  193 	 0.005495 	 0.222020 	 0.463856
  194 	 0.007180 	 0.219318 	 0.463932
  195 	 0.008851 	 0.227985 	 0.456390
  196 	 0.006874 	 0.232872 	 0.456816
  197 	 0.005432 	 0.223201 	 0.456816
  198 	 0.005445 	 0.213885 	 0.464524
  199 	 0.005382 	 0.201508 	 0.461874
  200 	 0.005212 	 0.207209 	 0.462037
  201 	 0.005212 	 0.210718 	 0.463924
  202 	 0.006124 	 0.211531 	 0.463473
  203 	 0.006895 	 0.217160 	 0.452830
  204 	 0.006875 	 0.226594 	 0.451561
  205 	 0.006941 	 0.236625 	 0.452787
  206 	 0.006901 	 0.234950 	 0.461060
  207 	 0.009290 	 0.251711 	 0.458640
  208 	 0.005061 	 0.243702 	 0.453958
  209 	 0.007104 	 0.233289 	 0.453958
  210 	 0.006930 	 0.244416 	 0.456959
  211 	 0.007024 	 0.243550 	 0.456959
  212 	 0.006386 	 0.234942 	 0.446781
  213 	 0.005110 	 0.238223 	 0.459287
  214 	 0.006933 	 0.244943 	 0.459844
  215 	 0.007763 	 0.254792 	 0.458800
  216 	 0.006784 	 0.257573 	 0.458800
  217 	 0.006905 	 0.231422 	 0.447807
  218 	 0.006150 	 0.215221 	 0.450902
  219 	 0.006995 	 0.207327 	 0.450398
  220 	 0.006435 	 0.211387 	 0.454049
  221 	 0.008725 	 0.200155 	 0.454003
  222 	 0.006987 	 0.209313 	 0.450466
  223 	 0.007003 	 0.208725 	 0.450466
  224 	 0.006998 	 0.215593 	 0.455017
  225 	 0.006869 	 0.196776 	 0.450987
  226 	 0.006918 	 0.204902 	 0.448329
  227 	 0.006847 	 0.221213 	 0.448329
  228 	 0.009077 	 0.229641 	 0.448329
  229 	 0.006727 	 0.222345 	 0.448596
  230 	 0.006019 	 0.221562 	 0.445669
  231 	 0.006895 	 0.229977 	 0.445137
  232 	 0.006974 	 0.218714 	 0.440657
  233 	 0.006848 	 0.227660 	 0.449512
  234 	 0.006915 	 0.237086 	 0.452459
  235 	 0.008616 	 0.236987 	 0.452276
  236 	 0.006830 	 0.214900 	 0.452276
  237 	 0.008954 	 0.228383 	 0.454786
  238 	 0.006932 	 0.241375 	 0.450071
  239 	 0.008701 	 0.238814 	 0.449422
  240 	 0.006729 	 0.224454 	 0.448723
  241 	 0.007082 	 0.215081 	 0.450356
  242 	 0.006897 	 0.219402 	 0.448679
  243 	 0.007460 	 0.229469 	 0.449440
  244 	 0.006904 	 0.240963 	 0.451027
  245 	 0.006906 	 0.214312 	 0.453436
  246 	 0.007757 	 0.225436 	 0.443022
  247 	 0.006968 	 0.222280 	 0.451774
  248 	 0.005501 	 0.245673 	 0.453854
  249 	 0.009130 	 0.240730 	 0.445633
  250 	 0.005506 	 0.224141 	 0.446096
  251 	 0.006874 	 0.226377 	 0.463541
  252 	 0.006931 	 0.213829 	 0.453922
  253 	 0.006904 	 0.209307 	 0.451148
  254 	 0.006906 	 0.214139 	 0.450789
  255 	 0.006946 	 0.211661 	 0.459288
  256 	 0.006930 	 0.222326 	 0.462734
  257 	 0.005168 	 0.249186 	 0.460536
  258 	 0.006902 	 0.234672 	 0.460536
  259 	 0.006848 	 0.238616 	 0.460536
  260 	 0.006866 	 0.255882 	 0.461767
  261 	 0.007052 	 0.251704 	 0.459918
  262 	 0.006892 	 0.224557 	 0.462837
  263 	 0.006779 	 0.215050 	 0.457195
  264 	 0.009320 	 0.233572 	 0.458884
  265 	 0.005347 	 0.234971 	 0.459931
  266 	 0.006869 	 0.236663 	 0.459931
  267 	 0.006687 	 0.245907 	 0.464236
  268 	 0.006905 	 0.237908 	 0.465664
  269 	 0.006884 	 0.238548 	 0.459993
  270 	 0.007004 	 0.239110 	 0.459993
  271 	 0.006953 	 0.233889 	 0.459993
  272 	 0.006911 	 0.239291 	 0.461801
  273 	 0.007038 	 0.251729 	 0.465431
  274 	 0.005590 	 0.230549 	 0.465535
  275 	 0.006870 	 0.238162 	 0.464346
  276 	 0.006236 	 0.232074 	 0.452426
  277 	 0.006864 	 0.233638 	 0.457950
  278 	 0.007322 	 0.238440 	 0.451729
  279 	 0.006905 	 0.240038 	 0.457476
  280 	 0.006951 	 0.229390 	 0.461322
  281 	 0.007151 	 0.243095 	 0.457476
  282 	 0.006325 	 0.254879 	 0.452283
  283 	 0.009230 	 0.226212 	 0.461530
  284 	 0.007745 	 0.249437 	 0.450808
  285 	 0.007086 	 0.269470 	 0.455182
  286 	 0.006893 	 0.252824 	 0.457751
  287 	 0.007043 	 0.243513 	 0.448430
  288 	 0.005494 	 0.231741 	 0.451309
  289 	 0.006220 	 0.239689 	 0.452072
  290 	 0.006878 	 0.236940 	 0.451935
  291 	 0.006915 	 0.242668 	 0.451935
  292 	 0.006943 	 0.241414 	 0.442615
  293 	 0.005005 	 0.221027 	 0.435178
  294 	 0.006954 	 0.250643 	 0.458234
  295 	 0.006381 	 0.241607 	 0.446044
  296 	 0.006351 	 0.256323 	 0.442917
  297 	 0.007181 	 0.254640 	 0.446244
  298 	 0.006805 	 0.234118 	 0.446244
  299 	 0.006504 	 0.255847 	 0.447485
  300 	 0.008986 	 0.253770 	 0.451375
  301 	 0.006993 	 0.264307 	 0.455158
  302 	 0.006938 	 0.248798 	 0.454622
  303 	 0.006529 	 0.243694 	 0.450062
  304 	 0.006513 	 0.236626 	 0.448036
  305 	 0.006650 	 0.242556 	 0.450684
  306 	 0.006535 	 0.254259 	 0.450684
  307 	 0.006903 	 0.248803 	 0.450684
  308 	 0.007351 	 0.256155 	 0.450684
  309 	 0.006995 	 0.270917 	 0.458199
  310 	 0.006935 	 0.274151 	 0.452578
  311 	 0.006927 	 0.257761 	 0.454271
  312 	 0.006958 	 0.276858 	 0.452870
  313 	 0.006921 	 0.290305 	 0.453072
  314 	 0.006934 	 0.264690 	 0.452467
  315 	 0.006917 	 0.248828 	 0.450434
  316 	 0.009149 	 0.253497 	 0.449248
  317 	 0.006924 	 0.253025 	 0.457170
  318 	 0.006923 	 0.257350 	 0.457170
  319 	 0.006995 	 0.255389 	 0.457170
  320 	 0.006998 	 0.255548 	 0.456920
  321 	 0.006936 	 0.244209 	 0.456371
  322 	 0.006545 	 0.251254 	 0.457163
  323 	 0.006287 	 0.232139 	 0.457163
  324 	 0.006976 	 0.227673 	 0.462268
  325 	 0.009218 	 0.244155 	 0.462954
  326 	 0.006507 	 0.233279 	 0.462268
  327 	 0.006469 	 0.224776 	 0.457868
  328 	 0.007738 	 0.230519 	 0.457868
  329 	 0.009612 	 0.237622 	 0.457868
  330 	 0.006952 	 0.253376 	 0.459179
  331 	 0.006917 	 0.242265 	 0.459179
  332 	 0.006868 	 0.236300 	 0.459100
  333 	 0.006954 	 0.252910 	 0.453636
  334 	 0.007096 	 0.255413 	 0.457432
  335 	 0.007020 	 0.227762 	 0.459161
  336 	 0.006865 	 0.226027 	 0.459161
  337 	 0.006885 	 0.204100 	 0.444536
  338 	 0.006898 	 0.203083 	 0.444271
  339 	 0.006894 	 0.205621 	 0.447692
  340 	 0.007160 	 0.214478 	 0.439143
  341 	 0.006574 	 0.237485 	 0.445066
  342 	 0.007079 	 0.227033 	 0.447563
  343 	 0.006896 	 0.223774 	 0.450112
  344 	 0.005555 	 0.218603 	 0.446730
  345 	 0.006392 	 0.220217 	 0.446598
  346 	 0.006943 	 0.227929 	 0.448137
  347 	 0.006972 	 0.214783 	 0.435714
  348 	 0.006870 	 0.222618 	 0.445863
  349 	 0.006899 	 0.234881 	 0.443779
  350 	 0.006545 	 0.245592 	 0.445655
  351 	 0.009258 	 0.242117 	 0.453656
  352 	 0.006562 	 0.251280 	 0.452768
  353 	 0.009469 	 0.247767 	 0.438672
  354 	 0.006843 	 0.245778 	 0.437569
  355 	 0.007205 	 0.241192 	 0.444312
  356 	 0.006858 	 0.225703 	 0.447272
  357 	 0.006885 	 0.228802 	 0.439366
  358 	 0.008096 	 0.201158 	 0.433358
  359 	 0.006225 	 0.217133 	 0.440998
  360 	 0.006879 	 0.225291 	 0.440998
  361 	 0.006785 	 0.225991 	 0.442901
  362 	 0.006780 	 0.225644 	 0.453062
  363 	 0.006802 	 0.212290 	 0.453352
  364 	 0.006524 	 0.222181 	 0.453352
  365 	 0.006892 	 0.212963 	 0.453014
  366 	 0.006892 	 0.221679 	 0.444353
  367 	 0.006155 	 0.230611 	 0.451261
  368 	 0.006919 	 0.214683 	 0.438687
  369 	 0.006935 	 0.216090 	 0.438704
  370 	 0.006624 	 0.213271 	 0.440727
  371 	 0.006586 	 0.216894 	 0.440652
  372 	 0.006922 	 0.207861 	 0.440652
  373 	 0.006356 	 0.210758 	 0.450990
  374 	 0.005965 	 0.221914 	 0.450990
  375 	 0.006998 	 0.229806 	 0.450990
  376 	 0.009486 	 0.229497 	 0.442458
  377 	 0.006952 	 0.228269 	 0.434296
  378 	 0.006617 	 0.228784 	 0.443430
  379 	 0.006876 	 0.226239 	 0.449934
  380 	 0.006963 	 0.237895 	 0.449302
  381 	 0.007010 	 0.236523 	 0.451473
  382 	 0.006108 	 0.231086 	 0.450141
  383 	 0.009512 	 0.234063 	 0.460803
  384 	 0.006893 	 0.233493 	 0.460873
  385 	 0.006949 	 0.234464 	 0.460873
  386 	 0.006949 	 0.253040 	 0.460916
  387 	 0.007053 	 0.239507 	 0.448020
  388 	 0.008207 	 0.243057 	 0.448189
  389 	 0.006909 	 0.238708 	 0.450334
  390 	 0.006939 	 0.216445 	 0.440443
  391 	 0.006328 	 0.219613 	 0.440443
  392 	 0.006790 	 0.217407 	 0.455860
  393 	 0.006613 	 0.210269 	 0.445929
  394 	 0.005753 	 0.213419 	 0.446132
  395 	 0.006947 	 0.199983 	 0.432842
  396 	 0.006647 	 0.199269 	 0.432842
  397 	 0.006646 	 0.215131 	 0.432842
  398 	 0.006929 	 0.210241 	 0.432560
  399 	 0.006394 	 0.229683 	 0.441353
  400 	 0.006862 	 0.232442 	 0.441353
  401 	 0.007007 	 0.244976 	 0.448565
  402 	 0.006929 	 0.247551 	 0.448565
  403 	 0.006577 	 0.222062 	 0.449905
  404 	 0.006641 	 0.212063 	 0.448406
  405 	 0.006238 	 0.219784 	 0.452319
  406 	 0.005475 	 0.230366 	 0.453708
  407 	 0.005475 	 0.230588 	 0.453708
  408 	 0.005951 	 0.231194 	 0.453346
  409 	 0.006452 	 0.232701 	 0.453346
  410 	 0.006979 	 0.235167 	 0.458913
  411 	 0.009418 	 0.206241 	 0.458913
  412 	 0.006919 	 0.227974 	 0.459050
  413 	 0.006929 	 0.211363 	 0.460214
  414 	 0.007044 	 0.225575 	 0.460214
  415 	 0.005824 	 0.217514 	 0.461665
  416 	 0.007098 	 0.212870 	 0.460214
  417 	 0.007000 	 0.216772 	 0.460214
  418 	 0.006858 	 0.215830 	 0.460214
  419 	 0.005032 	 0.225740 	 0.445379
  420 	 0.005025 	 0.228554 	 0.445631
  421 	 0.005025 	 0.220387 	 0.453031
  422 	 0.007051 	 0.221491 	 0.448399
  423 	 0.006906 	 0.231487 	 0.449738
  424 	 0.006790 	 0.234431 	 0.449738
  425 	 0.009528 	 0.245464 	 0.450958
  426 	 0.005045 	 0.246345 	 0.450958
  427 	 0.006887 	 0.221276 	 0.445197
  428 	 0.006862 	 0.211821 	 0.437220
  429 	 0.006168 	 0.204133 	 0.428153
  430 	 0.006879 	 0.191290 	 0.439225
  431 	 0.006877 	 0.204825 	 0.440952
  432 	 0.006916 	 0.205155 	 0.446344
  433 	 0.006968 	 0.204504 	 0.446344
  434 	 0.005522 	 0.208757 	 0.446344
  435 	 0.009263 	 0.212018 	 0.438510
  436 	 0.006822 	 0.224349 	 0.439250
  437 	 0.006890 	 0.210616 	 0.439660
  438 	 0.007001 	 0.223266 	 0.439660
  439 	 0.007185 	 0.233401 	 0.439276
  440 	 0.006834 	 0.232730 	 0.446347
  441 	 0.006642 	 0.231963 	 0.450291
  442 	 0.009270 	 0.250272 	 0.451049
  443 	 0.006909 	 0.234573 	 0.450291
  444 	 0.005562 	 0.244430 	 0.448070
  445 	 0.005414 	 0.234184 	 0.460488
  446 	 0.005253 	 0.230413 	 0.454231
  447 	 0.006895 	 0.230814 	 0.450144
  448 	 0.007120 	 0.234716 	 0.452872
  449 	 0.006281 	 0.220189 	 0.435295
  450 	 0.006193 	 0.227707 	 0.454316
  451 	 0.006756 	 0.219896 	 0.455643
  452 	 0.006962 	 0.211649 	 0.438013
  453 	 0.006558 	 0.218331 	 0.451666
  454 	 0.006528 	 0.234840 	 0.457813
  455 	 0.006950 	 0.237068 	 0.460275
  456 	 0.006894 	 0.225012 	 0.460275
  457 	 0.006895 	 0.219918 	 0.460275
  458 	 0.007109 	 0.239586 	 0.460275
  459 	 0.006923 	 0.235491 	 0.460772
  460 	 0.006973 	 0.212405 	 0.459856
  461 	 0.005049 	 0.213466 	 0.460975
  462 	 0.007217 	 0.223013 	 0.459856
  463 	 0.006973 	 0.234318 	 0.459856
  464 	 0.005790 	 0.236142 	 0.457229
  465 	 0.006963 	 0.235554 	 0.457229
  466 	 0.006945 	 0.228214 	 0.453193
  467 	 0.006936 	 0.243785 	 0.459421
  468 	 0.006939 	 0.223817 	 0.461359
  469 	 0.006981 	 0.229843 	 0.462422
  470 	 0.006817 	 0.216414 	 0.462422
  471 	 0.007066 	 0.221325 	 0.461416
  472 	 0.006117 	 0.229643 	 0.461416
  473 	 0.006489 	 0.229913 	 0.458445
  474 	 0.007036 	 0.234409 	 0.458301
  475 	 0.006879 	 0.214509 	 0.457665
  476 	 0.006993 	 0.210107 	 0.459955
  477 	 0.006552 	 0.219657 	 0.459955
  478 	 0.007088 	 0.221613 	 0.459621
  479 	 0.006684 	 0.213952 	 0.459621
  480 	 0.006854 	 0.222423 	 0.459621
  481 	 0.006067 	 0.235002 	 0.464438
  482 	 0.006940 	 0.235370 	 0.465981
  483 	 0.006834 	 0.231631 	 0.465981
  484 	 0.006942 	 0.222725 	 0.458695
  485 	 0.007145 	 0.233561 	 0.456938
  486 	 0.006906 	 0.229607 	 0.457909
  487 	 0.005071 	 0.228205 	 0.457909
  488 	 0.005494 	 0.247556 	 0.455809
  489 	 0.006899 	 0.237535 	 0.450046
  490 	 0.006903 	 0.254207 	 0.450046
  491 	 0.006971 	 0.257850 	 0.456965
  492 	 0.006221 	 0.267504 	 0.456965
  493 	 0.006981 	 0.237205 	 0.457363
  494 	 0.006856 	 0.237584 	 0.457363
  495 	 0.005372 	 0.232369 	 0.452333
  496 	 0.005372 	 0.238203 	 0.463185
  497 	 0.008982 	 0.231375 	 0.453818
  498 	 0.006221 	 0.229656 	 0.453818
  499 	 0.006691 	 0.237202 	 0.459159
 