   0 	 0.003035 	 0.010455 	 0.049689
    1 	 0.004192 	 0.012814 	 0.052186
    2 	 0.004234 	 0.014983 	 0.053134
    3 	 0.004500 	 0.016886 	 0.059700
    4 	 0.005633 	 0.019050 	 0.061171
    5 	 0.006318 	 0.020857 	 0.070200
    6 	 0.004938 	 0.021050 	 0.061622
    7 	 0.004939 	 0.022582 	 0.075030
    8 	 0.006312 	 0.023754 	 0.075550
    9 	 0.005993 	 0.022982 	 0.075550
   10 	 0.006200 	 0.024714 	 0.074544
   11 	 0.005985 	 0.027777 	 0.098181
   12 	 0.007119 	 0.030524 	 0.095612
   13 	 0.005456 	 0.033105 	 0.088701
   14 	 0.004963 	 0.036596 	 0.091917
   15 	 0.005068 	 0.039108 	 0.093137
   16 	 0.006480 	 0.040820 	 0.147704
   17 	 0.007585 	 0.043418 	 0.147641
   18 	 0.006884 	 0.046775 	 0.147641
   19 	 0.007175 	 0.049144 	 0.120980
   20 	 0.007102 	 0.048409 	 0.111832
   21 	 0.006528 	 0.053065 	 0.143596
   22 	 0.006645 	 0.059799 	 0.141291
   23 	 0.006030 	 0.064225 	 0.167168
   24 	 0.007722 	 0.069001 	 0.167152
   25 	 0.009712 	 0.071740 	 0.179900
   26 	 0.006890 	 0.076936 	 0.166834
   27 	 0.006947 	 0.080908 	 0.202522
   28 	 0.006086 	 0.088995 	 0.202117
   29 	 0.006137 	 0.088693 	 0.249022
   30 	 0.006513 	 0.094792 	 0.305525
   31 	 0.006815 	 0.104388 	 0.305525
   32 	 0.006053 	 0.111871 	 0.305604
   33 	 0.006462 	 0.118532 	 0.302936
   34 	 0.006849 	 0.118202 	 0.304452
   35 	 0.006801 	 0.126917 	 0.300254
   36 	 0.006660 	 0.133228 	 0.305419
   37 	 0.006984 	 0.131363 	 0.307315
   38 	 0.006840 	 0.134388 	 0.378531
   39 	 0.006429 	 0.138270 	 0.378945
   40 	 0.008740 	 0.144232 	 0.390442
   41 	 0.006523 	 0.153273 	 0.376197
   42 	 0.006137 	 0.156069 	 0.368892
   43 	 0.008007 	 0.162850 	 0.359594
   44 	 0.006864 	 0.166136 	 0.358641
   45 	 0.006192 	 0.161470 	 0.358641
   46 	 0.006931 	 0.169855 	 0.395108
   47 	 0.007121 	 0.172195 	 0.361004
   48 	 0.006815 	 0.173824 	 0.361004
   49 	 0.009329 	 0.161763 	 0.365116
   50 	 0.006844 	 0.166177 	 0.363073
   51 	 0.006849 	 0.163118 	 0.348351
   52 	 0.008541 	 0.171405 	 0.372572
   53 	 0.008541 	 0.180827 	 0.359989
   54 	 0.006991 	 0.196793 	 0.369223
   55 	 0.006516 	 0.205332 	 0.376693
   56 	 0.006770 	 0.197996 	 0.379528
   57 	 0.006888 	 0.189859 	 0.369547
   58 	 0.006843 	 0.171916 	 0.370360
   59 	 0.006925 	 0.171648 	 0.370701
   60 	 0.008803 	 0.175960 	 0.384651
   61 	 0.009442 	 0.184151 	 0.398766
   62 	 0.006986 	 0.187000 	 0.377382
   63 	 0.006853 	 0.183356 	 0.396948
   64 	 0.006853 	 0.186751 	 0.385344
   65 	 0.010166 	 0.196847 	 0.398526
   66 	 0.006800 	 0.197370 	 0.398526
   67 	 0.006968 	 0.201373 	 0.409367
   68 	 0.006691 	 0.189844 	 0.404652
   69 	 0.006567 	 0.186109 	 0.422583
   70 	 0.006764 	 0.190124 	 0.422583
   71 	 0.009457 	 0.187103 	 0.422583
   72 	 0.009386 	 0.201402 	 0.406077
   73 	 0.007999 	 0.208832 	 0.408564
   74 	 0.006830 	 0.200357 	 0.408564
   75 	 0.006924 	 0.187509 	 0.408564
   76 	 0.007461 	 0.197258 	 0.408564
   77 	 0.007023 	 0.209226 	 0.412828
   78 	 0.006477 	 0.212103 	 0.412828
   79 	 0.006228 	 0.208141 	 0.413929
   80 	 0.006769 	 0.214084 	 0.409705
   81 	 0.006798 	 0.215425 	 0.418207
   82 	 0.006882 	 0.208444 	 0.418207
   83 	 0.006619 	 0.209929 	 0.420246
   84 	 0.005508 	 0.209183 	 0.416901
   85 	 0.006528 	 0.214763 	 0.419617
   86 	 0.009313 	 0.218752 	 0.419617
   87 	 0.009133 	 0.223739 	 0.421354
   88 	 0.007257 	 0.230400 	 0.421768
   89 	 0.006796 	 0.233668 	 0.421694
   90 	 0.006944 	 0.230298 	 0.421688
   91 	 0.005469 	 0.227387 	 0.407185
   92 	 0.009425 	 0.216147 	 0.409658
   93 	 0.006600 	 0.208319 	 0.406279
   94 	 0.008543 	 0.211757 	 0.418320
   95 	 0.004318 	 0.213957 	 0.424502
   96 	 0.006779 	 0.216045 	 0.431560
   97 	 0.006795 	 0.219850 	 0.431560
   98 	 0.006943 	 0.205745 	 0.430205
   99 	 0.006581 	 0.192617 	 0.441139
  100 	 0.006581 	 0.199007 	 0.442959
  101 	 0.006447 	 0.207775 	 0.427428
  102 	 0.005876 	 0.205042 	 0.430784
  103 	 0.006948 	 0.217066 	 0.433696
  104 	 0.004352 	 0.217316 	 0.433696
  105 	 0.004352 	 0.223622 	 0.430843
  106 	 0.006884 	 0.228795 	 0.430843
  107 	 0.006828 	 0.226716 	 0.432251
  108 	 0.009481 	 0.216837 	 0.415902
  109 	 0.006541 	 0.219512 	 0.425879
  110 	 0.006865 	 0.208920 	 0.422268
  111 	 0.006845 	 0.199114 	 0.422268
  112 	 0.006941 	 0.199431 	 0.428981
  113 	 0.009398 	 0.210000 	 0.419535
  114 	 0.007156 	 0.209433 	 0.424819
  115 	 0.007008 	 0.210409 	 0.413735
  116 	 0.006412 	 0.218485 	 0.436941
  117 	 0.008463 	 0.198840 	 0.430740
  118 	 0.006989 	 0.209810 	 0.430740
  119 	 0.006929 	 0.226636 	 0.432891
  120 	 0.006557 	 0.199432 	 0.432848
  121 	 0.006557 	 0.223140 	 0.424046
  122 	 0.006883 	 0.228228 	 0.434971
  123 	 0.006870 	 0.232892 	 0.433775
  124 	 0.006851 	 0.227102 	 0.435040
  125 	 0.006807 	 0.225878 	 0.435040
  126 	 0.007080 	 0.238555 	 0.435365
  127 	 0.006898 	 0.231289 	 0.435365
  128 	 0.006991 	 0.209100 	 0.429532
  129 	 0.006821 	 0.202776 	 0.429532
  130 	 0.007286 	 0.220545 	 0.429532
  131 	 0.006729 	 0.223607 	 0.427771
  132 	 0.006962 	 0.222117 	 0.431614
  133 	 0.006842 	 0.217094 	 0.432488
  134 	 0.006341 	 0.227665 	 0.431588
  135 	 0.007120 	 0.225688 	 0.426674
  136 	 0.006613 	 0.226021 	 0.426674
  137 	 0.006956 	 0.218826 	 0.419271
  138 	 0.006927 	 0.233340 	 0.412005
  139 	 0.006868 	 0.224635 	 0.427353
  140 	 0.006685 	 0.223820 	 0.436656
  141 	 0.007006 	 0.217470 	 0.438997
  142 	 0.007861 	 0.224521 	 0.428633
  143 	 0.008676 	 0.235140 	 0.429107
  144 	 0.008877 	 0.236177 	 0.426360
  145 	 0.009178 	 0.228089 	 0.425251
  146 	 0.006915 	 0.230194 	 0.426121
  147 	 0.006930 	 0.236917 	 0.435434
  148 	 0.006805 	 0.237101 	 0.435434
  149 	 0.006932 	 0.242922 	 0.435434
  150 	 0.006899 	 0.246121 	 0.433945
  151 	 0.006829 	 0.229637 	 0.433545
  152 	 0.006816 	 0.251955 	 0.434336
  153 	 0.006349 	 0.223228 	 0.436609
  154 	 0.006310 	 0.260134 	 0.436714
  155 	 0.006083 	 0.243143 	 0.441026
  156 	 0.007850 	 0.258324 	 0.441026
  157 	 0.006900 	 0.255262 	 0.441026
  158 	 0.006934 	 0.263979 	 0.444749
  159 	 0.004159 	 0.248822 	 0.438458
  160 	 0.006182 	 0.232236 	 0.438458
  161 	 0.007960 	 0.251593 	 0.440181
  162 	 0.006910 	 0.230906 	 0.440716
  163 	 0.006924 	 0.242604 	 0.444108
  164 	 0.006876 	 0.226429 	 0.440507
  165 	 0.006794 	 0.218762 	 0.442344
  166 	 0.006817 	 0.217299 	 0.442369
  167 	 0.007194 	 0.228079 	 0.441691
  168 	 0.006941 	 0.228511 	 0.441691
  169 	 0.006944 	 0.241079 	 0.441522
  170 	 0.006916 	 0.244153 	 0.438434
  171 	 0.006911 	 0.234043 	 0.441723
  172 	 0.007028 	 0.241467 	 0.441723
  173 	 0.006812 	 0.229573 	 0.441723
  174 	 0.006981 	 0.235574 	 0.440460
  175 	 0.009121 	 0.222965 	 0.440460
  176 	 0.006842 	 0.225713 	 0.442625
  177 	 0.006684 	 0.216460 	 0.441716
  178 	 0.006717 	 0.224950 	 0.442946
  179 	 0.006259 	 0.240935 	 0.443251
  180 	 0.009847 	 0.237931 	 0.443251
  181 	 0.009113 	 0.246387 	 0.441702
  182 	 0.006900 	 0.245608 	 0.444223
  183 	 0.006840 	 0.236284 	 0.441516
  184 	 0.006915 	 0.244893 	 0.439573
  185 	 0.007030 	 0.227534 	 0.439573
  186 	 0.006554 	 0.205496 	 0.436301
  187 	 0.006569 	 0.227475 	 0.439138
  188 	 0.006552 	 0.241795 	 0.439138
  189 	 0.007097 	 0.236194 	 0.439138
  190 	 0.006965 	 0.249916 	 0.439504
  191 	 0.006801 	 0.248443 	 0.443510
  192 	 0.005493 	 0.232731 	 0.435179
  193 	 0.006946 	 0.222135 	 0.435179
  194 	 0.006449 	 0.227298 	 0.429027
  195 	 0.006912 	 0.244985 	 0.439185
  196 	 0.006833 	 0.239105 	 0.439185
  197 	 0.007329 	 0.232336 	 0.442637
  198 	 0.006166 	 0.231179 	 0.438825
  199 	 0.008539 	 0.239887 	 0.448075
  200 	 0.006925 	 0.231876 	 0.447761
  201 	 0.006800 	 0.237784 	 0.443098
  202 	 0.006216 	 0.243492 	 0.431593
  203 	 0.006404 	 0.234669 	 0.427774
  204 	 0.007131 	 0.257787 	 0.435304
  205 	 0.006911 	 0.260109 	 0.435839
  206 	 0.006921 	 0.249345 	 0.439514
  207 	 0.006419 	 0.254907 	 0.436691
  208 	 0.009340 	 0.259634 	 0.429985
  209 	 0.006759 	 0.261691 	 0.434984
  210 	 0.007733 	 0.254005 	 0.434984
  211 	 0.006739 	 0.251848 	 0.438577
  212 	 0.006910 	 0.230522 	 0.440100
  213 	 0.006980 	 0.248863 	 0.440100
  214 	 0.006918 	 0.245454 	 0.432766
  215 	 0.006990 	 0.257390 	 0.442501
  216 	 0.006960 	 0.246514 	 0.442882
  217 	 0.006891 	 0.239725 	 0.442248
  218 	 0.006515 	 0.235109 	 0.439640
  219 	 0.009642 	 0.250348 	 0.440513
  220 	 0.009463 	 0.239962 	 0.447212
  221 	 0.006768 	 0.231047 	 0.447212
  222 	 0.009738 	 0.233418 	 0.437972
  223 	 0.006898 	 0.232587 	 0.439920
  224 	 0.013803 	 0.243034 	 0.441502
  225 	 0.009611 	 0.241984 	 0.441502
  226 	 0.007273 	 0.230764 	 0.441502
  227 	 0.006894 	 0.239277 	 0.450892
  228 	 0.006956 	 0.241885 	 0.451836
  229 	 0.006821 	 0.234215 	 0.451836
  230 	 0.004337 	 0.239425 	 0.451836
  231 	 0.006540 	 0.231500 	 0.447765
  232 	 0.006736 	 0.221314 	 0.450386
  233 	 0.006669 	 0.223212 	 0.436742
  234 	 0.007918 	 0.225977 	 0.433757
  235 	 0.008533 	 0.223828 	 0.444583
  236 	 0.006980 	 0.222795 	 0.442752
  237 	 0.006980 	 0.229860 	 0.441316
  238 	 0.007010 	 0.226926 	 0.443401
  239 	 0.005493 	 0.217649 	 0.444701
  240 	 0.006897 	 0.227665 	 0.444248
  241 	 0.006609 	 0.218998 	 0.439534
  242 	 0.006635 	 0.223817 	 0.440928
  243 	 0.006630 	 0.217724 	 0.440129
  244 	 0.006525 	 0.206191 	 0.432653
  245 	 0.006831 	 0.221188 	 0.431565
  246 	 0.006926 	 0.216786 	 0.438699
  247 	 0.006869 	 0.237688 	 0.438587
  248 	 0.009414 	 0.237632 	 0.442438
  249 	 0.006914 	 0.235275 	 0.441684
  250 	 0.006012 	 0.252643 	 0.445446
  251 	 0.006989 	 0.243541 	 0.445634
  252 	 0.006922 	 0.248762 	 0.445446
  253 	 0.005481 	 0.256423 	 0.446778
  254 	 0.006474 	 0.231771 	 0.444121
  255 	 0.006944 	 0.229800 	 0.446534
  256 	 0.006900 	 0.225561 	 0.433276
  257 	 0.006886 	 0.235160 	 0.437248
  258 	 0.006935 	 0.211715 	 0.431572
  259 	 0.006959 	 0.228702 	 0.436905
  260 	 0.006861 	 0.230019 	 0.436905
  261 	 0.006900 	 0.224549 	 0.436905
  262 	 0.006908 	 0.227771 	 0.437196
  263 	 0.007036 	 0.254387 	 0.438074
  264 	 0.006906 	 0.242444 	 0.438074
  265 	 0.009467 	 0.234150 	 0.432770
  266 	 0.006922 	 0.220274 	 0.432770
  267 	 0.006873 	 0.228926 	 0.435183
  268 	 0.006452 	 0.233823 	 0.445298
  269 	 0.006580 	 0.241565 	 0.447590
  270 	 0.006829 	 0.246621 	 0.439874
  271 	 0.006847 	 0.231303 	 0.445654
  272 	 0.006902 	 0.229835 	 0.442562
  273 	 0.004348 	 0.222174 	 0.432452
  274 	 0.006130 	 0.220685 	 0.432597
  275 	 0.006875 	 0.220317 	 0.437625
  276 	 0.005495 	 0.224430 	 0.437625
  277 	 0.006878 	 0.221752 	 0.437625
  278 	 0.006626 	 0.209772 	 0.434340
  279 	 0.006741 	 0.219347 	 0.435268
  280 	 0.006800 	 0.232864 	 0.435268
  281 	 0.006867 	 0.227752 	 0.435268
  282 	 0.006221 	 0.232391 	 0.436961
  283 	 0.007122 	 0.218324 	 0.436527
  284 	 0.007136 	 0.222290 	 0.436909
  285 	 0.006853 	 0.221898 	 0.430774
  286 	 0.005584 	 0.225912 	 0.430988
  287 	 0.006842 	 0.237237 	 0.434131
  288 	 0.006819 	 0.229021 	 0.426432
  289 	 0.006964 	 0.216493 	 0.425933
  290 	 0.006922 	 0.236162 	 0.435186
  291 	 0.006869 	 0.252975 	 0.439825
  292 	 0.006903 	 0.237563 	 0.439825
  293 	 0.009233 	 0.256462 	 0.426674
  294 	 0.004325 	 0.255444 	 0.426780
  295 	 0.006607 	 0.246784 	 0.426780
  296 	 0.006617 	 0.245678 	 0.435502
  297 	 0.006902 	 0.254474 	 0.422424
  298 	 0.006525 	 0.251543 	 0.419304
  299 	 0.009472 	 0.260314 	 0.429753
  300 	 0.009486 	 0.255689 	 0.428790
  301 	 0.006570 	 0.238395 	 0.430041
  302 	 0.006898 	 0.239312 	 0.434058
  303 	 0.006797 	 0.233233 	 0.434159
  304 	 0.006276 	 0.238058 	 0.434180
  305 	 0.006251 	 0.235915 	 0.430143
  306 	 0.005776 	 0.230121 	 0.429703
  307 	 0.006936 	 0.225544 	 0.428278
  308 	 0.008918 	 0.243972 	 0.428221
  309 	 0.006888 	 0.240494 	 0.430061
  310 	 0.006972 	 0.223774 	 0.432434
  311 	 0.009401 	 0.229957 	 0.428836
  312 	 0.010120 	 0.223450 	 0.431047
  313 	 0.006393 	 0.226983 	 0.432186
  314 	 0.006528 	 0.216921 	 0.439639
  315 	 0.006528 	 0.217237 	 0.440390
  316 	 0.007956 	 0.226279 	 0.440390
  317 	 0.006811 	 0.230230 	 0.440390
  318 	 0.006972 	 0.228720 	 0.438075
  319 	 0.006952 	 0.229499 	 0.433139
  320 	 0.009224 	 0.234749 	 0.448699
  321 	 0.009407 	 0.224499 	 0.448699
  322 	 0.007122 	 0.229096 	 0.442645
  323 	 0.006940 	 0.237509 	 0.442645
  324 	 0.006951 	 0.226864 	 0.434076
  325 	 0.006888 	 0.219618 	 0.434471
  326 	 0.006908 	 0.205775 	 0.434471
  327 	 0.006877 	 0.214964 	 0.437016
  328 	 0.006899 	 0.236859 	 0.440715
  329 	 0.006933 	 0.218392 	 0.442911
  330 	 0.006959 	 0.221304 	 0.449677
  331 	 0.006982 	 0.228573 	 0.444023
  332 	 0.007672 	 0.231283 	 0.442826
  333 	 0.006422 	 0.228597 	 0.443372
  334 	 0.008550 	 0.235869 	 0.443372
  335 	 0.006463 	 0.214270 	 0.428248
  336 	 0.006864 	 0.223720 	 0.436698
  337 	 0.006952 	 0.233344 	 0.449282
  338 	 0.006875 	 0.247754 	 0.437252
  339 	 0.008308 	 0.250863 	 0.441483
  340 	 0.006037 	 0.246682 	 0.439115
  341 	 0.006199 	 0.246898 	 0.440006
  342 	 0.006837 	 0.237568 	 0.446369
  343 	 0.007251 	 0.252042 	 0.446383
  344 	 0.006952 	 0.248767 	 0.448922
  345 	 0.007318 	 0.242433 	 0.448922
  346 	 0.009532 	 0.254788 	 0.447221
  347 	 0.008502 	 0.260828 	 0.443902
  348 	 0.006877 	 0.247235 	 0.446659
  349 	 0.006907 	 0.247010 	 0.446659
  350 	 0.006910 	 0.271256 	 0.449070
  351 	 0.006908 	 0.274055 	 0.447070
  352 	 0.006834 	 0.268369 	 0.449111
  353 	 0.006858 	 0.250969 	 0.444916
  354 	 0.006848 	 0.250037 	 0.443554
  355 	 0.006822 	 0.251133 	 0.444305
  356 	 0.006479 	 0.213760 	 0.444305
  357 	 0.006859 	 0.230665 	 0.444728
  358 	 0.003664 	 0.233890 	 0.442554
  359 	 0.006818 	 0.235024 	 0.450270
  360 	 0.006955 	 0.241398 	 0.449619
  361 	 0.005507 	 0.232839 	 0.443779
  362 	 0.006810 	 0.227424 	 0.443751
  363 	 0.006949 	 0.231620 	 0.443327
  364 	 0.006763 	 0.228355 	 0.446784
  365 	 0.006853 	 0.236578 	 0.440443
  366 	 0.006914 	 0.243434 	 0.435888
  367 	 0.006999 	 0.246501 	 0.443476
  368 	 0.006872 	 0.241920 	 0.443476
  369 	 0.006812 	 0.244137 	 0.446989
  370 	 0.006307 	 0.229204 	 0.452514
  371 	 0.009274 	 0.240954 	 0.435534
  372 	 0.006644 	 0.221974 	 0.441611
  373 	 0.006644 	 0.216129 	 0.441611
  374 	 0.006936 	 0.230570 	 0.447890
  375 	 0.006856 	 0.247203 	 0.447961
  376 	 0.007784 	 0.257930 	 0.448530
  377 	 0.006969 	 0.254662 	 0.448247
  378 	 0.006513 	 0.240152 	 0.448905
  379 	 0.005487 	 0.241877 	 0.448999
  380 	 0.006819 	 0.241706 	 0.450040
  381 	 0.009589 	 0.231433 	 0.442667
  382 	 0.006839 	 0.228654 	 0.451661
  383 	 0.007391 	 0.228877 	 0.451661
  384 	 0.005494 	 0.224748 	 0.451661
  385 	 0.006861 	 0.218237 	 0.451661
  386 	 0.008496 	 0.212461 	 0.444758
  387 	 0.006640 	 0.220259 	 0.446645
  388 	 0.006848 	 0.220134 	 0.446850
  389 	 0.007018 	 0.237516 	 0.449977
  390 	 0.006873 	 0.229580 	 0.449012
  391 	 0.006851 	 0.241751 	 0.448794
  392 	 0.006789 	 0.244278 	 0.449610
  393 	 0.007801 	 0.226373 	 0.451392
  394 	 0.006888 	 0.211282 	 0.449641
  395 	 0.006834 	 0.220733 	 0.448554
  396 	 0.006918 	 0.240187 	 0.441129
  397 	 0.007100 	 0.235625 	 0.443040
  398 	 0.006783 	 0.222731 	 0.443040
  399 	 0.006909 	 0.234920 	 0.449514
  400 	 0.006531 	 0.237832 	 0.449514
  401 	 0.006888 	 0.252032 	 0.449679
  402 	 0.006160 	 0.246435 	 0.449679
  403 	 0.003969 	 0.234579 	 0.449679
  404 	 0.006795 	 0.223817 	 0.444265
  405 	 0.006886 	 0.233492 	 0.450699
  406 	 0.006545 	 0.229405 	 0.450711
  407 	 0.006743 	 0.236510 	 0.450045
  408 	 0.006785 	 0.240094 	 0.450045
  409 	 0.006899 	 0.239765 	 0.448233
  410 	 0.006915 	 0.242570 	 0.448724
  411 	 0.006904 	 0.230028 	 0.444118
  412 	 0.006924 	 0.225803 	 0.444118
  413 	 0.006999 	 0.220620 	 0.444118
  414 	 0.006899 	 0.231896 	 0.447330
  415 	 0.006939 	 0.237971 	 0.451890
  416 	 0.006216 	 0.231009 	 0.447770
  417 	 0.006789 	 0.223778 	 0.448528
  418 	 0.006931 	 0.227460 	 0.445150
  419 	 0.006833 	 0.233772 	 0.439552
  420 	 0.006491 	 0.236763 	 0.447062
  421 	 0.006900 	 0.243236 	 0.445185
  422 	 0.006948 	 0.254055 	 0.444920
  423 	 0.006950 	 0.255699 	 0.444933
  424 	 0.006903 	 0.251931 	 0.444933
  425 	 0.006795 	 0.262437 	 0.447916
  426 	 0.006929 	 0.255994 	 0.448804
  427 	 0.006836 	 0.258384 	 0.451340
  428 	 0.006799 	 0.245756 	 0.451383
  429 	 0.006761 	 0.242957 	 0.451884
  430 	 0.009395 	 0.245050 	 0.451383
  431 	 0.006908 	 0.232488 	 0.451383
  432 	 0.006982 	 0.238469 	 0.451383
  433 	 0.009294 	 0.252418 	 0.451736
  434 	 0.006899 	 0.250580 	 0.451194
  435 	 0.006890 	 0.253660 	 0.451415
  436 	 0.006500 	 0.248066 	 0.451415
  437 	 0.006940 	 0.245310 	 0.451415
  438 	 0.008333 	 0.261982 	 0.452625
  439 	 0.007099 	 0.252026 	 0.452625
  440 	 0.006845 	 0.242182 	 0.452625
  441 	 0.006499 	 0.226058 	 0.452625
  442 	 0.008212 	 0.236818 	 0.449339
  443 	 0.006952 	 0.240829 	 0.443390
  444 	 0.006943 	 0.222701 	 0.451380
  445 	 0.006873 	 0.221121 	 0.450155
  446 	 0.009248 	 0.240036 	 0.451618
  447 	 0.006908 	 0.247028 	 0.451618
  448 	 0.006951 	 0.228733 	 0.448935
  449 	 0.006152 	 0.226554 	 0.441554
  450 	 0.006969 	 0.248262 	 0.442267
  451 	 0.006946 	 0.253351 	 0.446926
  452 	 0.005196 	 0.254453 	 0.448840
  453 	 0.006910 	 0.243437 	 0.446926
  454 	 0.006902 	 0.269556 	 0.447029
  455 	 0.006881 	 0.270819 	 0.445365
  456 	 0.006859 	 0.263156 	 0.448606
  457 	 0.007113 	 0.266895 	 0.447736
  458 	 0.006922 	 0.249136 	 0.448278
  459 	 0.006903 	 0.246672 	 0.448397
  460 	 0.006899 	 0.251858 	 0.452046
  461 	 0.006791 	 0.251301 	 0.449383
  462 	 0.009447 	 0.232479 	 0.449393
  463 	 0.009617 	 0.236789 	 0.450084
  464 	 0.009573 	 0.240579 	 0.448943
  465 	 0.006802 	 0.224275 	 0.448943
  466 	 0.006900 	 0.229367 	 0.448943
  467 	 0.006451 	 0.234522 	 0.449861
  468 	 0.006118 	 0.222493 	 0.442646
  469 	 0.006970 	 0.229559 	 0.439512
  470 	 0.006656 	 0.226967 	 0.437015
  471 	 0.006845 	 0.235464 	 0.437695
  472 	 0.006899 	 0.234125 	 0.447195
  473 	 0.009111 	 0.250301 	 0.447224
  474 	 0.006514 	 0.249209 	 0.449543
  475 	 0.006913 	 0.240232 	 0.449543
  476 	 0.006939 	 0.246227 	 0.449704
  477 	 0.009483 	 0.248950 	 0.449704
  478 	 0.006883 	 0.227574 	 0.452301
  479 	 0.006440 	 0.229349 	 0.449704
  480 	 0.005499 	 0.222071 	 0.441567
  481 	 0.007461 	 0.246791 	 0.440571
  482 	 0.006917 	 0.246755 	 0.440571
  483 	 0.006873 	 0.211687 	 0.446701
  484 	 0.007145 	 0.211787 	 0.446701
  485 	 0.006237 	 0.225282 	 0.447366
  486 	 0.006614 	 0.230213 	 0.450083
  487 	 0.006541 	 0.230272 	 0.450083
  488 	 0.006956 	 0.221437 	 0.442577
  489 	 0.006952 	 0.225047 	 0.444786
  490 	 0.007736 	 0.235125 	 0.443591
  491 	 0.006969 	 0.247144 	 0.443591
  492 	 0.008245 	 0.251392 	 0.442577
  493 	 0.006863 	 0.231954 	 0.441475
  494 	 0.006852 	 0.238515 	 0.442797
  495 	 0.006812 	 0.231243 	 0.439735
  496 	 0.006776 	 0.250099 	 0.439102
  497 	 0.008526 	 0.265476 	 0.440662
  498 	 0.009445 	 0.264671 	 0.443265
  499 	 0.005188 	 0.244072 	 0.443128
 