   0 	 0.003851 	 0.010254 	 0.034381
    1 	 0.004300 	 0.012413 	 0.048898
    2 	 0.004252 	 0.013590 	 0.053864
    3 	 0.005300 	 0.016185 	 0.090360
    4 	 0.005019 	 0.018559 	 0.090263
    5 	 0.005235 	 0.019672 	 0.077243
    6 	 0.004751 	 0.021982 	 0.078850
    7 	 0.005142 	 0.023500 	 0.066000
    8 	 0.006773 	 0.024694 	 0.065586
    9 	 0.007493 	 0.028108 	 0.068476
   10 	 0.006299 	 0.030553 	 0.090192
   11 	 0.006333 	 0.033829 	 0.085463
   12 	 0.009241 	 0.036537 	 0.098435
   13 	 0.007930 	 0.041791 	 0.125057
   14 	 0.004053 	 0.047966 	 0.125057
   15 	 0.004057 	 0.051018 	 0.140819
   16 	 0.006091 	 0.053303 	 0.162313
   17 	 0.007124 	 0.056731 	 0.135431
   18 	 0.006807 	 0.064191 	 0.135431
   19 	 0.005434 	 0.069913 	 0.203314
   20 	 0.005292 	 0.074293 	 0.193297
   21 	 0.006605 	 0.079137 	 0.194026
   22 	 0.007272 	 0.086316 	 0.221367
   23 	 0.007080 	 0.088810 	 0.179534
   24 	 0.006739 	 0.092570 	 0.208677
   25 	 0.009150 	 0.101304 	 0.209396
   26 	 0.006672 	 0.099639 	 0.219813
   27 	 0.006882 	 0.105219 	 0.267684
   28 	 0.006967 	 0.109472 	 0.267396
   29 	 0.006701 	 0.110752 	 0.282235
   30 	 0.006679 	 0.115687 	 0.305108
   31 	 0.006852 	 0.122050 	 0.305108
   32 	 0.006680 	 0.125866 	 0.355952
   33 	 0.005912 	 0.140606 	 0.355952
   34 	 0.006932 	 0.138292 	 0.355952
   35 	 0.007062 	 0.138238 	 0.403140
   36 	 0.006619 	 0.147813 	 0.331429
   37 	 0.006724 	 0.144011 	 0.331429
   38 	 0.007103 	 0.143324 	 0.303045
   39 	 0.006780 	 0.139234 	 0.310440
   40 	 0.007064 	 0.148769 	 0.348039
   41 	 0.006548 	 0.155242 	 0.358335
   42 	 0.006195 	 0.152974 	 0.358335
   43 	 0.006940 	 0.165804 	 0.367298
   44 	 0.006749 	 0.159627 	 0.367481
   45 	 0.006909 	 0.157361 	 0.368228
   46 	 0.006789 	 0.165169 	 0.389555
   47 	 0.009104 	 0.180532 	 0.389555
   48 	 0.005026 	 0.173885 	 0.392753
   49 	 0.005025 	 0.173847 	 0.404963
   50 	 0.006880 	 0.178040 	 0.396629
   51 	 0.006284 	 0.183992 	 0.413956
   52 	 0.006607 	 0.189439 	 0.419398
   53 	 0.005391 	 0.186044 	 0.426414
   54 	 0.005377 	 0.194455 	 0.426414
   55 	 0.006683 	 0.188368 	 0.443567
   56 	 0.006149 	 0.192624 	 0.460815
   57 	 0.005463 	 0.207099 	 0.463813
   58 	 0.006979 	 0.208264 	 0.463642
   59 	 0.006808 	 0.214288 	 0.493935
   60 	 0.005394 	 0.204582 	 0.496570
   61 	 0.007044 	 0.209356 	 0.495634
   62 	 0.006052 	 0.209793 	 0.516287
   63 	 0.006921 	 0.214813 	 0.520909
   64 	 0.007003 	 0.207513 	 0.519914
   65 	 0.009561 	 0.229399 	 0.473677
   66 	 0.006849 	 0.229394 	 0.473677
   67 	 0.007187 	 0.236931 	 0.473677
   68 	 0.005670 	 0.237893 	 0.493649
   69 	 0.006747 	 0.239945 	 0.492437
   70 	 0.006953 	 0.226494 	 0.493320
   71 	 0.006651 	 0.228409 	 0.479526
   72 	 0.005601 	 0.225545 	 0.492726
   73 	 0.007884 	 0.235129 	 0.499329
   74 	 0.006688 	 0.223935 	 0.504301
   75 	 0.006882 	 0.212658 	 0.499233
   76 	 0.006844 	 0.227674 	 0.506489
   77 	 0.006838 	 0.231620 	 0.517154
   78 	 0.006906 	 0.236953 	 0.517154
   79 	 0.006370 	 0.259020 	 0.522280
   80 	 0.006916 	 0.258432 	 0.522501
   81 	 0.009264 	 0.256663 	 0.526063
   82 	 0.006733 	 0.243536 	 0.527426
   83 	 0.006889 	 0.250431 	 0.522570
   84 	 0.006612 	 0.266814 	 0.524444
   85 	 0.006836 	 0.275577 	 0.525224
   86 	 0.006898 	 0.276283 	 0.534613
   87 	 0.006923 	 0.262092 	 0.534613
   88 	 0.007366 	 0.256762 	 0.534613
   89 	 0.007364 	 0.258609 	 0.534613
   90 	 0.005222 	 0.247241 	 0.534613
   91 	 0.006930 	 0.246378 	 0.531989
   92 	 0.006522 	 0.258338 	 0.531989
   93 	 0.006378 	 0.264059 	 0.530272
   94 	 0.006924 	 0.262430 	 0.518232
   95 	 0.007047 	 0.277634 	 0.522521
   96 	 0.006098 	 0.277772 	 0.531755
   97 	 0.006895 	 0.265832 	 0.533074
   98 	 0.005276 	 0.265882 	 0.533074
   99 	 0.006053 	 0.254169 	 0.523826
  100 	 0.006975 	 0.250371 	 0.518179
  101 	 0.009628 	 0.263187 	 0.525629
  102 	 0.005347 	 0.255533 	 0.519599
  103 	 0.006972 	 0.263135 	 0.512534
  104 	 0.006784 	 0.254440 	 0.523008
  105 	 0.006839 	 0.263394 	 0.533722
  106 	 0.005386 	 0.239160 	 0.533722
  107 	 0.005419 	 0.250084 	 0.533722
  108 	 0.006830 	 0.257383 	 0.534088
  109 	 0.006911 	 0.266223 	 0.534088
  110 	 0.006856 	 0.297738 	 0.534088
  111 	 0.007156 	 0.297304 	 0.536130
  112 	 0.006870 	 0.270633 	 0.534908
  113 	 0.006758 	 0.268729 	 0.535343
  114 	 0.006758 	 0.283953 	 0.535736
  115 	 0.006455 	 0.288035 	 0.543193
  116 	 0.006089 	 0.283108 	 0.535188
  117 	 0.006900 	 0.254580 	 0.537028
  118 	 0.006909 	 0.269917 	 0.537028
  119 	 0.006914 	 0.283042 	 0.542468
  120 	 0.006911 	 0.290700 	 0.542468
  121 	 0.006894 	 0.296340 	 0.546240
  122 	 0.005032 	 0.267076 	 0.539922
  123 	 0.005403 	 0.256159 	 0.539922
  124 	 0.006901 	 0.248935 	 0.533677
  125 	 0.006863 	 0.272598 	 0.539857
  126 	 0.005678 	 0.271157 	 0.544450
  127 	 0.006808 	 0.265390 	 0.544450
  128 	 0.006699 	 0.269086 	 0.544450
  129 	 0.009620 	 0.277448 	 0.544484
  130 	 0.005520 	 0.259270 	 0.544819
  131 	 0.006949 	 0.263013 	 0.543118
  132 	 0.006784 	 0.254773 	 0.542086
  133 	 0.006924 	 0.271916 	 0.542114
  134 	 0.006921 	 0.273513 	 0.542114
  135 	 0.006911 	 0.265698 	 0.542500
  136 	 0.009351 	 0.279604 	 0.543312
  137 	 0.006910 	 0.282322 	 0.542601
  138 	 0.009574 	 0.279973 	 0.543957
  139 	 0.009557 	 0.301060 	 0.543957
  140 	 0.006849 	 0.295081 	 0.543957
  141 	 0.005474 	 0.279816 	 0.541550
  142 	 0.005180 	 0.297269 	 0.542316
  143 	 0.006882 	 0.275858 	 0.542450
  144 	 0.006935 	 0.286623 	 0.536198
  145 	 0.005944 	 0.264012 	 0.537269
  146 	 0.006725 	 0.269773 	 0.539811
  147 	 0.005319 	 0.250151 	 0.539982
  148 	 0.008211 	 0.246287 	 0.529670
  149 	 0.008311 	 0.252701 	 0.535289
  150 	 0.006863 	 0.248306 	 0.527684
  151 	 0.006871 	 0.259907 	 0.534655
  152 	 0.005443 	 0.272801 	 0.528076
  153 	 0.005757 	 0.292589 	 0.534020
  154 	 0.006969 	 0.266295 	 0.535538
  155 	 0.006728 	 0.267930 	 0.531758
  156 	 0.009932 	 0.247659 	 0.531758
  157 	 0.006921 	 0.260457 	 0.534269
  158 	 0.006928 	 0.270722 	 0.534300
  159 	 0.006085 	 0.228784 	 0.539014
  160 	 0.006129 	 0.259997 	 0.528672
  161 	 0.006985 	 0.259723 	 0.530807
  162 	 0.005439 	 0.263130 	 0.531099
  163 	 0.004951 	 0.253184 	 0.531144
  164 	 0.007411 	 0.261406 	 0.525863
  165 	 0.009445 	 0.263858 	 0.529954
  166 	 0.006035 	 0.280785 	 0.532233
  167 	 0.007003 	 0.285371 	 0.540136
  168 	 0.006920 	 0.277671 	 0.539113
  169 	 0.006886 	 0.291848 	 0.539113
  170 	 0.008693 	 0.266450 	 0.533240
  171 	 0.006938 	 0.271213 	 0.534550
  172 	 0.008165 	 0.262007 	 0.534550
  173 	 0.006843 	 0.254024 	 0.529890
  174 	 0.006612 	 0.260204 	 0.526487
  175 	 0.006915 	 0.258518 	 0.535087
  176 	 0.006656 	 0.255642 	 0.535830
  177 	 0.006891 	 0.257103 	 0.538040
  178 	 0.007317 	 0.243324 	 0.537887
  179 	 0.006873 	 0.235778 	 0.538079
  180 	 0.006900 	 0.248401 	 0.530293
  181 	 0.008923 	 0.261376 	 0.541359
  182 	 0.007076 	 0.260854 	 0.538883
  183 	 0.006908 	 0.265556 	 0.536067
  184 	 0.005033 	 0.251641 	 0.527758
  185 	 0.009280 	 0.254207 	 0.525804
  186 	 0.005189 	 0.263376 	 0.529936
  187 	 0.006920 	 0.253521 	 0.529888
  188 	 0.006865 	 0.238231 	 0.539616
  189 	 0.006915 	 0.246560 	 0.522103
  190 	 0.006967 	 0.239319 	 0.529245
  191 	 0.009921 	 0.237729 	 0.529245
  192 	 0.006753 	 0.242807 	 0.520014
  193 	 0.006681 	 0.224605 	 0.523565
  194 	 0.006928 	 0.253349 	 0.523782
  195 	 0.006886 	 0.245735 	 0.517018
  196 	 0.006896 	 0.253678 	 0.517018
  197 	 0.005636 	 0.252958 	 0.517032
  198 	 0.006772 	 0.254191 	 0.516307
  199 	 0.006915 	 0.228384 	 0.516090
  200 	 0.006724 	 0.264299 	 0.520862
  201 	 0.006933 	 0.258718 	 0.527767
  202 	 0.006916 	 0.252259 	 0.528111
  203 	 0.006155 	 0.243338 	 0.522008
  204 	 0.006672 	 0.272827 	 0.535596
  205 	 0.006926 	 0.244355 	 0.526768
  206 	 0.006880 	 0.245850 	 0.510832
  207 	 0.006525 	 0.252727 	 0.516166
  208 	 0.006675 	 0.249966 	 0.508546
  209 	 0.006686 	 0.244335 	 0.526079
  210 	 0.006722 	 0.241890 	 0.527408
  211 	 0.005464 	 0.248352 	 0.532878
  212 	 0.006924 	 0.224553 	 0.535451
  213 	 0.006954 	 0.248709 	 0.536989
  214 	 0.009448 	 0.225550 	 0.536217
  215 	 0.006218 	 0.242949 	 0.527989
  216 	 0.005356 	 0.252094 	 0.528074
  217 	 0.006834 	 0.260569 	 0.529815
  218 	 0.006641 	 0.239897 	 0.535386
  219 	 0.007878 	 0.233703 	 0.512681
  220 	 0.006729 	 0.209482 	 0.528074
  221 	 0.009080 	 0.215595 	 0.528074
  222 	 0.006854 	 0.226288 	 0.528074
  223 	 0.006089 	 0.209096 	 0.528074
  224 	 0.005426 	 0.207383 	 0.521415
  225 	 0.006862 	 0.203435 	 0.521415
  226 	 0.006949 	 0.218482 	 0.519872
  227 	 0.008063 	 0.200272 	 0.514660
  228 	 0.006914 	 0.191003 	 0.496138
  229 	 0.007015 	 0.223943 	 0.514988
  230 	 0.005432 	 0.232050 	 0.514370
  231 	 0.006802 	 0.217512 	 0.523623
  232 	 0.006923 	 0.226738 	 0.514930
  233 	 0.006929 	 0.224832 	 0.493938
  234 	 0.006556 	 0.232162 	 0.508740
  235 	 0.005487 	 0.230773 	 0.524936
  236 	 0.007005 	 0.231326 	 0.520670
  237 	 0.006921 	 0.223700 	 0.512124
  238 	 0.006892 	 0.223261 	 0.511387
  239 	 0.006862 	 0.246144 	 0.511387
  240 	 0.006885 	 0.238029 	 0.511387
  241 	 0.005429 	 0.243673 	 0.522262
  242 	 0.006839 	 0.231376 	 0.526709
  243 	 0.008721 	 0.227775 	 0.531365
  244 	 0.006711 	 0.250199 	 0.528558
  245 	 0.005426 	 0.231187 	 0.528558
  246 	 0.004798 	 0.230640 	 0.525416
  247 	 0.006941 	 0.237435 	 0.550606
  248 	 0.004964 	 0.239723 	 0.520664
  249 	 0.009207 	 0.250118 	 0.532308
  250 	 0.004501 	 0.267164 	 0.537967
  251 	 0.004472 	 0.275562 	 0.541772
  252 	 0.006792 	 0.262644 	 0.534571
  253 	 0.008473 	 0.271441 	 0.534846
  254 	 0.007139 	 0.266150 	 0.508561
  255 	 0.007457 	 0.263742 	 0.530932
  256 	 0.007453 	 0.266930 	 0.530132
  257 	 0.006812 	 0.253641 	 0.531319
  258 	 0.006898 	 0.238688 	 0.532271
  259 	 0.006773 	 0.239764 	 0.510141
  260 	 0.008301 	 0.237920 	 0.516446
  261 	 0.005085 	 0.260283 	 0.537266
  262 	 0.007073 	 0.258068 	 0.519962
  263 	 0.006864 	 0.256473 	 0.519962
  264 	 0.006811 	 0.256242 	 0.510919
  265 	 0.006820 	 0.250872 	 0.532820
  266 	 0.006774 	 0.254146 	 0.530471
  267 	 0.006872 	 0.253708 	 0.530471
  268 	 0.006797 	 0.242098 	 0.530471
  269 	 0.007148 	 0.255848 	 0.534895
  270 	 0.009379 	 0.241357 	 0.534895
  271 	 0.006783 	 0.205775 	 0.543593
  272 	 0.005914 	 0.222255 	 0.511686
  273 	 0.006713 	 0.249351 	 0.498503
  274 	 0.006695 	 0.251939 	 0.507177
  275 	 0.006916 	 0.245663 	 0.534740
  276 	 0.007324 	 0.237740 	 0.542842
  277 	 0.006624 	 0.230769 	 0.547665
  278 	 0.009084 	 0.225701 	 0.542842
  279 	 0.006828 	 0.247011 	 0.531985
  280 	 0.006833 	 0.267662 	 0.531985
  281 	 0.006703 	 0.266519 	 0.525883
  282 	 0.007117 	 0.286450 	 0.521949
  283 	 0.005506 	 0.283305 	 0.529321
  284 	 0.009197 	 0.267993 	 0.533793
  285 	 0.006702 	 0.270664 	 0.533793
  286 	 0.006868 	 0.254826 	 0.530080
  287 	 0.006920 	 0.247663 	 0.529466
  288 	 0.006861 	 0.253394 	 0.535748
  289 	 0.006880 	 0.267050 	 0.535748
  290 	 0.006977 	 0.269885 	 0.536350
  291 	 0.007337 	 0.273153 	 0.542036
  292 	 0.006820 	 0.269796 	 0.533675
  293 	 0.006806 	 0.263706 	 0.533974
  294 	 0.006882 	 0.262962 	 0.536326
  295 	 0.007022 	 0.261033 	 0.536326
  296 	 0.006754 	 0.253392 	 0.536326
  297 	 0.006805 	 0.256353 	 0.536326
  298 	 0.008447 	 0.244271 	 0.530774
  299 	 0.006843 	 0.241460 	 0.537241
  300 	 0.006843 	 0.265964 	 0.538181
  301 	 0.006612 	 0.264162 	 0.541222
  302 	 0.006599 	 0.275400 	 0.539192
  303 	 0.006779 	 0.264840 	 0.535881
  304 	 0.006592 	 0.265546 	 0.547792
  305 	 0.005769 	 0.259231 	 0.547792
  306 	 0.006819 	 0.252653 	 0.545343
  307 	 0.005705 	 0.273111 	 0.544806
  308 	 0.006906 	 0.273879 	 0.544806
  309 	 0.008859 	 0.275640 	 0.545492
  310 	 0.006792 	 0.259103 	 0.545492
  311 	 0.009412 	 0.264899 	 0.530445
  312 	 0.006961 	 0.277024 	 0.530256
  313 	 0.006545 	 0.272266 	 0.543235
  314 	 0.006866 	 0.264001 	 0.543235
  315 	 0.006903 	 0.262602 	 0.538134
  316 	 0.006903 	 0.260458 	 0.538134
  317 	 0.006874 	 0.251953 	 0.538134
  318 	 0.006873 	 0.279910 	 0.538134
  319 	 0.006561 	 0.258356 	 0.538134
  320 	 0.005839 	 0.268646 	 0.539409
  321 	 0.005896 	 0.265639 	 0.546122
  322 	 0.006995 	 0.269206 	 0.547950
  323 	 0.006808 	 0.266608 	 0.531812
  324 	 0.006871 	 0.276800 	 0.534070
  325 	 0.006436 	 0.263641 	 0.544665
  326 	 0.006901 	 0.254487 	 0.544665
  327 	 0.006821 	 0.245202 	 0.528362
  328 	 0.009566 	 0.283302 	 0.536495
  329 	 0.006774 	 0.272228 	 0.528965
  330 	 0.007415 	 0.272490 	 0.530044
  331 	 0.006865 	 0.273111 	 0.525093
  332 	 0.006999 	 0.304578 	 0.537801
  333 	 0.006457 	 0.291131 	 0.537218
  334 	 0.006830 	 0.279894 	 0.538939
  335 	 0.006750 	 0.267536 	 0.539710
  336 	 0.006790 	 0.282124 	 0.544768
  337 	 0.006940 	 0.270575 	 0.541905
  338 	 0.006761 	 0.286709 	 0.542388
  339 	 0.006924 	 0.293844 	 0.539013
  340 	 0.006859 	 0.303438 	 0.538329
  341 	 0.006865 	 0.305107 	 0.539863
  342 	 0.006527 	 0.279654 	 0.540538
  343 	 0.006853 	 0.298013 	 0.541037
  344 	 0.006940 	 0.292435 	 0.541236
  345 	 0.006793 	 0.294413 	 0.546544
  346 	 0.006825 	 0.295511 	 0.550014
  347 	 0.009140 	 0.306886 	 0.550014
  348 	 0.006918 	 0.283887 	 0.536965
  349 	 0.005354 	 0.273838 	 0.538205
  350 	 0.006931 	 0.265883 	 0.541001
  351 	 0.006905 	 0.292332 	 0.541645
  352 	 0.006602 	 0.291197 	 0.541645
  353 	 0.005418 	 0.287294 	 0.541645
  354 	 0.006911 	 0.299503 	 0.542194
  355 	 0.006499 	 0.291289 	 0.541766
  356 	 0.006499 	 0.273893 	 0.542096
  357 	 0.006982 	 0.283140 	 0.540414
  358 	 0.006924 	 0.264787 	 0.541736
  359 	 0.006912 	 0.284343 	 0.540414
  360 	 0.006859 	 0.288109 	 0.540414
  361 	 0.006895 	 0.287675 	 0.533757
  362 	 0.006835 	 0.274872 	 0.541315
  363 	 0.007045 	 0.260679 	 0.541315
  364 	 0.007080 	 0.249483 	 0.536343
  365 	 0.007360 	 0.262037 	 0.540281
  366 	 0.006927 	 0.254459 	 0.540281
  367 	 0.006832 	 0.240385 	 0.541915
  368 	 0.006530 	 0.242076 	 0.541915
  369 	 0.006535 	 0.253637 	 0.541915
  370 	 0.006796 	 0.265123 	 0.541915
  371 	 0.006401 	 0.246907 	 0.539858
  372 	 0.006156 	 0.263573 	 0.539858
  373 	 0.005243 	 0.257557 	 0.539858
  374 	 0.006755 	 0.271995 	 0.539858
  375 	 0.006753 	 0.281624 	 0.529225
  376 	 0.005863 	 0.252459 	 0.517366
  377 	 0.007028 	 0.264549 	 0.533110
  378 	 0.006930 	 0.253759 	 0.531539
  379 	 0.006688 	 0.279577 	 0.540702
  380 	 0.006916 	 0.265276 	 0.540970
  381 	 0.006916 	 0.246099 	 0.531433
  382 	 0.005485 	 0.250699 	 0.523667
  383 	 0.006761 	 0.260265 	 0.540394
  384 	 0.005699 	 0.274356 	 0.540431
  385 	 0.005466 	 0.282134 	 0.540431
  386 	 0.006738 	 0.269574 	 0.524170
  387 	 0.007013 	 0.281405 	 0.544736
  388 	 0.005622 	 0.272447 	 0.531412
  389 	 0.006781 	 0.247662 	 0.531518
  390 	 0.006916 	 0.248576 	 0.529968
  391 	 0.006504 	 0.265861 	 0.534561
  392 	 0.006920 	 0.274239 	 0.534561
  393 	 0.006956 	 0.274806 	 0.534561
  394 	 0.006958 	 0.274253 	 0.533262
  395 	 0.005524 	 0.258035 	 0.533292
  396 	 0.007432 	 0.277038 	 0.534465
  397 	 0.009057 	 0.275506 	 0.534465
  398 	 0.006922 	 0.279829 	 0.535700
  399 	 0.005789 	 0.253519 	 0.533954
  400 	 0.006697 	 0.252119 	 0.534998
  401 	 0.006883 	 0.237906 	 0.533954
  402 	 0.005887 	 0.256253 	 0.532289
  403 	 0.006953 	 0.239052 	 0.534821
  404 	 0.006959 	 0.235660 	 0.534560
  405 	 0.006894 	 0.239079 	 0.533166
  406 	 0.006701 	 0.239665 	 0.533166
  407 	 0.006801 	 0.243476 	 0.534018
  408 	 0.006677 	 0.249967 	 0.535039
  409 	 0.006912 	 0.251062 	 0.536105
  410 	 0.006670 	 0.272357 	 0.536105
  411 	 0.006788 	 0.281499 	 0.537612
  412 	 0.006828 	 0.276084 	 0.541697
  413 	 0.006828 	 0.273954 	 0.539129
  414 	 0.005533 	 0.264689 	 0.539098
  415 	 0.006936 	 0.268276 	 0.538805
  416 	 0.007720 	 0.288808 	 0.536981
  417 	 0.005473 	 0.268734 	 0.542843
  418 	 0.007256 	 0.278666 	 0.536950
  419 	 0.005475 	 0.264851 	 0.539232
  420 	 0.005472 	 0.301296 	 0.540100
  421 	 0.006918 	 0.291073 	 0.540100
  422 	 0.006922 	 0.299133 	 0.533637
  423 	 0.009268 	 0.274997 	 0.533637
  424 	 0.005586 	 0.298382 	 0.540865
  425 	 0.006018 	 0.286368 	 0.533501
  426 	 0.006908 	 0.287507 	 0.541094
  427 	 0.006864 	 0.285127 	 0.534470
  428 	 0.006791 	 0.283592 	 0.534655
  429 	 0.009325 	 0.283699 	 0.543907
  430 	 0.006844 	 0.293623 	 0.543907
  431 	 0.006514 	 0.274412 	 0.530819
  432 	 0.006250 	 0.295382 	 0.531414
  433 	 0.006901 	 0.299343 	 0.535505
  434 	 0.009149 	 0.298103 	 0.539281
  435 	 0.006899 	 0.288252 	 0.538016
  436 	 0.006718 	 0.303306 	 0.538016
  437 	 0.006505 	 0.286186 	 0.537009
  438 	 0.006939 	 0.298526 	 0.538667
  439 	 0.006901 	 0.307707 	 0.536142
  440 	 0.006788 	 0.285669 	 0.536561
  441 	 0.005498 	 0.282674 	 0.537155
  442 	 0.005510 	 0.269448 	 0.539744
  443 	 0.006902 	 0.263611 	 0.541672
  444 	 0.006920 	 0.281019 	 0.539960
  445 	 0.006452 	 0.273509 	 0.539960
  446 	 0.006903 	 0.282915 	 0.540212
  447 	 0.006834 	 0.278496 	 0.537882
  448 	 0.009553 	 0.298346 	 0.537515
  449 	 0.009312 	 0.291844 	 0.543807
  450 	 0.009226 	 0.299693 	 0.543807
  451 	 0.008355 	 0.291576 	 0.543672
  452 	 0.006858 	 0.268946 	 0.540855
  453 	 0.009023 	 0.265248 	 0.520586
  454 	 0.005079 	 0.272861 	 0.529302
  455 	 0.006968 	 0.260272 	 0.525896
  456 	 0.006659 	 0.289188 	 0.533217
  457 	 0.007011 	 0.263904 	 0.535545
  458 	 0.006770 	 0.261649 	 0.535545
  459 	 0.005982 	 0.295531 	 0.541479
  460 	 0.006928 	 0.295051 	 0.541344
  461 	 0.006845 	 0.272706 	 0.529110
  462 	 0.006762 	 0.283372 	 0.528807
  463 	 0.006664 	 0.273796 	 0.528195
  464 	 0.006026 	 0.294045 	 0.529676
  465 	 0.005829 	 0.282659 	 0.533575
  466 	 0.007002 	 0.248662 	 0.530735
  467 	 0.007010 	 0.274749 	 0.539616
  468 	 0.005507 	 0.262417 	 0.539616
  469 	 0.005507 	 0.265036 	 0.540823
  470 	 0.006874 	 0.278172 	 0.540823
  471 	 0.006900 	 0.277978 	 0.550498
  472 	 0.009759 	 0.285880 	 0.540941
  473 	 0.006937 	 0.284245 	 0.539090
  474 	 0.006877 	 0.273089 	 0.543591
  475 	 0.006859 	 0.272424 	 0.543591
  476 	 0.006818 	 0.281335 	 0.543591
  477 	 0.006815 	 0.286429 	 0.542228
  478 	 0.006561 	 0.274273 	 0.546030
  479 	 0.009530 	 0.283964 	 0.543193
  480 	 0.006913 	 0.279876 	 0.546431
  481 	 0.006826 	 0.261169 	 0.549454
  482 	 0.006920 	 0.269771 	 0.549454
  483 	 0.006941 	 0.290163 	 0.549454
  484 	 0.006760 	 0.264068 	 0.545158
  485 	 0.009780 	 0.277598 	 0.541812
  486 	 0.009392 	 0.275236 	 0.541812
  487 	 0.006911 	 0.279279 	 0.542794
  488 	 0.006863 	 0.279299 	 0.536568
  489 	 0.008269 	 0.284475 	 0.536904
  490 	 0.005310 	 0.271767 	 0.549026
  491 	 0.006947 	 0.268091 	 0.549475
  492 	 0.006912 	 0.275000 	 0.549310
  493 	 0.006849 	 0.270107 	 0.549310
  494 	 0.005779 	 0.286740 	 0.547740
  495 	 0.006164 	 0.274056 	 0.547740
  496 	 0.006365 	 0.281683 	 0.544729
  497 	 0.006108 	 0.279223 	 0.545073
  498 	 0.006844 	 0.273785 	 0.545794
  499 	 0.006844 	 0.284743 	 0.546362
 