   0 	 0.013343 	 0.061590 	 0.675311
    1 	 0.023904 	 0.159166 	 1.220107
    2 	 0.024461 	 0.453244 	 1.220107
    3 	 0.058958 	 0.768292 	 3.974563
    4 	 0.160192 	 1.041474 	 3.974563
    5 	 0.151570 	 1.612247 	 3.974563
    6 	 0.376223 	 2.280336 	 4.273504
    7 	 0.376223 	 2.988611 	 4.273504
    8 	 0.144768 	 3.613467 	 4.273504
    9 	 1.071123 	 3.823340 	 4.273504
   10 	 1.220107 	 3.949871 	 4.273504
   11 	 1.220107 	 3.937388 	 4.273504
   12 	 3.373819 	 3.974352 	 4.273504
   13 	 1.413228 	 3.951757 	 4.273504
   14 	 3.671072 	 3.974426 	 4.273504
   15 	 0.515145 	 3.957905 	 4.273504
   16 	 3.974563 	 3.992499 	 4.273504
   17 	 3.974563 	 4.013425 	 4.273504
   18 	 2.726281 	 4.000942 	 4.273504
   19 	 2.726281 	 4.006396 	 4.273504
   20 	 2.726281 	 4.009385 	 4.273504
   21 	 2.726281 	 4.001831 	 4.273504
   22 	 2.726281 	 4.045258 	 4.273504
   23 	 2.726281 	 4.039280 	 4.273504
   24 	 2.726281 	 4.046633 	 4.273504
   25 	 2.726281 	 4.054752 	 4.273504
   26 	 2.726281 	 4.066710 	 4.273504
   27 	 2.497502 	 4.050478 	 4.273504
   28 	 0.124471 	 4.001372 	 4.273504
   29 	 3.828484 	 4.083710 	 4.273504
   30 	 3.828484 	 4.085239 	 4.273504
   31 	 3.828484 	 4.100186 	 4.273504
   32 	 3.828484 	 4.130148 	 4.273504
   33 	 3.828484 	 4.149390 	 4.273504
   34 	 3.828484 	 4.171553 	 4.273504
   35 	 3.828484 	 4.161056 	 4.273504
   36 	 3.828484 	 4.160793 	 4.273504
   37 	 0.045537 	 4.115572 	 4.273504
   38 	 3.828484 	 4.159109 	 4.273504
   39 	 3.828484 	 4.166049 	 4.273504
   40 	 0.333467 	 4.155034 	 4.273504
   41 	 0.045573 	 4.142863 	 4.273504
   42 	 0.515145 	 4.168761 	 4.273504
   43 	 0.515145 	 4.167300 	 4.273504
   44 	 0.040983 	 4.167008 	 4.273504
   45 	 3.828484 	 4.207582 	 4.273504
   46 	 3.974563 	 4.222305 	 4.273504
   47 	 3.974563 	 4.241926 	 4.273504
   48 	 3.974563 	 4.240621 	 4.273504
   49 	 3.974563 	 4.243610 	 4.273504
   50 	 3.974563 	 4.249589 	 4.273504
   51 	 3.974563 	 4.249589 	 4.273504
   52 	 3.974563 	 4.246600 	 4.273504
   53 	 3.974563 	 4.249589 	 4.273504
   54 	 3.974563 	 4.246600 	 4.273504
   55 	 3.974563 	 4.246600 	 4.273504
   56 	 3.974563 	 4.243610 	 4.273504
   57 	 3.974563 	 4.243610 	 4.273504
   58 	 3.924647 	 4.246100 	 4.273504
   59 	 3.974563 	 4.261547 	 4.273504
   60 	 0.828638 	 4.227098 	 4.273504
   61 	 3.974563 	 4.252578 	 4.273504
   62 	 3.974563 	 4.249589 	 4.273504
   63 	 3.974563 	 4.255568 	 4.273504
   64 	 3.974563 	 4.258557 	 4.273504
   65 	 3.974563 	 4.255568 	 4.273504
   66 	 3.974563 	 4.268667 	 5.882353
   67 	 3.974563 	 4.287745 	 5.882353
   68 	 1.111605 	 4.240037 	 5.882353
   69 	 1.111605 	 4.237048 	 5.882353
   70 	 3.974563 	 4.287745 	 5.882353
   71 	 3.974563 	 4.294865 	 5.882353
   72 	 3.974563 	 4.291876 	 5.882353
   73 	 3.974563 	 4.326302 	 5.882353
   74 	 3.974563 	 4.375816 	 5.882353
   75 	 3.974563 	 4.450280 	 5.882353
   76 	 3.974563 	 4.349618 	 5.882353
   77 	 0.828638 	 4.310010 	 5.882353
   78 	 4.273504 	 4.344459 	 5.882353
   79 	 0.040983 	 4.352050 	 5.882353
   80 	 0.038117 	 4.323144 	 5.882353
   81 	 3.671072 	 4.390414 	 5.882353
   82 	 4.273504 	 4.367562 	 5.882353
   83 	 4.273504 	 4.428616 	 5.882353
   84 	 4.273504 	 4.509058 	 5.882353
   85 	 4.273504 	 4.542885 	 5.882353
   86 	 4.273504 	 4.610540 	 5.882353
   87 	 4.273504 	 4.557737 	 5.882353
   88 	 4.273504 	 4.721509 	 5.882353
   89 	 4.273504 	 4.721509 	 5.882353
   90 	 4.273504 	 4.820927 	 5.882353
   91 	 0.146499 	 4.877838 	 5.882353
   92 	 4.273504 	 5.064818 	 6.138735
   93 	 4.273504 	 5.126608 	 5.882353
   94 	 4.273504 	 5.237577 	 5.882353
   95 	 4.273504 	 5.339972 	 6.138735
   96 	 4.273504 	 5.396812 	 5.882353
   97 	 4.273504 	 5.411250 	 5.882353
   98 	 4.273504 	 5.596061 	 5.882353
   99 	 4.273504 	 5.723118 	 5.882353
 