   0 	 0.000045 	 0.000165 	 0.003551
    1 	 0.000072 	 0.000267 	 0.003551
    2 	 0.000111 	 0.000418 	 0.009221
    3 	 0.000095 	 0.000689 	 0.009202
    4 	 0.000123 	 0.000804 	 0.009203
    5 	 0.000261 	 0.001069 	 0.006393
    6 	 0.000396 	 0.001622 	 0.009203
    7 	 0.000095 	 0.002485 	 0.010374
    8 	 0.000169 	 0.003530 	 0.010336
    9 	 0.000049 	 0.004150 	 0.010072
   10 	 0.000101 	 0.004928 	 0.010690
   11 	 0.000050 	 0.005467 	 0.012013
   12 	 0.000097 	 0.006308 	 0.012128
   13 	 0.000099 	 0.007054 	 0.016766
   14 	 0.000098 	 0.007819 	 0.016766
   15 	 0.000467 	 0.008350 	 0.018150
   16 	 0.000049 	 0.008533 	 0.018150
   17 	 0.000257 	 0.008937 	 0.019018
   18 	 0.002260 	 0.009448 	 0.019337
   19 	 0.000097 	 0.009133 	 0.019365
   20 	 0.000819 	 0.009686 	 0.016664
   21 	 0.000050 	 0.009373 	 0.017932
   22 	 0.000383 	 0.010429 	 0.017952
   23 	 0.000049 	 0.010526 	 0.018191
   24 	 0.000049 	 0.011095 	 0.019582
   25 	 0.000393 	 0.011732 	 0.016168
   26 	 0.001304 	 0.011613 	 0.014885
   27 	 0.000097 	 0.012186 	 0.014783
   28 	 0.000098 	 0.012681 	 0.016384
   29 	 0.000049 	 0.013052 	 0.016279
   30 	 0.008079 	 0.013182 	 0.016252
   31 	 0.000049 	 0.012920 	 0.016976
   32 	 0.000501 	 0.013284 	 0.014077
   33 	 0.007286 	 0.013514 	 0.015187
   34 	 0.002017 	 0.013580 	 0.015092
   35 	 0.000194 	 0.013630 	 0.020093
   36 	 0.000097 	 0.013715 	 0.020093
   37 	 0.001000 	 0.013745 	 0.022494
   38 	 0.000097 	 0.013941 	 0.022494
   39 	 0.000995 	 0.014301 	 0.021912
   40 	 0.000390 	 0.014430 	 0.020633
   41 	 0.000194 	 0.014947 	 0.021796
   42 	 0.000097 	 0.016357 	 0.024757
   43 	 0.000753 	 0.018402 	 0.025043
   44 	 0.000388 	 0.019997 	 0.025691
   45 	 0.000250 	 0.021363 	 0.027331
   46 	 0.005749 	 0.022696 	 0.027331
   47 	 0.000097 	 0.023014 	 0.027031
   48 	 0.000049 	 0.023544 	 0.027041
   49 	 0.000250 	 0.023970 	 0.027385
   50 	 0.001013 	 0.024420 	 0.028091
   51 	 0.000194 	 0.024404 	 0.028103
   52 	 0.000501 	 0.024898 	 0.028091
   53 	 0.000097 	 0.025195 	 0.028317
   54 	 0.000194 	 0.025225 	 0.028447
   55 	 0.001010 	 0.026381 	 0.028392
   56 	 0.000049 	 0.026318 	 0.028636
   57 	 0.000097 	 0.026881 	 0.028641
   58 	 0.000776 	 0.027181 	 0.028990
   59 	 0.000195 	 0.026760 	 0.028480
   60 	 0.000049 	 0.026831 	 0.028839
   61 	 0.000500 	 0.027327 	 0.028942
   62 	 0.000097 	 0.027020 	 0.029283
   63 	 0.001002 	 0.026822 	 0.029283
   64 	 0.000250 	 0.027067 	 0.029318
   65 	 0.000097 	 0.027867 	 0.029509
   66 	 0.000779 	 0.027649 	 0.029534
   67 	 0.001560 	 0.027665 	 0.029173
   68 	 0.000097 	 0.028035 	 0.029520
   69 	 0.000097 	 0.027917 	 0.029573
   70 	 0.000097 	 0.027946 	 0.029605
   71 	 0.000049 	 0.028272 	 0.029605
   72 	 0.000195 	 0.027457 	 0.029756
   73 	 0.000049 	 0.028076 	 0.029921
   74 	 0.000049 	 0.028114 	 0.030126
   75 	 0.000049 	 0.028404 	 0.030224
   76 	 0.000195 	 0.027819 	 0.030088
   77 	 0.000049 	 0.028803 	 0.030132
   78 	 0.000387 	 0.028813 	 0.030349
   79 	 0.000782 	 0.028862 	 0.030423
   80 	 0.000251 	 0.028578 	 0.030482
   81 	 0.000049 	 0.028742 	 0.030495
   82 	 0.000049 	 0.029006 	 0.030432
   83 	 0.000098 	 0.028684 	 0.030553
   84 	 0.001548 	 0.029297 	 0.030945
   85 	 0.000195 	 0.029406 	 0.031166
   86 	 0.000500 	 0.029332 	 0.031103
   87 	 0.000049 	 0.028689 	 0.031103
   88 	 0.000097 	 0.029375 	 0.031103
   89 	 0.000390 	 0.029641 	 0.031266
   90 	 0.001568 	 0.029114 	 0.031282
   91 	 0.001575 	 0.029833 	 0.031485
   92 	 0.023272 	 0.030519 	 0.031568
   93 	 0.007002 	 0.030406 	 0.031557
   94 	 0.000049 	 0.029762 	 0.031716
   95 	 0.007815 	 0.030674 	 0.031741
   96 	 0.002008 	 0.030183 	 0.031789
   97 	 0.000389 	 0.030325 	 0.032027
   98 	 0.000097 	 0.030258 	 0.032027
   99 	 0.000390 	 0.030419 	 0.031993
  100 	 0.000097 	 0.030222 	 0.032001
  101 	 0.000389 	 0.030489 	 0.032038
  102 	 0.000097 	 0.030652 	 0.032150
  103 	 0.000250 	 0.030840 	 0.032169
  104 	 0.000097 	 0.030596 	 0.032166
  105 	 0.000049 	 0.031257 	 0.032176
  106 	 0.000049 	 0.030913 	 0.032198
  107 	 0.000778 	 0.030883 	 0.032223
  108 	 0.000049 	 0.030875 	 0.032294
  109 	 0.000049 	 0.031389 	 0.032330
  110 	 0.000778 	 0.031227 	 0.032356
  111 	 0.000251 	 0.031244 	 0.032320
  112 	 0.000780 	 0.030690 	 0.032338
  113 	 0.000049 	 0.031417 	 0.032376
  114 	 0.000049 	 0.031425 	 0.032399
  115 	 0.000250 	 0.031598 	 0.032401
  116 	 0.001002 	 0.031335 	 0.032448
  117 	 0.000779 	 0.031518 	 0.032526
  118 	 0.005190 	 0.031619 	 0.032519
  119 	 0.000049 	 0.030933 	 0.032900
  120 	 0.000097 	 0.031135 	 0.032824
  121 	 0.000049 	 0.031498 	 0.032917
  122 	 0.002001 	 0.031638 	 0.032695
  123 	 0.000195 	 0.031623 	 0.032696
  124 	 0.006947 	 0.031982 	 0.032988
  125 	 0.000097 	 0.031394 	 0.033089
  126 	 0.001003 	 0.031607 	 0.032977
  127 	 0.000501 	 0.032028 	 0.032977
  128 	 0.001001 	 0.031868 	 0.032799
  129 	 0.000501 	 0.032062 	 0.032800
  130 	 0.000389 	 0.031900 	 0.032917
  131 	 0.000049 	 0.032155 	 0.032917
  132 	 0.000251 	 0.032227 	 0.032940
  133 	 0.000501 	 0.032011 	 0.032917
  134 	 0.000250 	 0.031520 	 0.033153
  135 	 0.000049 	 0.031200 	 0.033165
  136 	 0.000097 	 0.031624 	 0.033182
  137 	 0.000097 	 0.032153 	 0.033365
  138 	 0.000250 	 0.031650 	 0.033379
  139 	 0.000097 	 0.031750 	 0.033707
  140 	 0.000049 	 0.031682 	 0.033705
  141 	 0.000390 	 0.031984 	 0.033723
  142 	 0.000049 	 0.031947 	 0.033809
  143 	 0.000500 	 0.032453 	 0.033809
  144 	 0.000502 	 0.032213 	 0.033796
  145 	 0.000775 	 0.032493 	 0.033854
  146 	 0.000775 	 0.032504 	 0.033862
  147 	 0.005043 	 0.032653 	 0.033865
  148 	 0.001999 	 0.032612 	 0.033926
  149 	 0.000049 	 0.032577 	 0.034713
  150 	 0.000097 	 0.032288 	 0.034713
  151 	 0.000097 	 0.032580 	 0.034713
  152 	 0.000500 	 0.033189 	 0.034702
  153 	 0.000195 	 0.032646 	 0.034725
  154 	 0.000195 	 0.032331 	 0.034701
  155 	 0.005978 	 0.033244 	 0.034716
  156 	 0.003982 	 0.033404 	 0.034734
  157 	 0.000250 	 0.032441 	 0.034773
  158 	 0.000049 	 0.032330 	 0.034776
  159 	 0.000097 	 0.032850 	 0.034777
  160 	 0.000097 	 0.032971 	 0.034795
  161 	 0.000781 	 0.033399 	 0.034795
  162 	 0.000049 	 0.032885 	 0.034818
  163 	 0.000501 	 0.032902 	 0.034886
  164 	 0.000049 	 0.033026 	 0.034868
  165 	 0.001557 	 0.033744 	 0.034874
  166 	 0.000195 	 0.033583 	 0.034894
  167 	 0.000049 	 0.033952 	 0.034894
  168 	 0.000049 	 0.033651 	 0.034897
  169 	 0.000501 	 0.033713 	 0.034897
  170 	 0.000251 	 0.033778 	 0.034922
  171 	 0.000049 	 0.033360 	 0.034922
  172 	 0.002023 	 0.033910 	 0.034921
  173 	 0.000195 	 0.033431 	 0.034920
  174 	 0.000251 	 0.034325 	 0.034921
  175 	 0.000049 	 0.034012 	 0.034922
  176 	 0.002168 	 0.033668 	 0.034933
  177 	 0.000779 	 0.033900 	 0.034937
  178 	 0.000049 	 0.033142 	 0.034940
  179 	 0.000097 	 0.033143 	 0.034940
  180 	 0.003108 	 0.034155 	 0.034949
  181 	 0.000097 	 0.034013 	 0.034960
  182 	 0.000049 	 0.034033 	 0.034951
  183 	 0.000779 	 0.034071 	 0.034960
  184 	 0.006813 	 0.034122 	 0.034992
  185 	 0.001002 	 0.033665 	 0.034980
  186 	 0.003102 	 0.033653 	 0.034984
  187 	 0.000049 	 0.033267 	 0.034977
  188 	 0.000097 	 0.033826 	 0.034986
  189 	 0.000389 	 0.033749 	 0.034993
  190 	 0.010094 	 0.034073 	 0.034993
  191 	 0.000195 	 0.033097 	 0.034995
  192 	 0.000049 	 0.034120 	 0.034996
  193 	 0.001556 	 0.033919 	 0.035002
  194 	 0.000390 	 0.033807 	 0.035001
  195 	 0.000195 	 0.033561 	 0.034999
  196 	 0.000251 	 0.033877 	 0.035022
  197 	 0.006104 	 0.034153 	 0.035050
  198 	 0.005221 	 0.034043 	 0.035058
  199 	 0.000049 	 0.033406 	 0.035058
  200 	 0.001553 	 0.034132 	 0.035058
  201 	 0.000097 	 0.033785 	 0.035058
  202 	 0.000049 	 0.032863 	 0.035057
  203 	 0.000195 	 0.034233 	 0.035057
  204 	 0.000049 	 0.034014 	 0.035042
  205 	 0.000195 	 0.033399 	 0.035068
  206 	 0.000049 	 0.033390 	 0.035066
  207 	 0.003372 	 0.034001 	 0.035067
  208 	 0.000195 	 0.033324 	 0.035067
  209 	 0.000976 	 0.034420 	 0.035069
  210 	 0.007685 	 0.034583 	 0.035069
  211 	 0.000250 	 0.032763 	 0.035069
  212 	 0.000049 	 0.034307 	 0.035071
  213 	 0.003959 	 0.034385 	 0.035073
  214 	 0.001001 	 0.034493 	 0.035079
  215 	 0.000779 	 0.033795 	 0.035089
  216 	 0.006896 	 0.034392 	 0.035090
  217 	 0.000390 	 0.034144 	 0.035077
  218 	 0.000049 	 0.033955 	 0.035079
  219 	 0.000049 	 0.033694 	 0.035082
  220 	 0.001000 	 0.033900 	 0.035080
  221 	 0.000049 	 0.033740 	 0.035084
  222 	 0.001552 	 0.034182 	 0.035087
  223 	 0.000385 	 0.034043 	 0.035089
  224 	 0.000250 	 0.033706 	 0.035091
  225 	 0.000097 	 0.034387 	 0.035091
  226 	 0.001001 	 0.033973 	 0.035091
  227 	 0.000097 	 0.033068 	 0.035091
  228 	 0.000501 	 0.034026 	 0.035092
  229 	 0.000097 	 0.033907 	 0.035094
  230 	 0.000195 	 0.033029 	 0.035095
  231 	 0.000195 	 0.033951 	 0.035098
  232 	 0.000049 	 0.033368 	 0.035102
  233 	 0.000251 	 0.033677 	 0.035102
  234 	 0.000097 	 0.033942 	 0.035102
  235 	 0.000097 	 0.033661 	 0.035102
  236 	 0.000097 	 0.033279 	 0.035105
  237 	 0.000049 	 0.034322 	 0.035106
  238 	 0.000491 	 0.033854 	 0.035106
  239 	 0.000049 	 0.034068 	 0.035106
  240 	 0.000049 	 0.033935 	 0.035106
  241 	 0.000195 	 0.034102 	 0.035106
  242 	 0.000501 	 0.033939 	 0.035106
  243 	 0.006136 	 0.034467 	 0.035106
  244 	 0.000049 	 0.033660 	 0.035108
  245 	 0.001558 	 0.034817 	 0.035108
  246 	 0.000195 	 0.033790 	 0.035109
  247 	 0.000097 	 0.033990 	 0.035109
  248 	 0.000501 	 0.034347 	 0.035109
  249 	 0.001557 	 0.034598 	 0.035108
  250 	 0.000251 	 0.033515 	 0.035108
  251 	 0.000390 	 0.034344 	 0.035109
  252 	 0.000049 	 0.034112 	 0.035109
  253 	 0.000779 	 0.033923 	 0.035109
  254 	 0.000097 	 0.034274 	 0.035109
  255 	 0.000779 	 0.033857 	 0.035109
  256 	 0.000195 	 0.033422 	 0.035109
  257 	 0.000779 	 0.033532 	 0.035109
  258 	 0.000049 	 0.033478 	 0.035109
  259 	 0.000049 	 0.034045 	 0.035110
  260 	 0.006036 	 0.034058 	 0.035110
  261 	 0.001996 	 0.034225 	 0.035110
  262 	 0.001556 	 0.034407 	 0.035110
  263 	 0.000097 	 0.033304 	 0.035110
  264 	 0.003364 	 0.033973 	 0.035111
  265 	 0.000779 	 0.034169 	 0.035111
  266 	 0.005187 	 0.034257 	 0.035111
  267 	 0.003969 	 0.034591 	 0.035111
  268 	 0.000501 	 0.033551 	 0.035111
  269 	 0.000049 	 0.033955 	 0.035111
  270 	 0.000097 	 0.033544 	 0.035111
  271 	 0.000250 	 0.033492 	 0.035111
  272 	 0.000195 	 0.034298 	 0.035111
  273 	 0.000097 	 0.034129 	 0.035111
  274 	 0.000195 	 0.033856 	 0.035111
  275 	 0.000049 	 0.033410 	 0.035111
  276 	 0.009241 	 0.034432 	 0.035111
  277 	 0.000097 	 0.034167 	 0.035111
  278 	 0.000501 	 0.033173 	 0.035111
  279 	 0.000501 	 0.033940 	 0.035111
  280 	 0.000251 	 0.033817 	 0.035111
  281 	 0.001000 	 0.034447 	 0.035111
  282 	 0.000195 	 0.034206 	 0.035111
  283 	 0.000388 	 0.033158 	 0.035112
  284 	 0.000097 	 0.033533 	 0.035112
  285 	 0.001000 	 0.034483 	 0.035112
  286 	 0.000097 	 0.034235 	 0.035112
  287 	 0.000251 	 0.034117 	 0.035112
  288 	 0.000195 	 0.033529 	 0.035112
  289 	 0.000049 	 0.033762 	 0.035111
  290 	 0.000195 	 0.034131 	 0.035111
  291 	 0.000049 	 0.034133 	 0.035111
  292 	 0.000390 	 0.033589 	 0.035112
  293 	 0.000251 	 0.033720 	 0.035112
  294 	 0.000251 	 0.033837 	 0.035112
  295 	 0.000195 	 0.034348 	 0.035112
  296 	 0.000097 	 0.034471 	 0.035112
  297 	 0.000251 	 0.034616 	 0.035112
  298 	 0.000779 	 0.033866 	 0.035112
  299 	 0.000390 	 0.034332 	 0.035111
  300 	 0.000390 	 0.034409 	 0.035112
  301 	 0.000776 	 0.034288 	 0.035112
  302 	 0.000505 	 0.033942 	 0.035112
  303 	 0.000501 	 0.034309 	 0.035112
  304 	 0.001000 	 0.034401 	 0.035112
  305 	 0.000779 	 0.033874 	 0.035112
  306 	 0.000251 	 0.034086 	 0.035112
  307 	 0.000195 	 0.033823 	 0.035112
  308 	 0.001000 	 0.034374 	 0.035112
  309 	 0.000501 	 0.033499 	 0.035112
  310 	 0.000195 	 0.034115 	 0.035112
  311 	 0.000195 	 0.033727 	 0.035112
  312 	 0.003963 	 0.034701 	 0.035112
  313 	 0.009206 	 0.034688 	 0.035112
  314 	 0.000098 	 0.034363 	 0.035113
  315 	 0.000390 	 0.034196 	 0.035113
  316 	 0.000097 	 0.034119 	 0.035113
  317 	 0.000251 	 0.034008 	 0.035113
  318 	 0.000390 	 0.033561 	 0.035113
  319 	 0.000078 	 0.033840 	 0.035113
  320 	 0.000195 	 0.034017 	 0.035113
  321 	 0.003113 	 0.034194 	 0.035113
  322 	 0.000049 	 0.034102 	 0.035113
  323 	 0.000251 	 0.033705 	 0.035113
  324 	 0.000049 	 0.034068 	 0.035113
  325 	 0.000390 	 0.033905 	 0.035113
  326 	 0.000100 	 0.033847 	 0.035113
  327 	 0.000251 	 0.034162 	 0.035113
  328 	 0.001000 	 0.034129 	 0.035113
  329 	 0.003961 	 0.034278 	 0.035113
  330 	 0.000501 	 0.034506 	 0.035113
  331 	 0.000250 	 0.034494 	 0.035113
  332 	 0.000049 	 0.033555 	 0.035113
  333 	 0.000195 	 0.034247 	 0.035113
  334 	 0.000049 	 0.034067 	 0.035113
  335 	 0.003105 	 0.034004 	 0.035113
  336 	 0.000049 	 0.034074 	 0.035113
  337 	 0.000195 	 0.034394 	 0.035113
  338 	 0.000049 	 0.033713 	 0.035113
  339 	 0.000195 	 0.034594 	 0.035113
  340 	 0.000501 	 0.034187 	 0.035113
  341 	 0.006885 	 0.034540 	 0.035113
  342 	 0.000779 	 0.033806 	 0.035113
  343 	 0.000251 	 0.034559 	 0.035113
  344 	 0.011696 	 0.034594 	 0.035113
  345 	 0.001000 	 0.033988 	 0.035113
  346 	 0.000390 	 0.034232 	 0.035113
  347 	 0.000195 	 0.034208 	 0.035113
  348 	 0.000049 	 0.034096 	 0.035113
  349 	 0.000195 	 0.034110 	 0.035113
  350 	 0.003334 	 0.034257 	 0.035113
  351 	 0.000049 	 0.034285 	 0.035113
  352 	 0.003105 	 0.033762 	 0.035113
  353 	 0.000390 	 0.034133 	 0.035113
  354 	 0.001557 	 0.034227 	 0.035113
  355 	 0.000251 	 0.033979 	 0.035113
  356 	 0.000195 	 0.033253 	 0.035113
  357 	 0.001000 	 0.034346 	 0.035113
  358 	 0.000195 	 0.034174 	 0.035113
  359 	 0.000779 	 0.034093 	 0.035113
  360 	 0.003962 	 0.034688 	 0.035113
  361 	 0.003365 	 0.034124 	 0.035113
  362 	 0.000049 	 0.034328 	 0.035113
  363 	 0.000501 	 0.034309 	 0.035113
  364 	 0.000390 	 0.033406 	 0.035113
  365 	 0.000195 	 0.034082 	 0.035113
  366 	 0.000049 	 0.033781 	 0.035113
  367 	 0.000097 	 0.033483 	 0.035113
  368 	 0.000049 	 0.033746 	 0.035113
  369 	 0.000048 	 0.033851 	 0.035113
  370 	 0.000049 	 0.033458 	 0.035113
  371 	 0.007736 	 0.034739 	 0.035113
  372 	 0.012600 	 0.034642 	 0.035113
  373 	 0.003008 	 0.034300 	 0.035113
  374 	 0.001000 	 0.034153 	 0.035113
  375 	 0.000049 	 0.034063 	 0.035113
  376 	 0.000501 	 0.033753 	 0.035113
  377 	 0.003105 	 0.034573 	 0.035113
  378 	 0.000779 	 0.034038 	 0.035113
  379 	 0.000097 	 0.033463 	 0.035113
  380 	 0.001000 	 0.034175 	 0.035113
  381 	 0.000097 	 0.034143 	 0.035113
  382 	 0.000195 	 0.033575 	 0.035113
  383 	 0.000501 	 0.034067 	 0.035113
  384 	 0.000049 	 0.034384 	 0.035113
  385 	 0.000097 	 0.033585 	 0.035113
  386 	 0.000049 	 0.033617 	 0.035113
  387 	 0.005192 	 0.034723 	 0.035113
  388 	 0.000251 	 0.032806 	 0.035113
  389 	 0.000251 	 0.033810 	 0.035113
  390 	 0.003364 	 0.034215 	 0.035113
  391 	 0.000097 	 0.034127 	 0.035113
  392 	 0.000195 	 0.034487 	 0.035113
  393 	 0.000097 	 0.033848 	 0.035113
  394 	 0.000779 	 0.034127 	 0.035113
  395 	 0.000251 	 0.034048 	 0.035113
  396 	 0.000195 	 0.034225 	 0.035113
  397 	 0.003365 	 0.034130 	 0.035113
  398 	 0.000251 	 0.033606 	 0.035113
  399 	 0.000049 	 0.033354 	 0.035113
  400 	 0.000251 	 0.033238 	 0.035113
  401 	 0.000049 	 0.033693 	 0.035113
  402 	 0.003365 	 0.034075 	 0.035113
  403 	 0.011699 	 0.034658 	 0.035113
  404 	 0.006138 	 0.034527 	 0.035113
  405 	 0.007737 	 0.034264 	 0.035113
  406 	 0.000097 	 0.034017 	 0.035113
  407 	 0.000251 	 0.034564 	 0.035113
  408 	 0.000097 	 0.034424 	 0.035113
  409 	 0.000251 	 0.034288 	 0.035113
  410 	 0.000251 	 0.034187 	 0.035113
  411 	 0.000501 	 0.034500 	 0.035113
  412 	 0.000092 	 0.033511 	 0.035113
  413 	 0.000049 	 0.034312 	 0.035113
  414 	 0.000501 	 0.034360 	 0.035113
  415 	 0.000195 	 0.033968 	 0.035113
  416 	 0.000097 	 0.033060 	 0.035113
  417 	 0.000097 	 0.033442 	 0.035113
  418 	 0.000097 	 0.034224 	 0.035113
  419 	 0.000049 	 0.034381 	 0.035113
  420 	 0.000097 	 0.034157 	 0.035113
  421 	 0.000097 	 0.033945 	 0.035113
  422 	 0.000779 	 0.034070 	 0.035113
  423 	 0.001000 	 0.034115 	 0.035113
  424 	 0.000049 	 0.033847 	 0.035113
  425 	 0.000049 	 0.033611 	 0.035113
  426 	 0.000251 	 0.033983 	 0.035113
  427 	 0.000195 	 0.034306 	 0.035113
  428 	 0.000097 	 0.033800 	 0.035113
  429 	 0.000195 	 0.033992 	 0.035113
  430 	 0.000501 	 0.033949 	 0.035113
  431 	 0.000390 	 0.033985 	 0.035113
  432 	 0.000779 	 0.034496 	 0.035113
  433 	 0.000779 	 0.034042 	 0.035113
  434 	 0.000049 	 0.034142 	 0.035113
  435 	 0.000195 	 0.033889 	 0.035113
  436 	 0.001995 	 0.033843 	 0.035113
  437 	 0.001000 	 0.034637 	 0.035113
  438 	 0.000097 	 0.034043 	 0.035113
  439 	 0.000195 	 0.033512 	 0.035113
  440 	 0.000049 	 0.034160 	 0.035113
  441 	 0.000499 	 0.034282 	 0.035113
  442 	 0.000390 	 0.034408 	 0.035113
  443 	 0.000195 	 0.034436 	 0.035113
  444 	 0.000390 	 0.034193 	 0.035113
  445 	 0.000049 	 0.034099 	 0.035113
  446 	 0.000049 	 0.033915 	 0.035113
  447 	 0.000049 	 0.034169 	 0.035113
  448 	 0.000388 	 0.034013 	 0.035113
  449 	 0.001995 	 0.034001 	 0.035113
  450 	 0.000251 	 0.033723 	 0.035113
  451 	 0.003104 	 0.034299 	 0.035113
  452 	 0.000097 	 0.033674 	 0.035113
  453 	 0.000251 	 0.034221 	 0.035113
  454 	 0.000097 	 0.034147 	 0.035113
  455 	 0.000779 	 0.034050 	 0.035113
  456 	 0.000097 	 0.033776 	 0.035113
  457 	 0.000097 	 0.034369 	 0.035113
  458 	 0.000501 	 0.033943 	 0.035113
  459 	 0.000195 	 0.034051 	 0.035113
  460 	 0.003120 	 0.034305 	 0.035113
  461 	 0.000195 	 0.033677 	 0.035113
  462 	 0.000195 	 0.034105 	 0.035113
  463 	 0.001995 	 0.034111 	 0.035113
  464 	 0.000501 	 0.033868 	 0.035113
  465 	 0.000501 	 0.034416 	 0.035113
  466 	 0.000251 	 0.033612 	 0.035113
  467 	 0.000195 	 0.033962 	 0.035113
  468 	 0.000097 	 0.033725 	 0.035113
  469 	 0.000251 	 0.033934 	 0.035113
  470 	 0.006888 	 0.034632 	 0.035113
  471 	 0.000390 	 0.034144 	 0.035113
  472 	 0.001557 	 0.033639 	 0.035113
  473 	 0.000251 	 0.033903 	 0.035113
  474 	 0.000049 	 0.034601 	 0.035113
  475 	 0.005193 	 0.034447 	 0.035113
  476 	 0.001995 	 0.034187 	 0.035113
  477 	 0.000049 	 0.034039 	 0.035113
  478 	 0.003656 	 0.033983 	 0.035113
  479 	 0.000251 	 0.034310 	 0.035113
  480 	 0.000049 	 0.033632 	 0.035113
  481 	 0.000097 	 0.034274 	 0.035113
  482 	 0.000049 	 0.034238 	 0.035113
  483 	 0.000195 	 0.034141 	 0.035113
  484 	 0.000390 	 0.033584 	 0.035113
  485 	 0.000942 	 0.034013 	 0.035113
  486 	 0.000500 	 0.034257 	 0.035113
  487 	 0.000049 	 0.034088 	 0.035113
  488 	 0.000779 	 0.034004 	 0.035113
  489 	 0.000251 	 0.033846 	 0.035113
  490 	 0.000390 	 0.034089 	 0.035113
  491 	 0.000390 	 0.033552 	 0.035113
  492 	 0.000498 	 0.033525 	 0.035113
  493 	 0.000049 	 0.033351 	 0.035113
  494 	 0.000246 	 0.034119 	 0.035113
  495 	 0.000501 	 0.034150 	 0.035113
  496 	 0.000250 	 0.034081 	 0.035113
  497 	 0.000777 	 0.034502 	 0.035113
  498 	 0.000779 	 0.034604 	 0.035113
  499 	 0.003349 	 0.034302 	 0.035113
 