   0 	 0.003443 	 0.009672 	 0.042546
    1 	 0.004226 	 0.011733 	 0.048672
    2 	 0.004160 	 0.013742 	 0.051895
    3 	 0.005439 	 0.014955 	 0.051868
    4 	 0.006177 	 0.017674 	 0.065062
    5 	 0.005503 	 0.020191 	 0.068131
    6 	 0.006075 	 0.023534 	 0.081024
    7 	 0.005640 	 0.028886 	 0.088700
    8 	 0.006558 	 0.029697 	 0.105698
    9 	 0.005142 	 0.032894 	 0.107475
   10 	 0.006232 	 0.039221 	 0.109070
   11 	 0.006966 	 0.043930 	 0.141314
   12 	 0.006733 	 0.048591 	 0.141695
   13 	 0.006898 	 0.053323 	 0.150340
   14 	 0.006630 	 0.057212 	 0.156296
   15 	 0.006638 	 0.058760 	 0.149572
   16 	 0.006707 	 0.067608 	 0.169076
   17 	 0.006867 	 0.070906 	 0.168377
   18 	 0.006408 	 0.073214 	 0.167208
   19 	 0.006202 	 0.080260 	 0.167208
   20 	 0.006198 	 0.084302 	 0.168075
   21 	 0.006256 	 0.089854 	 0.168075
   22 	 0.006677 	 0.091298 	 0.168593
   23 	 0.006717 	 0.092051 	 0.182676
   24 	 0.006066 	 0.094967 	 0.196299
   25 	 0.006296 	 0.098725 	 0.200531
   26 	 0.006292 	 0.096535 	 0.194506
   27 	 0.005119 	 0.108647 	 0.194506
   28 	 0.006819 	 0.115424 	 0.194763
   29 	 0.005359 	 0.107699 	 0.206591
   30 	 0.006812 	 0.111049 	 0.207335
   31 	 0.006771 	 0.115850 	 0.210084
   32 	 0.008770 	 0.119468 	 0.222450
   33 	 0.006866 	 0.121778 	 0.208922
   34 	 0.007005 	 0.121317 	 0.209962
   35 	 0.006938 	 0.123573 	 0.213969
   36 	 0.006658 	 0.122343 	 0.229708
   37 	 0.006638 	 0.118937 	 0.235229
   38 	 0.006618 	 0.120245 	 0.232249
   39 	 0.006725 	 0.125512 	 0.232249
   40 	 0.006944 	 0.123908 	 0.260517
   41 	 0.006633 	 0.121227 	 0.238727
   42 	 0.006959 	 0.121958 	 0.230941
   43 	 0.006843 	 0.127298 	 0.250143
   44 	 0.006108 	 0.130775 	 0.242789
   45 	 0.006422 	 0.138371 	 0.241500
   46 	 0.009429 	 0.141091 	 0.243211
   47 	 0.007067 	 0.141296 	 0.243211
   48 	 0.006622 	 0.141639 	 0.243035
   49 	 0.006698 	 0.132900 	 0.248205
   50 	 0.006854 	 0.132459 	 0.248205
   51 	 0.006998 	 0.144108 	 0.242876
   52 	 0.006892 	 0.146264 	 0.243183
   53 	 0.006489 	 0.141907 	 0.256298
   54 	 0.007329 	 0.138258 	 0.258652
   55 	 0.006495 	 0.141969 	 0.252975
   56 	 0.005977 	 0.139355 	 0.266177
   57 	 0.007041 	 0.138877 	 0.266177
   58 	 0.009354 	 0.139474 	 0.266606
   59 	 0.005811 	 0.131138 	 0.266606
   60 	 0.006747 	 0.145135 	 0.267850
   61 	 0.009278 	 0.155112 	 0.267850
   62 	 0.006986 	 0.138500 	 0.288538
   63 	 0.005093 	 0.148786 	 0.295324
   64 	 0.006594 	 0.143553 	 0.297343
   65 	 0.006652 	 0.151419 	 0.326688
   66 	 0.006652 	 0.154453 	 0.326438
   67 	 0.006043 	 0.144450 	 0.318694
   68 	 0.007200 	 0.150247 	 0.318694
   69 	 0.005312 	 0.152807 	 0.311640
   70 	 0.006916 	 0.155102 	 0.311450
   71 	 0.006295 	 0.158204 	 0.312304
   72 	 0.006455 	 0.135443 	 0.312304
   73 	 0.008778 	 0.144075 	 0.317905
   74 	 0.009694 	 0.166350 	 0.321601
   75 	 0.006376 	 0.157374 	 0.322671
   76 	 0.006395 	 0.169127 	 0.323366
   77 	 0.006082 	 0.163195 	 0.322832
   78 	 0.007030 	 0.163714 	 0.354646
   79 	 0.006627 	 0.150323 	 0.354646
   80 	 0.006819 	 0.150768 	 0.315522
   81 	 0.006820 	 0.161006 	 0.324791
   82 	 0.007027 	 0.155681 	 0.349206
   83 	 0.006460 	 0.158943 	 0.340401
   84 	 0.006632 	 0.157809 	 0.324761
   85 	 0.006753 	 0.160793 	 0.335414
   86 	 0.006645 	 0.169532 	 0.351632
   87 	 0.005962 	 0.172127 	 0.353183
   88 	 0.006648 	 0.179176 	 0.353303
   89 	 0.009522 	 0.173323 	 0.368887
   90 	 0.006994 	 0.177005 	 0.358997
   91 	 0.006739 	 0.176075 	 0.385647
   92 	 0.006894 	 0.184114 	 0.385647
   93 	 0.006830 	 0.171037 	 0.379714
   94 	 0.009358 	 0.172335 	 0.391724
   95 	 0.006858 	 0.163966 	 0.411365
   96 	 0.005681 	 0.160744 	 0.413913
   97 	 0.006699 	 0.172119 	 0.412717
   98 	 0.006880 	 0.172704 	 0.413651
   99 	 0.006941 	 0.173517 	 0.398371
  100 	 0.008542 	 0.169189 	 0.410652
  101 	 0.006908 	 0.177804 	 0.410652
  102 	 0.006739 	 0.172737 	 0.410652
  103 	 0.006873 	 0.178829 	 0.416531
  104 	 0.006880 	 0.195017 	 0.418490
  105 	 0.006937 	 0.189277 	 0.415893
  106 	 0.007404 	 0.189176 	 0.415893
  107 	 0.006029 	 0.185054 	 0.415893
  108 	 0.006928 	 0.191865 	 0.415893
  109 	 0.006228 	 0.191904 	 0.415893
  110 	 0.006997 	 0.204699 	 0.415893
  111 	 0.005232 	 0.193923 	 0.415893
  112 	 0.006903 	 0.215905 	 0.419460
  113 	 0.006928 	 0.211924 	 0.419460
  114 	 0.006189 	 0.221339 	 0.404100
  115 	 0.006482 	 0.216936 	 0.407796
  116 	 0.006132 	 0.226039 	 0.417402
  117 	 0.006830 	 0.227326 	 0.410263
  118 	 0.006834 	 0.220350 	 0.421963
  119 	 0.009200 	 0.231927 	 0.423262
  120 	 0.006747 	 0.204804 	 0.421295
  121 	 0.006937 	 0.205697 	 0.428216
  122 	 0.009403 	 0.215140 	 0.423694
  123 	 0.006906 	 0.195830 	 0.420495
  124 	 0.009466 	 0.193850 	 0.420495
  125 	 0.006475 	 0.200947 	 0.438106
  126 	 0.006885 	 0.204815 	 0.438106
  127 	 0.006916 	 0.226024 	 0.438205
  128 	 0.006419 	 0.230628 	 0.438205
  129 	 0.009398 	 0.232875 	 0.438205
  130 	 0.006454 	 0.235464 	 0.454508
  131 	 0.009576 	 0.244045 	 0.448548
  132 	 0.007050 	 0.239807 	 0.453308
  133 	 0.006486 	 0.235338 	 0.459983
  134 	 0.006559 	 0.233189 	 0.459867
  135 	 0.006714 	 0.234431 	 0.459867
  136 	 0.006777 	 0.228934 	 0.447373
  137 	 0.006718 	 0.232517 	 0.447373
  138 	 0.006891 	 0.212853 	 0.471571
  139 	 0.006976 	 0.226427 	 0.463585
  140 	 0.006795 	 0.223353 	 0.458049
  141 	 0.006848 	 0.234344 	 0.469660
  142 	 0.006912 	 0.226820 	 0.469660
  143 	 0.006893 	 0.236790 	 0.470950
  144 	 0.006767 	 0.226732 	 0.471498
  145 	 0.006767 	 0.216402 	 0.474434
  146 	 0.006362 	 0.226353 	 0.473330
  147 	 0.006835 	 0.252450 	 0.473707
  148 	 0.006874 	 0.255073 	 0.473707
  149 	 0.006918 	 0.234702 	 0.473707
  150 	 0.006947 	 0.228725 	 0.473707
  151 	 0.006181 	 0.235326 	 0.473707
  152 	 0.005409 	 0.229857 	 0.474267
  153 	 0.006649 	 0.236494 	 0.473743
  154 	 0.006151 	 0.234973 	 0.472943
  155 	 0.006759 	 0.235250 	 0.473743
  156 	 0.005209 	 0.247176 	 0.473743
  157 	 0.007393 	 0.241349 	 0.473753
  158 	 0.006880 	 0.264818 	 0.474421
  159 	 0.006955 	 0.270425 	 0.477742
  160 	 0.006914 	 0.271279 	 0.477742
  161 	 0.006218 	 0.263934 	 0.473887
  162 	 0.006861 	 0.258810 	 0.473887
  163 	 0.006777 	 0.258916 	 0.473678
  164 	 0.006444 	 0.268035 	 0.473887
  165 	 0.006721 	 0.272508 	 0.474615
  166 	 0.005470 	 0.261616 	 0.473883
  167 	 0.007007 	 0.253483 	 0.474562
  168 	 0.006689 	 0.250609 	 0.471986
  169 	 0.006138 	 0.231435 	 0.478411
  170 	 0.008773 	 0.250942 	 0.478432
  171 	 0.006671 	 0.251670 	 0.477852
  172 	 0.006851 	 0.242677 	 0.462271
  173 	 0.006818 	 0.237381 	 0.462872
  174 	 0.006896 	 0.243572 	 0.469049
  175 	 0.006152 	 0.238220 	 0.466272
  176 	 0.006805 	 0.274774 	 0.468094
  177 	 0.006919 	 0.266326 	 0.468776
  178 	 0.006876 	 0.265851 	 0.472322
  179 	 0.006569 	 0.233451 	 0.471134
  180 	 0.009405 	 0.255887 	 0.473328
  181 	 0.010027 	 0.266632 	 0.473123
  182 	 0.006116 	 0.246214 	 0.479292
  183 	 0.006317 	 0.240604 	 0.479292
  184 	 0.006459 	 0.243122 	 0.479292
  185 	 0.007082 	 0.242704 	 0.478693
  186 	 0.006876 	 0.245770 	 0.482899
  187 	 0.006483 	 0.233133 	 0.485240
  188 	 0.006910 	 0.232418 	 0.478936
  189 	 0.006706 	 0.246995 	 0.479323
  190 	 0.006169 	 0.245686 	 0.471903
  191 	 0.006852 	 0.243751 	 0.472038
  192 	 0.006950 	 0.260599 	 0.473104
  193 	 0.006321 	 0.254435 	 0.473447
  194 	 0.007555 	 0.247723 	 0.471668
  195 	 0.006984 	 0.245942 	 0.471668
  196 	 0.005534 	 0.241050 	 0.468564
  197 	 0.007050 	 0.224125 	 0.470254
  198 	 0.009471 	 0.237517 	 0.478790
  199 	 0.007802 	 0.226960 	 0.478807
  200 	 0.009330 	 0.248719 	 0.483155
  201 	 0.006934 	 0.249540 	 0.483453
  202 	 0.009060 	 0.252396 	 0.487010
  203 	 0.006905 	 0.244626 	 0.480194
  204 	 0.006898 	 0.235942 	 0.480467
  205 	 0.006151 	 0.239045 	 0.476138
  206 	 0.005065 	 0.231974 	 0.471218
  207 	 0.006063 	 0.251280 	 0.480711
  208 	 0.006063 	 0.247421 	 0.475825
  209 	 0.009429 	 0.249817 	 0.462138
  210 	 0.010042 	 0.260657 	 0.468181
  211 	 0.009202 	 0.247117 	 0.473669
  212 	 0.006870 	 0.236332 	 0.466025
  213 	 0.005459 	 0.229404 	 0.489834
  214 	 0.006610 	 0.230197 	 0.485603
  215 	 0.006515 	 0.219227 	 0.476035
  216 	 0.006539 	 0.231633 	 0.490438
  217 	 0.006614 	 0.228350 	 0.487563
  218 	 0.006905 	 0.245640 	 0.487563
  219 	 0.006943 	 0.252311 	 0.489531
  220 	 0.005072 	 0.223944 	 0.489531
  221 	 0.006710 	 0.224970 	 0.489531
  222 	 0.004297 	 0.233988 	 0.485262
  223 	 0.009372 	 0.251564 	 0.477691
  224 	 0.009211 	 0.239802 	 0.477691
  225 	 0.006763 	 0.245903 	 0.475356
  226 	 0.006026 	 0.233734 	 0.475356
  227 	 0.006616 	 0.239849 	 0.477205
  228 	 0.006295 	 0.248979 	 0.478907
  229 	 0.006962 	 0.245002 	 0.476012
  230 	 0.009720 	 0.226860 	 0.486095
  231 	 0.006137 	 0.219131 	 0.463492
  232 	 0.006519 	 0.222025 	 0.488942
  233 	 0.006921 	 0.233466 	 0.488887
  234 	 0.006772 	 0.261705 	 0.487680
  235 	 0.006771 	 0.249909 	 0.487680
  236 	 0.006970 	 0.268384 	 0.490997
  237 	 0.006929 	 0.255812 	 0.490997
  238 	 0.006812 	 0.268424 	 0.475800
  239 	 0.006138 	 0.263825 	 0.483486
  240 	 0.007425 	 0.253742 	 0.478593
  241 	 0.006917 	 0.255606 	 0.469185
  242 	 0.006141 	 0.255178 	 0.486676
  243 	 0.006909 	 0.245785 	 0.469161
  244 	 0.006440 	 0.251038 	 0.480555
  245 	 0.006899 	 0.235041 	 0.483561
  246 	 0.006877 	 0.232244 	 0.478508
  247 	 0.006887 	 0.233504 	 0.469010
  248 	 0.007027 	 0.240179 	 0.482376
  249 	 0.006916 	 0.254277 	 0.470637
  250 	 0.006800 	 0.233400 	 0.468213
  251 	 0.005410 	 0.245517 	 0.468553
  252 	 0.005782 	 0.247585 	 0.467745
  253 	 0.007055 	 0.239915 	 0.465887
  254 	 0.006895 	 0.250852 	 0.469325
  255 	 0.009414 	 0.262552 	 0.470294
  256 	 0.006920 	 0.260427 	 0.471349
  257 	 0.005493 	 0.256741 	 0.481495
  258 	 0.006940 	 0.250072 	 0.472576
  259 	 0.006631 	 0.260656 	 0.472576
  260 	 0.006631 	 0.258913 	 0.472576
  261 	 0.006624 	 0.251361 	 0.473961
  262 	 0.005428 	 0.227748 	 0.476241
  263 	 0.009476 	 0.220621 	 0.476859
  264 	 0.006750 	 0.245016 	 0.479692
  265 	 0.008919 	 0.231469 	 0.486394
  266 	 0.006938 	 0.250107 	 0.487051
  267 	 0.006464 	 0.267466 	 0.488660
  268 	 0.006950 	 0.246048 	 0.472912
  269 	 0.005462 	 0.261929 	 0.478819
  270 	 0.006562 	 0.271855 	 0.478819
  271 	 0.006905 	 0.262440 	 0.478819
  272 	 0.012493 	 0.291654 	 0.482484
  273 	 0.006815 	 0.272634 	 0.485431
  274 	 0.006829 	 0.256188 	 0.486679
  275 	 0.009732 	 0.257090 	 0.484152
  276 	 0.006828 	 0.266635 	 0.481597
  277 	 0.005533 	 0.252472 	 0.480400
  278 	 0.006734 	 0.231505 	 0.484954
  279 	 0.006175 	 0.226246 	 0.484954
  280 	 0.009390 	 0.251674 	 0.485241
  281 	 0.006933 	 0.254526 	 0.480621
  282 	 0.006959 	 0.263262 	 0.488646
  283 	 0.006028 	 0.271694 	 0.488646
  284 	 0.009575 	 0.258492 	 0.488646
  285 	 0.006677 	 0.245722 	 0.489312
  286 	 0.006969 	 0.252250 	 0.489925
  287 	 0.006896 	 0.262739 	 0.489925
  288 	 0.006824 	 0.259117 	 0.489506
  289 	 0.009453 	 0.251066 	 0.489506
  290 	 0.006850 	 0.238876 	 0.489506
  291 	 0.005990 	 0.232622 	 0.486505
  292 	 0.006867 	 0.224674 	 0.460288
  293 	 0.006923 	 0.260303 	 0.480789
  294 	 0.006897 	 0.259261 	 0.479009
  295 	 0.006761 	 0.254588 	 0.485737
  296 	 0.006759 	 0.256658 	 0.487661
  297 	 0.006987 	 0.246523 	 0.489094
  298 	 0.006851 	 0.253418 	 0.488419
  299 	 0.006448 	 0.269243 	 0.488419
  300 	 0.009527 	 0.280969 	 0.489905
  301 	 0.006160 	 0.244021 	 0.489905
  302 	 0.009553 	 0.256542 	 0.489905
  303 	 0.006936 	 0.271357 	 0.489905
  304 	 0.006925 	 0.264572 	 0.483815
  305 	 0.006149 	 0.263721 	 0.488477
  306 	 0.005487 	 0.257468 	 0.491287
  307 	 0.006822 	 0.268364 	 0.491287
  308 	 0.006099 	 0.260962 	 0.491053
  309 	 0.007969 	 0.250234 	 0.491053
  310 	 0.006516 	 0.255264 	 0.491053
  311 	 0.006844 	 0.248090 	 0.487953
  312 	 0.006795 	 0.253437 	 0.488409
  313 	 0.008129 	 0.254652 	 0.489878
  314 	 0.006112 	 0.224864 	 0.485088
  315 	 0.006516 	 0.219315 	 0.491404
  316 	 0.006606 	 0.232679 	 0.488466
  317 	 0.006783 	 0.225257 	 0.485088
  318 	 0.005014 	 0.236989 	 0.484804
  319 	 0.006869 	 0.225723 	 0.483057
  320 	 0.006499 	 0.236386 	 0.487407
  321 	 0.006838 	 0.238766 	 0.477220
  322 	 0.006267 	 0.249686 	 0.480482
  323 	 0.006692 	 0.251871 	 0.481202
  324 	 0.006833 	 0.256309 	 0.481938
  325 	 0.006958 	 0.242522 	 0.481433
  326 	 0.006958 	 0.219814 	 0.481433
  327 	 0.006289 	 0.246243 	 0.481470
  328 	 0.006763 	 0.254965 	 0.481470
  329 	 0.006547 	 0.273364 	 0.481470
  330 	 0.005616 	 0.257971 	 0.481472
  331 	 0.006816 	 0.253846 	 0.474396
  332 	 0.006859 	 0.253027 	 0.472022
  333 	 0.006880 	 0.238784 	 0.470748
  334 	 0.009506 	 0.240292 	 0.481421
  335 	 0.006838 	 0.242002 	 0.483475
  336 	 0.005385 	 0.248279 	 0.484717
  337 	 0.006915 	 0.255758 	 0.480844
  338 	 0.006950 	 0.254198 	 0.480574
  339 	 0.006923 	 0.244224 	 0.480574
  340 	 0.006424 	 0.245786 	 0.480574
  341 	 0.006457 	 0.239789 	 0.484461
  342 	 0.009249 	 0.255118 	 0.482220
  343 	 0.006615 	 0.242664 	 0.479670
  344 	 0.006497 	 0.250698 	 0.485524
  345 	 0.006456 	 0.250267 	 0.474841
  346 	 0.008893 	 0.252505 	 0.479143
  347 	 0.008256 	 0.235313 	 0.480825
  348 	 0.006666 	 0.246798 	 0.480825
  349 	 0.009474 	 0.252774 	 0.485835
  350 	 0.006879 	 0.246099 	 0.478539
  351 	 0.006823 	 0.245823 	 0.478329
  352 	 0.006940 	 0.244656 	 0.493430
  353 	 0.006955 	 0.261554 	 0.493430
  354 	 0.006896 	 0.255960 	 0.493430
  355 	 0.006450 	 0.268936 	 0.494339
  356 	 0.006930 	 0.260602 	 0.494339
  357 	 0.006186 	 0.257258 	 0.495026
  358 	 0.006909 	 0.244935 	 0.493066
  359 	 0.006737 	 0.241920 	 0.489086
  360 	 0.006925 	 0.250377 	 0.491720
  361 	 0.006433 	 0.273495 	 0.492376
  362 	 0.006887 	 0.264210 	 0.493643
  363 	 0.008401 	 0.266284 	 0.493371
  364 	 0.006303 	 0.235042 	 0.491952
  365 	 0.006555 	 0.243648 	 0.491952
  366 	 0.006796 	 0.240434 	 0.497651
  367 	 0.008937 	 0.241452 	 0.486313
  368 	 0.006836 	 0.230068 	 0.485861
  369 	 0.006548 	 0.231758 	 0.493505
  370 	 0.006496 	 0.246624 	 0.493505
  371 	 0.006538 	 0.242844 	 0.493505
  372 	 0.007117 	 0.243720 	 0.493505
  373 	 0.006919 	 0.242574 	 0.484286
  374 	 0.006939 	 0.251604 	 0.492812
  375 	 0.006096 	 0.242714 	 0.495184
  376 	 0.006820 	 0.243010 	 0.494991
  377 	 0.009096 	 0.237618 	 0.492421
  378 	 0.006917 	 0.237862 	 0.491856
  379 	 0.005672 	 0.240986 	 0.491856
  380 	 0.006924 	 0.237624 	 0.491856
  381 	 0.005488 	 0.251482 	 0.491856
  382 	 0.006875 	 0.247584 	 0.486064
  383 	 0.006956 	 0.251715 	 0.487160
  384 	 0.006524 	 0.260222 	 0.482074
  385 	 0.006054 	 0.255112 	 0.490847
  386 	 0.006738 	 0.255187 	 0.490335
  387 	 0.006994 	 0.261098 	 0.482815
  388 	 0.006880 	 0.244074 	 0.470075
  389 	 0.006946 	 0.241628 	 0.470075
  390 	 0.006835 	 0.246793 	 0.478988
  391 	 0.006982 	 0.241079 	 0.482235
  392 	 0.006526 	 0.259424 	 0.482482
  393 	 0.006942 	 0.265821 	 0.492450
  394 	 0.006687 	 0.280929 	 0.492924
  395 	 0.006723 	 0.258333 	 0.493100
  396 	 0.006057 	 0.265778 	 0.492942
  397 	 0.006000 	 0.251386 	 0.496353
  398 	 0.006762 	 0.253566 	 0.496353
  399 	 0.006873 	 0.259283 	 0.483509
  400 	 0.006154 	 0.247125 	 0.483529
  401 	 0.006164 	 0.255162 	 0.483529
  402 	 0.006715 	 0.253968 	 0.485138
  403 	 0.005014 	 0.247183 	 0.486018
  404 	 0.006464 	 0.251926 	 0.490359
  405 	 0.006957 	 0.265285 	 0.490359
  406 	 0.006934 	 0.258048 	 0.489725
  407 	 0.010071 	 0.259734 	 0.480806
  408 	 0.009459 	 0.267400 	 0.480994
  409 	 0.006197 	 0.283601 	 0.487394
  410 	 0.006908 	 0.264755 	 0.487394
  411 	 0.006768 	 0.273283 	 0.487394
  412 	 0.006821 	 0.277123 	 0.492256
  413 	 0.006862 	 0.258606 	 0.488290
  414 	 0.006867 	 0.241631 	 0.488290
  415 	 0.006447 	 0.255347 	 0.487712
  416 	 0.006969 	 0.263023 	 0.494310
  417 	 0.006938 	 0.256436 	 0.493032
  418 	 0.006534 	 0.258886 	 0.489221
  419 	 0.009427 	 0.259833 	 0.492272
  420 	 0.007024 	 0.254370 	 0.478933
  421 	 0.006938 	 0.269839 	 0.478933
  422 	 0.006851 	 0.276987 	 0.491252
  423 	 0.006543 	 0.268819 	 0.491252
  424 	 0.006958 	 0.283817 	 0.491252
  425 	 0.006948 	 0.281918 	 0.494710
  426 	 0.009840 	 0.303252 	 0.494359
  427 	 0.006922 	 0.289712 	 0.490699
  428 	 0.006816 	 0.270828 	 0.491848
  429 	 0.006909 	 0.259098 	 0.489357
  430 	 0.006955 	 0.244765 	 0.491522
  431 	 0.006924 	 0.237887 	 0.491522
  432 	 0.006965 	 0.233958 	 0.486275
  433 	 0.006543 	 0.236160 	 0.476926
  434 	 0.009527 	 0.241348 	 0.483538
  435 	 0.007345 	 0.254576 	 0.485552
  436 	 0.006809 	 0.239241 	 0.486652
  437 	 0.006834 	 0.262788 	 0.494849
  438 	 0.009441 	 0.254542 	 0.494849
  439 	 0.004991 	 0.244632 	 0.495754
  440 	 0.006744 	 0.244790 	 0.496089
  441 	 0.006887 	 0.248963 	 0.496111
  442 	 0.006521 	 0.263014 	 0.494558
  443 	 0.006706 	 0.239835 	 0.494558
  444 	 0.006773 	 0.240975 	 0.494558
  445 	 0.006709 	 0.240847 	 0.494564
  446 	 0.009249 	 0.241271 	 0.494648
  447 	 0.006981 	 0.251711 	 0.490550
  448 	 0.006888 	 0.248134 	 0.490550
  449 	 0.006943 	 0.237825 	 0.477650
  450 	 0.006840 	 0.242971 	 0.475399
  451 	 0.004916 	 0.249457 	 0.483812
  452 	 0.006934 	 0.262740 	 0.482598
  453 	 0.005397 	 0.244277 	 0.479783
  454 	 0.007041 	 0.253899 	 0.476284
  455 	 0.006961 	 0.256983 	 0.481834
  456 	 0.005739 	 0.254862 	 0.481834
  457 	 0.008630 	 0.230765 	 0.486141
  458 	 0.006801 	 0.226096 	 0.486141
  459 	 0.006908 	 0.258460 	 0.486684
  460 	 0.006987 	 0.250744 	 0.486604
  461 	 0.006923 	 0.246444 	 0.485756
  462 	 0.006773 	 0.241094 	 0.484808
  463 	 0.005410 	 0.234660 	 0.482088
  464 	 0.006740 	 0.252075 	 0.489000
  465 	 0.006739 	 0.271539 	 0.489000
  466 	 0.006814 	 0.272600 	 0.485773
  467 	 0.006851 	 0.282873 	 0.488126
  468 	 0.006818 	 0.292181 	 0.482882
  469 	 0.006752 	 0.280817 	 0.490521
  470 	 0.006533 	 0.278931 	 0.489085
  471 	 0.009884 	 0.291555 	 0.489085
  472 	 0.006748 	 0.274787 	 0.487225
  473 	 0.006925 	 0.275170 	 0.487746
  474 	 0.006671 	 0.271908 	 0.489817
  475 	 0.006490 	 0.257663 	 0.489817
  476 	 0.006957 	 0.245478 	 0.489972
  477 	 0.006851 	 0.245482 	 0.489704
  478 	 0.007014 	 0.253489 	 0.491398
  479 	 0.006924 	 0.256582 	 0.491398
  480 	 0.006173 	 0.262089 	 0.489817
  481 	 0.006920 	 0.250752 	 0.491398
  482 	 0.010034 	 0.257345 	 0.489361
  483 	 0.005998 	 0.247517 	 0.489361
  484 	 0.006661 	 0.250713 	 0.492065
  485 	 0.005527 	 0.260895 	 0.494194
  486 	 0.006019 	 0.249602 	 0.494194
  487 	 0.009343 	 0.244373 	 0.492736
  488 	 0.007019 	 0.237606 	 0.496460
  489 	 0.006863 	 0.225042 	 0.496460
  490 	 0.006279 	 0.213844 	 0.494384
  491 	 0.006971 	 0.236864 	 0.494568
  492 	 0.006808 	 0.236699 	 0.494867
  493 	 0.005475 	 0.219965 	 0.495179
  494 	 0.006222 	 0.225104 	 0.496063
  495 	 0.007371 	 0.231680 	 0.498145
  496 	 0.006154 	 0.246943 	 0.489599
  497 	 0.006174 	 0.259297 	 0.487471
  498 	 0.006832 	 0.257308 	 0.487432
  499 	 0.006924 	 0.262221 	 0.491967
 