   0 	 0.003496 	 0.009982 	 0.027219
    1 	 0.004006 	 0.012261 	 0.031607
    2 	 0.003976 	 0.013441 	 0.040374
    3 	 0.004238 	 0.015313 	 0.054069
    4 	 0.004680 	 0.017265 	 0.054068
    5 	 0.006288 	 0.019775 	 0.054066
    6 	 0.005470 	 0.022171 	 0.054303
    7 	 0.005840 	 0.024874 	 0.078471
    8 	 0.006271 	 0.026046 	 0.078640
    9 	 0.004662 	 0.027034 	 0.078640
   10 	 0.008355 	 0.029677 	 0.077597
   11 	 0.006517 	 0.032335 	 0.095617
   12 	 0.005628 	 0.033945 	 0.089472
   13 	 0.006802 	 0.035984 	 0.104747
   14 	 0.007058 	 0.040547 	 0.106213
   15 	 0.006193 	 0.042500 	 0.107524
   16 	 0.006416 	 0.046260 	 0.112970
   17 	 0.007072 	 0.044967 	 0.113107
   18 	 0.007314 	 0.050342 	 0.120154
   19 	 0.006347 	 0.053320 	 0.120165
   20 	 0.006435 	 0.056087 	 0.122500
   21 	 0.009456 	 0.060226 	 0.122500
   22 	 0.006853 	 0.060730 	 0.122072
   23 	 0.006872 	 0.058750 	 0.121539
   24 	 0.006267 	 0.062268 	 0.121876
   25 	 0.006706 	 0.065048 	 0.142926
   26 	 0.006777 	 0.062987 	 0.133318
   27 	 0.006736 	 0.065182 	 0.155438
   28 	 0.006713 	 0.066663 	 0.156947
   29 	 0.006086 	 0.069754 	 0.156947
   30 	 0.007124 	 0.071149 	 0.161559
   31 	 0.006740 	 0.076011 	 0.180979
   32 	 0.005387 	 0.073862 	 0.180979
   33 	 0.006864 	 0.078739 	 0.177824
   34 	 0.006812 	 0.079258 	 0.214979
   35 	 0.006969 	 0.080814 	 0.198688
   36 	 0.006832 	 0.085491 	 0.238036
   37 	 0.006588 	 0.085827 	 0.250966
   38 	 0.007271 	 0.095138 	 0.251017
   39 	 0.007271 	 0.096561 	 0.251671
   40 	 0.006535 	 0.100762 	 0.257502
   41 	 0.006542 	 0.108547 	 0.283026
   42 	 0.007035 	 0.109922 	 0.260333
   43 	 0.006733 	 0.111070 	 0.278119
   44 	 0.006569 	 0.113246 	 0.297590
   45 	 0.005206 	 0.122182 	 0.290327
   46 	 0.009188 	 0.132347 	 0.297691
   47 	 0.007034 	 0.131986 	 0.320717
   48 	 0.006812 	 0.131243 	 0.326436
   49 	 0.004908 	 0.139313 	 0.332618
   50 	 0.006916 	 0.146269 	 0.291516
   51 	 0.006166 	 0.133578 	 0.317786
   52 	 0.007018 	 0.143391 	 0.357712
   53 	 0.006993 	 0.146197 	 0.342922
   54 	 0.006567 	 0.150202 	 0.347153
   55 	 0.006912 	 0.161627 	 0.349632
   56 	 0.008903 	 0.169107 	 0.364464
   57 	 0.006934 	 0.167233 	 0.366444
   58 	 0.006876 	 0.156271 	 0.331499
   59 	 0.006942 	 0.159348 	 0.354859
   60 	 0.008581 	 0.162149 	 0.351091
   61 	 0.007049 	 0.172070 	 0.355844
   62 	 0.006861 	 0.164240 	 0.368692
   63 	 0.009584 	 0.177488 	 0.363342
   64 	 0.006132 	 0.178850 	 0.375821
   65 	 0.006749 	 0.175089 	 0.390491
   66 	 0.006667 	 0.172149 	 0.375821
   67 	 0.007080 	 0.166311 	 0.439544
   68 	 0.006947 	 0.165829 	 0.439364
   69 	 0.009344 	 0.160682 	 0.372415
   70 	 0.006887 	 0.165296 	 0.372415
   71 	 0.006084 	 0.160155 	 0.383492
   72 	 0.008625 	 0.173127 	 0.383492
   73 	 0.006906 	 0.180697 	 0.382148
   74 	 0.004594 	 0.178091 	 0.391115
   75 	 0.006861 	 0.181716 	 0.396207
   76 	 0.009333 	 0.171197 	 0.411374
   77 	 0.009027 	 0.199365 	 0.430822
   78 	 0.006853 	 0.207604 	 0.437724
   79 	 0.006909 	 0.208411 	 0.438575
   80 	 0.006892 	 0.201026 	 0.438575
   81 	 0.007097 	 0.179076 	 0.434283
   82 	 0.007393 	 0.181217 	 0.429327
   83 	 0.007334 	 0.190129 	 0.429327
   84 	 0.006852 	 0.192384 	 0.429327
   85 	 0.006867 	 0.178561 	 0.427612
   86 	 0.013476 	 0.191013 	 0.419836
   87 	 0.006976 	 0.198857 	 0.435813
   88 	 0.009546 	 0.213316 	 0.432267
   89 	 0.006897 	 0.219407 	 0.432267
   90 	 0.006781 	 0.237413 	 0.433032
   91 	 0.006797 	 0.213979 	 0.433783
   92 	 0.006247 	 0.219261 	 0.430722
   93 	 0.006918 	 0.227952 	 0.435408
   94 	 0.006864 	 0.243674 	 0.437209
   95 	 0.009528 	 0.233222 	 0.443452
   96 	 0.006655 	 0.224752 	 0.444252
   97 	 0.009423 	 0.232158 	 0.443703
   98 	 0.006861 	 0.219038 	 0.449709
   99 	 0.006981 	 0.206691 	 0.438598
  100 	 0.006842 	 0.212727 	 0.437270
  101 	 0.006825 	 0.223073 	 0.442798
  102 	 0.006756 	 0.228280 	 0.442798
  103 	 0.006434 	 0.219157 	 0.450870
  104 	 0.004957 	 0.222813 	 0.435152
  105 	 0.006741 	 0.228039 	 0.443861
  106 	 0.006797 	 0.240771 	 0.449650
  107 	 0.006393 	 0.228756 	 0.453676
  108 	 0.006848 	 0.216840 	 0.453676
  109 	 0.006952 	 0.223340 	 0.453676
  110 	 0.005561 	 0.231713 	 0.451270
  111 	 0.006810 	 0.231601 	 0.452795
  112 	 0.006482 	 0.229069 	 0.450946
  113 	 0.006894 	 0.226122 	 0.441625
  114 	 0.006708 	 0.197032 	 0.441625
  115 	 0.008473 	 0.225464 	 0.441625
  116 	 0.006843 	 0.218988 	 0.441625
  117 	 0.006945 	 0.223520 	 0.441625
  118 	 0.006846 	 0.220382 	 0.452243
  119 	 0.006249 	 0.226932 	 0.432662
  120 	 0.006987 	 0.234686 	 0.418256
  121 	 0.006649 	 0.227870 	 0.452544
  122 	 0.009396 	 0.237908 	 0.452544
  123 	 0.008940 	 0.244527 	 0.445083
  124 	 0.006805 	 0.231563 	 0.450689
  125 	 0.006855 	 0.230553 	 0.439790
  126 	 0.006920 	 0.228551 	 0.439790
  127 	 0.006830 	 0.229688 	 0.439790
  128 	 0.007941 	 0.228095 	 0.439790
  129 	 0.009249 	 0.221839 	 0.447845
  130 	 0.007254 	 0.225107 	 0.438049
  131 	 0.006869 	 0.212078 	 0.440278
  132 	 0.006653 	 0.216996 	 0.442358
  133 	 0.005712 	 0.218147 	 0.442358
  134 	 0.006929 	 0.237897 	 0.441782
  135 	 0.006765 	 0.235739 	 0.446763
  136 	 0.006953 	 0.222774 	 0.443528
  137 	 0.013092 	 0.243529 	 0.443277
  138 	 0.006847 	 0.238089 	 0.445576
  139 	 0.006846 	 0.239849 	 0.444496
  140 	 0.006903 	 0.251894 	 0.450527
  141 	 0.006877 	 0.231855 	 0.463410
  142 	 0.006864 	 0.233188 	 0.464073
  143 	 0.006890 	 0.238122 	 0.452753
  144 	 0.006682 	 0.248910 	 0.452753
  145 	 0.006804 	 0.227915 	 0.452753
  146 	 0.006804 	 0.232642 	 0.435790
  147 	 0.006953 	 0.241338 	 0.449433
  148 	 0.006665 	 0.252155 	 0.450138
  149 	 0.006898 	 0.232404 	 0.450141
  150 	 0.006656 	 0.239092 	 0.453025
  151 	 0.006844 	 0.233578 	 0.453025
  152 	 0.009285 	 0.247240 	 0.461143
  153 	 0.006902 	 0.235518 	 0.469519
  154 	 0.005928 	 0.249138 	 0.469519
  155 	 0.006840 	 0.248548 	 0.468057
  156 	 0.006920 	 0.242205 	 0.468057
  157 	 0.006917 	 0.235543 	 0.459459
  158 	 0.006874 	 0.228397 	 0.448324
  159 	 0.005673 	 0.237258 	 0.449433
  160 	 0.006881 	 0.243597 	 0.444965
  161 	 0.006456 	 0.234623 	 0.454009
  162 	 0.006909 	 0.224573 	 0.459070
  163 	 0.005665 	 0.230554 	 0.450482
  164 	 0.006966 	 0.241733 	 0.453467
  165 	 0.006876 	 0.237046 	 0.457530
  166 	 0.006750 	 0.229162 	 0.457595
  167 	 0.009699 	 0.234185 	 0.463529
  168 	 0.006809 	 0.230090 	 0.463529
  169 	 0.006937 	 0.246031 	 0.464284
  170 	 0.006784 	 0.254405 	 0.464272
  171 	 0.006800 	 0.245861 	 0.463551
  172 	 0.006793 	 0.260772 	 0.463551
  173 	 0.006806 	 0.254923 	 0.466264
  174 	 0.006907 	 0.267860 	 0.469741
  175 	 0.006303 	 0.275539 	 0.466247
  176 	 0.006943 	 0.265609 	 0.466247
  177 	 0.006858 	 0.268338 	 0.470168
  178 	 0.006920 	 0.264185 	 0.459428
  179 	 0.006665 	 0.256180 	 0.463990
  180 	 0.006949 	 0.236875 	 0.462798
  181 	 0.006960 	 0.223740 	 0.462798
  182 	 0.006821 	 0.233117 	 0.462798
  183 	 0.007197 	 0.243161 	 0.471980
  184 	 0.006621 	 0.249621 	 0.458087
  185 	 0.006157 	 0.250354 	 0.459132
  186 	 0.006679 	 0.235760 	 0.461281
  187 	 0.007015 	 0.228489 	 0.462186
  188 	 0.006950 	 0.242314 	 0.458132
  189 	 0.006861 	 0.244087 	 0.471667
  190 	 0.010073 	 0.264299 	 0.471667
  191 	 0.006930 	 0.257494 	 0.471667
  192 	 0.005498 	 0.270525 	 0.464878
  193 	 0.006969 	 0.267292 	 0.465695
  194 	 0.006059 	 0.264217 	 0.465695
  195 	 0.006059 	 0.270028 	 0.464908
  196 	 0.009515 	 0.260409 	 0.472546
  197 	 0.006946 	 0.252822 	 0.473192
  198 	 0.006920 	 0.274140 	 0.473833
  199 	 0.007871 	 0.270554 	 0.473252
  200 	 0.006260 	 0.267675 	 0.473588
  201 	 0.008516 	 0.267308 	 0.473588
  202 	 0.006967 	 0.271932 	 0.473588
  203 	 0.006865 	 0.280740 	 0.474397
  204 	 0.006800 	 0.269454 	 0.464260
  205 	 0.006739 	 0.263265 	 0.465565
  206 	 0.006941 	 0.259018 	 0.465565
  207 	 0.006933 	 0.255904 	 0.468064
  208 	 0.006895 	 0.240490 	 0.458251
  209 	 0.009519 	 0.251916 	 0.466434
  210 	 0.006924 	 0.260889 	 0.466434
  211 	 0.006940 	 0.250119 	 0.466095
  212 	 0.006672 	 0.229417 	 0.462846
  213 	 0.007021 	 0.251395 	 0.466967
  214 	 0.006960 	 0.224727 	 0.473290
  215 	 0.006199 	 0.225354 	 0.473290
  216 	 0.006859 	 0.232747 	 0.468981
  217 	 0.006957 	 0.235739 	 0.464119
  218 	 0.006812 	 0.245262 	 0.459915
  219 	 0.006717 	 0.241666 	 0.460847
  220 	 0.007369 	 0.236871 	 0.448513
  221 	 0.006934 	 0.241804 	 0.447657
  222 	 0.006914 	 0.239404 	 0.458924
  223 	 0.006049 	 0.241362 	 0.460961
  224 	 0.006962 	 0.233235 	 0.455621
  225 	 0.010029 	 0.247205 	 0.452228
  226 	 0.009509 	 0.251509 	 0.455799
  227 	 0.007426 	 0.267538 	 0.460809
  228 	 0.006948 	 0.247873 	 0.464402
  229 	 0.006811 	 0.230368 	 0.453496
  230 	 0.006539 	 0.228830 	 0.463787
  231 	 0.006935 	 0.244366 	 0.448971
  232 	 0.006898 	 0.231692 	 0.453409
  233 	 0.006723 	 0.204714 	 0.458086
  234 	 0.006853 	 0.206722 	 0.460892
  235 	 0.006768 	 0.219985 	 0.458821
  236 	 0.005433 	 0.222198 	 0.453795
  237 	 0.006824 	 0.221607 	 0.452877
  238 	 0.006854 	 0.229462 	 0.453621
  239 	 0.006856 	 0.236187 	 0.455345
  240 	 0.006599 	 0.242942 	 0.465165
  241 	 0.006600 	 0.237444 	 0.468624
  242 	 0.006673 	 0.230278 	 0.468624
  243 	 0.009928 	 0.239805 	 0.462923
  244 	 0.006899 	 0.251475 	 0.462923
  245 	 0.006785 	 0.247772 	 0.451482
  246 	 0.006797 	 0.243711 	 0.447463
  247 	 0.006821 	 0.234721 	 0.449657
  248 	 0.006667 	 0.256678 	 0.453687
  249 	 0.007378 	 0.258642 	 0.459612
  250 	 0.006872 	 0.251190 	 0.462958
  251 	 0.009469 	 0.258835 	 0.464142
  252 	 0.006889 	 0.242126 	 0.465816
  253 	 0.006943 	 0.248855 	 0.454862
  254 	 0.006872 	 0.240731 	 0.461423
  255 	 0.005726 	 0.246624 	 0.466570
  256 	 0.006885 	 0.228760 	 0.466570
  257 	 0.006916 	 0.243778 	 0.466570
  258 	 0.006671 	 0.230011 	 0.468424
  259 	 0.006829 	 0.222545 	 0.466597
  260 	 0.005764 	 0.234697 	 0.469028
  261 	 0.009450 	 0.251692 	 0.464930
  262 	 0.008675 	 0.249543 	 0.461989
  263 	 0.008450 	 0.267236 	 0.469025
  264 	 0.008565 	 0.250565 	 0.468088
  265 	 0.006933 	 0.255037 	 0.468570
  266 	 0.008546 	 0.265011 	 0.468570
  267 	 0.004547 	 0.254068 	 0.468570
  268 	 0.006933 	 0.246962 	 0.466103
  269 	 0.006934 	 0.250526 	 0.466785
  270 	 0.006834 	 0.235923 	 0.466785
  271 	 0.006087 	 0.241675 	 0.475790
  272 	 0.006912 	 0.249126 	 0.474017
  273 	 0.006911 	 0.261797 	 0.474017
  274 	 0.006883 	 0.261769 	 0.474875
  275 	 0.006933 	 0.253195 	 0.474368
  276 	 0.006494 	 0.239872 	 0.472415
  277 	 0.005432 	 0.244908 	 0.462578
  278 	 0.006637 	 0.242589 	 0.462361
  279 	 0.006719 	 0.247026 	 0.473591
  280 	 0.006849 	 0.234309 	 0.475594
  281 	 0.006921 	 0.237528 	 0.475594
  282 	 0.006851 	 0.248062 	 0.475594
  283 	 0.006978 	 0.238534 	 0.475594
  284 	 0.006839 	 0.256416 	 0.471244
  285 	 0.006683 	 0.246825 	 0.465728
  286 	 0.006576 	 0.261351 	 0.465728
  287 	 0.006599 	 0.258142 	 0.460769
  288 	 0.007189 	 0.246488 	 0.465046
  289 	 0.005391 	 0.267068 	 0.465929
  290 	 0.006881 	 0.245626 	 0.466174
  291 	 0.006865 	 0.243745 	 0.466174
  292 	 0.006917 	 0.232721 	 0.465089
  293 	 0.006707 	 0.234335 	 0.469511
  294 	 0.006917 	 0.241225 	 0.470390
  295 	 0.006981 	 0.219869 	 0.467678
  296 	 0.006854 	 0.207683 	 0.472294
  297 	 0.007980 	 0.211607 	 0.472294
  298 	 0.006706 	 0.218865 	 0.470446
  299 	 0.006766 	 0.222346 	 0.474234
  300 	 0.006907 	 0.233386 	 0.474509
  301 	 0.006984 	 0.237516 	 0.473361
  302 	 0.006910 	 0.227724 	 0.468873
  303 	 0.006664 	 0.246369 	 0.476563
  304 	 0.006920 	 0.231558 	 0.466939
  305 	 0.006954 	 0.216718 	 0.460419
  306 	 0.006878 	 0.234483 	 0.464872
  307 	 0.006870 	 0.215510 	 0.457541
  308 	 0.006235 	 0.198356 	 0.457541
  309 	 0.006954 	 0.212791 	 0.472451
  310 	 0.006583 	 0.214283 	 0.472473
  311 	 0.006754 	 0.215451 	 0.465465
  312 	 0.006969 	 0.234494 	 0.467044
  313 	 0.003696 	 0.227777 	 0.465856
  314 	 0.006967 	 0.233092 	 0.471703
  315 	 0.006019 	 0.260934 	 0.471703
  316 	 0.006913 	 0.254510 	 0.474052
  317 	 0.006978 	 0.253414 	 0.474852
  318 	 0.008612 	 0.236133 	 0.470004
  319 	 0.007420 	 0.244137 	 0.467962
  320 	 0.006905 	 0.247571 	 0.467962
  321 	 0.009413 	 0.239881 	 0.471891
  322 	 0.006866 	 0.225875 	 0.457414
  323 	 0.006590 	 0.252393 	 0.470889
  324 	 0.006897 	 0.234506 	 0.470889
  325 	 0.006876 	 0.240217 	 0.466361
  326 	 0.006931 	 0.229265 	 0.466361
  327 	 0.006930 	 0.221727 	 0.471684
  328 	 0.006118 	 0.237086 	 0.471834
  329 	 0.006976 	 0.229087 	 0.471834
  330 	 0.006938 	 0.205882 	 0.471834
  331 	 0.007249 	 0.209415 	 0.471834
  332 	 0.007038 	 0.220349 	 0.470434
  333 	 0.006447 	 0.217915 	 0.470861
  334 	 0.006447 	 0.206916 	 0.473377
  335 	 0.010237 	 0.229184 	 0.472427
  336 	 0.006934 	 0.209894 	 0.472189
  337 	 0.013317 	 0.235423 	 0.472572
  338 	 0.006908 	 0.230003 	 0.465393
  339 	 0.006927 	 0.237990 	 0.452012
  340 	 0.004543 	 0.220794 	 0.463552
  341 	 0.004494 	 0.221797 	 0.461098
  342 	 0.005536 	 0.225095 	 0.467735
  343 	 0.006895 	 0.237226 	 0.469680
  344 	 0.006232 	 0.245606 	 0.461521
  345 	 0.006911 	 0.249979 	 0.474899
  346 	 0.009401 	 0.259696 	 0.474724
  347 	 0.006941 	 0.259481 	 0.476931
  348 	 0.006929 	 0.255570 	 0.476931
  349 	 0.004223 	 0.243260 	 0.476927
  350 	 0.006913 	 0.240260 	 0.472990
  351 	 0.006913 	 0.243166 	 0.469229
  352 	 0.007176 	 0.262822 	 0.469417
  353 	 0.007370 	 0.250414 	 0.467272
  354 	 0.007023 	 0.243274 	 0.463828
  355 	 0.009292 	 0.247297 	 0.469219
  356 	 0.005994 	 0.247295 	 0.468016
  357 	 0.009379 	 0.262897 	 0.465600
  358 	 0.006834 	 0.236162 	 0.467309
  359 	 0.006763 	 0.233756 	 0.468379
  360 	 0.006473 	 0.233143 	 0.468379
  361 	 0.006889 	 0.243855 	 0.469067
  362 	 0.010018 	 0.246291 	 0.461962
  363 	 0.008526 	 0.237647 	 0.467396
  364 	 0.007220 	 0.238563 	 0.468806
  365 	 0.006833 	 0.233719 	 0.470296
  366 	 0.008745 	 0.246117 	 0.471016
  367 	 0.006902 	 0.233298 	 0.471016
  368 	 0.006856 	 0.224451 	 0.471016
  369 	 0.006837 	 0.245546 	 0.471171
  370 	 0.006928 	 0.231096 	 0.471016
  371 	 0.006781 	 0.251201 	 0.468516
  372 	 0.007422 	 0.258379 	 0.468597
  373 	 0.008455 	 0.255432 	 0.468597
  374 	 0.006939 	 0.256025 	 0.468597
  375 	 0.007047 	 0.278628 	 0.469059
  376 	 0.006927 	 0.254514 	 0.469059
  377 	 0.007006 	 0.255224 	 0.469059
  378 	 0.006950 	 0.236621 	 0.469989
  379 	 0.006992 	 0.244817 	 0.470921
  380 	 0.006879 	 0.246785 	 0.470984
  381 	 0.006870 	 0.242217 	 0.470984
  382 	 0.007923 	 0.268872 	 0.471307
  383 	 0.004433 	 0.257513 	 0.470271
  384 	 0.006849 	 0.247365 	 0.470306
  385 	 0.006678 	 0.261064 	 0.465085
  386 	 0.006972 	 0.264586 	 0.465085
  387 	 0.008806 	 0.251985 	 0.468243
  388 	 0.006940 	 0.256901 	 0.472115
  389 	 0.006933 	 0.252012 	 0.469282
  390 	 0.007145 	 0.260828 	 0.469282
  391 	 0.006740 	 0.254975 	 0.469282
  392 	 0.006950 	 0.249749 	 0.469282
  393 	 0.006937 	 0.266196 	 0.469282
  394 	 0.007002 	 0.246163 	 0.467093
  395 	 0.006921 	 0.265158 	 0.473085
  396 	 0.006888 	 0.219776 	 0.473344
  397 	 0.006873 	 0.230647 	 0.473344
  398 	 0.007129 	 0.231286 	 0.471744
  399 	 0.006944 	 0.248480 	 0.471744
  400 	 0.006833 	 0.245159 	 0.461061
  401 	 0.006851 	 0.236682 	 0.455226
  402 	 0.006864 	 0.247412 	 0.464276
  403 	 0.006581 	 0.239241 	 0.464276
  404 	 0.006866 	 0.246153 	 0.459630
  405 	 0.008996 	 0.253658 	 0.464075
  406 	 0.009545 	 0.261191 	 0.459372
  407 	 0.006895 	 0.254765 	 0.459538
  408 	 0.006009 	 0.252699 	 0.461761
  409 	 0.006012 	 0.238438 	 0.466089
  410 	 0.006008 	 0.239880 	 0.466089
  411 	 0.006908 	 0.236736 	 0.462784
  412 	 0.006815 	 0.227834 	 0.462784
  413 	 0.008642 	 0.239112 	 0.463004
  414 	 0.006794 	 0.231242 	 0.463004
  415 	 0.006843 	 0.222025 	 0.463108
  416 	 0.008994 	 0.247419 	 0.464395
  417 	 0.007022 	 0.236508 	 0.462039
  418 	 0.006773 	 0.242815 	 0.462373
  419 	 0.006960 	 0.253107 	 0.464820
  420 	 0.006816 	 0.241572 	 0.464852
  421 	 0.009026 	 0.248650 	 0.461892
  422 	 0.006914 	 0.234758 	 0.466971
  423 	 0.008948 	 0.249654 	 0.466317
  424 	 0.006942 	 0.238294 	 0.466317
  425 	 0.006908 	 0.249997 	 0.466317
  426 	 0.006984 	 0.218052 	 0.468295
  427 	 0.006938 	 0.239552 	 0.465990
  428 	 0.006775 	 0.227974 	 0.468111
  429 	 0.006775 	 0.234021 	 0.465131
  430 	 0.009194 	 0.227482 	 0.475933
  431 	 0.006919 	 0.233111 	 0.475933
  432 	 0.006550 	 0.226119 	 0.475933
  433 	 0.006518 	 0.223395 	 0.475933
  434 	 0.006516 	 0.241983 	 0.474311
  435 	 0.006025 	 0.237260 	 0.469855
  436 	 0.006935 	 0.223813 	 0.469855
  437 	 0.006885 	 0.208548 	 0.469855
  438 	 0.006161 	 0.221327 	 0.470531
  439 	 0.006211 	 0.223546 	 0.474717
  440 	 0.009428 	 0.228850 	 0.474717
  441 	 0.007478 	 0.222543 	 0.475907
  442 	 0.006898 	 0.215026 	 0.475907
  443 	 0.006987 	 0.217192 	 0.475919
  444 	 0.006810 	 0.224764 	 0.475907
  445 	 0.006847 	 0.221718 	 0.475907
  446 	 0.006848 	 0.231507 	 0.472049
  447 	 0.006443 	 0.242327 	 0.472049
  448 	 0.006669 	 0.262131 	 0.475907
  449 	 0.007001 	 0.252786 	 0.475907
  450 	 0.009829 	 0.249696 	 0.475907
  451 	 0.008770 	 0.235941 	 0.477263
  452 	 0.009457 	 0.235769 	 0.477263
  453 	 0.010201 	 0.222850 	 0.477342
  454 	 0.009510 	 0.239930 	 0.466418
  455 	 0.007293 	 0.236189 	 0.467347
  456 	 0.006992 	 0.248192 	 0.473189
  457 	 0.006846 	 0.241606 	 0.465942
  458 	 0.007017 	 0.235243 	 0.465942
  459 	 0.006243 	 0.228799 	 0.467604
  460 	 0.006058 	 0.258250 	 0.467604
  461 	 0.006877 	 0.250621 	 0.467604
  462 	 0.006832 	 0.247356 	 0.472470
  463 	 0.006177 	 0.243392 	 0.470130
  464 	 0.006921 	 0.229558 	 0.456566
  465 	 0.006996 	 0.224604 	 0.458075
  466 	 0.006904 	 0.236424 	 0.461841
  467 	 0.006152 	 0.244152 	 0.467880
  468 	 0.006970 	 0.244870 	 0.467880
  469 	 0.006885 	 0.253471 	 0.467880
  470 	 0.006756 	 0.243517 	 0.473033
  471 	 0.006904 	 0.255704 	 0.473033
  472 	 0.006899 	 0.273040 	 0.473033
  473 	 0.006835 	 0.251735 	 0.473033
  474 	 0.007388 	 0.249734 	 0.469394
  475 	 0.004352 	 0.262426 	 0.468715
  476 	 0.007013 	 0.273560 	 0.470146
  477 	 0.006913 	 0.256354 	 0.469256
  478 	 0.006564 	 0.286482 	 0.467626
  479 	 0.006990 	 0.268326 	 0.467563
  480 	 0.006931 	 0.257978 	 0.467563
  481 	 0.006822 	 0.252475 	 0.475383
  482 	 0.006897 	 0.261844 	 0.467733
  483 	 0.006920 	 0.249033 	 0.468087
  484 	 0.009435 	 0.262936 	 0.470623
  485 	 0.009402 	 0.260641 	 0.470623
  486 	 0.003693 	 0.236357 	 0.472728
  487 	 0.006878 	 0.247690 	 0.472014
  488 	 0.007092 	 0.225723 	 0.463748
  489 	 0.005670 	 0.220839 	 0.469301
  490 	 0.007029 	 0.242311 	 0.470394
  491 	 0.006548 	 0.249683 	 0.470792
  492 	 0.005477 	 0.278264 	 0.468468
  493 	 0.006993 	 0.269004 	 0.468545
  494 	 0.006497 	 0.273331 	 0.470375
  495 	 0.006964 	 0.257630 	 0.461663
  496 	 0.006813 	 0.241062 	 0.466083
  497 	 0.006913 	 0.256582 	 0.464059
  498 	 0.006896 	 0.249830 	 0.465143
  499 	 0.006820 	 0.238893 	 0.465143
 