   0 	 0.003074 	 0.009814 	 0.042582
    1 	 0.003390 	 0.012486 	 0.042582
    2 	 0.003986 	 0.014076 	 0.044074
    3 	 0.005401 	 0.016402 	 0.052384
    4 	 0.005530 	 0.018280 	 0.043355
    5 	 0.004937 	 0.020195 	 0.053099
    6 	 0.004970 	 0.022194 	 0.063650
    7 	 0.004979 	 0.023773 	 0.096823
    8 	 0.004979 	 0.025546 	 0.105592
    9 	 0.005722 	 0.028313 	 0.096701
   10 	 0.006188 	 0.031470 	 0.096701
   11 	 0.006864 	 0.033144 	 0.128343
   12 	 0.007028 	 0.037790 	 0.142834
   13 	 0.007528 	 0.043759 	 0.165995
   14 	 0.005873 	 0.046221 	 0.153321
   15 	 0.005877 	 0.051422 	 0.153723
   16 	 0.007039 	 0.050860 	 0.153792
   17 	 0.007034 	 0.055009 	 0.184023
   18 	 0.007522 	 0.061218 	 0.183471
   19 	 0.007465 	 0.068385 	 0.193075
   20 	 0.010043 	 0.066981 	 0.196870
   21 	 0.007023 	 0.064017 	 0.202535
   22 	 0.006903 	 0.065230 	 0.204701
   23 	 0.005379 	 0.069115 	 0.200269
   24 	 0.006518 	 0.068626 	 0.200269
   25 	 0.007627 	 0.073310 	 0.229164
   26 	 0.006554 	 0.070786 	 0.228385
   27 	 0.005410 	 0.077140 	 0.242473
   28 	 0.007043 	 0.082293 	 0.209795
   29 	 0.007401 	 0.089076 	 0.258031
   30 	 0.006026 	 0.095835 	 0.259439
   31 	 0.006604 	 0.097130 	 0.290513
   32 	 0.006955 	 0.107616 	 0.280251
   33 	 0.007042 	 0.115336 	 0.281961
   34 	 0.007114 	 0.119243 	 0.282047
   35 	 0.007259 	 0.120955 	 0.270914
   36 	 0.006812 	 0.123255 	 0.275464
   37 	 0.006712 	 0.121711 	 0.389253
   38 	 0.009535 	 0.126215 	 0.309607
   39 	 0.007229 	 0.124471 	 0.368720
   40 	 0.005936 	 0.126992 	 0.270173
   41 	 0.007724 	 0.123883 	 0.273934
   42 	 0.006770 	 0.130337 	 0.377391
   43 	 0.007147 	 0.134827 	 0.408788
   44 	 0.007045 	 0.137434 	 0.389538
   45 	 0.006960 	 0.136980 	 0.394794
   46 	 0.005394 	 0.138129 	 0.389525
   47 	 0.005400 	 0.140493 	 0.409263
   48 	 0.006932 	 0.148834 	 0.412012
   49 	 0.006734 	 0.150764 	 0.430082
   50 	 0.006785 	 0.157771 	 0.438919
   51 	 0.006564 	 0.153064 	 0.444438
   52 	 0.006648 	 0.152626 	 0.419767
   53 	 0.006577 	 0.150378 	 0.410117
   54 	 0.006904 	 0.155382 	 0.459106
   55 	 0.006279 	 0.147733 	 0.381560
   56 	 0.006818 	 0.145740 	 0.466238
   57 	 0.006922 	 0.147395 	 0.404793
   58 	 0.006529 	 0.158254 	 0.405369
   59 	 0.005409 	 0.161183 	 0.478477
   60 	 0.006672 	 0.163066 	 0.478477
   61 	 0.005429 	 0.160552 	 0.456854
   62 	 0.006772 	 0.171140 	 0.456854
   63 	 0.006834 	 0.179590 	 0.472197
   64 	 0.007477 	 0.182728 	 0.456854
   65 	 0.007004 	 0.190005 	 0.468477
   66 	 0.005445 	 0.186508 	 0.484407
   67 	 0.004821 	 0.214914 	 0.484407
   68 	 0.007054 	 0.225345 	 0.485603
   69 	 0.006046 	 0.228121 	 0.482991
   70 	 0.006896 	 0.246313 	 0.490328
   71 	 0.006336 	 0.249279 	 0.505644
   72 	 0.006850 	 0.243696 	 0.507051
   73 	 0.008823 	 0.225374 	 0.507573
   74 	 0.006813 	 0.241807 	 0.507573
   75 	 0.006689 	 0.231796 	 0.507763
   76 	 0.009374 	 0.245383 	 0.504243
   77 	 0.006871 	 0.250613 	 0.517380
   78 	 0.006843 	 0.245884 	 0.522123
   79 	 0.005505 	 0.248396 	 0.522123
   80 	 0.006788 	 0.257432 	 0.522399
   81 	 0.006966 	 0.258379 	 0.522123
   82 	 0.006859 	 0.267794 	 0.522123
   83 	 0.006947 	 0.268966 	 0.522123
   84 	 0.006954 	 0.265231 	 0.522540
   85 	 0.006820 	 0.263623 	 0.522540
   86 	 0.006995 	 0.263739 	 0.520992
   87 	 0.006664 	 0.267740 	 0.515263
   88 	 0.005735 	 0.264979 	 0.517167
   89 	 0.006962 	 0.254713 	 0.526864
   90 	 0.006938 	 0.258225 	 0.524466
   91 	 0.006846 	 0.254197 	 0.521462
   92 	 0.006905 	 0.246087 	 0.521462
   93 	 0.006794 	 0.248244 	 0.531170
   94 	 0.006811 	 0.255718 	 0.522767
   95 	 0.006890 	 0.251914 	 0.521462
   96 	 0.006693 	 0.252387 	 0.521462
   97 	 0.005408 	 0.256536 	 0.524336
   98 	 0.006894 	 0.262538 	 0.524336
   99 	 0.006946 	 0.268000 	 0.521715
  100 	 0.006902 	 0.248903 	 0.517264
  101 	 0.006821 	 0.263115 	 0.517264
  102 	 0.006926 	 0.272810 	 0.530901
  103 	 0.008978 	 0.251036 	 0.530901
  104 	 0.005037 	 0.243790 	 0.526251
  105 	 0.006931 	 0.247894 	 0.529399
  106 	 0.006874 	 0.243694 	 0.529399
  107 	 0.006528 	 0.262600 	 0.530680
  108 	 0.006885 	 0.277320 	 0.532824
  109 	 0.006946 	 0.274307 	 0.535248
  110 	 0.006794 	 0.284878 	 0.535248
  111 	 0.006154 	 0.273199 	 0.532425
  112 	 0.006513 	 0.288416 	 0.533320
  113 	 0.006947 	 0.280977 	 0.526248
  114 	 0.006742 	 0.268727 	 0.525260
  115 	 0.006951 	 0.286211 	 0.532967
  116 	 0.006929 	 0.261761 	 0.530862
  117 	 0.009047 	 0.291318 	 0.536336
  118 	 0.006926 	 0.273660 	 0.536336
  119 	 0.006913 	 0.279337 	 0.528437
  120 	 0.006772 	 0.294844 	 0.533341
  121 	 0.007004 	 0.293031 	 0.533839
  122 	 0.006842 	 0.301110 	 0.533839
  123 	 0.005062 	 0.275412 	 0.534839
  124 	 0.006891 	 0.283145 	 0.534839
  125 	 0.005388 	 0.257959 	 0.534839
  126 	 0.009610 	 0.263191 	 0.532205
  127 	 0.007235 	 0.265426 	 0.534839
  128 	 0.006973 	 0.266559 	 0.534839
  129 	 0.009897 	 0.278047 	 0.534839
  130 	 0.006707 	 0.278010 	 0.534713
  131 	 0.005498 	 0.276899 	 0.535141
  132 	 0.006934 	 0.286546 	 0.535660
  133 	 0.006888 	 0.296364 	 0.535660
  134 	 0.006704 	 0.288495 	 0.537202
  135 	 0.005832 	 0.270562 	 0.529562
  136 	 0.006903 	 0.278085 	 0.536356
  137 	 0.005929 	 0.255058 	 0.532753
  138 	 0.005584 	 0.261181 	 0.535047
  139 	 0.009366 	 0.262760 	 0.531477
  140 	 0.009366 	 0.261395 	 0.531636
  141 	 0.005502 	 0.258508 	 0.534323
  142 	 0.006877 	 0.244277 	 0.544501
  143 	 0.006823 	 0.265207 	 0.530414
  144 	 0.006856 	 0.283823 	 0.531353
  145 	 0.006972 	 0.279876 	 0.532448
  146 	 0.006915 	 0.300120 	 0.533180
  147 	 0.006760 	 0.266175 	 0.533180
  148 	 0.006173 	 0.233950 	 0.534166
  149 	 0.006904 	 0.253546 	 0.534166
  150 	 0.006524 	 0.256418 	 0.535259
  151 	 0.006897 	 0.262252 	 0.529089
  152 	 0.006800 	 0.263353 	 0.532870
  153 	 0.006394 	 0.256010 	 0.530210
  154 	 0.007053 	 0.247889 	 0.530210
  155 	 0.006975 	 0.261086 	 0.534507
  156 	 0.006868 	 0.246785 	 0.534735
  157 	 0.006933 	 0.261844 	 0.534507
  158 	 0.007059 	 0.272450 	 0.535928
  159 	 0.004929 	 0.282593 	 0.525147
  160 	 0.006893 	 0.271509 	 0.532113
  161 	 0.006824 	 0.278815 	 0.527791
  162 	 0.009361 	 0.272350 	 0.527791
  163 	 0.006563 	 0.260620 	 0.520241
  164 	 0.005505 	 0.266681 	 0.532768
  165 	 0.005512 	 0.251304 	 0.527990
  166 	 0.005317 	 0.233513 	 0.530820
  167 	 0.007362 	 0.239284 	 0.538347
  168 	 0.007354 	 0.243850 	 0.538347
  169 	 0.006869 	 0.238919 	 0.538347
  170 	 0.006931 	 0.253189 	 0.531328
  171 	 0.005031 	 0.275357 	 0.533594
  172 	 0.007365 	 0.256753 	 0.536536
  173 	 0.006995 	 0.238565 	 0.536934
  174 	 0.006724 	 0.225696 	 0.522462
  175 	 0.006084 	 0.230492 	 0.523725
  176 	 0.006835 	 0.247628 	 0.522306
  177 	 0.005426 	 0.260207 	 0.511862
  178 	 0.005465 	 0.265072 	 0.514010
  179 	 0.007019 	 0.282054 	 0.514010
  180 	 0.009366 	 0.279565 	 0.531301
  181 	 0.005393 	 0.280189 	 0.532203
  182 	 0.006521 	 0.274937 	 0.532743
  183 	 0.006855 	 0.280725 	 0.532743
  184 	 0.006843 	 0.267690 	 0.526783
  185 	 0.006986 	 0.269343 	 0.527023
  186 	 0.006990 	 0.240412 	 0.529389
  187 	 0.006970 	 0.263469 	 0.529394
  188 	 0.006911 	 0.279790 	 0.524625
  189 	 0.009708 	 0.287802 	 0.537574
  190 	 0.006765 	 0.289222 	 0.538092
  191 	 0.006923 	 0.278018 	 0.539776
  192 	 0.006744 	 0.255676 	 0.540528
  193 	 0.006902 	 0.238056 	 0.526715
  194 	 0.006984 	 0.253632 	 0.526715
  195 	 0.007045 	 0.264254 	 0.526990
  196 	 0.007014 	 0.284842 	 0.527099
  197 	 0.006872 	 0.273235 	 0.534602
  198 	 0.006545 	 0.279030 	 0.531120
  199 	 0.009275 	 0.303174 	 0.532816
  200 	 0.006872 	 0.277713 	 0.536406
  201 	 0.006801 	 0.305901 	 0.527252
  202 	 0.006826 	 0.311246 	 0.528752
  203 	 0.006923 	 0.309357 	 0.533242
  204 	 0.006897 	 0.311059 	 0.535489
  205 	 0.006830 	 0.300076 	 0.526235
  206 	 0.006942 	 0.281590 	 0.535204
  207 	 0.009933 	 0.289521 	 0.537163
  208 	 0.006883 	 0.269645 	 0.539541
  209 	 0.006882 	 0.286384 	 0.536695
  210 	 0.009355 	 0.288262 	 0.539935
  211 	 0.006901 	 0.277062 	 0.532113
  212 	 0.006777 	 0.291474 	 0.544928
  213 	 0.006929 	 0.294659 	 0.540508
  214 	 0.006924 	 0.290608 	 0.540508
  215 	 0.005484 	 0.293999 	 0.536244
  216 	 0.005517 	 0.289968 	 0.536244
  217 	 0.004956 	 0.282822 	 0.537420
  218 	 0.006492 	 0.272003 	 0.535758
  219 	 0.006486 	 0.277569 	 0.535289
  220 	 0.006981 	 0.288781 	 0.538056
  221 	 0.006417 	 0.273603 	 0.539229
  222 	 0.006693 	 0.254980 	 0.539229
  223 	 0.006933 	 0.258878 	 0.538767
  224 	 0.006919 	 0.256990 	 0.536854
  225 	 0.009026 	 0.267844 	 0.538004
  226 	 0.007200 	 0.285376 	 0.538004
  227 	 0.006912 	 0.281042 	 0.538004
  228 	 0.006958 	 0.255364 	 0.538004
  229 	 0.005664 	 0.264989 	 0.527217
  230 	 0.006049 	 0.284522 	 0.528645
  231 	 0.005909 	 0.285472 	 0.534989
  232 	 0.006973 	 0.271360 	 0.533688
  233 	 0.006929 	 0.269880 	 0.534816
  234 	 0.006923 	 0.287385 	 0.534816
  235 	 0.006985 	 0.304970 	 0.530046
  236 	 0.006506 	 0.293018 	 0.519932
  237 	 0.006908 	 0.308437 	 0.521753
  238 	 0.009168 	 0.264824 	 0.525225
  239 	 0.006952 	 0.279544 	 0.521531
  240 	 0.006182 	 0.298778 	 0.528389
  241 	 0.006977 	 0.288780 	 0.530027
  242 	 0.006718 	 0.278947 	 0.530027
  243 	 0.006886 	 0.285244 	 0.530027
  244 	 0.006933 	 0.295894 	 0.536261
  245 	 0.006922 	 0.289374 	 0.536261
  246 	 0.006943 	 0.287657 	 0.533794
  247 	 0.006141 	 0.251675 	 0.535113
  248 	 0.006080 	 0.264372 	 0.535113
  249 	 0.006832 	 0.260978 	 0.535113
  250 	 0.006298 	 0.273713 	 0.533493
  251 	 0.006919 	 0.290687 	 0.534074
  252 	 0.006859 	 0.292755 	 0.534040
  253 	 0.006909 	 0.296708 	 0.534786
  254 	 0.006881 	 0.271665 	 0.533605
  255 	 0.008487 	 0.280483 	 0.538384
  256 	 0.006989 	 0.302018 	 0.542902
  257 	 0.006869 	 0.283694 	 0.541089
  258 	 0.005481 	 0.290187 	 0.533204
  259 	 0.006908 	 0.277545 	 0.537876
  260 	 0.006868 	 0.267687 	 0.538626
  261 	 0.006992 	 0.288471 	 0.537915
  262 	 0.006681 	 0.284160 	 0.538641
  263 	 0.009783 	 0.288559 	 0.538641
  264 	 0.006523 	 0.285817 	 0.538641
  265 	 0.006897 	 0.279478 	 0.533416
  266 	 0.005932 	 0.280949 	 0.531485
  267 	 0.006883 	 0.270712 	 0.539249
  268 	 0.005064 	 0.287299 	 0.536870
  269 	 0.006297 	 0.292412 	 0.536870
  270 	 0.006699 	 0.282117 	 0.536870
  271 	 0.006016 	 0.275168 	 0.536870
  272 	 0.009450 	 0.304798 	 0.537386
  273 	 0.006928 	 0.302000 	 0.537386
  274 	 0.006088 	 0.296929 	 0.537395
  275 	 0.006929 	 0.281512 	 0.537399
  276 	 0.006906 	 0.295048 	 0.537835
  277 	 0.006927 	 0.267361 	 0.534874
  278 	 0.006874 	 0.270139 	 0.535433
  279 	 0.006904 	 0.284769 	 0.535433
  280 	 0.009071 	 0.305876 	 0.535433
  281 	 0.006916 	 0.295181 	 0.532363
  282 	 0.006371 	 0.292327 	 0.535750
  283 	 0.009173 	 0.307368 	 0.538936
  284 	 0.006056 	 0.297537 	 0.539674
  285 	 0.007034 	 0.285330 	 0.539674
  286 	 0.006874 	 0.289916 	 0.533065
  287 	 0.006914 	 0.278844 	 0.533065
  288 	 0.007017 	 0.274134 	 0.538089
  289 	 0.006904 	 0.269593 	 0.538089
  290 	 0.006171 	 0.266115 	 0.536907
  291 	 0.006739 	 0.277272 	 0.533121
  292 	 0.006727 	 0.289331 	 0.538016
  293 	 0.006889 	 0.276757 	 0.535805
  294 	 0.005883 	 0.261424 	 0.540806
  295 	 0.008723 	 0.244471 	 0.543224
  296 	 0.006834 	 0.264915 	 0.544642
  297 	 0.006844 	 0.262336 	 0.543224
  298 	 0.009419 	 0.264351 	 0.543557
  299 	 0.006889 	 0.259505 	 0.543557
  300 	 0.005712 	 0.262602 	 0.541795
  301 	 0.006790 	 0.259568 	 0.546060
  302 	 0.006157 	 0.275644 	 0.546060
  303 	 0.006830 	 0.282552 	 0.546060
  304 	 0.006829 	 0.272694 	 0.543363
  305 	 0.006933 	 0.284068 	 0.546310
  306 	 0.006897 	 0.284017 	 0.546310
  307 	 0.006066 	 0.288773 	 0.546487
  308 	 0.006803 	 0.284039 	 0.546773
  309 	 0.006637 	 0.278138 	 0.543505
  310 	 0.006901 	 0.265794 	 0.525420
  311 	 0.009245 	 0.273269 	 0.536923
  312 	 0.006951 	 0.266884 	 0.537107
  313 	 0.008095 	 0.272938 	 0.537107
  314 	 0.009852 	 0.278363 	 0.539918
  315 	 0.006914 	 0.270334 	 0.539918
  316 	 0.006884 	 0.270239 	 0.544568
  317 	 0.006746 	 0.276318 	 0.545490
  318 	 0.006641 	 0.261366 	 0.545454
  319 	 0.005580 	 0.271675 	 0.522350
  320 	 0.009540 	 0.278613 	 0.529326
  321 	 0.006850 	 0.276453 	 0.529326
  322 	 0.006147 	 0.276364 	 0.528872
  323 	 0.007011 	 0.289569 	 0.536056
  324 	 0.006931 	 0.248809 	 0.535532
  325 	 0.008639 	 0.255365 	 0.535532
  326 	 0.006712 	 0.260669 	 0.542260
  327 	 0.006265 	 0.272321 	 0.542877
  328 	 0.007226 	 0.281896 	 0.545544
  329 	 0.006807 	 0.239193 	 0.528662
  330 	 0.007253 	 0.248808 	 0.528662
  331 	 0.006983 	 0.261782 	 0.545259
  332 	 0.006986 	 0.261451 	 0.532851
  333 	 0.006931 	 0.261077 	 0.533997
  334 	 0.006725 	 0.267056 	 0.536095
  335 	 0.006843 	 0.271657 	 0.536053
  336 	 0.006423 	 0.281147 	 0.536053
  337 	 0.005313 	 0.257453 	 0.538729
  338 	 0.006566 	 0.273011 	 0.538227
  339 	 0.009464 	 0.279976 	 0.538227
  340 	 0.006937 	 0.288050 	 0.538084
  341 	 0.005684 	 0.278078 	 0.538084
  342 	 0.006816 	 0.277049 	 0.538335
  343 	 0.006452 	 0.277861 	 0.535481
  344 	 0.006461 	 0.298881 	 0.535837
  345 	 0.006942 	 0.296174 	 0.535837
  346 	 0.006905 	 0.291353 	 0.535194
  347 	 0.006531 	 0.289213 	 0.535194
  348 	 0.006828 	 0.292259 	 0.535928
  349 	 0.006475 	 0.292104 	 0.538068
  350 	 0.006913 	 0.247057 	 0.538068
  351 	 0.006307 	 0.241490 	 0.538277
  352 	 0.005553 	 0.230468 	 0.537998
  353 	 0.006940 	 0.265231 	 0.537998
  354 	 0.005133 	 0.266614 	 0.537998
  355 	 0.005061 	 0.262544 	 0.536930
  356 	 0.006685 	 0.257037 	 0.528944
  357 	 0.006757 	 0.251639 	 0.536807
  358 	 0.006845 	 0.257566 	 0.536807
  359 	 0.005018 	 0.248903 	 0.536807
  360 	 0.006644 	 0.251912 	 0.536827
  361 	 0.006923 	 0.259207 	 0.536827
  362 	 0.006930 	 0.273319 	 0.536827
  363 	 0.008226 	 0.284310 	 0.538662
  364 	 0.006080 	 0.278335 	 0.538704
  365 	 0.006758 	 0.282544 	 0.538704
  366 	 0.005446 	 0.273618 	 0.539445
  367 	 0.006919 	 0.248901 	 0.538597
  368 	 0.006910 	 0.251102 	 0.538597
  369 	 0.006837 	 0.254494 	 0.533958
  370 	 0.006894 	 0.251605 	 0.533958
  371 	 0.006522 	 0.247287 	 0.533806
  372 	 0.006869 	 0.250297 	 0.533806
  373 	 0.007019 	 0.253250 	 0.535521
  374 	 0.006907 	 0.240156 	 0.535521
  375 	 0.006913 	 0.250450 	 0.538721
  376 	 0.006892 	 0.242771 	 0.514415
  377 	 0.006755 	 0.250522 	 0.516557
  378 	 0.006095 	 0.259126 	 0.517515
  379 	 0.006963 	 0.269696 	 0.521442
  380 	 0.006784 	 0.258068 	 0.500550
  381 	 0.007373 	 0.253038 	 0.520829
  382 	 0.006798 	 0.249570 	 0.517644
  383 	 0.006842 	 0.232887 	 0.517644
  384 	 0.006990 	 0.242217 	 0.516245
  385 	 0.005539 	 0.241248 	 0.517583
  386 	 0.006796 	 0.253601 	 0.504425
  387 	 0.006002 	 0.224615 	 0.507039
  388 	 0.006530 	 0.244679 	 0.507633
  389 	 0.006874 	 0.247345 	 0.506411
  390 	 0.006042 	 0.260264 	 0.532327
  391 	 0.006049 	 0.257421 	 0.515357
  392 	 0.006075 	 0.240382 	 0.503506
  393 	 0.006922 	 0.248840 	 0.503506
  394 	 0.007299 	 0.253970 	 0.497511
  395 	 0.006929 	 0.256098 	 0.515097
  396 	 0.009231 	 0.243750 	 0.515097
  397 	 0.006602 	 0.231965 	 0.513730
  398 	 0.007183 	 0.235388 	 0.524184
  399 	 0.007186 	 0.234630 	 0.538983
  400 	 0.006865 	 0.241358 	 0.539209
  401 	 0.005393 	 0.229686 	 0.537451
  402 	 0.006926 	 0.222030 	 0.537451
  403 	 0.006907 	 0.244265 	 0.537451
  404 	 0.007002 	 0.249304 	 0.525884
  405 	 0.006785 	 0.270300 	 0.534787
  406 	 0.006844 	 0.243426 	 0.534787
  407 	 0.005676 	 0.243768 	 0.523099
  408 	 0.006513 	 0.259995 	 0.520165
  409 	 0.006776 	 0.263465 	 0.527984
  410 	 0.009237 	 0.272931 	 0.527984
  411 	 0.006153 	 0.278043 	 0.527984
  412 	 0.006860 	 0.254840 	 0.527984
  413 	 0.005438 	 0.241624 	 0.527984
  414 	 0.005427 	 0.252815 	 0.526269
  415 	 0.005647 	 0.264292 	 0.524617
  416 	 0.006089 	 0.257484 	 0.531161
  417 	 0.006780 	 0.236376 	 0.531161
  418 	 0.005060 	 0.231121 	 0.531341
  419 	 0.007051 	 0.227399 	 0.531341
  420 	 0.006908 	 0.227722 	 0.513514
  421 	 0.006908 	 0.249625 	 0.511048
  422 	 0.006801 	 0.235693 	 0.529849
  423 	 0.007005 	 0.219571 	 0.527719
  424 	 0.008424 	 0.231397 	 0.527719
  425 	 0.006746 	 0.223905 	 0.527719
  426 	 0.006313 	 0.243497 	 0.527719
  427 	 0.006975 	 0.230662 	 0.524432
  428 	 0.007004 	 0.246000 	 0.536135
  429 	 0.006623 	 0.241668 	 0.536135
  430 	 0.006655 	 0.257558 	 0.536135
  431 	 0.007105 	 0.261675 	 0.535357
  432 	 0.006957 	 0.268275 	 0.526988
  433 	 0.006915 	 0.273588 	 0.530089
  434 	 0.005177 	 0.271540 	 0.529610
  435 	 0.009407 	 0.251789 	 0.520382
  436 	 0.007061 	 0.249678 	 0.524945
  437 	 0.006937 	 0.249495 	 0.524945
  438 	 0.005530 	 0.249461 	 0.524945
  439 	 0.005199 	 0.238793 	 0.524945
  440 	 0.006556 	 0.256598 	 0.519879
  441 	 0.006856 	 0.245959 	 0.520376
  442 	 0.006175 	 0.263749 	 0.523476
  443 	 0.006935 	 0.276721 	 0.522711
  444 	 0.005897 	 0.290144 	 0.522711
  445 	 0.006189 	 0.266523 	 0.530635
  446 	 0.005483 	 0.278192 	 0.530780
  447 	 0.006772 	 0.261663 	 0.530690
  448 	 0.006689 	 0.249210 	 0.530993
  449 	 0.006759 	 0.264110 	 0.533243
  450 	 0.006932 	 0.261432 	 0.530993
  451 	 0.006883 	 0.280313 	 0.531159
  452 	 0.006938 	 0.294069 	 0.527669
  453 	 0.006576 	 0.294825 	 0.526543
  454 	 0.007001 	 0.284332 	 0.525142
  455 	 0.007074 	 0.302579 	 0.525226
  456 	 0.006983 	 0.289871 	 0.527850
  457 	 0.006911 	 0.256656 	 0.525226
  458 	 0.006875 	 0.253239 	 0.521661
  459 	 0.006905 	 0.237581 	 0.524220
  460 	 0.006560 	 0.250034 	 0.525609
  461 	 0.006977 	 0.261490 	 0.521610
  462 	 0.007000 	 0.246183 	 0.529578
  463 	 0.006921 	 0.240258 	 0.529358
  464 	 0.008004 	 0.234538 	 0.529358
  465 	 0.006328 	 0.242003 	 0.526089
  466 	 0.006328 	 0.240784 	 0.525419
  467 	 0.006326 	 0.248951 	 0.530125
  468 	 0.005601 	 0.236453 	 0.534165
  469 	 0.005054 	 0.224017 	 0.510027
  470 	 0.006825 	 0.243562 	 0.534015
  471 	 0.009661 	 0.264742 	 0.534015
  472 	 0.006001 	 0.257085 	 0.527956
  473 	 0.006238 	 0.269242 	 0.527956
  474 	 0.006869 	 0.281648 	 0.529285
  475 	 0.006936 	 0.268541 	 0.520109
  476 	 0.006573 	 0.252747 	 0.520109
  477 	 0.006885 	 0.249243 	 0.520852
  478 	 0.006979 	 0.230426 	 0.511676
  479 	 0.005474 	 0.228937 	 0.526006
  480 	 0.005465 	 0.246872 	 0.510922
  481 	 0.005102 	 0.269158 	 0.526543
  482 	 0.006239 	 0.255646 	 0.526533
  483 	 0.005533 	 0.261486 	 0.526533
  484 	 0.005523 	 0.255557 	 0.526533
  485 	 0.005503 	 0.245748 	 0.526429
  486 	 0.007146 	 0.235098 	 0.527844
  487 	 0.007268 	 0.261328 	 0.520572
  488 	 0.006949 	 0.253215 	 0.520572
  489 	 0.006958 	 0.238569 	 0.520618
  490 	 0.009745 	 0.252609 	 0.523686
  491 	 0.006879 	 0.274844 	 0.526449
  492 	 0.006798 	 0.270179 	 0.526449
  493 	 0.006475 	 0.258987 	 0.526566
  494 	 0.006366 	 0.252363 	 0.526449
  495 	 0.005052 	 0.257830 	 0.528424
  496 	 0.006895 	 0.272013 	 0.528109
  497 	 0.009439 	 0.284390 	 0.527410
  498 	 0.004726 	 0.293680 	 0.527410
  499 	 0.006919 	 0.266622 	 0.528523
 