   0 	 0.003519 	 0.010583 	 0.041234
    1 	 0.003888 	 0.012784 	 0.041242
    2 	 0.004703 	 0.014593 	 0.037530
    3 	 0.006012 	 0.016916 	 0.072541
    4 	 0.004565 	 0.018775 	 0.076636
    5 	 0.006685 	 0.021545 	 0.079045
    6 	 0.005811 	 0.024396 	 0.087533
    7 	 0.006386 	 0.027886 	 0.087689
    8 	 0.005853 	 0.033347 	 0.105340
    9 	 0.006998 	 0.037684 	 0.105340
   10 	 0.007475 	 0.042334 	 0.106494
   11 	 0.006979 	 0.049100 	 0.112499
   12 	 0.005477 	 0.049933 	 0.126536
   13 	 0.006209 	 0.055530 	 0.132501
   14 	 0.005432 	 0.056041 	 0.132501
   15 	 0.006607 	 0.058418 	 0.130544
   16 	 0.006824 	 0.065425 	 0.128780
   17 	 0.005560 	 0.066434 	 0.147286
   18 	 0.006516 	 0.071175 	 0.195368
   19 	 0.009163 	 0.077891 	 0.195408
   20 	 0.006931 	 0.076298 	 0.201425
   21 	 0.006723 	 0.081609 	 0.174256
   22 	 0.006312 	 0.081319 	 0.173390
   23 	 0.009151 	 0.084462 	 0.141394
   24 	 0.007100 	 0.085156 	 0.162913
   25 	 0.007124 	 0.084411 	 0.177414
   26 	 0.006568 	 0.088675 	 0.189014
   27 	 0.006576 	 0.089280 	 0.206898
   28 	 0.006621 	 0.095568 	 0.215598
   29 	 0.006908 	 0.102067 	 0.215068
   30 	 0.006955 	 0.102754 	 0.211116
   31 	 0.007004 	 0.102246 	 0.211116
   32 	 0.006823 	 0.104942 	 0.213999
   33 	 0.006487 	 0.103428 	 0.224899
   34 	 0.007104 	 0.113270 	 0.225102
   35 	 0.006795 	 0.108943 	 0.227954
   36 	 0.006683 	 0.113612 	 0.232434
   37 	 0.009139 	 0.120223 	 0.237936
   38 	 0.006930 	 0.123300 	 0.230546
   39 	 0.006725 	 0.124645 	 0.244841
   40 	 0.006719 	 0.131683 	 0.245439
   41 	 0.006593 	 0.133581 	 0.240901
   42 	 0.006859 	 0.139265 	 0.244448
   43 	 0.006859 	 0.135275 	 0.277891
   44 	 0.006314 	 0.130421 	 0.277891
   45 	 0.006670 	 0.140281 	 0.277855
   46 	 0.006889 	 0.141455 	 0.273785
   47 	 0.006310 	 0.148305 	 0.296225
   48 	 0.006922 	 0.150205 	 0.296235
   49 	 0.006922 	 0.149096 	 0.296235
   50 	 0.006819 	 0.150483 	 0.305548
   51 	 0.006802 	 0.155477 	 0.295423
   52 	 0.006993 	 0.157992 	 0.324365
   53 	 0.006857 	 0.159615 	 0.310963
   54 	 0.006957 	 0.153211 	 0.304549
   55 	 0.006801 	 0.159201 	 0.310946
   56 	 0.006831 	 0.164228 	 0.311099
   57 	 0.006848 	 0.161981 	 0.315560
   58 	 0.007333 	 0.165477 	 0.315560
   59 	 0.006951 	 0.166851 	 0.325215
   60 	 0.009180 	 0.174816 	 0.325215
   61 	 0.006928 	 0.178515 	 0.325215
   62 	 0.009593 	 0.185762 	 0.332979
   63 	 0.006578 	 0.190180 	 0.354821
   64 	 0.006312 	 0.187902 	 0.354012
   65 	 0.009436 	 0.173333 	 0.354012
   66 	 0.006952 	 0.181363 	 0.359969
   67 	 0.004917 	 0.185812 	 0.359969
   68 	 0.006796 	 0.183926 	 0.335450
   69 	 0.006946 	 0.179429 	 0.356759
   70 	 0.006936 	 0.185938 	 0.357747
   71 	 0.006936 	 0.180753 	 0.341459
   72 	 0.006927 	 0.187062 	 0.353401
   73 	 0.006814 	 0.196404 	 0.360514
   74 	 0.006814 	 0.217339 	 0.365784
   75 	 0.006817 	 0.203285 	 0.365784
   76 	 0.006601 	 0.205262 	 0.374000
   77 	 0.006853 	 0.212595 	 0.374000
   78 	 0.006786 	 0.205921 	 0.379822
   79 	 0.006517 	 0.209421 	 0.372505
   80 	 0.006713 	 0.197129 	 0.377487
   81 	 0.006915 	 0.200205 	 0.377716
   82 	 0.009193 	 0.200373 	 0.384365
   83 	 0.008240 	 0.212001 	 0.378517
   84 	 0.007117 	 0.198874 	 0.378612
   85 	 0.006045 	 0.209054 	 0.380139
   86 	 0.006839 	 0.210103 	 0.399876
   87 	 0.006547 	 0.210272 	 0.397860
   88 	 0.006877 	 0.198088 	 0.389473
   89 	 0.006895 	 0.207112 	 0.391314
   90 	 0.006398 	 0.222807 	 0.393278
   91 	 0.006955 	 0.207579 	 0.394391
   92 	 0.006919 	 0.215897 	 0.396643
   93 	 0.006890 	 0.223357 	 0.396643
   94 	 0.006674 	 0.218944 	 0.389500
   95 	 0.006195 	 0.220608 	 0.393234
   96 	 0.006842 	 0.227216 	 0.393234
   97 	 0.006524 	 0.221169 	 0.389500
   98 	 0.006341 	 0.228286 	 0.392222
   99 	 0.005986 	 0.219693 	 0.392222
  100 	 0.009459 	 0.220088 	 0.392222
  101 	 0.006901 	 0.215280 	 0.383265
  102 	 0.006653 	 0.200576 	 0.387043
  103 	 0.006994 	 0.198853 	 0.390400
  104 	 0.006945 	 0.203800 	 0.406325
  105 	 0.006968 	 0.196624 	 0.401740
  106 	 0.008156 	 0.199072 	 0.394410
  107 	 0.006714 	 0.207146 	 0.396213
  108 	 0.006886 	 0.203159 	 0.394646
  109 	 0.006897 	 0.197963 	 0.394516
  110 	 0.006727 	 0.204788 	 0.394516
  111 	 0.006272 	 0.198614 	 0.393918
  112 	 0.006899 	 0.204405 	 0.375110
  113 	 0.007236 	 0.202118 	 0.388184
  114 	 0.009268 	 0.206702 	 0.386367
  115 	 0.006891 	 0.189940 	 0.403345
  116 	 0.006942 	 0.193483 	 0.403345
  117 	 0.009363 	 0.197626 	 0.403651
  118 	 0.009371 	 0.206302 	 0.395647
  119 	 0.006634 	 0.216468 	 0.395647
  120 	 0.006820 	 0.218106 	 0.393891
  121 	 0.007051 	 0.213663 	 0.390407
  122 	 0.006775 	 0.229126 	 0.394362
  123 	 0.006083 	 0.221128 	 0.394362
  124 	 0.006133 	 0.232030 	 0.416174
  125 	 0.006764 	 0.223626 	 0.415728
  126 	 0.006836 	 0.212307 	 0.415662
  127 	 0.006375 	 0.186149 	 0.399778
  128 	 0.006918 	 0.186345 	 0.401000
  129 	 0.006863 	 0.213127 	 0.407297
  130 	 0.009138 	 0.224708 	 0.407297
  131 	 0.006891 	 0.231860 	 0.407411
  132 	 0.006524 	 0.226081 	 0.407411
  133 	 0.006862 	 0.210770 	 0.408061
  134 	 0.006890 	 0.219087 	 0.422504
  135 	 0.006948 	 0.221842 	 0.422365
  136 	 0.006851 	 0.229226 	 0.422333
  137 	 0.008987 	 0.223037 	 0.422826
  138 	 0.006786 	 0.225206 	 0.421566
  139 	 0.006868 	 0.206315 	 0.426079
  140 	 0.004917 	 0.212648 	 0.425801
  141 	 0.006896 	 0.224043 	 0.407709
  142 	 0.006909 	 0.228540 	 0.412052
  143 	 0.006542 	 0.225000 	 0.416013
  144 	 0.006554 	 0.220841 	 0.421380
  145 	 0.007010 	 0.221693 	 0.422670
  146 	 0.006616 	 0.208131 	 0.422670
  147 	 0.006874 	 0.229173 	 0.426618
  148 	 0.006703 	 0.238609 	 0.425763
  149 	 0.004860 	 0.222177 	 0.425763
  150 	 0.006865 	 0.223210 	 0.425763
  151 	 0.006141 	 0.231846 	 0.429270
  152 	 0.006471 	 0.233342 	 0.429270
  153 	 0.006480 	 0.226062 	 0.429270
  154 	 0.007727 	 0.227621 	 0.424354
  155 	 0.006872 	 0.211289 	 0.430900
  156 	 0.006994 	 0.213746 	 0.425324
  157 	 0.009481 	 0.215380 	 0.413093
  158 	 0.006330 	 0.213742 	 0.417625
  159 	 0.004341 	 0.215525 	 0.418027
  160 	 0.006886 	 0.213926 	 0.414324
  161 	 0.005502 	 0.232553 	 0.410887
  162 	 0.006840 	 0.227378 	 0.423474
  163 	 0.006540 	 0.213016 	 0.424006
  164 	 0.006769 	 0.233531 	 0.416764
  165 	 0.006738 	 0.242490 	 0.423791
  166 	 0.006897 	 0.228459 	 0.426580
  167 	 0.006429 	 0.228207 	 0.423553
  168 	 0.009683 	 0.222482 	 0.433846
  169 	 0.006646 	 0.212421 	 0.412380
  170 	 0.006312 	 0.232891 	 0.418395
  171 	 0.006903 	 0.237118 	 0.419764
  172 	 0.009473 	 0.257158 	 0.425535
  173 	 0.007116 	 0.260942 	 0.433770
  174 	 0.006727 	 0.243109 	 0.437721
  175 	 0.006785 	 0.244668 	 0.437721
  176 	 0.006772 	 0.224367 	 0.438467
  177 	 0.005712 	 0.236553 	 0.438467
  178 	 0.006829 	 0.238385 	 0.438467
  179 	 0.006809 	 0.211737 	 0.427641
  180 	 0.006084 	 0.216496 	 0.427641
  181 	 0.009526 	 0.226732 	 0.427539
  182 	 0.006118 	 0.214725 	 0.425102
  183 	 0.006824 	 0.238008 	 0.425102
  184 	 0.009266 	 0.252016 	 0.425813
  185 	 0.006892 	 0.243732 	 0.429023
  186 	 0.006857 	 0.244829 	 0.429023
  187 	 0.007319 	 0.218460 	 0.427499
  188 	 0.006614 	 0.240965 	 0.430807
  189 	 0.006729 	 0.252966 	 0.431360
  190 	 0.006832 	 0.247472 	 0.437345
  191 	 0.006744 	 0.248379 	 0.437387
  192 	 0.006780 	 0.238525 	 0.437644
  193 	 0.006906 	 0.246313 	 0.437644
  194 	 0.009246 	 0.248596 	 0.437644
  195 	 0.006706 	 0.221475 	 0.433344
  196 	 0.006888 	 0.213098 	 0.433096
  197 	 0.008037 	 0.227577 	 0.433607
  198 	 0.006869 	 0.229661 	 0.431745
  199 	 0.008791 	 0.249422 	 0.433268
  200 	 0.006786 	 0.244164 	 0.433268
  201 	 0.006927 	 0.240870 	 0.432761
  202 	 0.006398 	 0.230680 	 0.432761
  203 	 0.006924 	 0.230179 	 0.425520
  204 	 0.007026 	 0.230456 	 0.431234
  205 	 0.006773 	 0.239786 	 0.433698
  206 	 0.006956 	 0.231719 	 0.431234
  207 	 0.007157 	 0.251155 	 0.430597
  208 	 0.006969 	 0.228058 	 0.426790
  209 	 0.006893 	 0.239819 	 0.433037
  210 	 0.005891 	 0.233556 	 0.430891
  211 	 0.006800 	 0.233027 	 0.434479
  212 	 0.006822 	 0.243747 	 0.434479
  213 	 0.006670 	 0.225874 	 0.434026
  214 	 0.006604 	 0.219229 	 0.434026
  215 	 0.006605 	 0.233852 	 0.427762
  216 	 0.006605 	 0.248020 	 0.431184
  217 	 0.006858 	 0.234244 	 0.428087
  218 	 0.006491 	 0.237634 	 0.426720
  219 	 0.006911 	 0.239179 	 0.426417
  220 	 0.007103 	 0.232602 	 0.426720
  221 	 0.006870 	 0.232855 	 0.428726
  222 	 0.009422 	 0.238569 	 0.426923
  223 	 0.006635 	 0.240586 	 0.425862
  224 	 0.006632 	 0.223207 	 0.425289
  225 	 0.007364 	 0.235168 	 0.431957
  226 	 0.006939 	 0.244942 	 0.429067
  227 	 0.006769 	 0.238258 	 0.432166
  228 	 0.006736 	 0.224806 	 0.432166
  229 	 0.006859 	 0.230582 	 0.432216
  230 	 0.006775 	 0.225640 	 0.432111
  231 	 0.007059 	 0.220158 	 0.428024
  232 	 0.006871 	 0.218964 	 0.430085
  233 	 0.006460 	 0.229529 	 0.430085
  234 	 0.004316 	 0.241065 	 0.419997
  235 	 0.007854 	 0.242821 	 0.432549
  236 	 0.005422 	 0.250671 	 0.431498
  237 	 0.008832 	 0.249742 	 0.431498
  238 	 0.006703 	 0.234893 	 0.431498
  239 	 0.006894 	 0.226590 	 0.431498
  240 	 0.006939 	 0.217186 	 0.435130
  241 	 0.006983 	 0.220351 	 0.435130
  242 	 0.006943 	 0.225933 	 0.436005
  243 	 0.006896 	 0.223409 	 0.431011
  244 	 0.006571 	 0.232601 	 0.435195
  245 	 0.006845 	 0.234201 	 0.435100
  246 	 0.006664 	 0.237549 	 0.436768
  247 	 0.006835 	 0.247885 	 0.432696
  248 	 0.006803 	 0.236579 	 0.432696
  249 	 0.007858 	 0.240917 	 0.436831
  250 	 0.007044 	 0.248784 	 0.438642
  251 	 0.009092 	 0.225944 	 0.435942
  252 	 0.006929 	 0.248815 	 0.435942
  253 	 0.006998 	 0.228397 	 0.435023
  254 	 0.006730 	 0.257107 	 0.434294
  255 	 0.006893 	 0.248207 	 0.437881
  256 	 0.009326 	 0.252269 	 0.437881
  257 	 0.006637 	 0.270182 	 0.440451
  258 	 0.009355 	 0.242487 	 0.439260
  259 	 0.006943 	 0.230142 	 0.435913
  260 	 0.005470 	 0.231062 	 0.432279
  261 	 0.005469 	 0.215811 	 0.432279
  262 	 0.006348 	 0.232040 	 0.427926
  263 	 0.006939 	 0.222508 	 0.429479
  264 	 0.006519 	 0.232802 	 0.430932
  265 	 0.009377 	 0.231439 	 0.432196
  266 	 0.006723 	 0.253258 	 0.434719
  267 	 0.006893 	 0.222574 	 0.435012
  268 	 0.009434 	 0.221080 	 0.432746
  269 	 0.006246 	 0.223152 	 0.429738
  270 	 0.006739 	 0.222192 	 0.434323
  271 	 0.006798 	 0.225533 	 0.434510
  272 	 0.006844 	 0.230485 	 0.428276
  273 	 0.006897 	 0.248710 	 0.431367
  274 	 0.006530 	 0.245217 	 0.435392
  275 	 0.006547 	 0.244097 	 0.434075
  276 	 0.006444 	 0.240853 	 0.430428
  277 	 0.006843 	 0.242733 	 0.430428
  278 	 0.005252 	 0.248194 	 0.430284
  279 	 0.006857 	 0.232935 	 0.430646
  280 	 0.006851 	 0.237879 	 0.433012
  281 	 0.006476 	 0.246446 	 0.432435
  282 	 0.006269 	 0.226522 	 0.432321
  283 	 0.006820 	 0.231878 	 0.431847
  284 	 0.006453 	 0.224334 	 0.432042
  285 	 0.006722 	 0.232725 	 0.435973
  286 	 0.007808 	 0.250802 	 0.433372
  287 	 0.006914 	 0.268626 	 0.432951
  288 	 0.006933 	 0.256421 	 0.435884
  289 	 0.006076 	 0.259662 	 0.438635
  290 	 0.006918 	 0.245763 	 0.433357
  291 	 0.006910 	 0.227633 	 0.430835
  292 	 0.006189 	 0.242213 	 0.430835
  293 	 0.006860 	 0.237791 	 0.429734
  294 	 0.006503 	 0.250500 	 0.434285
  295 	 0.008657 	 0.245319 	 0.432492
  296 	 0.006780 	 0.249242 	 0.433065
  297 	 0.006768 	 0.247292 	 0.433115
  298 	 0.006744 	 0.239573 	 0.433115
  299 	 0.006149 	 0.236529 	 0.435627
  300 	 0.006790 	 0.258318 	 0.435820
  301 	 0.006790 	 0.256223 	 0.435907
  302 	 0.006789 	 0.234829 	 0.438090
  303 	 0.006935 	 0.242279 	 0.436108
  304 	 0.006906 	 0.239559 	 0.437419
  305 	 0.006582 	 0.242328 	 0.432380
  306 	 0.006935 	 0.245405 	 0.437327
  307 	 0.006839 	 0.254870 	 0.437327
  308 	 0.006755 	 0.242590 	 0.437327
  309 	 0.006894 	 0.232621 	 0.437327
  310 	 0.006708 	 0.227001 	 0.437343
  311 	 0.006896 	 0.233282 	 0.439883
  312 	 0.006428 	 0.250811 	 0.434900
  313 	 0.006865 	 0.247466 	 0.434939
  314 	 0.006879 	 0.238305 	 0.435266
  315 	 0.006907 	 0.227605 	 0.424662
  316 	 0.006774 	 0.216366 	 0.425356
  317 	 0.006845 	 0.213761 	 0.438648
  318 	 0.006307 	 0.224341 	 0.437707
  319 	 0.006555 	 0.229935 	 0.438820
  320 	 0.006879 	 0.255313 	 0.427408
  321 	 0.004289 	 0.241260 	 0.427408
  322 	 0.006804 	 0.224011 	 0.427408
  323 	 0.006905 	 0.213961 	 0.436682
  324 	 0.006872 	 0.234376 	 0.436902
  325 	 0.008470 	 0.242892 	 0.438627
  326 	 0.009388 	 0.261207 	 0.438627
  327 	 0.009575 	 0.245354 	 0.438447
  328 	 0.007220 	 0.242868 	 0.436009
  329 	 0.006943 	 0.238404 	 0.436009
  330 	 0.006922 	 0.232787 	 0.436563
  331 	 0.006860 	 0.234823 	 0.438124
  332 	 0.006892 	 0.234244 	 0.438124
  333 	 0.006820 	 0.225828 	 0.441018
  334 	 0.006893 	 0.243686 	 0.441018
  335 	 0.006857 	 0.237983 	 0.441089
  336 	 0.006779 	 0.239343 	 0.441089
  337 	 0.006808 	 0.235484 	 0.441089
  338 	 0.006895 	 0.248933 	 0.441261
  339 	 0.006683 	 0.237522 	 0.441818
  340 	 0.006866 	 0.221266 	 0.435118
  341 	 0.006934 	 0.211194 	 0.432516
  342 	 0.006967 	 0.211309 	 0.429548
  343 	 0.006924 	 0.217504 	 0.429548
  344 	 0.006849 	 0.231877 	 0.427822
  345 	 0.006838 	 0.238091 	 0.430675
  346 	 0.006453 	 0.226730 	 0.419323
  347 	 0.006516 	 0.222564 	 0.431166
  348 	 0.006703 	 0.217570 	 0.433919
  349 	 0.006478 	 0.207953 	 0.439927
  350 	 0.006850 	 0.223250 	 0.432667
  351 	 0.009354 	 0.230133 	 0.432667
  352 	 0.006917 	 0.233875 	 0.432667
  353 	 0.006797 	 0.227307 	 0.434920
  354 	 0.006891 	 0.213437 	 0.434920
  355 	 0.006430 	 0.219114 	 0.434920
  356 	 0.006856 	 0.229203 	 0.434920
  357 	 0.006591 	 0.204106 	 0.435053
  358 	 0.006685 	 0.224638 	 0.435053
  359 	 0.006902 	 0.226536 	 0.435053
  360 	 0.006879 	 0.234603 	 0.435053
  361 	 0.004345 	 0.228327 	 0.435053
  362 	 0.004469 	 0.238492 	 0.435170
  363 	 0.006939 	 0.230631 	 0.435423
  364 	 0.006900 	 0.239749 	 0.433735
  365 	 0.006658 	 0.244626 	 0.433735
  366 	 0.006508 	 0.238967 	 0.429418
  367 	 0.006907 	 0.230001 	 0.429418
  368 	 0.006939 	 0.231920 	 0.429418
  369 	 0.006890 	 0.250620 	 0.435027
  370 	 0.007046 	 0.227160 	 0.435027
  371 	 0.006866 	 0.234402 	 0.433012
  372 	 0.006788 	 0.247256 	 0.436419
  373 	 0.006485 	 0.251591 	 0.436419
  374 	 0.006828 	 0.240657 	 0.437590
  375 	 0.006827 	 0.231246 	 0.437590
  376 	 0.006906 	 0.234236 	 0.437590
  377 	 0.009502 	 0.252210 	 0.438689
  378 	 0.009564 	 0.259128 	 0.438689
  379 	 0.006928 	 0.249917 	 0.434323
  380 	 0.006671 	 0.242029 	 0.437349
  381 	 0.006893 	 0.245036 	 0.433271
  382 	 0.009187 	 0.250258 	 0.427703
  383 	 0.007004 	 0.252037 	 0.436867
  384 	 0.006948 	 0.232298 	 0.439277
  385 	 0.006777 	 0.236145 	 0.439277
  386 	 0.006944 	 0.234406 	 0.439300
  387 	 0.006770 	 0.237471 	 0.439300
  388 	 0.009924 	 0.231984 	 0.429705
  389 	 0.006797 	 0.222197 	 0.432346
  390 	 0.006869 	 0.224799 	 0.432346
  391 	 0.006502 	 0.208351 	 0.433585
  392 	 0.007133 	 0.205749 	 0.433778
  393 	 0.006818 	 0.210415 	 0.433778
  394 	 0.009295 	 0.215086 	 0.438036
  395 	 0.006599 	 0.226172 	 0.437627
  396 	 0.009157 	 0.237457 	 0.440449
  397 	 0.009442 	 0.222168 	 0.438968
  398 	 0.006948 	 0.239220 	 0.440449
  399 	 0.006939 	 0.244672 	 0.440182
  400 	 0.006809 	 0.250351 	 0.432350
  401 	 0.006911 	 0.230150 	 0.432350
  402 	 0.006910 	 0.236068 	 0.433843
  403 	 0.009275 	 0.249695 	 0.437114
  404 	 0.006316 	 0.230538 	 0.437114
  405 	 0.006884 	 0.234614 	 0.437114
  406 	 0.006957 	 0.234329 	 0.437342
  407 	 0.006899 	 0.239079 	 0.440262
  408 	 0.006632 	 0.216196 	 0.437726
  409 	 0.006878 	 0.242964 	 0.438509
  410 	 0.006823 	 0.256474 	 0.434821
  411 	 0.006887 	 0.264043 	 0.437031
  412 	 0.006833 	 0.265036 	 0.437031
  413 	 0.004895 	 0.233851 	 0.437316
  414 	 0.006448 	 0.234670 	 0.437333
  415 	 0.006773 	 0.234091 	 0.439648
  416 	 0.009567 	 0.242898 	 0.439488
  417 	 0.006890 	 0.231743 	 0.439488
  418 	 0.007105 	 0.229568 	 0.439353
  419 	 0.006961 	 0.233441 	 0.439324
  420 	 0.006850 	 0.231810 	 0.437982
  421 	 0.006743 	 0.247027 	 0.431486
  422 	 0.006231 	 0.238649 	 0.435672
  423 	 0.006910 	 0.233683 	 0.437286
  424 	 0.006415 	 0.230669 	 0.442435
  425 	 0.006942 	 0.241498 	 0.442956
  426 	 0.004287 	 0.238846 	 0.442956
  427 	 0.004253 	 0.232952 	 0.442956
  428 	 0.007205 	 0.231660 	 0.435786
  429 	 0.006928 	 0.218486 	 0.435786
  430 	 0.008773 	 0.236535 	 0.439028
  431 	 0.006887 	 0.245229 	 0.437476
  432 	 0.006168 	 0.227274 	 0.442053
  433 	 0.009212 	 0.221923 	 0.437476
  434 	 0.006880 	 0.221345 	 0.437476
  435 	 0.006788 	 0.223431 	 0.426849
  436 	 0.006920 	 0.214661 	 0.421953
  437 	 0.006170 	 0.233919 	 0.433348
  438 	 0.006386 	 0.239545 	 0.438103
  439 	 0.006831 	 0.240237 	 0.438103
  440 	 0.006809 	 0.250556 	 0.438103
  441 	 0.006802 	 0.243737 	 0.437746
  442 	 0.006827 	 0.240889 	 0.434479
  443 	 0.006796 	 0.237989 	 0.437145
  444 	 0.006821 	 0.247387 	 0.427706
  445 	 0.006522 	 0.255958 	 0.434141
  446 	 0.006433 	 0.240660 	 0.435003
  447 	 0.006846 	 0.220917 	 0.436926
  448 	 0.009017 	 0.233270 	 0.434849
  449 	 0.006826 	 0.211453 	 0.436689
  450 	 0.005963 	 0.228774 	 0.435017
  451 	 0.006841 	 0.241602 	 0.462523
  452 	 0.006439 	 0.233332 	 0.462523
  453 	 0.006805 	 0.226861 	 0.435452
  454 	 0.006823 	 0.230298 	 0.435452
  455 	 0.006854 	 0.219812 	 0.434447
  456 	 0.006845 	 0.215308 	 0.434338
  457 	 0.006926 	 0.226273 	 0.434594
  458 	 0.006883 	 0.220795 	 0.431495
  459 	 0.006832 	 0.236841 	 0.430618
  460 	 0.006884 	 0.243469 	 0.435588
  461 	 0.008398 	 0.232288 	 0.434689
  462 	 0.006731 	 0.226110 	 0.434395
  463 	 0.006098 	 0.233229 	 0.433900
  464 	 0.006864 	 0.231406 	 0.433726
  465 	 0.006849 	 0.223488 	 0.435242
  466 	 0.006867 	 0.246010 	 0.435242
  467 	 0.006800 	 0.235343 	 0.435698
  468 	 0.006709 	 0.261054 	 0.437360
  469 	 0.006709 	 0.255174 	 0.439064
  470 	 0.006299 	 0.242383 	 0.439064
  471 	 0.006891 	 0.256949 	 0.439064
  472 	 0.006929 	 0.254338 	 0.439517
  473 	 0.007150 	 0.249482 	 0.440096
  474 	 0.006946 	 0.239370 	 0.438749
  475 	 0.005482 	 0.221616 	 0.439058
  476 	 0.006925 	 0.245053 	 0.438170
  477 	 0.008964 	 0.226108 	 0.437537
  478 	 0.006936 	 0.226833 	 0.440849
  479 	 0.006842 	 0.228093 	 0.439754
  480 	 0.006816 	 0.257089 	 0.435009
  481 	 0.007275 	 0.242865 	 0.435575
  482 	 0.006923 	 0.221398 	 0.433448
  483 	 0.006850 	 0.240090 	 0.436240
  484 	 0.008516 	 0.245967 	 0.431751
  485 	 0.008566 	 0.238252 	 0.431751
  486 	 0.005466 	 0.232086 	 0.431751
  487 	 0.006860 	 0.229912 	 0.439838
  488 	 0.006569 	 0.212794 	 0.429179
  489 	 0.006819 	 0.242608 	 0.435308
  490 	 0.006150 	 0.239485 	 0.434292
  491 	 0.006795 	 0.236010 	 0.436039
  492 	 0.009424 	 0.239446 	 0.436039
  493 	 0.006914 	 0.237900 	 0.438984
  494 	 0.006650 	 0.234354 	 0.438984
  495 	 0.005551 	 0.247055 	 0.441775
  496 	 0.006177 	 0.253296 	 0.441775
  497 	 0.006831 	 0.241407 	 0.441775
  498 	 0.006172 	 0.236316 	 0.439043
  499 	 0.006669 	 0.227739 	 0.439043
 