   0 	 0.003667 	 0.010345 	 0.032644
    1 	 0.004335 	 0.012780 	 0.037009
    2 	 0.004342 	 0.015515 	 0.040821
    3 	 0.005001 	 0.016494 	 0.037007
    4 	 0.006218 	 0.017971 	 0.040180
    5 	 0.004399 	 0.020810 	 0.064268
    6 	 0.006297 	 0.023479 	 0.077650
    7 	 0.006003 	 0.025913 	 0.078020
    8 	 0.006411 	 0.029301 	 0.113498
    9 	 0.005051 	 0.028773 	 0.093949
   10 	 0.005062 	 0.031690 	 0.135557
   11 	 0.005725 	 0.034429 	 0.135557
   12 	 0.007838 	 0.036959 	 0.137298
   13 	 0.005604 	 0.044446 	 0.137298
   14 	 0.006018 	 0.051546 	 0.137298
   15 	 0.007151 	 0.052372 	 0.137578
   16 	 0.006452 	 0.055962 	 0.163617
   17 	 0.006940 	 0.056188 	 0.161543
   18 	 0.008097 	 0.058033 	 0.177121
   19 	 0.004515 	 0.062089 	 0.165156
   20 	 0.004517 	 0.064208 	 0.184593
   21 	 0.005401 	 0.064868 	 0.184501
   22 	 0.006798 	 0.067212 	 0.208815
   23 	 0.006789 	 0.066366 	 0.169138
   24 	 0.006944 	 0.065753 	 0.203049
   25 	 0.007330 	 0.072061 	 0.203049
   26 	 0.007092 	 0.075435 	 0.258200
   27 	 0.006536 	 0.076058 	 0.221390
   28 	 0.007341 	 0.081471 	 0.221390
   29 	 0.006254 	 0.087231 	 0.266241
   30 	 0.006897 	 0.090197 	 0.295416
   31 	 0.005661 	 0.088774 	 0.295416
   32 	 0.007799 	 0.095289 	 0.243072
   33 	 0.006815 	 0.100035 	 0.246078
   34 	 0.006392 	 0.101820 	 0.251338
   35 	 0.006338 	 0.101936 	 0.268724
   36 	 0.006949 	 0.106750 	 0.268549
   37 	 0.006978 	 0.098857 	 0.250928
   38 	 0.007551 	 0.110059 	 0.267754
   39 	 0.007243 	 0.111292 	 0.256067
   40 	 0.007059 	 0.112153 	 0.391402
   41 	 0.006993 	 0.103169 	 0.378768
   42 	 0.004487 	 0.109863 	 0.288093
   43 	 0.006972 	 0.108893 	 0.284283
   44 	 0.007225 	 0.120786 	 0.286352
   45 	 0.006306 	 0.126872 	 0.286352
   46 	 0.004933 	 0.122887 	 0.286094
   47 	 0.004901 	 0.123642 	 0.289511
   48 	 0.006781 	 0.126912 	 0.290213
   49 	 0.010108 	 0.136423 	 0.317924
   50 	 0.006988 	 0.147853 	 0.318061
   51 	 0.008795 	 0.149440 	 0.323282
   52 	 0.007069 	 0.152987 	 0.321041
   53 	 0.006659 	 0.150795 	 0.321041
   54 	 0.006756 	 0.150058 	 0.339999
   55 	 0.006189 	 0.145899 	 0.339999
   56 	 0.007075 	 0.150387 	 0.352159
   57 	 0.006591 	 0.158512 	 0.353187
   58 	 0.006833 	 0.153832 	 0.353187
   59 	 0.006724 	 0.150857 	 0.353187
   60 	 0.006857 	 0.168106 	 0.360265
   61 	 0.006821 	 0.155048 	 0.354369
   62 	 0.006891 	 0.156487 	 0.368438
   63 	 0.005557 	 0.157582 	 0.368438
   64 	 0.009726 	 0.171128 	 0.387897
   65 	 0.007123 	 0.162223 	 0.407329
   66 	 0.006944 	 0.166651 	 0.408105
   67 	 0.006996 	 0.164064 	 0.408105
   68 	 0.007009 	 0.158003 	 0.408105
   69 	 0.006610 	 0.149278 	 0.354056
   70 	 0.006828 	 0.153088 	 0.354896
   71 	 0.004934 	 0.163304 	 0.362522
   72 	 0.004934 	 0.153038 	 0.356763
   73 	 0.005445 	 0.155261 	 0.363170
   74 	 0.007062 	 0.155396 	 0.357711
   75 	 0.006612 	 0.146252 	 0.346237
   76 	 0.008070 	 0.155500 	 0.346237
   77 	 0.006901 	 0.161721 	 0.354947
   78 	 0.008193 	 0.166338 	 0.381729
   79 	 0.006630 	 0.156277 	 0.384413
   80 	 0.005089 	 0.162480 	 0.389256
   81 	 0.006664 	 0.169565 	 0.389256
   82 	 0.006321 	 0.157506 	 0.395679
   83 	 0.006794 	 0.171472 	 0.400975
   84 	 0.007432 	 0.160381 	 0.400975
   85 	 0.006580 	 0.188142 	 0.414448
   86 	 0.006308 	 0.191839 	 0.414448
   87 	 0.006866 	 0.170574 	 0.414448
   88 	 0.009120 	 0.167487 	 0.420695
   89 	 0.006876 	 0.190955 	 0.421730
   90 	 0.006931 	 0.187265 	 0.421730
   91 	 0.006723 	 0.190894 	 0.419419
   92 	 0.006945 	 0.191371 	 0.423912
   93 	 0.005523 	 0.198989 	 0.423912
   94 	 0.008133 	 0.196846 	 0.416201
   95 	 0.006368 	 0.218665 	 0.416201
   96 	 0.009459 	 0.219287 	 0.431756
   97 	 0.006879 	 0.220719 	 0.449325
   98 	 0.006835 	 0.216643 	 0.425541
   99 	 0.006904 	 0.223117 	 0.422837
  100 	 0.006385 	 0.214964 	 0.438808
  101 	 0.006788 	 0.223419 	 0.461432
  102 	 0.006819 	 0.222952 	 0.462704
  103 	 0.006889 	 0.225261 	 0.462704
  104 	 0.006809 	 0.227779 	 0.467807
  105 	 0.006558 	 0.227877 	 0.468059
  106 	 0.006925 	 0.228253 	 0.468059
  107 	 0.006905 	 0.223267 	 0.467979
  108 	 0.006657 	 0.220812 	 0.467979
  109 	 0.006659 	 0.228041 	 0.472692
  110 	 0.005491 	 0.221160 	 0.468816
  111 	 0.006897 	 0.217285 	 0.477914
  112 	 0.009210 	 0.217180 	 0.451886
  113 	 0.005362 	 0.230319 	 0.473278
  114 	 0.009872 	 0.245406 	 0.473278
  115 	 0.006795 	 0.243590 	 0.473278
  116 	 0.006951 	 0.224479 	 0.467673
  117 	 0.006979 	 0.226829 	 0.467382
  118 	 0.005481 	 0.236939 	 0.467382
  119 	 0.006892 	 0.257026 	 0.468740
  120 	 0.005746 	 0.245957 	 0.474221
  121 	 0.006909 	 0.237539 	 0.478047
  122 	 0.006786 	 0.245778 	 0.474257
  123 	 0.005514 	 0.236042 	 0.477497
  124 	 0.005582 	 0.238694 	 0.475142
  125 	 0.006553 	 0.241070 	 0.478338
  126 	 0.006050 	 0.228344 	 0.478338
  127 	 0.007878 	 0.229090 	 0.477701
  128 	 0.006892 	 0.239103 	 0.482964
  129 	 0.005634 	 0.233204 	 0.481274
  130 	 0.006904 	 0.225582 	 0.479202
  131 	 0.005046 	 0.246591 	 0.475749
  132 	 0.006916 	 0.253684 	 0.475452
  133 	 0.006232 	 0.256440 	 0.480450
  134 	 0.006791 	 0.268144 	 0.472129
  135 	 0.008956 	 0.269626 	 0.478574
  136 	 0.006944 	 0.265284 	 0.477856
  137 	 0.005913 	 0.252667 	 0.477243
  138 	 0.007183 	 0.242933 	 0.474548
  139 	 0.006870 	 0.231107 	 0.475939
  140 	 0.006733 	 0.229278 	 0.478877
  141 	 0.006558 	 0.245208 	 0.480556
  142 	 0.006558 	 0.222144 	 0.478828
  143 	 0.006890 	 0.220723 	 0.476232
  144 	 0.005406 	 0.234119 	 0.485547
  145 	 0.006863 	 0.238665 	 0.476232
  146 	 0.006852 	 0.245593 	 0.472168
  147 	 0.006852 	 0.241827 	 0.471957
  148 	 0.006843 	 0.244560 	 0.466241
  149 	 0.006044 	 0.239903 	 0.467244
  150 	 0.006697 	 0.244182 	 0.475023
  151 	 0.006880 	 0.236460 	 0.471124
  152 	 0.006807 	 0.245112 	 0.476771
  153 	 0.008102 	 0.233703 	 0.476771
  154 	 0.006962 	 0.240420 	 0.478873
  155 	 0.006893 	 0.236000 	 0.469531
  156 	 0.006928 	 0.237844 	 0.468061
  157 	 0.009674 	 0.231319 	 0.469905
  158 	 0.009123 	 0.248060 	 0.471131
  159 	 0.006449 	 0.240571 	 0.473679
  160 	 0.006941 	 0.238503 	 0.473679
  161 	 0.005444 	 0.235156 	 0.473679
  162 	 0.005444 	 0.227655 	 0.486786
  163 	 0.006688 	 0.212418 	 0.483318
  164 	 0.009105 	 0.223937 	 0.483318
  165 	 0.005460 	 0.231172 	 0.486126
  166 	 0.006947 	 0.235721 	 0.490127
  167 	 0.006081 	 0.259742 	 0.490127
  168 	 0.006139 	 0.248212 	 0.491875
  169 	 0.005800 	 0.242315 	 0.490127
  170 	 0.005428 	 0.237129 	 0.489090
  171 	 0.005428 	 0.254079 	 0.487898
  172 	 0.005275 	 0.270868 	 0.487898
  173 	 0.005447 	 0.259289 	 0.481853
  174 	 0.013469 	 0.270337 	 0.478394
  175 	 0.006857 	 0.264755 	 0.477718
  176 	 0.007990 	 0.248505 	 0.479039
  177 	 0.009377 	 0.260823 	 0.479435
  178 	 0.005402 	 0.251773 	 0.478244
  179 	 0.006938 	 0.248165 	 0.482258
  180 	 0.006867 	 0.226821 	 0.472163
  181 	 0.006892 	 0.253877 	 0.487503
  182 	 0.006987 	 0.248123 	 0.487503
  183 	 0.006485 	 0.245668 	 0.481139
  184 	 0.006325 	 0.251884 	 0.483503
  185 	 0.006781 	 0.255476 	 0.483848
  186 	 0.006921 	 0.267141 	 0.475086
  187 	 0.005475 	 0.253848 	 0.471152
  188 	 0.005475 	 0.268569 	 0.481007
  189 	 0.006943 	 0.258492 	 0.469087
  190 	 0.009157 	 0.267239 	 0.472485
  191 	 0.006666 	 0.273065 	 0.481838
  192 	 0.006989 	 0.257202 	 0.481838
  193 	 0.005729 	 0.234555 	 0.479977
  194 	 0.006671 	 0.235846 	 0.471161
  195 	 0.006331 	 0.253973 	 0.471772
  196 	 0.006700 	 0.256423 	 0.471772
  197 	 0.006795 	 0.271042 	 0.484332
  198 	 0.006926 	 0.267515 	 0.484332
  199 	 0.006957 	 0.260487 	 0.482095
  200 	 0.009194 	 0.264190 	 0.483596
  201 	 0.006465 	 0.260032 	 0.483563
  202 	 0.007833 	 0.273632 	 0.488290
  203 	 0.005375 	 0.278995 	 0.488329
  204 	 0.006756 	 0.245126 	 0.473981
  205 	 0.006891 	 0.244382 	 0.473981
  206 	 0.006982 	 0.238436 	 0.484513
  207 	 0.006878 	 0.231052 	 0.486906
  208 	 0.006839 	 0.223572 	 0.486906
  209 	 0.006511 	 0.220796 	 0.486130
  210 	 0.008749 	 0.214248 	 0.475094
  211 	 0.006591 	 0.227706 	 0.476781
  212 	 0.006307 	 0.232319 	 0.480770
  213 	 0.006611 	 0.219079 	 0.476005
  214 	 0.006843 	 0.217202 	 0.476005
  215 	 0.006667 	 0.219350 	 0.475212
  216 	 0.006803 	 0.222735 	 0.478039
  217 	 0.006962 	 0.218292 	 0.470823
  218 	 0.007860 	 0.244574 	 0.470752
  219 	 0.006857 	 0.230420 	 0.470752
  220 	 0.005503 	 0.253995 	 0.474519
  221 	 0.007063 	 0.263088 	 0.471020
  222 	 0.006769 	 0.253155 	 0.475082
  223 	 0.006121 	 0.252950 	 0.481185
  224 	 0.006098 	 0.242585 	 0.481185
  225 	 0.006884 	 0.237672 	 0.484504
  226 	 0.006545 	 0.232543 	 0.486454
  227 	 0.006819 	 0.246260 	 0.487113
  228 	 0.006895 	 0.246622 	 0.483866
  229 	 0.007307 	 0.269910 	 0.469981
  230 	 0.006935 	 0.275178 	 0.475775
  231 	 0.006918 	 0.258476 	 0.475775
  232 	 0.006316 	 0.251164 	 0.473510
  233 	 0.006881 	 0.258819 	 0.471287
  234 	 0.009724 	 0.255930 	 0.472839
  235 	 0.006968 	 0.251596 	 0.470962
  236 	 0.006893 	 0.257647 	 0.472440
  237 	 0.006805 	 0.223790 	 0.472792
  238 	 0.006850 	 0.228725 	 0.470668
  239 	 0.006896 	 0.227541 	 0.469953
  240 	 0.006125 	 0.222870 	 0.469953
  241 	 0.007501 	 0.220551 	 0.468880
  242 	 0.006725 	 0.216801 	 0.472802
  243 	 0.006797 	 0.213019 	 0.472864
  244 	 0.006501 	 0.214301 	 0.469787
  245 	 0.006702 	 0.225583 	 0.472688
  246 	 0.006181 	 0.233091 	 0.484833
  247 	 0.006823 	 0.228756 	 0.484807
  248 	 0.005524 	 0.229046 	 0.485736
  249 	 0.007049 	 0.225520 	 0.483050
  250 	 0.006872 	 0.214103 	 0.482970
  251 	 0.009351 	 0.215999 	 0.474790
  252 	 0.006741 	 0.220230 	 0.474790
  253 	 0.006509 	 0.224481 	 0.474891
  254 	 0.005144 	 0.221405 	 0.481263
  255 	 0.007960 	 0.221659 	 0.481263
  256 	 0.006112 	 0.233225 	 0.480569
  257 	 0.005530 	 0.230979 	 0.470593
  258 	 0.005231 	 0.222741 	 0.475227
  259 	 0.007396 	 0.226585 	 0.475837
  260 	 0.006867 	 0.226217 	 0.475422
  261 	 0.006847 	 0.219970 	 0.478916
  262 	 0.006869 	 0.219285 	 0.462199
  263 	 0.005596 	 0.194905 	 0.450172
  264 	 0.006884 	 0.204873 	 0.460165
  265 	 0.006865 	 0.200373 	 0.462349
  266 	 0.006687 	 0.202623 	 0.463171
  267 	 0.006909 	 0.227366 	 0.475934
  268 	 0.006711 	 0.225551 	 0.459518
  269 	 0.006754 	 0.217825 	 0.458259
  270 	 0.009503 	 0.227457 	 0.458259
  271 	 0.006572 	 0.229021 	 0.471867
  272 	 0.006892 	 0.222256 	 0.463997
  273 	 0.006567 	 0.220088 	 0.470084
  274 	 0.006499 	 0.210899 	 0.464583
  275 	 0.006318 	 0.207041 	 0.474289
  276 	 0.006920 	 0.224812 	 0.469300
  277 	 0.006162 	 0.226503 	 0.469300
  278 	 0.006820 	 0.230416 	 0.477691
  279 	 0.006885 	 0.241285 	 0.469300
  280 	 0.006917 	 0.224524 	 0.470901
  281 	 0.006880 	 0.231305 	 0.479112
  282 	 0.005359 	 0.224011 	 0.479112
  283 	 0.005074 	 0.225362 	 0.488415
  284 	 0.006394 	 0.242042 	 0.488415
  285 	 0.006930 	 0.258259 	 0.486785
  286 	 0.006840 	 0.263772 	 0.486785
  287 	 0.005475 	 0.255789 	 0.487185
  288 	 0.006907 	 0.272634 	 0.489644
  289 	 0.006931 	 0.279308 	 0.489644
  290 	 0.006765 	 0.248849 	 0.489644
  291 	 0.006918 	 0.246083 	 0.483438
  292 	 0.006882 	 0.257462 	 0.483438
  293 	 0.006373 	 0.274091 	 0.485177
  294 	 0.006373 	 0.263708 	 0.487252
  295 	 0.006841 	 0.252994 	 0.485629
  296 	 0.006668 	 0.232017 	 0.478400
  297 	 0.006935 	 0.229092 	 0.475427
  298 	 0.013704 	 0.224798 	 0.477192
  299 	 0.006750 	 0.237951 	 0.471621
  300 	 0.006817 	 0.249372 	 0.477795
  301 	 0.006881 	 0.253564 	 0.486806
  302 	 0.006645 	 0.247790 	 0.486806
  303 	 0.005964 	 0.231308 	 0.486806
  304 	 0.009280 	 0.264536 	 0.486772
  305 	 0.006951 	 0.262550 	 0.487655
  306 	 0.006826 	 0.249420 	 0.488186
  307 	 0.007277 	 0.243632 	 0.486772
  308 	 0.006779 	 0.209452 	 0.486772
  309 	 0.006944 	 0.235600 	 0.488895
  310 	 0.006951 	 0.230048 	 0.482274
  311 	 0.006985 	 0.219080 	 0.477329
  312 	 0.007435 	 0.222232 	 0.468872
  313 	 0.007265 	 0.233336 	 0.488943
  314 	 0.006156 	 0.232186 	 0.490270
  315 	 0.006988 	 0.235110 	 0.484067
  316 	 0.005494 	 0.219983 	 0.484067
  317 	 0.005328 	 0.219121 	 0.484067
  318 	 0.006869 	 0.198106 	 0.488165
  319 	 0.007006 	 0.205529 	 0.488165
  320 	 0.006861 	 0.218111 	 0.488456
  321 	 0.006926 	 0.213962 	 0.488005
  322 	 0.006948 	 0.209524 	 0.485263
  323 	 0.006948 	 0.223812 	 0.485263
  324 	 0.006642 	 0.237927 	 0.485395
  325 	 0.006831 	 0.230390 	 0.486489
  326 	 0.006931 	 0.256676 	 0.485083
  327 	 0.006878 	 0.251516 	 0.485083
  328 	 0.006851 	 0.247791 	 0.485083
  329 	 0.009475 	 0.243674 	 0.486518
  330 	 0.006928 	 0.233773 	 0.492402
  331 	 0.008365 	 0.233493 	 0.481169
  332 	 0.006494 	 0.228730 	 0.477629
  333 	 0.009380 	 0.226745 	 0.477629
  334 	 0.006838 	 0.233437 	 0.470377
  335 	 0.006937 	 0.247723 	 0.483777
  336 	 0.006741 	 0.271316 	 0.483777
  337 	 0.006931 	 0.269533 	 0.483777
  338 	 0.006914 	 0.236480 	 0.485249
  339 	 0.006968 	 0.242125 	 0.481089
  340 	 0.005499 	 0.225608 	 0.479378
  341 	 0.006876 	 0.229491 	 0.478427
  342 	 0.006897 	 0.245210 	 0.484155
  343 	 0.006934 	 0.244292 	 0.484112
  344 	 0.006845 	 0.253012 	 0.460152
  345 	 0.006755 	 0.250159 	 0.460172
  346 	 0.005485 	 0.233778 	 0.455924
  347 	 0.009008 	 0.219950 	 0.455237
  348 	 0.006882 	 0.238186 	 0.458792
  349 	 0.006904 	 0.232072 	 0.458792
  350 	 0.006859 	 0.218853 	 0.471760
  351 	 0.006370 	 0.217422 	 0.471390
  352 	 0.006883 	 0.227887 	 0.473967
  353 	 0.005952 	 0.208543 	 0.466654
  354 	 0.006595 	 0.222253 	 0.466654
  355 	 0.006942 	 0.236691 	 0.473643
  356 	 0.006923 	 0.219302 	 0.479343
  357 	 0.009172 	 0.240947 	 0.478395
  358 	 0.007341 	 0.238487 	 0.484435
  359 	 0.006719 	 0.223474 	 0.477777
  360 	 0.006985 	 0.220304 	 0.468829
  361 	 0.010032 	 0.217436 	 0.472667
  362 	 0.005917 	 0.222826 	 0.472667
  363 	 0.006915 	 0.216018 	 0.483083
  364 	 0.006495 	 0.204193 	 0.477208
  365 	 0.006918 	 0.223599 	 0.483601
  366 	 0.008833 	 0.230189 	 0.485525
  367 	 0.006807 	 0.229784 	 0.485528
  368 	 0.007034 	 0.234231 	 0.468071
  369 	 0.006914 	 0.215885 	 0.479924
  370 	 0.006730 	 0.213059 	 0.477923
  371 	 0.007367 	 0.229541 	 0.477923
  372 	 0.006753 	 0.221341 	 0.479639
  373 	 0.006769 	 0.231094 	 0.480146
  374 	 0.006946 	 0.236769 	 0.480476
  375 	 0.006909 	 0.246046 	 0.480993
  376 	 0.006586 	 0.243370 	 0.475008
  377 	 0.007474 	 0.238345 	 0.469302
  378 	 0.006924 	 0.242039 	 0.489073
  379 	 0.006777 	 0.242021 	 0.460764
  380 	 0.006892 	 0.235108 	 0.471650
  381 	 0.006874 	 0.242377 	 0.471317
  382 	 0.006823 	 0.258934 	 0.482069
  383 	 0.006955 	 0.254515 	 0.477346
  384 	 0.007010 	 0.235899 	 0.477202
  385 	 0.006749 	 0.227045 	 0.477202
  386 	 0.006919 	 0.216749 	 0.467747
  387 	 0.006904 	 0.232776 	 0.471804
  388 	 0.006805 	 0.250664 	 0.468453
  389 	 0.005096 	 0.250489 	 0.468150
  390 	 0.009132 	 0.248715 	 0.471531
  391 	 0.006839 	 0.248514 	 0.471531
  392 	 0.006099 	 0.244556 	 0.475546
  393 	 0.005861 	 0.252717 	 0.473147
  394 	 0.005861 	 0.255724 	 0.476050
  395 	 0.006549 	 0.250371 	 0.471370
  396 	 0.006133 	 0.241663 	 0.466753
  397 	 0.006932 	 0.257716 	 0.474947
  398 	 0.006853 	 0.234980 	 0.482926
  399 	 0.006799 	 0.258332 	 0.474947
  400 	 0.006943 	 0.243502 	 0.479150
  401 	 0.006563 	 0.235035 	 0.478590
  402 	 0.005579 	 0.232286 	 0.478590
  403 	 0.006809 	 0.241777 	 0.480596
  404 	 0.004914 	 0.229338 	 0.471645
  405 	 0.006882 	 0.229583 	 0.484430
  406 	 0.006848 	 0.217989 	 0.484452
  407 	 0.006987 	 0.214760 	 0.484452
  408 	 0.006923 	 0.229993 	 0.484279
  409 	 0.006805 	 0.247468 	 0.488083
  410 	 0.008149 	 0.257593 	 0.489985
  411 	 0.007509 	 0.264933 	 0.489985
  412 	 0.006837 	 0.267601 	 0.485921
  413 	 0.006479 	 0.244742 	 0.485701
  414 	 0.006963 	 0.248423 	 0.485701
  415 	 0.005516 	 0.252464 	 0.489352
  416 	 0.006732 	 0.247572 	 0.489352
  417 	 0.005048 	 0.239992 	 0.485340
  418 	 0.006734 	 0.246979 	 0.482914
  419 	 0.006432 	 0.276187 	 0.483289
  420 	 0.006917 	 0.260427 	 0.472293
  421 	 0.008611 	 0.258852 	 0.470861
  422 	 0.006686 	 0.267325 	 0.469985
  423 	 0.006843 	 0.243553 	 0.474995
  424 	 0.006883 	 0.251211 	 0.478306
  425 	 0.006779 	 0.237582 	 0.478306
  426 	 0.007029 	 0.215566 	 0.478418
  427 	 0.006889 	 0.220432 	 0.478418
  428 	 0.006817 	 0.228624 	 0.472727
  429 	 0.009947 	 0.260871 	 0.472727
  430 	 0.009301 	 0.247957 	 0.473136
  431 	 0.010208 	 0.240524 	 0.469259
  432 	 0.005313 	 0.229761 	 0.475015
  433 	 0.005753 	 0.230761 	 0.472167
  434 	 0.005477 	 0.238382 	 0.475015
  435 	 0.006661 	 0.245921 	 0.473714
  436 	 0.009668 	 0.226190 	 0.473779
  437 	 0.004940 	 0.236073 	 0.477775
  438 	 0.007011 	 0.236705 	 0.479440
  439 	 0.006860 	 0.245262 	 0.480893
  440 	 0.009309 	 0.258043 	 0.471484
  441 	 0.006927 	 0.257027 	 0.473104
  442 	 0.006854 	 0.237353 	 0.481207
  443 	 0.006069 	 0.261803 	 0.480274
  444 	 0.006055 	 0.266897 	 0.478683
  445 	 0.006941 	 0.263757 	 0.477152
  446 	 0.006937 	 0.246345 	 0.479857
  447 	 0.007106 	 0.254271 	 0.479857
  448 	 0.009387 	 0.258922 	 0.479474
  449 	 0.007041 	 0.256712 	 0.479139
  450 	 0.009128 	 0.272983 	 0.479139
  451 	 0.005193 	 0.251029 	 0.470776
  452 	 0.006843 	 0.257723 	 0.471054
  453 	 0.006700 	 0.257231 	 0.476074
  454 	 0.006050 	 0.247933 	 0.476074
  455 	 0.009401 	 0.253373 	 0.481526
  456 	 0.006845 	 0.237827 	 0.468073
  457 	 0.006753 	 0.257537 	 0.468073
  458 	 0.006908 	 0.258367 	 0.476277
  459 	 0.006900 	 0.249749 	 0.476277
  460 	 0.006947 	 0.255765 	 0.483277
  461 	 0.005382 	 0.262113 	 0.478578
  462 	 0.006900 	 0.264118 	 0.485052
  463 	 0.006978 	 0.256304 	 0.485052
  464 	 0.005949 	 0.239415 	 0.483829
  465 	 0.005949 	 0.241998 	 0.482297
  466 	 0.006973 	 0.236448 	 0.483591
  467 	 0.006921 	 0.258676 	 0.483703
  468 	 0.006928 	 0.266100 	 0.483591
  469 	 0.007691 	 0.256519 	 0.482297
  470 	 0.006865 	 0.260454 	 0.484125
  471 	 0.005828 	 0.257705 	 0.484125
  472 	 0.009932 	 0.254788 	 0.483324
  473 	 0.006914 	 0.254973 	 0.483324
  474 	 0.006869 	 0.252342 	 0.470184
  475 	 0.006340 	 0.245776 	 0.481107
  476 	 0.006888 	 0.241428 	 0.481075
  477 	 0.005251 	 0.231460 	 0.485384
  478 	 0.006923 	 0.223107 	 0.471868
  479 	 0.006120 	 0.244216 	 0.482819
  480 	 0.006831 	 0.250042 	 0.482819
  481 	 0.006843 	 0.254860 	 0.481477
  482 	 0.006774 	 0.246945 	 0.477698
  483 	 0.006703 	 0.256765 	 0.482432
  484 	 0.005400 	 0.239562 	 0.486951
  485 	 0.005350 	 0.220044 	 0.485901
  486 	 0.006836 	 0.235017 	 0.485901
  487 	 0.005321 	 0.229449 	 0.486270
  488 	 0.009263 	 0.245852 	 0.483472
  489 	 0.006774 	 0.246227 	 0.477013
  490 	 0.009416 	 0.260777 	 0.475654
  491 	 0.007026 	 0.250911 	 0.475654
  492 	 0.006956 	 0.274117 	 0.478798
  493 	 0.006711 	 0.263199 	 0.473144
  494 	 0.006909 	 0.252502 	 0.469557
  495 	 0.006770 	 0.246088 	 0.466429
  496 	 0.009413 	 0.258910 	 0.460273
  497 	 0.006713 	 0.263190 	 0.464461
  498 	 0.009228 	 0.274587 	 0.489993
  499 	 0.006889 	 0.268388 	 0.479738
 