   0 	 0.014287 	 0.075718 	 1.260398
    1 	 0.014287 	 0.401392 	 1.260398
    2 	 0.047672 	 1.024258 	 2.095997
    3 	 0.037740 	 1.158727 	 2.825657
    4 	 0.037452 	 1.249255 	 5.073567
    5 	 0.038373 	 1.507405 	 5.073567
    6 	 1.194600 	 2.373042 	 6.518905
    7 	 1.188495 	 4.104159 	 6.531679
    8 	 1.260398 	 4.962560 	 6.531679
    9 	 1.260398 	 5.378228 	 6.518905
   10 	 1.188495 	 5.395558 	 6.531679
   11 	 1.260398 	 5.581124 	 6.531679
   12 	 0.038308 	 5.708844 	 6.531679
   13 	 5.073567 	 5.828517 	 6.531679
   14 	 5.073567 	 5.825748 	 6.531679
   15 	 0.145760 	 5.765041 	 6.531679
   16 	 4.217630 	 5.890094 	 6.531679
   17 	 4.217630 	 5.924892 	 6.531679
   18 	 0.114865 	 6.008339 	 6.531679
   19 	 5.073567 	 6.140221 	 6.531679
   20 	 5.073567 	 6.181369 	 6.531679
   21 	 5.073567 	 6.215820 	 6.518905
   22 	 5.073567 	 6.355523 	 6.518905
   23 	 3.449465 	 6.337423 	 6.531679
   24 	 3.449465 	 6.340829 	 7.942812
   25 	 4.965243 	 6.343114 	 7.942812
   26 	 4.965243 	 6.387343 	 7.942812
   27 	 4.965243 	 6.410458 	 7.942812
   28 	 4.965243 	 6.425149 	 7.942812
   29 	 4.965243 	 6.455131 	 8.077544
   30 	 4.965243 	 6.454434 	 8.077544
   31 	 4.965243 	 6.500088 	 8.077544
   32 	 5.497526 	 6.512433 	 8.077544
   33 	 5.497526 	 6.533538 	 7.942812
   34 	 5.497526 	 6.585670 	 7.942812
   35 	 0.145715 	 6.581194 	 7.942812
   36 	 0.038673 	 6.653048 	 7.942812
   37 	 6.385696 	 6.717756 	 7.942812
   38 	 3.362475 	 6.776967 	 7.942812
   39 	 3.608805 	 6.784241 	 8.077544
   40 	 6.385696 	 6.878621 	 8.077544
   41 	 6.385696 	 7.105988 	 8.077544
   42 	 6.385696 	 7.190036 	 7.974482
   43 	 6.385696 	 7.220848 	 8.097166
   44 	 6.385696 	 7.371842 	 7.974482
   45 	 3.795066 	 7.436877 	 8.077544
   46 	 5.310674 	 7.526419 	 8.077544
   47 	 4.040404 	 7.560729 	 8.077544
   48 	 6.385696 	 7.567468 	 7.974482
   49 	 6.385696 	 7.673546 	 7.974482
   50 	 6.385696 	 7.642853 	 7.974482
   51 	 6.385696 	 7.673190 	 7.974482
   52 	 6.385696 	 7.809917 	 7.974482
   53 	 6.385696 	 7.839796 	 7.974482
   54 	 1.668057 	 9.989877 	 232.558140
   55 	 6.207325 	 57.249302 	 232.558140
   56 	 7.942812 	 219.081220 	 232.558140
   57 	 0.581564 	 227.992221 	 232.558140
   58 	 2.210922 	 230.254667 	 232.558140
   59 	 232.558140 	 232.558140 	 232.558140
   60 	 21.786492 	 230.981985 	 285.714286
   61 	 232.558140 	 233.621262 	 285.714286
   62 	 232.558140 	 233.621262 	 285.714286
   63 	 232.558140 	 234.152824 	 285.714286
   64 	 0.581564 	 232.364620 	 285.714286
   65 	 232.558140 	 234.152824 	 285.714286
   66 	 232.558140 	 240.386590 	 909.090909
   67 	 232.558140 	 240.918152 	 909.090909
   68 	 7.942812 	 268.139324 	 909.090909
   69 	 232.558140 	 381.741245 	 909.090909
   70 	 7.942812 	 592.330775 	 909.090909
   71 	 232.558140 	 762.461333 	 909.090909
   72 	 232.558140 	 836.986759 	 909.090909
   73 	 526.315789 	 897.607656 	 909.090909
   74 	 2.361275 	 892.368110 	 909.090909
   75 	 526.315789 	 905.263158 	 909.090909
   76 	 0.149069 	 892.345988 	 909.090909
   77 	 909.090909 	 909.090909 	 909.090909
   78 	 909.090909 	 909.090909 	 909.090909
   79 	 909.090909 	 909.090909 	 909.090909
   80 	 909.090909 	 909.090909 	 909.090909
   81 	 909.090909 	 909.090909 	 909.090909
   82 	 909.090909 	 909.090909 	 909.090909
   83 	 0.151380 	 900.001514 	 909.090909
   84 	 909.090909 	 909.090909 	 909.090909
   85 	 0.149069 	 900.001491 	 909.090909
   86 	 909.090909 	 909.090909 	 909.090909
   87 	 909.090909 	 909.090909 	 909.090909
   88 	 909.090909 	 909.090909 	 909.090909
   89 	 909.090909 	 909.090909 	 909.090909
   90 	 909.090909 	 909.090909 	 909.090909
   91 	 909.090909 	 909.090909 	 909.090909
   92 	 909.090909 	 909.090909 	 909.090909
   93 	 909.090909 	 909.090909 	 909.090909
   94 	 2.361275 	 891.023695 	 909.090909
   95 	 909.090909 	 909.090909 	 909.090909
   96 	 909.090909 	 909.090909 	 909.090909
   97 	 909.090909 	 909.090909 	 909.090909
   98 	 909.090909 	 909.090909 	 909.090909
   99 	 909.090909 	 909.090909 	 909.090909
 