   0 	 0.003510 	 0.010458 	 0.037105
    1 	 0.004502 	 0.012316 	 0.037105
    2 	 0.005178 	 0.014316 	 0.037105
    3 	 0.004708 	 0.014906 	 0.041372
    4 	 0.004646 	 0.015797 	 0.050804
    5 	 0.006219 	 0.017713 	 0.083294
    6 	 0.005369 	 0.020598 	 0.094837
    7 	 0.006134 	 0.024034 	 0.094842
    8 	 0.005560 	 0.024871 	 0.091347
    9 	 0.006215 	 0.029972 	 0.099710
   10 	 0.008675 	 0.033408 	 0.145502
   11 	 0.006456 	 0.034853 	 0.121497
   12 	 0.007157 	 0.040330 	 0.100457
   13 	 0.006592 	 0.043336 	 0.124421
   14 	 0.006767 	 0.045042 	 0.124421
   15 	 0.006662 	 0.050366 	 0.234733
   16 	 0.005747 	 0.054539 	 0.234569
   17 	 0.006976 	 0.056896 	 0.212946
   18 	 0.006488 	 0.061915 	 0.183813
   19 	 0.007275 	 0.069557 	 0.191548
   20 	 0.006704 	 0.073574 	 0.192337
   21 	 0.006260 	 0.073251 	 0.239601
   22 	 0.006774 	 0.080756 	 0.218364
   23 	 0.006963 	 0.081041 	 0.252876
   24 	 0.006706 	 0.091099 	 0.252764
   25 	 0.006157 	 0.085160 	 0.203443
   26 	 0.007401 	 0.092504 	 0.184254
   27 	 0.007863 	 0.095056 	 0.214768
   28 	 0.007123 	 0.103108 	 0.214768
   29 	 0.009604 	 0.111160 	 0.226649
   30 	 0.006831 	 0.110140 	 0.226729
   31 	 0.006703 	 0.105809 	 0.236074
   32 	 0.007327 	 0.112352 	 0.236074
   33 	 0.007136 	 0.112375 	 0.243120
   34 	 0.006929 	 0.115891 	 0.241332
   35 	 0.006832 	 0.119993 	 0.241332
   36 	 0.007690 	 0.117583 	 0.266652
   37 	 0.006904 	 0.120208 	 0.253917
   38 	 0.006958 	 0.118087 	 0.253804
   39 	 0.006613 	 0.123159 	 0.260550
   40 	 0.006613 	 0.117609 	 0.276521
   41 	 0.006090 	 0.116714 	 0.286501
   42 	 0.006686 	 0.127793 	 0.305671
   43 	 0.006947 	 0.130113 	 0.305671
   44 	 0.004436 	 0.122161 	 0.318836
   45 	 0.006650 	 0.124391 	 0.324230
   46 	 0.005897 	 0.129027 	 0.324230
   47 	 0.006921 	 0.140463 	 0.332999
   48 	 0.006915 	 0.141765 	 0.337131
   49 	 0.006578 	 0.139036 	 0.351639
   50 	 0.005529 	 0.138727 	 0.341823
   51 	 0.006640 	 0.142218 	 0.342822
   52 	 0.007024 	 0.152600 	 0.352718
   53 	 0.006855 	 0.149637 	 0.352718
   54 	 0.007150 	 0.151250 	 0.356385
   55 	 0.006814 	 0.145987 	 0.356385
   56 	 0.006366 	 0.167044 	 0.358275
   57 	 0.009443 	 0.178448 	 0.379926
   58 	 0.006730 	 0.176762 	 0.379926
   59 	 0.004336 	 0.174917 	 0.386338
   60 	 0.006414 	 0.173840 	 0.418405
   61 	 0.007118 	 0.189517 	 0.420089
   62 	 0.006653 	 0.188992 	 0.420089
   63 	 0.006905 	 0.186109 	 0.424590
   64 	 0.007061 	 0.195591 	 0.424590
   65 	 0.007030 	 0.204772 	 0.424590
   66 	 0.006980 	 0.202771 	 0.424746
   67 	 0.004550 	 0.191220 	 0.426285
   68 	 0.007662 	 0.198679 	 0.433204
   69 	 0.006981 	 0.202718 	 0.394050
   70 	 0.006121 	 0.221927 	 0.391299
   71 	 0.006775 	 0.210453 	 0.396928
   72 	 0.006874 	 0.193081 	 0.398174
   73 	 0.006619 	 0.191818 	 0.399483
   74 	 0.006525 	 0.194052 	 0.415533
   75 	 0.006522 	 0.202708 	 0.415533
   76 	 0.009845 	 0.202847 	 0.415533
   77 	 0.006816 	 0.211220 	 0.426166
   78 	 0.009287 	 0.220627 	 0.426166
   79 	 0.009405 	 0.216606 	 0.426415
   80 	 0.006818 	 0.213653 	 0.425099
   81 	 0.008467 	 0.200673 	 0.429666
   82 	 0.006693 	 0.218067 	 0.432060
   83 	 0.006842 	 0.214459 	 0.430687
   84 	 0.006527 	 0.223927 	 0.430687
   85 	 0.006874 	 0.230008 	 0.440200
   86 	 0.006971 	 0.237779 	 0.440200
   87 	 0.006984 	 0.225649 	 0.428969
   88 	 0.007394 	 0.222543 	 0.434508
   89 	 0.006879 	 0.232719 	 0.439938
   90 	 0.006868 	 0.217676 	 0.442196
   91 	 0.006935 	 0.223521 	 0.442196
   92 	 0.005063 	 0.220050 	 0.442196
   93 	 0.006722 	 0.233489 	 0.442196
   94 	 0.009403 	 0.243496 	 0.438781
   95 	 0.006741 	 0.225977 	 0.439186
   96 	 0.006839 	 0.237578 	 0.438781
   97 	 0.006877 	 0.244507 	 0.437202
   98 	 0.005130 	 0.216257 	 0.447341
   99 	 0.003167 	 0.212817 	 0.447547
  100 	 0.009421 	 0.221409 	 0.447547
  101 	 0.006887 	 0.230318 	 0.447547
  102 	 0.006857 	 0.217435 	 0.438359
  103 	 0.006878 	 0.215968 	 0.436311
  104 	 0.006225 	 0.227638 	 0.450485
  105 	 0.007137 	 0.257184 	 0.450485
  106 	 0.006696 	 0.257584 	 0.450485
  107 	 0.006806 	 0.240640 	 0.450676
  108 	 0.006937 	 0.242605 	 0.442634
  109 	 0.006842 	 0.225043 	 0.440008
  110 	 0.006920 	 0.229915 	 0.437024
  111 	 0.006965 	 0.244175 	 0.443995
  112 	 0.006709 	 0.235816 	 0.442568
  113 	 0.006948 	 0.235853 	 0.443714
  114 	 0.006954 	 0.237907 	 0.442453
  115 	 0.006873 	 0.244188 	 0.445019
  116 	 0.006823 	 0.250195 	 0.444250
  117 	 0.006889 	 0.240838 	 0.452024
  118 	 0.006829 	 0.249239 	 0.453869
  119 	 0.006866 	 0.255419 	 0.453869
  120 	 0.006358 	 0.236481 	 0.458535
  121 	 0.009233 	 0.228575 	 0.458535
  122 	 0.006926 	 0.222890 	 0.458535
  123 	 0.009506 	 0.236087 	 0.458535
  124 	 0.006807 	 0.244555 	 0.453974
  125 	 0.006583 	 0.238546 	 0.460724
  126 	 0.006589 	 0.244977 	 0.455378
  127 	 0.006969 	 0.234146 	 0.465295
  128 	 0.007625 	 0.242246 	 0.466391
  129 	 0.006803 	 0.238775 	 0.466391
  130 	 0.006426 	 0.244716 	 0.464640
  131 	 0.006383 	 0.241294 	 0.464640
  132 	 0.006866 	 0.238037 	 0.464640
  133 	 0.006858 	 0.234706 	 0.464640
  134 	 0.008957 	 0.248447 	 0.464640
  135 	 0.007224 	 0.253526 	 0.457618
  136 	 0.006741 	 0.243494 	 0.457618
  137 	 0.006164 	 0.245483 	 0.457969
  138 	 0.006943 	 0.239467 	 0.457550
  139 	 0.006933 	 0.239073 	 0.461288
  140 	 0.006868 	 0.237889 	 0.451442
  141 	 0.007074 	 0.227876 	 0.451442
  142 	 0.008641 	 0.220581 	 0.453084
  143 	 0.007066 	 0.230338 	 0.462998
  144 	 0.006899 	 0.222981 	 0.462998
  145 	 0.006967 	 0.230072 	 0.443629
  146 	 0.006920 	 0.240214 	 0.443612
  147 	 0.006690 	 0.233627 	 0.449033
  148 	 0.008753 	 0.246748 	 0.456555
  149 	 0.010101 	 0.269747 	 0.456555
  150 	 0.006218 	 0.263677 	 0.453874
  151 	 0.006866 	 0.248528 	 0.448530
  152 	 0.006655 	 0.253758 	 0.450811
  153 	 0.006881 	 0.240390 	 0.447367
  154 	 0.006862 	 0.243146 	 0.449035
  155 	 0.006844 	 0.232583 	 0.449035
  156 	 0.005263 	 0.238151 	 0.449035
  157 	 0.005263 	 0.236744 	 0.456726
  158 	 0.006690 	 0.248471 	 0.453886
  159 	 0.006909 	 0.217630 	 0.454091
  160 	 0.006963 	 0.238574 	 0.454091
  161 	 0.006964 	 0.220335 	 0.451751
  162 	 0.008113 	 0.228254 	 0.452101
  163 	 0.006979 	 0.235595 	 0.446542
  164 	 0.004557 	 0.237595 	 0.448378
  165 	 0.006937 	 0.239965 	 0.454242
  166 	 0.006870 	 0.238567 	 0.444263
  167 	 0.006705 	 0.233877 	 0.444263
  168 	 0.006608 	 0.234583 	 0.449864
  169 	 0.008924 	 0.242737 	 0.447601
  170 	 0.006527 	 0.252135 	 0.445665
  171 	 0.006879 	 0.249409 	 0.445665
  172 	 0.006163 	 0.246621 	 0.443958
  173 	 0.006900 	 0.240851 	 0.453394
  174 	 0.006861 	 0.229450 	 0.443941
  175 	 0.006657 	 0.244065 	 0.443941
  176 	 0.009295 	 0.261881 	 0.451390
  177 	 0.006891 	 0.235821 	 0.451390
  178 	 0.006833 	 0.229559 	 0.448292
  179 	 0.010082 	 0.232215 	 0.448292
  180 	 0.006797 	 0.219616 	 0.448439
  181 	 0.006814 	 0.228951 	 0.446083
  182 	 0.006840 	 0.242188 	 0.450789
  183 	 0.008887 	 0.241137 	 0.441342
  184 	 0.007012 	 0.243455 	 0.445453
  185 	 0.006876 	 0.257459 	 0.446970
  186 	 0.007006 	 0.258360 	 0.446970
  187 	 0.009480 	 0.258867 	 0.453606
  188 	 0.006342 	 0.241386 	 0.453223
  189 	 0.006956 	 0.242376 	 0.452940
  190 	 0.006849 	 0.229952 	 0.452940
  191 	 0.004332 	 0.255921 	 0.447891
  192 	 0.006956 	 0.253496 	 0.443439
  193 	 0.006957 	 0.260526 	 0.449560
  194 	 0.004472 	 0.256220 	 0.442462
  195 	 0.006775 	 0.257586 	 0.443208
  196 	 0.006884 	 0.239919 	 0.443323
  197 	 0.008903 	 0.243542 	 0.450977
  198 	 0.006793 	 0.258506 	 0.451355
  199 	 0.006814 	 0.227719 	 0.449956
  200 	 0.006788 	 0.248609 	 0.452458
  201 	 0.009381 	 0.274903 	 0.446667
  202 	 0.006935 	 0.271531 	 0.449688
  203 	 0.006941 	 0.267699 	 0.450817
  204 	 0.009481 	 0.236247 	 0.450802
  205 	 0.007001 	 0.218275 	 0.452814
  206 	 0.006995 	 0.243472 	 0.452970
  207 	 0.006851 	 0.230448 	 0.449795
  208 	 0.006806 	 0.224577 	 0.449550
  209 	 0.006932 	 0.231281 	 0.449732
  210 	 0.006906 	 0.236294 	 0.450474
  211 	 0.009214 	 0.231178 	 0.450900
  212 	 0.006904 	 0.254404 	 0.450863
  213 	 0.009145 	 0.255276 	 0.450689
  214 	 0.006937 	 0.247925 	 0.450810
  215 	 0.006784 	 0.245497 	 0.450933
  216 	 0.006877 	 0.239719 	 0.452883
  217 	 0.009437 	 0.254302 	 0.450342
  218 	 0.006917 	 0.252722 	 0.451934
  219 	 0.006842 	 0.233994 	 0.451934
  220 	 0.006914 	 0.241143 	 0.449095
  221 	 0.006913 	 0.234819 	 0.451265
  222 	 0.006897 	 0.243178 	 0.451538
  223 	 0.006848 	 0.230306 	 0.450283
  224 	 0.009440 	 0.237273 	 0.456502
  225 	 0.006891 	 0.245567 	 0.455942
  226 	 0.006720 	 0.265035 	 0.455783
  227 	 0.006701 	 0.247770 	 0.458917
  228 	 0.006699 	 0.273380 	 0.458917
  229 	 0.006889 	 0.265059 	 0.458917
  230 	 0.006916 	 0.256277 	 0.458917
  231 	 0.006807 	 0.248270 	 0.452642
  232 	 0.006884 	 0.236242 	 0.458439
  233 	 0.006972 	 0.239562 	 0.454387
  234 	 0.006763 	 0.267959 	 0.459683
  235 	 0.006763 	 0.257467 	 0.459683
  236 	 0.006909 	 0.257265 	 0.453549
  237 	 0.006473 	 0.246916 	 0.454254
  238 	 0.006425 	 0.258898 	 0.453549
  239 	 0.006897 	 0.276957 	 0.454118
  240 	 0.008007 	 0.256048 	 0.454806
  241 	 0.006637 	 0.262070 	 0.454806
  242 	 0.006921 	 0.269994 	 0.454806
  243 	 0.009881 	 0.257445 	 0.454806
  244 	 0.006906 	 0.258675 	 0.453966
  245 	 0.006860 	 0.273182 	 0.454889
  246 	 0.006898 	 0.275798 	 0.457089
  247 	 0.011061 	 0.267248 	 0.454889
  248 	 0.006860 	 0.272581 	 0.456748
  249 	 0.006927 	 0.263782 	 0.456748
  250 	 0.006917 	 0.260275 	 0.456748
  251 	 0.006424 	 0.242153 	 0.457271
  252 	 0.006435 	 0.244207 	 0.457114
  253 	 0.006884 	 0.236042 	 0.457114
  254 	 0.008753 	 0.247174 	 0.457114
  255 	 0.006782 	 0.247976 	 0.457114
  256 	 0.009385 	 0.256681 	 0.457114
  257 	 0.006926 	 0.254856 	 0.457114
  258 	 0.006398 	 0.245318 	 0.454331
  259 	 0.006478 	 0.260678 	 0.454331
  260 	 0.006884 	 0.247639 	 0.454331
  261 	 0.006733 	 0.250843 	 0.454660
  262 	 0.006880 	 0.236206 	 0.452554
  263 	 0.006948 	 0.245493 	 0.459170
  264 	 0.006877 	 0.247856 	 0.457948
  265 	 0.006737 	 0.234096 	 0.452989
  266 	 0.006522 	 0.254697 	 0.452474
  267 	 0.006711 	 0.233862 	 0.456068
  268 	 0.006929 	 0.248144 	 0.456914
  269 	 0.006862 	 0.250825 	 0.456914
  270 	 0.005046 	 0.233394 	 0.460208
  271 	 0.006889 	 0.251312 	 0.460035
  272 	 0.007066 	 0.266806 	 0.460041
  273 	 0.006927 	 0.266412 	 0.461786
  274 	 0.009416 	 0.253816 	 0.462031
  275 	 0.006964 	 0.252814 	 0.459851
  276 	 0.006935 	 0.262525 	 0.459286
  277 	 0.006913 	 0.255138 	 0.456887
  278 	 0.006924 	 0.253602 	 0.457005
  279 	 0.007043 	 0.253503 	 0.457229
  280 	 0.007056 	 0.261456 	 0.459221
  281 	 0.006650 	 0.267768 	 0.457876
  282 	 0.006904 	 0.260350 	 0.458488
  283 	 0.006896 	 0.236214 	 0.458488
  284 	 0.006904 	 0.243164 	 0.458067
  285 	 0.006842 	 0.244021 	 0.457989
  286 	 0.006917 	 0.254438 	 0.457989
  287 	 0.006675 	 0.246519 	 0.458141
  288 	 0.009272 	 0.250650 	 0.459396
  289 	 0.009529 	 0.242218 	 0.458210
  290 	 0.006865 	 0.269808 	 0.458220
  291 	 0.013668 	 0.264936 	 0.459046
  292 	 0.007465 	 0.268661 	 0.459046
  293 	 0.006829 	 0.266461 	 0.460488
  294 	 0.006911 	 0.259207 	 0.459514
  295 	 0.006934 	 0.268670 	 0.459514
  296 	 0.006721 	 0.265959 	 0.459332
  297 	 0.006816 	 0.254646 	 0.460395
  298 	 0.009889 	 0.259106 	 0.459148
  299 	 0.006886 	 0.263484 	 0.458023
  300 	 0.006721 	 0.263385 	 0.458302
  301 	 0.009530 	 0.264480 	 0.457306
  302 	 0.006910 	 0.264258 	 0.459279
  303 	 0.006697 	 0.265753 	 0.457718
  304 	 0.006884 	 0.249489 	 0.457780
  305 	 0.006865 	 0.228120 	 0.458819
  306 	 0.006718 	 0.238317 	 0.460842
  307 	 0.006659 	 0.250251 	 0.460894
  308 	 0.006871 	 0.253807 	 0.452389
  309 	 0.006975 	 0.263208 	 0.454240
  310 	 0.006907 	 0.250673 	 0.454240
  311 	 0.006910 	 0.241463 	 0.455440
  312 	 0.006942 	 0.236304 	 0.454358
  313 	 0.009380 	 0.225359 	 0.456411
  314 	 0.006527 	 0.230777 	 0.455863
  315 	 0.006636 	 0.214646 	 0.454463
  316 	 0.006973 	 0.227348 	 0.454463
  317 	 0.006920 	 0.234605 	 0.451057
  318 	 0.004493 	 0.239912 	 0.453128
  319 	 0.006925 	 0.264876 	 0.453128
  320 	 0.006468 	 0.265834 	 0.451519
  321 	 0.006864 	 0.249028 	 0.450709
  322 	 0.004303 	 0.260260 	 0.455180
  323 	 0.006898 	 0.247186 	 0.454968
  324 	 0.006814 	 0.248060 	 0.458649
  325 	 0.006425 	 0.250289 	 0.455752
  326 	 0.006613 	 0.256695 	 0.455745
  327 	 0.006921 	 0.257350 	 0.457206
  328 	 0.006952 	 0.271374 	 0.458702
  329 	 0.008032 	 0.254707 	 0.458973
  330 	 0.004359 	 0.262623 	 0.462335
  331 	 0.006817 	 0.265391 	 0.463881
  332 	 0.006751 	 0.258124 	 0.463881
  333 	 0.006935 	 0.271643 	 0.463867
  334 	 0.006522 	 0.267618 	 0.459944
  335 	 0.006844 	 0.277677 	 0.461658
  336 	 0.004305 	 0.276456 	 0.463917
  337 	 0.006898 	 0.255059 	 0.463237
  338 	 0.009310 	 0.278370 	 0.461690
  339 	 0.006876 	 0.276122 	 0.461690
  340 	 0.006898 	 0.272680 	 0.458363
  341 	 0.006762 	 0.276911 	 0.462784
  342 	 0.006815 	 0.288412 	 0.462784
  343 	 0.006818 	 0.268355 	 0.462784
  344 	 0.006716 	 0.240773 	 0.462189
  345 	 0.006892 	 0.255600 	 0.464326
  346 	 0.006925 	 0.267402 	 0.460934
  347 	 0.006878 	 0.282146 	 0.461550
  348 	 0.006873 	 0.277160 	 0.462189
  349 	 0.006826 	 0.251825 	 0.459833
  350 	 0.006125 	 0.261538 	 0.463462
  351 	 0.006945 	 0.268368 	 0.462778
  352 	 0.006922 	 0.257032 	 0.459310
  353 	 0.006918 	 0.260819 	 0.459338
  354 	 0.006423 	 0.250308 	 0.459310
  355 	 0.006982 	 0.241647 	 0.455923
  356 	 0.006948 	 0.263475 	 0.455923
  357 	 0.006803 	 0.246999 	 0.455797
  358 	 0.006806 	 0.255388 	 0.459414
  359 	 0.006861 	 0.263231 	 0.456455
  360 	 0.006907 	 0.263852 	 0.457464
  361 	 0.006965 	 0.266870 	 0.457464
  362 	 0.008670 	 0.254678 	 0.456578
  363 	 0.006902 	 0.248868 	 0.458246
  364 	 0.006150 	 0.261913 	 0.459353
  365 	 0.006864 	 0.251330 	 0.460242
  366 	 0.006937 	 0.246941 	 0.459168
  367 	 0.007002 	 0.257587 	 0.455404
  368 	 0.007133 	 0.251460 	 0.456181
  369 	 0.006924 	 0.261168 	 0.462421
  370 	 0.006893 	 0.259136 	 0.462421
  371 	 0.006900 	 0.254453 	 0.462421
  372 	 0.008946 	 0.246823 	 0.461282
  373 	 0.006867 	 0.243649 	 0.461282
  374 	 0.009398 	 0.244072 	 0.454382
  375 	 0.006847 	 0.274111 	 0.454783
  376 	 0.004484 	 0.255623 	 0.457885
  377 	 0.006407 	 0.245900 	 0.457586
  378 	 0.006874 	 0.252941 	 0.457586
  379 	 0.006904 	 0.245722 	 0.456261
  380 	 0.007168 	 0.255943 	 0.459728
  381 	 0.006719 	 0.240073 	 0.459728
  382 	 0.006865 	 0.234432 	 0.459545
  383 	 0.006880 	 0.235901 	 0.459545
  384 	 0.006900 	 0.242446 	 0.459581
  385 	 0.006862 	 0.231366 	 0.456416
  386 	 0.006831 	 0.251621 	 0.459204
  387 	 0.006899 	 0.247173 	 0.459266
  388 	 0.004457 	 0.245792 	 0.454798
  389 	 0.006898 	 0.248559 	 0.454798
  390 	 0.006956 	 0.239921 	 0.454798
  391 	 0.009909 	 0.250282 	 0.450081
  392 	 0.006865 	 0.244033 	 0.453750
  393 	 0.006859 	 0.236484 	 0.458560
  394 	 0.006846 	 0.241490 	 0.451767
  395 	 0.006865 	 0.226118 	 0.451808
  396 	 0.006828 	 0.243325 	 0.451767
  397 	 0.006976 	 0.237759 	 0.451368
  398 	 0.006973 	 0.224598 	 0.443784
  399 	 0.006863 	 0.228651 	 0.452563
  400 	 0.006960 	 0.243612 	 0.455599
  401 	 0.006967 	 0.233392 	 0.448372
  402 	 0.004337 	 0.222276 	 0.454542
  403 	 0.006388 	 0.215237 	 0.449078
  404 	 0.006770 	 0.215796 	 0.449078
  405 	 0.006827 	 0.220892 	 0.451485
  406 	 0.008103 	 0.240724 	 0.451718
  407 	 0.006687 	 0.246190 	 0.451718
  408 	 0.006819 	 0.231148 	 0.462403
  409 	 0.009731 	 0.234752 	 0.446332
  410 	 0.006872 	 0.239207 	 0.443720
  411 	 0.005727 	 0.218661 	 0.443720
  412 	 0.005727 	 0.244392 	 0.451296
  413 	 0.006896 	 0.239654 	 0.451803
  414 	 0.006921 	 0.256178 	 0.452057
  415 	 0.009293 	 0.255715 	 0.456179
  416 	 0.009176 	 0.250687 	 0.454667
  417 	 0.007855 	 0.237586 	 0.447077
  418 	 0.006843 	 0.236828 	 0.446110
  419 	 0.010085 	 0.232756 	 0.446110
  420 	 0.004349 	 0.235396 	 0.446110
  421 	 0.006811 	 0.246500 	 0.448249
  422 	 0.006805 	 0.252539 	 0.447719
  423 	 0.007143 	 0.234553 	 0.447719
  424 	 0.006880 	 0.238680 	 0.446920
  425 	 0.006880 	 0.235082 	 0.450923
  426 	 0.009411 	 0.243488 	 0.450923
  427 	 0.006978 	 0.251683 	 0.443539
  428 	 0.006606 	 0.256993 	 0.452008
  429 	 0.009203 	 0.259414 	 0.453411
  430 	 0.006919 	 0.263946 	 0.453411
  431 	 0.006856 	 0.240842 	 0.454282
  432 	 0.006865 	 0.237515 	 0.454282
  433 	 0.006910 	 0.237961 	 0.454778
  434 	 0.006857 	 0.247002 	 0.454623
  435 	 0.004281 	 0.237063 	 0.454623
  436 	 0.006943 	 0.232808 	 0.454623
  437 	 0.006885 	 0.237273 	 0.454623
  438 	 0.006941 	 0.224688 	 0.455176
  439 	 0.007041 	 0.229227 	 0.455176
  440 	 0.006963 	 0.227370 	 0.455176
  441 	 0.006897 	 0.242539 	 0.454031
  442 	 0.006929 	 0.261128 	 0.454605
  443 	 0.006909 	 0.239272 	 0.450590
  444 	 0.006859 	 0.237110 	 0.453795
  445 	 0.006866 	 0.238081 	 0.452539
  446 	 0.006865 	 0.233681 	 0.452869
  447 	 0.008763 	 0.241201 	 0.455380
  448 	 0.006833 	 0.263726 	 0.455493
  449 	 0.006921 	 0.260829 	 0.458522
  450 	 0.007190 	 0.268378 	 0.458983
  451 	 0.006892 	 0.249066 	 0.458983
  452 	 0.006831 	 0.252174 	 0.453923
  453 	 0.006983 	 0.239737 	 0.453923
  454 	 0.011010 	 0.242281 	 0.453923
  455 	 0.006911 	 0.251806 	 0.453695
  456 	 0.006791 	 0.256574 	 0.453881
  457 	 0.006933 	 0.252994 	 0.455085
  458 	 0.009427 	 0.266671 	 0.455085
  459 	 0.006885 	 0.261637 	 0.455085
  460 	 0.009355 	 0.254161 	 0.455085
  461 	 0.008998 	 0.244880 	 0.455367
  462 	 0.009368 	 0.257416 	 0.455367
  463 	 0.006979 	 0.247791 	 0.455367
  464 	 0.006897 	 0.250566 	 0.455367
  465 	 0.007866 	 0.250167 	 0.454424
  466 	 0.006478 	 0.225889 	 0.456965
  467 	 0.007021 	 0.242837 	 0.454855
  468 	 0.007024 	 0.228320 	 0.456862
  469 	 0.006514 	 0.217805 	 0.457376
  470 	 0.006918 	 0.227493 	 0.452186
  471 	 0.007045 	 0.233926 	 0.448406
  472 	 0.006849 	 0.243349 	 0.448874
  473 	 0.004426 	 0.240771 	 0.458385
  474 	 0.006893 	 0.239682 	 0.458385
  475 	 0.006948 	 0.236194 	 0.458483
  476 	 0.006438 	 0.243143 	 0.458483
  477 	 0.006438 	 0.243486 	 0.455079
  478 	 0.006624 	 0.250873 	 0.453066
  479 	 0.006982 	 0.257872 	 0.453744
  480 	 0.006921 	 0.253650 	 0.452068
  481 	 0.006851 	 0.250318 	 0.452068
  482 	 0.006832 	 0.237490 	 0.452515
  483 	 0.006888 	 0.234711 	 0.454870
  484 	 0.006724 	 0.228815 	 0.454980
  485 	 0.006866 	 0.238697 	 0.456319
  486 	 0.006637 	 0.225411 	 0.456142
  487 	 0.006875 	 0.230501 	 0.456142
  488 	 0.006911 	 0.260306 	 0.456142
  489 	 0.006934 	 0.242853 	 0.457363
  490 	 0.009635 	 0.248105 	 0.458201
  491 	 0.007147 	 0.232415 	 0.458125
  492 	 0.006708 	 0.242406 	 0.460282
  493 	 0.006533 	 0.229844 	 0.459073
  494 	 0.006533 	 0.243669 	 0.459073
  495 	 0.006698 	 0.226878 	 0.459073
  496 	 0.004337 	 0.221095 	 0.454731
  497 	 0.004337 	 0.224785 	 0.454731
  498 	 0.006915 	 0.244070 	 0.459508
  499 	 0.007394 	 0.250117 	 0.460474
 