   0 	 0.003211 	 0.009744 	 0.031481
    1 	 0.003211 	 0.011538 	 0.034305
    2 	 0.004847 	 0.013338 	 0.038253
    3 	 0.005383 	 0.015190 	 0.045748
    4 	 0.005786 	 0.018237 	 0.057555
    5 	 0.007080 	 0.021996 	 0.062745
    6 	 0.006660 	 0.023370 	 0.060737
    7 	 0.007099 	 0.024360 	 0.060151
    8 	 0.007002 	 0.027236 	 0.060966
    9 	 0.007362 	 0.028921 	 0.060151
   10 	 0.007888 	 0.029973 	 0.060116
   11 	 0.006240 	 0.030791 	 0.073096
   12 	 0.005334 	 0.033580 	 0.084103
   13 	 0.005372 	 0.036224 	 0.087119
   14 	 0.005642 	 0.038064 	 0.099661
   15 	 0.007367 	 0.043242 	 0.105249
   16 	 0.006063 	 0.047849 	 0.116231
   17 	 0.007685 	 0.052453 	 0.175951
   18 	 0.006618 	 0.054222 	 0.183106
   19 	 0.007586 	 0.056985 	 0.183106
   20 	 0.007025 	 0.064563 	 0.183241
   21 	 0.006265 	 0.064697 	 0.186490
   22 	 0.006654 	 0.073891 	 0.186490
   23 	 0.005573 	 0.076005 	 0.187202
   24 	 0.008697 	 0.080307 	 0.191221
   25 	 0.007098 	 0.080981 	 0.191221
   26 	 0.006350 	 0.088104 	 0.201165
   27 	 0.006885 	 0.091705 	 0.201165
   28 	 0.006930 	 0.095500 	 0.222653
   29 	 0.007278 	 0.104099 	 0.254867
   30 	 0.006926 	 0.098245 	 0.254416
   31 	 0.006429 	 0.101057 	 0.251644
   32 	 0.006429 	 0.109428 	 0.258471
   33 	 0.006009 	 0.108918 	 0.214189
   34 	 0.006811 	 0.102678 	 0.293552
   35 	 0.006986 	 0.109049 	 0.293350
   36 	 0.007036 	 0.118999 	 0.312082
   37 	 0.006941 	 0.126770 	 0.311947
   38 	 0.005976 	 0.114574 	 0.299074
   39 	 0.007197 	 0.118982 	 0.300439
   40 	 0.008092 	 0.131665 	 0.311999
   41 	 0.006083 	 0.132340 	 0.304519
   42 	 0.006876 	 0.137034 	 0.308113
   43 	 0.006440 	 0.135226 	 0.350696
   44 	 0.006408 	 0.133058 	 0.314869
   45 	 0.006703 	 0.143576 	 0.315916
   46 	 0.006651 	 0.145822 	 0.328587
   47 	 0.006558 	 0.145592 	 0.381558
   48 	 0.006941 	 0.160609 	 0.377477
   49 	 0.006686 	 0.154067 	 0.361865
   50 	 0.008223 	 0.152021 	 0.362869
   51 	 0.006842 	 0.155622 	 0.357983
   52 	 0.006826 	 0.168735 	 0.350314
   53 	 0.006865 	 0.174882 	 0.343191
   54 	 0.007017 	 0.174440 	 0.345895
   55 	 0.006197 	 0.174283 	 0.350251
   56 	 0.007816 	 0.177752 	 0.354577
   57 	 0.005564 	 0.155633 	 0.381784
   58 	 0.009371 	 0.174714 	 0.372842
   59 	 0.006655 	 0.181340 	 0.381640
   60 	 0.005074 	 0.182157 	 0.401836
   61 	 0.006505 	 0.163466 	 0.395519
   62 	 0.008492 	 0.176891 	 0.395519
   63 	 0.006792 	 0.176424 	 0.400869
   64 	 0.007132 	 0.178577 	 0.400869
   65 	 0.006979 	 0.180914 	 0.400869
   66 	 0.006079 	 0.163794 	 0.397973
   67 	 0.006737 	 0.172191 	 0.411897
   68 	 0.009679 	 0.180670 	 0.407385
   69 	 0.006211 	 0.168617 	 0.414624
   70 	 0.006911 	 0.171381 	 0.379373
   71 	 0.009497 	 0.179531 	 0.400712
   72 	 0.006240 	 0.178632 	 0.402324
   73 	 0.006848 	 0.170759 	 0.413697
   74 	 0.006883 	 0.178631 	 0.413697
   75 	 0.005916 	 0.164756 	 0.380041
   76 	 0.006889 	 0.172356 	 0.382147
   77 	 0.008542 	 0.180237 	 0.398880
   78 	 0.009324 	 0.177582 	 0.380524
   79 	 0.006905 	 0.165733 	 0.386746
   80 	 0.007004 	 0.164487 	 0.386746
   81 	 0.005648 	 0.180668 	 0.386746
   82 	 0.006475 	 0.185004 	 0.415606
   83 	 0.006432 	 0.177855 	 0.378222
   84 	 0.006677 	 0.180076 	 0.382689
   85 	 0.006851 	 0.187185 	 0.387763
   86 	 0.006877 	 0.191924 	 0.397148
   87 	 0.006220 	 0.199389 	 0.408262
   88 	 0.007144 	 0.207763 	 0.402094
   89 	 0.008744 	 0.197955 	 0.403935
   90 	 0.007525 	 0.193197 	 0.417276
   91 	 0.006428 	 0.188167 	 0.424954
   92 	 0.007086 	 0.196733 	 0.419774
   93 	 0.006992 	 0.208636 	 0.411596
   94 	 0.008394 	 0.207232 	 0.411596
   95 	 0.007096 	 0.217148 	 0.409914
   96 	 0.006494 	 0.193531 	 0.411193
   97 	 0.006987 	 0.192007 	 0.414456
   98 	 0.005034 	 0.203435 	 0.413066
   99 	 0.007000 	 0.213904 	 0.408818
  100 	 0.007102 	 0.211240 	 0.411126
  101 	 0.006892 	 0.217745 	 0.417971
  102 	 0.006892 	 0.222344 	 0.417971
  103 	 0.005978 	 0.212666 	 0.406420
  104 	 0.006758 	 0.209808 	 0.409949
  105 	 0.005380 	 0.214462 	 0.409949
  106 	 0.005613 	 0.221635 	 0.409457
  107 	 0.009427 	 0.218018 	 0.440524
  108 	 0.009086 	 0.229192 	 0.410718
  109 	 0.005456 	 0.217279 	 0.410718
  110 	 0.005431 	 0.232869 	 0.410588
  111 	 0.006905 	 0.226941 	 0.410588
  112 	 0.006945 	 0.198368 	 0.413900
  113 	 0.006710 	 0.208607 	 0.413446
  114 	 0.006859 	 0.211410 	 0.417031
  115 	 0.006567 	 0.223725 	 0.449584
  116 	 0.009482 	 0.204720 	 0.448423
  117 	 0.005544 	 0.186534 	 0.451851
  118 	 0.006889 	 0.196222 	 0.454971
  119 	 0.006854 	 0.211998 	 0.456748
  120 	 0.006861 	 0.208880 	 0.454971
  121 	 0.005035 	 0.200808 	 0.418646
  122 	 0.004998 	 0.192364 	 0.425155
  123 	 0.006619 	 0.196869 	 0.458545
  124 	 0.006878 	 0.210266 	 0.424592
  125 	 0.006882 	 0.212058 	 0.424592
  126 	 0.006879 	 0.222882 	 0.446254
  127 	 0.009264 	 0.228267 	 0.446254
  128 	 0.006813 	 0.215320 	 0.453789
  129 	 0.009540 	 0.226273 	 0.453789
  130 	 0.006958 	 0.215770 	 0.434465
  131 	 0.006905 	 0.217291 	 0.439808
  132 	 0.006911 	 0.216638 	 0.449606
  133 	 0.006461 	 0.221548 	 0.453704
  134 	 0.006045 	 0.224251 	 0.454526
  135 	 0.006889 	 0.227180 	 0.451696
  136 	 0.004934 	 0.223446 	 0.451816
  137 	 0.006965 	 0.233006 	 0.459188
  138 	 0.006159 	 0.225112 	 0.459188
  139 	 0.006889 	 0.206556 	 0.460281
  140 	 0.006939 	 0.222667 	 0.444710
  141 	 0.006929 	 0.221171 	 0.442153
  142 	 0.006974 	 0.237165 	 0.461060
  143 	 0.006950 	 0.246933 	 0.461060
  144 	 0.006249 	 0.238586 	 0.454801
  145 	 0.006895 	 0.234975 	 0.449231
  146 	 0.006902 	 0.237854 	 0.452443
  147 	 0.006911 	 0.240433 	 0.452443
  148 	 0.006906 	 0.242359 	 0.452443
  149 	 0.006077 	 0.239468 	 0.461699
  150 	 0.007036 	 0.238092 	 0.461699
  151 	 0.006866 	 0.224253 	 0.460986
  152 	 0.006565 	 0.233888 	 0.460986
  153 	 0.006927 	 0.232713 	 0.461234
  154 	 0.006861 	 0.236874 	 0.462788
  155 	 0.006949 	 0.235594 	 0.474057
  156 	 0.006923 	 0.229209 	 0.452384
  157 	 0.006894 	 0.224898 	 0.454094
  158 	 0.007527 	 0.225553 	 0.465858
  159 	 0.006946 	 0.234392 	 0.465858
  160 	 0.007342 	 0.237194 	 0.465903
  161 	 0.005090 	 0.231515 	 0.465903
  162 	 0.006863 	 0.241530 	 0.467670
  163 	 0.006899 	 0.249583 	 0.434616
  164 	 0.006860 	 0.212295 	 0.466642
  165 	 0.006417 	 0.208836 	 0.439427
  166 	 0.006898 	 0.219586 	 0.451947
  167 	 0.006896 	 0.219824 	 0.453763
  168 	 0.007127 	 0.208013 	 0.453763
  169 	 0.005610 	 0.217635 	 0.456888
  170 	 0.005646 	 0.218311 	 0.437592
  171 	 0.006866 	 0.220041 	 0.474457
  172 	 0.007171 	 0.221136 	 0.479084
  173 	 0.006903 	 0.199117 	 0.474689
  174 	 0.006018 	 0.208029 	 0.482171
  175 	 0.006526 	 0.212112 	 0.479122
  176 	 0.006273 	 0.224950 	 0.479558
  177 	 0.006838 	 0.243779 	 0.479558
  178 	 0.004904 	 0.244085 	 0.479551
  179 	 0.007434 	 0.252368 	 0.474603
  180 	 0.006906 	 0.248633 	 0.474603
  181 	 0.009514 	 0.261023 	 0.472568
  182 	 0.006897 	 0.266740 	 0.486262
  183 	 0.006855 	 0.270159 	 0.486262
  184 	 0.006887 	 0.246013 	 0.486414
  185 	 0.006992 	 0.259127 	 0.488112
  186 	 0.009497 	 0.267970 	 0.490567
  187 	 0.006938 	 0.267579 	 0.488204
  188 	 0.006916 	 0.260162 	 0.497300
  189 	 0.006896 	 0.255000 	 0.496829
  190 	 0.006855 	 0.243808 	 0.496040
  191 	 0.006887 	 0.247530 	 0.490633
  192 	 0.006844 	 0.257009 	 0.493982
  193 	 0.006096 	 0.275268 	 0.500137
  194 	 0.006034 	 0.254765 	 0.495845
  195 	 0.006954 	 0.271073 	 0.502301
  196 	 0.006269 	 0.254118 	 0.495515
  197 	 0.006062 	 0.260976 	 0.482918
  198 	 0.007008 	 0.263640 	 0.488259
  199 	 0.007007 	 0.247709 	 0.488325
  200 	 0.006954 	 0.223940 	 0.491497
  201 	 0.006412 	 0.239682 	 0.491497
  202 	 0.009601 	 0.249667 	 0.491521
  203 	 0.006688 	 0.254199 	 0.497094
  204 	 0.006764 	 0.269965 	 0.497094
  205 	 0.006922 	 0.264219 	 0.491236
  206 	 0.009226 	 0.248071 	 0.488636
  207 	 0.009809 	 0.268738 	 0.487179
  208 	 0.006905 	 0.266490 	 0.475292
  209 	 0.007093 	 0.261261 	 0.488351
  210 	 0.006927 	 0.251540 	 0.486840
  211 	 0.006765 	 0.262264 	 0.487559
  212 	 0.007472 	 0.257872 	 0.487960
  213 	 0.009547 	 0.255208 	 0.487960
  214 	 0.006955 	 0.241743 	 0.480064
  215 	 0.006744 	 0.247398 	 0.480064
  216 	 0.005900 	 0.244096 	 0.479105
  217 	 0.009504 	 0.257987 	 0.487820
  218 	 0.006954 	 0.261604 	 0.485088
  219 	 0.009128 	 0.251504 	 0.494757
  220 	 0.006922 	 0.267059 	 0.486479
  221 	 0.006918 	 0.258075 	 0.489023
  222 	 0.006868 	 0.257180 	 0.488548
  223 	 0.008795 	 0.259873 	 0.489348
  224 	 0.009118 	 0.276142 	 0.494708
  225 	 0.006165 	 0.275914 	 0.494708
  226 	 0.006625 	 0.255153 	 0.477779
  227 	 0.006906 	 0.264628 	 0.487641
  228 	 0.006451 	 0.267472 	 0.487641
  229 	 0.006784 	 0.265600 	 0.480063
  230 	 0.007110 	 0.266977 	 0.481656
  231 	 0.006797 	 0.250109 	 0.482480
  232 	 0.005594 	 0.243101 	 0.482999
  233 	 0.006943 	 0.253332 	 0.492592
  234 	 0.006968 	 0.252496 	 0.484563
  235 	 0.006922 	 0.261476 	 0.474302
  236 	 0.006883 	 0.263279 	 0.499391
  237 	 0.006980 	 0.268792 	 0.495715
  238 	 0.007075 	 0.259224 	 0.490082
  239 	 0.006966 	 0.255005 	 0.490082
  240 	 0.006878 	 0.252365 	 0.475768
  241 	 0.006820 	 0.247351 	 0.475768
  242 	 0.006912 	 0.269995 	 0.494675
  243 	 0.006856 	 0.263646 	 0.494675
  244 	 0.007039 	 0.261404 	 0.482064
  245 	 0.005686 	 0.269808 	 0.483759
  246 	 0.006987 	 0.264490 	 0.488251
  247 	 0.006577 	 0.240209 	 0.481955
  248 	 0.006824 	 0.253742 	 0.489447
  249 	 0.004926 	 0.250469 	 0.489447
  250 	 0.005016 	 0.252755 	 0.489691
  251 	 0.005052 	 0.234760 	 0.481943
  252 	 0.006511 	 0.240476 	 0.474474
  253 	 0.006926 	 0.252205 	 0.482270
  254 	 0.006849 	 0.252354 	 0.481605
  255 	 0.007027 	 0.255905 	 0.481605
  256 	 0.006510 	 0.260377 	 0.479984
  257 	 0.006507 	 0.244200 	 0.478011
  258 	 0.006647 	 0.243764 	 0.483649
  259 	 0.009219 	 0.246930 	 0.478011
  260 	 0.006512 	 0.241517 	 0.484224
  261 	 0.006903 	 0.246323 	 0.494741
  262 	 0.007129 	 0.260221 	 0.494006
  263 	 0.007005 	 0.247715 	 0.493997
  264 	 0.006894 	 0.271175 	 0.495791
  265 	 0.006891 	 0.274815 	 0.495784
  266 	 0.006391 	 0.265670 	 0.495627
  267 	 0.006928 	 0.257159 	 0.493246
  268 	 0.006859 	 0.258288 	 0.494539
  269 	 0.006547 	 0.238885 	 0.494733
  270 	 0.006227 	 0.253552 	 0.491345
  271 	 0.006913 	 0.252761 	 0.496255
  272 	 0.006514 	 0.235145 	 0.484875
  273 	 0.005597 	 0.228538 	 0.488568
  274 	 0.004895 	 0.230366 	 0.489632
  275 	 0.004952 	 0.223700 	 0.489632
  276 	 0.006984 	 0.236459 	 0.489072
  277 	 0.006883 	 0.225872 	 0.489072
  278 	 0.009616 	 0.238904 	 0.487450
  279 	 0.006903 	 0.242471 	 0.487450
  280 	 0.006943 	 0.240625 	 0.487227
  281 	 0.007024 	 0.234276 	 0.487461
  282 	 0.006876 	 0.221229 	 0.493435
  283 	 0.006942 	 0.232296 	 0.487461
  284 	 0.006975 	 0.232300 	 0.490086
  285 	 0.006945 	 0.225606 	 0.489937
  286 	 0.006922 	 0.238035 	 0.489937
  287 	 0.006950 	 0.237544 	 0.489840
  288 	 0.005227 	 0.217808 	 0.489840
  289 	 0.006894 	 0.235622 	 0.485510
  290 	 0.006830 	 0.242864 	 0.485510
  291 	 0.006412 	 0.241759 	 0.489681
  292 	 0.005971 	 0.227944 	 0.489681
  293 	 0.006781 	 0.223547 	 0.493270
  294 	 0.009423 	 0.245847 	 0.493270
  295 	 0.006914 	 0.240853 	 0.491269
  296 	 0.006018 	 0.256716 	 0.492389
  297 	 0.007156 	 0.254214 	 0.485737
  298 	 0.006769 	 0.245132 	 0.488473
  299 	 0.006740 	 0.235261 	 0.482155
  300 	 0.006943 	 0.221524 	 0.483256
  301 	 0.006960 	 0.220862 	 0.486175
  302 	 0.006880 	 0.217099 	 0.480413
  303 	 0.006418 	 0.225555 	 0.487636
  304 	 0.007097 	 0.225609 	 0.488332
  305 	 0.006527 	 0.227413 	 0.489322
  306 	 0.006528 	 0.214151 	 0.489216
  307 	 0.005503 	 0.213071 	 0.491091
  308 	 0.006117 	 0.222388 	 0.491091
  309 	 0.006495 	 0.208236 	 0.494991
  310 	 0.009443 	 0.224078 	 0.487365
  311 	 0.006879 	 0.215555 	 0.483448
  312 	 0.006221 	 0.201248 	 0.468766
  313 	 0.007270 	 0.210351 	 0.491906
  314 	 0.005492 	 0.230792 	 0.491828
  315 	 0.006955 	 0.246465 	 0.491828
  316 	 0.006908 	 0.249734 	 0.490807
  317 	 0.006923 	 0.247237 	 0.486316
  318 	 0.006752 	 0.254621 	 0.487799
  319 	 0.006914 	 0.268796 	 0.487799
  320 	 0.006971 	 0.252349 	 0.487448
  321 	 0.006326 	 0.253992 	 0.486930
  322 	 0.006947 	 0.258769 	 0.490740
  323 	 0.007052 	 0.238855 	 0.490740
  324 	 0.006815 	 0.248185 	 0.483445
  325 	 0.006898 	 0.253587 	 0.484252
  326 	 0.009899 	 0.259537 	 0.496587
  327 	 0.006875 	 0.250886 	 0.492221
  328 	 0.007000 	 0.258563 	 0.474588
  329 	 0.006133 	 0.257624 	 0.481298
  330 	 0.006888 	 0.239029 	 0.481031
  331 	 0.006901 	 0.241765 	 0.481031
  332 	 0.006739 	 0.245216 	 0.481031
  333 	 0.005199 	 0.241652 	 0.481031
  334 	 0.006975 	 0.242174 	 0.481031
  335 	 0.005353 	 0.252306 	 0.480458
  336 	 0.005384 	 0.241270 	 0.485703
  337 	 0.006180 	 0.244822 	 0.488025
  338 	 0.006188 	 0.243541 	 0.487525
  339 	 0.006216 	 0.232787 	 0.487815
  340 	 0.006850 	 0.236993 	 0.495663
  341 	 0.006003 	 0.232725 	 0.488962
  342 	 0.006877 	 0.243715 	 0.488962
  343 	 0.006889 	 0.247012 	 0.486089
  344 	 0.006979 	 0.249165 	 0.486089
  345 	 0.007024 	 0.254776 	 0.486089
  346 	 0.007209 	 0.257383 	 0.486089
  347 	 0.006732 	 0.262004 	 0.479757
  348 	 0.007605 	 0.248041 	 0.481039
  349 	 0.006968 	 0.250485 	 0.484404
  350 	 0.006849 	 0.258546 	 0.486222
  351 	 0.006938 	 0.248432 	 0.486880
  352 	 0.005158 	 0.253692 	 0.486880
  353 	 0.005274 	 0.257561 	 0.492456
  354 	 0.005267 	 0.248202 	 0.492456
  355 	 0.006167 	 0.266886 	 0.492456
  356 	 0.006883 	 0.274087 	 0.491788
  357 	 0.007775 	 0.261942 	 0.491788
  358 	 0.007032 	 0.261700 	 0.494467
  359 	 0.006859 	 0.263871 	 0.488541
  360 	 0.006929 	 0.281873 	 0.495074
  361 	 0.006933 	 0.269107 	 0.495074
  362 	 0.006989 	 0.275568 	 0.495074
  363 	 0.007004 	 0.236914 	 0.480979
  364 	 0.006340 	 0.249030 	 0.487068
  365 	 0.006913 	 0.245194 	 0.487068
  366 	 0.006146 	 0.245861 	 0.494752
  367 	 0.007069 	 0.260562 	 0.495575
  368 	 0.006022 	 0.260930 	 0.485855
  369 	 0.006860 	 0.259658 	 0.488145
  370 	 0.006903 	 0.265457 	 0.494214
  371 	 0.005932 	 0.262828 	 0.495796
  372 	 0.006856 	 0.257259 	 0.494435
  373 	 0.006730 	 0.249600 	 0.494435
  374 	 0.007005 	 0.263446 	 0.493966
  375 	 0.006900 	 0.254467 	 0.488975
  376 	 0.006100 	 0.249650 	 0.488494
  377 	 0.006955 	 0.252703 	 0.487281
  378 	 0.009558 	 0.255397 	 0.490918
  379 	 0.006905 	 0.253253 	 0.483996
  380 	 0.006183 	 0.258399 	 0.477870
  381 	 0.006178 	 0.250708 	 0.485978
  382 	 0.009357 	 0.239065 	 0.485607
  383 	 0.006948 	 0.232298 	 0.485607
  384 	 0.005018 	 0.253521 	 0.487923
  385 	 0.006955 	 0.260521 	 0.490560
  386 	 0.006920 	 0.273953 	 0.493368
  387 	 0.005439 	 0.270774 	 0.498741
  388 	 0.005455 	 0.284085 	 0.498741
  389 	 0.006880 	 0.268159 	 0.496858
  390 	 0.006941 	 0.240105 	 0.494834
  391 	 0.006890 	 0.234198 	 0.494834
  392 	 0.006924 	 0.241512 	 0.492012
  393 	 0.006902 	 0.255676 	 0.492012
  394 	 0.006970 	 0.252120 	 0.478827
  395 	 0.005566 	 0.262133 	 0.487497
  396 	 0.006847 	 0.272540 	 0.486638
  397 	 0.006914 	 0.250245 	 0.488329
  398 	 0.005363 	 0.251036 	 0.491626
  399 	 0.006927 	 0.231174 	 0.500100
  400 	 0.006888 	 0.246269 	 0.489453
  401 	 0.006919 	 0.241220 	 0.481442
  402 	 0.006944 	 0.224981 	 0.481442
  403 	 0.007123 	 0.237881 	 0.482664
  404 	 0.006920 	 0.247503 	 0.482805
  405 	 0.005649 	 0.240800 	 0.489167
  406 	 0.006951 	 0.224704 	 0.479517
  407 	 0.006716 	 0.227835 	 0.481788
  408 	 0.007055 	 0.234727 	 0.483264
  409 	 0.006880 	 0.247970 	 0.486491
  410 	 0.007163 	 0.251156 	 0.488519
  411 	 0.007230 	 0.246144 	 0.495942
  412 	 0.006874 	 0.238037 	 0.480984
  413 	 0.006526 	 0.233523 	 0.475658
  414 	 0.006999 	 0.238768 	 0.489225
  415 	 0.005081 	 0.231824 	 0.489220
  416 	 0.006165 	 0.238669 	 0.489220
  417 	 0.006046 	 0.232104 	 0.489220
  418 	 0.006869 	 0.231359 	 0.491476
  419 	 0.006899 	 0.227213 	 0.491406
  420 	 0.006156 	 0.219596 	 0.493305
  421 	 0.006908 	 0.219885 	 0.491366
  422 	 0.007008 	 0.233046 	 0.491366
  423 	 0.005777 	 0.236350 	 0.481061
  424 	 0.007203 	 0.255709 	 0.482497
  425 	 0.006495 	 0.246939 	 0.490782
  426 	 0.006847 	 0.257205 	 0.486651
  427 	 0.006959 	 0.246532 	 0.490003
  428 	 0.004955 	 0.242485 	 0.490937
  429 	 0.005529 	 0.252562 	 0.490395
  430 	 0.005529 	 0.251606 	 0.491612
  431 	 0.005539 	 0.264600 	 0.491612
  432 	 0.008907 	 0.271013 	 0.491612
  433 	 0.009378 	 0.270943 	 0.496647
  434 	 0.006811 	 0.286474 	 0.491937
  435 	 0.006929 	 0.277373 	 0.498148
  436 	 0.006158 	 0.265529 	 0.498148
  437 	 0.007784 	 0.269825 	 0.498836
  438 	 0.007274 	 0.277537 	 0.498836
  439 	 0.007059 	 0.280843 	 0.498836
  440 	 0.007107 	 0.271893 	 0.498836
  441 	 0.007589 	 0.258527 	 0.494882
  442 	 0.006900 	 0.247497 	 0.494721
  443 	 0.006922 	 0.281614 	 0.494721
  444 	 0.006895 	 0.283290 	 0.490817
  445 	 0.006483 	 0.273109 	 0.491321
  446 	 0.007901 	 0.269024 	 0.490688
  447 	 0.006494 	 0.269156 	 0.497992
  448 	 0.006933 	 0.253146 	 0.497992
  449 	 0.006960 	 0.242604 	 0.497992
  450 	 0.005548 	 0.255001 	 0.499034
  451 	 0.004801 	 0.256063 	 0.497607
  452 	 0.005946 	 0.268254 	 0.499145
  453 	 0.005421 	 0.273493 	 0.499145
  454 	 0.007044 	 0.280328 	 0.501051
  455 	 0.006513 	 0.297726 	 0.499425
  456 	 0.006533 	 0.271282 	 0.499806
  457 	 0.006499 	 0.258339 	 0.499806
  458 	 0.006469 	 0.258266 	 0.500199
  459 	 0.006917 	 0.258165 	 0.497607
  460 	 0.005807 	 0.255982 	 0.497607
  461 	 0.005807 	 0.239537 	 0.499054
  462 	 0.007146 	 0.237373 	 0.499054
  463 	 0.005848 	 0.251834 	 0.499054
  464 	 0.009997 	 0.251115 	 0.499054
  465 	 0.006860 	 0.247642 	 0.497254
  466 	 0.008674 	 0.248377 	 0.497416
  467 	 0.006887 	 0.261370 	 0.499585
  468 	 0.009023 	 0.271402 	 0.499585
  469 	 0.006950 	 0.257449 	 0.496031
  470 	 0.006914 	 0.260627 	 0.495483
  471 	 0.006936 	 0.260428 	 0.495483
  472 	 0.007096 	 0.259260 	 0.497660
  473 	 0.007019 	 0.272558 	 0.492261
  474 	 0.006529 	 0.264849 	 0.495201
  475 	 0.006975 	 0.275227 	 0.497437
  476 	 0.006845 	 0.274690 	 0.498775
  477 	 0.006897 	 0.249339 	 0.502511
  478 	 0.006915 	 0.261928 	 0.502534
  479 	 0.009543 	 0.268065 	 0.503186
  480 	 0.006972 	 0.259614 	 0.495570
  481 	 0.005050 	 0.257911 	 0.502267
  482 	 0.006912 	 0.272220 	 0.502773
  483 	 0.006906 	 0.253141 	 0.502773
  484 	 0.007046 	 0.258874 	 0.502934
  485 	 0.006211 	 0.243513 	 0.503825
  486 	 0.006877 	 0.235384 	 0.501461
  487 	 0.006998 	 0.259585 	 0.502215
  488 	 0.006883 	 0.249719 	 0.502215
  489 	 0.005837 	 0.243675 	 0.502215
  490 	 0.005745 	 0.269521 	 0.493098
  491 	 0.005448 	 0.253180 	 0.501582
  492 	 0.006904 	 0.234963 	 0.498138
  493 	 0.006926 	 0.235361 	 0.491500
  494 	 0.006954 	 0.226635 	 0.491500
  495 	 0.009179 	 0.241090 	 0.491500
  496 	 0.006937 	 0.250452 	 0.491500
  497 	 0.006877 	 0.222381 	 0.491930
  498 	 0.005533 	 0.217280 	 0.491930
  499 	 0.006855 	 0.249575 	 0.489074
 