   0 	 -1.000000 	 343597383.582845 	 4294967296.000000
    1 	 -1.000000 	 2877628088.310261 	 4294967296.000000
    2 	 -1.000000 	 2018634629.124695 	 4294967296.000000
    3 	 -1.000000 	 2705829396.452834 	 4294967296.000000
    4 	 -1.000000 	 2576980377.570000 	 4294967296.000000
    5 	 -1.000000 	 2877628088.303333 	 4294967296.000000
    6 	 -1.000000 	 2705829396.480000 	 4294967296.000000
    7 	 -1.000000 	 2448131358.740833 	 4294967296.000000
    8 	 -1.000000 	 3092376453.143333 	 4294967296.000000
    9 	 -1.000000 	 2576980377.582500 	 4294967296.000000
   10 	 -1.000000 	 2576980377.601666 	 4294967296.000000
   11 	 -1.000000 	 2963527434.230000 	 4294967296.000000
   12 	 -1.000000 	 3135326126.073334 	 4294967296.000000
   13 	 -1.000000 	 2877628088.310834 	 4294967296.000000
   14 	 -1.000000 	 3049426780.178333 	 4294967296.000000
   15 	 -1.000000 	 2748779069.449167 	 4294967296.000000
   16 	 -1.000000 	 3092376453.139166 	 4294967296.000000
   17 	 -0.500000 	 3178275799.067500 	 4294967296.000000
   18 	 -1.000000 	 3435973836.792500 	 4294967296.000000
   19 	 -1.000000 	 3865470566.379667 	 4294967296.000000
   20 	 -1.000000 	 3865470566.400000 	 4294967296.000000
   21 	 -1.000000 	 3736621547.497500 	 4294967296.000000
   22 	 -1.000000 	 3951369912.280000 	 4294967296.000000
   23 	 -0.500000 	 3994319585.285000 	 4294967296.000000
   24 	 -1.000000 	 4037269258.238334 	 4294967296.000000
   25 	 -1.000000 	 4166118277.110000 	 4294967296.000000
   26 	 -0.500000 	 4080218931.218000 	 4294967296.000000
   27 	 -1.000000 	 4037269258.256667 	 4294967296.000000
   28 	 0.333333 	 4123168604.193333 	 4294967296.000000
   29 	 0.333333 	 4209067950.093334 	 4294967296.000000
   30 	 -1.000000 	 3908420239.355000 	 4294967296.000000
   31 	 0.250000 	 4209067950.085000 	 4294967296.000000
   32 	 -0.250000 	 4037269258.270000 	 4294967296.000000
   33 	 -1.000000 	 4209067950.080000 	 4294967296.000000
   34 	 -0.250000 	 4209067950.080000 	 4294967296.000000
   35 	 0.250000 	 4252017623.042500 	 4294967296.000000
   36 	 -0.500000 	 4209067950.080000 	 4294967296.000000
   37 	 -0.200000 	 4037269258.268000 	 4294967296.000000
   38 	 4294967296.000000 	 4294967296.000000 	 4294967296.000000
   39 	 -1.000000 	 4209067950.067500 	 4294967296.000000
   40 	 1.000000 	 4252017623.050000 	 4294967296.000000
   41 	 -0.250000 	 4252017623.037500 	 4294967296.000000
   42 	 1.000000 	 4209067950.100000 	 4294967296.000000
   43 	 -1.000000 	 4166118277.109667 	 4294967296.000000
   44 	 -0.250000 	 4080218931.220000 	 4294967296.000000
   45 	 -0.500000 	 3951369912.347500 	 4294967296.000000
   46 	 -1.000000 	 4166118277.117500 	 4294967296.000000
   47 	 -1.000000 	 4166118277.103000 	 4294967296.000000
   48 	 -1.000000 	 4252017623.030000 	 4294967296.000000
   49 	 -1.000000 	 4166118277.117500 	 4294967296.000000
   50 	 -0.500000 	 4166118277.107500 	 4294967296.000000
   51 	 -1.000000 	 4037269258.233334 	 4294967296.000000
   52 	 -0.500000 	 4166118277.120000 	 4294967296.000000
   53 	 -1.000000 	 4166118277.110000 	 4294967296.000000
   54 	 -1.000000 	 4123168604.165000 	 4294967296.000000
   55 	 -0.500000 	 4080218931.205500 	 4294967296.000000
   56 	 -1.000000 	 4209067950.080000 	 4294967296.000000
   57 	 -1.000000 	 4166118277.112500 	 4294967296.000000
   58 	 -0.500000 	 4123168604.160500 	 4294967296.000000
   59 	 1.000000 	 4252017623.050000 	 4294967296.000000
   60 	 -0.250000 	 4252017623.037500 	 4294967296.000000
   61 	 -0.250000 	 4166118277.125000 	 4294967296.000000
   62 	 4294967296.000000 	 4294967296.000000 	 4294967296.000000
   63 	 4294967296.000000 	 4294967296.000000 	 4294967296.000000
   64 	 -0.500000 	 4123168604.165834 	 4294967296.000000
   65 	 0.500000 	 4209067950.095000 	 4294967296.000000
   66 	 0.250000 	 4209067950.092500 	 4294967296.000000
   67 	 1.000000 	 4209067950.100000 	 4294967296.000000
   68 	 0.500000 	 4209067950.095000 	 4294967296.000000
   69 	 -0.500000 	 4037269258.265000 	 4294967296.000000
   70 	 -0.250000 	 4037269258.270000 	 4294967296.000000
   71 	 -0.500000 	 4209067950.071667 	 4294967296.000000
   72 	 -0.500000 	 4252017623.035000 	 4294967296.000000
   73 	 -1.000000 	 4123168604.167500 	 4294967296.000000
   74 	 1.000000 	 4209067950.100000 	 4294967296.000000
   75 	 1.000000 	 4252017623.050000 	 4294967296.000000
   76 	 -1.000000 	 4080218931.192500 	 4294967296.000000
   77 	 -1.000000 	 4252017623.030000 	 4294967296.000000
   78 	 -1.000000 	 4166118277.117500 	 4294967296.000000
   79 	 -1.000000 	 4080218931.208334 	 4294967296.000000
   80 	 -1.000000 	 4252017623.030000 	 4294967296.000000
   81 	 -0.250000 	 4209067950.082500 	 4294967296.000000
   82 	 -0.500000 	 4252017623.035000 	 4294967296.000000
   83 	 -0.250000 	 4123168604.182500 	 4294967296.000000
   84 	 -1.000000 	 4080218931.190000 	 4294967296.000000
   85 	 0.500000 	 4166118277.145000 	 4294967296.000000
   86 	 -0.500000 	 4209067950.070000 	 4294967296.000000
   87 	 -1.000000 	 4166118277.117500 	 4294967296.000000
   88 	 -1.000000 	 4080218931.205000 	 4294967296.000000
   89 	 -0.250000 	 4252017623.037500 	 4294967296.000000
   90 	 -1.000000 	 4252017623.030000 	 4294967296.000000
   91 	 -0.500000 	 4166118277.117500 	 4294967296.000000
   92 	 -1.000000 	 4037269258.235000 	 4294967296.000000
   93 	 0.250000 	 4252017623.042500 	 4294967296.000000
   94 	 -1.000000 	 4252017623.030000 	 4294967296.000000
   95 	 -1.000000 	 4166118277.112500 	 4294967296.000000
   96 	 -1.000000 	 4209067950.080000 	 4294967296.000000
   97 	 4294967296.000000 	 4294967296.000000 	 4294967296.000000
   98 	 -0.250000 	 4166118277.125000 	 4294967296.000000
   99 	 -1.000000 	 4209067950.080000 	 4294967296.000000
 