   0 	 -1.000000 	 386547056.570331 	 4294967296.000000
    1 	 -1.000000 	 2448131358.724762 	 4294967296.000000
    2 	 -1.000000 	 2233382993.916739 	 4294967296.000000
    3 	 -1.000000 	 1889785610.196877 	 4294967296.000000
    4 	 -1.000000 	 2319282339.834333 	 4294967296.000000
    5 	 -1.000000 	 2147483647.986667 	 4294967296.000000
    6 	 -1.000000 	 2791728742.391667 	 4294967296.000000
    7 	 -1.000000 	 2662879723.500834 	 4294967296.000000
    8 	 -1.000000 	 3092376453.125166 	 4294967296.000000
    9 	 -1.000000 	 2963527434.229167 	 4294967296.000000
   10 	 -1.000000 	 3478923509.762833 	 4294967296.000000
   11 	 -1.000000 	 3607772528.632500 	 4294967296.000000
   12 	 -1.000000 	 3521873182.721429 	 4294967296.000000
   13 	 -1.000000 	 4080218931.202500 	 4294967296.000000
   14 	 -1.000000 	 3822520893.450333 	 4294967296.000000
   15 	 -1.000000 	 3951369912.332500 	 4294967296.000000
   16 	 -1.000000 	 4080218931.215000 	 4294967296.000000
   17 	 -1.000000 	 3951369912.319167 	 4294967296.000000
   18 	 -1.000000 	 4123168604.162500 	 4294967296.000000
   19 	 -1.000000 	 4166118277.115000 	 4294967296.000000
   20 	 -1.000000 	 4123168604.152500 	 4294967296.000000
   21 	 -1.000000 	 4080218931.209167 	 4294967296.000000
   22 	 0.333333 	 4166118277.138334 	 4294967296.000000
   23 	 -1.000000 	 4209067950.066666 	 4294967296.000000
   24 	 -1.000000 	 4209067950.080000 	 4294967296.000000
   25 	 1.000000 	 4252017623.050000 	 4294967296.000000
   26 	 1.000000 	 4252017623.050000 	 4294967296.000000
   27 	 -1.000000 	 4209067950.060000 	 4294967296.000000
   28 	 -1.000000 	 4037269258.259167 	 4294967296.000000
   29 	 -0.333333 	 4166118277.129166 	 4294967296.000000
   30 	 4294967296.000000 	 4294967296.000000 	 4294967296.000000
   31 	 4294967296.000000 	 4294967296.000000 	 4294967296.000000
   32 	 -1.000000 	 4037269258.219166 	 4294967296.000000
   33 	 -1.000000 	 4209067950.080000 	 4294967296.000000
   34 	 0.333333 	 4252017623.043333 	 4294967296.000000
   35 	 -1.000000 	 4037269258.252500 	 4294967296.000000
   36 	 -1.000000 	 3951369912.332500 	 4294967296.000000
   37 	 0.250000 	 4252017623.042500 	 4294967296.000000
   38 	 -1.000000 	 4209067950.080000 	 4294967296.000000
   39 	 -1.000000 	 4037269258.219666 	 4294967296.000000
   40 	 -1.000000 	 4080218931.202500 	 4294967296.000000
   41 	 -1.000000 	 4080218931.210000 	 4294967296.000000
   42 	 -1.000000 	 4123168604.140000 	 4294967296.000000
   43 	 4294967296.000000 	 4294967296.000000 	 4294967296.000000
   44 	 -1.000000 	 4209067950.073334 	 4294967296.000000
   45 	 -0.500000 	 4252017623.035000 	 4294967296.000000
   46 	 -1.000000 	 4166118277.122500 	 4294967296.000000
   47 	 -1.000000 	 4123168604.127500 	 4294967296.000000
   48 	 -1.000000 	 4166118277.125000 	 4294967296.000000
   49 	 0.250000 	 4209067950.092500 	 4294967296.000000
   50 	 -1.000000 	 4166118277.102500 	 4294967296.000000
   51 	 -1.000000 	 3908420239.309166 	 4294967296.000000
   52 	 -1.000000 	 4166118277.095000 	 4294967296.000000
   53 	 -1.000000 	 4123168604.160000 	 4294967296.000000
   54 	 -1.000000 	 4037269258.220000 	 4294967296.000000
   55 	 -1.000000 	 4123168604.147500 	 4294967296.000000
   56 	 1.000000 	 4166118277.150000 	 4294967296.000000
   57 	 -1.000000 	 4080218931.176666 	 4294967296.000000
   58 	 -1.000000 	 4209067950.065000 	 4294967296.000000
   59 	 -0.333333 	 4080218931.229167 	 4294967296.000000
   60 	 -1.000000 	 4166118277.122500 	 4294967296.000000
   61 	 -1.000000 	 4123168604.166667 	 4294967296.000000
   62 	 0.250000 	 4166118277.137500 	 4294967296.000000
   63 	 -1.000000 	 4209067950.065000 	 4294967296.000000
   64 	 4294967296.000000 	 4294967296.000000 	 4294967296.000000
   65 	 1.000000 	 4252017623.050000 	 4294967296.000000
   66 	 -1.000000 	 4209067950.060000 	 4294967296.000000
   67 	 -1.000000 	 4209067950.072500 	 4294967296.000000
   68 	 -1.000000 	 4123168604.140000 	 4294967296.000000
   69 	 -1.000000 	 4166118277.130000 	 4294967296.000000
   70 	 -1.000000 	 4209067950.060000 	 4294967296.000000
   71 	 -1.000000 	 3994319585.284167 	 4294967296.000000
   72 	 -1.000000 	 4123168604.148000 	 4294967296.000000
   73 	 -1.000000 	 4080218931.222500 	 4294967296.000000
   74 	 -1.000000 	 4209067950.080000 	 4294967296.000000
   75 	 -1.000000 	 4166118277.102500 	 4294967296.000000
   76 	 -1.000000 	 4252017623.030000 	 4294967296.000000
   77 	 -0.500000 	 4166118277.109167 	 4294967296.000000
   78 	 -1.000000 	 4166118277.096667 	 4294967296.000000
   79 	 -1.000000 	 4209067950.080000 	 4294967296.000000
   80 	 -0.500000 	 4252017623.035000 	 4294967296.000000
   81 	 -1.000000 	 4123168604.167500 	 4294967296.000000
   82 	 -0.333333 	 4166118277.121667 	 4294967296.000000
   83 	 -1.000000 	 4166118277.117500 	 4294967296.000000
   84 	 4294967296.000000 	 4294967296.000000 	 4294967296.000000
   85 	 0.250000 	 4252017623.042500 	 4294967296.000000
   86 	 -1.000000 	 4166118277.095000 	 4294967296.000000
   87 	 -1.000000 	 4209067950.080000 	 4294967296.000000
   88 	 -1.000000 	 4209067950.075000 	 4294967296.000000
   89 	 -1.000000 	 4209067950.067500 	 4294967296.000000
   90 	 -1.000000 	 4123168604.126666 	 4294967296.000000
   91 	 -1.000000 	 4080218931.217500 	 4294967296.000000
   92 	 -0.333333 	 4252017623.036667 	 4294967296.000000
   93 	 -1.000000 	 4252017623.030000 	 4294967296.000000
   94 	 -1.000000 	 4123168604.165833 	 4294967296.000000
   95 	 -1.000000 	 4252017623.030000 	 4294967296.000000
   96 	 -1.000000 	 4166118277.108334 	 4294967296.000000
   97 	 -1.000000 	 4166118277.102500 	 4294967296.000000
   98 	 4294967296.000000 	 4294967296.000000 	 4294967296.000000
   99 	 -1.000000 	 4123168604.139166 	 4294967296.000000
 