   0 	 -1.000000 	 300647710.758863 	 4294967296.000000
    1 	 -1.000000 	 2233382993.966167 	 4294967296.000000
    2 	 -1.000000 	 2834678415.382500 	 4294967296.000000
    3 	 -1.000000 	 2920577761.280099 	 4294967296.000000
    4 	 -1.000000 	 2104533975.111667 	 4294967296.000000
    5 	 -1.000000 	 2319282339.859667 	 4294967296.000000
    6 	 -1.000000 	 2662879723.516667 	 4294967296.000000
    7 	 -1.000000 	 2920577761.277500 	 4294967296.000000
    8 	 -1.000000 	 2662879723.510932 	 4294967296.000000
    9 	 -1.000000 	 3006477107.210417 	 4294967296.000000
   10 	 -1.000000 	 2705829396.496666 	 4294967296.000000
   11 	 -1.000000 	 3049426780.181762 	 4294967296.000000
   12 	 -1.000000 	 3221225472.029762 	 4294967296.000000
   13 	 -1.000000 	 3092376453.131381 	 4294967296.000000
   14 	 -1.000000 	 2104533975.026334 	 4294967296.000000
   15 	 -1.000000 	 2662879723.537024 	 4294967296.000000
   16 	 -1.000000 	 2705829396.495334 	 4294967296.000000
   17 	 -1.000000 	 2405181685.770785 	 4294967296.000000
   18 	 -1.000000 	 2963527434.247262 	 4294967296.000000
   19 	 -1.000000 	 3264175144.960000 	 4294967296.000000
   20 	 -0.500000 	 3435973836.824055 	 4294967296.000000
   21 	 -1.000000 	 4037269258.240000 	 4294967296.000000
   22 	 -0.500000 	 3865470566.409762 	 4294967296.000000
   23 	 -1.000000 	 3951369912.305000 	 4294967296.000000
   24 	 -0.500000 	 4209067950.085000 	 4294967296.000000
   25 	 -1.000000 	 4166118277.115000 	 4294967296.000000
   26 	 -1.000000 	 4123168604.150000 	 4294967296.000000
   27 	 -0.500000 	 4123168604.180000 	 4294967296.000000
   28 	 -1.000000 	 4166118277.107500 	 4294967296.000000
   29 	 4294967296.000000 	 4294967296.000000 	 4294967296.000000
   30 	 1.000000 	 4252017623.050000 	 4294967296.000000
   31 	 -0.500000 	 4123168604.170000 	 4294967296.000000
   32 	 -1.000000 	 4123168604.145000 	 4294967296.000000
   33 	 0.250000 	 4209067950.085000 	 4294967296.000000
   34 	 -1.000000 	 4166118277.102000 	 4294967296.000000
   35 	 1.000000 	 4209067950.100000 	 4294967296.000000
   36 	 -1.000000 	 4037269258.245000 	 4294967296.000000
   37 	 -1.000000 	 4037269258.252500 	 4294967296.000000
   38 	 1.000000 	 4209067950.100000 	 4294967296.000000
   39 	 -1.000000 	 4166118277.115000 	 4294967296.000000
   40 	 -1.000000 	 4209067950.080000 	 4294967296.000000
   41 	 -1.000000 	 4166118277.122500 	 4294967296.000000
   42 	 -1.000000 	 4123168604.172500 	 4294967296.000000
   43 	 -1.000000 	 4166118277.117500 	 4294967296.000000
   44 	 1.000000 	 4209067950.100000 	 4294967296.000000
   45 	 -1.000000 	 4252017623.030000 	 4294967296.000000
   46 	 -1.000000 	 4080218931.212500 	 4294967296.000000
   47 	 -1.000000 	 4209067950.065000 	 4294967296.000000
   48 	 -1.000000 	 4209067950.080000 	 4294967296.000000
   49 	 4294967296.000000 	 4294967296.000000 	 4294967296.000000
   50 	 -0.500000 	 4123168604.177500 	 4294967296.000000
   51 	 -1.000000 	 4252017623.030000 	 4294967296.000000
   52 	 0.200000 	 4209067950.092000 	 4294967296.000000
   53 	 -0.500000 	 4252017623.035000 	 4294967296.000000
   54 	 -1.000000 	 4166118277.125000 	 4294967296.000000
   55 	 4294967296.000000 	 4294967296.000000 	 4294967296.000000
   56 	 1.000000 	 4209067950.100000 	 4294967296.000000
   57 	 -0.250000 	 4209067950.080000 	 4294967296.000000
   58 	 -1.000000 	 4080218931.187500 	 4294967296.000000
   59 	 -1.000000 	 4166118277.130000 	 4294967296.000000
   60 	 -0.500000 	 4209067950.077500 	 4294967296.000000
   61 	 -1.000000 	 3908420239.382833 	 4294967296.000000
   62 	 -0.500000 	 3994319585.307500 	 4294967296.000000
   63 	 -1.000000 	 4166118277.096667 	 4294967296.000000
   64 	 -0.500000 	 4123168604.165000 	 4294967296.000000
   65 	 4294967296.000000 	 4294967296.000000 	 4294967296.000000
   66 	 -1.000000 	 4209067950.065000 	 4294967296.000000
   67 	 -0.500000 	 4166118277.127000 	 4294967296.000000
   68 	 -1.000000 	 4252017623.030000 	 4294967296.000000
   69 	 -1.000000 	 4123168604.152500 	 4294967296.000000
   70 	 -0.500000 	 4209067950.072500 	 4294967296.000000
   71 	 4294967296.000000 	 4294967296.000000 	 4294967296.000000
   72 	 0.250000 	 4252017623.042500 	 4294967296.000000
   73 	 -0.333333 	 4252017623.036666 	 4294967296.000000
   74 	 4294967296.000000 	 4294967296.000000 	 4294967296.000000
   75 	 -0.250000 	 4209067950.087500 	 4294967296.000000
   76 	 -1.000000 	 4209067950.060000 	 4294967296.000000
   77 	 -1.000000 	 4166118277.122500 	 4294967296.000000
   78 	 1.000000 	 4252017623.050000 	 4294967296.000000
   79 	 -1.000000 	 4166118277.110000 	 4294967296.000000
   80 	 -0.250000 	 4209067950.087500 	 4294967296.000000
   81 	 -1.000000 	 4166118277.122500 	 4294967296.000000
   82 	 -1.000000 	 4166118277.117500 	 4294967296.000000
   83 	 4294967296.000000 	 4294967296.000000 	 4294967296.000000
   84 	 -0.500000 	 4209067950.072500 	 4294967296.000000
   85 	 4294967296.000000 	 4294967296.000000 	 4294967296.000000
   86 	 1.000000 	 4209067950.100000 	 4294967296.000000
   87 	 4294967296.000000 	 4294967296.000000 	 4294967296.000000
   88 	 -1.000000 	 4252017623.030000 	 4294967296.000000
   89 	 4294967296.000000 	 4294967296.000000 	 4294967296.000000
   90 	 -1.000000 	 4123168604.165000 	 4294967296.000000
   91 	 -0.500000 	 4166118277.127500 	 4294967296.000000
   92 	 -0.500000 	 4209067950.085000 	 4294967296.000000
   93 	 -1.000000 	 4080218931.195000 	 4294967296.000000
   94 	 -0.250000 	 4209067950.087500 	 4294967296.000000
   95 	 -0.500000 	 4209067950.085000 	 4294967296.000000
   96 	 -0.500000 	 4123168604.172500 	 4294967296.000000
   97 	 1.000000 	 4252017623.050000 	 4294967296.000000
   98 	 -0.500000 	 4252017623.035000 	 4294967296.000000
   99 	 -0.250000 	 4166118277.137500 	 4294967296.000000
 