   0 	 -1.000000 	 343597383.721053 	 4294967296.000000
    1 	 -1.000000 	 2662879723.522095 	 4294967296.000000
    2 	 -1.000000 	 2061584302.119833 	 4294967296.000000
    3 	 -1.000000 	 2619930050.560948 	 4294967296.000000
    4 	 -1.000000 	 3092376453.140278 	 4294967296.000000
    5 	 -1.000000 	 3264175144.941528 	 4294967296.000000
    6 	 -1.000000 	 2061584302.104278 	 4294967296.000000
    7 	 -1.000000 	 2834678415.365893 	 4294967296.000000
    8 	 -1.000000 	 3393024163.838833 	 4294967296.000000
    9 	 -1.000000 	 3435973836.806012 	 4294967296.000000
   10 	 -1.000000 	 3779571220.472500 	 4294967296.000000
   11 	 -1.000000 	 3951369912.296667 	 4294967296.000000
   12 	 -1.000000 	 3994319585.282000 	 4294967296.000000
   13 	 -1.000000 	 4123168604.160000 	 4294967296.000000
   14 	 -0.200000 	 4123168604.160500 	 4294967296.000000
   15 	 -1.000000 	 4037269258.235000 	 4294967296.000000
   16 	 4294967296.000000 	 4294967296.000000 	 4294967296.000000
   17 	 -1.000000 	 3994319585.283000 	 4294967296.000000
   18 	 -1.000000 	 4252017623.030000 	 4294967296.000000
   19 	 -0.500000 	 4166118277.122500 	 4294967296.000000
   20 	 -1.000000 	 4252017623.030000 	 4294967296.000000
   21 	 0.333333 	 4209067950.093333 	 4294967296.000000
   22 	 -1.000000 	 4037269258.223833 	 4294967296.000000
   23 	 -1.000000 	 4209067950.060000 	 4294967296.000000
   24 	 -0.250000 	 4252017623.037500 	 4294967296.000000
   25 	 -1.000000 	 4252017623.030000 	 4294967296.000000
   26 	 -1.000000 	 4209067950.068000 	 4294967296.000000
   27 	 -0.250000 	 4252017623.037500 	 4294967296.000000
   28 	 -1.000000 	 4209067950.060000 	 4294967296.000000
   29 	 -0.250000 	 4166118277.132500 	 4294967296.000000
   30 	 -1.000000 	 4123168604.160000 	 4294967296.000000
   31 	 -1.000000 	 4209067950.065000 	 4294967296.000000
   32 	 -0.200000 	 4252017623.038000 	 4294967296.000000
   33 	 0.250000 	 4252017623.042500 	 4294967296.000000
   34 	 -1.000000 	 4166118277.110834 	 4294967296.000000
   35 	 4294967296.000000 	 4294967296.000000 	 4294967296.000000
   36 	 -1.000000 	 4252017623.030000 	 4294967296.000000
   37 	 -1.000000 	 4252017623.030000 	 4294967296.000000
   38 	 -1.000000 	 4166118277.105000 	 4294967296.000000
   39 	 -0.250000 	 4166118277.132500 	 4294967296.000000
   40 	 -1.000000 	 4209067950.065000 	 4294967296.000000
   41 	 -1.000000 	 4166118277.105500 	 4294967296.000000
   42 	 -1.000000 	 4123168604.155500 	 4294967296.000000
   43 	 -1.000000 	 3994319585.295833 	 4294967296.000000
   44 	 -1.000000 	 4209067950.080000 	 4294967296.000000
   45 	 -1.000000 	 4209067950.060000 	 4294967296.000000
   46 	 0.250000 	 4252017623.042500 	 4294967296.000000
   47 	 -0.500000 	 4252017623.035000 	 4294967296.000000
   48 	 -1.000000 	 4166118277.122500 	 4294967296.000000
   49 	 -1.000000 	 4166118277.118000 	 4294967296.000000
   50 	 -1.000000 	 4209067950.075000 	 4294967296.000000
   51 	 -1.000000 	 4252017623.030000 	 4294967296.000000
   52 	 -1.000000 	 4080218931.197500 	 4294967296.000000
   53 	 0.500000 	 4252017623.045000 	 4294967296.000000
   54 	 -1.000000 	 4252017623.030000 	 4294967296.000000
   55 	 4294967296.000000 	 4294967296.000000 	 4294967296.000000
   56 	 -1.000000 	 4209067950.080000 	 4294967296.000000
   57 	 -1.000000 	 4252017623.030000 	 4294967296.000000
   58 	 0.500000 	 4166118277.145000 	 4294967296.000000
   59 	 0.250000 	 4209067950.087500 	 4294967296.000000
   60 	 1.000000 	 4252017623.050000 	 4294967296.000000
   61 	 -1.000000 	 4252017623.030000 	 4294967296.000000
   62 	 -0.250000 	 4123168604.167500 	 4294967296.000000
   63 	 -1.000000 	 4209067950.072500 	 4294967296.000000
   64 	 -1.000000 	 4166118277.090000 	 4294967296.000000
   65 	 -1.000000 	 4166118277.112500 	 4294967296.000000
   66 	 0.250000 	 4123168604.182500 	 4294967296.000000
   67 	 4294967296.000000 	 4294967296.000000 	 4294967296.000000
   68 	 -1.000000 	 4123168604.140000 	 4294967296.000000
   69 	 -1.000000 	 4123168604.145000 	 4294967296.000000
   70 	 -1.000000 	 4209067950.075000 	 4294967296.000000
   71 	 0.333333 	 4166118277.143333 	 4294967296.000000
   72 	 -0.250000 	 4209067950.087500 	 4294967296.000000
   73 	 -1.000000 	 4166118277.125000 	 4294967296.000000
   74 	 0.333333 	 4209067950.088333 	 4294967296.000000
   75 	 -0.250000 	 4209067950.087500 	 4294967296.000000
   76 	 -1.000000 	 4209067950.080000 	 4294967296.000000
   77 	 4294967296.000000 	 4294967296.000000 	 4294967296.000000
   78 	 -1.000000 	 4123168604.167500 	 4294967296.000000
   79 	 -0.500000 	 4209067950.077500 	 4294967296.000000
   80 	 -0.250000 	 4123168604.180000 	 4294967296.000000
   81 	 -1.000000 	 4123168604.142500 	 4294967296.000000
   82 	 0.500000 	 4209067950.095000 	 4294967296.000000
   83 	 -0.500000 	 4252017623.035000 	 4294967296.000000
   84 	 4294967296.000000 	 4294967296.000000 	 4294967296.000000
   85 	 -1.000000 	 4209067950.067500 	 4294967296.000000
   86 	 -1.000000 	 4209067950.080000 	 4294967296.000000
   87 	 -1.000000 	 4209067950.075000 	 4294967296.000000
   88 	 -0.200000 	 4166118277.123833 	 4294967296.000000
   89 	 -1.000000 	 4252017623.030000 	 4294967296.000000
   90 	 -0.500000 	 4252017623.035000 	 4294967296.000000
   91 	 -1.000000 	 4123168604.137500 	 4294967296.000000
   92 	 -1.000000 	 4123168604.142500 	 4294967296.000000
   93 	 -1.000000 	 4080218931.157500 	 4294967296.000000
   94 	 -0.500000 	 4209067950.070000 	 4294967296.000000
   95 	 -0.500000 	 4166118277.123000 	 4294967296.000000
   96 	 -1.000000 	 4166118277.130000 	 4294967296.000000
   97 	 -1.000000 	 4209067950.065000 	 4294967296.000000
   98 	 -1.000000 	 4123168604.140000 	 4294967296.000000
   99 	 -1.000000 	 4166118277.095000 	 4294967296.000000
 