   0 	 -1.000000 	 214748364.888956 	 4294967296.000000
    1 	 -1.000000 	 2619930050.561167 	 4294967296.000000
    2 	 -1.000000 	 2448131358.691528 	 4294967296.000000
    3 	 -1.000000 	 2061584302.082000 	 4294967296.000000
    4 	 -0.500000 	 2877628088.368833 	 4294967296.000000
    5 	 -1.000000 	 2576980377.611166 	 4294967296.000000
    6 	 -1.000000 	 2748779069.470861 	 4294967296.000000
    7 	 -1.000000 	 2491081031.689920 	 4294967296.000000
    8 	 -1.000000 	 2362232012.783472 	 4294967296.000000
    9 	 -1.000000 	 2061584302.074500 	 4294967296.000000
   10 	 -1.000000 	 2662879723.514949 	 4294967296.000000
   11 	 -1.000000 	 2877628088.323250 	 4294967296.000000
   12 	 -1.000000 	 3478923509.756333 	 4294967296.000000
   13 	 -1.000000 	 3049426780.183833 	 4294967296.000000
   14 	 -1.000000 	 2748779069.434762 	 4294967296.000000
   15 	 -1.000000 	 3135326126.090834 	 4294967296.000000
   16 	 -1.000000 	 3221225472.025000 	 4294967296.000000
   17 	 -1.000000 	 3435973836.812500 	 4294967296.000000
   18 	 -1.000000 	 3564822855.690000 	 4294967296.000000
   19 	 -1.000000 	 3435973836.807500 	 4294967296.000000
   20 	 -1.000000 	 3307124817.928667 	 4294967296.000000
   21 	 -1.000000 	 3650722201.602500 	 4294967296.000000
   22 	 -0.333333 	 3951369912.320000 	 4294967296.000000
   23 	 -1.000000 	 3521873182.705000 	 4294967296.000000
   24 	 4294967296.000000 	 4294967296.000000 	 4294967296.000000
   25 	 -1.000000 	 4209067950.080000 	 4294967296.000000
   26 	 -1.000000 	 4123168604.140000 	 4294967296.000000
   27 	 -0.500000 	 4123168604.172500 	 4294967296.000000
   28 	 -1.000000 	 4209067950.080000 	 4294967296.000000
   29 	 -1.000000 	 3951369912.280834 	 4294967296.000000
   30 	 -1.000000 	 4080218931.190000 	 4294967296.000000
   31 	 -1.000000 	 4080218931.189166 	 4294967296.000000
   32 	 -1.000000 	 4252017623.030000 	 4294967296.000000
   33 	 4294967296.000000 	 4294967296.000000 	 4294967296.000000
   34 	 -0.500000 	 4252017623.035000 	 4294967296.000000
   35 	 -0.250000 	 4252017623.037500 	 4294967296.000000
   36 	 -1.000000 	 4123168604.160000 	 4294967296.000000
   37 	 -1.000000 	 4080218931.205000 	 4294967296.000000
   38 	 -1.000000 	 3951369912.324166 	 4294967296.000000
   39 	 -1.000000 	 4123168604.146667 	 4294967296.000000
   40 	 -1.000000 	 4209067950.072500 	 4294967296.000000
   41 	 -1.000000 	 4209067950.066667 	 4294967296.000000
   42 	 -1.000000 	 3951369912.340000 	 4294967296.000000
   43 	 -1.000000 	 3951369912.334166 	 4294967296.000000
   44 	 -1.000000 	 4252017623.030000 	 4294967296.000000
   45 	 -1.000000 	 4209067950.080000 	 4294967296.000000
   46 	 4294967296.000000 	 4294967296.000000 	 4294967296.000000
   47 	 -1.000000 	 4209067950.075000 	 4294967296.000000
   48 	 -1.000000 	 4166118277.110000 	 4294967296.000000
   49 	 -1.000000 	 4209067950.072500 	 4294967296.000000
   50 	 -0.500000 	 4209067950.085000 	 4294967296.000000
   51 	 -1.000000 	 4080218931.198333 	 4294967296.000000
   52 	 -0.500000 	 4166118277.135000 	 4294967296.000000
   53 	 -1.000000 	 4209067950.075000 	 4294967296.000000
   54 	 -1.000000 	 3994319585.289166 	 4294967296.000000
   55 	 -1.000000 	 4166118277.115834 	 4294967296.000000
   56 	 -1.000000 	 4209067950.080000 	 4294967296.000000
   57 	 -1.000000 	 4037269258.227500 	 4294967296.000000
   58 	 -1.000000 	 4123168604.160000 	 4294967296.000000
   59 	 -1.000000 	 4166118277.122500 	 4294967296.000000
   60 	 -1.000000 	 4209067950.080000 	 4294967296.000000
   61 	 0.500000 	 4209067950.095000 	 4294967296.000000
   62 	 -1.000000 	 4037269258.260000 	 4294967296.000000
   63 	 -1.000000 	 4123168604.167500 	 4294967296.000000
   64 	 -1.000000 	 4209067950.080000 	 4294967296.000000
   65 	 -1.000000 	 4209067950.080000 	 4294967296.000000
   66 	 -0.500000 	 4209067950.077500 	 4294967296.000000
   67 	 0.500000 	 4252017623.045000 	 4294967296.000000
   68 	 4294967296.000000 	 4294967296.000000 	 4294967296.000000
   69 	 4294967296.000000 	 4294967296.000000 	 4294967296.000000
   70 	 -1.000000 	 4080218931.190000 	 4294967296.000000
   71 	 -0.500000 	 4252017623.035000 	 4294967296.000000
   72 	 -1.000000 	 4252017623.030000 	 4294967296.000000
   73 	 -1.000000 	 4123168604.139167 	 4294967296.000000
   74 	 -1.000000 	 4080218931.207500 	 4294967296.000000
   75 	 -1.000000 	 4166118277.125000 	 4294967296.000000
   76 	 -1.000000 	 4080218931.197500 	 4294967296.000000
   77 	 0.333333 	 4209067950.093334 	 4294967296.000000
   78 	 -0.500000 	 4209067950.085000 	 4294967296.000000
   79 	 -1.000000 	 4037269258.241666 	 4294967296.000000
   80 	 -1.000000 	 4123168604.145834 	 4294967296.000000
   81 	 0.500000 	 4252017623.045000 	 4294967296.000000
   82 	 -1.000000 	 3908420239.340000 	 4294967296.000000
   83 	 -1.000000 	 4209067950.080000 	 4294967296.000000
   84 	 -1.000000 	 4166118277.122500 	 4294967296.000000
   85 	 1.000000 	 4209067950.100000 	 4294967296.000000
   86 	 -1.000000 	 4037269258.265000 	 4294967296.000000
   87 	 -0.250000 	 4252017623.037500 	 4294967296.000000
   88 	 -1.000000 	 4209067950.080000 	 4294967296.000000
   89 	 -1.000000 	 4209067950.065000 	 4294967296.000000
   90 	 -1.000000 	 4123168604.147500 	 4294967296.000000
   91 	 4294967296.000000 	 4294967296.000000 	 4294967296.000000
   92 	 -1.000000 	 4080218931.212500 	 4294967296.000000
   93 	 -0.333333 	 4209067950.073333 	 4294967296.000000
   94 	 -1.000000 	 4166118277.110000 	 4294967296.000000
   95 	 -0.250000 	 4252017623.037500 	 4294967296.000000
   96 	 0.250000 	 4209067950.087500 	 4294967296.000000
   97 	 -1.000000 	 4166118277.115000 	 4294967296.000000
   98 	 -0.333333 	 4252017623.036666 	 4294967296.000000
   99 	 -1.000000 	 4209067950.080000 	 4294967296.000000
 