   0 	 -1.000000 	 214748364.833380 	 4294967296.000000
    1 	 -1.000000 	 2963527434.217083 	 4294967296.000000
    2 	 -1.000000 	 2405181685.777762 	 4294967296.000000
    3 	 -1.000000 	 2705829396.492806 	 4294967296.000000
    4 	 -1.000000 	 2791728742.397000 	 4294967296.000000
    5 	 -1.000000 	 2491081031.675472 	 4294967296.000000
    6 	 -1.000000 	 2576980377.591500 	 4294967296.000000
    7 	 -1.000000 	 2491081031.689833 	 4294967296.000000
    8 	 -1.000000 	 2748779069.405833 	 4294967296.000000
    9 	 -1.000000 	 2576980377.628000 	 4294967296.000000
   10 	 -1.000000 	 2662879723.501500 	 4294967296.000000
   11 	 -1.000000 	 2791728742.422333 	 4294967296.000000
   12 	 -1.000000 	 3307124817.925000 	 4294967296.000000
   13 	 -1.000000 	 3307124817.916666 	 4294967296.000000
   14 	 -1.000000 	 3650722201.592667 	 4294967296.000000
   15 	 -1.000000 	 3435973836.762167 	 4294967296.000000
   16 	 -1.000000 	 3822520893.435333 	 4294967296.000000
   17 	 -0.500000 	 3994319585.277500 	 4294967296.000000
   18 	 -1.000000 	 4080218931.210000 	 4294967296.000000
   19 	 -0.500000 	 4080218931.195000 	 4294967296.000000
   20 	 0.250000 	 4123168604.187500 	 4294967296.000000
   21 	 -0.500000 	 3994319585.295000 	 4294967296.000000
   22 	 -0.250000 	 4209067950.087500 	 4294967296.000000
   23 	 -1.000000 	 4037269258.245834 	 4294967296.000000
   24 	 -0.500000 	 4123168604.160000 	 4294967296.000000
   25 	 -1.000000 	 4123168604.166666 	 4294967296.000000
   26 	 -0.500000 	 4166118277.121666 	 4294967296.000000
   27 	 -1.000000 	 4252017623.030000 	 4294967296.000000
   28 	 -0.250000 	 4209067950.080000 	 4294967296.000000
   29 	 -0.250000 	 4037269258.240000 	 4294967296.000000
   30 	 -1.000000 	 3951369912.308333 	 4294967296.000000
   31 	 4294967296.000000 	 4294967296.000000 	 4294967296.000000
   32 	 -1.000000 	 4209067950.060000 	 4294967296.000000
   33 	 -1.000000 	 4080218931.182000 	 4294967296.000000
   34 	 -1.000000 	 3951369912.318333 	 4294967296.000000
   35 	 -0.333333 	 4166118277.122000 	 4294967296.000000
   36 	 -1.000000 	 3865470566.385000 	 4294967296.000000
   37 	 -0.500000 	 4080218931.195000 	 4294967296.000000
   38 	 -1.000000 	 4123168604.153333 	 4294967296.000000
   39 	 -1.000000 	 4080218931.182500 	 4294967296.000000
   40 	 -0.333333 	 4037269258.259167 	 4294967296.000000
   41 	 -0.500000 	 4166118277.120000 	 4294967296.000000
   42 	 -0.333333 	 4037269258.266666 	 4294967296.000000
   43 	 0.500000 	 4252017623.045000 	 4294967296.000000
   44 	 -1.000000 	 4166118277.122000 	 4294967296.000000
   45 	 0.250000 	 4209067950.087500 	 4294967296.000000
   46 	 -1.000000 	 4080218931.202500 	 4294967296.000000
   47 	 -1.000000 	 4123168604.167500 	 4294967296.000000
   48 	 -0.333333 	 4166118277.119667 	 4294967296.000000
   49 	 -1.000000 	 4166118277.110000 	 4294967296.000000
   50 	 -1.000000 	 4209067950.067500 	 4294967296.000000
   51 	 -1.000000 	 4080218931.203333 	 4294967296.000000
   52 	 4294967296.000000 	 4294967296.000000 	 4294967296.000000
   53 	 0.500000 	 4252017623.045000 	 4294967296.000000
   54 	 -0.333333 	 4209067950.081666 	 4294967296.000000
   55 	 -0.500000 	 4123168604.178333 	 4294967296.000000
   56 	 -1.000000 	 4166118277.110000 	 4294967296.000000
   57 	 0.250000 	 4209067950.092500 	 4294967296.000000
   58 	 -1.000000 	 4209067950.065000 	 4294967296.000000
   59 	 -1.000000 	 4209067950.068000 	 4294967296.000000
   60 	 -1.000000 	 4123168604.159500 	 4294967296.000000
   61 	 -0.200000 	 4252017623.038000 	 4294967296.000000
   62 	 0.500000 	 4209067950.095000 	 4294967296.000000
   63 	 -1.000000 	 4123168604.150000 	 4294967296.000000
   64 	 -0.500000 	 4166118277.127000 	 4294967296.000000
   65 	 4294967296.000000 	 4294967296.000000 	 4294967296.000000
   66 	 4294967296.000000 	 4294967296.000000 	 4294967296.000000
   67 	 -1.000000 	 4252017623.030000 	 4294967296.000000
   68 	 -0.500000 	 4209067950.077500 	 4294967296.000000
   69 	 -0.333333 	 4037269258.256666 	 4294967296.000000
   70 	 0.250000 	 4209067950.087500 	 4294967296.000000
   71 	 4294967296.000000 	 4294967296.000000 	 4294967296.000000
   72 	 -1.000000 	 4166118277.111667 	 4294967296.000000
   73 	 -0.500000 	 4166118277.115000 	 4294967296.000000
   74 	 -0.200000 	 4252017623.038000 	 4294967296.000000
   75 	 0.200000 	 4123168604.182000 	 4294967296.000000
   76 	 4294967296.000000 	 4294967296.000000 	 4294967296.000000
   77 	 4294967296.000000 	 4294967296.000000 	 4294967296.000000
   78 	 -0.250000 	 4252017623.037500 	 4294967296.000000
   79 	 -0.500000 	 4123168604.164167 	 4294967296.000000
   80 	 4294967296.000000 	 4294967296.000000 	 4294967296.000000
   81 	 0.200000 	 4209067950.085334 	 4294967296.000000
   82 	 -1.000000 	 4252017623.030000 	 4294967296.000000
   83 	 -1.000000 	 4166118277.095000 	 4294967296.000000
   84 	 0.500000 	 4252017623.045000 	 4294967296.000000
   85 	 -0.500000 	 4166118277.106666 	 4294967296.000000
   86 	 0.250000 	 4252017623.042500 	 4294967296.000000
   87 	 -0.250000 	 4252017623.037500 	 4294967296.000000
   88 	 -1.000000 	 4123168604.165000 	 4294967296.000000
   89 	 -1.000000 	 4123168604.158333 	 4294967296.000000
   90 	 -0.500000 	 4166118277.135000 	 4294967296.000000
   91 	 4294967296.000000 	 4294967296.000000 	 4294967296.000000
   92 	 0.200000 	 4166118277.137000 	 4294967296.000000
   93 	 -0.500000 	 4252017623.035000 	 4294967296.000000
   94 	 -0.500000 	 4252017623.035000 	 4294967296.000000
   95 	 -1.000000 	 4166118277.110000 	 4294967296.000000
   96 	 -1.000000 	 4209067950.068000 	 4294967296.000000
   97 	 4294967296.000000 	 4294967296.000000 	 4294967296.000000
   98 	 -0.333333 	 4123168604.178667 	 4294967296.000000
   99 	 4294967296.000000 	 4294967296.000000 	 4294967296.000000
 