   0 	 -1.000000 	 300647710.717317 	 4294967296.000000
    1 	 -1.000000 	 1846835937.289667 	 4294967296.000000
    2 	 -1.000000 	 2018634629.113956 	 4294967296.000000
    3 	 -1.000000 	 2104533975.047500 	 4294967296.000000
    4 	 -1.000000 	 2448131358.736619 	 4294967296.000000
    5 	 -1.000000 	 2405181685.768417 	 4294967296.000000
    6 	 -1.000000 	 2534030704.638000 	 4294967296.000000
    7 	 -1.000000 	 2061584302.066790 	 4294967296.000000
    8 	 -1.000000 	 3135326126.082516 	 4294967296.000000
    9 	 -1.000000 	 3478923509.777361 	 4294967296.000000
   10 	 -1.000000 	 3521873182.750595 	 4294967296.000000
   11 	 -0.500000 	 3736621547.522611 	 4294967296.000000
   12 	 -1.000000 	 3779571220.480945 	 4294967296.000000
   13 	 -0.500000 	 4037269258.240000 	 4294967296.000000
   14 	 -1.000000 	 4123168604.152500 	 4294967296.000000
   15 	 -0.333333 	 4166118277.130000 	 4294967296.000000
   16 	 -1.000000 	 4166118277.117500 	 4294967296.000000
   17 	 4294967296.000000 	 4294967296.000000 	 4294967296.000000
   18 	 -1.000000 	 4123168604.167500 	 4294967296.000000
   19 	 -1.000000 	 4166118277.130000 	 4294967296.000000
   20 	 -1.000000 	 4080218931.217500 	 4294967296.000000
   21 	 -1.000000 	 4209067950.067500 	 4294967296.000000
   22 	 4294967296.000000 	 4294967296.000000 	 4294967296.000000
   23 	 -0.500000 	 4123168604.158333 	 4294967296.000000
   24 	 -0.333333 	 4037269258.248333 	 4294967296.000000
   25 	 -1.000000 	 3908420239.352500 	 4294967296.000000
   26 	 -0.250000 	 4166118277.118333 	 4294967296.000000
   27 	 -1.000000 	 3951369912.308334 	 4294967296.000000
   28 	 -1.000000 	 4080218931.205000 	 4294967296.000000
   29 	 -1.000000 	 3908420239.378333 	 4294967296.000000
   30 	 -0.333333 	 4080218931.202500 	 4294967296.000000
   31 	 -0.333333 	 4166118277.124167 	 4294967296.000000
   32 	 -1.000000 	 3908420239.371666 	 4294967296.000000
   33 	 -0.333333 	 4080218931.210000 	 4294967296.000000
   34 	 -0.250000 	 4080218931.200834 	 4294967296.000000
   35 	 -1.000000 	 3908420239.365000 	 4294967296.000000
   36 	 -1.000000 	 4037269258.220000 	 4294967296.000000
   37 	 -0.500000 	 4080218931.198334 	 4294967296.000000
   38 	 -1.000000 	 4166118277.110000 	 4294967296.000000
   39 	 -0.250000 	 4080218931.203334 	 4294967296.000000
   40 	 -0.333333 	 4080218931.210000 	 4294967296.000000
   41 	 -1.000000 	 3736621547.514166 	 4294967296.000000
   42 	 -0.250000 	 4080218931.203334 	 4294967296.000000
   43 	 -1.000000 	 4209067950.075000 	 4294967296.000000
   44 	 -1.000000 	 4123168604.152500 	 4294967296.000000
   45 	 -1.000000 	 4037269258.225000 	 4294967296.000000
   46 	 1.000000 	 4209067950.100000 	 4294967296.000000
   47 	 -0.250000 	 4123168604.174167 	 4294967296.000000
   48 	 -1.000000 	 4252017623.030000 	 4294967296.000000
   49 	 4294967296.000000 	 4294967296.000000 	 4294967296.000000
   50 	 0.500000 	 4252017623.045000 	 4294967296.000000
   51 	 -1.000000 	 4209067950.072500 	 4294967296.000000
   52 	 -1.000000 	 4166118277.117500 	 4294967296.000000
   53 	 0.333333 	 4209067950.088333 	 4294967296.000000
   54 	 0.333333 	 4166118277.143333 	 4294967296.000000
   55 	 0.333333 	 4252017623.043333 	 4294967296.000000
   56 	 0.333333 	 4166118277.143334 	 4294967296.000000
   57 	 -1.000000 	 4166118277.118333 	 4294967296.000000
   58 	 -0.333333 	 4209067950.074167 	 4294967296.000000
   59 	 -1.000000 	 4209067950.080000 	 4294967296.000000
   60 	 -1.000000 	 4209067950.067500 	 4294967296.000000
   61 	 -0.250000 	 4123168604.187500 	 4294967296.000000
   62 	 -1.000000 	 4123168604.142500 	 4294967296.000000
   63 	 -1.000000 	 4209067950.060000 	 4294967296.000000
   64 	 1.000000 	 4252017623.050000 	 4294967296.000000
   65 	 0.500000 	 4252017623.045000 	 4294967296.000000
   66 	 0.250000 	 4252017623.042500 	 4294967296.000000
   67 	 4294967296.000000 	 4294967296.000000 	 4294967296.000000
   68 	 -1.000000 	 4080218931.178334 	 4294967296.000000
   69 	 4294967296.000000 	 4294967296.000000 	 4294967296.000000
   70 	 4294967296.000000 	 4294967296.000000 	 4294967296.000000
   71 	 -1.000000 	 4252017623.030000 	 4294967296.000000
   72 	 -0.250000 	 4252017623.037500 	 4294967296.000000
   73 	 -1.000000 	 4209067950.072500 	 4294967296.000000
   74 	 1.000000 	 4252017623.050000 	 4294967296.000000
   75 	 -0.500000 	 4166118277.128334 	 4294967296.000000
   76 	 0.333333 	 4209067950.088333 	 4294967296.000000
   77 	 1.000000 	 4252017623.050000 	 4294967296.000000
   78 	 -1.000000 	 4123168604.152500 	 4294967296.000000
   79 	 -0.500000 	 4123168604.165834 	 4294967296.000000
   80 	 -0.250000 	 4209067950.080833 	 4294967296.000000
   81 	 -1.000000 	 4252017623.030000 	 4294967296.000000
   82 	 -1.000000 	 4123168604.140000 	 4294967296.000000
   83 	 -1.000000 	 4166118277.118333 	 4294967296.000000
   84 	 -1.000000 	 4252017623.030000 	 4294967296.000000
   85 	 -1.000000 	 4209067950.060000 	 4294967296.000000
   86 	 -0.500000 	 4209067950.071667 	 4294967296.000000
   87 	 4294967296.000000 	 4294967296.000000 	 4294967296.000000
   88 	 4294967296.000000 	 4294967296.000000 	 4294967296.000000
   89 	 -0.500000 	 4252017623.035000 	 4294967296.000000
   90 	 -0.250000 	 4166118277.124167 	 4294967296.000000
   91 	 4294967296.000000 	 4294967296.000000 	 4294967296.000000
   92 	 4294967296.000000 	 4294967296.000000 	 4294967296.000000
   93 	 -0.500000 	 4252017623.035000 	 4294967296.000000
   94 	 0.333333 	 4209067950.093333 	 4294967296.000000
   95 	 1.000000 	 4252017623.050000 	 4294967296.000000
   96 	 0.250000 	 4209067950.092500 	 4294967296.000000
   97 	 1.000000 	 4252017623.050000 	 4294967296.000000
   98 	 4294967296.000000 	 4294967296.000000 	 4294967296.000000
   99 	 -1.000000 	 4209067950.067500 	 4294967296.000000
 