   0 	 17.481743 	 29.165267 	 39.670369
    1 	 20.181308 	 29.964322 	 45.798221
    2 	 22.076359 	 30.600257 	 42.746125
    3 	 18.711577 	 30.903983 	 47.135135
    4 	 18.476793 	 32.351887 	 44.445884
    5 	 22.508977 	 33.810864 	 44.972451
    6 	 24.800761 	 34.713425 	 47.773790
    7 	 25.005616 	 34.820708 	 47.773790
    8 	 22.906510 	 35.018056 	 47.510383
    9 	 22.541487 	 36.064251 	 45.006632
   10 	 24.383951 	 36.227513 	 46.777729
   11 	 24.160132 	 37.077610 	 48.379517
   12 	 24.812366 	 38.017171 	 47.903929
   13 	 25.648510 	 38.233254 	 47.389863
   14 	 28.405480 	 38.838308 	 48.521601
   15 	 24.246696 	 39.373719 	 52.649862
   16 	 26.694220 	 39.814411 	 49.520108
   17 	 27.916723 	 40.231575 	 51.157621
   18 	 28.529400 	 41.433473 	 50.755259
   19 	 29.511758 	 42.620651 	 53.318654
   20 	 30.803287 	 43.218648 	 53.318654
   21 	 30.772292 	 44.024652 	 53.318654
   22 	 35.857627 	 44.331471 	 52.058916
   23 	 32.156503 	 43.958080 	 53.060613
   24 	 32.156503 	 44.016956 	 53.962788
   25 	 32.156503 	 43.690357 	 51.717283
   26 	 31.062241 	 44.422810 	 54.544384
   27 	 32.073628 	 44.902341 	 55.435856
   28 	 32.073628 	 44.805984 	 54.626320
   29 	 35.080890 	 44.960357 	 52.705650
   30 	 33.405064 	 44.459667 	 53.173840
   31 	 33.395466 	 44.581555 	 54.167729
   32 	 37.406991 	 44.981508 	 52.499323
   33 	 36.021109 	 45.290724 	 53.550201
   34 	 39.196807 	 45.425387 	 53.916852
   35 	 36.760163 	 45.846070 	 53.623877
   36 	 34.095639 	 45.762535 	 54.995832
   37 	 34.072801 	 45.280406 	 54.076671
   38 	 34.034418 	 45.234814 	 52.874761
   39 	 38.149244 	 45.686865 	 54.195800
   40 	 36.391387 	 46.147035 	 53.866922
   41 	 33.920783 	 45.465385 	 53.079512
   42 	 36.391387 	 46.570234 	 55.715852
   43 	 33.780628 	 46.363199 	 53.505412
   44 	 35.163434 	 47.338928 	 54.623458
   45 	 37.446553 	 47.273142 	 54.045867
   46 	 35.522622 	 47.853018 	 54.045867
   47 	 38.058373 	 47.970942 	 53.883655
   48 	 36.069589 	 47.868577 	 56.028295
   49 	 40.003176 	 48.501421 	 56.028295
   50 	 38.770652 	 48.829486 	 54.977279
   51 	 37.519638 	 48.794104 	 55.661290
   52 	 41.333490 	 49.145415 	 59.437765
   53 	 40.700797 	 49.322981 	 58.709765
   54 	 39.184996 	 49.538166 	 59.950246
   55 	 38.733133 	 49.765132 	 58.006324
   56 	 41.425027 	 49.462067 	 60.025665
   57 	 38.620169 	 49.611830 	 60.025665
   58 	 38.904008 	 49.742685 	 60.025665
   59 	 42.510728 	 49.560890 	 57.875202
   60 	 40.093373 	 49.590182 	 57.050658
   61 	 40.977934 	 49.829687 	 58.311528
   62 	 42.559522 	 49.896552 	 58.824354
   63 	 41.681622 	 50.381162 	 59.996218
   64 	 40.831520 	 51.123306 	 58.663632
   65 	 40.831520 	 51.074026 	 58.961034
   66 	 42.226700 	 51.161313 	 60.303493
   67 	 42.391343 	 51.409583 	 60.223587
   68 	 43.644155 	 51.312724 	 60.039744
   69 	 44.127571 	 51.664666 	 60.039744
   70 	 43.496165 	 52.209815 	 63.055373
   71 	 42.759852 	 52.039932 	 62.026645
   72 	 44.122866 	 52.859003 	 62.247548
   73 	 44.122866 	 52.825825 	 61.256477
   74 	 43.907936 	 52.862217 	 61.136011
   75 	 43.826577 	 52.663165 	 61.410703
   76 	 42.660091 	 53.274327 	 61.841519
   77 	 41.292076 	 53.092207 	 61.856011
   78 	 40.561790 	 53.611296 	 62.736553
   79 	 41.292076 	 53.643828 	 62.183875
   80 	 41.637338 	 54.473677 	 64.669459
   81 	 47.478563 	 55.255144 	 64.669459
   82 	 47.541441 	 56.012934 	 64.669459
   83 	 47.541441 	 56.002641 	 64.669459
   84 	 47.813394 	 55.968457 	 64.945121
   85 	 48.464729 	 55.882188 	 66.415295
   86 	 47.185417 	 55.917905 	 64.537921
   87 	 47.185417 	 56.222021 	 64.969589
   88 	 49.102373 	 56.505233 	 63.303792
   89 	 48.268049 	 56.263259 	 63.590260
   90 	 48.268049 	 56.419314 	 63.590260
   91 	 47.578199 	 56.253032 	 62.343521
   92 	 47.578199 	 56.080149 	 63.463965
   93 	 46.162456 	 56.535843 	 64.557629
   94 	 48.851039 	 57.377253 	 64.183993
   95 	 48.851039 	 57.302287 	 63.988189
   96 	 46.939492 	 56.887355 	 64.120371
   97 	 47.148937 	 57.070976 	 64.930115
   98 	 47.346121 	 57.528126 	 64.028779
   99 	 47.239592 	 57.248627 	 63.940720
 