   0 	 18.139768 	 28.808590 	 39.773043
    1 	 17.639668 	 29.568359 	 42.785642
    2 	 18.629366 	 30.743596 	 43.042729
    3 	 20.096473 	 31.570393 	 45.790186
    4 	 19.887270 	 31.699215 	 45.516225
    5 	 19.887270 	 32.611962 	 46.703536
    6 	 20.199703 	 33.077954 	 46.703536
    7 	 20.199703 	 34.143024 	 47.713672
    8 	 22.347711 	 34.852953 	 47.713672
    9 	 23.745361 	 35.110144 	 47.713672
   10 	 23.745361 	 35.916068 	 49.159404
   11 	 24.210072 	 35.802440 	 47.593043
   12 	 24.988978 	 36.292771 	 45.459810
   13 	 27.297213 	 37.378291 	 48.670462
   14 	 27.868694 	 38.080598 	 47.433896
   15 	 27.868694 	 38.185047 	 47.839497
   16 	 24.544270 	 38.431616 	 47.747326
   17 	 29.187713 	 39.091849 	 49.306013
   18 	 29.501845 	 39.961829 	 49.777950
   19 	 28.806871 	 39.713012 	 48.761575
   20 	 29.958520 	 39.935281 	 52.108517
   21 	 27.258974 	 39.717545 	 51.013348
   22 	 27.258974 	 39.974339 	 51.877347
   23 	 27.107063 	 39.780571 	 50.752828
   24 	 20.442118 	 39.883568 	 49.245065
   25 	 28.886189 	 40.617870 	 50.730269
   26 	 27.002984 	 41.743929 	 49.803788
   27 	 24.352702 	 41.736871 	 50.773255
   28 	 24.352702 	 42.939758 	 50.699281
   29 	 30.300819 	 43.585888 	 52.109876
   30 	 34.800261 	 43.236562 	 52.999186
   31 	 32.112079 	 43.324101 	 54.272061
   32 	 32.112079 	 43.561845 	 53.790610
   33 	 34.742501 	 44.256245 	 55.034389
   34 	 34.976329 	 44.716506 	 55.451835
   35 	 32.672267 	 45.417514 	 55.531826
   36 	 32.445475 	 45.600669 	 57.418582
   37 	 32.672267 	 45.982089 	 56.291215
   38 	 32.702313 	 46.363001 	 58.391341
   39 	 29.991407 	 47.221459 	 59.091070
   40 	 31.836145 	 47.134922 	 59.091070
   41 	 32.791591 	 47.522144 	 62.408613
   42 	 37.329273 	 48.121264 	 63.207854
   43 	 35.613473 	 48.174479 	 62.408613
   44 	 38.081824 	 49.126376 	 62.375669
   45 	 37.653601 	 49.154262 	 60.067193
   46 	 36.864666 	 48.898035 	 60.946490
   47 	 38.992036 	 49.977213 	 58.416263
   48 	 37.044592 	 49.832800 	 61.529196
   49 	 39.859203 	 50.436656 	 60.863069
   50 	 40.455533 	 51.020918 	 60.036883
   51 	 40.988993 	 51.050606 	 60.024498
   52 	 40.988993 	 51.360582 	 61.257112
   53 	 40.988993 	 51.259782 	 58.713085
   54 	 41.710430 	 51.540397 	 58.746423
   55 	 43.168509 	 51.174984 	 60.077031
   56 	 39.685788 	 51.973320 	 62.749011
   57 	 39.014417 	 51.220172 	 61.333800
   58 	 41.700122 	 51.103790 	 59.594145
   59 	 41.530824 	 51.157541 	 59.594145
   60 	 40.331515 	 50.920415 	 59.802238
   61 	 40.669482 	 51.097597 	 59.802238
   62 	 38.525380 	 50.462864 	 59.802238
   63 	 40.567546 	 51.031692 	 60.098933
   64 	 40.717668 	 50.818252 	 60.069008
   65 	 41.009612 	 50.928535 	 59.428420
   66 	 40.606122 	 51.525206 	 59.996544
   67 	 39.200343 	 52.249539 	 63.524848
   68 	 41.774341 	 52.470716 	 63.524848
   69 	 44.159836 	 52.889065 	 63.524848
   70 	 44.159836 	 53.261189 	 63.509222
   71 	 43.547389 	 53.567536 	 63.509222
   72 	 42.648527 	 53.545331 	 63.509222
   73 	 42.906216 	 53.713063 	 61.703598
   74 	 42.603349 	 53.489537 	 62.463274
   75 	 41.087310 	 52.689538 	 60.990431
   76 	 43.474065 	 52.875549 	 60.648804
   77 	 43.494293 	 52.872751 	 60.078659
   78 	 43.429887 	 53.002986 	 62.835616
   79 	 42.389982 	 53.463528 	 62.835616
   80 	 43.644521 	 53.397816 	 61.969049
   81 	 43.632265 	 53.092005 	 64.200306
   82 	 42.057850 	 53.244317 	 64.014180
   83 	 44.468456 	 53.175244 	 64.014180
   84 	 44.466551 	 53.434250 	 60.395900
   85 	 46.479791 	 53.506768 	 60.830479
   86 	 46.667647 	 53.648488 	 61.267505
   87 	 46.661762 	 53.797863 	 61.267505
   88 	 46.661762 	 53.290092 	 60.358812
   89 	 43.639290 	 52.842746 	 60.282850
   90 	 42.255448 	 52.137821 	 58.805920
   91 	 44.438713 	 52.202119 	 58.247781
   92 	 45.132763 	 51.693889 	 57.516479
   93 	 45.838389 	 52.459299 	 58.346376
   94 	 48.054241 	 53.034756 	 58.346376
   95 	 45.742967 	 53.406096 	 59.555361
   96 	 44.023704 	 53.403465 	 60.376360
   97 	 43.483335 	 53.095854 	 61.044464
   98 	 46.411198 	 53.526284 	 62.250549
   99 	 46.411198 	 53.633572 	 59.916647
 