   0 	 16.797415 	 29.163829 	 44.009839
    1 	 14.342745 	 29.598280 	 41.851486
    2 	 21.026450 	 30.475833 	 42.948085
    3 	 18.710264 	 31.238550 	 41.887482
    4 	 18.711827 	 31.739821 	 43.559682
    5 	 14.007718 	 33.087019 	 48.118603
    6 	 20.021165 	 33.926741 	 48.118603
    7 	 20.021165 	 34.984374 	 47.587129
    8 	 24.968472 	 36.219239 	 47.587129
    9 	 23.799231 	 37.524374 	 47.587129
   10 	 26.906268 	 38.092044 	 49.527324
   11 	 25.632051 	 38.768375 	 53.380824
   12 	 28.156934 	 39.897054 	 53.380824
   13 	 27.736712 	 40.459888 	 50.252161
   14 	 29.041095 	 40.408617 	 50.226134
   15 	 27.851353 	 40.879257 	 50.186292
   16 	 29.529869 	 41.497457 	 56.438428
   17 	 29.672104 	 42.404778 	 56.203449
   18 	 32.457940 	 42.846216 	 53.562378
   19 	 32.457940 	 42.835191 	 53.778904
   20 	 34.315153 	 43.787491 	 53.341777
   21 	 32.818472 	 43.846428 	 53.935438
   22 	 34.139480 	 43.981474 	 55.327384
   23 	 33.156341 	 44.277412 	 59.755467
   24 	 32.237662 	 44.770471 	 56.937182
   25 	 35.265559 	 45.130719 	 56.937182
   26 	 33.392716 	 45.177164 	 56.982733
   27 	 35.303243 	 44.686715 	 60.980459
   28 	 31.321069 	 44.567224 	 58.323053
   29 	 35.827298 	 45.453242 	 58.323053
   30 	 34.450604 	 44.970175 	 53.807314
   31 	 36.201052 	 45.883527 	 59.036839
   32 	 33.069715 	 45.548946 	 59.036839
   33 	 36.622737 	 46.657927 	 59.036839
   34 	 38.144921 	 46.996325 	 56.849082
   35 	 39.351419 	 47.546199 	 60.440645
   36 	 38.726259 	 47.393853 	 58.064915
   37 	 36.078571 	 48.078997 	 58.064915
   38 	 38.063668 	 48.503422 	 58.500884
   39 	 39.458150 	 48.695060 	 59.744551
   40 	 39.458150 	 49.014856 	 59.749695
   41 	 38.558886 	 49.117685 	 59.781127
   42 	 39.854503 	 49.913613 	 59.781127
   43 	 42.500026 	 51.064049 	 63.013240
   44 	 40.963439 	 51.470820 	 65.221668
   45 	 35.528221 	 51.309314 	 65.221668
   46 	 42.089459 	 51.843818 	 59.662045
   47 	 43.928439 	 52.260243 	 59.662045
   48 	 41.380297 	 52.258141 	 61.068267
   49 	 43.205307 	 53.008462 	 61.139016
   50 	 44.060317 	 53.572828 	 61.139016
   51 	 45.772317 	 53.563149 	 61.277880
   52 	 44.185114 	 53.317768 	 61.139016
   53 	 42.431058 	 53.537035 	 61.139016
   54 	 43.310209 	 53.292054 	 61.548263
   55 	 46.011281 	 53.511667 	 61.239687
   56 	 43.370600 	 53.514037 	 64.598269
   57 	 43.370600 	 53.539741 	 64.598269
   58 	 43.121511 	 53.511377 	 64.598269
   59 	 43.196689 	 53.689941 	 63.184402
   60 	 44.124606 	 53.227530 	 64.216442
   61 	 44.332846 	 53.595142 	 64.216442
   62 	 44.326367 	 53.321362 	 64.415588
   63 	 44.326367 	 53.411214 	 61.865782
   64 	 47.252944 	 53.452961 	 61.475582
   65 	 43.412165 	 53.223274 	 61.660854
   66 	 43.183283 	 53.472663 	 63.312486
   67 	 42.353048 	 54.009751 	 63.312486
   68 	 39.697612 	 53.774454 	 65.976897
   69 	 39.697612 	 53.949762 	 63.609704
   70 	 41.185840 	 54.028461 	 61.640143
   71 	 43.066353 	 54.212272 	 64.797121
   72 	 46.143476 	 53.717757 	 62.690136
   73 	 43.996642 	 54.009252 	 62.971886
   74 	 43.996642 	 53.600572 	 61.037247
   75 	 45.409703 	 53.109284 	 60.215934
   76 	 45.821481 	 52.976823 	 60.076661
   77 	 45.080490 	 53.050481 	 62.402401
   78 	 45.080490 	 53.344539 	 60.514339
   79 	 44.047906 	 53.906571 	 60.986937
   80 	 43.374310 	 53.457613 	 62.970742
   81 	 44.942439 	 53.408920 	 62.970742
   82 	 45.061331 	 53.770299 	 62.970742
   83 	 45.759321 	 54.897101 	 62.979389
   84 	 44.565646 	 54.962847 	 61.461698
   85 	 46.222002 	 55.375915 	 62.889126
   86 	 43.772177 	 55.254046 	 61.977278
   87 	 46.210239 	 55.380925 	 61.185350
   88 	 46.107058 	 55.530975 	 63.711167
   89 	 47.758840 	 55.757881 	 62.166603
   90 	 46.052898 	 55.368119 	 61.815193
   91 	 44.717067 	 55.392317 	 63.344653
   92 	 44.717067 	 55.953581 	 67.989039
   93 	 44.256766 	 55.976787 	 66.952876
   94 	 46.943755 	 56.097742 	 66.115587
   95 	 46.343685 	 56.413212 	 66.420606
   96 	 47.071684 	 57.230573 	 66.772546
   97 	 48.811908 	 57.240279 	 66.384414
   98 	 49.446156 	 57.346196 	 66.384414
   99 	 52.169614 	 57.637351 	 66.010000
 