   0 	 12.601530 	 28.853903 	 43.438986
    1 	 18.568679 	 30.394530 	 43.140544
    2 	 18.129607 	 31.873001 	 43.140544
    3 	 20.070975 	 32.602994 	 43.881208
    4 	 19.968608 	 32.598163 	 40.943186
    5 	 20.936669 	 33.644649 	 46.050256
    6 	 22.503943 	 34.320192 	 43.795817
    7 	 24.722833 	 34.994035 	 44.075325
    8 	 24.722833 	 35.186724 	 52.306640
    9 	 25.426861 	 35.558205 	 44.869937
   10 	 25.048997 	 36.938775 	 45.520421
   11 	 23.431779 	 38.320196 	 48.444604
   12 	 25.501114 	 38.767436 	 49.006158
   13 	 25.501114 	 39.977899 	 50.013815
   14 	 27.116989 	 39.799130 	 47.736099
   15 	 27.094838 	 39.867026 	 50.304100
   16 	 28.844156 	 39.788082 	 48.160896
   17 	 28.363612 	 40.308152 	 48.608569
   18 	 28.363612 	 40.596893 	 47.455741
   19 	 28.363612 	 40.601550 	 52.419887
   20 	 29.536885 	 40.967618 	 51.754834
   21 	 31.241290 	 40.767702 	 50.285662
   22 	 30.356168 	 41.690612 	 50.760474
   23 	 32.555868 	 42.402238 	 50.760474
   24 	 32.622432 	 42.758961 	 51.354912
   25 	 32.754882 	 42.378400 	 51.354912
   26 	 30.860612 	 42.388376 	 54.489894
   27 	 33.125127 	 42.339486 	 50.011639
   28 	 33.121162 	 41.985975 	 50.229600
   29 	 33.805807 	 41.784650 	 52.381459
   30 	 31.518188 	 41.447251 	 52.381459
   31 	 34.243265 	 42.194033 	 53.231983
   32 	 34.045809 	 42.607686 	 53.231983
   33 	 33.794085 	 43.428856 	 53.232685
   34 	 34.306694 	 44.128909 	 53.577746
   35 	 33.605086 	 43.900009 	 55.645935
   36 	 33.605086 	 43.957363 	 55.645935
   37 	 35.160021 	 44.150409 	 55.645935
   38 	 33.854826 	 44.667353 	 55.640399
   39 	 31.914232 	 45.209223 	 53.871157
   40 	 33.289423 	 45.444570 	 54.438329
   41 	 34.779038 	 45.596160 	 52.921425
   42 	 38.247225 	 46.247553 	 55.089374
   43 	 36.772178 	 46.411011 	 55.089374
   44 	 36.084979 	 46.613661 	 55.076628
   45 	 35.317896 	 46.505689 	 55.485322
   46 	 33.365652 	 46.498325 	 55.076628
   47 	 36.021466 	 46.596183 	 55.076628
   48 	 39.692953 	 47.379743 	 55.089374
   49 	 39.142934 	 47.668896 	 56.350051
   50 	 38.728839 	 47.991682 	 56.150124
   51 	 40.617618 	 48.052271 	 56.150124
   52 	 39.381136 	 48.238076 	 57.063306
   53 	 38.788791 	 48.988789 	 57.488214
   54 	 38.587280 	 48.968011 	 57.514351
   55 	 33.513823 	 49.767435 	 57.366956
   56 	 40.069799 	 49.728382 	 57.736740
   57 	 37.663445 	 49.747650 	 58.412124
   58 	 41.950933 	 50.452237 	 58.412124
   59 	 42.546896 	 50.407544 	 59.080653
   60 	 42.806749 	 51.000272 	 59.080653
   61 	 41.520212 	 50.000681 	 57.681254
   62 	 41.526803 	 50.622131 	 57.681254
   63 	 41.316576 	 49.819169 	 57.651858
   64 	 43.812329 	 50.380784 	 57.633197
   65 	 43.152704 	 50.597986 	 58.116426
   66 	 43.233969 	 50.708639 	 58.116426
   67 	 44.877375 	 51.029517 	 56.568425
   68 	 43.581264 	 50.829777 	 56.522362
   69 	 41.848251 	 51.029593 	 58.749943
   70 	 41.848251 	 51.408299 	 57.471630
   71 	 41.848251 	 51.610954 	 57.640292
   72 	 40.095265 	 51.935848 	 57.242597
   73 	 42.337714 	 52.199339 	 59.668809
   74 	 43.428354 	 52.499168 	 60.188273
   75 	 45.161390 	 52.624421 	 59.018539
   76 	 45.147464 	 52.434822 	 64.357763
   77 	 44.747337 	 52.263070 	 64.357763
   78 	 44.408549 	 52.531068 	 61.918228
   79 	 45.360856 	 52.899646 	 60.524545
   80 	 41.464711 	 52.561710 	 60.631721
   81 	 42.301267 	 52.899972 	 60.733861
   82 	 44.338029 	 53.156012 	 61.767236
   83 	 44.338029 	 53.358612 	 61.321274
   84 	 44.323968 	 53.092033 	 61.977059
   85 	 44.893753 	 53.238269 	 61.210386
   86 	 43.754452 	 53.550565 	 60.886251
   87 	 44.245846 	 53.179893 	 61.767892
   88 	 42.647451 	 53.025269 	 61.767892
   89 	 47.937290 	 53.823274 	 61.767892
   90 	 46.128079 	 54.040547 	 61.022438
   91 	 46.128079 	 54.202876 	 63.049096
   92 	 45.533432 	 53.955255 	 63.504263
   93 	 45.516301 	 54.042341 	 63.178091
   94 	 45.533432 	 54.080539 	 64.162019
   95 	 46.342366 	 54.096836 	 64.162019
   96 	 44.332722 	 54.256129 	 63.085919
   97 	 48.650062 	 54.343560 	 63.141461
   98 	 46.670323 	 54.763788 	 62.221814
   99 	 48.225569 	 54.785937 	 62.221814
 