   0 	 14.921433 	 28.500798 	 41.974291
    1 	 17.252173 	 29.210029 	 43.483243
    2 	 13.123519 	 29.545665 	 43.491250
    3 	 13.123519 	 30.373474 	 45.466309
    4 	 17.776621 	 30.965059 	 45.578834
    5 	 19.978482 	 31.908546 	 45.565745
    6 	 20.699321 	 33.830325 	 45.784227
    7 	 20.648659 	 35.146083 	 47.194412
    8 	 20.694596 	 35.976611 	 46.894349
    9 	 23.193657 	 37.242114 	 46.894349
   10 	 22.958043 	 37.739355 	 50.018117
   11 	 27.148404 	 38.823347 	 50.018117
   12 	 27.148404 	 39.359016 	 50.018117
   13 	 27.676055 	 40.247576 	 50.931353
   14 	 26.671494 	 40.263638 	 50.248205
   15 	 28.192969 	 40.465417 	 51.867795
   16 	 30.805340 	 41.201987 	 51.466296
   17 	 31.973294 	 42.073799 	 52.218783
   18 	 33.464457 	 42.897043 	 52.218783
   19 	 32.474046 	 43.126464 	 51.291113
   20 	 34.315093 	 43.371907 	 53.523553
   21 	 33.499113 	 43.391253 	 53.523553
   22 	 34.372090 	 43.994150 	 53.203835
   23 	 33.251532 	 44.795261 	 55.122369
   24 	 33.251532 	 44.875343 	 54.318756
   25 	 32.278240 	 45.123591 	 57.278691
   26 	 33.630945 	 45.239028 	 55.223136
   27 	 34.772632 	 45.379759 	 55.658803
   28 	 34.061713 	 45.333383 	 53.881789
   29 	 35.620202 	 45.446607 	 58.293371
   30 	 33.706876 	 45.285291 	 56.575876
   31 	 34.290175 	 44.708117 	 56.237350
   32 	 33.770188 	 45.405368 	 54.693260
   33 	 35.104473 	 45.840605 	 55.758143
   34 	 34.129936 	 45.989402 	 57.654779
   35 	 35.641358 	 46.309358 	 57.600867
   36 	 37.576098 	 46.035995 	 57.600867
   37 	 37.079459 	 47.439090 	 60.953828
   38 	 37.226527 	 48.132723 	 60.873806
   39 	 33.885414 	 47.861451 	 58.007469
   40 	 38.856137 	 47.818063 	 60.035738
   41 	 40.495170 	 47.938234 	 58.007469
   42 	 39.205547 	 47.882159 	 56.412743
   43 	 40.442527 	 47.271789 	 57.053158
   44 	 37.923042 	 47.001620 	 55.331561
   45 	 39.228005 	 47.256560 	 55.353575
   46 	 39.089714 	 47.320755 	 55.633265
   47 	 38.347340 	 47.148855 	 56.529366
   48 	 41.068596 	 47.838418 	 58.884773
   49 	 39.280878 	 47.898945 	 57.220435
   50 	 39.233263 	 47.364086 	 56.079929
   51 	 39.288420 	 47.194075 	 56.102975
   52 	 37.368562 	 47.637612 	 56.119910
   53 	 39.531427 	 48.290776 	 56.207106
   54 	 39.531427 	 48.309144 	 55.388635
   55 	 39.737869 	 48.224386 	 55.664052
   56 	 39.744314 	 48.862077 	 56.400060
   57 	 40.303776 	 48.535366 	 55.819444
   58 	 39.378881 	 47.851799 	 55.605578
   59 	 37.245160 	 47.635848 	 54.474323
   60 	 36.043455 	 47.655256 	 55.891678
   61 	 35.542259 	 48.169642 	 58.920241
   62 	 35.182301 	 48.228942 	 58.920241
   63 	 37.179323 	 49.133338 	 58.743485
   64 	 40.030407 	 49.282788 	 59.352572
   65 	 41.400394 	 49.362090 	 57.633464
   66 	 38.900759 	 49.717025 	 58.950403
   67 	 42.416952 	 49.667401 	 58.430608
   68 	 41.438936 	 49.376802 	 55.394127
   69 	 40.954300 	 49.370539 	 58.463903
   70 	 40.884207 	 49.461952 	 60.411459
   71 	 40.569177 	 49.540270 	 59.368993
   72 	 38.212022 	 49.501077 	 58.640167
   73 	 39.280277 	 49.485265 	 58.634510
   74 	 38.732744 	 49.559736 	 61.579258
   75 	 40.602115 	 49.252875 	 58.108380
   76 	 40.602115 	 49.377259 	 57.630455
   77 	 40.756063 	 49.367546 	 57.996834
   78 	 41.175310 	 49.363407 	 55.442529
   79 	 40.775997 	 49.642304 	 57.657447
   80 	 42.257054 	 49.548029 	 57.514394
   81 	 42.311005 	 49.581984 	 58.357695
   82 	 41.181978 	 49.903434 	 61.507100
   83 	 37.421206 	 49.734135 	 60.371506
   84 	 43.010675 	 50.057918 	 60.371506
   85 	 40.039755 	 50.317438 	 60.371506
   86 	 37.169744 	 50.776589 	 61.143775
   87 	 41.431605 	 50.781251 	 62.022333
   88 	 41.610550 	 51.107916 	 58.439036
   89 	 41.442055 	 51.113186 	 59.172842
   90 	 41.554690 	 51.976136 	 59.813235
   91 	 41.081913 	 51.579887 	 62.381274
   92 	 40.155454 	 50.622782 	 62.129666
   93 	 40.155454 	 50.660895 	 59.232203
   94 	 40.155454 	 50.549103 	 57.900079
   95 	 44.145295 	 50.701202 	 57.572391
   96 	 42.944893 	 50.642103 	 57.572391
   97 	 42.960735 	 50.814234 	 59.857402
   98 	 42.960735 	 50.789813 	 58.408528
   99 	 40.465495 	 50.726045 	 57.196952
 