   0 	 18.503766 	 28.507299 	 39.553902
    1 	 18.303525 	 29.551869 	 40.379412
    2 	 19.720622 	 29.557771 	 42.841287
    3 	 17.288697 	 29.781511 	 42.540433
    4 	 17.592941 	 30.771766 	 44.928172
    5 	 22.859788 	 32.032937 	 46.336942
    6 	 23.150132 	 32.946834 	 46.336942
    7 	 20.283164 	 33.542191 	 46.336942
    8 	 20.283164 	 33.336306 	 46.336942
    9 	 20.092140 	 34.445791 	 49.919030
   10 	 21.320868 	 35.309088 	 51.848488
   11 	 21.322682 	 36.336882 	 51.335790
   12 	 21.322682 	 37.220412 	 50.018147
   13 	 21.322682 	 38.202508 	 50.018147
   14 	 18.995297 	 39.590773 	 56.611200
   15 	 23.436523 	 40.636871 	 56.611200
   16 	 23.436523 	 39.740368 	 53.320556
   17 	 28.913046 	 40.419707 	 53.665333
   18 	 28.913046 	 40.993813 	 54.862330
   19 	 30.320210 	 41.066090 	 52.833530
   20 	 28.780904 	 41.194263 	 51.340895
   21 	 28.780904 	 41.371164 	 55.050145
   22 	 26.641555 	 42.337939 	 52.142880
   23 	 30.802645 	 42.557104 	 54.609783
   24 	 32.869469 	 43.135257 	 53.433256
   25 	 34.128596 	 43.547630 	 53.433256
   26 	 31.630463 	 44.399418 	 55.550852
   27 	 32.270501 	 45.713574 	 58.467845
   28 	 35.477310 	 45.682021 	 56.080685
   29 	 37.115846 	 46.213776 	 62.043763
   30 	 37.003509 	 46.291815 	 59.928137
   31 	 37.742086 	 46.591902 	 57.418199
   32 	 37.030586 	 46.917604 	 54.762332
   33 	 35.096057 	 47.064218 	 55.577075
   34 	 38.101288 	 48.797005 	 57.954399
   35 	 37.712699 	 49.000299 	 58.099969
   36 	 38.256766 	 49.001760 	 58.607850
   37 	 36.675348 	 49.207056 	 59.667904
   38 	 39.857894 	 49.799549 	 61.030353
   39 	 38.517879 	 49.730006 	 61.221518
   40 	 40.722653 	 50.314065 	 60.839638
   41 	 40.722653 	 50.123302 	 59.252002
   42 	 39.309330 	 50.452631 	 59.192521
   43 	 41.160885 	 50.976381 	 59.202385
   44 	 41.195023 	 50.865272 	 59.480785
   45 	 40.534345 	 50.879918 	 59.775005
   46 	 44.403778 	 50.613818 	 58.276084
   47 	 41.284093 	 50.801368 	 58.555224
   48 	 39.090597 	 50.895147 	 57.810920
   49 	 41.967110 	 50.913744 	 58.949976
   50 	 39.164153 	 50.418525 	 58.576753
   51 	 39.164153 	 50.205435 	 58.866259
   52 	 41.773339 	 50.628037 	 57.856431
   53 	 40.742330 	 50.870874 	 58.137493
   54 	 42.304367 	 50.742981 	 58.137493
   55 	 41.308737 	 51.511727 	 58.909732
   56 	 41.308737 	 52.685012 	 63.863743
   57 	 41.308737 	 51.774348 	 58.909732
   58 	 41.308737 	 51.209506 	 60.141068
   59 	 43.585607 	 51.892866 	 60.141068
   60 	 43.972837 	 51.657842 	 59.295657
   61 	 44.115530 	 51.683964 	 60.151053
   62 	 42.509270 	 51.358344 	 60.151053
   63 	 40.520214 	 51.301631 	 60.882021
   64 	 42.623913 	 51.870432 	 59.028108
   65 	 43.085260 	 52.106019 	 60.013298
   66 	 44.398722 	 52.755222 	 59.783621
   67 	 44.024167 	 53.039255 	 60.203886
   68 	 43.226510 	 53.464729 	 61.585138
   69 	 43.008099 	 53.426622 	 60.826313
   70 	 44.603358 	 53.277321 	 61.208048
   71 	 38.515803 	 53.047597 	 61.208048
   72 	 38.515803 	 53.006389 	 61.173275
   73 	 36.137133 	 53.386579 	 63.039283
   74 	 41.464463 	 53.602850 	 61.747579
   75 	 41.622542 	 53.821253 	 61.286963
   76 	 45.830704 	 53.744328 	 62.415238
   77 	 43.882962 	 53.404542 	 62.415238
   78 	 43.958564 	 54.161609 	 60.821682
   79 	 43.958564 	 53.737793 	 60.426606
   80 	 44.384164 	 54.060951 	 61.646763
   81 	 44.318315 	 54.280842 	 60.653265
   82 	 44.318315 	 53.961072 	 60.653265
   83 	 44.306119 	 53.713920 	 62.459424
   84 	 42.983833 	 53.498936 	 62.116017
   85 	 40.273631 	 53.379408 	 62.116017
   86 	 41.159995 	 53.628106 	 59.262171
   87 	 41.159995 	 52.889061 	 59.278920
   88 	 40.878966 	 53.259104 	 59.511709
   89 	 40.878966 	 53.088582 	 62.562862
   90 	 43.833183 	 53.064075 	 62.562862
   91 	 43.881397 	 52.890402 	 62.957029
   92 	 43.932007 	 52.624331 	 62.562862
   93 	 43.330789 	 52.766771 	 61.801145
   94 	 43.225379 	 52.705997 	 61.801145
   95 	 42.205352 	 52.606147 	 62.226005
   96 	 45.030882 	 53.669327 	 61.041017
   97 	 44.041364 	 53.222702 	 60.671032
   98 	 44.122535 	 53.220665 	 60.953576
   99 	 44.122535 	 53.653015 	 60.955303
 