   0 	 18.492206 	 29.060497 	 45.011223
    1 	 17.430708 	 30.287873 	 43.458642
    2 	 18.691306 	 30.964215 	 43.443671
    3 	 20.979703 	 31.563424 	 45.277539
    4 	 20.979703 	 32.126578 	 43.372308
    5 	 23.157313 	 33.126906 	 45.120093
    6 	 23.436522 	 34.307536 	 44.212899
    7 	 22.473776 	 35.071704 	 44.657079
    8 	 22.473776 	 36.058435 	 45.603347
    9 	 22.473776 	 36.519728 	 45.603347
   10 	 24.023956 	 36.766426 	 48.598183
   11 	 23.011531 	 37.328630 	 47.453871
   12 	 23.011531 	 37.123687 	 49.043938
   13 	 24.023956 	 36.786831 	 48.033764
   14 	 29.515124 	 37.522419 	 48.033764
   15 	 26.156697 	 37.722362 	 48.077829
   16 	 26.464442 	 37.509188 	 48.077829
   17 	 27.543912 	 37.966992 	 49.553083
   18 	 29.102708 	 37.828921 	 48.972064
   19 	 26.116130 	 38.133950 	 47.606319
   20 	 26.787303 	 38.373136 	 47.274209
   21 	 27.173446 	 38.366376 	 48.859438
   22 	 28.187749 	 39.882418 	 48.859438
   23 	 25.260324 	 39.787653 	 50.682016
   24 	 25.532398 	 39.837678 	 49.716497
   25 	 22.885704 	 40.088214 	 48.834646
   26 	 31.643261 	 40.821496 	 51.629257
   27 	 29.364634 	 40.048968 	 49.901491
   28 	 29.364634 	 40.568566 	 49.959230
   29 	 26.922819 	 40.046475 	 50.964871
   30 	 26.920846 	 39.789391 	 50.964871
   31 	 29.423872 	 40.934283 	 50.005218
   32 	 28.170443 	 41.970674 	 53.014480
   33 	 29.511924 	 42.613377 	 53.802598
   34 	 29.511924 	 42.634608 	 49.899456
   35 	 32.757980 	 43.348243 	 53.647011
   36 	 29.668991 	 44.032652 	 53.647011
   37 	 32.877937 	 44.278857 	 51.141789
   38 	 32.877937 	 44.396281 	 52.839423
   39 	 32.503715 	 44.713184 	 53.563103
   40 	 33.225318 	 44.524189 	 53.563103
   41 	 33.217850 	 44.754892 	 51.582956
   42 	 34.935196 	 44.871460 	 53.501443
   43 	 34.935196 	 45.165876 	 52.429138
   44 	 34.935196 	 45.233481 	 52.408212
   45 	 34.846141 	 45.820316 	 53.221418
   46 	 34.846141 	 45.810536 	 54.330991
   47 	 34.228944 	 46.408248 	 54.330991
   48 	 37.934151 	 46.500045 	 54.330991
   49 	 35.358045 	 46.318380 	 54.012165
   50 	 36.095064 	 46.886726 	 55.665243
   51 	 37.283084 	 47.155825 	 55.665243
   52 	 34.268298 	 47.460938 	 55.614869
   53 	 39.094213 	 48.034636 	 55.651567
   54 	 40.340081 	 48.819491 	 55.637559
   55 	 38.278815 	 49.097249 	 55.689551
   56 	 39.373201 	 49.270157 	 58.795019
   57 	 37.270065 	 49.467029 	 56.000332
   58 	 41.132224 	 50.057993 	 58.560003
   59 	 41.131276 	 50.211973 	 57.830787
   60 	 41.131276 	 50.132823 	 56.990611
   61 	 39.736702 	 50.583166 	 58.875097
   62 	 39.735024 	 50.223303 	 60.900822
   63 	 40.308989 	 50.099857 	 60.900822
   64 	 39.528306 	 50.299724 	 56.826008
   65 	 39.590826 	 50.142328 	 59.393045
   66 	 41.719886 	 49.432938 	 58.918417
   67 	 41.638114 	 49.800588 	 58.918417
   68 	 41.110266 	 49.544896 	 59.059744
   69 	 42.057082 	 49.731455 	 59.059744
   70 	 40.805583 	 49.269753 	 58.920707
   71 	 40.805583 	 49.953294 	 58.920707
   72 	 40.312017 	 49.920642 	 58.920707
   73 	 40.805583 	 50.206540 	 59.268246
   74 	 40.217518 	 50.212154 	 59.450889
   75 	 40.217518 	 50.177466 	 60.206237
   76 	 40.172228 	 50.363257 	 61.659112
   77 	 39.381827 	 50.518800 	 61.659112
   78 	 37.678607 	 50.011689 	 60.310184
   79 	 39.437607 	 50.414816 	 61.146024
   80 	 39.445674 	 50.626442 	 60.310184
   81 	 39.445674 	 50.819318 	 61.557935
   82 	 38.093031 	 51.412715 	 61.165220
   83 	 40.077747 	 51.123159 	 59.822845
   84 	 41.062553 	 50.943322 	 59.822845
   85 	 40.144820 	 51.411886 	 60.303441
   86 	 43.405152 	 51.867304 	 59.485768
   87 	 44.076486 	 52.079646 	 61.037216
   88 	 42.189267 	 51.616960 	 58.436470
   89 	 42.229690 	 51.176270 	 58.323833
   90 	 43.643117 	 51.553158 	 57.725117
   91 	 44.592056 	 51.563857 	 59.606087
   92 	 42.807840 	 51.109958 	 59.145378
   93 	 42.807840 	 50.737190 	 59.984861
   94 	 42.229634 	 50.582010 	 58.113923
   95 	 42.807840 	 50.895444 	 58.302433
   96 	 43.402924 	 50.884084 	 57.943764
   97 	 43.766365 	 50.979892 	 58.376039
   98 	 43.060356 	 51.187513 	 59.842355
   99 	 41.622008 	 51.182139 	 58.838860
 