   0 	 16.516171 	 28.626330 	 42.278430
    1 	 18.027279 	 29.258827 	 42.160292
    2 	 18.027279 	 29.555208 	 38.556253
    3 	 19.716069 	 30.009457 	 45.195804
    4 	 19.716069 	 30.625323 	 46.859646
    5 	 18.404495 	 31.012310 	 45.924030
    6 	 22.037675 	 31.548867 	 42.289695
    7 	 20.239681 	 31.899410 	 49.123335
    8 	 24.160612 	 33.737495 	 49.123335
    9 	 19.837914 	 34.993372 	 45.283417
   10 	 23.102005 	 35.808343 	 45.041593
   11 	 22.913870 	 35.875098 	 45.970454
   12 	 25.320877 	 36.840035 	 49.250207
   13 	 23.214606 	 36.439911 	 46.470680
   14 	 25.387382 	 36.636805 	 46.802352
   15 	 27.608223 	 37.253414 	 48.019005
   16 	 27.607359 	 37.930833 	 49.434467
   17 	 26.077290 	 38.101451 	 49.642500
   18 	 29.079250 	 39.138803 	 51.315811
   19 	 29.639777 	 39.971008 	 51.315811
   20 	 29.639777 	 40.460987 	 49.701165
   21 	 29.639777 	 40.725353 	 50.473786
   22 	 29.639777 	 41.856208 	 51.029672
   23 	 31.343567 	 41.950529 	 52.954141
   24 	 31.343567 	 42.456642 	 53.759174
   25 	 30.122016 	 42.240185 	 50.715801
   26 	 33.304253 	 42.365309 	 53.626283
   27 	 34.774606 	 43.333937 	 54.313577
   28 	 30.903219 	 43.764397 	 54.313577
   29 	 37.378330 	 44.493153 	 53.237326
   30 	 37.378330 	 44.215948 	 52.925232
   31 	 36.356932 	 43.805897 	 55.088403
   32 	 35.969299 	 43.829246 	 55.738000
   33 	 34.267958 	 44.005480 	 56.858538
   34 	 35.258445 	 44.229293 	 56.795113
   35 	 33.418630 	 44.360091 	 58.434415
   36 	 34.976818 	 45.075083 	 59.194870
   37 	 36.988983 	 45.773480 	 54.451556
   38 	 38.455553 	 46.028724 	 52.361220
   39 	 38.180687 	 46.045906 	 53.163644
   40 	 37.225960 	 46.247274 	 55.198475
   41 	 38.679642 	 46.920258 	 55.198475
   42 	 36.539458 	 46.728803 	 55.198475
   43 	 36.851462 	 46.818557 	 55.421109
   44 	 37.907316 	 47.145730 	 55.421109
   45 	 38.854464 	 47.202224 	 53.906923
   46 	 38.854215 	 47.031913 	 54.840878
   47 	 38.518348 	 46.864951 	 55.152891
   48 	 39.584323 	 47.404896 	 55.152891
   49 	 37.813373 	 48.031297 	 55.770411
   50 	 37.145213 	 48.215183 	 57.512188
   51 	 39.611355 	 48.464129 	 56.243666
   52 	 40.123431 	 48.098373 	 57.299142
   53 	 37.633542 	 47.800679 	 54.244182
   54 	 40.123431 	 48.388805 	 56.602993
   55 	 37.036712 	 48.391752 	 55.162521
   56 	 40.586013 	 48.603845 	 57.423771
   57 	 40.302024 	 49.221928 	 57.444468
   58 	 39.546470 	 49.600484 	 57.444468
   59 	 38.452573 	 49.752316 	 60.545086
   60 	 39.261894 	 50.146626 	 60.545086
   61 	 38.972895 	 50.407518 	 59.604209
   62 	 41.197687 	 51.423512 	 59.604209
   63 	 40.618877 	 51.657985 	 59.693714
   64 	 39.507077 	 51.817330 	 57.316995
   65 	 39.507077 	 51.897322 	 58.260916
   66 	 39.507077 	 51.488607 	 60.360626
   67 	 39.507077 	 51.760900 	 61.180699
   68 	 40.710876 	 51.754986 	 61.180699
   69 	 45.540004 	 51.810943 	 58.493390
   70 	 44.593776 	 52.169733 	 59.733084
   71 	 43.337433 	 52.173953 	 58.484850
   72 	 39.705167 	 52.410960 	 59.643879
   73 	 41.414215 	 52.450824 	 59.940197
   74 	 40.581817 	 52.098841 	 61.321719
   75 	 39.662787 	 51.986671 	 58.384786
   76 	 42.888726 	 52.246979 	 60.887932
   77 	 46.739887 	 52.879272 	 60.887932
   78 	 46.549612 	 52.812925 	 61.523874
   79 	 45.725456 	 52.759035 	 61.633457
   80 	 45.798825 	 53.131743 	 60.832356
   81 	 42.927041 	 52.978315 	 59.294209
   82 	 42.927041 	 53.343640 	 62.543218
   83 	 40.119002 	 53.388406 	 62.685275
   84 	 43.540539 	 53.721500 	 62.453625
   85 	 47.727281 	 54.516464 	 62.453625
   86 	 47.292243 	 54.122418 	 62.883185
   87 	 45.596757 	 54.162986 	 63.279892
   88 	 45.135867 	 54.494053 	 61.155936
   89 	 45.596757 	 54.241169 	 63.253178
   90 	 45.732132 	 54.076053 	 63.095737
   91 	 45.704644 	 53.943454 	 62.988669
   92 	 45.704644 	 53.631639 	 61.321842
   93 	 46.094815 	 53.837968 	 61.756881
   94 	 46.417537 	 53.764330 	 62.489145
   95 	 45.749959 	 54.278680 	 62.059826
   96 	 46.197548 	 54.488327 	 61.334915
   97 	 43.704127 	 54.274383 	 60.986769
   98 	 42.473697 	 54.802540 	 61.156152
   99 	 45.469902 	 55.068359 	 61.156152
 