   0 	 17.792317 	 28.551178 	 40.937097
    1 	 17.792317 	 29.094597 	 38.497075
    2 	 17.792317 	 29.238216 	 42.201690
    3 	 18.883039 	 29.695614 	 44.265021
    4 	 19.852785 	 30.039895 	 40.885470
    5 	 19.018439 	 30.018942 	 40.959239
    6 	 19.621422 	 29.984932 	 40.528013
    7 	 17.217110 	 30.347219 	 40.825262
    8 	 17.217110 	 31.916454 	 40.825262
    9 	 18.389014 	 32.210865 	 43.895986
   10 	 20.187503 	 33.485492 	 42.842373
   11 	 20.669335 	 34.916636 	 44.994986
   12 	 22.573140 	 35.948450 	 45.908716
   13 	 23.488743 	 37.394618 	 47.080654
   14 	 23.380913 	 37.368998 	 50.576627
   15 	 25.961275 	 37.596173 	 47.414436
   16 	 25.359228 	 38.296109 	 48.489437
   17 	 23.458570 	 38.288692 	 48.037709
   18 	 22.230151 	 39.551481 	 50.752638
   19 	 24.379259 	 39.468137 	 53.869750
   20 	 27.648917 	 39.605119 	 53.869750
   21 	 27.555430 	 40.534806 	 53.868573
   22 	 27.849865 	 40.167489 	 54.481076
   23 	 29.034920 	 40.723573 	 54.481076
   24 	 27.490179 	 40.597785 	 54.481076
   25 	 29.604543 	 41.851213 	 54.481076
   26 	 29.865769 	 42.001016 	 54.481076
   27 	 31.178699 	 42.727769 	 54.481076
   28 	 31.178699 	 42.660958 	 56.137690
   29 	 34.314898 	 43.517862 	 54.749748
   30 	 34.787114 	 44.764824 	 54.749748
   31 	 35.926313 	 43.755878 	 54.456177
   32 	 33.423078 	 43.852892 	 54.456177
   33 	 33.647233 	 43.755487 	 54.451612
   34 	 31.498473 	 44.060110 	 52.718091
   35 	 31.498473 	 44.517255 	 52.718091
   36 	 34.377951 	 45.333443 	 52.460714
   37 	 36.279313 	 45.644040 	 56.393685
   38 	 32.617816 	 45.990206 	 60.357229
   39 	 32.644189 	 46.583955 	 57.954192
   40 	 33.975233 	 47.302025 	 58.972557
   41 	 37.617174 	 48.663348 	 58.298985
   42 	 38.067698 	 49.624905 	 57.954192
   43 	 39.166655 	 49.840532 	 57.954192
   44 	 39.166655 	 49.689950 	 61.012193
   45 	 39.783535 	 50.374579 	 61.012193
   46 	 39.522102 	 50.985180 	 61.014260
   47 	 37.791049 	 51.563510 	 61.352409
   48 	 41.166725 	 51.618309 	 60.556596
   49 	 42.576078 	 52.603835 	 60.562172
   50 	 43.579440 	 53.152261 	 61.761669
   51 	 45.191517 	 53.366904 	 61.941113
   52 	 42.790762 	 53.650865 	 61.928576
   53 	 45.598570 	 54.423760 	 62.818963
   54 	 43.993984 	 54.635977 	 62.814834
   55 	 46.728148 	 54.864002 	 62.814834
   56 	 47.166422 	 54.998549 	 63.693849
   57 	 46.175807 	 54.535083 	 60.690233
   58 	 45.451999 	 53.986955 	 61.146513
   59 	 43.870173 	 54.032359 	 63.520900
   60 	 41.491116 	 54.377321 	 65.915389
   61 	 45.063011 	 54.415699 	 65.915389
   62 	 46.821793 	 54.792741 	 64.514634
   63 	 46.847500 	 55.037296 	 62.775093
   64 	 46.887796 	 54.902930 	 62.696956
   65 	 47.437662 	 54.804706 	 61.590530
   66 	 46.279442 	 54.942341 	 61.788506
   67 	 47.652577 	 55.586048 	 61.720520
   68 	 47.946202 	 55.985862 	 63.141099
   69 	 45.990755 	 55.413367 	 63.141099
   70 	 45.990755 	 55.668631 	 61.876046
   71 	 47.453175 	 55.763990 	 62.678342
   72 	 45.446917 	 56.050103 	 64.099821
   73 	 45.446917 	 55.966431 	 64.106972
   74 	 45.983365 	 55.999851 	 63.290334
   75 	 44.265121 	 55.736199 	 64.617496
   76 	 46.233067 	 56.425288 	 64.617496
   77 	 47.295540 	 56.647132 	 64.766240
   78 	 47.295540 	 56.931252 	 64.012824
   79 	 47.295540 	 57.559724 	 64.073828
   80 	 47.295540 	 57.477426 	 64.060144
   81 	 48.926098 	 57.941699 	 65.002214
   82 	 50.419915 	 58.645096 	 64.060144
   83 	 49.091798 	 59.062516 	 64.252079
   84 	 51.662952 	 59.094192 	 64.041751
   85 	 51.300095 	 58.903053 	 65.005072
   86 	 51.292922 	 58.790578 	 65.005072
   87 	 51.292922 	 59.212664 	 65.070224
   88 	 52.775452 	 59.250943 	 65.414567
   89 	 52.881353 	 59.433588 	 64.798914
   90 	 50.664375 	 59.284992 	 65.092229
   91 	 50.936790 	 59.396735 	 64.786030
   92 	 50.565923 	 59.567474 	 64.786030
   93 	 51.684067 	 59.854266 	 66.492365
   94 	 53.472722 	 59.857072 	 66.492365
   95 	 54.850133 	 59.775388 	 65.087399
   96 	 51.898408 	 59.571005 	 64.379887
   97 	 50.140435 	 59.383732 	 64.745298
   98 	 52.048667 	 59.564821 	 65.364966
   99 	 52.048667 	 60.015925 	 66.865801
 