   0 	 17.081782 	 27.956979 	 41.001015
    1 	 17.569689 	 28.518125 	 38.964924
    2 	 17.802502 	 29.547586 	 41.144698
    3 	 17.802502 	 29.817478 	 41.265989
    4 	 20.202397 	 30.186537 	 41.265989
    5 	 19.634909 	 31.100013 	 41.265989
    6 	 18.858790 	 32.017707 	 41.265989
    7 	 18.858790 	 31.954647 	 41.473818
    8 	 22.725387 	 33.115326 	 41.844554
    9 	 22.828164 	 34.185452 	 44.880814
   10 	 27.518497 	 34.573299 	 48.523753
   11 	 27.638238 	 35.901509 	 49.255020
   12 	 23.931797 	 36.062005 	 49.255020
   13 	 25.084158 	 37.142495 	 47.313146
   14 	 25.084158 	 37.335081 	 47.492018
   15 	 28.596066 	 38.372393 	 45.984194
   16 	 31.204165 	 38.550892 	 46.414497
   17 	 26.922992 	 38.505864 	 46.229591
   18 	 21.753242 	 37.842505 	 49.367892
   19 	 21.753242 	 37.566875 	 49.367892
   20 	 21.753242 	 38.126021 	 49.647025
   21 	 21.753242 	 38.646698 	 50.948266
   22 	 26.814638 	 39.499280 	 50.948266
   23 	 26.981790 	 41.063704 	 51.984074
   24 	 28.520469 	 42.068627 	 50.974912
   25 	 28.593800 	 42.336403 	 52.203949
   26 	 32.514097 	 42.414565 	 53.317292
   27 	 31.842156 	 42.807874 	 53.364519
   28 	 31.249819 	 42.949058 	 55.174142
   29 	 32.845347 	 43.917082 	 54.510545
   30 	 35.617580 	 44.470556 	 53.714605
   31 	 31.733730 	 45.103672 	 54.028179
   32 	 31.131941 	 45.949846 	 54.545827
   33 	 33.272255 	 46.193244 	 54.352628
   34 	 32.024692 	 46.961003 	 55.196938
   35 	 38.232009 	 47.428530 	 54.664476
   36 	 38.226370 	 48.320865 	 55.308489
   37 	 36.950244 	 48.024054 	 57.793164
   38 	 36.669479 	 48.261670 	 57.793164
   39 	 38.208776 	 47.745541 	 55.874583
   40 	 38.250322 	 47.923780 	 57.288557
   41 	 37.693581 	 48.369149 	 57.455040
   42 	 36.715308 	 48.561865 	 57.455040
   43 	 34.445957 	 48.269252 	 57.455040
   44 	 33.068137 	 48.479503 	 59.164571
   45 	 33.112777 	 48.662475 	 58.902369
   46 	 40.496365 	 49.181970 	 61.699693
   47 	 36.385067 	 48.975052 	 61.699693
   48 	 35.578556 	 49.053343 	 62.834594
   49 	 35.578556 	 49.304373 	 62.834594
   50 	 39.160063 	 49.900377 	 62.834594
   51 	 39.285538 	 49.825255 	 61.373479
   52 	 40.338616 	 50.154150 	 61.434842
   53 	 38.292283 	 51.399798 	 62.195927
   54 	 38.292088 	 51.223301 	 61.359059
   55 	 42.512960 	 51.783881 	 61.334466
   56 	 44.409526 	 52.556256 	 61.334466
   57 	 44.223413 	 52.517003 	 62.386823
   58 	 41.041170 	 53.037018 	 62.511199
   59 	 41.041170 	 53.478525 	 62.410692
   60 	 40.488348 	 53.586436 	 64.062276
   61 	 38.285736 	 53.289256 	 61.636622
   62 	 38.285736 	 53.369008 	 61.765764
   63 	 38.285736 	 52.962644 	 60.528206
   64 	 41.735990 	 52.749291 	 61.896443
   65 	 41.978465 	 52.550178 	 61.896443
   66 	 41.978465 	 52.550445 	 60.964204
   67 	 40.151179 	 52.499512 	 60.776493
   68 	 40.517083 	 52.654438 	 60.604419
   69 	 42.765143 	 52.511321 	 60.604419
   70 	 42.765143 	 53.056485 	 60.588556
   71 	 42.765143 	 53.221210 	 60.588556
   72 	 43.651251 	 53.178844 	 63.920762
   73 	 44.133424 	 53.304739 	 61.241797
   74 	 44.240127 	 53.707276 	 61.241797
   75 	 42.301450 	 52.977317 	 60.227797
   76 	 45.395779 	 53.443502 	 60.303991
   77 	 43.256316 	 53.649626 	 61.596891
   78 	 44.690219 	 53.363491 	 61.056399
   79 	 44.690219 	 53.827755 	 61.782547
   80 	 41.880125 	 53.299807 	 61.782547
   81 	 42.106864 	 53.006499 	 60.994249
   82 	 43.409406 	 53.200721 	 62.031245
   83 	 43.641033 	 53.507136 	 61.706615
   84 	 44.683586 	 53.765748 	 61.706615
   85 	 45.044190 	 53.945706 	 62.112220
   86 	 45.093871 	 53.895014 	 63.071357
   87 	 46.115274 	 54.258516 	 63.154932
   88 	 44.900263 	 54.697431 	 63.154932
   89 	 44.801758 	 55.072730 	 63.141914
   90 	 46.063847 	 55.468145 	 63.319863
   91 	 44.159273 	 55.081746 	 63.319863
   92 	 43.771578 	 54.413746 	 63.374595
   93 	 44.815817 	 54.702334 	 63.508573
   94 	 45.204097 	 55.676855 	 64.524370
   95 	 45.204097 	 55.749833 	 63.248774
   96 	 46.189076 	 55.877606 	 63.477652
   97 	 45.358386 	 56.331749 	 63.284631
   98 	 45.358386 	 56.738124 	 63.556286
   99 	 41.784754 	 56.792312 	 64.882998
 