   0 	 17.305504 	 29.131922 	 42.538351
    1 	 19.038626 	 31.534619 	 44.844674
    2 	 19.588441 	 32.441795 	 44.776550
    3 	 20.379003 	 33.813575 	 48.333738
    4 	 22.513388 	 35.031638 	 46.617991
    5 	 19.959994 	 34.822040 	 49.268193
    6 	 19.898655 	 35.639232 	 53.474942
    7 	 24.282743 	 35.774880 	 49.268193
    8 	 23.294987 	 36.846718 	 51.322608
    9 	 21.739381 	 37.125587 	 49.830618
   10 	 26.409488 	 36.478191 	 50.878782
   11 	 25.043635 	 37.092430 	 48.783003
   12 	 26.484461 	 37.405080 	 49.495704
   13 	 24.150209 	 37.932960 	 50.769675
   14 	 22.911439 	 37.947816 	 49.495704
   15 	 27.377191 	 39.708549 	 52.935417
   16 	 27.350057 	 40.590848 	 52.117381
   17 	 28.962652 	 40.603000 	 52.022402
   18 	 28.997542 	 42.041093 	 52.022402
   19 	 28.997542 	 42.786821 	 52.022402
   20 	 28.997542 	 43.230024 	 55.775828
   21 	 28.997542 	 43.591416 	 55.775828
   22 	 30.517683 	 43.562113 	 56.193426
   23 	 30.866112 	 44.582149 	 56.199260
   24 	 32.840993 	 45.120159 	 55.901798
   25 	 34.988472 	 45.824529 	 56.028934
   26 	 34.988472 	 45.209872 	 57.901522
   27 	 34.988472 	 45.492317 	 54.551276
   28 	 32.812876 	 45.859866 	 57.033420
   29 	 33.379675 	 46.435674 	 60.356307
   30 	 30.460208 	 47.205483 	 62.638673
   31 	 35.265475 	 47.986963 	 62.638673
   32 	 37.534666 	 48.522891 	 63.722923
   33 	 37.534666 	 48.906382 	 63.028404
   34 	 37.311784 	 49.841139 	 63.470251
   35 	 36.600741 	 49.916664 	 61.628787
   36 	 35.274102 	 51.184370 	 61.628787
   37 	 37.758591 	 50.989361 	 61.628787
   38 	 37.775467 	 51.802105 	 61.843028
   39 	 35.404066 	 52.364305 	 61.856906
   40 	 35.404066 	 52.440435 	 60.577202
   41 	 39.878200 	 52.440794 	 60.601287
   42 	 42.768971 	 53.378518 	 60.751847
   43 	 42.022500 	 53.887531 	 62.049423
   44 	 42.539165 	 54.515084 	 60.909779
   45 	 45.587805 	 54.846152 	 60.801669
   46 	 44.395061 	 55.113619 	 60.865218
   47 	 44.395061 	 54.760877 	 60.603359
   48 	 44.395061 	 54.949177 	 61.212767
   49 	 42.600848 	 54.313398 	 61.824141
   50 	 42.117758 	 54.014546 	 62.509231
   51 	 45.886101 	 54.162700 	 62.024219
   52 	 45.178511 	 54.260773 	 66.503737
   53 	 44.191792 	 54.895568 	 66.503737
   54 	 45.140563 	 55.123674 	 66.999413
   55 	 43.686636 	 54.900019 	 66.999413
   56 	 40.368970 	 55.016430 	 63.072919
   57 	 43.411233 	 55.902662 	 63.085426
   58 	 44.090146 	 55.937991 	 64.907118
   59 	 47.793929 	 56.490896 	 65.086702
   60 	 45.223139 	 56.045398 	 64.394290
   61 	 47.482401 	 56.296108 	 65.753998
   62 	 45.048107 	 56.346000 	 66.074050
   63 	 48.853063 	 57.560836 	 66.091087
   64 	 48.853063 	 57.704382 	 63.925206
   65 	 46.617716 	 57.434610 	 65.137531
   66 	 47.949761 	 57.616589 	 64.104000
   67 	 47.949761 	 57.588080 	 64.049594
   68 	 47.318213 	 57.728572 	 64.958351
   69 	 48.723586 	 57.550440 	 65.085253
   70 	 47.811602 	 57.965594 	 66.674293
   71 	 49.272028 	 58.402041 	 66.674293
   72 	 49.851730 	 58.988226 	 66.384979
   73 	 49.851730 	 58.854997 	 66.131178
   74 	 50.594551 	 59.383773 	 68.157701
   75 	 47.482561 	 59.160964 	 68.307235
   76 	 47.482561 	 59.383223 	 68.307235
   77 	 50.150715 	 58.932396 	 68.238548
   78 	 47.989578 	 58.848392 	 68.254813
   79 	 49.593589 	 58.785066 	 69.710486
   80 	 48.339217 	 58.804172 	 69.710486
   81 	 47.781321 	 59.859741 	 67.898218
   82 	 47.117138 	 60.254245 	 66.446621
   83 	 51.051708 	 60.025101 	 67.663287
   84 	 50.013435 	 59.344711 	 66.910533
   85 	 47.103708 	 59.032176 	 69.139045
   86 	 50.534230 	 59.240750 	 67.059241
   87 	 50.035464 	 60.038594 	 66.860860
   88 	 52.728576 	 60.285848 	 68.692855
   89 	 54.224524 	 60.833630 	 68.327002
   90 	 48.545783 	 60.660453 	 68.333398
   91 	 52.846415 	 61.389629 	 67.692859
   92 	 53.312901 	 61.770797 	 67.806717
   93 	 51.923893 	 61.902013 	 68.376262
   94 	 56.028739 	 62.229534 	 68.362273
   95 	 54.545894 	 61.933836 	 67.178909
   96 	 52.196674 	 62.060130 	 68.529217
   97 	 54.920080 	 62.428299 	 68.483349
   98 	 52.229012 	 62.222181 	 67.446451
   99 	 53.674246 	 62.420776 	 67.900399
 