   0 	 16.406346 	 28.540191 	 46.078686
    1 	 16.406346 	 30.252471 	 49.455335
    2 	 19.681055 	 31.140355 	 45.510931
    3 	 17.049355 	 31.951628 	 45.604600
    4 	 15.433767 	 32.831860 	 45.604600
    5 	 19.717571 	 32.728700 	 44.577663
    6 	 19.717571 	 34.011599 	 46.111511
    7 	 19.717571 	 34.972237 	 47.564100
    8 	 23.958563 	 35.045965 	 48.907405
    9 	 20.950181 	 35.231308 	 46.111511
   10 	 24.967295 	 35.538902 	 46.356003
   11 	 23.771271 	 36.326036 	 50.165430
   12 	 22.698761 	 36.599912 	 46.139759
   13 	 22.698761 	 37.046089 	 47.563823
   14 	 25.343006 	 37.680174 	 48.858198
   15 	 23.853946 	 37.527681 	 47.641770
   16 	 25.473169 	 38.108466 	 47.489900
   17 	 25.666354 	 38.096493 	 50.891966
   18 	 22.272507 	 38.319544 	 50.891966
   19 	 26.784165 	 38.541254 	 49.317524
   20 	 28.380344 	 40.308769 	 49.320317
   21 	 30.455087 	 40.493948 	 49.416813
   22 	 30.197451 	 40.449564 	 52.442145
   23 	 30.197451 	 41.245662 	 52.442145
   24 	 30.138393 	 41.015955 	 53.328367
   25 	 30.284440 	 41.338679 	 54.963046
   26 	 32.494009 	 41.672991 	 53.993150
   27 	 32.494009 	 42.157792 	 53.248341
   28 	 32.741897 	 42.710441 	 53.926253
   29 	 33.057057 	 43.120061 	 53.926253
   30 	 31.696432 	 42.797260 	 56.693344
   31 	 32.009058 	 42.874036 	 56.694940
   32 	 32.818379 	 43.944795 	 58.209935
   33 	 33.430772 	 44.273271 	 56.695546
   34 	 32.189901 	 44.112410 	 55.116291
   35 	 31.545531 	 43.836255 	 53.368571
   36 	 31.545408 	 44.269603 	 54.180253
   37 	 32.481251 	 44.481505 	 54.180253
   38 	 32.830655 	 44.664366 	 55.706173
   39 	 36.421248 	 45.115115 	 57.064292
   40 	 37.687815 	 45.242017 	 58.444320
   41 	 31.268184 	 45.172211 	 55.269899
   42 	 39.148526 	 46.061017 	 56.530688
   43 	 37.931880 	 46.877583 	 56.530688
   44 	 37.931880 	 47.026416 	 56.692535
   45 	 35.675744 	 47.060033 	 55.852402
   46 	 35.599462 	 47.037076 	 57.919759
   47 	 37.261868 	 47.798732 	 58.661195
   48 	 38.646393 	 48.595821 	 59.011540
   49 	 39.245756 	 48.670814 	 59.011540
   50 	 36.867869 	 48.503742 	 59.011540
   51 	 38.282344 	 48.812275 	 56.733772
   52 	 37.995650 	 48.350371 	 61.261507
   53 	 35.541801 	 48.278124 	 58.070791
   54 	 37.774031 	 48.663656 	 59.366114
   55 	 37.571901 	 48.629330 	 57.577464
   56 	 38.529772 	 48.523172 	 57.293043
   57 	 36.725273 	 48.973309 	 58.707125
   58 	 36.485066 	 48.950015 	 61.272558
   59 	 39.502595 	 49.420159 	 61.272558
   60 	 41.635745 	 49.814386 	 59.534712
   61 	 38.258784 	 49.263058 	 58.643255
   62 	 38.560079 	 49.732181 	 58.643255
   63 	 41.552564 	 50.006996 	 58.643255
   64 	 39.907651 	 50.018216 	 58.758843
   65 	 39.826074 	 49.711017 	 59.479479
   66 	 40.523977 	 49.880705 	 58.838508
   67 	 40.976019 	 50.387963 	 61.733433
   68 	 39.323287 	 50.796166 	 61.733433
   69 	 36.875802 	 50.825992 	 62.585704
   70 	 40.289223 	 51.639432 	 61.104344
   71 	 41.193908 	 52.046659 	 61.047283
   72 	 39.675840 	 52.027997 	 59.824237
   73 	 38.997373 	 51.899373 	 62.194607
   74 	 40.415207 	 51.633068 	 62.194607
   75 	 42.053525 	 51.756863 	 62.889349
   76 	 42.024501 	 52.533867 	 62.889349
   77 	 40.850702 	 53.154607 	 62.889349
   78 	 43.958198 	 53.020365 	 62.889349
   79 	 45.280948 	 52.706915 	 60.768358
   80 	 44.715499 	 53.206151 	 60.768358
   81 	 45.005234 	 53.683663 	 61.357207
   82 	 43.427115 	 53.891820 	 61.188284
   83 	 43.647580 	 54.180612 	 61.410820
   84 	 42.733744 	 54.092667 	 62.903974
   85 	 44.449796 	 54.592619 	 62.903974
   86 	 45.127569 	 55.110352 	 61.211922
   87 	 47.422612 	 54.872954 	 63.342307
   88 	 48.783788 	 55.450333 	 64.973686
   89 	 49.035282 	 55.433507 	 63.469224
   90 	 49.040700 	 56.024960 	 64.321996
   91 	 48.568864 	 56.180728 	 64.557342
   92 	 46.118665 	 56.887130 	 64.557342
   93 	 50.276231 	 57.428502 	 65.033434
   94 	 50.276231 	 57.224565 	 64.770266
   95 	 47.159079 	 56.914058 	 64.768093
   96 	 49.105479 	 57.891290 	 64.311057
   97 	 49.352724 	 57.900392 	 64.538952
   98 	 49.666019 	 58.306349 	 65.035038
   99 	 49.666019 	 58.547060 	 64.955139
 