   0 	 14.918167 	 27.335829 	 40.083030
    1 	 15.469732 	 28.235706 	 42.726401
    2 	 16.531337 	 29.322242 	 43.843839
    3 	 19.911859 	 29.962023 	 41.839955
    4 	 19.013077 	 31.340678 	 43.387818
    5 	 19.626395 	 31.739623 	 44.286157
    6 	 19.621786 	 32.460193 	 45.657320
    7 	 19.913399 	 32.923698 	 45.642323
    8 	 19.458695 	 33.997661 	 47.095323
    9 	 20.118983 	 36.733436 	 47.954433
   10 	 20.118983 	 37.794052 	 47.856509
   11 	 24.333496 	 38.636048 	 48.751848
   12 	 27.123528 	 39.848088 	 53.333769
   13 	 25.983296 	 41.668591 	 52.904929
   14 	 30.308476 	 42.162237 	 52.904929
   15 	 29.037995 	 42.128573 	 53.982847
   16 	 27.054629 	 42.278051 	 58.317939
   17 	 27.081201 	 42.087757 	 58.315695
   18 	 29.252652 	 42.226051 	 59.018563
   19 	 31.142004 	 43.421306 	 59.650051
   20 	 30.940063 	 43.505223 	 57.528462
   21 	 30.940063 	 44.551474 	 57.528462
   22 	 31.226262 	 44.743147 	 55.403496
   23 	 33.541343 	 44.989910 	 55.403496
   24 	 31.027008 	 45.188563 	 53.622227
   25 	 30.245794 	 45.387709 	 57.480719
   26 	 32.437593 	 45.562480 	 53.506932
   27 	 32.374401 	 46.290041 	 54.327899
   28 	 34.688784 	 46.305657 	 53.551095
   29 	 35.864411 	 46.228878 	 53.551095
   30 	 37.430100 	 46.430651 	 53.701613
   31 	 35.143683 	 45.716780 	 55.881300
   32 	 33.584493 	 44.968374 	 55.600804
   33 	 35.163608 	 45.489796 	 56.507929
   34 	 28.705964 	 45.458963 	 60.264383
   35 	 28.766182 	 45.097477 	 54.337450
   36 	 32.446686 	 46.191548 	 55.882689
   37 	 37.157499 	 46.809138 	 55.731439
   38 	 32.315626 	 47.346996 	 56.603387
   39 	 37.542568 	 48.121896 	 56.658201
   40 	 38.966328 	 48.098485 	 61.298470
   41 	 38.591441 	 48.586662 	 59.340670
   42 	 36.242592 	 48.437782 	 57.876305
   43 	 36.242592 	 48.488998 	 58.317297
   44 	 38.417064 	 48.219056 	 61.013825
   45 	 39.629334 	 47.896513 	 61.013825
   46 	 36.745661 	 48.090171 	 61.013825
   47 	 40.168177 	 47.985306 	 61.266396
   48 	 38.915905 	 48.579220 	 62.083385
   49 	 36.635573 	 48.492530 	 58.009609
   50 	 37.911169 	 49.166548 	 58.009609
   51 	 39.628723 	 49.420132 	 59.171306
   52 	 38.512669 	 49.589935 	 59.171306
   53 	 37.033980 	 50.164828 	 57.074305
   54 	 39.628723 	 50.995317 	 59.236803
   55 	 41.838325 	 50.786867 	 58.468165
   56 	 41.132686 	 50.545659 	 59.580315
   57 	 40.568117 	 50.276183 	 59.478401
   58 	 40.135102 	 49.708769 	 58.881253
   59 	 38.959458 	 49.548053 	 58.881253
   60 	 39.911820 	 49.714489 	 58.365506
   61 	 40.036478 	 50.323853 	 58.365506
   62 	 41.256764 	 50.633186 	 57.614206
   63 	 43.905698 	 51.153696 	 57.962225
   64 	 41.274732 	 51.704427 	 58.171963
   65 	 41.644550 	 51.825574 	 59.479230
   66 	 44.000115 	 52.446779 	 60.118612
   67 	 44.876439 	 51.973545 	 60.457974
   68 	 41.821630 	 51.551443 	 59.885878
   69 	 42.761264 	 51.676575 	 62.403589
   70 	 44.359452 	 52.140859 	 62.254140
   71 	 44.867037 	 52.435848 	 63.005534
   72 	 45.685944 	 52.539936 	 63.360069
   73 	 45.476101 	 52.214538 	 60.478907
   74 	 44.716690 	 52.064580 	 59.675142
   75 	 44.716690 	 52.020185 	 61.543449
   76 	 45.750228 	 52.083275 	 59.353875
   77 	 46.100154 	 52.174073 	 59.054776
   78 	 44.050594 	 51.947446 	 59.975837
   79 	 43.409321 	 52.235536 	 58.881537
   80 	 44.558271 	 52.549929 	 58.881537
   81 	 44.098623 	 52.219755 	 60.116672
   82 	 40.495384 	 52.185260 	 59.487192
   83 	 41.261256 	 52.427009 	 60.449992
   84 	 42.342895 	 52.771633 	 59.680705
   85 	 44.540292 	 52.181754 	 59.487192
   86 	 44.102181 	 52.275631 	 61.755832
   87 	 43.876165 	 52.709521 	 62.891412
   88 	 45.543279 	 52.937286 	 61.423179
   89 	 45.633030 	 53.804710 	 62.843930
   90 	 44.336527 	 53.552105 	 62.843930
   91 	 44.441256 	 53.829399 	 62.870116
   92 	 43.797132 	 53.314017 	 62.870116
   93 	 43.788724 	 53.352695 	 62.678716
   94 	 44.413888 	 53.765630 	 63.321433
   95 	 45.797901 	 53.683089 	 63.577640
   96 	 45.974803 	 53.841283 	 63.888289
   97 	 43.399110 	 54.191796 	 65.945539
   98 	 37.668281 	 54.491588 	 65.945539
   99 	 46.590987 	 54.789823 	 63.533969
 