   0 	 10.935010 	 28.578155 	 39.484595
    1 	 18.511631 	 29.204156 	 39.484595
    2 	 17.678495 	 29.429141 	 40.684105
    3 	 17.690442 	 30.450331 	 39.844346
    4 	 15.362020 	 31.139469 	 43.309667
    5 	 21.681883 	 31.788475 	 43.234131
    6 	 23.632472 	 32.487001 	 43.447425
    7 	 22.318093 	 33.613283 	 40.964259
    8 	 23.643338 	 34.347131 	 46.285401
    9 	 25.568823 	 34.508372 	 46.285401
   10 	 26.396570 	 35.210708 	 45.960854
   11 	 25.523866 	 35.690942 	 45.960854
   12 	 25.523866 	 36.671442 	 45.960854
   13 	 25.506256 	 36.463556 	 47.773511
   14 	 25.178254 	 36.604392 	 47.517901
   15 	 27.835562 	 37.098691 	 47.517901
   16 	 28.170119 	 36.981587 	 47.634225
   17 	 28.170119 	 38.373334 	 47.605913
   18 	 23.948862 	 37.954426 	 48.291288
   19 	 27.155547 	 38.708823 	 50.793179
   20 	 27.966084 	 39.153390 	 48.540912
   21 	 26.128983 	 40.104651 	 51.716735
   22 	 26.128983 	 40.952440 	 51.716735
   23 	 30.077789 	 41.234007 	 53.662625
   24 	 30.378353 	 41.264321 	 52.794066
   25 	 29.032125 	 41.573931 	 54.231534
   26 	 29.032125 	 41.452482 	 52.518459
   27 	 28.776519 	 42.000965 	 52.518459
   28 	 28.776519 	 42.067946 	 53.444249
   29 	 28.941423 	 42.651561 	 53.501013
   30 	 31.767245 	 43.236402 	 53.501013
   31 	 32.305283 	 43.581347 	 52.436795
   32 	 32.726268 	 44.086264 	 54.223821
   33 	 34.526451 	 44.225430 	 58.401304
   34 	 31.670354 	 45.044239 	 58.401304
   35 	 35.904254 	 45.360142 	 55.209193
   36 	 36.957660 	 45.723569 	 55.994959
   37 	 34.715247 	 46.188822 	 57.872917
   38 	 35.079399 	 46.277081 	 56.667249
   39 	 33.519698 	 46.237386 	 57.440034
   40 	 35.079399 	 46.754746 	 55.742977
   41 	 37.169914 	 46.227005 	 56.024909
   42 	 36.260469 	 46.238500 	 54.559422
   43 	 37.969158 	 46.772934 	 56.962670
   44 	 37.558194 	 46.630186 	 56.962670
   45 	 37.558194 	 47.289961 	 56.965011
   46 	 36.449006 	 47.885761 	 57.911274
   47 	 33.604368 	 48.218867 	 60.453245
   48 	 33.604368 	 48.003890 	 59.024203
   49 	 33.604368 	 47.922495 	 59.024203
   50 	 38.346254 	 48.508119 	 59.724061
   51 	 38.346254 	 48.244733 	 59.724061
   52 	 37.461522 	 48.496627 	 61.244257
   53 	 37.461522 	 48.637764 	 56.430125
   54 	 39.527376 	 48.666954 	 57.948367
   55 	 40.274709 	 48.973851 	 57.948367
   56 	 37.415615 	 48.908445 	 57.338667
   57 	 37.415615 	 49.064423 	 56.114926
   58 	 36.674846 	 49.349610 	 56.114926
   59 	 39.629109 	 49.362661 	 56.693762
   60 	 39.622092 	 49.642364 	 56.540682
   61 	 39.622092 	 50.113187 	 57.616541
   62 	 42.395891 	 49.827039 	 56.907577
   63 	 43.062427 	 50.291341 	 57.105872
   64 	 42.302558 	 49.797250 	 55.463485
   65 	 43.095342 	 50.119383 	 55.916034
   66 	 42.315843 	 49.978188 	 58.185967
   67 	 42.315843 	 50.036679 	 57.133666
   68 	 39.931557 	 50.154732 	 57.415919
   69 	 43.666834 	 50.023741 	 57.430384
   70 	 39.317853 	 50.140630 	 57.430384
   71 	 41.880304 	 50.318490 	 57.430384
   72 	 40.491940 	 49.971868 	 57.106660
   73 	 40.491940 	 50.470053 	 57.184115
   74 	 40.105074 	 50.426904 	 56.106720
   75 	 41.668827 	 50.468374 	 59.189337
   76 	 41.668827 	 50.729353 	 56.881144
   77 	 42.804138 	 50.466457 	 57.511184
   78 	 41.677542 	 50.165203 	 56.845985
   79 	 40.225017 	 50.232242 	 57.445036
   80 	 42.454719 	 51.131358 	 57.447980
   81 	 42.454719 	 50.558414 	 59.332847
   82 	 40.157890 	 50.937493 	 58.319787
   83 	 42.908703 	 50.139570 	 59.194386
   84 	 42.787708 	 49.737687 	 59.720424
   85 	 40.885250 	 49.656141 	 60.562714
   86 	 41.557779 	 49.851885 	 59.720424
   87 	 40.645579 	 50.395179 	 60.814477
   88 	 40.639170 	 50.422880 	 59.944214
   89 	 40.598173 	 49.417282 	 59.720424
   90 	 40.543523 	 50.319120 	 59.821093
   91 	 41.655987 	 50.383600 	 58.310507
   92 	 43.385224 	 50.612033 	 60.417640
   93 	 42.628306 	 51.641823 	 61.800121
   94 	 43.372942 	 51.878152 	 59.519885
   95 	 43.372942 	 52.131274 	 61.197725
   96 	 41.050911 	 52.750102 	 61.502008
   97 	 41.050911 	 52.600920 	 59.623496
   98 	 45.260620 	 52.523543 	 58.825167
   99 	 45.203420 	 52.768505 	 60.124216
 