   0 	 127.776938 	 253.551403 	 436.290215
    1 	 130.157349 	 273.179179 	 436.290215
    2 	 130.157349 	 303.554711 	 436.290215
    3 	 145.097038 	 317.192689 	 441.902624
    4 	 162.701535 	 333.757658 	 441.902624
    5 	 185.045419 	 347.164320 	 474.805003
    6 	 218.581584 	 357.802443 	 517.254752
    7 	 202.574900 	 372.890556 	 517.254752
    8 	 202.574900 	 386.927545 	 567.441544
    9 	 259.289734 	 408.545359 	 567.441544
   10 	 269.797335 	 419.335315 	 567.476127
   11 	 275.126475 	 427.324511 	 599.350832
   12 	 275.126475 	 435.011305 	 601.804726
   13 	 285.015721 	 455.818826 	 599.554308
   14 	 302.603490 	 461.286803 	 605.707064
   15 	 320.720818 	 470.650461 	 605.707064
   16 	 296.546603 	 479.881900 	 605.707064
   17 	 309.414531 	 490.716206 	 601.730356
   18 	 340.969994 	 502.500904 	 642.912547
   19 	 374.398626 	 511.962868 	 642.912547
   20 	 341.168217 	 525.719054 	 721.005654
   21 	 396.655619 	 537.433535 	 645.217938
   22 	 396.655619 	 538.770990 	 657.400637
   23 	 396.655619 	 549.678111 	 657.400637
   24 	 425.536620 	 538.643290 	 645.217938
   25 	 427.870660 	 546.691477 	 641.851837
   26 	 398.621624 	 547.235399 	 641.851837
   27 	 398.621624 	 551.752273 	 673.820117
   28 	 400.281091 	 553.104119 	 654.165972
   29 	 391.714727 	 551.384145 	 654.165972
   30 	 391.714727 	 552.146335 	 654.165972
   31 	 391.714727 	 563.247630 	 691.643217
   32 	 364.342320 	 566.936737 	 660.763672
   33 	 394.932463 	 578.731940 	 656.105204
   34 	 439.605218 	 581.128129 	 675.054884
   35 	 439.605218 	 576.445242 	 675.054884
   36 	 439.605218 	 580.062008 	 681.060638
   37 	 439.605218 	 587.956912 	 675.054884
   38 	 439.605218 	 589.129140 	 675.054884
   39 	 422.530180 	 600.066584 	 675.054884
   40 	 422.530180 	 600.913620 	 681.530286
   41 	 515.974105 	 611.057744 	 681.530286
   42 	 514.085715 	 615.588646 	 681.530286
   43 	 547.268264 	 620.568534 	 694.561223
   44 	 547.268264 	 621.579448 	 694.561223
   45 	 547.268264 	 622.409336 	 693.636275
   46 	 537.099334 	 623.593782 	 693.636275
   47 	 537.099334 	 625.532577 	 693.636275
   48 	 534.527761 	 629.942413 	 693.636275
   49 	 537.099334 	 633.039236 	 693.636275
   50 	 537.099334 	 635.850267 	 695.374982
   51 	 537.099334 	 639.126112 	 695.374982
   52 	 553.460550 	 644.637893 	 695.374982
   53 	 566.122534 	 645.411738 	 698.145568
   54 	 540.547290 	 645.179599 	 698.145568
   55 	 574.958886 	 646.670712 	 690.597447
   56 	 574.958886 	 643.055221 	 690.056100
   57 	 577.680387 	 646.755509 	 690.056100
   58 	 577.680387 	 649.210443 	 690.056100
   59 	 577.680387 	 647.900894 	 690.056100
   60 	 558.048377 	 644.194511 	 690.056100
   61 	 558.048377 	 644.405858 	 690.056100
   62 	 558.048377 	 644.065681 	 699.659417
   63 	 537.649461 	 641.929715 	 699.984143
   64 	 537.649461 	 644.514784 	 699.984143
   65 	 558.048377 	 644.437335 	 699.984143
   66 	 558.048377 	 647.243443 	 699.984143
   67 	 558.048377 	 645.731007 	 699.984143
   68 	 552.492008 	 645.986075 	 699.984143
   69 	 546.193087 	 639.878121 	 699.984143
   70 	 559.800508 	 641.425455 	 688.889919
   71 	 550.600609 	 638.632901 	 703.950611
   72 	 550.600609 	 640.558147 	 703.950611
   73 	 555.964090 	 640.097280 	 703.950611
   74 	 555.964090 	 644.132299 	 703.950611
   75 	 557.978845 	 644.164808 	 703.950611
   76 	 557.978845 	 641.942302 	 703.950611
   77 	 545.850750 	 648.750582 	 684.636242
   78 	 557.273467 	 648.029679 	 684.636242
   79 	 557.273467 	 650.188175 	 684.636242
   80 	 600.817104 	 651.594238 	 684.636242
   81 	 600.817104 	 652.569365 	 689.754127
   82 	 600.817104 	 652.338401 	 678.244173
   83 	 600.817104 	 654.429631 	 679.265735
   84 	 600.817104 	 653.751468 	 679.265735
   85 	 600.817104 	 654.211008 	 679.265735
   86 	 600.817104 	 654.464350 	 679.664193
   87 	 624.159285 	 655.542886 	 679.664193
   88 	 624.159285 	 653.996680 	 677.844169
   89 	 602.473888 	 650.629291 	 678.244173
   90 	 602.473888 	 648.923973 	 686.766018
   91 	 591.415957 	 645.662193 	 673.357339
   92 	 591.415957 	 645.418127 	 694.790364
   93 	 597.910955 	 646.553354 	 675.269217
   94 	 602.473888 	 645.925071 	 682.734919
   95 	 586.107195 	 650.452584 	 682.734919
   96 	 600.265836 	 650.988146 	 685.156320
   97 	 599.844592 	 647.688273 	 682.734919
   98 	 599.844592 	 649.086468 	 682.734919
   99 	 599.844592 	 647.417472 	 682.734919
 