   0 	 125.511409 	 263.170563 	 428.331883
    1 	 145.037285 	 279.747405 	 428.331883
    2 	 152.918239 	 300.629524 	 428.331883
    3 	 160.591077 	 321.522755 	 428.331883
    4 	 134.297336 	 335.020669 	 448.484979
    5 	 160.591077 	 347.280624 	 448.484979
    6 	 160.591077 	 362.410826 	 448.484979
    7 	 234.805760 	 367.762211 	 448.484979
    8 	 262.706411 	 372.319106 	 448.615329
    9 	 262.706411 	 379.268138 	 464.335334
   10 	 236.802034 	 379.023804 	 463.356697
   11 	 236.802034 	 383.798742 	 524.198135
   12 	 236.802034 	 387.958896 	 524.198135
   13 	 236.802034 	 399.373642 	 524.198135
   14 	 304.383665 	 400.610841 	 524.198135
   15 	 299.671031 	 405.515534 	 524.198135
   16 	 299.671031 	 411.466788 	 524.102903
   17 	 299.671031 	 410.420406 	 493.709351
   18 	 303.153451 	 418.701562 	 495.815121
   19 	 303.153451 	 420.685109 	 499.755504
   20 	 281.158255 	 426.045860 	 500.936632
   21 	 281.158255 	 420.430725 	 494.905456
   22 	 308.531470 	 423.847053 	 562.740558
   23 	 308.531470 	 423.362462 	 561.148944
   24 	 322.331586 	 424.257228 	 515.511212
   25 	 322.331586 	 430.190210 	 539.158159
   26 	 322.331586 	 433.296489 	 549.343855
   27 	 322.331586 	 441.972949 	 549.343855
   28 	 338.484444 	 447.530934 	 550.361870
   29 	 361.835506 	 449.602093 	 544.242204
   30 	 368.607712 	 458.830953 	 561.954013
   31 	 376.681457 	 460.736154 	 581.156163
   32 	 376.681457 	 462.955425 	 582.718834
   33 	 328.273002 	 470.218115 	 582.718834
   34 	 348.534229 	 470.374121 	 582.718834
   35 	 364.407075 	 477.197161 	 594.400636
   36 	 360.010263 	 482.128071 	 594.400636
   37 	 381.568041 	 486.266933 	 582.718834
   38 	 382.019307 	 496.384001 	 582.718834
   39 	 340.231897 	 499.596145 	 582.718834
   40 	 323.944753 	 505.292508 	 602.586868
   41 	 323.944753 	 505.030189 	 594.831153
   42 	 362.941540 	 512.460979 	 594.831153
   43 	 362.387003 	 514.299986 	 574.719799
   44 	 362.387003 	 513.951847 	 574.719799
   45 	 411.488425 	 525.409613 	 594.578337
   46 	 411.488425 	 526.535021 	 616.250849
   47 	 422.446267 	 533.540317 	 625.502323
   48 	 394.990800 	 531.000802 	 625.502323
   49 	 420.796304 	 542.659625 	 637.377772
   50 	 420.796304 	 541.099480 	 713.318173
   51 	 420.796304 	 550.480523 	 713.318173
   52 	 420.796304 	 558.511233 	 713.318173
   53 	 459.665895 	 563.350517 	 730.843299
   54 	 415.861793 	 568.536141 	 713.318173
   55 	 415.861793 	 579.582629 	 713.318173
   56 	 475.279526 	 591.237242 	 697.628238
   57 	 475.279526 	 603.768165 	 697.628238
   58 	 458.297202 	 607.034131 	 718.235006
   59 	 475.279526 	 609.524832 	 752.466223
   60 	 475.279526 	 620.486068 	 752.466223
   61 	 475.279526 	 623.238013 	 755.549533
   62 	 506.915135 	 626.542629 	 739.973398
   63 	 515.083438 	 635.194375 	 762.591939
   64 	 503.754886 	 630.522605 	 763.637932
   65 	 503.754886 	 630.681656 	 763.637932
   66 	 503.754886 	 633.488286 	 764.681367
   67 	 458.153592 	 638.966235 	 759.282902
   68 	 458.153592 	 642.212135 	 738.955760
   69 	 458.153592 	 647.632014 	 738.955760
   70 	 544.284071 	 653.024908 	 738.955760
   71 	 544.284071 	 657.399849 	 763.329668
   72 	 551.575454 	 657.492031 	 763.329668
   73 	 539.550787 	 663.675383 	 762.176662
   74 	 538.746592 	 663.314895 	 762.176662
   75 	 538.746592 	 666.675258 	 762.176662
   76 	 559.454417 	 666.497393 	 762.176662
   77 	 559.454417 	 663.865248 	 738.993492
   78 	 513.506103 	 668.635808 	 763.329668
   79 	 574.796356 	 672.792372 	 763.329668
   80 	 547.121897 	 671.872515 	 763.329668
   81 	 571.114953 	 668.235902 	 763.329668
   82 	 557.950287 	 672.238984 	 763.329668
   83 	 557.950287 	 676.726264 	 763.329668
   84 	 557.950287 	 683.104175 	 763.329668
   85 	 557.950287 	 681.544996 	 763.329668
   86 	 557.950287 	 681.349231 	 763.329668
   87 	 590.508067 	 688.155448 	 763.329668
   88 	 598.548188 	 688.228549 	 765.164136
   89 	 598.548188 	 690.156663 	 763.329668
   90 	 631.705967 	 692.187211 	 763.329668
   91 	 631.705967 	 693.804922 	 763.329668
   92 	 631.705967 	 691.885059 	 763.329668
   93 	 638.900367 	 695.101793 	 757.128861
   94 	 638.900367 	 694.927934 	 757.320549
   95 	 648.013252 	 698.281896 	 757.320549
   96 	 654.986726 	 698.322938 	 772.878408
   97 	 610.266345 	 699.521144 	 772.878408
   98 	 644.001497 	 702.245364 	 781.771893
   99 	 644.001497 	 698.627900 	 780.390423
 