   0 	 122.454935 	 259.721376 	 450.581316
    1 	 109.621980 	 292.177228 	 450.581316
    2 	 109.621980 	 307.332277 	 450.581316
    3 	 154.263950 	 330.861095 	 450.581316
    4 	 154.263950 	 350.557436 	 450.581316
    5 	 240.369835 	 368.606035 	 469.328610
    6 	 239.058370 	 378.571277 	 469.328610
    7 	 239.058370 	 374.873195 	 487.026398
    8 	 239.058370 	 386.392084 	 462.626070
    9 	 219.396635 	 395.452329 	 481.852803
   10 	 255.563745 	 404.398285 	 544.640697
   11 	 256.346499 	 411.850399 	 544.640697
   12 	 256.346499 	 415.526109 	 514.226139
   13 	 332.657324 	 417.008891 	 502.655254
   14 	 318.271953 	 422.655335 	 533.092939
   15 	 318.271953 	 420.709221 	 504.344916
   16 	 313.794781 	 422.465019 	 559.364231
   17 	 313.794781 	 430.109968 	 562.530363
   18 	 354.705075 	 438.208736 	 572.173316
   19 	 315.090155 	 438.248727 	 572.173316
   20 	 315.090155 	 448.163122 	 572.173316
   21 	 297.627771 	 455.015130 	 572.173316
   22 	 359.966350 	 455.830423 	 572.173316
   23 	 359.966350 	 456.490923 	 588.246865
   24 	 306.629195 	 460.256384 	 572.173316
   25 	 334.182294 	 463.920468 	 572.173316
   26 	 334.182294 	 466.923455 	 572.173316
   27 	 354.441689 	 469.460435 	 572.173316
   28 	 373.954403 	 471.310750 	 572.173316
   29 	 373.954403 	 478.123921 	 572.173316
   30 	 373.954403 	 488.956424 	 628.326640
   31 	 373.954403 	 494.708479 	 629.449502
   32 	 377.547061 	 496.776502 	 629.449502
   33 	 393.040381 	 495.839240 	 629.449502
   34 	 392.400108 	 498.736878 	 629.449502
   35 	 430.978264 	 507.621291 	 650.615004
   36 	 430.978264 	 506.868837 	 650.615004
   37 	 407.596043 	 509.545904 	 650.615004
   38 	 430.701009 	 512.300882 	 650.615004
   39 	 430.701009 	 521.093536 	 650.615004
   40 	 427.600348 	 526.654069 	 651.086282
   41 	 427.600348 	 535.633909 	 671.023097
   42 	 426.337536 	 545.161282 	 707.138730
   43 	 426.337536 	 547.478222 	 707.211779
   44 	 426.337536 	 560.694565 	 707.211779
   45 	 448.211025 	 566.709082 	 707.211779
   46 	 439.615342 	 570.840166 	 707.211779
   47 	 452.805353 	 570.477022 	 707.211779
   48 	 442.422090 	 592.645939 	 707.211779
   49 	 459.855792 	 612.453692 	 707.211779
   50 	 465.758101 	 624.163991 	 707.211779
   51 	 501.621271 	 634.775266 	 707.211779
   52 	 516.278521 	 636.954734 	 707.211779
   53 	 516.278521 	 646.086771 	 720.653612
   54 	 520.680915 	 648.472827 	 707.211779
   55 	 516.279641 	 652.202594 	 714.018667
   56 	 504.086025 	 655.652802 	 715.483142
   57 	 516.279641 	 653.224308 	 716.204130
   58 	 516.279641 	 656.599821 	 714.018667
   59 	 527.850641 	 659.670941 	 724.128526
   60 	 527.850641 	 661.588423 	 724.128526
   61 	 581.956789 	 662.213431 	 724.128526
   62 	 576.108635 	 663.806002 	 724.972737
   63 	 581.956789 	 661.532831 	 724.128526
   64 	 581.956789 	 659.053425 	 724.128526
   65 	 581.956789 	 657.480463 	 724.128526
   66 	 562.010593 	 657.720027 	 713.771500
   67 	 599.153263 	 659.644178 	 719.082597
   68 	 578.381828 	 655.985157 	 713.771500
   69 	 578.381828 	 658.732508 	 713.771500
   70 	 578.381828 	 654.561643 	 710.165003
   71 	 588.243922 	 654.880949 	 713.985646
   72 	 585.761358 	 656.167604 	 713.985646
   73 	 585.761358 	 657.655105 	 713.985646
   74 	 584.282482 	 656.034383 	 726.755341
   75 	 584.282482 	 653.856744 	 726.755341
   76 	 589.925932 	 656.586461 	 726.755341
   77 	 588.031908 	 655.853583 	 726.755341
   78 	 588.031908 	 658.973434 	 726.755341
   79 	 578.930738 	 657.906531 	 726.755341
   80 	 596.058803 	 661.847517 	 726.755341
   81 	 596.058803 	 663.979002 	 726.755341
   82 	 596.058803 	 663.951906 	 727.964701
   83 	 596.058803 	 661.347987 	 727.964701
   84 	 607.444192 	 656.494749 	 726.755341
   85 	 615.331237 	 656.593821 	 727.949169
   86 	 619.653794 	 655.910454 	 727.949169
   87 	 598.777023 	 652.485334 	 727.949169
   88 	 562.930099 	 651.556627 	 727.949169
   89 	 538.627257 	 647.717404 	 727.949169
   90 	 518.160527 	 648.986150 	 703.459253
   91 	 518.160527 	 646.856935 	 694.194467
   92 	 518.160527 	 650.235307 	 717.497133
   93 	 518.160527 	 653.627103 	 717.497133
   94 	 593.693040 	 656.481663 	 717.497133
   95 	 583.047354 	 657.933720 	 723.483012
   96 	 593.693040 	 659.073510 	 740.134046
   97 	 581.954592 	 658.047403 	 740.134046
   98 	 581.954592 	 661.473868 	 740.134046
   99 	 617.976020 	 669.977633 	 740.134046
 