   0 	 91.735604 	 264.502211 	 455.049103
    1 	 118.762808 	 290.246468 	 455.049103
    2 	 118.762808 	 318.039974 	 464.214765
    3 	 174.093057 	 341.464328 	 510.744100
    4 	 178.487809 	 353.839194 	 510.744100
    5 	 214.505552 	 371.911271 	 510.744100
    6 	 251.810279 	 385.955144 	 510.744100
    7 	 237.496571 	 398.151079 	 553.434923
    8 	 237.496571 	 405.772153 	 510.744100
    9 	 283.966075 	 413.198811 	 520.092647
   10 	 283.966075 	 425.467351 	 520.092647
   11 	 283.966075 	 434.031975 	 552.705270
   12 	 283.966075 	 439.978400 	 521.951554
   13 	 329.022207 	 449.748859 	 523.002778
   14 	 329.022207 	 450.443351 	 521.951554
   15 	 333.645631 	 458.726979 	 528.699437
   16 	 308.097326 	 459.356583 	 557.123693
   17 	 308.097326 	 468.357113 	 528.699437
   18 	 333.645631 	 471.328461 	 545.538261
   19 	 388.340524 	 473.917080 	 552.630643
   20 	 356.741323 	 475.616115 	 554.018767
   21 	 357.008119 	 475.104577 	 557.983404
   22 	 355.981804 	 482.428719 	 571.571103
   23 	 409.798960 	 482.820951 	 571.571103
   24 	 410.524644 	 478.660844 	 570.377041
   25 	 392.615506 	 476.685919 	 563.519757
   26 	 347.107576 	 484.471809 	 599.420725
   27 	 396.985587 	 486.964834 	 599.420725
   28 	 396.985587 	 490.134044 	 599.420725
   29 	 369.168184 	 486.452518 	 599.420725
   30 	 406.948760 	 501.940757 	 629.023461
   31 	 401.992849 	 498.566936 	 629.023461
   32 	 406.948760 	 504.064989 	 624.220316
   33 	 406.346089 	 505.875198 	 624.220316
   34 	 406.346089 	 508.886923 	 599.420725
   35 	 406.346089 	 515.532717 	 599.420725
   36 	 406.346089 	 511.512184 	 611.183782
   37 	 406.346089 	 518.352561 	 620.063577
   38 	 406.346089 	 516.794008 	 620.063577
   39 	 406.307989 	 526.747672 	 611.183782
   40 	 406.307989 	 526.255389 	 626.069180
   41 	 454.027903 	 530.464796 	 609.204350
   42 	 454.027903 	 529.892493 	 609.204350
   43 	 454.027903 	 534.011067 	 609.204350
   44 	 473.848118 	 536.386517 	 609.204350
   45 	 457.543397 	 540.633310 	 635.111950
   46 	 454.403012 	 537.599933 	 685.075851
   47 	 454.403012 	 543.733516 	 685.075851
   48 	 482.209220 	 544.870283 	 685.075851
   49 	 483.290587 	 550.467927 	 682.666425
   50 	 467.067506 	 557.395530 	 682.666425
   51 	 467.067506 	 563.885739 	 682.666425
   52 	 495.647497 	 572.942804 	 682.666425
   53 	 500.527885 	 566.891037 	 682.666425
   54 	 500.527885 	 569.043502 	 682.666425
   55 	 484.817750 	 574.077033 	 682.666425
   56 	 466.972682 	 579.777638 	 682.666425
   57 	 530.606342 	 588.524470 	 684.362557
   58 	 535.058197 	 579.494823 	 682.666425
   59 	 487.706404 	 579.299183 	 679.671225
   60 	 487.706404 	 583.716395 	 679.671225
   61 	 487.706404 	 577.539729 	 679.651649
   62 	 467.223901 	 583.056470 	 669.697521
   63 	 467.223901 	 587.895666 	 669.697521
   64 	 487.706404 	 582.032078 	 669.697521
   65 	 487.706404 	 577.326645 	 661.214686
   66 	 424.313596 	 576.425627 	 659.750091
   67 	 424.313596 	 573.796411 	 658.790517
   68 	 461.314828 	 577.056446 	 639.562552
   69 	 500.148101 	 572.446878 	 632.278491
   70 	 457.324785 	 569.833561 	 633.570129
   71 	 457.324785 	 571.899367 	 680.845268
   72 	 496.065312 	 582.758676 	 640.205642
   73 	 419.215491 	 573.965463 	 661.318031
   74 	 419.215491 	 575.033631 	 673.486308
   75 	 419.215491 	 576.532149 	 673.486308
   76 	 399.449350 	 584.042553 	 673.486308
   77 	 409.077525 	 584.061826 	 673.486308
   78 	 409.077525 	 579.140947 	 673.486308
   79 	 483.055462 	 587.056934 	 671.339029
   80 	 499.057379 	 588.385884 	 670.070720
   81 	 499.972730 	 597.951768 	 672.019162
   82 	 499.972730 	 602.895585 	 670.070720
   83 	 427.164722 	 602.872473 	 670.070720
   84 	 427.164722 	 605.211734 	 670.070720
   85 	 427.164722 	 600.015437 	 670.070720
   86 	 427.164722 	 603.301272 	 678.589745
   87 	 427.164722 	 601.144919 	 678.589745
   88 	 427.164722 	 606.044748 	 678.589745
   89 	 429.847897 	 606.723471 	 699.101788
   90 	 502.700447 	 610.200292 	 699.101788
   91 	 481.852939 	 609.392710 	 699.373386
   92 	 472.087919 	 607.458352 	 699.373386
   93 	 477.945521 	 617.709278 	 699.373386
   94 	 477.945521 	 626.709681 	 725.354636
   95 	 546.589234 	 629.331951 	 699.373386
   96 	 546.589234 	 624.631034 	 701.385461
   97 	 546.589234 	 632.873284 	 699.373386
   98 	 525.671463 	 631.388869 	 699.373386
   99 	 525.671463 	 634.710394 	 699.373386
 