   0 	 84.123287 	 262.432403 	 466.165037
    1 	 78.196977 	 273.037124 	 459.953011
    2 	 146.495477 	 288.633830 	 459.953011
    3 	 146.495477 	 309.956679 	 518.171655
    4 	 146.495477 	 332.570377 	 518.171655
    5 	 146.495477 	 351.101911 	 471.900318
    6 	 209.711224 	 360.818644 	 471.900318
    7 	 249.843537 	 391.016701 	 508.903910
    8 	 249.843091 	 391.704266 	 508.903910
    9 	 251.131103 	 411.523689 	 524.393655
   10 	 237.811843 	 420.152795 	 524.393655
   11 	 308.496560 	 431.645258 	 528.630897
   12 	 256.776864 	 443.366512 	 562.329087
   13 	 256.776864 	 452.441547 	 545.460928
   14 	 320.039705 	 463.916425 	 548.166944
   15 	 320.039705 	 464.691020 	 534.489345
   16 	 324.737732 	 471.116862 	 534.489345
   17 	 371.927188 	 473.977705 	 592.989290
   18 	 371.927188 	 474.094779 	 592.989290
   19 	 397.556208 	 476.633970 	 592.989290
   20 	 397.556208 	 480.578723 	 592.989290
   21 	 397.556208 	 478.963175 	 627.218915
   22 	 381.658345 	 482.544798 	 627.218915
   23 	 381.658345 	 485.241173 	 594.204491
   24 	 415.378591 	 493.927851 	 594.204491
   25 	 383.046936 	 487.163899 	 578.987077
   26 	 415.378591 	 490.013007 	 604.731931
   27 	 415.938925 	 490.076354 	 604.731931
   28 	 393.955739 	 492.240159 	 565.906670
   29 	 398.257767 	 486.802781 	 583.628578
   30 	 401.343249 	 488.501375 	 632.315252
   31 	 413.015846 	 489.714730 	 632.315252
   32 	 413.015846 	 486.544957 	 632.315252
   33 	 414.101761 	 495.612783 	 632.315252
   34 	 414.101761 	 502.165530 	 632.315252
   35 	 397.154028 	 498.269187 	 606.663153
   36 	 397.154028 	 498.442446 	 596.776163
   37 	 414.101761 	 497.759565 	 596.434503
   38 	 414.101761 	 496.846539 	 596.434503
   39 	 424.620447 	 511.724614 	 629.241071
   40 	 410.994562 	 521.384935 	 621.816917
   41 	 415.161069 	 531.067425 	 621.816917
   42 	 415.161069 	 528.220169 	 677.455841
   43 	 415.161069 	 530.167734 	 617.811320
   44 	 415.161069 	 532.693006 	 617.811320
   45 	 436.552018 	 540.256903 	 628.401208
   46 	 436.552018 	 543.926605 	 609.128143
   47 	 436.552018 	 543.248682 	 617.319268
   48 	 436.552018 	 545.644612 	 617.319268
   49 	 412.466011 	 548.231550 	 625.025126
   50 	 412.466011 	 553.580698 	 669.739575
   51 	 412.466011 	 544.987174 	 669.739575
   52 	 480.700476 	 546.649968 	 649.579324
   53 	 468.566463 	 545.176575 	 665.965224
   54 	 420.747305 	 547.122847 	 665.965224
   55 	 420.747305 	 546.211018 	 665.965224
   56 	 420.747305 	 554.636470 	 665.965224
   57 	 446.166694 	 558.101270 	 665.965224
   58 	 448.227628 	 560.486505 	 665.965224
   59 	 448.227628 	 563.501034 	 626.751309
   60 	 448.227628 	 562.139026 	 632.717034
   61 	 448.227628 	 559.957285 	 632.717034
   62 	 448.227628 	 562.413718 	 632.717034
   63 	 466.105505 	 569.797255 	 624.433135
   64 	 466.105505 	 572.425845 	 650.348081
   65 	 466.105505 	 573.104130 	 650.348081
   66 	 494.557300 	 573.896872 	 650.348081
   67 	 486.130136 	 576.260954 	 633.259438
   68 	 486.130136 	 578.970381 	 652.668680
   69 	 486.130136 	 580.108832 	 660.720882
   70 	 486.130136 	 578.132711 	 656.785716
   71 	 486.130136 	 574.879157 	 652.668680
   72 	 489.890623 	 579.028748 	 686.216800
   73 	 499.369365 	 579.853531 	 686.216800
   74 	 499.369365 	 582.511955 	 662.441547
   75 	 499.369365 	 579.697545 	 662.441547
   76 	 477.938844 	 579.518385 	 662.441547
   77 	 477.938844 	 575.944302 	 662.441547
   78 	 477.938844 	 577.285813 	 651.319587
   79 	 477.938844 	 580.808615 	 698.372807
   80 	 477.938844 	 585.154672 	 698.372807
   81 	 485.661099 	 592.592063 	 698.372807
   82 	 522.737447 	 589.368679 	 698.372807
   83 	 522.737447 	 598.943502 	 698.372807
   84 	 522.737447 	 597.326023 	 698.372807
   85 	 522.737447 	 602.456435 	 698.372807
   86 	 522.737447 	 609.475677 	 698.372807
   87 	 522.737447 	 614.435267 	 698.372807
   88 	 507.897760 	 610.091344 	 698.372807
   89 	 507.897760 	 614.702982 	 701.362364
   90 	 490.051107 	 615.639037 	 699.748170
   91 	 490.051107 	 616.562086 	 699.748170
   92 	 490.051107 	 617.708743 	 690.327429
   93 	 490.051107 	 617.144399 	 677.835522
   94 	 490.051107 	 614.452725 	 677.835522
   95 	 485.144224 	 614.162292 	 681.568866
   96 	 522.737447 	 618.173165 	 681.568866
   97 	 525.319565 	 620.778076 	 678.183182
   98 	 525.319565 	 613.301514 	 678.183182
   99 	 520.733820 	 613.548371 	 678.183182
 