   0 	 16.406346 	 28.540191 	 46.078686
    1 	 19.253689 	 29.842040 	 46.078686
    2 	 17.458097 	 31.632365 	 46.078686
    3 	 17.458097 	 32.635237 	 48.933493
    4 	 22.274285 	 33.810935 	 48.933493
    5 	 23.935578 	 35.127919 	 48.790478
    6 	 22.871697 	 36.787209 	 50.234466
    7 	 23.935578 	 38.438658 	 51.233767
    8 	 23.935578 	 39.427069 	 51.233767
    9 	 22.772517 	 39.496620 	 51.233767
   10 	 22.772517 	 40.084682 	 51.445513
   11 	 22.772517 	 40.311896 	 51.445513
   12 	 22.772517 	 40.421631 	 51.445513
   13 	 27.938394 	 40.801094 	 50.234466
   14 	 27.938394 	 40.839933 	 50.234466
   15 	 27.938394 	 40.930343 	 50.876525
   16 	 27.938394 	 41.752341 	 50.876525
   17 	 27.938394 	 42.780199 	 50.876525
   18 	 27.938394 	 43.211119 	 50.876525
   19 	 27.938394 	 44.107253 	 50.893646
   20 	 27.938394 	 44.465543 	 50.893646
   21 	 27.938394 	 44.620546 	 50.893646
   22 	 31.872720 	 45.227925 	 53.379491
   23 	 36.669400 	 45.663610 	 53.349366
   24 	 36.843342 	 46.215640 	 53.349366
   25 	 36.369233 	 46.775870 	 54.367975
   26 	 36.369233 	 46.456141 	 54.367975
   27 	 36.369233 	 46.953834 	 54.367975
   28 	 36.369233 	 47.139513 	 54.367975
   29 	 34.299899 	 46.897345 	 55.792294
   30 	 34.299899 	 47.651724 	 55.283780
   31 	 34.299899 	 47.979679 	 55.283780
   32 	 34.299899 	 48.873260 	 55.283780
   33 	 34.299899 	 48.606463 	 55.305448
   34 	 40.958056 	 48.899951 	 56.763966
   35 	 40.958056 	 49.378405 	 56.763966
   36 	 38.182312 	 49.480883 	 56.763966
   37 	 41.819540 	 49.754744 	 56.763966
   38 	 41.819540 	 49.798573 	 56.763966
   39 	 43.328700 	 50.507703 	 56.763966
   40 	 45.986199 	 50.841992 	 56.763966
   41 	 45.986199 	 50.511962 	 56.834640
   42 	 44.700689 	 50.596240 	 56.834640
   43 	 44.700689 	 50.428063 	 56.834640
   44 	 45.243176 	 50.781179 	 56.834640
   45 	 45.986199 	 51.007248 	 58.536976
   46 	 45.986199 	 51.183709 	 56.834640
   47 	 44.354473 	 51.193176 	 56.834640
   48 	 45.227472 	 51.346552 	 56.834640
   49 	 45.227472 	 51.201029 	 57.359777
   50 	 45.193829 	 51.206645 	 57.359777
   51 	 45.193829 	 51.546652 	 57.359777
   52 	 46.051200 	 51.723612 	 56.835652
   53 	 45.683553 	 51.885098 	 56.835652
   54 	 45.683553 	 52.274914 	 58.263715
   55 	 45.683553 	 52.720500 	 58.263715
   56 	 45.683553 	 52.395831 	 58.263715
   57 	 45.683553 	 52.433007 	 58.263715
   58 	 45.683553 	 52.384736 	 58.263715
   59 	 45.683553 	 52.290422 	 58.441456
   60 	 46.705141 	 52.399326 	 58.441456
   61 	 46.705141 	 52.755640 	 58.290611
   62 	 46.705141 	 53.211895 	 58.448888
   63 	 46.705141 	 53.685581 	 58.448888
   64 	 46.705141 	 53.727948 	 58.541123
   65 	 46.705141 	 53.542005 	 58.541123
   66 	 45.299426 	 53.787128 	 58.541123
   67 	 45.299426 	 54.006900 	 59.141431
   68 	 45.299426 	 53.518934 	 59.141431
   69 	 45.299426 	 53.530392 	 58.953782
   70 	 45.299426 	 53.618071 	 60.789283
   71 	 45.299426 	 53.379594 	 58.851353
   72 	 45.299426 	 53.857692 	 58.846047
   73 	 45.299426 	 52.974499 	 59.142486
   74 	 45.299426 	 53.095285 	 59.142486
   75 	 45.299426 	 53.662794 	 59.142486
   76 	 46.336745 	 53.869790 	 59.188587
   77 	 47.007110 	 53.990146 	 59.188587
   78 	 47.007110 	 54.235760 	 60.828690
   79 	 46.369020 	 54.293957 	 60.828690
   80 	 46.369020 	 54.853261 	 60.828690
   81 	 46.291484 	 54.678644 	 59.777660
   82 	 44.424970 	 54.266536 	 59.188587
   83 	 46.291484 	 54.127707 	 58.992696
   84 	 45.690750 	 54.427809 	 59.188587
   85 	 45.690750 	 54.551639 	 60.828161
   86 	 47.038792 	 54.875409 	 60.828161
   87 	 47.038792 	 54.718286 	 60.848774
   88 	 47.038792 	 54.494054 	 60.828161
   89 	 47.038792 	 54.715986 	 60.635812
   90 	 47.038792 	 55.119878 	 60.635812
   91 	 47.038792 	 55.194872 	 60.638415
   92 	 49.968822 	 55.295667 	 59.991805
   93 	 47.602954 	 55.127602 	 59.510469
   94 	 47.602954 	 55.175736 	 59.510469
   95 	 49.968822 	 55.290567 	 59.510469
   96 	 49.968822 	 55.422896 	 60.418476
   97 	 49.968822 	 55.748090 	 60.418476
   98 	 49.968822 	 55.540834 	 60.418476
   99 	 49.968822 	 55.575226 	 60.572472
 