   0 	 132.493745 	 259.502006 	 389.732115
    1 	 118.577778 	 265.476456 	 389.732115
    2 	 87.357318 	 281.909154 	 389.732115
    3 	 161.887499 	 300.447730 	 389.732115
    4 	 167.863793 	 321.539122 	 427.180466
    5 	 167.863793 	 325.946976 	 425.184947
    6 	 195.784898 	 337.625439 	 425.184947
    7 	 225.556371 	 347.068401 	 425.184947
    8 	 225.556371 	 350.836765 	 448.792943
    9 	 225.556371 	 354.515391 	 486.618295
   10 	 209.428996 	 355.662785 	 457.027670
   11 	 258.736532 	 361.791519 	 476.027009
   12 	 289.346616 	 365.808691 	 476.027009
   13 	 280.182039 	 361.710244 	 476.027009
   14 	 280.182039 	 372.023049 	 476.027009
   15 	 292.332642 	 383.900531 	 476.027009
   16 	 302.849261 	 383.957980 	 501.114267
   17 	 297.666988 	 391.950025 	 507.893553
   18 	 321.880140 	 399.459824 	 501.114267
   19 	 323.078691 	 405.751934 	 501.114267
   20 	 323.078691 	 410.501848 	 501.114267
   21 	 308.760765 	 407.495180 	 501.114267
   22 	 310.640968 	 416.554597 	 519.415350
   23 	 332.970330 	 426.960308 	 519.415350
   24 	 332.970330 	 424.807096 	 519.415350
   25 	 284.044727 	 429.534067 	 509.698651
   26 	 283.588062 	 435.957509 	 513.416759
   27 	 283.588062 	 434.075230 	 529.937210
   28 	 283.588062 	 438.104803 	 513.416759
   29 	 301.790552 	 439.098942 	 560.046809
   30 	 301.790552 	 449.917412 	 560.046809
   31 	 301.790552 	 453.915928 	 560.046809
   32 	 301.790552 	 465.229881 	 564.194660
   33 	 301.790552 	 468.341447 	 560.046809
   34 	 333.805717 	 477.651957 	 560.046809
   35 	 333.805717 	 483.873173 	 560.046809
   36 	 416.973852 	 484.883886 	 575.056576
   37 	 415.824224 	 485.304395 	 575.056576
   38 	 417.796903 	 495.792001 	 575.056576
   39 	 417.796903 	 498.887579 	 575.056576
   40 	 397.335778 	 500.083099 	 606.502875
   41 	 417.217814 	 498.408489 	 581.165731
   42 	 417.796903 	 503.829494 	 604.725181
   43 	 414.351467 	 500.373086 	 587.356274
   44 	 414.351467 	 509.032549 	 587.356274
   45 	 417.796903 	 515.414065 	 587.356274
   46 	 433.050268 	 519.820280 	 611.212629
   47 	 448.906749 	 523.967697 	 592.620621
   48 	 448.906749 	 519.380815 	 592.620621
   49 	 447.021112 	 520.447666 	 592.021788
   50 	 445.869399 	 520.584442 	 592.647987
   51 	 426.832378 	 523.049036 	 593.532757
   52 	 426.832378 	 530.947696 	 593.532757
   53 	 426.832378 	 537.066506 	 593.532757
   54 	 448.906749 	 535.829475 	 609.102960
   55 	 448.808974 	 543.375132 	 593.889878
   56 	 470.980519 	 549.092450 	 607.537954
   57 	 471.886720 	 554.408115 	 610.442195
   58 	 471.886720 	 559.660855 	 610.442195
   59 	 473.446067 	 571.085814 	 613.454961
   60 	 487.026556 	 571.958431 	 613.454961
   61 	 487.026556 	 573.822986 	 614.895014
   62 	 503.181253 	 573.854581 	 615.714295
   63 	 503.181253 	 577.097412 	 614.895014
   64 	 517.094797 	 575.617203 	 620.073601
   65 	 517.094797 	 573.472793 	 620.073601
   66 	 517.094797 	 576.341803 	 620.073601
   67 	 517.094797 	 576.314832 	 620.073601
   68 	 517.094797 	 579.534923 	 620.073601
   69 	 497.830804 	 579.600558 	 610.458939
   70 	 515.866751 	 574.187229 	 614.787814
   71 	 491.378289 	 574.359486 	 612.799005
   72 	 490.085407 	 574.801537 	 612.799005
   73 	 499.632749 	 575.803259 	 612.261344
   74 	 501.062021 	 575.227188 	 612.261344
   75 	 501.062021 	 576.286112 	 612.261344
   76 	 501.010323 	 576.668220 	 615.693079
   77 	 507.246493 	 578.338357 	 612.317634
   78 	 507.246493 	 580.034927 	 612.261344
   79 	 507.246493 	 575.814067 	 608.242501
   80 	 507.246493 	 575.753070 	 611.781944
   81 	 507.246493 	 576.032291 	 612.256746
   82 	 525.586197 	 576.953807 	 605.008836
   83 	 521.621179 	 580.598988 	 605.008836
   84 	 518.244010 	 578.942959 	 605.008836
   85 	 518.244010 	 578.837221 	 611.142542
   86 	 516.869383 	 578.895399 	 611.142542
   87 	 508.443467 	 577.117020 	 615.615424
   88 	 508.443467 	 580.355114 	 611.142542
   89 	 503.759909 	 586.842215 	 618.758439
   90 	 503.759909 	 587.685253 	 618.758439
   91 	 518.244010 	 589.410553 	 618.758439
   92 	 518.244010 	 590.627180 	 618.758439
   93 	 557.450641 	 591.667553 	 618.758439
   94 	 550.972021 	 592.021929 	 619.851146
   95 	 514.310593 	 592.283905 	 612.317384
   96 	 550.972021 	 593.589363 	 612.464571
   97 	 561.902866 	 595.501041 	 612.464571
   98 	 561.902866 	 595.385755 	 612.464571
   99 	 561.902866 	 594.763181 	 612.317384
 