   0 	 127.323247 	 259.158594 	 453.839188
    1 	 140.300894 	 289.166628 	 453.839188
    2 	 163.062143 	 317.664478 	 453.839188
    3 	 213.494672 	 336.636764 	 453.839188
    4 	 214.025203 	 348.567667 	 454.926849
    5 	 214.025203 	 367.399703 	 454.926849
    6 	 213.691503 	 391.758749 	 559.543998
    7 	 213.691503 	 404.227734 	 559.543998
    8 	 220.496901 	 422.009336 	 559.543998
    9 	 303.190760 	 435.278389 	 529.995331
   10 	 300.220711 	 438.142973 	 564.800749
   11 	 330.108872 	 442.136642 	 518.441315
   12 	 323.689109 	 443.399745 	 600.535244
   13 	 321.000158 	 446.243295 	 600.535244
   14 	 349.960225 	 454.204804 	 600.535244
   15 	 349.960225 	 458.903940 	 600.535244
   16 	 356.695990 	 461.209381 	 600.535244
   17 	 372.998169 	 463.436892 	 600.535244
   18 	 366.848243 	 463.748476 	 600.535244
   19 	 388.292256 	 475.761145 	 600.535244
   20 	 384.806597 	 477.186872 	 613.567164
   21 	 384.806597 	 487.375540 	 635.230308
   22 	 356.900383 	 501.258468 	 637.012353
   23 	 385.953899 	 516.961479 	 709.318929
   24 	 385.953899 	 527.692119 	 669.744911
   25 	 385.953899 	 557.422296 	 669.744911
   26 	 369.339619 	 576.712638 	 669.744911
   27 	 369.339619 	 580.544141 	 669.744911
   28 	 369.339619 	 590.241566 	 669.744911
   29 	 369.339619 	 604.438136 	 676.583745
   30 	 478.361701 	 614.422290 	 679.623702
   31 	 478.361701 	 620.688909 	 687.364918
   32 	 514.451361 	 628.648554 	 687.364918
   33 	 514.451361 	 626.455783 	 687.364918
   34 	 514.451361 	 622.520822 	 687.364918
   35 	 514.451361 	 625.694420 	 687.364918
   36 	 510.478126 	 622.476652 	 687.364918
   37 	 510.478126 	 631.348177 	 687.364918
   38 	 510.478126 	 630.136114 	 697.115857
   39 	 510.478126 	 631.259210 	 697.115857
   40 	 510.478126 	 630.277571 	 700.222467
   41 	 510.478126 	 630.335439 	 700.247033
   42 	 524.716523 	 633.533426 	 706.259390
   43 	 524.716523 	 635.231617 	 706.259390
   44 	 518.412809 	 630.397010 	 706.259390
   45 	 518.412809 	 630.323243 	 706.259390
   46 	 518.412809 	 635.368375 	 706.259390
   47 	 518.412809 	 642.693954 	 695.899644
   48 	 566.456558 	 643.585580 	 687.364918
   49 	 569.450697 	 647.437118 	 701.241094
   50 	 569.207164 	 650.765986 	 701.241094
   51 	 575.689329 	 648.273807 	 691.843259
   52 	 575.689329 	 649.500362 	 692.036747
   53 	 575.689329 	 650.396278 	 692.036747
   54 	 575.689329 	 647.224469 	 692.225107
   55 	 575.689329 	 649.384118 	 692.225107
   56 	 602.589690 	 652.681929 	 692.225107
   57 	 600.961567 	 651.444596 	 705.677606
   58 	 600.961567 	 652.977061 	 692.036747
   59 	 578.794805 	 650.747236 	 715.277825
   60 	 581.373949 	 650.338349 	 695.693490
   61 	 600.961567 	 652.712445 	 731.098151
   62 	 600.961567 	 650.127974 	 695.051520
   63 	 600.961567 	 650.678313 	 692.706697
   64 	 600.961567 	 654.035403 	 710.258151
   65 	 579.549050 	 654.018445 	 717.708336
   66 	 594.805995 	 655.380729 	 711.434192
   67 	 598.629806 	 658.863125 	 703.955393
   68 	 584.886061 	 659.071364 	 691.708698
   69 	 598.812154 	 661.182399 	 710.096386
   70 	 553.095645 	 657.325746 	 710.096386
   71 	 583.806204 	 659.626676 	 689.517401
   72 	 596.844145 	 662.026425 	 719.289289
   73 	 596.844145 	 661.975110 	 719.289289
   74 	 585.305780 	 662.694260 	 719.289289
   75 	 598.812154 	 664.801815 	 719.289289
   76 	 598.812154 	 664.120265 	 719.289289
   77 	 591.072920 	 664.552826 	 722.115730
   78 	 591.072920 	 666.779910 	 722.115730
   79 	 591.072920 	 668.957166 	 726.100636
   80 	 591.072920 	 667.469390 	 722.986963
   81 	 637.453276 	 670.323921 	 722.846645
   82 	 596.104871 	 670.023152 	 722.846645
   83 	 623.828585 	 673.606504 	 728.193284
   84 	 627.745221 	 674.447628 	 728.193284
   85 	 627.745221 	 675.384041 	 728.193284
   86 	 615.066651 	 671.450179 	 728.193284
   87 	 604.162973 	 672.783043 	 722.846645
   88 	 604.162973 	 671.621384 	 722.920333
   89 	 604.162973 	 670.426460 	 722.956476
   90 	 604.162973 	 668.296739 	 731.239858
   91 	 596.561987 	 669.824323 	 731.239858
   92 	 596.561987 	 671.436779 	 731.239858
   93 	 596.561987 	 676.390888 	 731.239858
   94 	 605.165343 	 675.103588 	 731.239858
   95 	 594.188528 	 675.990854 	 731.239858
   96 	 594.188528 	 672.569819 	 731.239858
   97 	 591.380899 	 669.330874 	 731.202045
   98 	 591.380899 	 675.683228 	 733.419117
   99 	 591.380899 	 676.253622 	 720.561468
 