   0 	 132.226923 	 266.321388 	 465.982640
    1 	 151.025242 	 281.499832 	 465.982640
    2 	 167.915414 	 298.762310 	 465.982640
    3 	 197.142862 	 327.830221 	 522.768688
    4 	 208.030175 	 340.382285 	 516.460639
    5 	 210.012373 	 357.707746 	 516.460639
    6 	 240.753729 	 385.932010 	 516.460639
    7 	 248.989998 	 406.954461 	 516.460639
    8 	 262.597508 	 412.882815 	 516.460639
    9 	 262.597508 	 418.897156 	 530.784663
   10 	 281.024006 	 420.324511 	 530.784663
   11 	 282.910489 	 424.686847 	 530.784663
   12 	 282.910489 	 430.340910 	 540.421479
   13 	 282.910489 	 435.322879 	 525.214263
   14 	 293.013333 	 439.737966 	 525.214263
   15 	 293.013333 	 445.465615 	 524.610508
   16 	 300.780422 	 452.751224 	 527.823999
   17 	 351.555317 	 454.864319 	 524.610508
   18 	 351.555317 	 457.855400 	 536.373494
   19 	 351.555317 	 464.747688 	 536.373494
   20 	 326.780718 	 467.938277 	 536.373494
   21 	 354.546669 	 475.648331 	 536.373494
   22 	 362.275372 	 477.676249 	 541.480805
   23 	 362.275372 	 482.204117 	 567.512714
   24 	 351.370859 	 488.620415 	 580.752115
   25 	 342.937747 	 481.431886 	 580.752115
   26 	 342.937747 	 494.235764 	 580.752115
   27 	 342.937747 	 490.859270 	 580.752115
   28 	 321.253645 	 492.391681 	 580.752115
   29 	 322.282567 	 503.067563 	 580.752115
   30 	 348.468120 	 499.659377 	 580.752115
   31 	 376.017414 	 499.378357 	 595.909106
   32 	 376.017414 	 499.166362 	 576.392128
   33 	 376.017414 	 502.483962 	 576.392128
   34 	 349.925243 	 506.355132 	 591.160934
   35 	 349.925243 	 504.990878 	 576.392128
   36 	 349.925243 	 504.883345 	 567.983765
   37 	 440.522920 	 507.933100 	 576.518490
   38 	 421.118784 	 508.514600 	 585.441856
   39 	 418.779544 	 506.648593 	 591.081525
   40 	 418.779544 	 504.206695 	 578.443827
   41 	 411.444674 	 502.988725 	 578.443827
   42 	 463.152323 	 509.229048 	 580.454061
   43 	 466.433776 	 509.141516 	 580.454061
   44 	 466.433776 	 512.777155 	 580.454061
   45 	 466.433776 	 512.566976 	 586.978553
   46 	 466.433776 	 515.457277 	 586.978553
   47 	 471.506990 	 511.351021 	 588.583830
   48 	 435.747656 	 521.822512 	 588.583830
   49 	 435.747656 	 519.858928 	 588.583830
   50 	 471.285007 	 525.035717 	 588.583830
   51 	 459.644680 	 528.357108 	 588.583830
   52 	 471.285007 	 534.588939 	 589.149719
   53 	 476.597955 	 538.240109 	 589.149719
   54 	 457.314262 	 546.193354 	 589.149719
   55 	 488.336275 	 546.000076 	 589.149719
   56 	 452.357964 	 543.144999 	 589.149719
   57 	 479.373716 	 538.071755 	 588.583830
   58 	 475.300783 	 541.004539 	 589.438207
   59 	 483.208208 	 541.886836 	 595.108322
   60 	 483.208208 	 544.874097 	 595.108322
   61 	 483.208208 	 548.117087 	 592.545479
   62 	 483.208208 	 545.465328 	 592.545479
   63 	 458.870298 	 546.147574 	 616.877559
   64 	 458.870298 	 548.518418 	 616.877559
   65 	 458.870298 	 545.867824 	 616.877559
   66 	 454.016002 	 548.820804 	 609.521409
   67 	 458.870298 	 555.276789 	 613.344601
   68 	 485.433286 	 555.410511 	 609.525051
   69 	 485.433286 	 555.327623 	 609.525051
   70 	 436.797092 	 552.584981 	 627.137867
   71 	 485.433286 	 555.148740 	 627.137867
   72 	 485.433286 	 556.494880 	 627.137867
   73 	 479.035485 	 557.688113 	 627.137867
   74 	 494.086783 	 558.162286 	 627.137867
   75 	 505.514430 	 564.894464 	 627.137867
   76 	 505.514430 	 566.425692 	 635.672592
   77 	 505.514430 	 570.127560 	 635.672592
   78 	 505.514430 	 571.137170 	 635.672592
   79 	 505.514430 	 570.849936 	 620.760829
   80 	 505.514430 	 569.638783 	 626.029613
   81 	 505.514430 	 571.702846 	 628.039846
   82 	 508.741388 	 575.983978 	 628.351065
   83 	 508.741388 	 573.678996 	 628.351065
   84 	 524.623593 	 574.417983 	 628.351065
   85 	 524.818670 	 576.890520 	 628.351065
   86 	 512.507308 	 578.766072 	 628.351065
   87 	 539.717391 	 578.014646 	 629.295554
   88 	 547.698811 	 578.994169 	 629.295554
   89 	 549.796631 	 584.451762 	 629.295554
   90 	 541.041405 	 582.953637 	 629.295554
   91 	 533.758872 	 582.464007 	 629.295554
   92 	 549.796631 	 587.176831 	 638.724382
   93 	 549.796631 	 586.831551 	 638.724382
   94 	 549.796631 	 586.597721 	 624.273288
   95 	 547.662703 	 584.500629 	 633.700428
   96 	 547.662703 	 589.516298 	 646.967093
   97 	 547.662703 	 588.767956 	 646.967093
   98 	 547.662703 	 588.978574 	 646.967093
   99 	 547.662703 	 590.607015 	 646.967093
 