   0 	 120.202127 	 255.134261 	 437.050500
    1 	 122.332754 	 257.348721 	 401.371928
    2 	 115.665970 	 272.440158 	 466.160952
    3 	 122.970390 	 281.172463 	 466.160952
    4 	 122.970390 	 294.785881 	 466.160952
    5 	 129.806661 	 303.949959 	 466.160952
    6 	 171.785673 	 313.940759 	 466.160952
    7 	 202.662903 	 318.690718 	 466.160952
    8 	 202.662903 	 326.693496 	 466.160952
    9 	 202.662903 	 336.000073 	 466.160952
   10 	 199.634663 	 343.126635 	 466.160952
   11 	 202.662903 	 354.976614 	 466.160952
   12 	 243.880274 	 363.364607 	 515.027765
   13 	 260.972371 	 369.689475 	 515.027765
   14 	 229.751238 	 369.794373 	 515.027765
   15 	 229.751238 	 371.025050 	 515.027765
   16 	 229.751238 	 372.911398 	 515.027765
   17 	 260.972371 	 381.344500 	 515.027765
   18 	 260.972371 	 395.458376 	 494.998127
   19 	 260.972371 	 402.895715 	 487.995486
   20 	 305.836601 	 414.610308 	 487.995486
   21 	 314.796903 	 411.194955 	 516.505906
   22 	 276.590258 	 417.024320 	 516.505906
   23 	 320.246065 	 427.461446 	 516.505906
   24 	 320.246065 	 427.887188 	 489.517385
   25 	 320.246065 	 425.277772 	 498.814527
   26 	 291.781630 	 426.627825 	 522.614980
   27 	 320.246065 	 430.263449 	 554.584366
   28 	 334.950630 	 436.455911 	 554.584366
   29 	 334.950630 	 440.566455 	 522.614980
   30 	 334.950630 	 443.737841 	 543.131339
   31 	 366.269456 	 449.977491 	 549.361431
   32 	 366.269456 	 448.987736 	 549.361431
   33 	 300.170526 	 453.794612 	 550.730313
   34 	 374.014288 	 453.593826 	 550.730313
   35 	 342.741144 	 450.593409 	 550.730313
   36 	 374.014288 	 460.699666 	 581.320353
   37 	 373.905480 	 464.166343 	 573.552820
   38 	 374.014288 	 469.248938 	 563.669410
   39 	 374.014288 	 466.963165 	 569.902676
   40 	 355.532982 	 467.446860 	 563.669410
   41 	 374.014288 	 476.025260 	 563.669410
   42 	 369.077001 	 481.613635 	 563.669410
   43 	 369.077001 	 487.183199 	 563.669410
   44 	 373.314406 	 500.740259 	 565.743513
   45 	 403.316639 	 501.091609 	 568.095500
   46 	 403.316639 	 505.485044 	 568.095500
   47 	 400.475189 	 504.620029 	 572.766769
   48 	 420.705328 	 506.734926 	 572.766769
   49 	 420.705328 	 507.271815 	 572.766769
   50 	 420.294596 	 513.724683 	 572.766769
   51 	 420.705328 	 518.174682 	 568.095500
   52 	 420.705328 	 519.079091 	 568.095500
   53 	 420.705328 	 527.708300 	 595.217855
   54 	 425.245843 	 528.371238 	 595.217855
   55 	 404.300659 	 528.993619 	 599.749231
   56 	 404.300659 	 537.633260 	 623.923509
   57 	 430.859682 	 541.577834 	 639.504932
   58 	 430.859682 	 540.957399 	 639.504932
   59 	 430.859682 	 543.140128 	 603.614503
   60 	 430.859682 	 542.666728 	 599.620727
   61 	 433.841643 	 546.886866 	 619.529649
   62 	 433.841643 	 551.018859 	 629.661271
   63 	 433.841643 	 563.921001 	 629.661271
   64 	 433.841643 	 567.925854 	 633.138963
   65 	 433.841643 	 570.526144 	 636.526833
   66 	 483.569787 	 575.325377 	 651.926715
   67 	 483.569787 	 576.221486 	 633.138963
   68 	 483.569787 	 577.616107 	 655.849083
   69 	 483.569787 	 583.731895 	 655.849083
   70 	 483.569787 	 585.399511 	 655.849083
   71 	 483.569787 	 585.711493 	 641.194310
   72 	 483.569787 	 587.725424 	 647.539180
   73 	 483.569787 	 587.941793 	 669.718884
   74 	 481.256323 	 586.972802 	 636.784635
   75 	 474.623488 	 586.595519 	 636.784635
   76 	 483.569787 	 588.352094 	 652.824181
   77 	 483.569787 	 590.282130 	 656.485344
   78 	 483.569787 	 594.482810 	 652.824181
   79 	 483.569787 	 595.801897 	 653.138726
   80 	 483.569787 	 597.019211 	 679.285233
   81 	 483.569787 	 599.716456 	 652.824181
   82 	 483.569787 	 602.269706 	 662.271142
   83 	 483.569787 	 605.093536 	 662.271142
   84 	 483.569787 	 604.198296 	 677.431638
   85 	 483.569787 	 607.276964 	 696.550381
   86 	 526.074714 	 609.400482 	 696.550381
   87 	 537.587038 	 617.469744 	 696.550381
   88 	 542.473041 	 621.581697 	 696.550381
   89 	 532.707548 	 621.531425 	 696.550381
   90 	 532.707548 	 619.974134 	 696.550381
   91 	 532.548304 	 618.840706 	 697.562700
   92 	 522.166036 	 618.573800 	 699.328803
   93 	 513.907542 	 614.417876 	 696.550381
   94 	 513.907542 	 612.965111 	 691.135399
   95 	 513.907542 	 618.872834 	 706.194861
   96 	 519.508020 	 621.657185 	 706.194861
   97 	 561.166188 	 624.126676 	 695.372336
   98 	 544.868552 	 623.380620 	 695.372336
   99 	 544.868552 	 628.876924 	 691.135399
 