   0 	 124.237314 	 257.369493 	 414.281016
    1 	 124.237314 	 260.621024 	 414.281016
    2 	 139.257536 	 271.738374 	 380.971311
    3 	 139.257536 	 285.173476 	 398.010254
    4 	 139.257536 	 295.562300 	 398.010254
    5 	 147.890043 	 308.904609 	 398.010254
    6 	 147.890043 	 319.365300 	 398.010254
    7 	 147.890043 	 325.584234 	 436.047706
    8 	 179.430983 	 329.479414 	 439.854594
    9 	 211.816390 	 347.251490 	 439.459467
   10 	 211.816390 	 353.666656 	 439.459467
   11 	 211.816390 	 356.437156 	 439.459467
   12 	 211.816390 	 361.542719 	 439.459467
   13 	 211.816390 	 365.156080 	 441.268820
   14 	 239.268315 	 370.995155 	 452.413903
   15 	 232.705638 	 369.291723 	 452.413903
   16 	 280.739901 	 374.528290 	 477.362024
   17 	 280.739901 	 372.041067 	 452.413903
   18 	 280.739901 	 375.013781 	 452.413903
   19 	 280.739901 	 377.597106 	 453.733005
   20 	 280.739901 	 384.762083 	 469.248568
   21 	 312.907269 	 396.763798 	 469.862551
   22 	 314.787695 	 403.509411 	 510.303769
   23 	 314.787695 	 404.774336 	 476.268460
   24 	 303.644382 	 412.745924 	 475.113957
   25 	 302.431975 	 417.852189 	 518.597832
   26 	 285.276794 	 425.580425 	 518.597832
   27 	 285.267368 	 432.382264 	 518.346455
   28 	 272.756880 	 439.459035 	 570.850831
   29 	 330.256182 	 441.677001 	 584.830303
   30 	 362.665243 	 448.754658 	 584.830303
   31 	 383.799079 	 445.822662 	 541.618455
   32 	 331.857447 	 448.713137 	 511.863294
   33 	 302.225530 	 444.655112 	 511.863294
   34 	 383.799079 	 448.725319 	 552.102943
   35 	 334.403169 	 458.661502 	 552.102943
   36 	 334.403169 	 467.750902 	 552.102943
   37 	 334.403169 	 469.530253 	 552.102943
   38 	 334.403169 	 480.354562 	 552.102943
   39 	 334.403169 	 482.025567 	 548.662476
   40 	 374.626856 	 484.739186 	 548.662476
   41 	 389.024608 	 485.401456 	 572.628867
   42 	 389.024608 	 488.763693 	 559.683343
   43 	 400.435110 	 495.811947 	 564.025738
   44 	 391.390392 	 499.922010 	 616.655035
   45 	 390.991451 	 501.516417 	 616.655035
   46 	 390.991451 	 502.735034 	 616.655035
   47 	 390.991451 	 511.978188 	 616.655035
   48 	 431.537741 	 516.821267 	 588.462862
   49 	 431.537741 	 524.108592 	 619.722339
   50 	 431.537741 	 527.023196 	 619.722339
   51 	 451.239672 	 527.432134 	 595.928293
   52 	 455.648654 	 527.150488 	 595.928293
   53 	 405.297220 	 524.395059 	 595.928293
   54 	 380.624152 	 525.980580 	 628.147898
   55 	 467.128210 	 526.924457 	 646.471545
   56 	 463.932568 	 530.021001 	 628.147898
   57 	 463.932108 	 536.363670 	 628.147898
   58 	 467.128210 	 535.246617 	 628.147898
   59 	 467.089306 	 542.720570 	 628.147898
   60 	 454.889353 	 546.614641 	 642.314045
   61 	 454.889353 	 545.606121 	 613.114410
   62 	 478.024621 	 545.911412 	 613.114410
   63 	 457.827922 	 543.261751 	 628.453765
   64 	 432.623217 	 547.255344 	 628.453765
   65 	 462.146033 	 546.536315 	 628.453765
   66 	 477.780082 	 555.457889 	 628.453765
   67 	 483.514167 	 562.477996 	 628.453765
   68 	 483.514167 	 557.552629 	 628.453765
   69 	 473.692996 	 557.827741 	 633.244668
   70 	 474.059929 	 563.261636 	 633.244668
   71 	 483.514167 	 562.710036 	 647.235283
   72 	 474.335135 	 558.750905 	 647.235283
   73 	 458.127458 	 555.069831 	 647.235283
   74 	 474.335135 	 551.867309 	 634.425339
   75 	 465.156709 	 552.408265 	 655.434386
   76 	 474.335135 	 549.285065 	 633.244668
   77 	 461.387946 	 553.855712 	 633.244668
   78 	 458.349553 	 555.895758 	 633.244668
   79 	 444.924195 	 553.877059 	 633.244668
   80 	 470.953013 	 556.621778 	 633.244668
   81 	 470.953013 	 555.795660 	 633.244668
   82 	 470.953013 	 553.280271 	 633.244668
   83 	 442.507325 	 552.401200 	 635.471787
   84 	 484.252037 	 555.408698 	 633.244668
   85 	 464.351781 	 557.593322 	 633.278528
   86 	 458.288368 	 568.353925 	 633.244668
   87 	 458.288368 	 569.118399 	 633.244668
   88 	 458.288368 	 573.775422 	 633.244668
   89 	 500.959758 	 578.065223 	 633.244668
   90 	 493.958010 	 580.974818 	 633.350159
   91 	 493.958010 	 580.688390 	 636.055465
   92 	 493.958010 	 573.608053 	 636.055465
   93 	 493.116861 	 573.655083 	 642.964155
   94 	 502.622098 	 579.629309 	 642.964155
   95 	 502.622098 	 586.325885 	 642.964155
   96 	 502.622098 	 586.745873 	 642.964155
   97 	 515.972936 	 587.580628 	 642.964155
   98 	 510.055616 	 587.924096 	 640.583644
   99 	 519.981333 	 592.121411 	 635.814296
 