   0 	 106.339831 	 260.538822 	 502.669075
    1 	 106.339831 	 267.087205 	 502.669075
    2 	 106.339831 	 282.607607 	 502.669075
    3 	 193.010836 	 309.109203 	 502.669075
    4 	 197.807023 	 329.717662 	 502.669075
    5 	 170.117154 	 338.456111 	 502.669075
    6 	 243.360756 	 353.533554 	 502.669075
    7 	 243.360756 	 356.684512 	 502.669075
    8 	 270.239850 	 372.752650 	 539.892931
    9 	 270.239850 	 385.798747 	 539.892931
   10 	 275.808884 	 405.686140 	 544.387773
   11 	 265.990905 	 411.255553 	 550.266787
   12 	 265.990905 	 421.102536 	 550.266787
   13 	 278.510275 	 432.987065 	 550.266787
   14 	 285.603748 	 441.917786 	 541.277756
   15 	 285.813547 	 452.794887 	 542.937579
   16 	 285.813547 	 454.269989 	 542.937579
   17 	 285.813547 	 469.414884 	 592.528480
   18 	 293.030555 	 479.733447 	 592.528480
   19 	 324.728582 	 489.095354 	 576.918225
   20 	 324.728582 	 499.514807 	 576.918225
   21 	 324.728582 	 501.197541 	 577.951119
   22 	 337.284264 	 501.452405 	 576.918225
   23 	 404.463946 	 503.380339 	 592.528480
   24 	 404.463946 	 508.752769 	 592.528480
   25 	 404.463946 	 508.147303 	 596.930554
   26 	 368.710602 	 501.291928 	 596.876204
   27 	 393.650358 	 508.358571 	 644.479463
   28 	 393.650358 	 508.399363 	 644.479463
   29 	 406.123106 	 513.519109 	 644.479463
   30 	 407.373325 	 513.267840 	 644.479463
   31 	 407.373325 	 516.332807 	 644.479463
   32 	 407.373325 	 527.971078 	 644.479463
   33 	 422.207911 	 532.744457 	 644.479463
   34 	 411.022041 	 540.762444 	 644.479463
   35 	 404.315819 	 550.787211 	 644.479463
   36 	 404.315819 	 556.722946 	 644.479463
   37 	 404.315819 	 569.692794 	 658.080802
   38 	 404.315819 	 577.069502 	 658.080802
   39 	 404.315819 	 587.346367 	 658.080802
   40 	 408.967222 	 596.063562 	 659.517651
   41 	 408.967222 	 607.313819 	 659.517651
   42 	 408.967222 	 607.289002 	 659.353782
   43 	 408.967222 	 608.262848 	 659.353782
   44 	 479.076357 	 613.583396 	 659.344537
   45 	 523.219665 	 619.854094 	 659.344537
   46 	 540.590623 	 614.226451 	 650.208619
   47 	 526.283273 	 611.216275 	 650.134662
   48 	 526.283273 	 611.238843 	 646.245632
   49 	 526.283273 	 608.507813 	 666.272372
   50 	 526.283273 	 608.630988 	 666.272372
   51 	 526.283273 	 608.511212 	 666.272372
   52 	 526.283273 	 615.720220 	 659.344537
   53 	 543.626841 	 620.372777 	 659.344537
   54 	 554.722080 	 624.114606 	 659.344537
   55 	 556.668935 	 627.036814 	 659.344537
   56 	 556.668935 	 632.851606 	 663.784009
   57 	 563.978974 	 633.368466 	 663.784009
   58 	 556.959625 	 632.990062 	 661.347636
   59 	 556.959625 	 636.073938 	 661.347636
   60 	 591.475286 	 633.095369 	 661.347636
   61 	 591.510869 	 634.269422 	 661.347636
   62 	 591.510869 	 635.441461 	 661.347636
   63 	 591.510869 	 638.333623 	 672.859039
   64 	 591.510869 	 642.644211 	 667.921160
   65 	 591.510869 	 643.726775 	 667.921160
   66 	 591.510869 	 641.952567 	 667.921160
   67 	 578.813212 	 640.912735 	 670.571242
   68 	 578.813212 	 645.568608 	 670.571242
   69 	 578.813212 	 646.031973 	 670.571242
   70 	 578.813212 	 650.914357 	 670.713964
   71 	 578.813212 	 650.449372 	 670.713964
   72 	 578.813212 	 651.819822 	 670.713964
   73 	 578.813212 	 651.439843 	 670.713964
   74 	 578.813212 	 649.276032 	 670.713964
   75 	 578.813212 	 650.126903 	 670.713964
   76 	 579.434865 	 651.354235 	 670.571242
   77 	 579.434865 	 650.578634 	 670.571242
   78 	 592.779870 	 650.260347 	 670.571242
   79 	 602.802168 	 649.655149 	 670.954606
   80 	 602.802168 	 650.745284 	 670.954606
   81 	 602.802168 	 650.025718 	 666.689090
   82 	 602.802168 	 649.094347 	 670.571242
   83 	 602.802168 	 649.384120 	 670.571242
   84 	 600.318316 	 648.161630 	 670.571242
   85 	 601.599872 	 647.378277 	 670.571242
   86 	 601.599872 	 647.423818 	 670.571242
   87 	 601.599872 	 645.777236 	 677.445684
   88 	 601.599872 	 644.081377 	 667.232166
   89 	 601.599872 	 643.176616 	 667.232166
   90 	 600.280479 	 643.391118 	 667.232166
   91 	 600.280479 	 641.987368 	 667.232166
   92 	 600.280479 	 643.386477 	 667.009786
   93 	 601.606485 	 644.409727 	 667.009786
   94 	 593.574625 	 644.186829 	 667.009786
   95 	 593.574625 	 642.056022 	 667.009786
   96 	 588.051546 	 643.601931 	 667.009786
   97 	 588.051546 	 644.597648 	 667.009786
   98 	 588.051546 	 646.755834 	 667.009786
   99 	 594.089602 	 649.675837 	 667.009786
 