   0 	 18.872913 	 29.500544 	 44.867728
    1 	 15.868531 	 30.427822 	 44.867728
    2 	 18.872913 	 31.459569 	 44.867728
    3 	 20.601697 	 32.690018 	 44.867728
    4 	 20.601697 	 34.518896 	 44.592004
    5 	 20.601697 	 34.953634 	 44.621725
    6 	 20.601697 	 34.609330 	 44.621725
    7 	 20.891443 	 35.649645 	 44.775398
    8 	 24.633610 	 36.409090 	 46.136015
    9 	 24.633610 	 36.897348 	 44.775398
   10 	 23.094488 	 37.567055 	 44.775398
   11 	 24.633610 	 38.345309 	 45.640027
   12 	 24.644365 	 38.804188 	 46.856621
   13 	 27.869214 	 39.773622 	 51.990798
   14 	 27.927985 	 40.191787 	 47.546055
   15 	 32.228799 	 40.158018 	 47.546055
   16 	 32.228799 	 40.212414 	 48.048260
   17 	 32.539019 	 40.420368 	 48.048260
   18 	 32.539019 	 40.668717 	 48.048260
   19 	 32.539019 	 41.264458 	 49.242381
   20 	 32.526101 	 41.212686 	 49.242381
   21 	 33.928461 	 41.746177 	 49.242381
   22 	 35.196620 	 42.117973 	 48.048260
   23 	 35.657021 	 42.356167 	 49.334030
   24 	 35.444998 	 41.747549 	 49.334030
   25 	 34.146041 	 42.047600 	 49.754977
   26 	 34.146041 	 41.558753 	 49.754977
   27 	 31.990267 	 41.957996 	 50.763311
   28 	 35.718709 	 41.896141 	 49.754977
   29 	 34.051673 	 41.470243 	 49.766667
   30 	 34.978920 	 42.604815 	 49.743302
   31 	 34.978920 	 42.620712 	 49.743302
   32 	 34.978920 	 42.699794 	 47.968007
   33 	 34.978920 	 42.992601 	 47.968007
   34 	 34.978920 	 42.784867 	 47.918807
   35 	 34.978920 	 42.605102 	 47.918807
   36 	 35.177584 	 42.226371 	 50.563973
   37 	 35.177584 	 41.826849 	 50.563973
   38 	 34.909052 	 42.263101 	 48.761182
   39 	 35.177584 	 42.914927 	 48.761182
   40 	 33.649935 	 43.199487 	 48.716585
   41 	 33.649935 	 43.865757 	 48.716585
   42 	 33.649935 	 43.850187 	 50.522982
   43 	 33.649935 	 44.178734 	 50.522982
   44 	 32.651690 	 44.736936 	 52.402849
   45 	 35.389710 	 45.239061 	 52.402849
   46 	 35.389710 	 45.153928 	 53.666405
   47 	 35.389710 	 45.789739 	 53.666405
   48 	 35.389710 	 45.665582 	 52.659777
   49 	 35.389710 	 45.572445 	 52.659777
   50 	 35.389710 	 45.374144 	 52.659777
   51 	 35.389710 	 45.830747 	 52.659777
   52 	 35.389710 	 45.747862 	 52.659777
   53 	 35.389710 	 46.532793 	 52.706795
   54 	 35.389710 	 46.810566 	 53.834161
   55 	 35.389710 	 47.834012 	 54.256526
   56 	 35.389710 	 48.208898 	 53.834161
   57 	 35.389710 	 48.256686 	 53.370548
   58 	 40.904142 	 48.578570 	 54.500861
   59 	 41.826752 	 48.783299 	 54.011219
   60 	 41.826752 	 49.217337 	 54.011219
   61 	 41.854749 	 48.982189 	 53.788649
   62 	 41.854749 	 49.226779 	 53.788649
   63 	 41.854749 	 49.191425 	 54.988454
   64 	 41.854749 	 49.329127 	 57.451814
   65 	 43.975769 	 49.152552 	 57.707057
   66 	 41.531800 	 49.314676 	 57.707057
   67 	 43.975769 	 48.959431 	 57.200421
   68 	 42.425405 	 48.595757 	 55.951404
   69 	 42.057276 	 48.857058 	 56.711177
   70 	 42.057276 	 49.067712 	 53.994077
   71 	 42.057276 	 49.211981 	 53.994077
   72 	 43.093575 	 49.351587 	 53.994077
   73 	 43.093575 	 49.545788 	 55.488331
   74 	 43.093575 	 49.620411 	 55.485289
   75 	 42.984134 	 49.829420 	 55.485289
   76 	 43.365303 	 50.079198 	 54.954945
   77 	 44.713106 	 50.436105 	 54.954945
   78 	 45.070629 	 50.392549 	 54.954945
   79 	 45.070629 	 50.248130 	 54.954945
   80 	 42.874271 	 50.247921 	 54.954945
   81 	 44.312880 	 50.230559 	 57.328990
   82 	 43.851737 	 50.250532 	 57.328990
   83 	 43.851737 	 49.855404 	 54.639361
   84 	 45.070629 	 49.968707 	 54.639361
   85 	 42.914201 	 50.127451 	 54.085933
   86 	 42.914201 	 49.739289 	 54.910886
   87 	 44.022223 	 49.752743 	 54.910886
   88 	 44.883640 	 50.214914 	 54.669359
   89 	 44.729569 	 50.373831 	 53.969028
   90 	 44.170025 	 50.571756 	 56.028603
   91 	 45.297041 	 50.552144 	 53.969028
   92 	 46.746178 	 50.509149 	 53.969028
   93 	 45.372589 	 50.695721 	 55.089240
   94 	 45.209929 	 50.363158 	 55.991637
   95 	 45.372589 	 50.627934 	 55.674832
   96 	 44.033054 	 50.328779 	 55.674832
   97 	 44.033054 	 50.194724 	 55.674832
   98 	 43.845083 	 50.310851 	 55.674832
   99 	 45.372589 	 50.318742 	 53.885939
 