   0 	 14.921433 	 28.500798 	 41.974291
    1 	 14.921433 	 30.100278 	 41.974291
    2 	 19.072708 	 30.899034 	 41.974291
    3 	 20.227643 	 31.636216 	 41.974291
    4 	 19.310901 	 32.901173 	 44.301888
    5 	 19.310901 	 33.608787 	 44.301888
    6 	 20.480294 	 34.697664 	 44.301888
    7 	 23.669377 	 35.166067 	 46.546177
    8 	 26.876662 	 35.856630 	 46.546177
    9 	 26.876662 	 35.855725 	 46.546177
   10 	 26.876662 	 35.926229 	 46.546177
   11 	 29.552869 	 36.591219 	 46.582776
   12 	 28.624770 	 36.605026 	 46.546177
   13 	 28.624770 	 36.953535 	 46.546177
   14 	 29.156262 	 37.160084 	 46.546177
   15 	 29.156262 	 37.442725 	 43.122556
   16 	 29.156262 	 37.605831 	 43.122556
   17 	 29.156262 	 37.661058 	 43.123166
   18 	 29.156262 	 37.912931 	 43.178804
   19 	 29.156262 	 38.137531 	 43.411161
   20 	 29.156262 	 38.502216 	 44.047906
   21 	 30.311129 	 38.570514 	 43.411161
   22 	 30.311129 	 38.899347 	 43.975305
   23 	 30.311129 	 38.848066 	 44.586112
   24 	 29.870802 	 38.857719 	 44.704559
   25 	 31.068310 	 39.470160 	 46.085731
   26 	 33.268272 	 39.977017 	 44.918860
   27 	 33.483964 	 40.256034 	 45.964529
   28 	 33.483964 	 40.421295 	 45.964529
   29 	 33.483964 	 40.558308 	 45.964529
   30 	 31.005882 	 40.676535 	 47.895126
   31 	 31.005882 	 40.736932 	 46.977621
   32 	 33.714544 	 41.049343 	 47.183300
   33 	 34.265300 	 41.406623 	 47.859438
   34 	 34.265300 	 41.444000 	 45.964529
   35 	 34.265300 	 41.257814 	 45.964529
   36 	 33.928794 	 41.338456 	 46.434851
   37 	 35.539094 	 41.573311 	 48.408838
   38 	 33.417128 	 41.703723 	 47.300824
   39 	 33.417128 	 41.991872 	 47.233643
   40 	 34.377088 	 42.401353 	 47.281614
   41 	 34.705100 	 42.692337 	 48.190360
   42 	 34.705100 	 42.918805 	 48.152015
   43 	 38.353392 	 43.278960 	 51.704997
   44 	 38.353392 	 43.416532 	 47.611728
   45 	 38.353392 	 43.334709 	 48.546801
   46 	 38.353392 	 43.475178 	 48.761154
   47 	 38.353392 	 43.464194 	 48.761154
   48 	 36.628934 	 43.841134 	 48.761154
   49 	 37.697912 	 43.742763 	 48.761154
   50 	 36.011886 	 43.917403 	 48.761154
   51 	 38.504330 	 44.236250 	 50.276513
   52 	 37.718037 	 44.462887 	 50.276513
   53 	 38.504330 	 44.739043 	 48.761154
   54 	 38.504330 	 44.659393 	 48.761154
   55 	 38.504330 	 44.795980 	 49.554875
   56 	 38.504330 	 44.993354 	 48.645144
   57 	 38.504330 	 45.099735 	 48.645144
   58 	 38.504330 	 45.089568 	 49.268911
   59 	 39.706830 	 45.075074 	 48.645144
   60 	 39.706830 	 45.085448 	 48.645144
   61 	 39.706830 	 45.271097 	 48.645144
   62 	 40.366698 	 45.140942 	 48.968674
   63 	 42.232721 	 45.227805 	 49.983314
   64 	 42.173309 	 45.214846 	 49.983314
   65 	 42.232721 	 45.701817 	 48.645144
   66 	 42.232721 	 45.760182 	 50.174095
   67 	 41.468448 	 45.769427 	 51.743785
   68 	 41.461432 	 45.784550 	 50.174095
   69 	 40.593092 	 45.819932 	 51.969287
   70 	 41.468448 	 46.164385 	 50.575821
   71 	 41.234922 	 46.731480 	 50.575821
   72 	 42.139918 	 47.092313 	 49.973413
   73 	 42.139918 	 47.211626 	 51.087375
   74 	 42.860660 	 47.094569 	 51.087375
   75 	 42.860660 	 47.110576 	 51.074055
   76 	 42.383495 	 47.168830 	 51.074055
   77 	 42.383495 	 47.338333 	 51.074055
   78 	 42.383495 	 47.242547 	 51.074055
   79 	 42.383495 	 47.435050 	 51.074055
   80 	 42.383495 	 47.287652 	 50.943293
   81 	 42.383495 	 47.175409 	 51.137877
   82 	 42.383495 	 46.991446 	 51.623515
   83 	 42.383495 	 47.302853 	 51.722846
   84 	 41.708984 	 47.295700 	 52.444781
   85 	 41.230385 	 47.297678 	 51.722846
   86 	 41.230385 	 47.401845 	 51.722846
   87 	 41.230385 	 47.045328 	 51.722846
   88 	 41.230385 	 46.979294 	 51.722846
   89 	 41.222317 	 46.722943 	 51.778919
   90 	 41.931486 	 46.721362 	 51.722846
   91 	 42.498145 	 47.635234 	 51.722846
   92 	 43.508630 	 48.177344 	 51.722846
   93 	 43.767890 	 48.101218 	 51.722846
   94 	 43.843005 	 48.455420 	 52.288453
   95 	 45.206801 	 48.735612 	 52.288453
   96 	 45.307193 	 48.644250 	 52.288453
   97 	 42.516290 	 48.716928 	 55.224295
   98 	 41.990884 	 48.567310 	 55.224295
   99 	 43.929520 	 48.473845 	 53.565555
 