   0 	 130.753883 	 262.126770 	 401.926703
    1 	 176.479995 	 274.924343 	 418.444908
    2 	 182.266110 	 285.286416 	 418.444908
    3 	 175.208245 	 300.085889 	 452.456374
    4 	 190.945742 	 311.358113 	 418.444908
    5 	 190.945742 	 311.151217 	 427.626683
    6 	 194.963128 	 317.836360 	 443.882812
    7 	 194.963128 	 339.950571 	 443.882812
    8 	 211.454052 	 352.072349 	 437.298603
    9 	 223.984626 	 355.775984 	 437.298603
   10 	 246.021633 	 366.086429 	 459.624403
   11 	 229.536896 	 367.080770 	 489.952342
   12 	 242.940045 	 368.826269 	 489.952342
   13 	 242.940045 	 381.367134 	 489.952342
   14 	 244.988671 	 381.166364 	 502.739877
   15 	 244.988671 	 394.777062 	 502.739877
   16 	 273.649871 	 400.097995 	 502.739877
   17 	 293.943609 	 406.483222 	 604.942424
   18 	 293.943609 	 412.953968 	 604.942424
   19 	 317.645175 	 412.580793 	 604.942424
   20 	 317.645175 	 416.993968 	 604.942424
   21 	 318.652438 	 420.814275 	 607.126418
   22 	 324.090221 	 425.572378 	 607.126418
   23 	 326.973717 	 439.482079 	 607.126418
   24 	 326.973717 	 441.194927 	 609.885084
   25 	 326.973717 	 450.353192 	 604.942424
   26 	 299.427767 	 451.895608 	 550.152533
   27 	 316.647715 	 455.013165 	 550.514229
   28 	 375.116915 	 466.295931 	 578.329360
   29 	 353.103178 	 475.396901 	 555.449525
   30 	 375.116915 	 479.102465 	 593.483357
   31 	 395.911733 	 491.111445 	 602.130117
   32 	 403.970056 	 498.383297 	 602.130117
   33 	 403.970056 	 506.346117 	 602.130117
   34 	 390.048737 	 511.454697 	 588.480619
   35 	 368.788386 	 509.566627 	 599.946511
   36 	 364.173663 	 514.609021 	 599.946511
   37 	 429.713206 	 518.458651 	 599.946511
   38 	 429.713206 	 516.673210 	 599.946511
   39 	 429.713206 	 520.255472 	 599.946511
   40 	 429.713206 	 522.362214 	 622.473949
   41 	 449.610131 	 529.385330 	 643.828837
   42 	 466.255184 	 527.658106 	 643.828837
   43 	 463.631828 	 529.886512 	 622.473949
   44 	 475.228186 	 535.077024 	 622.473949
   45 	 479.676598 	 536.226878 	 595.349412
   46 	 472.325669 	 538.776427 	 603.725293
   47 	 472.325669 	 538.927415 	 603.725293
   48 	 459.739480 	 535.076566 	 643.795362
   49 	 427.624374 	 531.722496 	 604.653877
   50 	 426.306592 	 530.582426 	 604.653877
   51 	 426.306592 	 526.303530 	 622.328378
   52 	 437.630600 	 528.037463 	 622.328378
   53 	 452.262709 	 533.501545 	 622.328378
   54 	 450.824020 	 530.741727 	 608.800093
   55 	 431.291715 	 528.473262 	 615.840748
   56 	 419.315004 	 532.228524 	 623.504873
   57 	 452.262709 	 535.558026 	 643.255701
   58 	 452.262709 	 547.820900 	 608.800093
   59 	 452.262709 	 549.831184 	 615.243375
   60 	 474.875673 	 557.891412 	 615.243375
   61 	 464.093520 	 563.796589 	 656.534809
   62 	 462.115530 	 567.124368 	 656.534809
   63 	 462.115530 	 562.903946 	 656.534809
   64 	 462.115530 	 566.365121 	 656.534809
   65 	 488.952905 	 570.980772 	 658.175869
   66 	 488.952905 	 580.368820 	 658.175869
   67 	 486.360308 	 579.751939 	 679.561223
   68 	 486.360308 	 582.369155 	 679.085704
   69 	 479.034954 	 588.563043 	 681.314757
   70 	 479.034954 	 594.006492 	 681.314757
   71 	 486.360308 	 600.327810 	 683.337982
   72 	 492.334300 	 596.616041 	 683.337982
   73 	 473.005618 	 596.697823 	 683.337982
   74 	 473.005618 	 591.203793 	 685.761627
   75 	 473.005618 	 590.920499 	 703.832222
   76 	 482.211160 	 596.425241 	 718.176942
   77 	 482.211160 	 596.457031 	 703.832222
   78 	 482.211160 	 599.447930 	 709.575555
   79 	 482.200373 	 597.794005 	 709.575555
   80 	 466.927179 	 605.785432 	 742.885160
   81 	 466.629617 	 611.428360 	 709.575555
   82 	 468.576398 	 620.071468 	 703.832222
   83 	 520.495164 	 628.598810 	 703.832222
   84 	 538.401120 	 634.130833 	 703.832222
   85 	 522.417037 	 632.071579 	 730.225287
   86 	 554.913433 	 638.595500 	 730.225287
   87 	 526.714069 	 640.673655 	 703.832222
   88 	 555.165700 	 644.320416 	 703.355778
   89 	 552.705056 	 639.651122 	 719.383206
   90 	 553.820397 	 642.761550 	 719.383206
   91 	 507.178953 	 644.972264 	 768.865252
   92 	 507.178953 	 642.592897 	 719.383206
   93 	 580.314022 	 646.773189 	 719.383206
   94 	 511.089493 	 645.499937 	 719.383206
   95 	 569.990193 	 647.286920 	 719.383206
   96 	 569.990193 	 648.394096 	 720.274669
   97 	 569.895538 	 641.561263 	 719.383206
   98 	 558.344110 	 642.432693 	 719.383206
   99 	 558.344110 	 650.923766 	 719.383206
 