   0 	 18.139768 	 28.808590 	 39.773043
    1 	 17.943457 	 30.515796 	 39.773043
    2 	 17.943457 	 31.381832 	 40.245765
    3 	 17.896565 	 32.321460 	 40.245765
    4 	 18.434165 	 32.773390 	 44.991486
    5 	 24.147986 	 33.425681 	 46.078739
    6 	 20.755633 	 33.849030 	 46.078739
    7 	 25.659927 	 36.124751 	 47.066821
    8 	 25.659927 	 36.887332 	 47.066821
    9 	 24.738640 	 37.145974 	 47.386694
   10 	 30.343854 	 37.561639 	 45.408823
   11 	 31.407767 	 38.146934 	 45.408823
   12 	 28.842551 	 38.592024 	 50.920509
   13 	 28.842551 	 39.350190 	 50.920509
   14 	 28.961657 	 39.553201 	 50.920509
   15 	 28.961657 	 40.084741 	 50.920509
   16 	 28.961657 	 40.033911 	 50.920509
   17 	 28.961657 	 40.245224 	 50.920509
   18 	 28.961657 	 40.827917 	 50.920509
   19 	 28.961657 	 40.705209 	 50.920509
   20 	 33.173515 	 40.680383 	 47.649282
   21 	 33.372873 	 41.105497 	 48.359443
   22 	 33.372873 	 41.503226 	 48.359443
   23 	 33.372873 	 41.634623 	 48.416950
   24 	 33.372873 	 41.889342 	 48.359443
   25 	 33.372873 	 42.120769 	 48.359443
   26 	 33.372873 	 42.654314 	 48.359443
   27 	 33.372873 	 43.569785 	 52.910966
   28 	 33.372873 	 43.674248 	 52.910966
   29 	 33.372873 	 43.812664 	 52.910966
   30 	 33.372873 	 43.983318 	 54.491811
   31 	 37.367795 	 44.096634 	 52.910966
   32 	 35.809385 	 44.109290 	 52.910966
   33 	 35.730449 	 44.106940 	 52.910966
   34 	 35.763235 	 44.233291 	 52.910966
   35 	 35.946802 	 44.400018 	 53.063872
   36 	 35.705887 	 44.505251 	 53.063872
   37 	 35.705887 	 44.171946 	 52.910966
   38 	 38.214821 	 44.301027 	 52.910966
   39 	 35.408398 	 44.085609 	 52.910966
   40 	 35.408398 	 44.233682 	 52.910966
   41 	 35.408398 	 44.273765 	 53.037374
   42 	 38.910399 	 44.761351 	 53.037374
   43 	 38.709541 	 44.644543 	 53.037374
   44 	 38.910399 	 44.897391 	 53.037374
   45 	 39.012146 	 45.167011 	 53.037374
   46 	 39.012146 	 45.240395 	 52.910966
   47 	 39.012146 	 45.682312 	 52.910966
   48 	 39.948651 	 45.796269 	 52.910966
   49 	 39.479188 	 46.647720 	 52.910966
   50 	 39.479188 	 46.863969 	 52.910966
   51 	 40.289851 	 47.679998 	 52.910966
   52 	 41.142759 	 47.999225 	 52.995763
   53 	 38.711968 	 48.054859 	 52.995763
   54 	 38.711968 	 48.680561 	 52.995763
   55 	 41.057938 	 49.147567 	 52.995763
   56 	 41.057938 	 49.796343 	 52.995763
   57 	 44.445787 	 50.511476 	 53.145211
   58 	 44.445787 	 50.583945 	 54.038499
   59 	 44.445787 	 50.476962 	 54.038499
   60 	 44.445787 	 50.478951 	 54.599236
   61 	 44.445787 	 50.668701 	 54.599236
   62 	 43.300434 	 50.753692 	 54.599236
   63 	 43.300434 	 50.487811 	 54.599236
   64 	 44.445787 	 50.454231 	 56.719029
   65 	 44.477946 	 50.634862 	 57.555007
   66 	 44.477946 	 51.003565 	 57.555007
   67 	 44.477946 	 51.230946 	 57.555007
   68 	 44.477946 	 51.431995 	 57.610287
   69 	 48.774101 	 51.407278 	 56.830355
   70 	 48.057467 	 51.400033 	 55.672578
   71 	 45.892483 	 51.410530 	 56.575780
   72 	 48.057467 	 51.720732 	 55.828841
   73 	 48.299174 	 51.848237 	 55.828841
   74 	 48.299174 	 51.851530 	 56.177344
   75 	 47.863286 	 51.935302 	 55.672578
   76 	 48.299174 	 51.941703 	 55.672578
   77 	 48.414394 	 51.847385 	 55.672578
   78 	 48.414394 	 51.858962 	 55.926853
   79 	 46.605858 	 52.070472 	 55.926853
   80 	 48.291940 	 52.443898 	 57.050310
   81 	 46.524951 	 52.081286 	 57.050310
   82 	 48.293889 	 52.359150 	 57.063935
   83 	 48.293889 	 52.458698 	 57.063935
   84 	 48.414394 	 52.183836 	 57.148732
   85 	 48.260027 	 51.988466 	 57.063935
   86 	 48.002378 	 52.029971 	 57.063935
   87 	 48.002378 	 52.164537 	 57.063935
   88 	 45.342270 	 52.170906 	 57.136300
   89 	 48.613381 	 52.238000 	 57.136300
   90 	 49.272822 	 52.088249 	 57.136300
   91 	 49.581502 	 52.218971 	 57.136300
   92 	 48.721199 	 52.194954 	 57.136300
   93 	 49.581502 	 52.625554 	 57.136300
   94 	 49.790506 	 52.673345 	 57.136300
   95 	 49.790506 	 52.557259 	 57.136300
   96 	 49.738932 	 52.828952 	 57.136300
   97 	 49.941153 	 52.974338 	 57.136300
   98 	 49.941153 	 53.136205 	 57.136300
   99 	 50.396070 	 53.234271 	 58.777956
 