   0 	 104.421823 	 263.918108 	 454.210350
    1 	 104.421823 	 271.587937 	 418.191102
    2 	 143.240273 	 288.695215 	 418.191102
    3 	 159.655211 	 299.761160 	 436.652432
    4 	 141.643784 	 307.951866 	 436.652432
    5 	 159.655211 	 321.050584 	 436.652432
    6 	 190.718943 	 334.917272 	 436.652432
    7 	 166.925511 	 340.782249 	 436.652432
    8 	 166.925511 	 355.460360 	 531.374043
    9 	 231.603800 	 356.113266 	 531.374043
   10 	 231.603800 	 354.495413 	 531.374043
   11 	 207.151243 	 359.932289 	 531.374043
   12 	 247.778394 	 370.774345 	 531.374043
   13 	 242.781640 	 376.562803 	 531.374043
   14 	 239.032457 	 380.356315 	 531.374043
   15 	 242.781640 	 408.319085 	 559.470158
   16 	 291.542468 	 418.567967 	 559.470158
   17 	 271.256814 	 409.902024 	 559.470158
   18 	 271.256814 	 416.246731 	 559.470158
   19 	 269.357774 	 426.144883 	 559.470158
   20 	 273.036942 	 429.499075 	 607.978306
   21 	 273.036942 	 439.912472 	 553.069291
   22 	 273.036942 	 436.659710 	 553.069291
   23 	 295.891498 	 436.199194 	 553.069291
   24 	 295.891498 	 445.408011 	 553.069291
   25 	 300.619953 	 453.609223 	 553.069291
   26 	 276.245145 	 465.705701 	 577.326174
   27 	 258.714355 	 462.424354 	 560.504398
   28 	 258.714355 	 471.132741 	 560.504398
   29 	 276.245145 	 479.916946 	 560.504398
   30 	 289.213565 	 486.935040 	 560.504398
   31 	 386.686754 	 495.005458 	 560.504398
   32 	 350.268140 	 490.646220 	 574.011271
   33 	 350.268140 	 492.487351 	 574.011271
   34 	 350.268140 	 499.121662 	 574.011271
   35 	 392.075943 	 509.882885 	 601.833196
   36 	 392.075943 	 511.288215 	 601.833196
   37 	 395.026894 	 518.322740 	 584.880164
   38 	 395.026894 	 521.740228 	 584.880164
   39 	 395.026894 	 521.364589 	 584.880164
   40 	 387.415875 	 522.434088 	 584.880164
   41 	 387.415875 	 520.519232 	 584.880164
   42 	 440.453344 	 520.217816 	 584.880164
   43 	 440.621675 	 521.493040 	 584.880164
   44 	 433.662689 	 518.802552 	 593.458141
   45 	 417.681998 	 523.138760 	 593.458141
   46 	 417.681998 	 530.485070 	 593.458141
   47 	 445.512218 	 534.011915 	 588.391014
   48 	 445.512218 	 534.015484 	 596.331253
   49 	 447.940394 	 535.312677 	 596.331253
   50 	 447.940394 	 537.887255 	 607.537753
   51 	 444.092246 	 537.475240 	 607.537753
   52 	 436.564196 	 542.760958 	 607.537753
   53 	 444.092246 	 543.336558 	 607.537753
   54 	 453.123062 	 545.865011 	 604.606980
   55 	 453.123062 	 546.251533 	 604.606980
   56 	 453.123062 	 546.720296 	 635.938498
   57 	 491.149561 	 545.563755 	 617.827914
   58 	 478.818375 	 545.004196 	 617.827914
   59 	 454.469354 	 543.807848 	 617.827914
   60 	 483.346875 	 545.489312 	 604.600994
   61 	 493.845235 	 549.326063 	 604.600994
   62 	 474.707793 	 546.471945 	 601.314917
   63 	 483.421221 	 553.684887 	 617.379026
   64 	 483.421221 	 553.836009 	 622.769657
   65 	 483.421221 	 554.271417 	 617.379026
   66 	 480.013946 	 556.319586 	 627.575089
   67 	 480.013946 	 554.985103 	 614.728649
   68 	 484.250677 	 558.769878 	 618.788076
   69 	 484.250677 	 561.713476 	 618.788076
   70 	 472.014754 	 565.930829 	 644.281847
   71 	 493.738381 	 564.243692 	 644.281847
   72 	 474.840696 	 560.913988 	 636.731081
   73 	 463.265367 	 558.715190 	 617.379026
   74 	 463.278722 	 561.719350 	 628.428933
   75 	 463.278722 	 564.897415 	 614.661959
   76 	 463.278722 	 563.671036 	 624.427729
   77 	 463.278722 	 560.686135 	 642.404536
   78 	 463.278722 	 563.127726 	 642.404536
   79 	 463.278722 	 564.790185 	 642.404536
   80 	 450.701411 	 566.851549 	 642.404536
   81 	 450.701411 	 566.255844 	 644.367173
   82 	 450.701411 	 561.935584 	 644.367173
   83 	 450.701411 	 559.547333 	 644.367173
   84 	 463.278722 	 560.571495 	 644.367173
   85 	 463.629450 	 571.748083 	 644.367173
   86 	 463.629450 	 571.899169 	 669.686065
   87 	 500.908943 	 577.677457 	 663.361602
   88 	 485.690486 	 584.526472 	 663.361602
   89 	 500.908943 	 589.239920 	 656.687537
   90 	 482.060851 	 589.189965 	 671.451342
   91 	 482.060851 	 590.917414 	 713.752671
   92 	 482.060851 	 588.434734 	 665.254438
   93 	 482.060851 	 588.847670 	 665.254438
   94 	 482.060851 	 589.103561 	 663.199688
   95 	 482.060851 	 586.534088 	 663.199688
   96 	 484.076159 	 590.633546 	 663.199688
   97 	 484.076159 	 592.814312 	 663.199688
   98 	 502.108952 	 601.659426 	 717.382618
   99 	 528.658952 	 605.507043 	 717.382618
 