   0 	 14.918167 	 27.335829 	 40.083030
    1 	 17.220095 	 28.218064 	 40.083030
    2 	 18.142541 	 28.838385 	 38.282012
    3 	 18.142541 	 30.031968 	 40.672291
    4 	 20.305872 	 31.787869 	 41.250778
    5 	 22.917493 	 32.531945 	 41.250778
    6 	 26.178598 	 33.923453 	 41.650157
    7 	 24.186122 	 34.557555 	 41.650157
    8 	 24.519671 	 34.848045 	 41.650157
    9 	 24.519671 	 34.995358 	 41.977730
   10 	 24.519671 	 34.608545 	 43.945177
   11 	 26.516391 	 35.350212 	 46.085121
   12 	 26.516391 	 35.793802 	 46.085121
   13 	 27.291226 	 36.537598 	 45.439185
   14 	 27.291226 	 37.505963 	 48.118833
   15 	 26.915636 	 38.301659 	 48.118833
   16 	 25.278290 	 39.002547 	 48.118833
   17 	 25.278290 	 38.594664 	 46.896500
   18 	 31.269965 	 38.585185 	 47.238630
   19 	 29.992089 	 39.548757 	 47.238630
   20 	 29.992089 	 40.371786 	 51.093943
   21 	 32.240109 	 41.580759 	 51.093943
   22 	 29.038218 	 42.185396 	 50.413485
   23 	 32.372175 	 42.531786 	 48.149454
   24 	 36.919850 	 43.351010 	 48.907592
   25 	 36.701964 	 43.157015 	 48.907592
   26 	 35.933742 	 43.795668 	 48.915951
   27 	 37.690677 	 44.132784 	 50.323045
   28 	 37.853025 	 44.314396 	 50.323045
   29 	 37.853025 	 43.992342 	 50.323045
   30 	 37.629276 	 43.860981 	 50.426929
   31 	 35.445756 	 44.189702 	 50.426929
   32 	 37.629276 	 44.636197 	 51.367690
   33 	 37.629276 	 45.016096 	 50.620471
   34 	 37.629276 	 45.502350 	 50.946628
   35 	 37.853025 	 45.652613 	 50.667385
   36 	 37.711926 	 45.783959 	 50.667385
   37 	 40.756305 	 46.156921 	 52.213824
   38 	 41.243098 	 46.067088 	 49.878210
   39 	 41.243098 	 46.586295 	 49.878210
   40 	 41.243098 	 46.570078 	 49.878210
   41 	 41.243098 	 46.838101 	 50.374461
   42 	 41.918008 	 46.834310 	 50.016253
   43 	 41.124479 	 46.663831 	 53.066147
   44 	 41.585021 	 46.735322 	 53.066147
   45 	 41.150471 	 46.672743 	 50.016253
   46 	 41.150471 	 46.898527 	 50.138885
   47 	 41.914457 	 47.063968 	 50.138885
   48 	 42.946017 	 47.484792 	 52.180745
   49 	 38.883242 	 47.369063 	 52.180745
   50 	 38.883242 	 47.646947 	 52.180745
   51 	 38.883242 	 47.961477 	 52.180745
   52 	 38.883242 	 47.867609 	 52.180745
   53 	 42.946017 	 47.539009 	 52.180745
   54 	 42.946017 	 47.644295 	 52.180745
   55 	 42.945097 	 47.670746 	 52.180745
   56 	 41.184054 	 47.995865 	 52.180745
   57 	 43.116203 	 47.962895 	 52.180745
   58 	 44.243333 	 48.009532 	 52.396132
   59 	 43.689820 	 48.142103 	 52.396132
   60 	 44.243333 	 48.192224 	 52.396132
   61 	 43.815233 	 47.963208 	 52.396132
   62 	 43.815233 	 48.049466 	 52.396132
   63 	 43.223781 	 48.005695 	 52.396132
   64 	 43.741279 	 48.269836 	 53.580617
   65 	 43.741279 	 48.265987 	 53.580617
   66 	 43.741279 	 48.098503 	 52.676574
   67 	 42.398874 	 48.126816 	 52.930290
   68 	 43.486227 	 48.318949 	 52.930290
   69 	 43.486227 	 48.324624 	 52.930290
   70 	 43.741279 	 48.773461 	 53.166562
   71 	 43.168400 	 49.155646 	 53.166562
   72 	 44.613618 	 48.973044 	 52.930290
   73 	 44.688092 	 49.169732 	 52.930290
   74 	 44.595321 	 49.415126 	 52.930290
   75 	 44.586518 	 49.644260 	 53.838272
   76 	 44.573134 	 49.920015 	 53.838272
   77 	 46.577641 	 50.231579 	 52.976480
   78 	 46.577641 	 50.279829 	 53.581608
   79 	 47.091151 	 50.524555 	 53.581608
   80 	 47.091151 	 50.519102 	 54.657901
   81 	 47.091151 	 50.560583 	 52.976480
   82 	 45.096934 	 50.580786 	 53.999780
   83 	 44.901199 	 50.626436 	 55.018851
   84 	 44.901199 	 50.601392 	 53.999780
   85 	 44.901199 	 50.357310 	 53.999780
   86 	 44.421593 	 50.448049 	 54.225938
   87 	 44.421593 	 50.631106 	 54.225938
   88 	 44.421593 	 50.596614 	 54.225938
   89 	 44.421593 	 50.675893 	 54.225938
   90 	 44.421593 	 50.340942 	 53.785941
   91 	 44.421593 	 50.651920 	 53.785941
   92 	 44.421593 	 50.753305 	 53.785941
   93 	 43.540577 	 51.151876 	 53.785941
   94 	 43.540577 	 51.239257 	 53.785941
   95 	 43.540577 	 51.221465 	 53.785941
   96 	 44.543726 	 51.334815 	 53.785941
   97 	 47.787833 	 51.644985 	 54.095854
   98 	 45.674091 	 51.753844 	 53.448063
   99 	 45.674091 	 51.814976 	 53.815027
 