   0 	 92.565571 	 246.322365 	 379.925518
    1 	 99.556886 	 255.003623 	 374.388242
    2 	 141.313328 	 274.135143 	 380.873672
    3 	 148.341336 	 282.117040 	 414.345324
    4 	 177.535152 	 296.504441 	 414.345324
    5 	 177.535152 	 304.874571 	 465.116391
    6 	 164.692940 	 314.814260 	 470.081745
    7 	 164.692940 	 338.123331 	 470.081745
    8 	 207.439643 	 353.096183 	 470.081745
    9 	 238.609165 	 365.729615 	 445.117883
   10 	 259.111407 	 372.075977 	 449.887642
   11 	 259.111407 	 373.592930 	 430.772762
   12 	 259.111407 	 374.217952 	 454.532139
   13 	 259.111407 	 381.449426 	 468.625387
   14 	 247.128694 	 386.369098 	 618.563798
   15 	 240.650060 	 386.803926 	 618.563798
   16 	 290.705502 	 392.403353 	 618.563798
   17 	 316.851418 	 396.271313 	 582.391297
   18 	 265.577335 	 401.490894 	 582.391297
   19 	 293.173066 	 405.721025 	 582.391297
   20 	 293.173066 	 414.286844 	 586.817386
   21 	 269.447307 	 423.366556 	 594.988623
   22 	 269.447307 	 421.832386 	 624.223408
   23 	 317.262474 	 424.698004 	 594.988623
   24 	 319.347276 	 427.227166 	 586.178648
   25 	 344.701989 	 430.211571 	 635.960652
   26 	 344.701989 	 430.486801 	 587.581149
   27 	 289.630783 	 428.083017 	 610.235338
   28 	 306.111860 	 440.552187 	 610.235338
   29 	 306.111860 	 451.491620 	 610.235338
   30 	 306.111860 	 459.381258 	 610.235338
   31 	 306.111860 	 465.320634 	 610.235338
   32 	 306.111860 	 488.532577 	 610.235338
   33 	 306.111860 	 491.497451 	 619.269767
   34 	 332.161755 	 498.313720 	 617.547734
   35 	 329.298971 	 493.052992 	 624.021905
   36 	 335.817038 	 502.697350 	 624.021905
   37 	 335.817038 	 513.993383 	 624.021905
   38 	 362.520391 	 523.520592 	 622.428237
   39 	 362.520391 	 530.998005 	 622.283943
   40 	 402.167667 	 537.874352 	 622.283943
   41 	 324.295314 	 540.081470 	 624.130766
   42 	 354.144184 	 542.434696 	 624.130766
   43 	 427.655292 	 545.099243 	 648.063633
   44 	 427.655292 	 546.075575 	 648.063633
   45 	 432.248369 	 546.678831 	 648.063633
   46 	 432.248369 	 553.733185 	 648.063633
   47 	 432.248369 	 551.018506 	 648.063633
   48 	 430.576421 	 553.351327 	 648.063633
   49 	 429.276690 	 549.484089 	 648.063633
   50 	 435.300640 	 554.117342 	 648.063633
   51 	 435.300640 	 553.986027 	 673.902842
   52 	 435.300640 	 560.894215 	 673.902842
   53 	 435.300640 	 564.143231 	 673.902842
   54 	 448.773717 	 577.063352 	 675.400638
   55 	 473.043353 	 581.949834 	 680.316298
   56 	 473.043353 	 582.517173 	 675.400638
   57 	 473.043353 	 584.103895 	 675.400638
   58 	 471.944044 	 579.036187 	 675.400638
   59 	 471.944044 	 585.014584 	 691.735079
   60 	 500.175840 	 596.338493 	 671.436637
   61 	 500.175840 	 600.048318 	 671.436637
   62 	 500.175840 	 601.991402 	 679.268911
   63 	 500.175840 	 607.013500 	 679.268911
   64 	 500.175840 	 602.953149 	 679.268911
   65 	 499.782980 	 604.402502 	 679.268911
   66 	 486.987052 	 610.219540 	 679.268911
   67 	 486.987052 	 608.967824 	 679.268911
   68 	 500.175840 	 610.359562 	 682.723940
   69 	 500.175840 	 615.410692 	 679.268911
   70 	 509.404317 	 614.273060 	 679.268911
   71 	 509.404317 	 613.879691 	 679.088366
   72 	 524.757832 	 617.445988 	 679.088366
   73 	 552.834102 	 616.229491 	 679.088366
   74 	 530.053804 	 617.894133 	 679.088366
   75 	 534.292017 	 620.208613 	 674.557107
   76 	 545.104110 	 628.563769 	 694.403898
   77 	 526.471604 	 626.156528 	 678.012120
   78 	 526.471604 	 618.728360 	 678.012120
   79 	 526.471604 	 621.428607 	 695.172146
   80 	 555.012500 	 628.212487 	 695.172146
   81 	 516.091034 	 632.248282 	 695.172146
   82 	 504.190137 	 630.460989 	 695.172146
   83 	 504.190137 	 624.591828 	 695.172146
   84 	 504.190137 	 628.134292 	 695.172146
   85 	 532.819230 	 629.304899 	 687.197572
   86 	 571.636600 	 632.631883 	 687.197572
   87 	 586.395403 	 630.193580 	 687.197572
   88 	 587.655431 	 637.318167 	 687.197572
   89 	 587.655431 	 636.839481 	 691.739738
   90 	 585.166973 	 636.457842 	 682.444171
   91 	 587.287068 	 636.744905 	 682.444171
   92 	 581.257383 	 638.278502 	 682.444171
   93 	 580.329110 	 640.464859 	 682.444171
   94 	 587.085863 	 638.995240 	 704.964990
   95 	 587.085863 	 642.291019 	 704.964990
   96 	 587.287068 	 644.164541 	 704.964990
   97 	 587.287068 	 641.496513 	 679.020218
   98 	 587.085582 	 637.312143 	 694.784714
   99 	 587.085582 	 634.963692 	 679.020218
 