   0 	 15.138417 	 28.921151 	 47.059345
    1 	 16.262722 	 29.771209 	 47.059345
    2 	 19.849793 	 30.475643 	 47.059345
    3 	 19.849793 	 30.445315 	 45.262110
    4 	 18.957609 	 30.595153 	 45.262110
    5 	 15.841042 	 31.999149 	 43.435267
    6 	 20.726447 	 32.932547 	 45.146784
    7 	 23.141832 	 33.184356 	 44.584593
    8 	 23.141832 	 33.873934 	 44.584593
    9 	 23.141832 	 33.906171 	 44.584593
   10 	 23.098302 	 34.633994 	 47.260932
   11 	 22.581808 	 35.151249 	 44.584593
   12 	 22.581808 	 36.938813 	 43.435267
   13 	 22.581808 	 37.408513 	 43.435267
   14 	 28.514331 	 37.939812 	 43.734294
   15 	 28.157383 	 37.468935 	 45.681769
   16 	 28.157383 	 38.351009 	 45.681769
   17 	 28.157383 	 38.865778 	 46.917720
   18 	 29.926634 	 39.489310 	 46.917720
   19 	 29.609769 	 40.003766 	 46.917720
   20 	 29.609769 	 40.674472 	 46.917720
   21 	 33.376105 	 40.707164 	 50.578659
   22 	 33.654190 	 40.713790 	 48.283356
   23 	 31.456316 	 41.149606 	 48.283356
   24 	 33.654190 	 41.454065 	 48.283356
   25 	 33.654190 	 41.655024 	 50.281692
   26 	 34.096756 	 42.132521 	 51.899967
   27 	 33.949201 	 42.442323 	 51.899967
   28 	 33.092443 	 43.392491 	 51.899967
   29 	 33.092443 	 44.014864 	 53.355318
   30 	 34.837727 	 44.630425 	 53.355318
   31 	 34.837727 	 45.255500 	 54.400202
   32 	 38.515045 	 46.734634 	 54.973912
   33 	 38.700181 	 47.260600 	 54.973912
   34 	 36.197465 	 47.292082 	 54.973912
   35 	 38.362618 	 47.651200 	 54.693762
   36 	 35.935922 	 48.427776 	 54.413186
   37 	 40.718504 	 48.848687 	 54.413186
   38 	 40.718504 	 48.859020 	 54.413186
   39 	 41.663181 	 48.410181 	 55.096500
   40 	 42.590660 	 48.515382 	 54.374820
   41 	 42.590660 	 48.376249 	 54.374820
   42 	 43.014315 	 48.068339 	 54.374820
   43 	 40.819625 	 48.388029 	 54.374820
   44 	 42.501978 	 48.666064 	 54.374820
   45 	 43.309405 	 49.090639 	 57.720214
   46 	 43.309405 	 49.376070 	 57.720214
   47 	 39.933031 	 49.144414 	 55.297804
   48 	 43.100650 	 49.321863 	 54.374820
   49 	 39.980756 	 49.225950 	 54.436053
   50 	 39.980756 	 49.383343 	 54.436053
   51 	 39.980756 	 49.257851 	 54.436053
   52 	 42.718880 	 49.854283 	 54.419139
   53 	 42.718880 	 49.734324 	 54.960821
   54 	 44.949762 	 50.111799 	 55.308335
   55 	 44.950884 	 50.324274 	 54.960821
   56 	 44.663968 	 50.460553 	 54.960821
   57 	 43.890143 	 50.291532 	 54.960821
   58 	 43.656264 	 50.398281 	 54.960821
   59 	 43.656264 	 50.599484 	 55.134341
   60 	 43.656264 	 50.327985 	 55.134341
   61 	 43.656264 	 50.446246 	 55.813856
   62 	 43.100135 	 50.476383 	 54.960821
   63 	 43.100135 	 50.620516 	 54.960821
   64 	 43.100135 	 50.494783 	 54.960821
   65 	 45.429695 	 50.467032 	 55.301506
   66 	 45.462991 	 50.731988 	 55.301506
   67 	 45.767090 	 50.610840 	 55.636600
   68 	 45.767090 	 50.966518 	 55.301506
   69 	 45.762304 	 51.013606 	 57.177060
   70 	 43.537262 	 51.117043 	 55.301506
   71 	 45.055111 	 50.859576 	 57.100218
   72 	 45.072177 	 51.043600 	 57.100218
   73 	 45.072177 	 50.743918 	 57.100218
   74 	 45.004222 	 50.887111 	 56.109967
   75 	 44.176715 	 50.499183 	 56.109967
   76 	 45.004222 	 50.475872 	 55.778735
   77 	 39.435407 	 50.670590 	 55.778735
   78 	 39.435407 	 50.854181 	 56.640123
   79 	 45.004222 	 51.392783 	 56.640123
   80 	 44.742812 	 51.197225 	 56.640123
   81 	 44.494615 	 51.676181 	 56.640123
   82 	 45.472723 	 51.717913 	 56.640123
   83 	 45.108177 	 51.800548 	 56.640123
   84 	 44.991888 	 51.978982 	 56.640123
   85 	 44.991888 	 52.058370 	 56.640123
   86 	 44.991888 	 52.224592 	 56.640123
   87 	 47.233595 	 52.865515 	 56.640123
   88 	 47.463877 	 53.145020 	 56.640123
   89 	 47.463877 	 53.321429 	 56.640123
   90 	 48.276770 	 53.576054 	 57.858165
   91 	 47.572351 	 53.677789 	 58.127007
   92 	 46.995794 	 54.148897 	 59.147996
   93 	 46.995794 	 54.399723 	 59.147996
   94 	 51.031978 	 54.387614 	 59.171484
   95 	 50.315595 	 54.305718 	 59.171484
   96 	 50.270388 	 54.257807 	 58.267204
   97 	 50.270388 	 54.236732 	 59.147996
   98 	 49.974248 	 54.369350 	 59.147996
   99 	 50.557472 	 54.441958 	 59.147996
 