   0 	 0.003335 	 0.010639 	 0.044543
    1 	 0.003889 	 0.012720 	 0.045504
    2 	 0.004052 	 0.014193 	 0.052095
    3 	 0.005169 	 0.016335 	 0.060140
    4 	 0.004975 	 0.018055 	 0.056933
    5 	 0.004871 	 0.020719 	 0.056933
    6 	 0.007113 	 0.023630 	 0.062932
    7 	 0.007121 	 0.025285 	 0.078416
    8 	 0.004217 	 0.029165 	 0.083252
    9 	 0.005685 	 0.030805 	 0.085749
   10 	 0.008930 	 0.031774 	 0.085014
   11 	 0.006590 	 0.036591 	 0.093754
   12 	 0.006504 	 0.036569 	 0.093503
   13 	 0.006890 	 0.039795 	 0.093519
   14 	 0.007435 	 0.040769 	 0.138870
   15 	 0.006204 	 0.040932 	 0.094544
   16 	 0.006754 	 0.045459 	 0.123023
   17 	 0.005399 	 0.046535 	 0.112673
   18 	 0.006760 	 0.051387 	 0.122892
   19 	 0.005284 	 0.051556 	 0.123635
   20 	 0.005703 	 0.055357 	 0.139483
   21 	 0.007107 	 0.058630 	 0.144068
   22 	 0.006093 	 0.061027 	 0.159809
   23 	 0.004740 	 0.061495 	 0.178927
   24 	 0.009952 	 0.064755 	 0.179091
   25 	 0.005186 	 0.064713 	 0.159301
   26 	 0.006711 	 0.068758 	 0.182135
   27 	 0.006168 	 0.075215 	 0.191477
   28 	 0.006765 	 0.079923 	 0.199420
   29 	 0.009543 	 0.083870 	 0.198038
   30 	 0.006556 	 0.084950 	 0.196252
   31 	 0.007070 	 0.086420 	 0.210386
   32 	 0.005374 	 0.088736 	 0.206666
   33 	 0.006718 	 0.090721 	 0.249122
   34 	 0.006873 	 0.097551 	 0.237787
   35 	 0.006628 	 0.093024 	 0.240613
   36 	 0.006949 	 0.096348 	 0.236851
   37 	 0.006759 	 0.103889 	 0.243445
   38 	 0.007220 	 0.109881 	 0.274375
   39 	 0.009228 	 0.111319 	 0.293646
   40 	 0.007371 	 0.111973 	 0.235493
   41 	 0.006554 	 0.113930 	 0.257872
   42 	 0.007278 	 0.114942 	 0.258534
   43 	 0.006549 	 0.124918 	 0.299271
   44 	 0.006438 	 0.124153 	 0.313362
   45 	 0.009264 	 0.132071 	 0.319604
   46 	 0.007073 	 0.132011 	 0.313685
   47 	 0.006550 	 0.131424 	 0.329062
   48 	 0.006845 	 0.130105 	 0.312415
   49 	 0.006997 	 0.144159 	 0.344047
   50 	 0.006378 	 0.160444 	 0.344259
   51 	 0.006865 	 0.153000 	 0.345987
   52 	 0.006746 	 0.146172 	 0.353457
   53 	 0.006200 	 0.143236 	 0.348005
   54 	 0.006414 	 0.145574 	 0.348005
   55 	 0.007042 	 0.141753 	 0.347681
   56 	 0.006987 	 0.144113 	 0.352721
   57 	 0.008144 	 0.144461 	 0.348886
   58 	 0.007053 	 0.158286 	 0.340496
   59 	 0.006993 	 0.156831 	 0.340496
   60 	 0.006722 	 0.141761 	 0.336047
   61 	 0.006556 	 0.154457 	 0.344143
   62 	 0.006597 	 0.155883 	 0.352347
   63 	 0.007041 	 0.155801 	 0.339380
   64 	 0.007207 	 0.171963 	 0.346266
   65 	 0.005598 	 0.167260 	 0.383075
   66 	 0.006695 	 0.174082 	 0.384672
   67 	 0.006934 	 0.175548 	 0.384672
   68 	 0.006599 	 0.169468 	 0.384672
   69 	 0.006772 	 0.177221 	 0.370209
   70 	 0.006874 	 0.184941 	 0.405344
   71 	 0.006936 	 0.178213 	 0.405202
   72 	 0.006840 	 0.177639 	 0.376573
   73 	 0.007033 	 0.181190 	 0.413111
   74 	 0.005685 	 0.188822 	 0.413562
   75 	 0.006818 	 0.181989 	 0.413362
   76 	 0.004224 	 0.171471 	 0.416175
   77 	 0.006662 	 0.193715 	 0.410598
   78 	 0.006451 	 0.180798 	 0.411990
   79 	 0.006972 	 0.182934 	 0.414822
   80 	 0.006861 	 0.199620 	 0.419606
   81 	 0.006921 	 0.202159 	 0.418052
   82 	 0.006844 	 0.190141 	 0.452270
   83 	 0.006709 	 0.192683 	 0.435163
   84 	 0.006898 	 0.193640 	 0.435163
   85 	 0.006500 	 0.193120 	 0.462680
   86 	 0.006856 	 0.196543 	 0.424756
   87 	 0.006914 	 0.189509 	 0.425203
   88 	 0.006096 	 0.196799 	 0.425203
   89 	 0.004117 	 0.201569 	 0.452047
   90 	 0.006930 	 0.209153 	 0.452047
   91 	 0.005466 	 0.211174 	 0.464490
   92 	 0.006845 	 0.214786 	 0.449197
   93 	 0.007154 	 0.213026 	 0.457539
   94 	 0.004321 	 0.214426 	 0.438244
   95 	 0.009451 	 0.206984 	 0.440348
   96 	 0.006972 	 0.210976 	 0.468198
   97 	 0.009710 	 0.219839 	 0.468198
   98 	 0.007073 	 0.207520 	 0.458351
   99 	 0.007458 	 0.200651 	 0.466601
  100 	 0.006511 	 0.197791 	 0.448032
  101 	 0.006990 	 0.208307 	 0.448032
  102 	 0.006327 	 0.206976 	 0.439105
  103 	 0.006934 	 0.194977 	 0.451654
  104 	 0.006565 	 0.204333 	 0.457203
  105 	 0.006872 	 0.205513 	 0.446548
  106 	 0.006897 	 0.211615 	 0.480605
  107 	 0.006026 	 0.219582 	 0.481602
  108 	 0.005941 	 0.209822 	 0.480445
  109 	 0.006918 	 0.234760 	 0.471901
  110 	 0.006995 	 0.233100 	 0.471573
  111 	 0.009444 	 0.228362 	 0.469457
  112 	 0.005456 	 0.225938 	 0.469457
  113 	 0.006104 	 0.239908 	 0.471388
  114 	 0.007005 	 0.226023 	 0.467863
  115 	 0.006826 	 0.218696 	 0.453103
  116 	 0.006871 	 0.209501 	 0.456590
  117 	 0.006568 	 0.207656 	 0.452678
  118 	 0.009611 	 0.233443 	 0.469516
  119 	 0.006965 	 0.219392 	 0.466632
  120 	 0.006208 	 0.214508 	 0.466632
  121 	 0.006826 	 0.225392 	 0.456441
  122 	 0.006954 	 0.240448 	 0.484747
  123 	 0.006957 	 0.229528 	 0.468987
  124 	 0.006898 	 0.214993 	 0.465960
  125 	 0.006175 	 0.216742 	 0.464032
  126 	 0.007036 	 0.218373 	 0.480289
  127 	 0.006854 	 0.217314 	 0.472679
  128 	 0.006888 	 0.236619 	 0.480305
  129 	 0.006909 	 0.213912 	 0.474090
  130 	 0.006844 	 0.223493 	 0.465092
  131 	 0.006928 	 0.233366 	 0.457945
  132 	 0.006747 	 0.228303 	 0.461425
  133 	 0.004847 	 0.216289 	 0.455963
  134 	 0.006859 	 0.230369 	 0.485697
  135 	 0.009245 	 0.246286 	 0.494211
  136 	 0.008880 	 0.251368 	 0.494270
  137 	 0.006891 	 0.249646 	 0.496044
  138 	 0.006907 	 0.261616 	 0.496044
  139 	 0.005979 	 0.265544 	 0.496044
  140 	 0.007003 	 0.268609 	 0.488048
  141 	 0.006882 	 0.236524 	 0.483856
  142 	 0.006933 	 0.223929 	 0.475371
  143 	 0.006950 	 0.243299 	 0.471014
  144 	 0.009029 	 0.249871 	 0.485616
  145 	 0.006586 	 0.250855 	 0.465740
  146 	 0.006573 	 0.241985 	 0.468689
  147 	 0.006724 	 0.249985 	 0.474817
  148 	 0.006984 	 0.259226 	 0.482578
  149 	 0.009436 	 0.275784 	 0.484748
  150 	 0.006967 	 0.282826 	 0.484070
  151 	 0.009297 	 0.258042 	 0.493742
  152 	 0.006449 	 0.234743 	 0.493923
  153 	 0.006879 	 0.218103 	 0.494280
  154 	 0.004363 	 0.221181 	 0.492697
  155 	 0.004607 	 0.243835 	 0.472389
  156 	 0.004606 	 0.234744 	 0.478372
  157 	 0.006486 	 0.230224 	 0.483372
  158 	 0.009275 	 0.207324 	 0.490059
  159 	 0.006910 	 0.227355 	 0.483955
  160 	 0.006959 	 0.242974 	 0.491811
  161 	 0.006946 	 0.265776 	 0.481472
  162 	 0.007299 	 0.263089 	 0.498253
  163 	 0.005974 	 0.260218 	 0.496063
  164 	 0.006018 	 0.251970 	 0.485861
  165 	 0.006852 	 0.237171 	 0.485025
  166 	 0.006798 	 0.231179 	 0.491387
  167 	 0.008687 	 0.233656 	 0.491387
  168 	 0.006163 	 0.235421 	 0.484411
  169 	 0.006854 	 0.233895 	 0.486362
  170 	 0.006546 	 0.230743 	 0.479489
  171 	 0.009535 	 0.235888 	 0.481724
  172 	 0.006882 	 0.256342 	 0.489116
  173 	 0.007039 	 0.247585 	 0.488200
  174 	 0.006824 	 0.230263 	 0.480190
  175 	 0.006524 	 0.235594 	 0.464990
  176 	 0.006875 	 0.223273 	 0.471843
  177 	 0.007206 	 0.237070 	 0.482760
  178 	 0.006627 	 0.233093 	 0.485311
  179 	 0.004010 	 0.226466 	 0.460752
  180 	 0.004368 	 0.235173 	 0.477674
  181 	 0.006649 	 0.247414 	 0.481174
  182 	 0.005907 	 0.258895 	 0.469035
  183 	 0.006868 	 0.277992 	 0.476744
  184 	 0.009237 	 0.263738 	 0.480877
  185 	 0.006957 	 0.271246 	 0.488041
  186 	 0.006983 	 0.270920 	 0.488041
  187 	 0.009231 	 0.273500 	 0.488109
  188 	 0.006964 	 0.264925 	 0.490074
  189 	 0.007003 	 0.256377 	 0.489947
  190 	 0.006871 	 0.257327 	 0.488656
  191 	 0.006664 	 0.257558 	 0.487367
  192 	 0.006929 	 0.249796 	 0.487367
  193 	 0.006922 	 0.261919 	 0.487923
  194 	 0.006931 	 0.267989 	 0.487923
  195 	 0.007138 	 0.262963 	 0.487923
  196 	 0.006725 	 0.245317 	 0.487923
  197 	 0.006924 	 0.244589 	 0.486057
  198 	 0.009403 	 0.251338 	 0.495490
  199 	 0.008179 	 0.251477 	 0.492905
  200 	 0.006187 	 0.258111 	 0.495076
  201 	 0.007024 	 0.278620 	 0.498160
  202 	 0.007016 	 0.265463 	 0.493314
  203 	 0.006942 	 0.246933 	 0.491806
  204 	 0.009361 	 0.267906 	 0.492236
  205 	 0.006950 	 0.260762 	 0.494390
  206 	 0.006490 	 0.259734 	 0.494390
  207 	 0.008161 	 0.256676 	 0.487880
  208 	 0.006950 	 0.248939 	 0.487167
  209 	 0.006900 	 0.259790 	 0.488408
  210 	 0.010072 	 0.274600 	 0.488692
  211 	 0.006404 	 0.263734 	 0.489093
  212 	 0.006451 	 0.265471 	 0.492759
  213 	 0.006867 	 0.251248 	 0.492994
  214 	 0.006907 	 0.257777 	 0.492994
  215 	 0.006954 	 0.241062 	 0.477469
  216 	 0.006875 	 0.246533 	 0.481333
  217 	 0.007004 	 0.245665 	 0.480688
  218 	 0.006863 	 0.248752 	 0.477987
  219 	 0.007162 	 0.242973 	 0.479166
  220 	 0.006674 	 0.229007 	 0.490927
  221 	 0.009271 	 0.241171 	 0.505700
  222 	 0.007023 	 0.242254 	 0.495250
  223 	 0.006627 	 0.238404 	 0.493335
  224 	 0.006885 	 0.248550 	 0.490105
  225 	 0.006953 	 0.247281 	 0.490081
  226 	 0.006946 	 0.253660 	 0.478202
  227 	 0.006690 	 0.256272 	 0.489584
  228 	 0.005492 	 0.248849 	 0.489584
  229 	 0.009072 	 0.252888 	 0.493171
  230 	 0.006925 	 0.255782 	 0.494047
  231 	 0.006209 	 0.243625 	 0.486766
  232 	 0.006530 	 0.235932 	 0.489207
  233 	 0.006602 	 0.240058 	 0.484124
  234 	 0.006897 	 0.238055 	 0.478273
  235 	 0.006167 	 0.246889 	 0.493583
  236 	 0.006938 	 0.239327 	 0.490193
  237 	 0.006918 	 0.227569 	 0.488838
  238 	 0.006826 	 0.236486 	 0.481421
  239 	 0.006842 	 0.251275 	 0.492302
  240 	 0.006903 	 0.243449 	 0.480372
  241 	 0.006929 	 0.237417 	 0.473923
  242 	 0.006999 	 0.232377 	 0.480035
  243 	 0.006908 	 0.235113 	 0.468406
  244 	 0.006889 	 0.234575 	 0.477502
  245 	 0.006967 	 0.253607 	 0.480781
  246 	 0.006120 	 0.256049 	 0.482974
  247 	 0.006120 	 0.239641 	 0.482974
  248 	 0.007069 	 0.229804 	 0.480350
  249 	 0.009342 	 0.238859 	 0.480350
  250 	 0.006885 	 0.237483 	 0.481407
  251 	 0.006757 	 0.235850 	 0.479372
  252 	 0.006765 	 0.225170 	 0.476565
  253 	 0.009140 	 0.239857 	 0.474783
  254 	 0.006935 	 0.248123 	 0.474742
  255 	 0.006918 	 0.231646 	 0.475676
  256 	 0.006946 	 0.237412 	 0.475091
  257 	 0.005904 	 0.233248 	 0.476069
  258 	 0.006662 	 0.242162 	 0.481984
  259 	 0.009374 	 0.240022 	 0.484473
  260 	 0.006204 	 0.247266 	 0.484473
  261 	 0.006761 	 0.268217 	 0.484473
  262 	 0.006744 	 0.263831 	 0.485184
  263 	 0.006752 	 0.269983 	 0.484991
  264 	 0.006959 	 0.272870 	 0.484209
  265 	 0.006972 	 0.284268 	 0.484347
  266 	 0.006222 	 0.255038 	 0.486159
  267 	 0.006819 	 0.259737 	 0.477259
  268 	 0.006968 	 0.261325 	 0.480310
  269 	 0.006952 	 0.257219 	 0.480310
  270 	 0.004327 	 0.241008 	 0.489175
  271 	 0.006417 	 0.238099 	 0.481300
  272 	 0.008601 	 0.248245 	 0.481300
  273 	 0.007112 	 0.245070 	 0.480314
  274 	 0.007077 	 0.256776 	 0.485544
  275 	 0.006885 	 0.261460 	 0.483339
  276 	 0.006386 	 0.246728 	 0.485220
  277 	 0.006988 	 0.261036 	 0.478123
  278 	 0.006911 	 0.264415 	 0.486302
  279 	 0.006782 	 0.240977 	 0.481678
  280 	 0.006052 	 0.255444 	 0.485390
  281 	 0.005830 	 0.251625 	 0.483169
  282 	 0.006319 	 0.226321 	 0.477657
  283 	 0.006867 	 0.239766 	 0.478571
  284 	 0.007042 	 0.225615 	 0.473013
  285 	 0.006877 	 0.235736 	 0.487029
  286 	 0.006563 	 0.250761 	 0.487029
  287 	 0.006930 	 0.242268 	 0.487439
  288 	 0.005989 	 0.246304 	 0.487439
  289 	 0.005408 	 0.248775 	 0.487700
  290 	 0.006939 	 0.249742 	 0.474871
  291 	 0.006940 	 0.230211 	 0.474871
  292 	 0.006866 	 0.237040 	 0.471605
  293 	 0.006635 	 0.244773 	 0.471083
  294 	 0.006207 	 0.253070 	 0.477223
  295 	 0.009276 	 0.246504 	 0.480598
  296 	 0.006878 	 0.252611 	 0.480926
  297 	 0.008663 	 0.258504 	 0.473255
  298 	 0.006940 	 0.249855 	 0.472564
  299 	 0.007027 	 0.234189 	 0.468152
  300 	 0.006736 	 0.232422 	 0.464681
  301 	 0.007002 	 0.240914 	 0.472441
  302 	 0.007288 	 0.251749 	 0.475152
  303 	 0.007028 	 0.246678 	 0.475370
  304 	 0.006903 	 0.246573 	 0.473403
  305 	 0.007068 	 0.251548 	 0.469115
  306 	 0.009036 	 0.231408 	 0.471869
  307 	 0.006997 	 0.213084 	 0.479444
  308 	 0.006958 	 0.227676 	 0.482061
  309 	 0.005489 	 0.233294 	 0.482061
  310 	 0.009332 	 0.229716 	 0.482061
  311 	 0.006969 	 0.230482 	 0.481094
  312 	 0.008163 	 0.228087 	 0.480638
  313 	 0.006884 	 0.243073 	 0.480638
  314 	 0.007029 	 0.243874 	 0.463277
  315 	 0.006929 	 0.238913 	 0.478758
  316 	 0.006934 	 0.232689 	 0.466503
  317 	 0.006890 	 0.220436 	 0.480268
  318 	 0.006901 	 0.230090 	 0.454698
  319 	 0.009334 	 0.253654 	 0.471834
  320 	 0.007101 	 0.258766 	 0.481390
  321 	 0.008943 	 0.247701 	 0.470768
  322 	 0.007018 	 0.256817 	 0.482842
  323 	 0.006956 	 0.250515 	 0.486446
  324 	 0.006967 	 0.232812 	 0.469825
  325 	 0.005496 	 0.223516 	 0.475662
  326 	 0.004359 	 0.225804 	 0.477471
  327 	 0.006499 	 0.236469 	 0.477471
  328 	 0.006948 	 0.241166 	 0.480973
  329 	 0.006961 	 0.240477 	 0.471095
  330 	 0.006978 	 0.240336 	 0.471997
  331 	 0.008036 	 0.231028 	 0.477571
  332 	 0.006698 	 0.239815 	 0.478090
  333 	 0.008513 	 0.260865 	 0.471754
  334 	 0.006910 	 0.250653 	 0.479894
  335 	 0.006839 	 0.246489 	 0.479189
  336 	 0.006849 	 0.250818 	 0.484668
  337 	 0.006855 	 0.251233 	 0.486290
  338 	 0.009563 	 0.259057 	 0.470432
  339 	 0.006902 	 0.255271 	 0.480447
  340 	 0.006396 	 0.282901 	 0.490212
  341 	 0.006395 	 0.279103 	 0.486090
  342 	 0.005624 	 0.266213 	 0.484801
  343 	 0.006921 	 0.263191 	 0.488422
  344 	 0.009449 	 0.269969 	 0.488227
  345 	 0.006868 	 0.250259 	 0.494944
  346 	 0.006946 	 0.255930 	 0.494944
  347 	 0.006670 	 0.238008 	 0.490416
  348 	 0.008717 	 0.252506 	 0.491373
  349 	 0.009223 	 0.255379 	 0.491373
  350 	 0.008611 	 0.261305 	 0.491373
  351 	 0.006806 	 0.244949 	 0.492783
  352 	 0.006966 	 0.263698 	 0.490040
  353 	 0.007177 	 0.265802 	 0.494883
  354 	 0.006551 	 0.276772 	 0.496050
  355 	 0.006543 	 0.260430 	 0.496050
  356 	 0.006954 	 0.263480 	 0.496050
  357 	 0.007011 	 0.255239 	 0.496050
  358 	 0.006733 	 0.266200 	 0.489783
  359 	 0.006902 	 0.260187 	 0.496211
  360 	 0.006898 	 0.249242 	 0.496211
  361 	 0.006666 	 0.229944 	 0.483144
  362 	 0.006674 	 0.248747 	 0.482560
  363 	 0.006836 	 0.242085 	 0.484617
  364 	 0.006685 	 0.223331 	 0.479801
  365 	 0.006672 	 0.236377 	 0.489191
  366 	 0.006656 	 0.237019 	 0.489191
  367 	 0.006883 	 0.245629 	 0.482842
  368 	 0.006866 	 0.266435 	 0.482715
  369 	 0.009415 	 0.281808 	 0.485016
  370 	 0.006828 	 0.285268 	 0.485067
  371 	 0.006782 	 0.254304 	 0.485067
  372 	 0.006764 	 0.243417 	 0.478231
  373 	 0.006176 	 0.247027 	 0.484144
  374 	 0.009372 	 0.257613 	 0.485947
  375 	 0.006754 	 0.233209 	 0.486068
  376 	 0.006908 	 0.233573 	 0.478387
  377 	 0.006969 	 0.218701 	 0.479989
  378 	 0.009163 	 0.229665 	 0.474430
  379 	 0.006874 	 0.220391 	 0.472668
  380 	 0.006978 	 0.214412 	 0.485472
  381 	 0.006763 	 0.220087 	 0.482979
  382 	 0.006876 	 0.242297 	 0.489930
  383 	 0.006749 	 0.243139 	 0.479219
  384 	 0.006857 	 0.245148 	 0.491147
  385 	 0.006127 	 0.247533 	 0.483733
  386 	 0.006878 	 0.238085 	 0.485730
  387 	 0.007155 	 0.244315 	 0.484188
  388 	 0.006700 	 0.249164 	 0.490332
  389 	 0.006732 	 0.249447 	 0.491486
  390 	 0.006490 	 0.244146 	 0.492503
  391 	 0.006867 	 0.251340 	 0.489510
  392 	 0.006814 	 0.250626 	 0.485225
  393 	 0.009098 	 0.258732 	 0.492381
  394 	 0.005955 	 0.243976 	 0.488892
  395 	 0.007026 	 0.242886 	 0.487620
  396 	 0.006963 	 0.240359 	 0.485010
  397 	 0.006964 	 0.257868 	 0.479689
  398 	 0.009348 	 0.263805 	 0.500073
  399 	 0.006927 	 0.284938 	 0.500319
  400 	 0.006570 	 0.278240 	 0.492564
  401 	 0.009371 	 0.274002 	 0.488521
  402 	 0.006673 	 0.260549 	 0.482898
  403 	 0.006858 	 0.259042 	 0.483168
  404 	 0.007037 	 0.232972 	 0.483299
  405 	 0.006657 	 0.240326 	 0.495578
  406 	 0.006661 	 0.249052 	 0.479499
  407 	 0.009368 	 0.259667 	 0.478079
  408 	 0.006953 	 0.258351 	 0.486800
  409 	 0.006891 	 0.249112 	 0.483833
  410 	 0.008830 	 0.265267 	 0.495091
  411 	 0.006621 	 0.273131 	 0.489503
  412 	 0.006653 	 0.258185 	 0.484495
  413 	 0.006825 	 0.254072 	 0.480562
  414 	 0.008975 	 0.235072 	 0.492859
  415 	 0.005993 	 0.243654 	 0.492859
  416 	 0.007060 	 0.252726 	 0.489886
  417 	 0.006864 	 0.241774 	 0.486719
  418 	 0.006937 	 0.238062 	 0.485405
  419 	 0.007045 	 0.252717 	 0.488935
  420 	 0.007769 	 0.252457 	 0.497591
  421 	 0.006906 	 0.247732 	 0.487504
  422 	 0.005406 	 0.242923 	 0.488092
  423 	 0.007010 	 0.227361 	 0.476713
  424 	 0.009605 	 0.239950 	 0.485326
  425 	 0.006186 	 0.230582 	 0.485326
  426 	 0.006647 	 0.233994 	 0.478380
  427 	 0.006859 	 0.233778 	 0.474806
  428 	 0.008898 	 0.247495 	 0.475533
  429 	 0.006973 	 0.238995 	 0.496842
  430 	 0.006907 	 0.248805 	 0.491813
  431 	 0.006880 	 0.241107 	 0.491813
  432 	 0.006520 	 0.250227 	 0.491812
  433 	 0.006778 	 0.255639 	 0.491467
  434 	 0.007048 	 0.255039 	 0.488311
  435 	 0.006859 	 0.248934 	 0.458000
  436 	 0.006951 	 0.256693 	 0.480343
  437 	 0.006919 	 0.261386 	 0.493573
  438 	 0.006500 	 0.257599 	 0.494650
  439 	 0.006174 	 0.269648 	 0.495161
  440 	 0.006784 	 0.256540 	 0.495041
  441 	 0.006890 	 0.261006 	 0.497328
  442 	 0.006508 	 0.255812 	 0.486585
  443 	 0.006874 	 0.246233 	 0.492419
  444 	 0.006870 	 0.242757 	 0.486300
  445 	 0.008581 	 0.236253 	 0.497936
  446 	 0.006340 	 0.239045 	 0.500122
  447 	 0.006964 	 0.227234 	 0.500434
  448 	 0.009994 	 0.261920 	 0.500434
  449 	 0.008092 	 0.260382 	 0.493968
  450 	 0.007988 	 0.257393 	 0.488637
  451 	 0.006834 	 0.250543 	 0.493294
  452 	 0.006913 	 0.246043 	 0.490002
  453 	 0.006930 	 0.258379 	 0.489305
  454 	 0.009341 	 0.266122 	 0.484437
  455 	 0.007038 	 0.258479 	 0.486923
  456 	 0.007206 	 0.253800 	 0.490703
  457 	 0.006310 	 0.245204 	 0.492132
  458 	 0.006896 	 0.255770 	 0.492731
  459 	 0.005070 	 0.232763 	 0.492731
  460 	 0.005074 	 0.238608 	 0.473935
  461 	 0.007026 	 0.239864 	 0.476430
  462 	 0.005467 	 0.246367 	 0.494696
  463 	 0.006866 	 0.226133 	 0.486078
  464 	 0.007029 	 0.214335 	 0.489421
  465 	 0.006913 	 0.234555 	 0.489786
  466 	 0.006943 	 0.235706 	 0.484183
  467 	 0.005411 	 0.238447 	 0.481662
  468 	 0.007122 	 0.225119 	 0.476648
  469 	 0.008482 	 0.228441 	 0.492595
  470 	 0.006959 	 0.237119 	 0.494911
  471 	 0.010055 	 0.250769 	 0.495191
  472 	 0.006891 	 0.231309 	 0.492063
  473 	 0.006867 	 0.240557 	 0.494114
  474 	 0.006861 	 0.254478 	 0.498727
  475 	 0.006875 	 0.272939 	 0.501366
  476 	 0.007000 	 0.275502 	 0.492008
  477 	 0.004428 	 0.264258 	 0.493238
  478 	 0.006926 	 0.263374 	 0.495978
  479 	 0.009329 	 0.255924 	 0.494061
  480 	 0.006757 	 0.255001 	 0.495978
  481 	 0.007098 	 0.257982 	 0.495978
  482 	 0.005826 	 0.257487 	 0.498614
  483 	 0.006920 	 0.249359 	 0.478163
  484 	 0.008307 	 0.233882 	 0.477998
  485 	 0.006343 	 0.244156 	 0.486622
  486 	 0.005967 	 0.265999 	 0.501312
  487 	 0.006863 	 0.249552 	 0.483777
  488 	 0.006930 	 0.239023 	 0.497688
  489 	 0.006777 	 0.239796 	 0.490853
  490 	 0.006777 	 0.249131 	 0.502070
  491 	 0.006538 	 0.246540 	 0.495934
  492 	 0.006737 	 0.248303 	 0.495695
  493 	 0.006901 	 0.242875 	 0.496958
  494 	 0.009344 	 0.231399 	 0.486768
  495 	 0.006897 	 0.234862 	 0.495938
  496 	 0.006751 	 0.220349 	 0.487345
  497 	 0.007007 	 0.220845 	 0.486987
  498 	 0.006233 	 0.230520 	 0.486987
  499 	 0.006233 	 0.214782 	 0.486987
 