   0 	 0.003482 	 0.010548 	 0.035439
    1 	 0.003597 	 0.013370 	 0.040587
    2 	 0.005258 	 0.014750 	 0.054570
    3 	 0.005403 	 0.017186 	 0.054583
    4 	 0.005295 	 0.019020 	 0.056433
    5 	 0.006453 	 0.020539 	 0.070270
    6 	 0.006023 	 0.022118 	 0.072247
    7 	 0.007869 	 0.026673 	 0.072945
    8 	 0.006838 	 0.030217 	 0.084719
    9 	 0.007511 	 0.033926 	 0.129468
   10 	 0.004458 	 0.035906 	 0.100104
   11 	 0.006400 	 0.036330 	 0.080067
   12 	 0.006955 	 0.039918 	 0.130365
   13 	 0.007093 	 0.043644 	 0.134374
   14 	 0.007536 	 0.048759 	 0.134418
   15 	 0.008338 	 0.052807 	 0.136247
   16 	 0.005386 	 0.053210 	 0.222658
   17 	 0.006521 	 0.052846 	 0.222658
   18 	 0.006836 	 0.052163 	 0.135713
   19 	 0.006803 	 0.055450 	 0.163068
   20 	 0.005903 	 0.057087 	 0.164838
   21 	 0.007190 	 0.061832 	 0.165081
   22 	 0.006755 	 0.059602 	 0.163343
   23 	 0.006309 	 0.065740 	 0.162784
   24 	 0.005531 	 0.067270 	 0.158945
   25 	 0.006646 	 0.066394 	 0.297287
   26 	 0.005729 	 0.071634 	 0.297287
   27 	 0.007092 	 0.067621 	 0.297475
   28 	 0.007107 	 0.069853 	 0.255180
   29 	 0.006461 	 0.077493 	 0.255616
   30 	 0.006611 	 0.077967 	 0.251372
   31 	 0.007066 	 0.082613 	 0.279824
   32 	 0.006767 	 0.078887 	 0.279824
   33 	 0.005999 	 0.078868 	 0.252849
   34 	 0.006122 	 0.078204 	 0.252420
   35 	 0.006553 	 0.081013 	 0.238136
   36 	 0.006645 	 0.083555 	 0.239197
   37 	 0.008179 	 0.077471 	 0.262423
   38 	 0.007014 	 0.083038 	 0.257829
   39 	 0.005699 	 0.085718 	 0.246619
   40 	 0.008556 	 0.090191 	 0.241842
   41 	 0.006136 	 0.086706 	 0.242498
   42 	 0.006944 	 0.090637 	 0.246356
   43 	 0.007259 	 0.084115 	 0.317729
   44 	 0.006801 	 0.089148 	 0.271253
   45 	 0.006875 	 0.091104 	 0.255190
   46 	 0.006836 	 0.095256 	 0.240465
   47 	 0.007174 	 0.099766 	 0.231834
   48 	 0.005575 	 0.102782 	 0.230969
   49 	 0.008060 	 0.109607 	 0.221794
   50 	 0.006987 	 0.113865 	 0.272075
   51 	 0.006412 	 0.115249 	 0.275801
   52 	 0.006941 	 0.124238 	 0.276759
   53 	 0.006948 	 0.120990 	 0.306700
   54 	 0.009543 	 0.126685 	 0.308889
   55 	 0.006137 	 0.131993 	 0.289930
   56 	 0.007147 	 0.126269 	 0.281302
   57 	 0.006098 	 0.120738 	 0.313404
   58 	 0.006298 	 0.122350 	 0.307170
   59 	 0.005950 	 0.132661 	 0.317356
   60 	 0.008509 	 0.141402 	 0.335873
   61 	 0.006779 	 0.147435 	 0.335873
   62 	 0.006796 	 0.149700 	 0.354060
   63 	 0.006051 	 0.149755 	 0.352643
   64 	 0.006816 	 0.151935 	 0.352643
   65 	 0.006080 	 0.152057 	 0.347503
   66 	 0.006962 	 0.147577 	 0.333889
   67 	 0.006765 	 0.157007 	 0.351893
   68 	 0.007051 	 0.154367 	 0.326752
   69 	 0.006931 	 0.169921 	 0.366923
   70 	 0.005344 	 0.156970 	 0.339528
   71 	 0.006988 	 0.176901 	 0.360735
   72 	 0.006100 	 0.178621 	 0.353970
   73 	 0.006894 	 0.186264 	 0.374223
   74 	 0.006966 	 0.181461 	 0.365234
   75 	 0.006440 	 0.176504 	 0.365234
   76 	 0.006669 	 0.178871 	 0.371367
   77 	 0.006703 	 0.177033 	 0.375515
   78 	 0.007479 	 0.167958 	 0.407669
   79 	 0.007381 	 0.189842 	 0.409489
   80 	 0.006574 	 0.192157 	 0.407669
   81 	 0.006718 	 0.194800 	 0.407360
   82 	 0.006971 	 0.199132 	 0.403418
   83 	 0.006831 	 0.205368 	 0.417000
   84 	 0.006577 	 0.203224 	 0.412194
   85 	 0.006955 	 0.213671 	 0.406425
   86 	 0.008254 	 0.215618 	 0.405338
   87 	 0.007002 	 0.200183 	 0.390385
   88 	 0.006775 	 0.189164 	 0.402971
   89 	 0.006796 	 0.185528 	 0.420753
   90 	 0.006956 	 0.189008 	 0.418853
   91 	 0.008479 	 0.197724 	 0.418953
   92 	 0.006508 	 0.190592 	 0.399728
   93 	 0.006793 	 0.200490 	 0.416471
   94 	 0.006624 	 0.217252 	 0.416737
   95 	 0.006723 	 0.217949 	 0.422866
   96 	 0.006711 	 0.213527 	 0.414330
   97 	 0.006994 	 0.212465 	 0.426429
   98 	 0.006831 	 0.212813 	 0.416794
   99 	 0.006930 	 0.203596 	 0.430819
  100 	 0.006869 	 0.215577 	 0.415644
  101 	 0.006622 	 0.233767 	 0.423852
  102 	 0.006953 	 0.224470 	 0.411610
  103 	 0.006690 	 0.226447 	 0.407101
  104 	 0.006898 	 0.210885 	 0.416329
  105 	 0.007051 	 0.208970 	 0.412134
  106 	 0.009298 	 0.197580 	 0.412826
  107 	 0.006785 	 0.200375 	 0.419827
  108 	 0.009357 	 0.198266 	 0.406220
  109 	 0.006935 	 0.209911 	 0.411963
  110 	 0.006767 	 0.210332 	 0.410854
  111 	 0.007001 	 0.212284 	 0.402675
  112 	 0.006864 	 0.220432 	 0.402675
  113 	 0.005819 	 0.219161 	 0.412995
  114 	 0.006866 	 0.215313 	 0.412995
  115 	 0.006958 	 0.216906 	 0.412995
  116 	 0.006921 	 0.214388 	 0.429580
  117 	 0.006917 	 0.218411 	 0.426115
  118 	 0.009184 	 0.205470 	 0.416596
  119 	 0.006824 	 0.200004 	 0.403410
  120 	 0.006870 	 0.212348 	 0.403461
  121 	 0.007036 	 0.199284 	 0.411470
  122 	 0.006636 	 0.186433 	 0.406024
  123 	 0.009222 	 0.205129 	 0.445442
  124 	 0.006774 	 0.200526 	 0.444071
  125 	 0.007073 	 0.211662 	 0.425827
  126 	 0.007071 	 0.217333 	 0.425827
  127 	 0.006713 	 0.215146 	 0.430959
  128 	 0.006740 	 0.198705 	 0.427329
  129 	 0.009179 	 0.203851 	 0.420348
  130 	 0.006108 	 0.209334 	 0.423141
  131 	 0.006875 	 0.213257 	 0.431631
  132 	 0.006627 	 0.207185 	 0.422693
  133 	 0.006759 	 0.208645 	 0.444881
  134 	 0.006945 	 0.200463 	 0.412823
  135 	 0.006447 	 0.201945 	 0.444930
  136 	 0.006834 	 0.207471 	 0.446217
  137 	 0.005045 	 0.207534 	 0.444715
  138 	 0.006310 	 0.228933 	 0.441160
  139 	 0.009463 	 0.219313 	 0.432630
  140 	 0.008573 	 0.223792 	 0.432630
  141 	 0.007032 	 0.213577 	 0.446160
  142 	 0.006113 	 0.205110 	 0.449229
  143 	 0.006296 	 0.201780 	 0.450843
  144 	 0.006897 	 0.200534 	 0.456228
  145 	 0.006986 	 0.215090 	 0.446245
  146 	 0.006832 	 0.220743 	 0.434720
  147 	 0.006855 	 0.217873 	 0.439798
  148 	 0.006738 	 0.240040 	 0.440305
  149 	 0.006656 	 0.238872 	 0.439851
  150 	 0.006877 	 0.225139 	 0.440868
  151 	 0.006628 	 0.219155 	 0.444338
  152 	 0.006870 	 0.221775 	 0.444338
  153 	 0.006671 	 0.213629 	 0.433660
  154 	 0.009616 	 0.219376 	 0.436233
  155 	 0.006795 	 0.211728 	 0.441793
  156 	 0.006528 	 0.223671 	 0.445248
  157 	 0.006799 	 0.222181 	 0.453479
  158 	 0.006165 	 0.206715 	 0.453479
  159 	 0.006656 	 0.226147 	 0.458376
  160 	 0.004828 	 0.231701 	 0.458222
  161 	 0.006973 	 0.250118 	 0.457080
  162 	 0.006738 	 0.232997 	 0.455300
  163 	 0.006859 	 0.260987 	 0.459383
  164 	 0.006057 	 0.254368 	 0.443085
  165 	 0.006435 	 0.248237 	 0.461139
  166 	 0.006111 	 0.232414 	 0.461139
  167 	 0.006844 	 0.234708 	 0.457344
  168 	 0.006704 	 0.243728 	 0.461752
  169 	 0.006200 	 0.231250 	 0.457759
  170 	 0.007040 	 0.235403 	 0.451916
  171 	 0.006236 	 0.237126 	 0.451916
  172 	 0.006823 	 0.244984 	 0.460351
  173 	 0.006041 	 0.227195 	 0.457214
  174 	 0.007088 	 0.234322 	 0.448907
  175 	 0.006913 	 0.215795 	 0.445907
  176 	 0.007040 	 0.222280 	 0.452674
  177 	 0.006817 	 0.224066 	 0.446894
  178 	 0.006880 	 0.212249 	 0.438098
  179 	 0.006955 	 0.218296 	 0.442689
  180 	 0.006139 	 0.221064 	 0.443203
  181 	 0.007023 	 0.205327 	 0.450224
  182 	 0.006865 	 0.202744 	 0.432973
  183 	 0.006861 	 0.215991 	 0.444907
  184 	 0.006388 	 0.217244 	 0.444648
  185 	 0.006871 	 0.218625 	 0.437897
  186 	 0.006993 	 0.222092 	 0.437715
  187 	 0.006958 	 0.222946 	 0.425288
  188 	 0.006876 	 0.208775 	 0.428596
  189 	 0.006848 	 0.233568 	 0.449797
  190 	 0.006712 	 0.228310 	 0.429830
  191 	 0.006566 	 0.249886 	 0.458310
  192 	 0.007000 	 0.244088 	 0.448201
  193 	 0.006981 	 0.226359 	 0.448204
  194 	 0.006734 	 0.229301 	 0.451820
  195 	 0.010307 	 0.240189 	 0.451820
  196 	 0.004438 	 0.243160 	 0.451820
  197 	 0.006965 	 0.251204 	 0.461922
  198 	 0.006960 	 0.265673 	 0.453630
  199 	 0.006529 	 0.242042 	 0.443711
  200 	 0.006559 	 0.255206 	 0.443566
  201 	 0.006887 	 0.261234 	 0.451825
  202 	 0.006718 	 0.238483 	 0.451825
  203 	 0.006689 	 0.236542 	 0.465140
  204 	 0.006935 	 0.217337 	 0.452574
  205 	 0.009367 	 0.221085 	 0.445075
  206 	 0.006961 	 0.228412 	 0.465117
  207 	 0.007027 	 0.230805 	 0.452951
  208 	 0.006629 	 0.237352 	 0.451486
  209 	 0.009256 	 0.240108 	 0.456882
  210 	 0.005531 	 0.220778 	 0.451166
  211 	 0.006830 	 0.232334 	 0.451412
  212 	 0.006765 	 0.227014 	 0.450828
  213 	 0.006963 	 0.232244 	 0.450828
  214 	 0.006960 	 0.250845 	 0.452229
  215 	 0.006872 	 0.223259 	 0.444628
  216 	 0.007807 	 0.216406 	 0.450123
  217 	 0.006913 	 0.231491 	 0.447781
  218 	 0.006989 	 0.214942 	 0.455201
  219 	 0.007093 	 0.215695 	 0.451586
  220 	 0.006104 	 0.225682 	 0.466897
  221 	 0.008816 	 0.215318 	 0.466494
  222 	 0.009300 	 0.230667 	 0.454878
  223 	 0.007006 	 0.224654 	 0.447337
  224 	 0.006651 	 0.227996 	 0.449311
  225 	 0.006687 	 0.218203 	 0.451462
  226 	 0.006624 	 0.222158 	 0.454803
  227 	 0.006700 	 0.221677 	 0.454803
  228 	 0.006700 	 0.238595 	 0.455703
  229 	 0.009381 	 0.243259 	 0.452206
  230 	 0.006541 	 0.261970 	 0.451352
  231 	 0.006121 	 0.247246 	 0.458237
  232 	 0.004427 	 0.252390 	 0.457560
  233 	 0.007014 	 0.256540 	 0.459672
  234 	 0.006793 	 0.254934 	 0.454446
  235 	 0.006898 	 0.258905 	 0.448258
  236 	 0.006910 	 0.226704 	 0.452326
  237 	 0.006911 	 0.238244 	 0.453946
  238 	 0.006938 	 0.230893 	 0.453745
  239 	 0.007672 	 0.237052 	 0.452509
  240 	 0.006672 	 0.226715 	 0.457378
  241 	 0.006734 	 0.231334 	 0.457378
  242 	 0.006919 	 0.231591 	 0.455562
  243 	 0.006690 	 0.223183 	 0.439675
  244 	 0.007103 	 0.210783 	 0.459871
  245 	 0.007016 	 0.228190 	 0.465650
  246 	 0.008654 	 0.231642 	 0.443543
  247 	 0.006939 	 0.223773 	 0.444367
  248 	 0.006805 	 0.235285 	 0.433126
  249 	 0.006810 	 0.238753 	 0.452744
  250 	 0.006906 	 0.232445 	 0.463169
  251 	 0.006986 	 0.242451 	 0.451297
  252 	 0.006858 	 0.223951 	 0.444164
  253 	 0.007016 	 0.238078 	 0.455155
  254 	 0.009096 	 0.234399 	 0.445814
  255 	 0.006958 	 0.236135 	 0.472401
  256 	 0.005900 	 0.224816 	 0.446220
  257 	 0.006051 	 0.216855 	 0.448661
  258 	 0.009459 	 0.220583 	 0.453599
  259 	 0.009968 	 0.225234 	 0.445644
  260 	 0.006966 	 0.217134 	 0.446028
  261 	 0.006686 	 0.211386 	 0.456048
  262 	 0.006956 	 0.221913 	 0.442077
  263 	 0.006929 	 0.229467 	 0.450551
  264 	 0.006905 	 0.225207 	 0.448083
  265 	 0.006914 	 0.237827 	 0.448083
  266 	 0.007852 	 0.234681 	 0.450466
  267 	 0.006799 	 0.220594 	 0.450470
  268 	 0.007023 	 0.198243 	 0.441910
  269 	 0.007018 	 0.193420 	 0.442688
  270 	 0.008715 	 0.216974 	 0.444370
  271 	 0.006774 	 0.210586 	 0.440279
  272 	 0.005474 	 0.223036 	 0.460894
  273 	 0.005367 	 0.231446 	 0.461169
  274 	 0.006879 	 0.214343 	 0.461169
  275 	 0.008329 	 0.233445 	 0.461386
  276 	 0.006846 	 0.237153 	 0.448274
  277 	 0.006542 	 0.240190 	 0.455907
  278 	 0.007464 	 0.218308 	 0.442910
  279 	 0.007025 	 0.207083 	 0.442888
  280 	 0.006898 	 0.218910 	 0.458515
  281 	 0.006505 	 0.239437 	 0.458515
  282 	 0.006507 	 0.236991 	 0.458515
  283 	 0.006942 	 0.239567 	 0.463564
  284 	 0.007050 	 0.225576 	 0.441921
  285 	 0.006903 	 0.238300 	 0.455314
  286 	 0.006456 	 0.236115 	 0.455314
  287 	 0.007881 	 0.218964 	 0.461188
  288 	 0.006923 	 0.232116 	 0.455005
  289 	 0.007412 	 0.227135 	 0.455384
  290 	 0.006643 	 0.224754 	 0.462405
  291 	 0.006539 	 0.226167 	 0.462852
  292 	 0.006490 	 0.236540 	 0.453137
  293 	 0.007017 	 0.232934 	 0.456964
  294 	 0.006129 	 0.229007 	 0.451055
  295 	 0.006912 	 0.227640 	 0.453440
  296 	 0.006493 	 0.236441 	 0.446846
  297 	 0.006553 	 0.245319 	 0.442129
  298 	 0.009835 	 0.243926 	 0.447888
  299 	 0.006470 	 0.241724 	 0.450393
  300 	 0.005381 	 0.234461 	 0.453384
  301 	 0.005402 	 0.246553 	 0.459949
  302 	 0.004493 	 0.254994 	 0.465088
  303 	 0.006884 	 0.242564 	 0.452704
  304 	 0.006855 	 0.235925 	 0.460552
  305 	 0.005191 	 0.217242 	 0.465801
  306 	 0.005237 	 0.221597 	 0.450844
  307 	 0.006503 	 0.228109 	 0.454764
  308 	 0.006981 	 0.251500 	 0.450955
  309 	 0.006946 	 0.228564 	 0.443524
  310 	 0.006965 	 0.241203 	 0.448508
  311 	 0.009301 	 0.245631 	 0.448508
  312 	 0.006948 	 0.231807 	 0.461282
  313 	 0.006926 	 0.227756 	 0.460370
  314 	 0.006933 	 0.247572 	 0.461266
  315 	 0.006848 	 0.242024 	 0.461511
  316 	 0.008985 	 0.239911 	 0.461041
  317 	 0.006989 	 0.228977 	 0.460772
  318 	 0.006712 	 0.231343 	 0.457805
  319 	 0.007062 	 0.238743 	 0.450347
  320 	 0.006869 	 0.236886 	 0.449207
  321 	 0.006819 	 0.248498 	 0.451554
  322 	 0.006818 	 0.257795 	 0.459792
  323 	 0.007015 	 0.243442 	 0.469605
  324 	 0.006869 	 0.231751 	 0.469605
  325 	 0.006816 	 0.238117 	 0.469006
  326 	 0.006547 	 0.233063 	 0.457244
  327 	 0.007069 	 0.237350 	 0.457873
  328 	 0.006710 	 0.240135 	 0.457873
  329 	 0.006916 	 0.241720 	 0.457873
  330 	 0.006721 	 0.222163 	 0.464201
  331 	 0.006783 	 0.235478 	 0.456403
  332 	 0.004853 	 0.227928 	 0.468541
  333 	 0.006815 	 0.239394 	 0.453992
  334 	 0.006007 	 0.236585 	 0.453218
  335 	 0.006850 	 0.245378 	 0.453218
  336 	 0.004224 	 0.237323 	 0.433880
  337 	 0.008092 	 0.238449 	 0.445887
  338 	 0.006992 	 0.221799 	 0.477150
  339 	 0.006967 	 0.225976 	 0.477150
  340 	 0.005114 	 0.222237 	 0.451066
  341 	 0.009227 	 0.226153 	 0.430054
  342 	 0.007008 	 0.218814 	 0.431114
  343 	 0.006678 	 0.217687 	 0.428019
  344 	 0.006587 	 0.228149 	 0.433663
  345 	 0.006705 	 0.216748 	 0.437745
  346 	 0.009381 	 0.219651 	 0.453987
  347 	 0.006739 	 0.223847 	 0.457844
  348 	 0.009523 	 0.232118 	 0.457844
  349 	 0.006828 	 0.235333 	 0.457745
  350 	 0.006977 	 0.238577 	 0.437442
  351 	 0.006843 	 0.233114 	 0.453970
  352 	 0.009355 	 0.227884 	 0.445029
  353 	 0.006989 	 0.236579 	 0.446952
  354 	 0.005465 	 0.242129 	 0.445611
  355 	 0.006502 	 0.242413 	 0.440420
  356 	 0.006895 	 0.251916 	 0.434608
  357 	 0.006979 	 0.229608 	 0.450718
  358 	 0.009918 	 0.217898 	 0.455050
  359 	 0.006894 	 0.211217 	 0.442389
  360 	 0.007171 	 0.206057 	 0.453489
  361 	 0.006675 	 0.215110 	 0.453489
  362 	 0.006979 	 0.225334 	 0.437368
  363 	 0.006125 	 0.221738 	 0.435523
  364 	 0.006899 	 0.223755 	 0.438478
  365 	 0.006689 	 0.238088 	 0.438478
  366 	 0.006942 	 0.243996 	 0.453152
  367 	 0.007462 	 0.226576 	 0.451306
  368 	 0.006610 	 0.239313 	 0.453943
  369 	 0.006942 	 0.240781 	 0.453919
  370 	 0.007019 	 0.237071 	 0.453919
  371 	 0.006539 	 0.254951 	 0.466920
  372 	 0.006783 	 0.249294 	 0.462662
  373 	 0.006897 	 0.240775 	 0.447446
  374 	 0.006935 	 0.239347 	 0.452976
  375 	 0.007102 	 0.234369 	 0.453717
  376 	 0.006916 	 0.242936 	 0.456382
  377 	 0.006944 	 0.237154 	 0.456347
  378 	 0.009278 	 0.244610 	 0.463170
  379 	 0.006711 	 0.251688 	 0.466118
  380 	 0.006942 	 0.260208 	 0.466118
  381 	 0.006725 	 0.251405 	 0.463757
  382 	 0.006991 	 0.255389 	 0.463757
  383 	 0.006699 	 0.249344 	 0.463757
  384 	 0.006576 	 0.234234 	 0.462034
  385 	 0.006985 	 0.256184 	 0.466351
  386 	 0.006851 	 0.255699 	 0.466351
  387 	 0.007076 	 0.239268 	 0.466351
  388 	 0.006591 	 0.248837 	 0.463761
  389 	 0.006976 	 0.238932 	 0.463761
  390 	 0.006546 	 0.258063 	 0.465951
  391 	 0.006825 	 0.244804 	 0.466966
  392 	 0.006949 	 0.240595 	 0.466966
  393 	 0.006588 	 0.243657 	 0.469608
  394 	 0.006831 	 0.251632 	 0.466879
  395 	 0.006080 	 0.245014 	 0.472636
  396 	 0.006899 	 0.244570 	 0.463078
  397 	 0.007069 	 0.231518 	 0.470020
  398 	 0.006833 	 0.244955 	 0.454800
  399 	 0.006577 	 0.254069 	 0.460885
  400 	 0.006834 	 0.241853 	 0.460885
  401 	 0.006871 	 0.241110 	 0.461138
  402 	 0.006927 	 0.231945 	 0.449719
  403 	 0.006770 	 0.240450 	 0.461968
  404 	 0.006787 	 0.226956 	 0.456563
  405 	 0.010028 	 0.239625 	 0.453793
  406 	 0.006937 	 0.242062 	 0.464264
  407 	 0.006784 	 0.261373 	 0.467135
  408 	 0.005332 	 0.249381 	 0.472438
  409 	 0.006771 	 0.229431 	 0.463549
  410 	 0.006783 	 0.229885 	 0.465590
  411 	 0.006994 	 0.259434 	 0.465590
  412 	 0.009302 	 0.266233 	 0.462525
  413 	 0.006929 	 0.269852 	 0.462346
  414 	 0.006945 	 0.255291 	 0.462591
  415 	 0.008615 	 0.229312 	 0.462713
  416 	 0.006989 	 0.221382 	 0.454461
  417 	 0.006733 	 0.226705 	 0.456409
  418 	 0.006922 	 0.243533 	 0.471057
  419 	 0.006953 	 0.238807 	 0.457966
  420 	 0.004516 	 0.224063 	 0.462190
  421 	 0.006238 	 0.205706 	 0.460307
  422 	 0.007143 	 0.203687 	 0.443730
  423 	 0.006941 	 0.233788 	 0.460194
  424 	 0.004380 	 0.226806 	 0.462221
  425 	 0.004380 	 0.215687 	 0.472493
  426 	 0.006752 	 0.214906 	 0.466075
  427 	 0.006100 	 0.205613 	 0.466075
  428 	 0.006684 	 0.223176 	 0.461976
  429 	 0.008359 	 0.225372 	 0.463472
  430 	 0.006959 	 0.233588 	 0.463472
  431 	 0.006866 	 0.236562 	 0.461852
  432 	 0.006931 	 0.247312 	 0.464527
  433 	 0.006762 	 0.239323 	 0.466757
  434 	 0.006941 	 0.222805 	 0.465340
  435 	 0.006542 	 0.233146 	 0.465239
  436 	 0.006319 	 0.232043 	 0.463890
  437 	 0.006915 	 0.236236 	 0.465066
  438 	 0.005834 	 0.225295 	 0.458815
  439 	 0.006962 	 0.231510 	 0.457653
  440 	 0.006708 	 0.233041 	 0.456343
  441 	 0.006743 	 0.238925 	 0.461989
  442 	 0.006820 	 0.229763 	 0.457809
  443 	 0.006954 	 0.236912 	 0.457340
  444 	 0.006838 	 0.241295 	 0.456783
  445 	 0.006942 	 0.213674 	 0.461337
  446 	 0.006852 	 0.233768 	 0.452454
  447 	 0.006004 	 0.224547 	 0.461337
  448 	 0.006022 	 0.220717 	 0.454387
  449 	 0.006641 	 0.236236 	 0.459301
  450 	 0.004392 	 0.241098 	 0.458907
  451 	 0.006079 	 0.252360 	 0.458458
  452 	 0.006830 	 0.245569 	 0.463958
  453 	 0.005380 	 0.242731 	 0.462302
  454 	 0.006767 	 0.247563 	 0.462982
  455 	 0.006937 	 0.242472 	 0.460087
  456 	 0.006965 	 0.259182 	 0.452724
  457 	 0.006805 	 0.265230 	 0.456997
  458 	 0.006878 	 0.251493 	 0.462841
  459 	 0.006695 	 0.231126 	 0.459547
  460 	 0.006791 	 0.224180 	 0.464271
  461 	 0.006890 	 0.218971 	 0.459058
  462 	 0.006501 	 0.218379 	 0.455113
  463 	 0.006852 	 0.220383 	 0.455451
  464 	 0.006935 	 0.229151 	 0.458796
  465 	 0.006916 	 0.246664 	 0.461585
  466 	 0.006502 	 0.240713 	 0.468710
  467 	 0.005407 	 0.241997 	 0.467288
  468 	 0.006760 	 0.251138 	 0.470134
  469 	 0.006822 	 0.261883 	 0.471034
  470 	 0.006504 	 0.261220 	 0.468023
  471 	 0.006926 	 0.260681 	 0.461892
  472 	 0.009220 	 0.266134 	 0.458035
  473 	 0.006959 	 0.259281 	 0.462936
  474 	 0.006839 	 0.266463 	 0.462936
  475 	 0.006853 	 0.267806 	 0.467980
  476 	 0.007334 	 0.269807 	 0.467359
  477 	 0.006516 	 0.246601 	 0.467842
  478 	 0.006813 	 0.253864 	 0.467519
  479 	 0.006972 	 0.237580 	 0.467173
  480 	 0.006914 	 0.248193 	 0.466229
  481 	 0.006714 	 0.251878 	 0.467883
  482 	 0.006710 	 0.256875 	 0.466712
  483 	 0.006696 	 0.261610 	 0.468544
  484 	 0.006938 	 0.259862 	 0.470398
  485 	 0.006648 	 0.265887 	 0.475745
  486 	 0.008204 	 0.254221 	 0.466028
  487 	 0.006943 	 0.244024 	 0.468520
  488 	 0.007002 	 0.268339 	 0.466003
  489 	 0.006963 	 0.248025 	 0.455845
  490 	 0.006884 	 0.228466 	 0.453864
  491 	 0.006964 	 0.253125 	 0.458757
  492 	 0.006976 	 0.269296 	 0.461330
  493 	 0.006927 	 0.248888 	 0.459546
  494 	 0.006881 	 0.262271 	 0.464374
  495 	 0.006467 	 0.247293 	 0.469629
  496 	 0.006804 	 0.255913 	 0.463214
  497 	 0.006806 	 0.261342 	 0.466292
  498 	 0.006949 	 0.258349 	 0.467290
  499 	 0.007055 	 0.247282 	 0.464881
 