   0 	 0.003496 	 0.009982 	 0.027219
    1 	 0.004886 	 0.012386 	 0.032312
    2 	 0.004055 	 0.014539 	 0.048857
    3 	 0.003740 	 0.015951 	 0.059442
    4 	 0.005440 	 0.017452 	 0.059886
    5 	 0.004262 	 0.017621 	 0.050269
    6 	 0.004241 	 0.018977 	 0.043698
    7 	 0.005474 	 0.020955 	 0.061100
    8 	 0.005891 	 0.023338 	 0.067631
    9 	 0.005409 	 0.024759 	 0.067782
   10 	 0.005438 	 0.026538 	 0.143191
   11 	 0.007261 	 0.027816 	 0.134902
   12 	 0.005363 	 0.034152 	 0.134902
   13 	 0.007410 	 0.035478 	 0.156825
   14 	 0.010091 	 0.038596 	 0.155980
   15 	 0.005720 	 0.039581 	 0.119789
   16 	 0.005647 	 0.042305 	 0.134752
   17 	 0.005231 	 0.047719 	 0.135014
   18 	 0.006966 	 0.051425 	 0.130834
   19 	 0.007122 	 0.054937 	 0.148010
   20 	 0.005792 	 0.055452 	 0.165442
   21 	 0.006769 	 0.063083 	 0.187856
   22 	 0.005002 	 0.066445 	 0.227321
   23 	 0.007183 	 0.073264 	 0.221323
   24 	 0.006977 	 0.078377 	 0.246435
   25 	 0.008572 	 0.083640 	 0.252644
   26 	 0.006522 	 0.083556 	 0.307861
   27 	 0.005478 	 0.079434 	 0.211583
   28 	 0.005153 	 0.086801 	 0.230911
   29 	 0.004751 	 0.097030 	 0.238662
   30 	 0.006189 	 0.100875 	 0.240192
   31 	 0.006679 	 0.106065 	 0.245427
   32 	 0.006900 	 0.104218 	 0.242995
   33 	 0.006747 	 0.101036 	 0.274958
   34 	 0.006845 	 0.110691 	 0.252895
   35 	 0.006691 	 0.116262 	 0.256001
   36 	 0.006845 	 0.119205 	 0.271375
   37 	 0.006525 	 0.121622 	 0.228525
   38 	 0.006713 	 0.121820 	 0.273810
   39 	 0.008893 	 0.125616 	 0.310349
   40 	 0.008113 	 0.132166 	 0.288471
   41 	 0.006821 	 0.130860 	 0.315021
   42 	 0.004539 	 0.128122 	 0.318989
   43 	 0.006047 	 0.135806 	 0.336421
   44 	 0.006741 	 0.139762 	 0.337314
   45 	 0.007149 	 0.137522 	 0.335233
   46 	 0.006690 	 0.138674 	 0.333526
   47 	 0.006467 	 0.139862 	 0.337066
   48 	 0.006860 	 0.150323 	 0.340163
   49 	 0.006674 	 0.138958 	 0.351840
   50 	 0.007257 	 0.145788 	 0.353957
   51 	 0.006786 	 0.146163 	 0.330980
   52 	 0.006802 	 0.145767 	 0.371753
   53 	 0.006744 	 0.146686 	 0.371753
   54 	 0.005342 	 0.147886 	 0.371753
   55 	 0.004172 	 0.153053 	 0.383356
   56 	 0.006964 	 0.150575 	 0.326396
   57 	 0.006538 	 0.150717 	 0.333599
   58 	 0.006928 	 0.158245 	 0.339087
   59 	 0.006860 	 0.164215 	 0.411754
   60 	 0.006883 	 0.149058 	 0.351997
   61 	 0.006595 	 0.152410 	 0.365891
   62 	 0.006782 	 0.149206 	 0.376380
   63 	 0.006702 	 0.154364 	 0.339550
   64 	 0.006994 	 0.152166 	 0.417356
   65 	 0.007127 	 0.161507 	 0.426145
   66 	 0.009503 	 0.166760 	 0.435306
   67 	 0.007050 	 0.163374 	 0.435306
   68 	 0.006381 	 0.162002 	 0.441032
   69 	 0.006576 	 0.167092 	 0.441505
   70 	 0.007058 	 0.156958 	 0.418135
   71 	 0.006486 	 0.160445 	 0.390637
   72 	 0.006711 	 0.169176 	 0.413929
   73 	 0.006809 	 0.167936 	 0.455529
   74 	 0.006819 	 0.166185 	 0.403203
   75 	 0.006860 	 0.173289 	 0.402749
   76 	 0.006792 	 0.177650 	 0.439116
   77 	 0.006749 	 0.180254 	 0.439120
   78 	 0.007001 	 0.174195 	 0.396621
   79 	 0.006897 	 0.178817 	 0.407541
   80 	 0.007010 	 0.184471 	 0.386762
   81 	 0.006886 	 0.186232 	 0.388857
   82 	 0.006567 	 0.192089 	 0.394048
   83 	 0.006943 	 0.187181 	 0.390508
   84 	 0.006884 	 0.180977 	 0.430803
   85 	 0.006326 	 0.172683 	 0.438800
   86 	 0.007022 	 0.188761 	 0.421151
   87 	 0.006876 	 0.205410 	 0.453394
   88 	 0.005858 	 0.197362 	 0.465203
   89 	 0.008795 	 0.208300 	 0.475336
   90 	 0.006955 	 0.232936 	 0.463002
   91 	 0.006805 	 0.212057 	 0.463365
   92 	 0.006951 	 0.221477 	 0.468235
   93 	 0.007172 	 0.228912 	 0.464002
   94 	 0.006909 	 0.214815 	 0.472534
   95 	 0.006888 	 0.197879 	 0.476581
   96 	 0.006792 	 0.206850 	 0.487952
   97 	 0.007004 	 0.207185 	 0.481494
   98 	 0.007083 	 0.210440 	 0.470556
   99 	 0.006840 	 0.221627 	 0.477260
  100 	 0.005375 	 0.222171 	 0.500601
  101 	 0.006141 	 0.232523 	 0.453920
  102 	 0.009409 	 0.238476 	 0.484582
  103 	 0.004863 	 0.232663 	 0.493766
  104 	 0.004863 	 0.247420 	 0.504557
  105 	 0.006921 	 0.261147 	 0.504557
  106 	 0.006941 	 0.244959 	 0.503669
  107 	 0.006131 	 0.245841 	 0.503669
  108 	 0.006664 	 0.239310 	 0.494611
  109 	 0.006546 	 0.234790 	 0.494158
  110 	 0.006830 	 0.230407 	 0.501464
  111 	 0.007165 	 0.239310 	 0.491942
  112 	 0.006989 	 0.223906 	 0.491942
  113 	 0.006822 	 0.230045 	 0.491942
  114 	 0.006522 	 0.229386 	 0.496442
  115 	 0.010120 	 0.237712 	 0.512361
  116 	 0.010135 	 0.253240 	 0.512361
  117 	 0.006398 	 0.236625 	 0.512361
  118 	 0.006760 	 0.249039 	 0.513887
  119 	 0.006798 	 0.250015 	 0.512975
  120 	 0.006818 	 0.248051 	 0.494261
  121 	 0.006410 	 0.259040 	 0.500230
  122 	 0.007759 	 0.263707 	 0.515362
  123 	 0.006504 	 0.247194 	 0.512849
  124 	 0.006593 	 0.233712 	 0.517117
  125 	 0.004842 	 0.245775 	 0.517353
  126 	 0.006906 	 0.229093 	 0.494019
  127 	 0.006896 	 0.229113 	 0.491294
  128 	 0.008988 	 0.244660 	 0.498652
  129 	 0.008066 	 0.254620 	 0.500496
  130 	 0.006776 	 0.243281 	 0.508821
  131 	 0.009379 	 0.231417 	 0.505330
  132 	 0.006669 	 0.229837 	 0.503968
  133 	 0.006754 	 0.243408 	 0.502598
  134 	 0.006134 	 0.225933 	 0.501106
  135 	 0.006912 	 0.213850 	 0.507887
  136 	 0.006913 	 0.217987 	 0.496239
  137 	 0.006668 	 0.227897 	 0.465737
  138 	 0.006974 	 0.240692 	 0.488746
  139 	 0.006878 	 0.236733 	 0.488746
  140 	 0.006541 	 0.235472 	 0.483325
  141 	 0.009342 	 0.231568 	 0.487568
  142 	 0.006838 	 0.223194 	 0.492411
  143 	 0.007162 	 0.213892 	 0.489448
  144 	 0.009433 	 0.235650 	 0.477794
  145 	 0.006819 	 0.231627 	 0.478389
  146 	 0.007117 	 0.240984 	 0.487992
  147 	 0.004299 	 0.236569 	 0.478236
  148 	 0.006823 	 0.240082 	 0.496201
  149 	 0.006887 	 0.229858 	 0.486279
  150 	 0.006921 	 0.236647 	 0.500730
  151 	 0.006712 	 0.238467 	 0.498507
  152 	 0.007320 	 0.234497 	 0.491444
  153 	 0.006886 	 0.249107 	 0.497377
  154 	 0.006605 	 0.240775 	 0.491416
  155 	 0.006660 	 0.231525 	 0.483175
  156 	 0.006683 	 0.241520 	 0.484288
  157 	 0.006680 	 0.243132 	 0.496543
  158 	 0.005947 	 0.232935 	 0.500345
  159 	 0.006910 	 0.236721 	 0.500398
  160 	 0.006437 	 0.235149 	 0.493818
  161 	 0.006886 	 0.223095 	 0.510317
  162 	 0.006916 	 0.221134 	 0.507503
  163 	 0.006891 	 0.228644 	 0.511612
  164 	 0.006895 	 0.236991 	 0.511612
  165 	 0.007016 	 0.226958 	 0.488863
  166 	 0.006177 	 0.224160 	 0.494427
  167 	 0.005961 	 0.222727 	 0.491577
  168 	 0.006517 	 0.225283 	 0.494626
  169 	 0.006626 	 0.237021 	 0.492195
  170 	 0.006910 	 0.233549 	 0.492195
  171 	 0.006960 	 0.241210 	 0.492195
  172 	 0.006532 	 0.234837 	 0.503467
  173 	 0.006199 	 0.237495 	 0.502801
  174 	 0.007051 	 0.266761 	 0.488238
  175 	 0.006860 	 0.248739 	 0.478608
  176 	 0.006894 	 0.256182 	 0.506821
  177 	 0.006971 	 0.239970 	 0.489807
  178 	 0.006064 	 0.260407 	 0.502008
  179 	 0.006895 	 0.230497 	 0.488252
  180 	 0.006808 	 0.244626 	 0.494816
  181 	 0.006868 	 0.248936 	 0.496266
  182 	 0.006904 	 0.264315 	 0.492865
  183 	 0.006780 	 0.249339 	 0.503216
  184 	 0.006858 	 0.228665 	 0.503552
  185 	 0.006707 	 0.235196 	 0.504337
  186 	 0.006523 	 0.244034 	 0.503758
  187 	 0.006964 	 0.244117 	 0.497727
  188 	 0.006849 	 0.246347 	 0.502599
  189 	 0.006936 	 0.263854 	 0.508028
  190 	 0.006965 	 0.270096 	 0.516482
  191 	 0.009513 	 0.272422 	 0.518692
  192 	 0.006936 	 0.279084 	 0.511728
  193 	 0.006938 	 0.307556 	 0.518428
  194 	 0.006925 	 0.287404 	 0.521140
  195 	 0.006951 	 0.292002 	 0.521228
  196 	 0.006894 	 0.285553 	 0.521967
  197 	 0.006721 	 0.300014 	 0.517107
  198 	 0.006807 	 0.287819 	 0.517107
  199 	 0.006874 	 0.294717 	 0.519765
  200 	 0.006869 	 0.284584 	 0.516679
  201 	 0.006961 	 0.280809 	 0.511787
  202 	 0.005250 	 0.304545 	 0.502544
  203 	 0.006885 	 0.312109 	 0.511115
  204 	 0.006927 	 0.287884 	 0.522031
  205 	 0.006622 	 0.276473 	 0.515086
  206 	 0.008910 	 0.306770 	 0.515086
  207 	 0.006933 	 0.289726 	 0.518406
  208 	 0.007404 	 0.300676 	 0.518966
  209 	 0.006850 	 0.298823 	 0.511158
  210 	 0.009104 	 0.299741 	 0.515654
  211 	 0.006626 	 0.275769 	 0.517757
  212 	 0.006911 	 0.270501 	 0.520533
  213 	 0.007594 	 0.264775 	 0.503989
  214 	 0.006850 	 0.267108 	 0.511806
  215 	 0.006872 	 0.269361 	 0.512701
  216 	 0.006114 	 0.244747 	 0.521340
  217 	 0.007229 	 0.253307 	 0.521340
  218 	 0.006811 	 0.260889 	 0.522494
  219 	 0.006316 	 0.289707 	 0.519814
  220 	 0.006928 	 0.280396 	 0.516709
  221 	 0.006912 	 0.289577 	 0.524415
  222 	 0.006448 	 0.259990 	 0.522521
  223 	 0.008548 	 0.277623 	 0.519336
  224 	 0.006566 	 0.251145 	 0.510965
  225 	 0.007050 	 0.260224 	 0.516737
  226 	 0.006925 	 0.263017 	 0.521740
  227 	 0.008316 	 0.267711 	 0.523907
  228 	 0.009232 	 0.252451 	 0.520429
  229 	 0.006452 	 0.258396 	 0.520765
  230 	 0.006901 	 0.257037 	 0.517340
  231 	 0.006909 	 0.264355 	 0.518918
  232 	 0.006983 	 0.237583 	 0.514307
  233 	 0.006744 	 0.249491 	 0.522357
  234 	 0.004854 	 0.236042 	 0.520907
  235 	 0.006057 	 0.242158 	 0.513180
  236 	 0.006881 	 0.229833 	 0.524141
  237 	 0.006157 	 0.239263 	 0.515375
  238 	 0.006733 	 0.265074 	 0.515375
  239 	 0.006562 	 0.256849 	 0.496457
  240 	 0.009745 	 0.250188 	 0.503139
  241 	 0.006281 	 0.257201 	 0.493493
  242 	 0.009265 	 0.272717 	 0.508619
  243 	 0.006870 	 0.256933 	 0.508619
  244 	 0.009458 	 0.247511 	 0.518073
  245 	 0.006944 	 0.244835 	 0.505356
  246 	 0.006907 	 0.228352 	 0.505139
  247 	 0.006450 	 0.220810 	 0.510841
  248 	 0.006772 	 0.226608 	 0.519754
  249 	 0.005448 	 0.242702 	 0.510660
  250 	 0.007006 	 0.255420 	 0.510660
  251 	 0.006781 	 0.258221 	 0.516779
  252 	 0.006950 	 0.260686 	 0.517463
  253 	 0.006876 	 0.263706 	 0.504913
  254 	 0.006086 	 0.254951 	 0.497927
  255 	 0.006888 	 0.262420 	 0.512239
  256 	 0.006779 	 0.257541 	 0.513609
  257 	 0.006940 	 0.253933 	 0.507016
  258 	 0.006876 	 0.216430 	 0.502127
  259 	 0.006107 	 0.244292 	 0.516344
  260 	 0.006645 	 0.238964 	 0.514163
  261 	 0.007817 	 0.245354 	 0.514017
  262 	 0.006985 	 0.270254 	 0.507508
  263 	 0.006289 	 0.266323 	 0.521801
  264 	 0.006270 	 0.265857 	 0.521439
  265 	 0.006166 	 0.252585 	 0.515641
  266 	 0.006942 	 0.270322 	 0.514407
  267 	 0.006961 	 0.255481 	 0.512848
  268 	 0.009799 	 0.233051 	 0.514622
  269 	 0.006490 	 0.222058 	 0.516625
  270 	 0.006836 	 0.262394 	 0.515488
  271 	 0.006923 	 0.258741 	 0.515293
  272 	 0.006944 	 0.253218 	 0.514622
  273 	 0.009129 	 0.267317 	 0.517028
  274 	 0.006940 	 0.268766 	 0.520861
  275 	 0.006926 	 0.246614 	 0.520861
  276 	 0.006348 	 0.239692 	 0.520861
  277 	 0.006653 	 0.236116 	 0.523211
  278 	 0.009388 	 0.253939 	 0.520851
  279 	 0.006063 	 0.238845 	 0.518369
  280 	 0.006893 	 0.244818 	 0.520234
  281 	 0.006910 	 0.246453 	 0.509808
  282 	 0.006975 	 0.247497 	 0.510425
  283 	 0.006794 	 0.256830 	 0.505073
  284 	 0.010185 	 0.245492 	 0.501011
  285 	 0.006803 	 0.259195 	 0.510395
  286 	 0.006850 	 0.259863 	 0.511105
  287 	 0.006871 	 0.262294 	 0.520525
  288 	 0.006568 	 0.260358 	 0.520525
  289 	 0.006507 	 0.267577 	 0.518430
  290 	 0.006052 	 0.277150 	 0.512241
  291 	 0.006944 	 0.264785 	 0.512057
  292 	 0.009647 	 0.270982 	 0.515406
  293 	 0.006834 	 0.266677 	 0.515406
  294 	 0.006971 	 0.253386 	 0.516855
  295 	 0.005128 	 0.253548 	 0.515660
  296 	 0.006647 	 0.254337 	 0.508685
  297 	 0.006593 	 0.254539 	 0.515281
  298 	 0.007116 	 0.248283 	 0.504413
  299 	 0.006926 	 0.249616 	 0.518370
  300 	 0.006911 	 0.263000 	 0.519958
  301 	 0.006899 	 0.259565 	 0.514115
  302 	 0.006919 	 0.257102 	 0.516802
  303 	 0.009685 	 0.270543 	 0.516423
  304 	 0.006914 	 0.267439 	 0.516423
  305 	 0.009296 	 0.248648 	 0.512100
  306 	 0.009357 	 0.251353 	 0.517377
  307 	 0.006945 	 0.242935 	 0.514924
  308 	 0.006514 	 0.259035 	 0.520848
  309 	 0.006873 	 0.241007 	 0.520848
  310 	 0.006899 	 0.238575 	 0.512665
  311 	 0.006855 	 0.245252 	 0.525009
  312 	 0.006835 	 0.259539 	 0.526419
  313 	 0.006857 	 0.257006 	 0.520590
  314 	 0.006867 	 0.235537 	 0.511482
  315 	 0.005389 	 0.258147 	 0.511520
  316 	 0.006860 	 0.271802 	 0.505216
  317 	 0.006894 	 0.256786 	 0.494373
  318 	 0.006847 	 0.232130 	 0.506419
  319 	 0.004425 	 0.239620 	 0.504853
  320 	 0.006763 	 0.242357 	 0.516536
  321 	 0.006699 	 0.251722 	 0.518102
  322 	 0.006941 	 0.267972 	 0.520382
  323 	 0.006520 	 0.259072 	 0.522101
  324 	 0.006837 	 0.252618 	 0.522101
  325 	 0.008331 	 0.252776 	 0.519213
  326 	 0.009280 	 0.249307 	 0.511065
  327 	 0.009787 	 0.264694 	 0.507842
  328 	 0.006938 	 0.267643 	 0.514116
  329 	 0.006783 	 0.272988 	 0.527095
  330 	 0.005162 	 0.275960 	 0.522711
  331 	 0.006951 	 0.264300 	 0.522311
  332 	 0.006902 	 0.256918 	 0.519447
  333 	 0.006976 	 0.247510 	 0.530753
  334 	 0.006974 	 0.265281 	 0.530753
  335 	 0.006895 	 0.251565 	 0.530746
  336 	 0.006927 	 0.279049 	 0.527664
  337 	 0.006536 	 0.262598 	 0.528029
  338 	 0.007438 	 0.256883 	 0.519839
  339 	 0.006539 	 0.276045 	 0.520789
  340 	 0.006686 	 0.251829 	 0.521409
  341 	 0.007162 	 0.253871 	 0.520604
  342 	 0.006864 	 0.279551 	 0.527127
  343 	 0.006841 	 0.262555 	 0.519245
  344 	 0.006841 	 0.275646 	 0.520313
  345 	 0.006857 	 0.289832 	 0.522129
  346 	 0.006902 	 0.284820 	 0.523088
  347 	 0.006692 	 0.279941 	 0.517374
  348 	 0.006855 	 0.274326 	 0.514926
  349 	 0.009467 	 0.262275 	 0.514484
  350 	 0.006950 	 0.254092 	 0.525900
  351 	 0.006666 	 0.264558 	 0.525900
  352 	 0.007657 	 0.260542 	 0.526131
  353 	 0.006190 	 0.293601 	 0.519776
  354 	 0.006884 	 0.277115 	 0.521650
  355 	 0.006873 	 0.279524 	 0.519596
  356 	 0.006875 	 0.272030 	 0.519596
  357 	 0.009319 	 0.283251 	 0.524194
  358 	 0.006908 	 0.287282 	 0.524243
  359 	 0.006022 	 0.262709 	 0.525146
  360 	 0.006942 	 0.255672 	 0.519318
  361 	 0.008533 	 0.267853 	 0.517050
  362 	 0.006976 	 0.265930 	 0.519287
  363 	 0.006888 	 0.244776 	 0.519867
  364 	 0.006861 	 0.260162 	 0.519375
  365 	 0.006979 	 0.262115 	 0.521526
  366 	 0.006540 	 0.258147 	 0.521526
  367 	 0.006967 	 0.274518 	 0.524614
  368 	 0.006533 	 0.273220 	 0.524247
  369 	 0.006743 	 0.277457 	 0.521207
  370 	 0.006378 	 0.286927 	 0.516233
  371 	 0.008131 	 0.268334 	 0.519245
  372 	 0.006884 	 0.287767 	 0.518481
  373 	 0.006823 	 0.267646 	 0.521582
  374 	 0.009587 	 0.280486 	 0.517786
  375 	 0.006923 	 0.271461 	 0.518935
  376 	 0.006839 	 0.287335 	 0.514642
  377 	 0.006857 	 0.271519 	 0.519914
  378 	 0.006442 	 0.281403 	 0.519914
  379 	 0.004259 	 0.272177 	 0.520371
  380 	 0.006225 	 0.249657 	 0.506367
  381 	 0.006808 	 0.270588 	 0.509477
  382 	 0.006943 	 0.265435 	 0.522291
  383 	 0.006960 	 0.279077 	 0.523380
  384 	 0.006116 	 0.264147 	 0.523374
  385 	 0.006880 	 0.249992 	 0.521818
  386 	 0.006722 	 0.246787 	 0.523773
  387 	 0.007702 	 0.247238 	 0.515799
  388 	 0.005812 	 0.272749 	 0.513060
  389 	 0.007040 	 0.279465 	 0.514257
  390 	 0.006932 	 0.266643 	 0.511030
  391 	 0.006922 	 0.267098 	 0.521317
  392 	 0.006953 	 0.275719 	 0.513669
  393 	 0.009093 	 0.279124 	 0.522128
  394 	 0.006443 	 0.258287 	 0.515144
  395 	 0.009310 	 0.266157 	 0.517745
  396 	 0.006695 	 0.275444 	 0.510030
  397 	 0.006504 	 0.269812 	 0.516841
  398 	 0.006992 	 0.272691 	 0.511565
  399 	 0.006515 	 0.280117 	 0.509192
  400 	 0.006899 	 0.280443 	 0.517833
  401 	 0.006971 	 0.279154 	 0.521339
  402 	 0.006106 	 0.279144 	 0.521339
  403 	 0.006817 	 0.269714 	 0.512113
  404 	 0.007772 	 0.273111 	 0.513814
  405 	 0.006646 	 0.244526 	 0.520966
  406 	 0.004613 	 0.273144 	 0.528156
  407 	 0.006891 	 0.298440 	 0.528156
  408 	 0.006862 	 0.288285 	 0.524767
  409 	 0.006818 	 0.280350 	 0.522068
  410 	 0.007428 	 0.273681 	 0.525830
  411 	 0.009080 	 0.289046 	 0.516266
  412 	 0.006889 	 0.288705 	 0.524371
  413 	 0.006498 	 0.277240 	 0.524371
  414 	 0.005417 	 0.274677 	 0.517184
  415 	 0.006930 	 0.285924 	 0.521011
  416 	 0.006927 	 0.267583 	 0.517548
  417 	 0.009064 	 0.266086 	 0.517358
  418 	 0.004816 	 0.274484 	 0.514042
  419 	 0.006641 	 0.274505 	 0.520531
  420 	 0.006342 	 0.271292 	 0.513148
  421 	 0.006464 	 0.272124 	 0.510773
  422 	 0.006502 	 0.286452 	 0.511954
  423 	 0.006937 	 0.285663 	 0.514533
  424 	 0.006682 	 0.281604 	 0.514324
  425 	 0.006821 	 0.269280 	 0.506023
  426 	 0.006585 	 0.278065 	 0.504723
  427 	 0.006668 	 0.253809 	 0.506658
  428 	 0.006633 	 0.269711 	 0.520891
  429 	 0.006977 	 0.273990 	 0.508164
  430 	 0.006561 	 0.275061 	 0.517307
  431 	 0.006599 	 0.255213 	 0.509007
  432 	 0.006485 	 0.266387 	 0.510622
  433 	 0.006959 	 0.280059 	 0.510622
  434 	 0.006904 	 0.266510 	 0.510622
  435 	 0.006900 	 0.245429 	 0.526736
  436 	 0.006848 	 0.240135 	 0.501173
  437 	 0.006945 	 0.241489 	 0.514265
  438 	 0.006520 	 0.240721 	 0.518024
  439 	 0.005336 	 0.255620 	 0.517956
  440 	 0.006506 	 0.246589 	 0.512806
  441 	 0.007522 	 0.245992 	 0.512806
  442 	 0.006556 	 0.258606 	 0.514194
  443 	 0.006048 	 0.263137 	 0.519127
  444 	 0.006937 	 0.257179 	 0.519127
  445 	 0.006494 	 0.273516 	 0.523347
  446 	 0.009745 	 0.283662 	 0.523347
  447 	 0.006912 	 0.279703 	 0.523347
  448 	 0.006845 	 0.289541 	 0.519441
  449 	 0.006924 	 0.291131 	 0.531554
  450 	 0.006137 	 0.289872 	 0.531554
  451 	 0.007020 	 0.308251 	 0.527645
  452 	 0.004524 	 0.278673 	 0.527651
  453 	 0.006768 	 0.282309 	 0.527645
  454 	 0.006867 	 0.291774 	 0.526994
  455 	 0.006911 	 0.282874 	 0.526138
  456 	 0.006930 	 0.282002 	 0.526257
  457 	 0.008011 	 0.280272 	 0.528354
  458 	 0.006831 	 0.276331 	 0.528354
  459 	 0.005430 	 0.292128 	 0.529159
  460 	 0.006872 	 0.276556 	 0.529159
  461 	 0.009729 	 0.273194 	 0.529527
  462 	 0.008965 	 0.271247 	 0.529536
  463 	 0.007081 	 0.263907 	 0.526504
  464 	 0.006952 	 0.267150 	 0.523133
  465 	 0.006955 	 0.248668 	 0.523133
  466 	 0.006139 	 0.239049 	 0.523133
  467 	 0.006910 	 0.230983 	 0.523203
  468 	 0.006051 	 0.246004 	 0.521039
  469 	 0.006483 	 0.257304 	 0.526137
  470 	 0.006924 	 0.250456 	 0.526137
  471 	 0.006929 	 0.253286 	 0.526137
  472 	 0.006738 	 0.270399 	 0.524764
  473 	 0.006911 	 0.285957 	 0.524764
  474 	 0.006753 	 0.280790 	 0.526324
  475 	 0.006888 	 0.259194 	 0.526324
  476 	 0.006782 	 0.243481 	 0.520490
  477 	 0.005859 	 0.273176 	 0.527149
  478 	 0.006892 	 0.269692 	 0.526996
  479 	 0.006710 	 0.274073 	 0.526080
  480 	 0.006960 	 0.265760 	 0.524850
  481 	 0.006893 	 0.279338 	 0.524677
  482 	 0.006467 	 0.267563 	 0.529701
  483 	 0.006183 	 0.260239 	 0.530772
  484 	 0.006872 	 0.258794 	 0.527025
  485 	 0.006260 	 0.250584 	 0.527025
  486 	 0.006897 	 0.254540 	 0.521380
  487 	 0.006822 	 0.253885 	 0.519582
  488 	 0.006308 	 0.242894 	 0.509719
  489 	 0.006505 	 0.246702 	 0.519432
  490 	 0.006949 	 0.267712 	 0.526153
  491 	 0.006702 	 0.270498 	 0.525398
  492 	 0.006671 	 0.251054 	 0.523178
  493 	 0.006575 	 0.240025 	 0.521971
  494 	 0.006923 	 0.249132 	 0.522059
  495 	 0.006828 	 0.262430 	 0.517771
  496 	 0.006685 	 0.285780 	 0.522425
  497 	 0.006587 	 0.275226 	 0.525778
  498 	 0.006869 	 0.265765 	 0.524221
  499 	 0.006913 	 0.265346 	 0.524005
 