   0 	 0.003117 	 0.010828 	 0.042700
    1 	 0.004437 	 0.012104 	 0.039243
    2 	 0.004456 	 0.014817 	 0.049234
    3 	 0.005618 	 0.016685 	 0.058379
    4 	 0.004925 	 0.019475 	 0.059318
    5 	 0.005520 	 0.023206 	 0.060292
    6 	 0.005928 	 0.027157 	 0.088615
    7 	 0.006223 	 0.027928 	 0.088615
    8 	 0.004570 	 0.029963 	 0.102431
    9 	 0.007481 	 0.034104 	 0.103116
   10 	 0.006293 	 0.033469 	 0.097815
   11 	 0.005303 	 0.033817 	 0.110637
   12 	 0.006295 	 0.036653 	 0.112197
   13 	 0.006233 	 0.039655 	 0.123855
   14 	 0.005821 	 0.042449 	 0.124194
   15 	 0.005660 	 0.041298 	 0.158515
   16 	 0.006273 	 0.047060 	 0.160089
   17 	 0.009850 	 0.050435 	 0.139128
   18 	 0.007744 	 0.053616 	 0.128915
   19 	 0.006642 	 0.059211 	 0.194826
   20 	 0.008449 	 0.062171 	 0.204954
   21 	 0.006202 	 0.063306 	 0.204270
   22 	 0.004187 	 0.071041 	 0.208937
   23 	 0.006377 	 0.072017 	 0.240412
   24 	 0.007384 	 0.069465 	 0.212226
   25 	 0.007393 	 0.074732 	 0.217134
   26 	 0.006603 	 0.077990 	 0.232979
   27 	 0.006391 	 0.077482 	 0.232816
   28 	 0.006487 	 0.080238 	 0.232816
   29 	 0.005567 	 0.090722 	 0.239524
   30 	 0.007103 	 0.089273 	 0.239524
   31 	 0.004453 	 0.083871 	 0.231173
   32 	 0.006649 	 0.085335 	 0.232251
   33 	 0.008613 	 0.086168 	 0.228759
   34 	 0.004775 	 0.093041 	 0.215644
   35 	 0.003729 	 0.087329 	 0.217848
   36 	 0.006756 	 0.088213 	 0.203909
   37 	 0.007250 	 0.091177 	 0.232482
   38 	 0.007042 	 0.101447 	 0.232243
   39 	 0.006669 	 0.094461 	 0.291954
   40 	 0.006797 	 0.098676 	 0.241979
   41 	 0.006797 	 0.099352 	 0.241321
   42 	 0.005209 	 0.103310 	 0.242191
   43 	 0.006864 	 0.107368 	 0.297768
   44 	 0.006651 	 0.102836 	 0.263766
   45 	 0.006385 	 0.099279 	 0.322981
   46 	 0.007060 	 0.104297 	 0.255492
   47 	 0.006065 	 0.112549 	 0.284495
   48 	 0.006712 	 0.119555 	 0.286310
   49 	 0.006748 	 0.117842 	 0.298841
   50 	 0.006018 	 0.112804 	 0.306837
   51 	 0.006536 	 0.108663 	 0.306837
   52 	 0.005767 	 0.103900 	 0.306939
   53 	 0.005793 	 0.110843 	 0.299886
   54 	 0.006853 	 0.121931 	 0.312292
   55 	 0.008732 	 0.118405 	 0.294216
   56 	 0.006807 	 0.109883 	 0.276395
   57 	 0.004564 	 0.113924 	 0.297941
   58 	 0.006922 	 0.120807 	 0.300777
   59 	 0.006684 	 0.106202 	 0.305002
   60 	 0.005787 	 0.111088 	 0.302302
   61 	 0.006912 	 0.109644 	 0.286117
   62 	 0.006922 	 0.114284 	 0.291610
   63 	 0.005417 	 0.131256 	 0.310876
   64 	 0.005745 	 0.125548 	 0.327025
   65 	 0.006549 	 0.129288 	 0.318694
   66 	 0.006665 	 0.132164 	 0.318724
   67 	 0.006976 	 0.134919 	 0.363812
   68 	 0.009325 	 0.144091 	 0.343642
   69 	 0.006512 	 0.144833 	 0.328760
   70 	 0.006247 	 0.149631 	 0.362495
   71 	 0.007104 	 0.133519 	 0.318813
   72 	 0.006948 	 0.139076 	 0.352494
   73 	 0.006913 	 0.148573 	 0.451474
   74 	 0.006855 	 0.138284 	 0.314411
   75 	 0.007088 	 0.146855 	 0.314267
   76 	 0.007633 	 0.137153 	 0.341955
   77 	 0.006501 	 0.151173 	 0.348132
   78 	 0.006472 	 0.165798 	 0.401989
   79 	 0.004983 	 0.159141 	 0.395665
   80 	 0.007228 	 0.155243 	 0.355328
   81 	 0.005785 	 0.155062 	 0.372515
   82 	 0.006561 	 0.143369 	 0.371415
   83 	 0.007158 	 0.150264 	 0.375202
   84 	 0.006792 	 0.151522 	 0.339520
   85 	 0.006838 	 0.155471 	 0.361752
   86 	 0.006818 	 0.154025 	 0.385478
   87 	 0.006727 	 0.155774 	 0.385478
   88 	 0.006807 	 0.152476 	 0.385478
   89 	 0.006620 	 0.159982 	 0.397818
   90 	 0.006826 	 0.162768 	 0.390093
   91 	 0.006849 	 0.169002 	 0.455910
   92 	 0.006899 	 0.154403 	 0.444725
   93 	 0.006935 	 0.177718 	 0.434387
   94 	 0.009146 	 0.176964 	 0.434387
   95 	 0.006935 	 0.178993 	 0.440366
   96 	 0.006616 	 0.168954 	 0.410932
   97 	 0.006853 	 0.180463 	 0.427972
   98 	 0.006939 	 0.168031 	 0.436317
   99 	 0.006920 	 0.167139 	 0.432631
  100 	 0.006749 	 0.169329 	 0.427499
  101 	 0.006690 	 0.178887 	 0.437271
  102 	 0.006773 	 0.180435 	 0.438197
  103 	 0.006781 	 0.193410 	 0.454573
  104 	 0.008649 	 0.195873 	 0.460184
  105 	 0.006794 	 0.200568 	 0.430190
  106 	 0.007124 	 0.204943 	 0.443168
  107 	 0.005305 	 0.193281 	 0.452333
  108 	 0.006868 	 0.183012 	 0.452333
  109 	 0.006730 	 0.183335 	 0.435997
  110 	 0.006757 	 0.191277 	 0.435997
  111 	 0.006990 	 0.192166 	 0.415932
  112 	 0.009858 	 0.197276 	 0.415614
  113 	 0.006711 	 0.190722 	 0.454200
  114 	 0.006974 	 0.200373 	 0.427611
  115 	 0.009636 	 0.207144 	 0.448238
  116 	 0.007058 	 0.195077 	 0.449465
  117 	 0.005301 	 0.180686 	 0.429472
  118 	 0.006887 	 0.177458 	 0.434297
  119 	 0.006760 	 0.187315 	 0.438506
  120 	 0.006091 	 0.178137 	 0.437767
  121 	 0.006832 	 0.180600 	 0.437767
  122 	 0.006669 	 0.185407 	 0.427335
  123 	 0.006925 	 0.196101 	 0.467649
  124 	 0.006735 	 0.201415 	 0.445270
  125 	 0.006797 	 0.196592 	 0.463964
  126 	 0.006683 	 0.212230 	 0.455026
  127 	 0.006879 	 0.207687 	 0.457567
  128 	 0.006083 	 0.200442 	 0.457659
  129 	 0.006038 	 0.202474 	 0.457659
  130 	 0.006841 	 0.189063 	 0.469648
  131 	 0.006675 	 0.196769 	 0.469471
  132 	 0.006570 	 0.186260 	 0.475057
  133 	 0.005913 	 0.169753 	 0.421139
  134 	 0.006810 	 0.170374 	 0.443857
  135 	 0.009239 	 0.191355 	 0.478271
  136 	 0.008529 	 0.193767 	 0.452616
  137 	 0.007020 	 0.194576 	 0.473952
  138 	 0.006780 	 0.184397 	 0.476451
  139 	 0.006750 	 0.187567 	 0.476535
  140 	 0.006829 	 0.198051 	 0.476786
  141 	 0.006918 	 0.211731 	 0.476845
  142 	 0.007234 	 0.220519 	 0.453331
  143 	 0.006921 	 0.210175 	 0.467087
  144 	 0.005390 	 0.211414 	 0.462831
  145 	 0.005390 	 0.201781 	 0.476278
  146 	 0.006067 	 0.212010 	 0.480670
  147 	 0.006173 	 0.217392 	 0.480401
  148 	 0.006831 	 0.221534 	 0.476855
  149 	 0.007029 	 0.197242 	 0.475086
  150 	 0.005297 	 0.203420 	 0.475997
  151 	 0.005204 	 0.211729 	 0.460934
  152 	 0.006963 	 0.216462 	 0.457068
  153 	 0.006601 	 0.201750 	 0.457068
  154 	 0.006939 	 0.214277 	 0.456436
  155 	 0.009094 	 0.220937 	 0.466658
  156 	 0.006432 	 0.220527 	 0.476995
  157 	 0.006576 	 0.233532 	 0.476995
  158 	 0.006886 	 0.232585 	 0.463120
  159 	 0.009771 	 0.233410 	 0.465918
  160 	 0.006933 	 0.231553 	 0.480001
  161 	 0.007680 	 0.231535 	 0.480001
  162 	 0.009747 	 0.231323 	 0.477456
  163 	 0.006787 	 0.227739 	 0.476630
  164 	 0.006793 	 0.228717 	 0.464931
  165 	 0.007888 	 0.215299 	 0.495291
  166 	 0.006727 	 0.228103 	 0.495048
  167 	 0.006193 	 0.219660 	 0.489631
  168 	 0.006955 	 0.234293 	 0.486056
  169 	 0.006900 	 0.238988 	 0.494168
  170 	 0.006853 	 0.229534 	 0.487137
  171 	 0.006103 	 0.232306 	 0.479149
  172 	 0.006357 	 0.245176 	 0.472058
  173 	 0.006112 	 0.230568 	 0.485719
  174 	 0.006902 	 0.210413 	 0.470827
  175 	 0.006219 	 0.222780 	 0.465772
  176 	 0.006221 	 0.209563 	 0.462017
  177 	 0.006085 	 0.206881 	 0.471043
  178 	 0.006828 	 0.220914 	 0.476829
  179 	 0.006744 	 0.212933 	 0.464747
  180 	 0.006889 	 0.222150 	 0.456639
  181 	 0.005268 	 0.211656 	 0.452092
  182 	 0.009672 	 0.224659 	 0.468036
  183 	 0.006870 	 0.218015 	 0.468036
  184 	 0.006851 	 0.221169 	 0.481145
  185 	 0.006793 	 0.238988 	 0.481036
  186 	 0.006992 	 0.215585 	 0.469728
  187 	 0.006827 	 0.220828 	 0.475709
  188 	 0.006930 	 0.225613 	 0.460137
  189 	 0.006702 	 0.233818 	 0.484936
  190 	 0.004343 	 0.225592 	 0.482474
  191 	 0.006915 	 0.235317 	 0.477777
  192 	 0.006712 	 0.239765 	 0.477777
  193 	 0.006712 	 0.248311 	 0.477673
  194 	 0.006747 	 0.231304 	 0.477673
  195 	 0.006977 	 0.232307 	 0.477482
  196 	 0.006855 	 0.240091 	 0.477482
  197 	 0.006722 	 0.229925 	 0.479258
  198 	 0.006957 	 0.244386 	 0.484006
  199 	 0.006879 	 0.212620 	 0.467112
  200 	 0.006780 	 0.223229 	 0.491658
  201 	 0.007085 	 0.238353 	 0.490888
  202 	 0.006893 	 0.226403 	 0.470581
  203 	 0.006887 	 0.250010 	 0.467990
  204 	 0.006800 	 0.263674 	 0.489568
  205 	 0.006942 	 0.265974 	 0.484314
  206 	 0.006896 	 0.271012 	 0.482160
  207 	 0.006817 	 0.245813 	 0.489516
  208 	 0.006912 	 0.256702 	 0.468631
  209 	 0.006619 	 0.246745 	 0.479231
  210 	 0.009562 	 0.256486 	 0.493064
  211 	 0.006559 	 0.242330 	 0.492303
  212 	 0.006484 	 0.244901 	 0.492303
  213 	 0.006836 	 0.236394 	 0.473456
  214 	 0.007551 	 0.225736 	 0.493576
  215 	 0.006883 	 0.234450 	 0.477536
  216 	 0.006777 	 0.224932 	 0.482471
  217 	 0.006904 	 0.244483 	 0.488965
  218 	 0.004391 	 0.234771 	 0.488965
  219 	 0.006800 	 0.220769 	 0.488965
  220 	 0.006873 	 0.226127 	 0.483622
  221 	 0.008383 	 0.229961 	 0.478847
  222 	 0.006947 	 0.223326 	 0.476063
  223 	 0.009312 	 0.222642 	 0.472896
  224 	 0.006906 	 0.214573 	 0.490770
  225 	 0.006878 	 0.211761 	 0.485674
  226 	 0.006207 	 0.229590 	 0.483884
  227 	 0.006824 	 0.220145 	 0.483884
  228 	 0.006887 	 0.226645 	 0.487303
  229 	 0.006228 	 0.213771 	 0.475519
  230 	 0.004417 	 0.210245 	 0.483556
  231 	 0.005692 	 0.208339 	 0.485892
  232 	 0.004255 	 0.205546 	 0.485744
  233 	 0.006178 	 0.217635 	 0.486518
  234 	 0.006515 	 0.219475 	 0.495331
  235 	 0.006690 	 0.233394 	 0.479628
  236 	 0.009883 	 0.230683 	 0.493663
  237 	 0.006890 	 0.233430 	 0.494193
  238 	 0.006981 	 0.227125 	 0.495915
  239 	 0.009371 	 0.231538 	 0.494193
  240 	 0.006586 	 0.242966 	 0.495885
  241 	 0.006855 	 0.242946 	 0.495084
  242 	 0.006760 	 0.230907 	 0.484529
  243 	 0.006524 	 0.239960 	 0.488714
  244 	 0.006356 	 0.237036 	 0.490487
  245 	 0.006522 	 0.251100 	 0.490487
  246 	 0.006898 	 0.245454 	 0.483270
  247 	 0.006906 	 0.251208 	 0.486045
  248 	 0.006834 	 0.235719 	 0.495865
  249 	 0.006969 	 0.248573 	 0.495865
  250 	 0.006630 	 0.250071 	 0.494226
  251 	 0.006632 	 0.265414 	 0.497530
  252 	 0.006548 	 0.257265 	 0.489860
  253 	 0.006892 	 0.268794 	 0.489374
  254 	 0.006482 	 0.273534 	 0.484775
  255 	 0.006782 	 0.257727 	 0.484903
  256 	 0.006706 	 0.249684 	 0.484903
  257 	 0.006935 	 0.246747 	 0.483457
  258 	 0.006804 	 0.247671 	 0.487524
  259 	 0.006805 	 0.259071 	 0.487524
  260 	 0.006878 	 0.261139 	 0.489802
  261 	 0.006832 	 0.266738 	 0.492951
  262 	 0.006934 	 0.267780 	 0.495366
  263 	 0.006382 	 0.270313 	 0.487604
  264 	 0.006321 	 0.263330 	 0.487604
  265 	 0.006553 	 0.238776 	 0.486241
  266 	 0.006938 	 0.252622 	 0.485202
  267 	 0.006921 	 0.274340 	 0.497690
  268 	 0.006457 	 0.261526 	 0.497580
  269 	 0.006933 	 0.248382 	 0.488410
  270 	 0.006868 	 0.240562 	 0.489963
  271 	 0.006939 	 0.247536 	 0.486915
  272 	 0.004337 	 0.236688 	 0.486780
  273 	 0.006889 	 0.252472 	 0.487111
  274 	 0.006889 	 0.261331 	 0.493830
  275 	 0.006853 	 0.263268 	 0.493830
  276 	 0.006887 	 0.266052 	 0.494479
  277 	 0.006851 	 0.234088 	 0.493830
  278 	 0.006806 	 0.225666 	 0.493830
  279 	 0.006739 	 0.230941 	 0.487631
  280 	 0.006920 	 0.239823 	 0.491934
  281 	 0.006749 	 0.257315 	 0.491934
  282 	 0.006933 	 0.251401 	 0.483477
  283 	 0.009644 	 0.265528 	 0.479377
  284 	 0.006148 	 0.275439 	 0.481141
  285 	 0.007972 	 0.281592 	 0.487004
  286 	 0.008009 	 0.270230 	 0.487004
  287 	 0.006929 	 0.247339 	 0.487004
  288 	 0.009244 	 0.257770 	 0.491595
  289 	 0.006792 	 0.239552 	 0.488909
  290 	 0.006576 	 0.247456 	 0.487541
  291 	 0.006773 	 0.264367 	 0.479293
  292 	 0.006863 	 0.258404 	 0.479293
  293 	 0.006719 	 0.245206 	 0.490574
  294 	 0.006809 	 0.245542 	 0.489622
  295 	 0.006913 	 0.246222 	 0.484661
  296 	 0.006845 	 0.245384 	 0.484661
  297 	 0.006823 	 0.237516 	 0.475328
  298 	 0.006904 	 0.234662 	 0.484038
  299 	 0.006777 	 0.230492 	 0.484062
  300 	 0.007210 	 0.228082 	 0.483785
  301 	 0.006996 	 0.236737 	 0.478507
  302 	 0.006819 	 0.236160 	 0.478507
  303 	 0.008933 	 0.245580 	 0.484912
  304 	 0.006936 	 0.217397 	 0.487294
  305 	 0.006598 	 0.239273 	 0.478735
  306 	 0.006906 	 0.213821 	 0.484787
  307 	 0.006819 	 0.224329 	 0.481704
  308 	 0.006779 	 0.228894 	 0.490268
  309 	 0.004832 	 0.228889 	 0.490812
  310 	 0.006887 	 0.226719 	 0.487079
  311 	 0.006786 	 0.245910 	 0.481433
  312 	 0.006358 	 0.254349 	 0.476021
  313 	 0.006852 	 0.251743 	 0.485461
  314 	 0.008574 	 0.259846 	 0.477385
  315 	 0.006866 	 0.237579 	 0.484637
  316 	 0.006884 	 0.226795 	 0.463597
  317 	 0.006823 	 0.242678 	 0.481891
  318 	 0.008452 	 0.246576 	 0.479279
  319 	 0.006738 	 0.264688 	 0.485806
  320 	 0.006268 	 0.252023 	 0.484625
  321 	 0.006912 	 0.240672 	 0.481275
  322 	 0.006835 	 0.246800 	 0.481437
  323 	 0.006867 	 0.246690 	 0.481437
  324 	 0.006852 	 0.257728 	 0.490853
  325 	 0.006919 	 0.242026 	 0.495625
  326 	 0.006905 	 0.236131 	 0.491960
  327 	 0.006894 	 0.241030 	 0.492638
  328 	 0.009375 	 0.257428 	 0.492774
  329 	 0.006991 	 0.246060 	 0.495306
  330 	 0.006948 	 0.230733 	 0.494700
  331 	 0.008587 	 0.226508 	 0.494639
  332 	 0.006853 	 0.228782 	 0.494639
  333 	 0.006444 	 0.225932 	 0.489448
  334 	 0.009261 	 0.235030 	 0.489135
  335 	 0.006837 	 0.253911 	 0.492638
  336 	 0.006919 	 0.233393 	 0.489888
  337 	 0.006497 	 0.227683 	 0.490706
  338 	 0.006840 	 0.225637 	 0.487577
  339 	 0.009232 	 0.225302 	 0.493455
  340 	 0.006772 	 0.228577 	 0.493711
  341 	 0.006033 	 0.216430 	 0.479229
  342 	 0.006875 	 0.210487 	 0.480772
  343 	 0.006933 	 0.218224 	 0.482476
  344 	 0.006725 	 0.229548 	 0.485432
  345 	 0.006799 	 0.235300 	 0.495019
  346 	 0.006885 	 0.246605 	 0.493320
  347 	 0.006489 	 0.243523 	 0.490938
  348 	 0.006352 	 0.231942 	 0.490938
  349 	 0.006744 	 0.226539 	 0.493143
  350 	 0.006988 	 0.227368 	 0.493143
  351 	 0.006850 	 0.238195 	 0.493143
  352 	 0.006887 	 0.244731 	 0.493143
  353 	 0.006911 	 0.237657 	 0.487378
  354 	 0.006856 	 0.244938 	 0.483617
  355 	 0.009300 	 0.266225 	 0.492336
  356 	 0.006870 	 0.283389 	 0.492336
  357 	 0.006888 	 0.253546 	 0.497697
  358 	 0.007696 	 0.248648 	 0.497497
  359 	 0.006955 	 0.239357 	 0.494381
  360 	 0.006853 	 0.245356 	 0.474327
  361 	 0.008036 	 0.238552 	 0.479446
  362 	 0.006714 	 0.260707 	 0.491174
  363 	 0.006904 	 0.229792 	 0.493112
  364 	 0.009391 	 0.242318 	 0.493112
  365 	 0.006754 	 0.218505 	 0.497761
  366 	 0.009226 	 0.217467 	 0.497939
  367 	 0.006727 	 0.212865 	 0.473203
  368 	 0.006751 	 0.218267 	 0.475490
  369 	 0.006875 	 0.240720 	 0.488521
  370 	 0.010021 	 0.248780 	 0.484227
  371 	 0.006579 	 0.244895 	 0.493582
  372 	 0.006851 	 0.249716 	 0.483623
  373 	 0.006907 	 0.249123 	 0.477468
  374 	 0.006628 	 0.251190 	 0.481677
  375 	 0.006805 	 0.244608 	 0.482284
  376 	 0.009362 	 0.253500 	 0.477468
  377 	 0.008049 	 0.238871 	 0.486694
  378 	 0.006844 	 0.244990 	 0.485328
  379 	 0.007004 	 0.244834 	 0.486152
  380 	 0.007058 	 0.252274 	 0.488984
  381 	 0.006780 	 0.250869 	 0.494553
  382 	 0.006760 	 0.284284 	 0.494065
  383 	 0.009848 	 0.281291 	 0.497978
  384 	 0.009771 	 0.258130 	 0.497978
  385 	 0.006967 	 0.267275 	 0.479996
  386 	 0.006495 	 0.265653 	 0.485720
  387 	 0.006780 	 0.248651 	 0.485588
  388 	 0.006152 	 0.251923 	 0.483616
  389 	 0.006790 	 0.260152 	 0.491090
  390 	 0.006883 	 0.240929 	 0.492705
  391 	 0.006941 	 0.232411 	 0.489755
  392 	 0.006652 	 0.243424 	 0.493515
  393 	 0.006061 	 0.246551 	 0.481307
  394 	 0.006804 	 0.241997 	 0.479458
  395 	 0.006810 	 0.245779 	 0.494214
  396 	 0.006862 	 0.261600 	 0.478332
  397 	 0.006890 	 0.246627 	 0.478332
  398 	 0.006906 	 0.266716 	 0.482415
  399 	 0.006888 	 0.249294 	 0.497145
  400 	 0.006925 	 0.226855 	 0.482479
  401 	 0.006905 	 0.268882 	 0.483115
  402 	 0.005390 	 0.262096 	 0.478365
  403 	 0.006854 	 0.242050 	 0.483947
  404 	 0.007069 	 0.220084 	 0.482575
  405 	 0.006939 	 0.233822 	 0.481922
  406 	 0.006856 	 0.239025 	 0.474780
  407 	 0.006911 	 0.244130 	 0.480420
  408 	 0.006731 	 0.223902 	 0.481551
  409 	 0.006851 	 0.206238 	 0.474780
  410 	 0.006953 	 0.231841 	 0.470181
  411 	 0.006888 	 0.233881 	 0.470181
  412 	 0.006819 	 0.226793 	 0.468948
  413 	 0.007132 	 0.239515 	 0.479974
  414 	 0.006895 	 0.238421 	 0.471786
  415 	 0.006891 	 0.244791 	 0.481099
  416 	 0.006948 	 0.244793 	 0.469554
  417 	 0.006970 	 0.264704 	 0.482359
  418 	 0.006744 	 0.259099 	 0.478593
  419 	 0.009441 	 0.241572 	 0.480208
  420 	 0.009518 	 0.245416 	 0.480208
  421 	 0.006952 	 0.242540 	 0.480208
  422 	 0.006942 	 0.208336 	 0.485330
  423 	 0.006920 	 0.225680 	 0.478608
  424 	 0.006737 	 0.235801 	 0.478608
  425 	 0.006693 	 0.233918 	 0.485771
  426 	 0.006820 	 0.237639 	 0.486942
  427 	 0.006524 	 0.229205 	 0.485870
  428 	 0.004490 	 0.215136 	 0.486028
  429 	 0.004321 	 0.225695 	 0.486302
  430 	 0.006890 	 0.245765 	 0.486933
  431 	 0.006738 	 0.243322 	 0.488641
  432 	 0.006721 	 0.273664 	 0.488767
  433 	 0.006779 	 0.267667 	 0.493337
  434 	 0.006923 	 0.286594 	 0.489715
  435 	 0.006782 	 0.273117 	 0.489708
  436 	 0.006796 	 0.256152 	 0.485850
  437 	 0.006827 	 0.270335 	 0.488530
  438 	 0.006356 	 0.268366 	 0.488598
  439 	 0.006507 	 0.262747 	 0.487425
  440 	 0.006870 	 0.271267 	 0.480954
  441 	 0.006904 	 0.248253 	 0.480954
  442 	 0.009003 	 0.255453 	 0.490445
  443 	 0.006923 	 0.258324 	 0.490578
  444 	 0.007013 	 0.274455 	 0.487248
  445 	 0.006047 	 0.256421 	 0.498243
  446 	 0.006063 	 0.233550 	 0.485852
  447 	 0.005520 	 0.258420 	 0.485852
  448 	 0.006636 	 0.254919 	 0.485610
  449 	 0.006827 	 0.257070 	 0.490609
  450 	 0.006841 	 0.257608 	 0.491995
  451 	 0.006726 	 0.261620 	 0.491995
  452 	 0.008579 	 0.273912 	 0.491995
  453 	 0.006638 	 0.261869 	 0.490009
  454 	 0.006781 	 0.251905 	 0.489192
  455 	 0.006976 	 0.263607 	 0.490719
  456 	 0.006863 	 0.279696 	 0.491439
  457 	 0.006453 	 0.266393 	 0.495548
  458 	 0.006465 	 0.261982 	 0.494242
  459 	 0.006961 	 0.261086 	 0.494952
  460 	 0.006617 	 0.270357 	 0.495203
  461 	 0.006861 	 0.263005 	 0.497433
  462 	 0.006875 	 0.252785 	 0.497856
  463 	 0.006838 	 0.257028 	 0.489554
  464 	 0.006634 	 0.254351 	 0.491225
  465 	 0.005405 	 0.252797 	 0.491225
  466 	 0.006673 	 0.269922 	 0.483095
  467 	 0.006723 	 0.266360 	 0.496072
  468 	 0.009760 	 0.252636 	 0.495795
  469 	 0.006860 	 0.234294 	 0.495795
  470 	 0.006678 	 0.215142 	 0.476390
  471 	 0.006526 	 0.246082 	 0.497247
  472 	 0.006819 	 0.248064 	 0.497463
  473 	 0.006570 	 0.256437 	 0.497071
  474 	 0.006870 	 0.250158 	 0.497071
  475 	 0.006667 	 0.243534 	 0.497600
  476 	 0.005908 	 0.246752 	 0.497600
  477 	 0.006910 	 0.252156 	 0.497600
  478 	 0.006813 	 0.244582 	 0.487471
  479 	 0.006788 	 0.238498 	 0.487112
  480 	 0.006636 	 0.255198 	 0.488681
  481 	 0.006881 	 0.260147 	 0.490322
  482 	 0.006887 	 0.250970 	 0.496998
  483 	 0.006527 	 0.245958 	 0.496051
  484 	 0.006921 	 0.258914 	 0.496145
  485 	 0.006941 	 0.244506 	 0.497735
  486 	 0.009071 	 0.258561 	 0.492590
  487 	 0.006878 	 0.266023 	 0.489358
  488 	 0.006733 	 0.267730 	 0.491021
  489 	 0.006850 	 0.259556 	 0.495625
  490 	 0.006714 	 0.265321 	 0.498855
  491 	 0.006872 	 0.255638 	 0.499568
  492 	 0.006124 	 0.250575 	 0.498577
  493 	 0.006073 	 0.249671 	 0.492900
  494 	 0.006874 	 0.272081 	 0.494132
  495 	 0.006910 	 0.264568 	 0.497004
  496 	 0.006514 	 0.255996 	 0.498044
  497 	 0.006806 	 0.235670 	 0.488209
  498 	 0.006488 	 0.266159 	 0.488209
  499 	 0.006875 	 0.292549 	 0.497291
 