   0 	 0.003211 	 0.009744 	 0.031481
    1 	 0.003570 	 0.011796 	 0.034000
    2 	 0.004741 	 0.013226 	 0.035630
    3 	 0.004580 	 0.014593 	 0.038138
    4 	 0.005439 	 0.018125 	 0.046968
    5 	 0.005137 	 0.020134 	 0.059234
    6 	 0.005648 	 0.023001 	 0.066889
    7 	 0.006093 	 0.023695 	 0.066972
    8 	 0.006653 	 0.027485 	 0.068008
    9 	 0.006991 	 0.028229 	 0.073724
   10 	 0.005716 	 0.029503 	 0.075097
   11 	 0.006420 	 0.031657 	 0.088602
   12 	 0.007095 	 0.031984 	 0.088355
   13 	 0.007292 	 0.033009 	 0.086469
   14 	 0.007107 	 0.036409 	 0.082450
   15 	 0.006066 	 0.038797 	 0.088064
   16 	 0.006528 	 0.040680 	 0.091392
   17 	 0.006729 	 0.043035 	 0.089788
   18 	 0.008342 	 0.046751 	 0.089233
   19 	 0.009144 	 0.049607 	 0.107449
   20 	 0.006414 	 0.053346 	 0.111626
   21 	 0.006385 	 0.054104 	 0.111626
   22 	 0.006746 	 0.057788 	 0.139034
   23 	 0.006198 	 0.060015 	 0.139034
   24 	 0.006613 	 0.062198 	 0.136669
   25 	 0.007689 	 0.065630 	 0.136669
   26 	 0.006834 	 0.064715 	 0.110024
   27 	 0.006769 	 0.065081 	 0.127572
   28 	 0.007096 	 0.065629 	 0.129055
   29 	 0.006765 	 0.067847 	 0.139931
   30 	 0.006972 	 0.072703 	 0.130938
   31 	 0.005211 	 0.067848 	 0.135939
   32 	 0.005211 	 0.073898 	 0.160806
   33 	 0.006644 	 0.072856 	 0.163545
   34 	 0.006764 	 0.070201 	 0.156647
   35 	 0.006914 	 0.074258 	 0.156754
   36 	 0.007030 	 0.073721 	 0.198414
   37 	 0.006561 	 0.073793 	 0.149194
   38 	 0.007035 	 0.072777 	 0.154423
   39 	 0.006734 	 0.074497 	 0.153731
   40 	 0.008047 	 0.081600 	 0.163739
   41 	 0.007102 	 0.077861 	 0.162036
   42 	 0.006431 	 0.080640 	 0.159402
   43 	 0.007047 	 0.084008 	 0.174563
   44 	 0.006877 	 0.083864 	 0.177618
   45 	 0.007006 	 0.080417 	 0.179262
   46 	 0.006441 	 0.077740 	 0.190864
   47 	 0.006397 	 0.083245 	 0.230798
   48 	 0.012711 	 0.089639 	 0.230798
   49 	 0.005167 	 0.087901 	 0.240592
   50 	 0.007168 	 0.089589 	 0.239163
   51 	 0.006593 	 0.087627 	 0.250133
   52 	 0.008441 	 0.094198 	 0.285024
   53 	 0.008413 	 0.099311 	 0.223469
   54 	 0.006398 	 0.099114 	 0.211565
   55 	 0.006832 	 0.097185 	 0.259762
   56 	 0.006781 	 0.101784 	 0.245754
   57 	 0.006560 	 0.098469 	 0.250591
   58 	 0.006833 	 0.104822 	 0.263959
   59 	 0.007152 	 0.108910 	 0.265803
   60 	 0.007071 	 0.110900 	 0.251276
   61 	 0.009021 	 0.113236 	 0.271350
   62 	 0.006834 	 0.114359 	 0.317039
   63 	 0.006662 	 0.111078 	 0.334932
   64 	 0.007663 	 0.117983 	 0.280664
   65 	 0.007129 	 0.129364 	 0.330053
   66 	 0.006678 	 0.133792 	 0.308729
   67 	 0.006868 	 0.141668 	 0.270802
   68 	 0.006762 	 0.145958 	 0.320153
   69 	 0.007845 	 0.139213 	 0.306324
   70 	 0.006463 	 0.147152 	 0.325334
   71 	 0.009790 	 0.153815 	 0.322032
   72 	 0.005822 	 0.153466 	 0.315559
   73 	 0.009038 	 0.159109 	 0.341259
   74 	 0.006667 	 0.151353 	 0.341259
   75 	 0.004467 	 0.155526 	 0.357057
   76 	 0.009017 	 0.175307 	 0.333154
   77 	 0.006990 	 0.178515 	 0.334404
   78 	 0.006944 	 0.171111 	 0.319734
   79 	 0.007089 	 0.167479 	 0.329270
   80 	 0.006890 	 0.169332 	 0.339168
   81 	 0.007028 	 0.170471 	 0.342722
   82 	 0.006909 	 0.177237 	 0.342852
   83 	 0.007418 	 0.184365 	 0.356160
   84 	 0.006371 	 0.184913 	 0.375822
   85 	 0.006911 	 0.177987 	 0.367954
   86 	 0.006642 	 0.188729 	 0.365725
   87 	 0.006913 	 0.190796 	 0.357656
   88 	 0.006997 	 0.201248 	 0.352968
   89 	 0.006632 	 0.198579 	 0.354638
   90 	 0.006931 	 0.199706 	 0.352299
   91 	 0.007082 	 0.188443 	 0.344216
   92 	 0.009578 	 0.202887 	 0.381980
   93 	 0.006757 	 0.197051 	 0.381980
   94 	 0.006731 	 0.193522 	 0.390870
   95 	 0.006915 	 0.196508 	 0.390151
   96 	 0.009315 	 0.207968 	 0.390193
   97 	 0.006238 	 0.187354 	 0.390217
   98 	 0.006890 	 0.205914 	 0.390217
   99 	 0.009398 	 0.205621 	 0.394253
  100 	 0.008926 	 0.212952 	 0.396176
  101 	 0.006866 	 0.210050 	 0.397907
  102 	 0.006866 	 0.218310 	 0.381036
  103 	 0.006911 	 0.211392 	 0.406298
  104 	 0.006152 	 0.201954 	 0.396928
  105 	 0.006894 	 0.198670 	 0.373692
  106 	 0.006693 	 0.197574 	 0.414635
  107 	 0.007962 	 0.201646 	 0.407499
  108 	 0.006907 	 0.207532 	 0.437848
  109 	 0.006880 	 0.208082 	 0.437848
  110 	 0.006842 	 0.204065 	 0.437848
  111 	 0.006536 	 0.199460 	 0.428879
  112 	 0.004426 	 0.186447 	 0.383855
  113 	 0.007008 	 0.192682 	 0.394152
  114 	 0.006769 	 0.195090 	 0.380673
  115 	 0.006867 	 0.193475 	 0.373648
  116 	 0.007012 	 0.190538 	 0.374184
  117 	 0.007091 	 0.188150 	 0.388653
  118 	 0.007054 	 0.188487 	 0.382767
  119 	 0.006945 	 0.197986 	 0.386963
  120 	 0.006217 	 0.180821 	 0.367669
  121 	 0.006383 	 0.192502 	 0.386672
  122 	 0.008180 	 0.193570 	 0.386672
  123 	 0.007341 	 0.204542 	 0.390902
  124 	 0.008747 	 0.204188 	 0.390902
  125 	 0.009449 	 0.212438 	 0.392678
  126 	 0.006829 	 0.211782 	 0.400799
  127 	 0.006498 	 0.214935 	 0.396966
  128 	 0.010181 	 0.223294 	 0.403935
  129 	 0.006919 	 0.221097 	 0.410454
  130 	 0.008943 	 0.214255 	 0.410454
  131 	 0.006831 	 0.212617 	 0.415269
  132 	 0.006919 	 0.209417 	 0.396793
  133 	 0.006968 	 0.218787 	 0.400754
  134 	 0.006817 	 0.217565 	 0.403667
  135 	 0.006939 	 0.219172 	 0.411332
  136 	 0.006955 	 0.192471 	 0.401567
  137 	 0.006795 	 0.210378 	 0.403251
  138 	 0.006767 	 0.204458 	 0.425011
  139 	 0.007513 	 0.212278 	 0.407457
  140 	 0.007099 	 0.215690 	 0.414200
  141 	 0.006884 	 0.231346 	 0.411514
  142 	 0.005839 	 0.230280 	 0.417616
  143 	 0.006926 	 0.218145 	 0.416515
  144 	 0.006890 	 0.226577 	 0.411535
  145 	 0.006610 	 0.223819 	 0.419180
  146 	 0.006588 	 0.220247 	 0.421437
  147 	 0.006776 	 0.217951 	 0.420304
  148 	 0.006960 	 0.216852 	 0.420304
  149 	 0.007042 	 0.214576 	 0.413584
  150 	 0.008827 	 0.208629 	 0.412847
  151 	 0.005547 	 0.195263 	 0.412411
  152 	 0.007502 	 0.208955 	 0.432697
  153 	 0.006743 	 0.207231 	 0.418230
  154 	 0.008926 	 0.201070 	 0.411443
  155 	 0.006306 	 0.201752 	 0.411443
  156 	 0.004352 	 0.204283 	 0.416838
  157 	 0.006876 	 0.199036 	 0.416838
  158 	 0.006929 	 0.214401 	 0.419665
  159 	 0.007004 	 0.225933 	 0.417579
  160 	 0.007005 	 0.211266 	 0.417478
  161 	 0.006102 	 0.219098 	 0.421281
  162 	 0.006988 	 0.219809 	 0.418867
  163 	 0.006854 	 0.220695 	 0.416940
  164 	 0.006967 	 0.222996 	 0.415800
  165 	 0.005081 	 0.213221 	 0.412539
  166 	 0.007141 	 0.202397 	 0.403931
  167 	 0.005370 	 0.184015 	 0.419015
  168 	 0.006624 	 0.200356 	 0.413614
  169 	 0.006914 	 0.218416 	 0.408120
  170 	 0.007122 	 0.212189 	 0.422758
  171 	 0.006960 	 0.237079 	 0.422758
  172 	 0.006751 	 0.210049 	 0.423736
  173 	 0.006069 	 0.221684 	 0.409218
  174 	 0.006958 	 0.234984 	 0.416708
  175 	 0.010059 	 0.218174 	 0.416708
  176 	 0.009237 	 0.220275 	 0.423126
  177 	 0.006965 	 0.224018 	 0.424510
  178 	 0.006881 	 0.222049 	 0.427897
  179 	 0.006876 	 0.208315 	 0.415761
  180 	 0.006901 	 0.204728 	 0.416909
  181 	 0.008951 	 0.198790 	 0.416613
  182 	 0.005739 	 0.204175 	 0.423396
  183 	 0.006886 	 0.219645 	 0.420955
  184 	 0.006903 	 0.221264 	 0.418580
  185 	 0.009254 	 0.229600 	 0.418506
  186 	 0.008943 	 0.227629 	 0.421337
  187 	 0.006890 	 0.220649 	 0.421337
  188 	 0.006975 	 0.224565 	 0.425878
  189 	 0.006946 	 0.204885 	 0.416844
  190 	 0.006918 	 0.215561 	 0.420481
  191 	 0.006515 	 0.205930 	 0.420481
  192 	 0.006893 	 0.210363 	 0.411463
  193 	 0.009817 	 0.219816 	 0.424609
  194 	 0.008987 	 0.214198 	 0.424609
  195 	 0.006489 	 0.218697 	 0.424609
  196 	 0.006946 	 0.218292 	 0.418670
  197 	 0.006632 	 0.214571 	 0.419948
  198 	 0.008583 	 0.215598 	 0.420166
  199 	 0.007310 	 0.217788 	 0.418676
  200 	 0.009202 	 0.236026 	 0.410963
  201 	 0.006691 	 0.224955 	 0.414937
  202 	 0.003710 	 0.223939 	 0.422215
  203 	 0.006950 	 0.225383 	 0.422368
  204 	 0.006904 	 0.235756 	 0.422215
  205 	 0.006817 	 0.224934 	 0.420564
  206 	 0.007017 	 0.213928 	 0.428928
  207 	 0.008578 	 0.219949 	 0.431333
  208 	 0.006954 	 0.210348 	 0.422616
  209 	 0.006851 	 0.205347 	 0.422616
  210 	 0.006925 	 0.222183 	 0.412221
  211 	 0.006899 	 0.219676 	 0.433613
  212 	 0.007110 	 0.226014 	 0.425114
  213 	 0.006900 	 0.223177 	 0.416154
  214 	 0.009272 	 0.221071 	 0.419447
  215 	 0.006727 	 0.221369 	 0.421369
  216 	 0.006783 	 0.216463 	 0.423796
  217 	 0.007143 	 0.201779 	 0.419036
  218 	 0.006879 	 0.208068 	 0.420711
  219 	 0.006493 	 0.205373 	 0.422899
  220 	 0.006551 	 0.211408 	 0.423034
  221 	 0.006725 	 0.196427 	 0.416827
  222 	 0.006626 	 0.210192 	 0.423411
  223 	 0.009498 	 0.212312 	 0.423411
  224 	 0.006687 	 0.215257 	 0.420911
  225 	 0.006916 	 0.215547 	 0.411238
  226 	 0.008846 	 0.205097 	 0.411679
  227 	 0.006912 	 0.191930 	 0.419488
  228 	 0.006895 	 0.196784 	 0.414715
  229 	 0.007093 	 0.195321 	 0.419263
  230 	 0.006794 	 0.190274 	 0.419263
  231 	 0.006659 	 0.190132 	 0.422803
  232 	 0.006931 	 0.184430 	 0.422171
  233 	 0.006826 	 0.197376 	 0.422171
  234 	 0.006699 	 0.219415 	 0.420347
  235 	 0.007001 	 0.207056 	 0.419705
  236 	 0.007012 	 0.195811 	 0.415360
  237 	 0.006959 	 0.196747 	 0.415890
  238 	 0.006457 	 0.186585 	 0.417232
  239 	 0.006457 	 0.194268 	 0.420821
  240 	 0.006923 	 0.192954 	 0.419386
  241 	 0.006960 	 0.194942 	 0.420010
  242 	 0.006813 	 0.195196 	 0.411561
  243 	 0.005890 	 0.197021 	 0.424489
  244 	 0.007008 	 0.197997 	 0.411703
  245 	 0.005688 	 0.200174 	 0.414980
  246 	 0.005794 	 0.205836 	 0.414962
  247 	 0.006936 	 0.221913 	 0.415843
  248 	 0.006917 	 0.214522 	 0.416436
  249 	 0.006876 	 0.212678 	 0.412700
  250 	 0.009342 	 0.221383 	 0.414355
  251 	 0.005552 	 0.218778 	 0.413958
  252 	 0.007101 	 0.221649 	 0.413352
  253 	 0.006844 	 0.211916 	 0.419156
  254 	 0.009361 	 0.215831 	 0.411333
  255 	 0.006960 	 0.220173 	 0.410116
  256 	 0.006858 	 0.227761 	 0.411790
  257 	 0.006670 	 0.219391 	 0.411790
  258 	 0.006753 	 0.220531 	 0.404482
  259 	 0.006889 	 0.223566 	 0.413299
  260 	 0.006929 	 0.211368 	 0.412327
  261 	 0.007001 	 0.222687 	 0.412185
  262 	 0.006955 	 0.229244 	 0.417188
  263 	 0.006920 	 0.208210 	 0.416022
  264 	 0.007031 	 0.232689 	 0.400289
  265 	 0.006925 	 0.219012 	 0.410020
  266 	 0.006971 	 0.214954 	 0.409991
  267 	 0.006913 	 0.214023 	 0.412519
  268 	 0.006955 	 0.220297 	 0.413573
  269 	 0.006554 	 0.216904 	 0.401878
  270 	 0.009147 	 0.228526 	 0.401878
  271 	 0.006888 	 0.218486 	 0.398872
  272 	 0.006823 	 0.205896 	 0.408069
  273 	 0.006666 	 0.200863 	 0.406678
  274 	 0.006882 	 0.200559 	 0.400914
  275 	 0.006910 	 0.191525 	 0.410189
  276 	 0.006775 	 0.194453 	 0.410189
  277 	 0.006037 	 0.216442 	 0.410372
  278 	 0.009936 	 0.220213 	 0.424974
  279 	 0.007022 	 0.230214 	 0.404904
  280 	 0.006610 	 0.236973 	 0.418915
  281 	 0.006965 	 0.236615 	 0.417820
  282 	 0.006910 	 0.246067 	 0.421401
  283 	 0.007025 	 0.242507 	 0.423449
  284 	 0.008756 	 0.251181 	 0.428627
  285 	 0.006943 	 0.236319 	 0.417512
  286 	 0.009438 	 0.235788 	 0.417986
  287 	 0.006912 	 0.228709 	 0.425536
  288 	 0.006779 	 0.228049 	 0.417332
  289 	 0.006897 	 0.225148 	 0.420657
  290 	 0.006853 	 0.226034 	 0.424856
  291 	 0.006665 	 0.232966 	 0.428494
  292 	 0.006859 	 0.226609 	 0.427505
  293 	 0.006936 	 0.249621 	 0.423445
  294 	 0.008971 	 0.266462 	 0.432709
  295 	 0.007895 	 0.251426 	 0.432709
  296 	 0.005520 	 0.240049 	 0.428526
  297 	 0.006525 	 0.247647 	 0.431311
  298 	 0.008495 	 0.251246 	 0.430447
  299 	 0.004479 	 0.233225 	 0.430447
  300 	 0.006480 	 0.227695 	 0.417256
  301 	 0.005480 	 0.252603 	 0.423026
  302 	 0.006901 	 0.224072 	 0.416588
  303 	 0.006454 	 0.226695 	 0.409128
  304 	 0.006875 	 0.224638 	 0.420436
  305 	 0.006909 	 0.219149 	 0.421684
  306 	 0.006853 	 0.206898 	 0.423830
  307 	 0.006904 	 0.208750 	 0.422191
  308 	 0.003995 	 0.218391 	 0.422191
  309 	 0.005475 	 0.209800 	 0.416715
  310 	 0.005371 	 0.206605 	 0.424240
  311 	 0.005521 	 0.201393 	 0.424240
  312 	 0.006679 	 0.214445 	 0.414791
  313 	 0.006991 	 0.214249 	 0.416110
  314 	 0.006991 	 0.203828 	 0.415352
  315 	 0.006933 	 0.210091 	 0.413081
  316 	 0.006906 	 0.219806 	 0.415684
  317 	 0.005535 	 0.197516 	 0.413382
  318 	 0.006706 	 0.218090 	 0.417105
  319 	 0.006935 	 0.219546 	 0.419206
  320 	 0.006516 	 0.211699 	 0.419206
  321 	 0.006874 	 0.221080 	 0.417108
  322 	 0.006953 	 0.220363 	 0.424401
  323 	 0.008922 	 0.215834 	 0.424401
  324 	 0.006737 	 0.220090 	 0.424401
  325 	 0.005434 	 0.211791 	 0.424401
  326 	 0.006952 	 0.212672 	 0.417231
  327 	 0.005356 	 0.197599 	 0.415364
  328 	 0.006582 	 0.205093 	 0.414064
  329 	 0.006539 	 0.197018 	 0.406706
  330 	 0.006967 	 0.205346 	 0.405044
  331 	 0.009495 	 0.204166 	 0.408514
  332 	 0.006986 	 0.201288 	 0.406557
  333 	 0.006545 	 0.217255 	 0.427505
  334 	 0.005407 	 0.223499 	 0.432227
  335 	 0.005407 	 0.220880 	 0.424733
  336 	 0.006741 	 0.220906 	 0.427126
  337 	 0.006835 	 0.212075 	 0.414083
  338 	 0.006941 	 0.202334 	 0.414717
  339 	 0.006945 	 0.194611 	 0.407433
  340 	 0.006720 	 0.204734 	 0.421823
  341 	 0.006860 	 0.202043 	 0.416638
  342 	 0.006871 	 0.206565 	 0.416021
  343 	 0.006896 	 0.200337 	 0.416021
  344 	 0.006113 	 0.211790 	 0.408761
  345 	 0.006914 	 0.216948 	 0.415856
  346 	 0.006787 	 0.221744 	 0.426798
  347 	 0.006909 	 0.219341 	 0.413091
  348 	 0.006897 	 0.216264 	 0.413565
  349 	 0.006863 	 0.213516 	 0.412587
  350 	 0.006899 	 0.218843 	 0.417970
  351 	 0.006912 	 0.227974 	 0.419307
  352 	 0.007318 	 0.208194 	 0.421545
  353 	 0.006954 	 0.217124 	 0.414906
  354 	 0.006914 	 0.199465 	 0.414906
  355 	 0.006794 	 0.195209 	 0.416625
  356 	 0.008576 	 0.196287 	 0.418194
  357 	 0.006741 	 0.201110 	 0.413232
  358 	 0.006906 	 0.205753 	 0.414931
  359 	 0.006883 	 0.204303 	 0.414524
  360 	 0.007090 	 0.206122 	 0.403476
  361 	 0.009486 	 0.214846 	 0.411361
  362 	 0.006923 	 0.222068 	 0.412727
  363 	 0.006757 	 0.222700 	 0.413852
  364 	 0.006889 	 0.211178 	 0.421022
  365 	 0.006897 	 0.226851 	 0.416373
  366 	 0.008165 	 0.233932 	 0.423509
  367 	 0.006931 	 0.240156 	 0.423509
  368 	 0.006960 	 0.219450 	 0.423509
  369 	 0.006799 	 0.216301 	 0.417214
  370 	 0.006458 	 0.227149 	 0.421478
  371 	 0.006611 	 0.214534 	 0.420522
  372 	 0.007148 	 0.220726 	 0.414005
  373 	 0.006938 	 0.220236 	 0.421769
  374 	 0.006737 	 0.218460 	 0.419609
  375 	 0.006836 	 0.202678 	 0.408590
  376 	 0.005410 	 0.207855 	 0.406769
  377 	 0.009313 	 0.209750 	 0.409361
  378 	 0.006103 	 0.209302 	 0.422201
  379 	 0.006653 	 0.204912 	 0.423068
  380 	 0.009341 	 0.231337 	 0.418706
  381 	 0.006871 	 0.217488 	 0.416886
  382 	 0.004403 	 0.214744 	 0.413872
  383 	 0.006917 	 0.204260 	 0.427652
  384 	 0.008020 	 0.195593 	 0.420710
  385 	 0.007130 	 0.202274 	 0.419982
  386 	 0.007116 	 0.201476 	 0.412902
  387 	 0.006890 	 0.223282 	 0.414627
  388 	 0.006517 	 0.239228 	 0.419001
  389 	 0.006952 	 0.212552 	 0.420334
  390 	 0.006900 	 0.190343 	 0.404852
  391 	 0.006898 	 0.195745 	 0.410285
  392 	 0.006923 	 0.189840 	 0.426781
  393 	 0.006905 	 0.199910 	 0.411478
  394 	 0.006952 	 0.209266 	 0.418290
  395 	 0.009386 	 0.213937 	 0.418290
  396 	 0.008759 	 0.223091 	 0.418290
  397 	 0.006887 	 0.221097 	 0.417726
  398 	 0.006840 	 0.228107 	 0.416063
  399 	 0.005559 	 0.217751 	 0.414173
  400 	 0.006495 	 0.216364 	 0.414173
  401 	 0.009227 	 0.225587 	 0.418130
  402 	 0.006921 	 0.228665 	 0.415562
  403 	 0.006902 	 0.219560 	 0.411671
  404 	 0.005513 	 0.223198 	 0.397393
  405 	 0.006852 	 0.225414 	 0.425442
  406 	 0.006721 	 0.235125 	 0.421899
  407 	 0.007012 	 0.224318 	 0.428417
  408 	 0.006984 	 0.231221 	 0.428366
  409 	 0.006887 	 0.236175 	 0.428659
  410 	 0.004487 	 0.216132 	 0.425737
  411 	 0.006617 	 0.206049 	 0.420373
  412 	 0.006795 	 0.203405 	 0.423050
  413 	 0.007253 	 0.230798 	 0.415231
  414 	 0.009241 	 0.207639 	 0.413538
  415 	 0.006920 	 0.200390 	 0.422626
  416 	 0.006946 	 0.207786 	 0.426922
  417 	 0.006665 	 0.210584 	 0.433151
  418 	 0.006948 	 0.206453 	 0.430333
  419 	 0.006173 	 0.205862 	 0.427039
  420 	 0.007850 	 0.211396 	 0.430653
  421 	 0.009322 	 0.213395 	 0.431977
  422 	 0.006579 	 0.215358 	 0.433540
  423 	 0.007001 	 0.211485 	 0.433856
  424 	 0.006902 	 0.215335 	 0.433856
  425 	 0.009337 	 0.207728 	 0.435368
  426 	 0.006923 	 0.200096 	 0.426682
  427 	 0.006922 	 0.212619 	 0.414260
  428 	 0.009171 	 0.197017 	 0.418619
  429 	 0.009335 	 0.201906 	 0.421465
  430 	 0.009326 	 0.207498 	 0.421465
  431 	 0.007041 	 0.190221 	 0.423190
  432 	 0.006834 	 0.196821 	 0.425098
  433 	 0.006978 	 0.208896 	 0.425440
  434 	 0.006843 	 0.202805 	 0.425440
  435 	 0.006913 	 0.203670 	 0.424095
  436 	 0.006955 	 0.224228 	 0.420504
  437 	 0.006802 	 0.223904 	 0.421892
  438 	 0.006794 	 0.226369 	 0.424250
  439 	 0.009436 	 0.220304 	 0.424250
  440 	 0.006958 	 0.214943 	 0.418044
  441 	 0.005359 	 0.219751 	 0.417699
  442 	 0.006654 	 0.228930 	 0.418611
  443 	 0.006850 	 0.232778 	 0.418611
  444 	 0.006940 	 0.221678 	 0.412936
  445 	 0.006380 	 0.229742 	 0.417728
  446 	 0.006668 	 0.233390 	 0.427753
  447 	 0.006599 	 0.216507 	 0.427753
  448 	 0.007023 	 0.210210 	 0.426028
  449 	 0.006966 	 0.207216 	 0.426835
  450 	 0.006893 	 0.213186 	 0.425840
  451 	 0.006948 	 0.204450 	 0.425840
  452 	 0.006791 	 0.208032 	 0.420391
  453 	 0.006621 	 0.210416 	 0.424586
  454 	 0.006931 	 0.213752 	 0.432186
  455 	 0.005991 	 0.226145 	 0.430796
  456 	 0.006745 	 0.228082 	 0.430742
  457 	 0.007211 	 0.225185 	 0.427906
  458 	 0.008793 	 0.228513 	 0.427906
  459 	 0.006559 	 0.248650 	 0.428380
  460 	 0.006844 	 0.226007 	 0.419822
  461 	 0.006780 	 0.224353 	 0.421410
  462 	 0.006772 	 0.230874 	 0.426359
  463 	 0.006971 	 0.237381 	 0.425376
  464 	 0.006938 	 0.226474 	 0.427053
  465 	 0.007008 	 0.243547 	 0.432843
  466 	 0.009874 	 0.244905 	 0.426597
  467 	 0.006620 	 0.223914 	 0.429647
  468 	 0.006633 	 0.238559 	 0.433263
  469 	 0.007743 	 0.215926 	 0.433084
  470 	 0.006939 	 0.227622 	 0.434086
  471 	 0.005585 	 0.212714 	 0.432747
  472 	 0.006941 	 0.234832 	 0.425875
  473 	 0.006898 	 0.235049 	 0.431156
  474 	 0.006768 	 0.214781 	 0.431071
  475 	 0.009288 	 0.208439 	 0.431192
  476 	 0.006931 	 0.210730 	 0.425198
  477 	 0.006897 	 0.196190 	 0.419195
  478 	 0.006889 	 0.200976 	 0.415063
  479 	 0.006760 	 0.200128 	 0.410724
  480 	 0.009158 	 0.205842 	 0.428077
  481 	 0.005933 	 0.202912 	 0.429667
  482 	 0.007200 	 0.211528 	 0.428611
  483 	 0.008199 	 0.203218 	 0.428611
  484 	 0.006923 	 0.205528 	 0.428611
  485 	 0.006834 	 0.207085 	 0.434111
  486 	 0.006812 	 0.217864 	 0.433784
  487 	 0.005429 	 0.211276 	 0.433784
  488 	 0.009276 	 0.199427 	 0.418290
  489 	 0.006910 	 0.191047 	 0.418290
  490 	 0.006696 	 0.203951 	 0.418290
  491 	 0.006687 	 0.202606 	 0.429813
  492 	 0.006792 	 0.213837 	 0.433618
  493 	 0.006525 	 0.205942 	 0.430417
  494 	 0.006950 	 0.205441 	 0.422018
  495 	 0.006399 	 0.206507 	 0.429000
  496 	 0.006935 	 0.204939 	 0.421854
  497 	 0.006220 	 0.211358 	 0.429798
  498 	 0.006931 	 0.194606 	 0.420326
  499 	 0.006546 	 0.199478 	 0.427826
 