   0 	 0.003331 	 0.011473 	 0.040072
    1 	 0.003334 	 0.013173 	 0.039189
    2 	 0.004718 	 0.014751 	 0.060580
    3 	 0.005693 	 0.017290 	 0.094156
    4 	 0.005144 	 0.020022 	 0.094842
    5 	 0.006248 	 0.023088 	 0.093785
    6 	 0.005111 	 0.025257 	 0.110560
    7 	 0.007097 	 0.028292 	 0.110560
    8 	 0.007219 	 0.034160 	 0.149299
    9 	 0.006266 	 0.035576 	 0.149299
   10 	 0.007261 	 0.040822 	 0.153207
   11 	 0.006124 	 0.044242 	 0.202251
   12 	 0.005706 	 0.046334 	 0.214960
   13 	 0.010427 	 0.049531 	 0.208588
   14 	 0.007027 	 0.056916 	 0.169368
   15 	 0.005134 	 0.058549 	 0.177483
   16 	 0.007551 	 0.063258 	 0.158943
   17 	 0.006814 	 0.063986 	 0.154190
   18 	 0.007023 	 0.063650 	 0.162644
   19 	 0.006647 	 0.068490 	 0.167257
   20 	 0.007711 	 0.068543 	 0.154010
   21 	 0.005276 	 0.065563 	 0.172743
   22 	 0.008252 	 0.067869 	 0.199222
   23 	 0.006655 	 0.068474 	 0.167427
   24 	 0.006515 	 0.074706 	 0.207367
   25 	 0.006658 	 0.077010 	 0.220204
   26 	 0.005641 	 0.077144 	 0.214682
   27 	 0.009061 	 0.087275 	 0.242812
   28 	 0.005402 	 0.088466 	 0.253010
   29 	 0.004736 	 0.084130 	 0.301931
   30 	 0.006499 	 0.086324 	 0.277602
   31 	 0.006849 	 0.089146 	 0.216520
   32 	 0.006769 	 0.095299 	 0.225696
   33 	 0.006482 	 0.102826 	 0.288471
   34 	 0.004514 	 0.104354 	 0.261657
   35 	 0.006915 	 0.111880 	 0.266530
   36 	 0.006438 	 0.110401 	 0.268133
   37 	 0.009301 	 0.113007 	 0.263765
   38 	 0.007158 	 0.117748 	 0.391891
   39 	 0.008015 	 0.120221 	 0.303747
   40 	 0.006539 	 0.127393 	 0.305442
   41 	 0.007433 	 0.132126 	 0.305442
   42 	 0.006762 	 0.141513 	 0.346788
   43 	 0.006872 	 0.144786 	 0.371701
   44 	 0.006661 	 0.146859 	 0.393741
   45 	 0.006993 	 0.143397 	 0.391710
   46 	 0.006895 	 0.139754 	 0.393741
   47 	 0.007054 	 0.139513 	 0.393589
   48 	 0.007128 	 0.150389 	 0.369773
   49 	 0.006817 	 0.146885 	 0.395445
   50 	 0.006972 	 0.148630 	 0.346207
   51 	 0.005014 	 0.156499 	 0.365381
   52 	 0.005008 	 0.151870 	 0.418432
   53 	 0.009288 	 0.153717 	 0.425959
   54 	 0.006818 	 0.157942 	 0.424563
   55 	 0.006779 	 0.169043 	 0.380537
   56 	 0.007360 	 0.161030 	 0.379789
   57 	 0.007024 	 0.155957 	 0.383165
   58 	 0.006278 	 0.159653 	 0.379333
   59 	 0.006489 	 0.164591 	 0.387111
   60 	 0.007030 	 0.173026 	 0.386493
   61 	 0.005389 	 0.165528 	 0.393610
   62 	 0.006797 	 0.176609 	 0.395943
   63 	 0.006797 	 0.174862 	 0.401681
   64 	 0.006403 	 0.168125 	 0.393721
   65 	 0.005875 	 0.173836 	 0.423774
   66 	 0.007798 	 0.194588 	 0.427367
   67 	 0.006538 	 0.185663 	 0.433416
   68 	 0.006974 	 0.204058 	 0.433416
   69 	 0.009073 	 0.211821 	 0.428407
   70 	 0.006550 	 0.210267 	 0.416371
   71 	 0.006807 	 0.199926 	 0.404395
   72 	 0.007033 	 0.208102 	 0.418833
   73 	 0.006940 	 0.201466 	 0.425303
   74 	 0.006796 	 0.203009 	 0.434865
   75 	 0.006876 	 0.215307 	 0.418076
   76 	 0.006084 	 0.224988 	 0.422253
   77 	 0.006913 	 0.217918 	 0.437709
   78 	 0.006828 	 0.217483 	 0.438802
   79 	 0.006844 	 0.200149 	 0.431614
   80 	 0.007155 	 0.208623 	 0.441668
   81 	 0.006554 	 0.216359 	 0.446028
   82 	 0.006879 	 0.224438 	 0.469438
   83 	 0.008798 	 0.220293 	 0.438790
   84 	 0.006714 	 0.225080 	 0.453470
   85 	 0.006749 	 0.224791 	 0.448538
   86 	 0.006584 	 0.248211 	 0.443456
   87 	 0.006786 	 0.232330 	 0.435397
   88 	 0.007000 	 0.232868 	 0.439846
   89 	 0.009035 	 0.252114 	 0.442807
   90 	 0.006879 	 0.229558 	 0.442271
   91 	 0.007459 	 0.221763 	 0.440608
   92 	 0.005429 	 0.221769 	 0.440608
   93 	 0.005430 	 0.213288 	 0.467953
   94 	 0.006214 	 0.204505 	 0.477966
   95 	 0.006949 	 0.210101 	 0.460103
   96 	 0.006513 	 0.219737 	 0.462907
   97 	 0.006641 	 0.225868 	 0.455531
   98 	 0.006876 	 0.218255 	 0.447707
   99 	 0.006474 	 0.204093 	 0.447707
  100 	 0.006975 	 0.218078 	 0.457584
  101 	 0.004466 	 0.212928 	 0.459487
  102 	 0.006315 	 0.216950 	 0.460852
  103 	 0.005334 	 0.197184 	 0.460852
  104 	 0.006652 	 0.197601 	 0.483587
  105 	 0.007159 	 0.208070 	 0.462757
  106 	 0.006407 	 0.216543 	 0.462816
  107 	 0.006824 	 0.222886 	 0.435729
  108 	 0.009410 	 0.212905 	 0.450406
  109 	 0.007109 	 0.218246 	 0.453376
  110 	 0.006788 	 0.222298 	 0.455931
  111 	 0.006895 	 0.234940 	 0.455931
  112 	 0.006911 	 0.246625 	 0.466324
  113 	 0.005350 	 0.232787 	 0.471949
  114 	 0.006580 	 0.235325 	 0.460188
  115 	 0.008903 	 0.240858 	 0.463712
  116 	 0.008127 	 0.256682 	 0.485462
  117 	 0.006618 	 0.235386 	 0.490749
  118 	 0.006664 	 0.233597 	 0.470490
  119 	 0.009429 	 0.236880 	 0.457520
  120 	 0.009372 	 0.237029 	 0.472486
  121 	 0.006141 	 0.226595 	 0.472486
  122 	 0.009557 	 0.259824 	 0.470890
  123 	 0.006886 	 0.250437 	 0.481821
  124 	 0.006938 	 0.243517 	 0.481889
  125 	 0.006372 	 0.235937 	 0.482070
  126 	 0.006788 	 0.257378 	 0.479801
  127 	 0.006979 	 0.249680 	 0.481531
  128 	 0.009237 	 0.239421 	 0.481482
  129 	 0.005558 	 0.220676 	 0.475176
  130 	 0.008857 	 0.248400 	 0.475076
  131 	 0.006372 	 0.237770 	 0.484877
  132 	 0.005498 	 0.246703 	 0.464228
  133 	 0.006462 	 0.237747 	 0.482216
  134 	 0.006951 	 0.240569 	 0.483882
  135 	 0.006722 	 0.226007 	 0.463780
  136 	 0.006393 	 0.216838 	 0.455592
  137 	 0.007120 	 0.230430 	 0.461653
  138 	 0.006923 	 0.228974 	 0.461653
  139 	 0.009569 	 0.233477 	 0.474072
  140 	 0.006648 	 0.226753 	 0.472863
  141 	 0.006717 	 0.209127 	 0.473300
  142 	 0.006228 	 0.227707 	 0.465961
  143 	 0.005859 	 0.231775 	 0.466916
  144 	 0.006889 	 0.233048 	 0.473500
  145 	 0.006495 	 0.233153 	 0.463579
  146 	 0.005996 	 0.248439 	 0.471635
  147 	 0.005996 	 0.233564 	 0.472876
  148 	 0.006963 	 0.235276 	 0.474247
  149 	 0.006862 	 0.219450 	 0.461878
  150 	 0.009571 	 0.209010 	 0.464536
  151 	 0.009255 	 0.219635 	 0.467067
  152 	 0.006863 	 0.223496 	 0.467025
  153 	 0.006362 	 0.226034 	 0.460067
  154 	 0.006818 	 0.206667 	 0.463938
  155 	 0.006639 	 0.208204 	 0.466931
  156 	 0.007622 	 0.223565 	 0.470903
  157 	 0.006597 	 0.230810 	 0.463245
  158 	 0.006840 	 0.226783 	 0.463245
  159 	 0.009043 	 0.231735 	 0.465610
  160 	 0.009543 	 0.246248 	 0.454256
  161 	 0.006475 	 0.224290 	 0.474519
  162 	 0.006457 	 0.216233 	 0.466980
  163 	 0.006457 	 0.212527 	 0.483403
  164 	 0.006923 	 0.206622 	 0.462131
  165 	 0.006139 	 0.205391 	 0.483136
  166 	 0.009229 	 0.215749 	 0.482846
  167 	 0.006968 	 0.248720 	 0.491064
  168 	 0.006941 	 0.246102 	 0.463692
  169 	 0.007032 	 0.245654 	 0.464135
  170 	 0.006893 	 0.223084 	 0.455130
  171 	 0.006852 	 0.237628 	 0.457246
  172 	 0.006902 	 0.240290 	 0.454871
  173 	 0.006431 	 0.233078 	 0.466986
  174 	 0.006431 	 0.217545 	 0.463072
  175 	 0.006927 	 0.245720 	 0.467261
  176 	 0.006809 	 0.235305 	 0.462030
  177 	 0.006841 	 0.244014 	 0.454590
  178 	 0.008570 	 0.238183 	 0.468138
  179 	 0.006516 	 0.232102 	 0.482359
  180 	 0.006533 	 0.215629 	 0.482359
  181 	 0.006929 	 0.207262 	 0.467038
  182 	 0.006838 	 0.207080 	 0.467038
  183 	 0.006805 	 0.201285 	 0.466061
  184 	 0.004389 	 0.202814 	 0.468690
  185 	 0.007100 	 0.208826 	 0.469166
  186 	 0.006897 	 0.210520 	 0.467827
  187 	 0.005322 	 0.218715 	 0.469564
  188 	 0.006143 	 0.214032 	 0.477980
  189 	 0.006942 	 0.207436 	 0.476654
  190 	 0.006751 	 0.220168 	 0.482847
  191 	 0.006819 	 0.224956 	 0.482847
  192 	 0.007233 	 0.239609 	 0.485140
  193 	 0.006501 	 0.230740 	 0.485140
  194 	 0.005371 	 0.235826 	 0.482516
  195 	 0.006913 	 0.240158 	 0.484309
  196 	 0.006844 	 0.239276 	 0.477684
  197 	 0.008303 	 0.234824 	 0.477684
  198 	 0.005961 	 0.242459 	 0.490511
  199 	 0.006993 	 0.247562 	 0.489533
  200 	 0.006842 	 0.246244 	 0.482623
  201 	 0.006883 	 0.236925 	 0.478136
  202 	 0.006835 	 0.240409 	 0.473688
  203 	 0.006900 	 0.238221 	 0.475557
  204 	 0.006547 	 0.242962 	 0.486316
  205 	 0.006616 	 0.244471 	 0.484893
  206 	 0.006841 	 0.250700 	 0.482062
  207 	 0.006391 	 0.246718 	 0.482062
  208 	 0.006848 	 0.265689 	 0.486438
  209 	 0.006783 	 0.256714 	 0.492644
  210 	 0.006930 	 0.260930 	 0.469073
  211 	 0.006835 	 0.245951 	 0.475275
  212 	 0.005716 	 0.230321 	 0.465837
  213 	 0.009279 	 0.252308 	 0.469265
  214 	 0.006898 	 0.241836 	 0.468300
  215 	 0.008881 	 0.247134 	 0.481168
  216 	 0.006557 	 0.238094 	 0.462832
  217 	 0.006480 	 0.232968 	 0.487870
  218 	 0.006886 	 0.238085 	 0.489057
  219 	 0.006965 	 0.244241 	 0.489036
  220 	 0.006856 	 0.246833 	 0.467865
  221 	 0.006591 	 0.252473 	 0.498864
  222 	 0.007774 	 0.240302 	 0.498893
  223 	 0.006923 	 0.229267 	 0.498893
  224 	 0.006987 	 0.242159 	 0.486764
  225 	 0.006091 	 0.228408 	 0.475990
  226 	 0.005667 	 0.235915 	 0.487500
  227 	 0.006910 	 0.230729 	 0.490505
  228 	 0.006849 	 0.234053 	 0.490757
  229 	 0.006881 	 0.237980 	 0.490757
  230 	 0.006703 	 0.224066 	 0.475178
  231 	 0.006674 	 0.228198 	 0.507923
  232 	 0.008979 	 0.241920 	 0.497169
  233 	 0.008865 	 0.259190 	 0.472845
  234 	 0.006994 	 0.235731 	 0.506660
  235 	 0.006773 	 0.251639 	 0.474210
  236 	 0.009356 	 0.255258 	 0.474210
  237 	 0.006581 	 0.252705 	 0.477236
  238 	 0.004035 	 0.240015 	 0.478145
  239 	 0.007246 	 0.236969 	 0.503280
  240 	 0.007001 	 0.237143 	 0.500521
  241 	 0.006721 	 0.228333 	 0.503484
  242 	 0.006652 	 0.211014 	 0.503484
  243 	 0.009746 	 0.225506 	 0.504752
  244 	 0.006877 	 0.234265 	 0.502910
  245 	 0.006866 	 0.222078 	 0.504752
  246 	 0.006835 	 0.236786 	 0.494758
  247 	 0.006458 	 0.225415 	 0.501841
  248 	 0.005908 	 0.232328 	 0.501455
  249 	 0.006860 	 0.248403 	 0.503160
  250 	 0.006859 	 0.239198 	 0.487045
  251 	 0.008626 	 0.242062 	 0.483567
  252 	 0.006878 	 0.231850 	 0.486966
  253 	 0.006876 	 0.250070 	 0.493190
  254 	 0.007115 	 0.238866 	 0.494713
  255 	 0.006886 	 0.242878 	 0.493473
  256 	 0.006913 	 0.237293 	 0.483175
  257 	 0.006526 	 0.232479 	 0.496004
  258 	 0.009296 	 0.269464 	 0.496004
  259 	 0.006861 	 0.259450 	 0.496004
  260 	 0.006812 	 0.252528 	 0.479044
  261 	 0.005398 	 0.239612 	 0.487441
  262 	 0.005328 	 0.238364 	 0.486773
  263 	 0.005328 	 0.232968 	 0.486773
  264 	 0.005371 	 0.239285 	 0.490740
  265 	 0.006092 	 0.247263 	 0.487292
  266 	 0.006773 	 0.253922 	 0.490172
  267 	 0.006956 	 0.253932 	 0.493235
  268 	 0.009957 	 0.262982 	 0.502285
  269 	 0.006798 	 0.249232 	 0.502285
  270 	 0.006953 	 0.243545 	 0.486315
  271 	 0.006866 	 0.251666 	 0.490078
  272 	 0.006961 	 0.285137 	 0.500219
  273 	 0.006861 	 0.261556 	 0.509529
  274 	 0.006705 	 0.256151 	 0.501807
  275 	 0.006395 	 0.272932 	 0.507868
  276 	 0.006916 	 0.268625 	 0.495720
  277 	 0.006883 	 0.269301 	 0.495720
  278 	 0.006848 	 0.253150 	 0.495430
  279 	 0.006929 	 0.259204 	 0.486542
  280 	 0.005049 	 0.245674 	 0.478046
  281 	 0.006946 	 0.255886 	 0.487034
  282 	 0.006926 	 0.252240 	 0.487034
  283 	 0.006909 	 0.237385 	 0.491838
  284 	 0.006880 	 0.245465 	 0.492276
  285 	 0.006896 	 0.255136 	 0.492276
  286 	 0.006670 	 0.244569 	 0.492262
  287 	 0.006798 	 0.234955 	 0.499964
  288 	 0.006840 	 0.233184 	 0.484992
  289 	 0.006949 	 0.255202 	 0.484992
  290 	 0.006834 	 0.261275 	 0.507708
  291 	 0.006122 	 0.254399 	 0.489548
  292 	 0.006852 	 0.254805 	 0.489548
  293 	 0.006756 	 0.270058 	 0.491751
  294 	 0.004899 	 0.263832 	 0.504843
  295 	 0.006732 	 0.284888 	 0.495145
  296 	 0.006821 	 0.271873 	 0.502312
  297 	 0.006759 	 0.265007 	 0.501727
  298 	 0.005450 	 0.280724 	 0.500640
  299 	 0.006734 	 0.279101 	 0.500057
  300 	 0.006936 	 0.284807 	 0.502616
  301 	 0.006845 	 0.275903 	 0.505891
  302 	 0.006700 	 0.262283 	 0.512865
  303 	 0.006918 	 0.267120 	 0.501201
  304 	 0.006589 	 0.267686 	 0.506899
  305 	 0.006975 	 0.275096 	 0.506255
  306 	 0.006822 	 0.266754 	 0.507266
  307 	 0.006822 	 0.273089 	 0.511193
  308 	 0.006938 	 0.279034 	 0.510422
  309 	 0.006622 	 0.276399 	 0.500220
  310 	 0.006676 	 0.276680 	 0.497653
  311 	 0.006944 	 0.274903 	 0.499511
  312 	 0.006438 	 0.267153 	 0.508666
  313 	 0.006893 	 0.279232 	 0.498982
  314 	 0.006941 	 0.279810 	 0.498982
  315 	 0.006923 	 0.267470 	 0.498310
  316 	 0.006847 	 0.266675 	 0.503480
  317 	 0.006891 	 0.254975 	 0.500218
  318 	 0.006718 	 0.249167 	 0.503999
  319 	 0.006909 	 0.268023 	 0.497922
  320 	 0.006830 	 0.256963 	 0.498485
  321 	 0.006944 	 0.261802 	 0.494147
  322 	 0.006087 	 0.259827 	 0.486590
  323 	 0.006113 	 0.259771 	 0.482960
  324 	 0.006496 	 0.253003 	 0.497380
  325 	 0.006824 	 0.232706 	 0.499994
  326 	 0.006513 	 0.222189 	 0.497802
  327 	 0.006985 	 0.241046 	 0.501934
  328 	 0.006587 	 0.256211 	 0.505432
  329 	 0.006918 	 0.258877 	 0.511041
  330 	 0.006919 	 0.257644 	 0.511041
  331 	 0.006803 	 0.256195 	 0.511041
  332 	 0.006334 	 0.262038 	 0.511018
  333 	 0.006437 	 0.264044 	 0.498918
  334 	 0.006437 	 0.262688 	 0.500317
  335 	 0.006358 	 0.269441 	 0.491539
  336 	 0.006751 	 0.245959 	 0.499237
  337 	 0.006017 	 0.244624 	 0.487557
  338 	 0.006974 	 0.258641 	 0.488360
  339 	 0.006982 	 0.254060 	 0.482158
  340 	 0.006590 	 0.260026 	 0.485475
  341 	 0.006395 	 0.240101 	 0.483359
  342 	 0.006460 	 0.243750 	 0.490515
  343 	 0.006465 	 0.222929 	 0.497888
  344 	 0.009801 	 0.252298 	 0.497888
  345 	 0.006903 	 0.250068 	 0.495930
  346 	 0.006863 	 0.238088 	 0.494885
  347 	 0.006407 	 0.240031 	 0.495391
  348 	 0.006849 	 0.248948 	 0.478810
  349 	 0.005340 	 0.252711 	 0.478026
  350 	 0.008438 	 0.242115 	 0.478484
  351 	 0.006865 	 0.228190 	 0.485029
  352 	 0.006937 	 0.235493 	 0.485029
  353 	 0.006733 	 0.234101 	 0.473321
  354 	 0.006654 	 0.222790 	 0.468584
  355 	 0.006844 	 0.212412 	 0.498883
  356 	 0.008848 	 0.221839 	 0.498883
  357 	 0.006541 	 0.242535 	 0.497619
  358 	 0.006652 	 0.249765 	 0.495794
  359 	 0.006876 	 0.238453 	 0.495794
  360 	 0.009677 	 0.240458 	 0.493618
  361 	 0.007021 	 0.232588 	 0.492548
  362 	 0.006882 	 0.249829 	 0.492379
  363 	 0.006719 	 0.240341 	 0.497222
  364 	 0.006425 	 0.250885 	 0.497222
  365 	 0.006805 	 0.247235 	 0.497222
  366 	 0.008973 	 0.233849 	 0.480548
  367 	 0.005326 	 0.223843 	 0.481728
  368 	 0.005368 	 0.223525 	 0.490806
  369 	 0.006817 	 0.226079 	 0.487916
  370 	 0.006813 	 0.226312 	 0.488399
  371 	 0.006771 	 0.230991 	 0.492571
  372 	 0.006876 	 0.242745 	 0.492788
  373 	 0.004802 	 0.231938 	 0.481278
  374 	 0.006560 	 0.227173 	 0.493438
  375 	 0.006565 	 0.240488 	 0.502006
  376 	 0.006665 	 0.227215 	 0.501650
  377 	 0.006913 	 0.245038 	 0.501650
  378 	 0.006800 	 0.232250 	 0.501650
  379 	 0.006590 	 0.213260 	 0.504883
  380 	 0.006801 	 0.232777 	 0.488074
  381 	 0.006523 	 0.235830 	 0.485500
  382 	 0.006938 	 0.228228 	 0.494978
  383 	 0.004406 	 0.222197 	 0.494978
  384 	 0.006892 	 0.223136 	 0.485720
  385 	 0.006910 	 0.246148 	 0.482583
  386 	 0.006459 	 0.251657 	 0.466579
  387 	 0.006657 	 0.245883 	 0.473923
  388 	 0.006651 	 0.245597 	 0.497120
  389 	 0.006998 	 0.232101 	 0.497229
  390 	 0.006831 	 0.235260 	 0.497229
  391 	 0.006148 	 0.249894 	 0.506071
  392 	 0.006943 	 0.253533 	 0.478382
  393 	 0.006859 	 0.246933 	 0.470423
  394 	 0.006890 	 0.244162 	 0.475169
  395 	 0.007021 	 0.250025 	 0.479344
  396 	 0.006863 	 0.253703 	 0.481795
  397 	 0.006883 	 0.238788 	 0.488251
  398 	 0.009240 	 0.241468 	 0.496069
  399 	 0.006623 	 0.250856 	 0.502414
  400 	 0.006699 	 0.239621 	 0.499175
  401 	 0.006418 	 0.250125 	 0.499794
  402 	 0.006897 	 0.249321 	 0.484719
  403 	 0.006893 	 0.255890 	 0.490290
  404 	 0.006832 	 0.240398 	 0.495102
  405 	 0.010192 	 0.264247 	 0.501756
  406 	 0.006388 	 0.265053 	 0.492884
  407 	 0.006365 	 0.267293 	 0.493371
  408 	 0.006515 	 0.271443 	 0.500602
  409 	 0.006132 	 0.243839 	 0.481761
  410 	 0.006292 	 0.244710 	 0.488000
  411 	 0.005757 	 0.252843 	 0.495133
  412 	 0.005757 	 0.253533 	 0.491495
  413 	 0.009005 	 0.249087 	 0.499446
  414 	 0.006196 	 0.253508 	 0.492726
  415 	 0.009431 	 0.270863 	 0.500587
  416 	 0.007975 	 0.271235 	 0.500253
  417 	 0.006816 	 0.250306 	 0.495988
  418 	 0.006896 	 0.259636 	 0.495988
  419 	 0.006971 	 0.249286 	 0.499960
  420 	 0.006945 	 0.252639 	 0.499960
  421 	 0.004472 	 0.220964 	 0.497743
  422 	 0.006679 	 0.226804 	 0.488077
  423 	 0.006900 	 0.234562 	 0.490290
  424 	 0.006087 	 0.259372 	 0.490290
  425 	 0.008779 	 0.234112 	 0.491654
  426 	 0.005992 	 0.225537 	 0.498510
  427 	 0.005992 	 0.244312 	 0.494781
  428 	 0.009720 	 0.247228 	 0.491146
  429 	 0.006936 	 0.250927 	 0.494895
  430 	 0.006781 	 0.259271 	 0.498157
  431 	 0.005353 	 0.250937 	 0.498157
  432 	 0.006481 	 0.241334 	 0.498157
  433 	 0.006829 	 0.243808 	 0.494726
  434 	 0.006909 	 0.254597 	 0.487902
  435 	 0.009871 	 0.244533 	 0.487902
  436 	 0.006963 	 0.245342 	 0.492305
  437 	 0.006896 	 0.234010 	 0.484409
  438 	 0.006988 	 0.235084 	 0.483443
  439 	 0.006840 	 0.267172 	 0.489593
  440 	 0.004463 	 0.254656 	 0.491536
  441 	 0.006196 	 0.266784 	 0.505138
  442 	 0.006770 	 0.250896 	 0.491869
  443 	 0.006457 	 0.252969 	 0.493590
  444 	 0.006943 	 0.229089 	 0.493130
  445 	 0.006857 	 0.232101 	 0.492237
  446 	 0.006742 	 0.229599 	 0.487591
  447 	 0.006743 	 0.239075 	 0.497078
  448 	 0.006638 	 0.225707 	 0.505011
  449 	 0.006878 	 0.217585 	 0.497107
  450 	 0.006879 	 0.241310 	 0.499401
  451 	 0.006613 	 0.248219 	 0.499808
  452 	 0.009520 	 0.248496 	 0.492479
  453 	 0.006910 	 0.247471 	 0.494104
  454 	 0.009199 	 0.276758 	 0.493172
  455 	 0.006996 	 0.285220 	 0.495867
  456 	 0.006965 	 0.279843 	 0.497672
  457 	 0.006869 	 0.265085 	 0.503881
  458 	 0.006462 	 0.263843 	 0.503881
  459 	 0.006880 	 0.263038 	 0.504118
  460 	 0.007054 	 0.263755 	 0.504118
  461 	 0.006908 	 0.266924 	 0.491180
  462 	 0.006693 	 0.251901 	 0.491027
  463 	 0.006479 	 0.254219 	 0.485341
  464 	 0.006920 	 0.247471 	 0.477921
  465 	 0.006861 	 0.246623 	 0.485595
  466 	 0.006809 	 0.254122 	 0.485819
  467 	 0.006870 	 0.254151 	 0.491317
  468 	 0.006877 	 0.247527 	 0.490329
  469 	 0.006908 	 0.243898 	 0.490329
  470 	 0.006909 	 0.245400 	 0.500029
  471 	 0.006901 	 0.230556 	 0.495350
  472 	 0.006846 	 0.222697 	 0.494368
  473 	 0.006472 	 0.220391 	 0.494419
  474 	 0.006734 	 0.228969 	 0.496594
  475 	 0.006840 	 0.230067 	 0.490713
  476 	 0.005384 	 0.235233 	 0.497580
  477 	 0.008503 	 0.237273 	 0.484740
  478 	 0.006752 	 0.238832 	 0.475195
  479 	 0.006751 	 0.247381 	 0.491621
  480 	 0.006882 	 0.268512 	 0.494223
  481 	 0.006721 	 0.266927 	 0.494473
  482 	 0.006752 	 0.277921 	 0.490295
  483 	 0.006889 	 0.284340 	 0.481078
  484 	 0.006796 	 0.269936 	 0.487532
  485 	 0.006787 	 0.252475 	 0.496086
  486 	 0.009477 	 0.245977 	 0.496086
  487 	 0.006661 	 0.269929 	 0.485777
  488 	 0.006849 	 0.268446 	 0.483900
  489 	 0.006972 	 0.278492 	 0.481244
  490 	 0.006149 	 0.256823 	 0.487588
  491 	 0.006910 	 0.231868 	 0.482541
  492 	 0.007028 	 0.229295 	 0.490513
  493 	 0.007712 	 0.207415 	 0.493805
  494 	 0.006561 	 0.217970 	 0.493805
  495 	 0.006533 	 0.242998 	 0.493970
  496 	 0.006552 	 0.247511 	 0.493970
  497 	 0.007146 	 0.243727 	 0.473237
  498 	 0.004437 	 0.244211 	 0.492582
  499 	 0.006996 	 0.233749 	 0.489844
 