   0 	 0.003510 	 0.010458 	 0.037105
    1 	 0.003424 	 0.011608 	 0.036477
    2 	 0.003681 	 0.013447 	 0.047506
    3 	 0.004809 	 0.015110 	 0.054687
    4 	 0.006091 	 0.016014 	 0.042443
    5 	 0.005645 	 0.018255 	 0.045153
    6 	 0.005621 	 0.020617 	 0.049382
    7 	 0.005768 	 0.022882 	 0.046958
    8 	 0.006182 	 0.024346 	 0.055218
    9 	 0.006425 	 0.026025 	 0.082735
   10 	 0.006341 	 0.027104 	 0.071414
   11 	 0.006702 	 0.027126 	 0.075038
   12 	 0.006176 	 0.028522 	 0.087800
   13 	 0.005445 	 0.030388 	 0.069071
   14 	 0.005305 	 0.032388 	 0.088073
   15 	 0.005303 	 0.034432 	 0.131808
   16 	 0.006186 	 0.036829 	 0.112504
   17 	 0.007604 	 0.040928 	 0.146631
   18 	 0.005718 	 0.042243 	 0.132454
   19 	 0.004609 	 0.043521 	 0.162700
   20 	 0.004702 	 0.044941 	 0.163407
   21 	 0.008179 	 0.046747 	 0.121445
   22 	 0.007068 	 0.051558 	 0.156785
   23 	 0.005841 	 0.056277 	 0.143555
   24 	 0.005617 	 0.064251 	 0.140638
   25 	 0.007009 	 0.070443 	 0.174577
   26 	 0.006881 	 0.071471 	 0.183468
   27 	 0.006274 	 0.072895 	 0.240960
   28 	 0.007011 	 0.076466 	 0.240960
   29 	 0.006688 	 0.080637 	 0.224776
   30 	 0.004894 	 0.076499 	 0.220658
   31 	 0.005159 	 0.079178 	 0.216479
   32 	 0.007153 	 0.084275 	 0.254202
   33 	 0.005279 	 0.086044 	 0.226332
   34 	 0.006893 	 0.089761 	 0.215630
   35 	 0.006775 	 0.098414 	 0.241106
   36 	 0.006935 	 0.092455 	 0.224035
   37 	 0.009324 	 0.101708 	 0.244484
   38 	 0.005414 	 0.101578 	 0.244408
   39 	 0.006833 	 0.100668 	 0.254527
   40 	 0.004870 	 0.103676 	 0.258087
   41 	 0.005305 	 0.107550 	 0.255272
   42 	 0.006775 	 0.098377 	 0.258087
   43 	 0.006609 	 0.106575 	 0.372460
   44 	 0.009167 	 0.108812 	 0.252601
   45 	 0.005847 	 0.108864 	 0.252424
   46 	 0.005499 	 0.113172 	 0.290131
   47 	 0.005367 	 0.110223 	 0.236485
   48 	 0.005945 	 0.113569 	 0.268820
   49 	 0.005945 	 0.103745 	 0.288987
   50 	 0.006662 	 0.112083 	 0.275155
   51 	 0.006266 	 0.116503 	 0.293089
   52 	 0.007024 	 0.124255 	 0.293745
   53 	 0.005396 	 0.117130 	 0.295348
   54 	 0.009513 	 0.120401 	 0.275054
   55 	 0.006714 	 0.121964 	 0.325786
   56 	 0.009295 	 0.130302 	 0.325786
   57 	 0.008765 	 0.134051 	 0.307823
   58 	 0.008919 	 0.137245 	 0.293456
   59 	 0.006663 	 0.137852 	 0.324238
   60 	 0.006941 	 0.122305 	 0.326271
   61 	 0.007010 	 0.128678 	 0.333476
   62 	 0.007028 	 0.125927 	 0.286578
   63 	 0.007069 	 0.128490 	 0.327907
   64 	 0.006895 	 0.133197 	 0.295529
   65 	 0.007318 	 0.136316 	 0.316862
   66 	 0.006411 	 0.125249 	 0.319447
   67 	 0.005604 	 0.123682 	 0.320286
   68 	 0.006579 	 0.130403 	 0.321561
   69 	 0.007243 	 0.146083 	 0.325480
   70 	 0.007122 	 0.142891 	 0.353003
   71 	 0.007040 	 0.142113 	 0.352832
   72 	 0.006785 	 0.140642 	 0.319889
   73 	 0.006995 	 0.141709 	 0.301144
   74 	 0.005124 	 0.150585 	 0.347818
   75 	 0.007033 	 0.156834 	 0.346224
   76 	 0.006847 	 0.155035 	 0.374761
   77 	 0.007264 	 0.161337 	 0.337298
   78 	 0.006939 	 0.159749 	 0.331828
   79 	 0.006967 	 0.171094 	 0.373732
   80 	 0.006087 	 0.154435 	 0.332587
   81 	 0.007054 	 0.157358 	 0.326484
   82 	 0.007135 	 0.159390 	 0.339001
   83 	 0.006516 	 0.164047 	 0.340001
   84 	 0.006439 	 0.165294 	 0.358821
   85 	 0.006972 	 0.164028 	 0.340001
   86 	 0.005470 	 0.151776 	 0.359113
   87 	 0.007040 	 0.168547 	 0.335100
   88 	 0.006723 	 0.151675 	 0.336338
   89 	 0.006666 	 0.170976 	 0.343784
   90 	 0.006798 	 0.171586 	 0.347315
   91 	 0.006958 	 0.153165 	 0.351244
   92 	 0.006896 	 0.155112 	 0.347764
   93 	 0.006640 	 0.158979 	 0.347764
   94 	 0.006624 	 0.162430 	 0.345020
   95 	 0.006748 	 0.176605 	 0.355317
   96 	 0.006825 	 0.174412 	 0.358052
   97 	 0.006971 	 0.177091 	 0.366798
   98 	 0.006932 	 0.175294 	 0.369963
   99 	 0.006854 	 0.165702 	 0.375408
  100 	 0.006952 	 0.168052 	 0.369074
  101 	 0.006802 	 0.166170 	 0.349219
  102 	 0.006966 	 0.178301 	 0.336793
  103 	 0.006980 	 0.177911 	 0.341578
  104 	 0.006893 	 0.188938 	 0.384808
  105 	 0.005993 	 0.178549 	 0.384808
  106 	 0.006006 	 0.180293 	 0.387987
  107 	 0.006853 	 0.180099 	 0.356893
  108 	 0.006904 	 0.185668 	 0.342941
  109 	 0.007440 	 0.182060 	 0.380716
  110 	 0.006863 	 0.179908 	 0.390650
  111 	 0.007032 	 0.179247 	 0.383642
  112 	 0.006877 	 0.190561 	 0.364030
  113 	 0.006854 	 0.183487 	 0.368881
  114 	 0.006974 	 0.180351 	 0.341228
  115 	 0.007054 	 0.178010 	 0.345721
  116 	 0.006843 	 0.174261 	 0.346113
  117 	 0.006925 	 0.187469 	 0.358490
  118 	 0.006903 	 0.166389 	 0.353616
  119 	 0.006979 	 0.180595 	 0.353015
  120 	 0.007036 	 0.167217 	 0.353015
  121 	 0.006936 	 0.171460 	 0.353015
  122 	 0.006590 	 0.171309 	 0.359154
  123 	 0.006865 	 0.153556 	 0.359974
  124 	 0.009220 	 0.167996 	 0.361236
  125 	 0.006965 	 0.177669 	 0.343042
  126 	 0.006624 	 0.183772 	 0.351846
  127 	 0.006905 	 0.181014 	 0.352630
  128 	 0.006462 	 0.192649 	 0.356256
  129 	 0.006823 	 0.170402 	 0.361245
  130 	 0.006868 	 0.186278 	 0.363506
  131 	 0.006825 	 0.189868 	 0.378937
  132 	 0.009279 	 0.200061 	 0.379607
  133 	 0.006684 	 0.178900 	 0.378937
  134 	 0.006955 	 0.191980 	 0.378937
  135 	 0.007075 	 0.179315 	 0.379260
  136 	 0.006946 	 0.186999 	 0.381349
  137 	 0.006882 	 0.200898 	 0.381369
  138 	 0.006863 	 0.209851 	 0.378126
  139 	 0.006933 	 0.208705 	 0.378061
  140 	 0.005385 	 0.194419 	 0.373468
  141 	 0.006471 	 0.188226 	 0.372385
  142 	 0.007153 	 0.201277 	 0.374637
  143 	 0.006671 	 0.200950 	 0.384304
  144 	 0.006928 	 0.210171 	 0.389366
  145 	 0.006501 	 0.211099 	 0.389366
  146 	 0.009545 	 0.203014 	 0.377665
  147 	 0.005279 	 0.203002 	 0.374538
  148 	 0.005852 	 0.208409 	 0.379081
  149 	 0.006984 	 0.193329 	 0.369437
  150 	 0.006903 	 0.202784 	 0.371378
  151 	 0.006916 	 0.200623 	 0.374480
  152 	 0.007006 	 0.207809 	 0.381393
  153 	 0.006993 	 0.205315 	 0.381639
  154 	 0.006021 	 0.200511 	 0.392181
  155 	 0.006885 	 0.208796 	 0.380162
  156 	 0.009346 	 0.194637 	 0.385875
  157 	 0.006836 	 0.194101 	 0.389165
  158 	 0.006789 	 0.196626 	 0.389165
  159 	 0.008588 	 0.177124 	 0.387909
  160 	 0.007828 	 0.179956 	 0.398290
  161 	 0.007033 	 0.193475 	 0.377833
  162 	 0.009803 	 0.192146 	 0.402490
  163 	 0.006991 	 0.191497 	 0.377970
  164 	 0.007024 	 0.196386 	 0.373732
  165 	 0.006935 	 0.196778 	 0.387562
  166 	 0.008580 	 0.197477 	 0.374732
  167 	 0.006313 	 0.185821 	 0.386364
  168 	 0.006882 	 0.200203 	 0.390106
  169 	 0.006546 	 0.200456 	 0.375281
  170 	 0.006605 	 0.196405 	 0.381562
  171 	 0.006925 	 0.199194 	 0.381402
  172 	 0.006049 	 0.195544 	 0.386500
  173 	 0.006049 	 0.183187 	 0.386263
  174 	 0.006454 	 0.180042 	 0.384063
  175 	 0.009453 	 0.196708 	 0.384893
  176 	 0.007076 	 0.207307 	 0.389143
  177 	 0.007028 	 0.209987 	 0.391275
  178 	 0.006932 	 0.199902 	 0.392076
  179 	 0.006973 	 0.190676 	 0.380455
  180 	 0.006844 	 0.209814 	 0.377468
  181 	 0.006974 	 0.211071 	 0.373187
  182 	 0.006838 	 0.217192 	 0.385935
  183 	 0.008832 	 0.212297 	 0.385858
  184 	 0.006802 	 0.209657 	 0.389327
  185 	 0.005406 	 0.205017 	 0.389327
  186 	 0.005553 	 0.207083 	 0.386662
  187 	 0.006858 	 0.199138 	 0.390079
  188 	 0.008830 	 0.184820 	 0.387395
  189 	 0.009634 	 0.200965 	 0.390441
  190 	 0.005652 	 0.210628 	 0.392009
  191 	 0.005402 	 0.218288 	 0.388220
  192 	 0.006952 	 0.212976 	 0.391199
  193 	 0.006938 	 0.216802 	 0.387568
  194 	 0.006995 	 0.218372 	 0.395856
  195 	 0.006999 	 0.225611 	 0.395425
  196 	 0.006844 	 0.217687 	 0.396100
  197 	 0.006925 	 0.216540 	 0.388518
  198 	 0.006576 	 0.216072 	 0.389706
  199 	 0.006377 	 0.201994 	 0.389706
  200 	 0.006202 	 0.216509 	 0.387583
  201 	 0.009223 	 0.240021 	 0.386372
  202 	 0.006971 	 0.209474 	 0.385501
  203 	 0.009105 	 0.208227 	 0.388123
  204 	 0.006001 	 0.210632 	 0.389180
  205 	 0.006922 	 0.209871 	 0.388939
  206 	 0.005519 	 0.216927 	 0.392023
  207 	 0.006918 	 0.218161 	 0.388311
  208 	 0.006949 	 0.220651 	 0.394850
  209 	 0.006886 	 0.219369 	 0.387669
  210 	 0.006991 	 0.220502 	 0.393222
  211 	 0.005387 	 0.206380 	 0.387808
  212 	 0.005996 	 0.206881 	 0.379513
  213 	 0.006365 	 0.220868 	 0.386809
  214 	 0.006847 	 0.218697 	 0.385354
  215 	 0.006947 	 0.214556 	 0.390542
  216 	 0.006953 	 0.213669 	 0.391375
  217 	 0.006991 	 0.223653 	 0.389899
  218 	 0.005595 	 0.235351 	 0.390239
  219 	 0.007003 	 0.238244 	 0.391747
  220 	 0.006891 	 0.214565 	 0.384940
  221 	 0.005504 	 0.208452 	 0.394058
  222 	 0.009360 	 0.210436 	 0.394630
  223 	 0.006905 	 0.209369 	 0.391203
  224 	 0.006942 	 0.219237 	 0.391406
  225 	 0.006653 	 0.223502 	 0.392946
  226 	 0.007001 	 0.221557 	 0.382561
  227 	 0.006990 	 0.224428 	 0.384039
  228 	 0.006960 	 0.218195 	 0.379500
  229 	 0.006829 	 0.230512 	 0.389288
  230 	 0.005490 	 0.214401 	 0.390245
  231 	 0.008298 	 0.199145 	 0.390422
  232 	 0.005354 	 0.196223 	 0.395478
  233 	 0.006892 	 0.202927 	 0.391499
  234 	 0.006930 	 0.216407 	 0.391775
  235 	 0.008171 	 0.213647 	 0.394205
  236 	 0.008968 	 0.216161 	 0.394836
  237 	 0.006850 	 0.223891 	 0.391678
  238 	 0.006466 	 0.213918 	 0.391054
  239 	 0.006620 	 0.221158 	 0.391054
  240 	 0.006936 	 0.213159 	 0.389138
  241 	 0.006051 	 0.212019 	 0.384879
  242 	 0.007043 	 0.206539 	 0.391543
  243 	 0.006704 	 0.189220 	 0.388765
  244 	 0.006950 	 0.186396 	 0.397976
  245 	 0.006946 	 0.192346 	 0.398113
  246 	 0.006532 	 0.196071 	 0.397004
  247 	 0.006356 	 0.194038 	 0.390751
  248 	 0.006950 	 0.219005 	 0.400077
  249 	 0.006949 	 0.206377 	 0.401958
  250 	 0.008976 	 0.192546 	 0.402810
  251 	 0.006856 	 0.195669 	 0.396881
  252 	 0.006561 	 0.207991 	 0.385723
  253 	 0.007081 	 0.226713 	 0.398109
  254 	 0.006592 	 0.210443 	 0.396753
  255 	 0.007054 	 0.213382 	 0.389368
  256 	 0.006918 	 0.205919 	 0.397761
  257 	 0.006967 	 0.192912 	 0.397255
  258 	 0.009403 	 0.196588 	 0.397255
  259 	 0.009841 	 0.195209 	 0.399330
  260 	 0.006778 	 0.200722 	 0.392040
  261 	 0.009049 	 0.213299 	 0.395008
  262 	 0.006442 	 0.214521 	 0.389569
  263 	 0.009589 	 0.215379 	 0.398001
  264 	 0.007026 	 0.220682 	 0.399723
  265 	 0.005696 	 0.211460 	 0.395580
  266 	 0.006788 	 0.209737 	 0.393596
  267 	 0.006763 	 0.208401 	 0.389884
  268 	 0.006847 	 0.208521 	 0.393765
  269 	 0.006928 	 0.207745 	 0.392520
  270 	 0.006994 	 0.197495 	 0.399248
  271 	 0.006966 	 0.214642 	 0.399248
  272 	 0.009366 	 0.221875 	 0.396905
  273 	 0.006955 	 0.228298 	 0.398493
  274 	 0.006456 	 0.232062 	 0.400090
  275 	 0.005132 	 0.218482 	 0.398877
  276 	 0.006894 	 0.221250 	 0.398923
  277 	 0.006891 	 0.204506 	 0.397965
  278 	 0.006548 	 0.212305 	 0.398253
  279 	 0.005411 	 0.216299 	 0.398253
  280 	 0.006974 	 0.209488 	 0.397010
  281 	 0.007060 	 0.202075 	 0.397945
  282 	 0.006937 	 0.205271 	 0.398599
  283 	 0.005011 	 0.208208 	 0.398599
  284 	 0.006910 	 0.203086 	 0.399617
  285 	 0.007426 	 0.222288 	 0.399617
  286 	 0.006932 	 0.223477 	 0.399145
  287 	 0.006928 	 0.220572 	 0.403043
  288 	 0.006973 	 0.224371 	 0.402574
  289 	 0.006967 	 0.231593 	 0.396719
  290 	 0.009208 	 0.241280 	 0.396719
  291 	 0.006971 	 0.232040 	 0.394804
  292 	 0.006052 	 0.233103 	 0.394597
  293 	 0.005506 	 0.220530 	 0.389347
  294 	 0.006932 	 0.236191 	 0.396814
  295 	 0.006474 	 0.212878 	 0.393588
  296 	 0.005492 	 0.210250 	 0.396701
  297 	 0.005495 	 0.208701 	 0.396701
  298 	 0.006988 	 0.213443 	 0.399215
  299 	 0.006180 	 0.202338 	 0.399215
  300 	 0.006949 	 0.219053 	 0.399284
  301 	 0.006938 	 0.216441 	 0.399284
  302 	 0.009338 	 0.231807 	 0.399284
  303 	 0.007029 	 0.230817 	 0.398309
  304 	 0.006771 	 0.215627 	 0.401063
  305 	 0.006919 	 0.207539 	 0.402093
  306 	 0.006926 	 0.208086 	 0.397819
  307 	 0.005555 	 0.218354 	 0.398607
  308 	 0.006958 	 0.222171 	 0.402410
  309 	 0.005739 	 0.224818 	 0.403274
  310 	 0.007010 	 0.220498 	 0.402096
  311 	 0.006926 	 0.219887 	 0.399182
  312 	 0.006968 	 0.216738 	 0.397726
  313 	 0.006965 	 0.231412 	 0.402354
  314 	 0.006953 	 0.217479 	 0.401895
  315 	 0.006922 	 0.209535 	 0.402146
  316 	 0.006825 	 0.206143 	 0.445573
  317 	 0.006986 	 0.206779 	 0.446238
  318 	 0.006929 	 0.203270 	 0.446238
  319 	 0.006479 	 0.218890 	 0.440271
  320 	 0.006921 	 0.213446 	 0.441967
  321 	 0.006908 	 0.197960 	 0.440271
  322 	 0.006815 	 0.194008 	 0.444896
  323 	 0.007175 	 0.211188 	 0.403106
  324 	 0.006910 	 0.216944 	 0.458758
  325 	 0.006952 	 0.213005 	 0.403387
  326 	 0.006918 	 0.215399 	 0.403044
  327 	 0.006966 	 0.219392 	 0.401273
  328 	 0.006839 	 0.222291 	 0.401010
  329 	 0.006807 	 0.220443 	 0.398435
  330 	 0.005983 	 0.218765 	 0.401030
  331 	 0.005935 	 0.208641 	 0.396319
  332 	 0.006988 	 0.206511 	 0.396565
  333 	 0.005592 	 0.201169 	 0.396602
  334 	 0.007043 	 0.229471 	 0.397924
  335 	 0.005503 	 0.214317 	 0.397340
  336 	 0.006951 	 0.204131 	 0.384982
  337 	 0.007396 	 0.219113 	 0.401920
  338 	 0.006895 	 0.198395 	 0.400585
  339 	 0.006987 	 0.209828 	 0.402730
  340 	 0.006986 	 0.215125 	 0.397618
  341 	 0.009195 	 0.218627 	 0.403079
  342 	 0.006902 	 0.223952 	 0.402881
  343 	 0.006565 	 0.210123 	 0.403230
  344 	 0.007072 	 0.210175 	 0.391183
  345 	 0.006565 	 0.221151 	 0.390707
  346 	 0.006894 	 0.240230 	 0.396797
  347 	 0.009087 	 0.218909 	 0.397383
  348 	 0.006999 	 0.214076 	 0.396937
  349 	 0.006998 	 0.215003 	 0.396361
  350 	 0.006368 	 0.229173 	 0.397104
  351 	 0.006992 	 0.224078 	 0.398312
  352 	 0.007005 	 0.223909 	 0.400690
  353 	 0.006861 	 0.224488 	 0.400690
  354 	 0.007005 	 0.224268 	 0.400859
  355 	 0.006611 	 0.226144 	 0.399402
  356 	 0.009580 	 0.222224 	 0.399558
  357 	 0.008990 	 0.213749 	 0.398154
  358 	 0.006872 	 0.203053 	 0.392871
  359 	 0.009223 	 0.209308 	 0.397369
  360 	 0.006838 	 0.223623 	 0.398990
  361 	 0.005492 	 0.208693 	 0.392182
  362 	 0.006807 	 0.205192 	 0.392709
  363 	 0.006835 	 0.197717 	 0.389991
  364 	 0.006882 	 0.199705 	 0.383647
  365 	 0.006868 	 0.213056 	 0.391678
  366 	 0.006911 	 0.223764 	 0.395509
  367 	 0.006879 	 0.210435 	 0.397130
  368 	 0.008406 	 0.215281 	 0.397130
  369 	 0.006974 	 0.235967 	 0.397130
  370 	 0.006242 	 0.233481 	 0.402430
  371 	 0.009423 	 0.227455 	 0.402430
  372 	 0.007856 	 0.227674 	 0.403193
  373 	 0.006925 	 0.229039 	 0.403193
  374 	 0.006957 	 0.228562 	 0.403193
  375 	 0.006894 	 0.241869 	 0.400365
  376 	 0.009360 	 0.251762 	 0.398515
  377 	 0.005022 	 0.231148 	 0.397897
  378 	 0.004913 	 0.229510 	 0.403765
  379 	 0.006497 	 0.231701 	 0.403917
  380 	 0.006970 	 0.226509 	 0.403917
  381 	 0.006928 	 0.210492 	 0.403347
  382 	 0.006973 	 0.201144 	 0.403347
  383 	 0.006885 	 0.201624 	 0.403516
  384 	 0.007871 	 0.199709 	 0.396425
  385 	 0.007074 	 0.206131 	 0.390762
  386 	 0.006895 	 0.207856 	 0.392764
  387 	 0.006896 	 0.213580 	 0.392764
  388 	 0.006748 	 0.203913 	 0.400199
  389 	 0.006857 	 0.201538 	 0.398137
  390 	 0.006914 	 0.228277 	 0.398137
  391 	 0.006950 	 0.209347 	 0.399309
  392 	 0.006841 	 0.217145 	 0.398452
  393 	 0.006903 	 0.217308 	 0.398430
  394 	 0.009507 	 0.224476 	 0.398430
  395 	 0.006972 	 0.228912 	 0.398649
  396 	 0.008941 	 0.239556 	 0.416183
  397 	 0.006805 	 0.227597 	 0.419036
  398 	 0.007060 	 0.215485 	 0.403644
  399 	 0.006121 	 0.228033 	 0.402379
  400 	 0.006882 	 0.219581 	 0.402570
  401 	 0.006996 	 0.222355 	 0.400295
  402 	 0.006584 	 0.219645 	 0.400295
  403 	 0.006604 	 0.210972 	 0.400401
  404 	 0.006940 	 0.207343 	 0.394271
  405 	 0.006909 	 0.212520 	 0.400376
  406 	 0.006553 	 0.210185 	 0.402853
  407 	 0.003953 	 0.222185 	 0.394921
  408 	 0.006883 	 0.223969 	 0.401740
  409 	 0.005522 	 0.221402 	 0.400376
  410 	 0.006887 	 0.230999 	 0.395447
  411 	 0.007011 	 0.223925 	 0.399553
  412 	 0.005684 	 0.217058 	 0.402265
  413 	 0.007398 	 0.215545 	 0.396919
  414 	 0.007951 	 0.225011 	 0.401254
  415 	 0.006973 	 0.226363 	 0.400815
  416 	 0.006233 	 0.227546 	 0.396196
  417 	 0.007944 	 0.237474 	 0.397486
  418 	 0.006364 	 0.232170 	 0.399368
  419 	 0.006924 	 0.228558 	 0.393235
  420 	 0.006948 	 0.208677 	 0.398848
  421 	 0.006089 	 0.200274 	 0.390373
  422 	 0.006005 	 0.198133 	 0.392376
  423 	 0.006005 	 0.221448 	 0.395598
  424 	 0.009373 	 0.241168 	 0.396795
  425 	 0.009281 	 0.239648 	 0.399112
  426 	 0.006133 	 0.240331 	 0.399117
  427 	 0.006649 	 0.231716 	 0.398281
  428 	 0.006927 	 0.241796 	 0.398281
  429 	 0.006277 	 0.227648 	 0.399090
  430 	 0.006994 	 0.234157 	 0.396031
  431 	 0.006901 	 0.214945 	 0.397464
  432 	 0.007145 	 0.227455 	 0.399971
  433 	 0.006881 	 0.215213 	 0.399603
  434 	 0.006942 	 0.237088 	 0.400389
  435 	 0.007084 	 0.223394 	 0.400012
  436 	 0.006929 	 0.217843 	 0.399600
  437 	 0.006586 	 0.219336 	 0.399600
  438 	 0.006893 	 0.199888 	 0.399099
  439 	 0.006210 	 0.200382 	 0.397175
  440 	 0.007094 	 0.199411 	 0.395466
  441 	 0.005453 	 0.214155 	 0.398763
  442 	 0.007470 	 0.224489 	 0.399376
  443 	 0.006560 	 0.219503 	 0.399643
  444 	 0.006838 	 0.221336 	 0.399643
  445 	 0.006831 	 0.214783 	 0.399643
  446 	 0.010985 	 0.215808 	 0.391823
  447 	 0.006794 	 0.215596 	 0.392928
  448 	 0.005473 	 0.214542 	 0.396550
  449 	 0.005509 	 0.216461 	 0.390307
  450 	 0.005083 	 0.232187 	 0.398386
  451 	 0.007150 	 0.229567 	 0.394830
  452 	 0.009360 	 0.240315 	 0.398855
  453 	 0.006914 	 0.224390 	 0.398855
  454 	 0.006030 	 0.212820 	 0.394162
  455 	 0.009099 	 0.210338 	 0.402412
  456 	 0.007030 	 0.212365 	 0.402126
  457 	 0.005923 	 0.221858 	 0.402126
  458 	 0.007027 	 0.224755 	 0.394505
  459 	 0.006831 	 0.214304 	 0.394505
  460 	 0.006960 	 0.208725 	 0.390784
  461 	 0.006767 	 0.199364 	 0.386672
  462 	 0.007901 	 0.203885 	 0.386930
  463 	 0.005438 	 0.217078 	 0.386382
  464 	 0.006848 	 0.203995 	 0.397243
  465 	 0.006887 	 0.202168 	 0.383399
  466 	 0.009513 	 0.216635 	 0.383536
  467 	 0.006456 	 0.223431 	 0.394839
  468 	 0.006228 	 0.213531 	 0.390754
  469 	 0.006835 	 0.221141 	 0.386598
  470 	 0.005042 	 0.212960 	 0.386598
  471 	 0.005940 	 0.224788 	 0.393727
  472 	 0.006928 	 0.228923 	 0.393727
  473 	 0.006501 	 0.223841 	 0.407257
  474 	 0.006629 	 0.215076 	 0.393800
  475 	 0.005372 	 0.209876 	 0.393854
  476 	 0.006916 	 0.220572 	 0.398131
  477 	 0.006898 	 0.224318 	 0.394251
  478 	 0.006926 	 0.226115 	 0.391934
  479 	 0.007023 	 0.209134 	 0.384215
  480 	 0.006803 	 0.206595 	 0.384235
  481 	 0.006957 	 0.189533 	 0.392653
  482 	 0.008924 	 0.204424 	 0.392653
  483 	 0.005568 	 0.217670 	 0.401410
  484 	 0.009075 	 0.222124 	 0.400858
  485 	 0.009485 	 0.198471 	 0.393343
  486 	 0.006998 	 0.206475 	 0.385154
  487 	 0.006195 	 0.215054 	 0.392102
  488 	 0.007022 	 0.228615 	 0.392102
  489 	 0.006915 	 0.217968 	 0.390122
  490 	 0.006764 	 0.207764 	 0.390794
  491 	 0.005472 	 0.218071 	 0.395926
  492 	 0.006888 	 0.225579 	 0.395926
  493 	 0.005371 	 0.207534 	 0.391516
  494 	 0.008489 	 0.210988 	 0.395350
  495 	 0.005187 	 0.202740 	 0.391897
  496 	 0.006972 	 0.206205 	 0.395598
  497 	 0.005960 	 0.211519 	 0.395469
  498 	 0.009400 	 0.202774 	 0.390693
  499 	 0.007049 	 0.212030 	 0.395445
 