   0 	 0.003667 	 0.010345 	 0.032644
    1 	 0.004036 	 0.012272 	 0.035178
    2 	 0.004980 	 0.014828 	 0.047174
    3 	 0.005556 	 0.016164 	 0.075891
    4 	 0.003267 	 0.019142 	 0.075891
    5 	 0.005010 	 0.020274 	 0.077765
    6 	 0.005529 	 0.022003 	 0.072953
    7 	 0.006032 	 0.024785 	 0.080277
    8 	 0.004743 	 0.025263 	 0.077758
    9 	 0.004949 	 0.026801 	 0.081567
   10 	 0.004812 	 0.028194 	 0.080570
   11 	 0.006044 	 0.029467 	 0.091226
   12 	 0.005381 	 0.031869 	 0.176834
   13 	 0.006145 	 0.035357 	 0.166569
   14 	 0.006726 	 0.037154 	 0.178202
   15 	 0.006234 	 0.036464 	 0.149970
   16 	 0.005197 	 0.040423 	 0.128531
   17 	 0.007327 	 0.045045 	 0.152063
   18 	 0.007113 	 0.045523 	 0.153470
   19 	 0.005944 	 0.048901 	 0.153470
   20 	 0.006920 	 0.058991 	 0.154774
   21 	 0.005855 	 0.057397 	 0.144414
   22 	 0.007832 	 0.058934 	 0.160993
   23 	 0.006405 	 0.062518 	 0.161598
   24 	 0.006391 	 0.066313 	 0.193242
   25 	 0.006926 	 0.071717 	 0.179325
   26 	 0.006258 	 0.076338 	 0.205526
   27 	 0.006816 	 0.079875 	 0.244835
   28 	 0.007569 	 0.088975 	 0.206663
   29 	 0.006758 	 0.092945 	 0.266855
   30 	 0.007553 	 0.100736 	 0.199893
   31 	 0.005457 	 0.107089 	 0.270049
   32 	 0.006734 	 0.111946 	 0.237188
   33 	 0.006789 	 0.116726 	 0.256984
   34 	 0.008743 	 0.114231 	 0.261429
   35 	 0.006760 	 0.119012 	 0.293211
   36 	 0.006878 	 0.118597 	 0.293211
   37 	 0.005259 	 0.121451 	 0.305617
   38 	 0.006421 	 0.125067 	 0.342903
   39 	 0.006748 	 0.135323 	 0.336719
   40 	 0.006614 	 0.138744 	 0.295251
   41 	 0.006434 	 0.141194 	 0.339713
   42 	 0.005311 	 0.145705 	 0.336636
   43 	 0.005351 	 0.149680 	 0.319393
   44 	 0.006513 	 0.150461 	 0.310979
   45 	 0.006923 	 0.139541 	 0.323642
   46 	 0.006181 	 0.153423 	 0.345976
   47 	 0.006919 	 0.158343 	 0.361072
   48 	 0.006896 	 0.147820 	 0.374759
   49 	 0.006767 	 0.146308 	 0.379299
   50 	 0.006588 	 0.148467 	 0.379498
   51 	 0.007044 	 0.168060 	 0.379636
   52 	 0.007103 	 0.174808 	 0.393992
   53 	 0.006917 	 0.163656 	 0.389118
   54 	 0.007317 	 0.153396 	 0.389629
   55 	 0.006984 	 0.170038 	 0.389629
   56 	 0.006883 	 0.167428 	 0.367938
   57 	 0.006770 	 0.150321 	 0.405325
   58 	 0.006789 	 0.159041 	 0.405325
   59 	 0.007005 	 0.162632 	 0.420972
   60 	 0.006652 	 0.161311 	 0.422703
   61 	 0.006753 	 0.176674 	 0.420759
   62 	 0.008004 	 0.175959 	 0.398464
   63 	 0.008337 	 0.188549 	 0.413043
   64 	 0.006537 	 0.185837 	 0.410985
   65 	 0.006547 	 0.177346 	 0.388710
   66 	 0.006801 	 0.185545 	 0.397462
   67 	 0.006817 	 0.183890 	 0.389112
   68 	 0.007108 	 0.174457 	 0.399796
   69 	 0.006273 	 0.182658 	 0.400254
   70 	 0.008785 	 0.189336 	 0.398696
   71 	 0.006904 	 0.182387 	 0.410705
   72 	 0.007108 	 0.196185 	 0.390730
   73 	 0.005948 	 0.195240 	 0.429015
   74 	 0.006966 	 0.194498 	 0.438620
   75 	 0.006763 	 0.188737 	 0.436638
   76 	 0.006800 	 0.186989 	 0.437205
   77 	 0.006313 	 0.199604 	 0.437205
   78 	 0.004311 	 0.184949 	 0.437205
   79 	 0.006597 	 0.188327 	 0.436582
   80 	 0.006992 	 0.183147 	 0.436582
   81 	 0.007022 	 0.188809 	 0.436235
   82 	 0.006877 	 0.191605 	 0.436235
   83 	 0.005514 	 0.192928 	 0.436553
   84 	 0.005514 	 0.197928 	 0.416971
   85 	 0.006121 	 0.198197 	 0.423996
   86 	 0.009634 	 0.208373 	 0.423996
   87 	 0.007173 	 0.193704 	 0.423335
   88 	 0.006435 	 0.197349 	 0.428221
   89 	 0.006876 	 0.197758 	 0.429526
   90 	 0.006969 	 0.206606 	 0.431782
   91 	 0.006860 	 0.210530 	 0.415129
   92 	 0.006762 	 0.211708 	 0.427816
   93 	 0.006020 	 0.209836 	 0.434582
   94 	 0.006856 	 0.204054 	 0.442574
   95 	 0.006962 	 0.215171 	 0.436704
   96 	 0.006082 	 0.201450 	 0.436980
   97 	 0.005406 	 0.197035 	 0.437073
   98 	 0.008034 	 0.199825 	 0.443408
   99 	 0.006432 	 0.215071 	 0.443293
  100 	 0.008846 	 0.229304 	 0.443293
  101 	 0.004304 	 0.221518 	 0.443293
  102 	 0.007032 	 0.230487 	 0.438293
  103 	 0.005268 	 0.229999 	 0.438260
  104 	 0.006902 	 0.222556 	 0.438260
  105 	 0.006788 	 0.216512 	 0.438283
  106 	 0.006835 	 0.221905 	 0.435837
  107 	 0.006832 	 0.229916 	 0.446049
  108 	 0.007019 	 0.219685 	 0.446049
  109 	 0.006786 	 0.217305 	 0.448303
  110 	 0.006741 	 0.229287 	 0.441335
  111 	 0.006654 	 0.230921 	 0.447389
  112 	 0.009953 	 0.251330 	 0.456114
  113 	 0.006929 	 0.235798 	 0.453630
  114 	 0.006482 	 0.238287 	 0.453630
  115 	 0.006937 	 0.256019 	 0.448749
  116 	 0.006480 	 0.248939 	 0.435816
  117 	 0.006747 	 0.254866 	 0.447984
  118 	 0.006933 	 0.234814 	 0.443507
  119 	 0.006852 	 0.240646 	 0.450381
  120 	 0.013594 	 0.242372 	 0.450381
  121 	 0.009446 	 0.248728 	 0.452087
  122 	 0.008446 	 0.237300 	 0.452087
  123 	 0.006181 	 0.234729 	 0.452658
  124 	 0.009410 	 0.259957 	 0.444529
  125 	 0.006892 	 0.243831 	 0.444529
  126 	 0.006683 	 0.235109 	 0.445399
  127 	 0.007092 	 0.251414 	 0.443125
  128 	 0.006951 	 0.243889 	 0.437601
  129 	 0.006816 	 0.234916 	 0.434646
  130 	 0.006629 	 0.235664 	 0.446235
  131 	 0.006751 	 0.233562 	 0.446235
  132 	 0.006849 	 0.248100 	 0.434979
  133 	 0.009379 	 0.250895 	 0.437812
  134 	 0.006897 	 0.261386 	 0.444261
  135 	 0.006929 	 0.233519 	 0.441474
  136 	 0.006922 	 0.241670 	 0.439438
  137 	 0.007048 	 0.240659 	 0.439215
  138 	 0.006868 	 0.239212 	 0.441185
  139 	 0.006196 	 0.233147 	 0.448276
  140 	 0.006966 	 0.234733 	 0.449510
  141 	 0.006719 	 0.231404 	 0.442100
  142 	 0.006468 	 0.229313 	 0.448499
  143 	 0.007414 	 0.234909 	 0.450027
  144 	 0.007143 	 0.227481 	 0.452485
  145 	 0.006903 	 0.227585 	 0.435452
  146 	 0.006300 	 0.228766 	 0.447318
  147 	 0.006771 	 0.239355 	 0.438338
  148 	 0.006852 	 0.237347 	 0.431797
  149 	 0.007982 	 0.213375 	 0.432507
  150 	 0.006939 	 0.217783 	 0.450461
  151 	 0.006911 	 0.220644 	 0.446088
  152 	 0.006829 	 0.235564 	 0.446558
  153 	 0.005809 	 0.225962 	 0.443564
  154 	 0.006555 	 0.216550 	 0.446093
  155 	 0.006626 	 0.211934 	 0.442964
  156 	 0.008084 	 0.189252 	 0.445362
  157 	 0.005516 	 0.199492 	 0.434186
  158 	 0.006882 	 0.219295 	 0.434186
  159 	 0.006342 	 0.214866 	 0.436258
  160 	 0.009279 	 0.226767 	 0.437868
  161 	 0.009561 	 0.217153 	 0.436404
  162 	 0.006403 	 0.218822 	 0.436404
  163 	 0.006864 	 0.222947 	 0.438185
  164 	 0.006687 	 0.219024 	 0.426501
  165 	 0.006454 	 0.209299 	 0.427301
  166 	 0.006807 	 0.224939 	 0.432133
  167 	 0.006967 	 0.230648 	 0.426881
  168 	 0.006610 	 0.225334 	 0.429412
  169 	 0.006937 	 0.235541 	 0.418943
  170 	 0.006928 	 0.234524 	 0.437633
  171 	 0.006907 	 0.233892 	 0.414893
  172 	 0.006855 	 0.237029 	 0.415520
  173 	 0.006964 	 0.237489 	 0.414980
  174 	 0.006552 	 0.230252 	 0.434882
  175 	 0.007062 	 0.254310 	 0.436350
  176 	 0.009744 	 0.270981 	 0.443384
  177 	 0.009446 	 0.264939 	 0.439477
  178 	 0.007746 	 0.241753 	 0.439477
  179 	 0.006968 	 0.238511 	 0.439843
  180 	 0.009116 	 0.258058 	 0.445125
  181 	 0.006878 	 0.253644 	 0.439693
  182 	 0.006956 	 0.274780 	 0.439693
  183 	 0.006890 	 0.262565 	 0.441832
  184 	 0.005764 	 0.235324 	 0.439693
  185 	 0.008351 	 0.237936 	 0.444541
  186 	 0.006943 	 0.235197 	 0.451193
  187 	 0.005061 	 0.220474 	 0.451193
  188 	 0.009415 	 0.229956 	 0.450958
  189 	 0.006386 	 0.217470 	 0.450958
  190 	 0.006342 	 0.206172 	 0.450423
  191 	 0.006891 	 0.229026 	 0.449651
  192 	 0.006875 	 0.220573 	 0.444661
  193 	 0.007030 	 0.225709 	 0.444661
  194 	 0.006841 	 0.217692 	 0.449342
  195 	 0.006874 	 0.226321 	 0.441942
  196 	 0.006545 	 0.221574 	 0.434801
  197 	 0.006947 	 0.225573 	 0.440455
  198 	 0.006985 	 0.227529 	 0.443333
  199 	 0.006901 	 0.233183 	 0.440000
  200 	 0.006769 	 0.240713 	 0.440577
  201 	 0.007209 	 0.232385 	 0.434370
  202 	 0.006668 	 0.245318 	 0.442039
  203 	 0.006924 	 0.219124 	 0.433692
  204 	 0.006935 	 0.230415 	 0.434290
  205 	 0.006982 	 0.231673 	 0.445765
  206 	 0.006897 	 0.232541 	 0.445283
  207 	 0.006505 	 0.238454 	 0.443853
  208 	 0.005460 	 0.211035 	 0.442018
  209 	 0.006495 	 0.209255 	 0.442018
  210 	 0.006877 	 0.200740 	 0.442018
  211 	 0.006090 	 0.198897 	 0.421113
  212 	 0.007053 	 0.210800 	 0.449333
  213 	 0.006888 	 0.216673 	 0.446922
  214 	 0.004415 	 0.215162 	 0.438477
  215 	 0.006955 	 0.231367 	 0.439635
  216 	 0.006902 	 0.223975 	 0.439635
  217 	 0.007553 	 0.237867 	 0.440268
  218 	 0.004380 	 0.241946 	 0.440268
  219 	 0.006931 	 0.244018 	 0.442697
  220 	 0.005538 	 0.224933 	 0.443191
  221 	 0.006136 	 0.215041 	 0.444933
  222 	 0.006909 	 0.221144 	 0.445387
  223 	 0.007220 	 0.232555 	 0.439533
  224 	 0.006807 	 0.222326 	 0.436206
  225 	 0.004137 	 0.221715 	 0.443577
  226 	 0.004291 	 0.217868 	 0.431562
  227 	 0.004317 	 0.212862 	 0.429359
  228 	 0.006867 	 0.246185 	 0.453030
  229 	 0.006883 	 0.246362 	 0.444164
  230 	 0.006519 	 0.234567 	 0.447322
  231 	 0.006858 	 0.206146 	 0.447322
  232 	 0.006750 	 0.217516 	 0.447345
  233 	 0.005033 	 0.234545 	 0.447322
  234 	 0.008369 	 0.234953 	 0.446383
  235 	 0.006466 	 0.209471 	 0.445498
  236 	 0.006412 	 0.213955 	 0.446765
  237 	 0.006422 	 0.212182 	 0.447741
  238 	 0.006180 	 0.219682 	 0.448387
  239 	 0.006611 	 0.229266 	 0.448934
  240 	 0.008184 	 0.230719 	 0.449181
  241 	 0.006898 	 0.217982 	 0.450032
  242 	 0.006732 	 0.225288 	 0.437023
  243 	 0.006850 	 0.207131 	 0.435872
  244 	 0.006894 	 0.221056 	 0.437492
  245 	 0.006457 	 0.218530 	 0.448475
  246 	 0.006563 	 0.213745 	 0.437013
  247 	 0.013634 	 0.230166 	 0.442780
  248 	 0.005954 	 0.226702 	 0.444204
  249 	 0.006925 	 0.232418 	 0.436968
  250 	 0.006389 	 0.232527 	 0.440018
  251 	 0.006947 	 0.236222 	 0.440018
  252 	 0.006952 	 0.241650 	 0.443682
  253 	 0.003683 	 0.248475 	 0.443682
  254 	 0.006963 	 0.237074 	 0.445855
  255 	 0.006919 	 0.240921 	 0.438952
  256 	 0.006979 	 0.227426 	 0.439820
  257 	 0.006946 	 0.234588 	 0.448847
  258 	 0.006907 	 0.234172 	 0.444312
  259 	 0.009269 	 0.239106 	 0.444312
  260 	 0.007078 	 0.242847 	 0.444553
  261 	 0.006910 	 0.235906 	 0.444553
  262 	 0.009899 	 0.229010 	 0.444553
  263 	 0.006879 	 0.228021 	 0.444553
  264 	 0.006871 	 0.212566 	 0.445327
  265 	 0.006873 	 0.216788 	 0.447301
  266 	 0.006837 	 0.213298 	 0.445416
  267 	 0.006758 	 0.217121 	 0.435873
  268 	 0.006552 	 0.213697 	 0.450438
  269 	 0.006894 	 0.216911 	 0.431950
  270 	 0.006948 	 0.224891 	 0.427603
  271 	 0.006730 	 0.220225 	 0.423713
  272 	 0.006912 	 0.219000 	 0.437210
  273 	 0.007237 	 0.218377 	 0.435228
  274 	 0.007108 	 0.235075 	 0.439627
  275 	 0.006367 	 0.207813 	 0.435383
  276 	 0.006371 	 0.220041 	 0.436608
  277 	 0.006464 	 0.233626 	 0.439620
  278 	 0.006930 	 0.223198 	 0.439620
  279 	 0.004317 	 0.218872 	 0.441790
  280 	 0.004359 	 0.204675 	 0.443408
  281 	 0.006988 	 0.224537 	 0.440510
  282 	 0.006930 	 0.230194 	 0.435728
  283 	 0.006915 	 0.226364 	 0.443365
  284 	 0.007039 	 0.234461 	 0.438975
  285 	 0.006934 	 0.234380 	 0.442437
  286 	 0.006796 	 0.221577 	 0.437674
  287 	 0.007001 	 0.240462 	 0.438528
  288 	 0.007187 	 0.225246 	 0.447462
  289 	 0.006910 	 0.224746 	 0.444600
  290 	 0.006867 	 0.220074 	 0.442405
  291 	 0.006800 	 0.230711 	 0.443049
  292 	 0.006905 	 0.233717 	 0.443049
  293 	 0.004364 	 0.241555 	 0.443341
  294 	 0.006774 	 0.235876 	 0.445550
  295 	 0.008790 	 0.241328 	 0.435499
  296 	 0.006821 	 0.247028 	 0.439617
  297 	 0.006781 	 0.235834 	 0.439617
  298 	 0.007055 	 0.241299 	 0.440789
  299 	 0.007031 	 0.237115 	 0.435762
  300 	 0.005603 	 0.238670 	 0.441362
  301 	 0.006557 	 0.236022 	 0.441362
  302 	 0.009954 	 0.241004 	 0.448931
  303 	 0.006671 	 0.242482 	 0.448931
  304 	 0.009363 	 0.243616 	 0.448931
  305 	 0.006916 	 0.238325 	 0.449537
  306 	 0.005804 	 0.229052 	 0.448119
  307 	 0.006909 	 0.232368 	 0.449065
  308 	 0.009213 	 0.236047 	 0.445467
  309 	 0.006884 	 0.239704 	 0.450830
  310 	 0.006912 	 0.223044 	 0.445795
  311 	 0.006364 	 0.225604 	 0.445624
  312 	 0.006922 	 0.220377 	 0.463900
  313 	 0.007051 	 0.230245 	 0.442729
  314 	 0.006256 	 0.239713 	 0.440521
  315 	 0.007865 	 0.233249 	 0.443485
  316 	 0.006914 	 0.224465 	 0.445463
  317 	 0.006930 	 0.227713 	 0.443367
  318 	 0.006909 	 0.224962 	 0.439041
  319 	 0.006953 	 0.225286 	 0.436815
  320 	 0.005426 	 0.218401 	 0.439683
  321 	 0.006866 	 0.217039 	 0.439390
  322 	 0.005541 	 0.213143 	 0.438335
  323 	 0.006903 	 0.212250 	 0.437046
  324 	 0.006905 	 0.224569 	 0.437200
  325 	 0.007020 	 0.242275 	 0.445527
  326 	 0.006874 	 0.247896 	 0.444929
  327 	 0.006859 	 0.247971 	 0.444960
  328 	 0.006306 	 0.244114 	 0.442736
  329 	 0.006293 	 0.253374 	 0.446694
  330 	 0.006482 	 0.230098 	 0.445607
  331 	 0.006081 	 0.222567 	 0.449640
  332 	 0.006819 	 0.239632 	 0.449640
  333 	 0.006938 	 0.239437 	 0.447344
  334 	 0.006790 	 0.243503 	 0.443001
  335 	 0.006411 	 0.238967 	 0.453755
  336 	 0.006847 	 0.249257 	 0.436270
  337 	 0.006894 	 0.235637 	 0.437740
  338 	 0.006862 	 0.216445 	 0.436566
  339 	 0.006823 	 0.218267 	 0.436566
  340 	 0.007050 	 0.215412 	 0.437715
  341 	 0.006803 	 0.237740 	 0.437463
  342 	 0.006862 	 0.234224 	 0.436217
  343 	 0.006989 	 0.235928 	 0.437820
  344 	 0.007118 	 0.233111 	 0.445895
  345 	 0.010246 	 0.231362 	 0.446454
  346 	 0.006900 	 0.258408 	 0.439628
  347 	 0.006842 	 0.237733 	 0.436089
  348 	 0.006958 	 0.231449 	 0.436089
  349 	 0.006851 	 0.218900 	 0.438819
  350 	 0.006420 	 0.223453 	 0.436521
  351 	 0.006391 	 0.231788 	 0.438509
  352 	 0.007169 	 0.228965 	 0.432869
  353 	 0.006952 	 0.236986 	 0.437135
  354 	 0.006985 	 0.233837 	 0.445065
  355 	 0.006813 	 0.238447 	 0.442230
  356 	 0.006845 	 0.219316 	 0.437749
  357 	 0.006864 	 0.228487 	 0.435182
  358 	 0.006851 	 0.230283 	 0.428985
  359 	 0.006568 	 0.226597 	 0.432222
  360 	 0.006905 	 0.244061 	 0.439685
  361 	 0.009306 	 0.228134 	 0.435768
  362 	 0.006964 	 0.238358 	 0.436430
  363 	 0.006949 	 0.230523 	 0.436768
  364 	 0.006244 	 0.245605 	 0.440717
  365 	 0.007786 	 0.255634 	 0.441492
  366 	 0.006923 	 0.250251 	 0.443671
  367 	 0.006888 	 0.259880 	 0.443439
  368 	 0.006128 	 0.252932 	 0.440561
  369 	 0.007116 	 0.270948 	 0.438064
  370 	 0.006651 	 0.249954 	 0.438717
  371 	 0.006703 	 0.252112 	 0.440242
  372 	 0.007059 	 0.256005 	 0.444600
  373 	 0.006909 	 0.241694 	 0.444206
  374 	 0.006929 	 0.231886 	 0.444384
  375 	 0.006254 	 0.222496 	 0.444384
  376 	 0.006930 	 0.226005 	 0.442174
  377 	 0.006886 	 0.227402 	 0.445615
  378 	 0.006453 	 0.222140 	 0.443042
  379 	 0.006951 	 0.256618 	 0.443266
  380 	 0.007055 	 0.261533 	 0.445506
  381 	 0.006549 	 0.258886 	 0.445506
  382 	 0.008032 	 0.248263 	 0.447385
  383 	 0.006929 	 0.253002 	 0.435140
  384 	 0.006945 	 0.229795 	 0.440206
  385 	 0.006424 	 0.223037 	 0.440206
  386 	 0.006556 	 0.230184 	 0.443080
  387 	 0.006681 	 0.241414 	 0.439067
  388 	 0.006131 	 0.234918 	 0.439067
  389 	 0.009450 	 0.242979 	 0.431404
  390 	 0.006887 	 0.220239 	 0.432611
  391 	 0.008879 	 0.209905 	 0.442461
  392 	 0.006917 	 0.227510 	 0.445988
  393 	 0.006816 	 0.222476 	 0.441185
  394 	 0.006752 	 0.229157 	 0.441185
  395 	 0.006996 	 0.232446 	 0.436383
  396 	 0.006912 	 0.231772 	 0.436861
  397 	 0.006912 	 0.229704 	 0.437230
  398 	 0.006934 	 0.245504 	 0.439272
  399 	 0.006628 	 0.238853 	 0.428524
  400 	 0.006690 	 0.244955 	 0.435191
  401 	 0.006929 	 0.258788 	 0.439253
  402 	 0.006921 	 0.255350 	 0.442833
  403 	 0.006945 	 0.251384 	 0.442833
  404 	 0.006886 	 0.243314 	 0.443594
  405 	 0.007085 	 0.250637 	 0.440233
  406 	 0.006809 	 0.235879 	 0.440662
  407 	 0.009076 	 0.240458 	 0.442613
  408 	 0.007003 	 0.245376 	 0.440612
  409 	 0.006454 	 0.237986 	 0.442389
  410 	 0.006927 	 0.222082 	 0.441386
  411 	 0.006798 	 0.216275 	 0.437525
  412 	 0.006967 	 0.214164 	 0.439397
  413 	 0.006943 	 0.220875 	 0.441058
  414 	 0.006940 	 0.233197 	 0.441058
  415 	 0.006901 	 0.233980 	 0.437822
  416 	 0.006955 	 0.236329 	 0.436956
  417 	 0.006892 	 0.244476 	 0.445435
  418 	 0.006743 	 0.238332 	 0.434485
  419 	 0.006493 	 0.233695 	 0.441608
  420 	 0.006495 	 0.225645 	 0.431729
  421 	 0.006931 	 0.233649 	 0.431729
  422 	 0.004292 	 0.245609 	 0.434237
  423 	 0.005715 	 0.220523 	 0.434553
  424 	 0.006534 	 0.205097 	 0.426746
  425 	 0.006566 	 0.214870 	 0.438062
  426 	 0.006841 	 0.216260 	 0.429488
  427 	 0.004038 	 0.218120 	 0.431346
  428 	 0.006983 	 0.226658 	 0.432887
  429 	 0.006885 	 0.243182 	 0.432159
  430 	 0.005596 	 0.234120 	 0.427971
  431 	 0.006917 	 0.222918 	 0.433199
  432 	 0.006917 	 0.238739 	 0.430577
  433 	 0.009744 	 0.240092 	 0.430481
  434 	 0.004304 	 0.238796 	 0.436389
  435 	 0.006898 	 0.234942 	 0.436773
  436 	 0.006163 	 0.230399 	 0.433007
  437 	 0.006218 	 0.230436 	 0.434769
  438 	 0.006311 	 0.224551 	 0.437089
  439 	 0.005691 	 0.222597 	 0.437095
  440 	 0.009795 	 0.252201 	 0.437095
  441 	 0.006828 	 0.248073 	 0.437095
  442 	 0.006333 	 0.237335 	 0.435351
  443 	 0.007064 	 0.238138 	 0.434494
  444 	 0.006840 	 0.229703 	 0.428193
  445 	 0.004383 	 0.216044 	 0.428129
  446 	 0.004850 	 0.233674 	 0.431498
  447 	 0.007048 	 0.232698 	 0.431631
  448 	 0.006936 	 0.226118 	 0.437244
  449 	 0.009440 	 0.228010 	 0.440211
  450 	 0.006837 	 0.213610 	 0.440211
  451 	 0.006569 	 0.221737 	 0.440211
  452 	 0.006172 	 0.203143 	 0.440211
  453 	 0.007032 	 0.221745 	 0.440211
  454 	 0.004339 	 0.226121 	 0.439816
  455 	 0.006559 	 0.231894 	 0.425110
  456 	 0.006584 	 0.235891 	 0.439857
  457 	 0.007059 	 0.228758 	 0.430382
  458 	 0.006969 	 0.224850 	 0.436179
  459 	 0.006952 	 0.238315 	 0.436549
  460 	 0.006916 	 0.229853 	 0.421907
  461 	 0.006757 	 0.235528 	 0.423156
  462 	 0.006959 	 0.227967 	 0.425744
  463 	 0.006952 	 0.245336 	 0.432236
  464 	 0.006407 	 0.240895 	 0.429318
  465 	 0.006414 	 0.225996 	 0.429417
  466 	 0.006414 	 0.239387 	 0.442276
  467 	 0.006528 	 0.234285 	 0.442276
  468 	 0.006432 	 0.230244 	 0.442161
  469 	 0.006428 	 0.245447 	 0.431773
  470 	 0.008292 	 0.234989 	 0.434172
  471 	 0.009612 	 0.232331 	 0.441839
  472 	 0.006531 	 0.224527 	 0.438016
  473 	 0.006844 	 0.216346 	 0.431545
  474 	 0.006899 	 0.216561 	 0.428683
  475 	 0.006178 	 0.215093 	 0.431819
  476 	 0.006917 	 0.213422 	 0.437857
  477 	 0.006792 	 0.219809 	 0.427319
  478 	 0.005151 	 0.213749 	 0.437769
  479 	 0.009928 	 0.224041 	 0.433809
  480 	 0.006590 	 0.231214 	 0.436728
  481 	 0.009772 	 0.225503 	 0.444586
  482 	 0.006904 	 0.236028 	 0.444586
  483 	 0.009508 	 0.221096 	 0.441001
  484 	 0.006941 	 0.223918 	 0.437487
  485 	 0.006923 	 0.227056 	 0.437487
  486 	 0.006955 	 0.220644 	 0.437487
  487 	 0.006899 	 0.243278 	 0.437487
  488 	 0.007030 	 0.242491 	 0.433109
  489 	 0.006999 	 0.240813 	 0.440800
  490 	 0.006955 	 0.225267 	 0.436102
  491 	 0.006789 	 0.238765 	 0.437010
  492 	 0.008963 	 0.228062 	 0.437010
  493 	 0.006915 	 0.228696 	 0.432620
  494 	 0.006153 	 0.253301 	 0.441568
  495 	 0.006914 	 0.239341 	 0.438342
  496 	 0.006931 	 0.221814 	 0.438333
  497 	 0.006937 	 0.223834 	 0.438333
  498 	 0.006876 	 0.225247 	 0.439836
  499 	 0.006928 	 0.222105 	 0.440745
 