   0 	 0.002903 	 0.010878 	 0.052369
    1 	 0.003397 	 0.013582 	 0.052388
    2 	 0.004900 	 0.014896 	 0.055428
    3 	 0.004875 	 0.016946 	 0.055441
    4 	 0.005615 	 0.017968 	 0.055925
    5 	 0.005513 	 0.019586 	 0.060304
    6 	 0.005530 	 0.020484 	 0.060647
    7 	 0.005443 	 0.021981 	 0.072238
    8 	 0.006052 	 0.023253 	 0.066374
    9 	 0.004853 	 0.024144 	 0.066374
   10 	 0.005898 	 0.028543 	 0.076973
   11 	 0.007721 	 0.030673 	 0.076973
   12 	 0.006229 	 0.031074 	 0.097655
   13 	 0.006785 	 0.036523 	 0.111976
   14 	 0.006834 	 0.038733 	 0.111976
   15 	 0.007302 	 0.041083 	 0.113269
   16 	 0.006893 	 0.042717 	 0.124159
   17 	 0.004445 	 0.040062 	 0.113390
   18 	 0.007030 	 0.041991 	 0.121253
   19 	 0.006441 	 0.043862 	 0.152334
   20 	 0.006725 	 0.050055 	 0.179218
   21 	 0.006927 	 0.048763 	 0.158033
   22 	 0.006517 	 0.054402 	 0.174724
   23 	 0.006876 	 0.057136 	 0.186366
   24 	 0.006234 	 0.058123 	 0.186366
   25 	 0.006362 	 0.061170 	 0.231315
   26 	 0.006946 	 0.067284 	 0.230908
   27 	 0.006516 	 0.069701 	 0.215178
   28 	 0.006616 	 0.080304 	 0.220782
   29 	 0.006379 	 0.075837 	 0.222270
   30 	 0.006886 	 0.083655 	 0.243229
   31 	 0.006542 	 0.085314 	 0.259641
   32 	 0.006617 	 0.094042 	 0.229768
   33 	 0.005467 	 0.104133 	 0.243766
   34 	 0.006681 	 0.108043 	 0.262517
   35 	 0.006824 	 0.113548 	 0.262517
   36 	 0.006227 	 0.113167 	 0.252705
   37 	 0.006987 	 0.121977 	 0.326949
   38 	 0.006024 	 0.118455 	 0.349229
   39 	 0.009297 	 0.127225 	 0.349229
   40 	 0.006729 	 0.128535 	 0.341674
   41 	 0.006666 	 0.132939 	 0.338890
   42 	 0.006439 	 0.140693 	 0.335182
   43 	 0.006911 	 0.123023 	 0.286798
   44 	 0.006003 	 0.123110 	 0.297745
   45 	 0.007999 	 0.136045 	 0.321757
   46 	 0.006837 	 0.146917 	 0.321364
   47 	 0.006562 	 0.139222 	 0.376969
   48 	 0.006535 	 0.150135 	 0.369941
   49 	 0.006719 	 0.151676 	 0.369897
   50 	 0.006891 	 0.151457 	 0.369583
   51 	 0.006328 	 0.156724 	 0.369583
   52 	 0.006873 	 0.151758 	 0.369583
   53 	 0.009243 	 0.151615 	 0.370329
   54 	 0.006801 	 0.152485 	 0.368423
   55 	 0.006886 	 0.157528 	 0.343165
   56 	 0.006689 	 0.164903 	 0.358110
   57 	 0.006681 	 0.162815 	 0.385719
   58 	 0.006748 	 0.166786 	 0.374358
   59 	 0.008998 	 0.168093 	 0.373052
   60 	 0.005360 	 0.169847 	 0.381242
   61 	 0.006856 	 0.163874 	 0.372881
   62 	 0.007108 	 0.168066 	 0.415034
   63 	 0.006807 	 0.168763 	 0.423480
   64 	 0.005477 	 0.161361 	 0.433543
   65 	 0.005422 	 0.177038 	 0.433556
   66 	 0.007018 	 0.184596 	 0.434592
   67 	 0.007013 	 0.193176 	 0.441274
   68 	 0.006903 	 0.182912 	 0.386617
   69 	 0.005467 	 0.181438 	 0.437625
   70 	 0.006817 	 0.174037 	 0.441548
   71 	 0.006631 	 0.177666 	 0.441548
   72 	 0.007331 	 0.167489 	 0.406172
   73 	 0.010607 	 0.168087 	 0.387641
   74 	 0.006890 	 0.167130 	 0.404900
   75 	 0.006507 	 0.186460 	 0.432519
   76 	 0.006790 	 0.194497 	 0.436756
   77 	 0.006866 	 0.188923 	 0.436756
   78 	 0.006861 	 0.183810 	 0.437998
   79 	 0.006129 	 0.188271 	 0.437761
   80 	 0.006991 	 0.189747 	 0.430283
   81 	 0.006985 	 0.202098 	 0.441602
   82 	 0.006676 	 0.207387 	 0.429220
   83 	 0.005531 	 0.210369 	 0.447901
   84 	 0.006407 	 0.218396 	 0.434684
   85 	 0.007031 	 0.214389 	 0.434684
   86 	 0.006797 	 0.218189 	 0.438208
   87 	 0.008962 	 0.212918 	 0.434125
   88 	 0.006609 	 0.209197 	 0.437119
   89 	 0.006478 	 0.211217 	 0.460511
   90 	 0.006413 	 0.216593 	 0.459862
   91 	 0.005502 	 0.210273 	 0.459862
   92 	 0.007066 	 0.219651 	 0.451228
   93 	 0.006765 	 0.208497 	 0.455668
   94 	 0.005337 	 0.227469 	 0.451556
   95 	 0.006881 	 0.216239 	 0.440847
   96 	 0.005204 	 0.229237 	 0.445453
   97 	 0.004541 	 0.224325 	 0.436545
   98 	 0.006852 	 0.214018 	 0.445650
   99 	 0.006854 	 0.220973 	 0.445161
  100 	 0.006994 	 0.225828 	 0.448915
  101 	 0.006973 	 0.224129 	 0.448915
  102 	 0.006782 	 0.218955 	 0.462728
  103 	 0.006936 	 0.206177 	 0.442299
  104 	 0.008519 	 0.209801 	 0.452905
  105 	 0.006982 	 0.225898 	 0.446752
  106 	 0.005409 	 0.207643 	 0.464702
  107 	 0.006782 	 0.215636 	 0.466724
  108 	 0.006543 	 0.223451 	 0.447713
  109 	 0.006780 	 0.225107 	 0.447713
  110 	 0.009825 	 0.219135 	 0.450910
  111 	 0.006715 	 0.203169 	 0.447713
  112 	 0.006638 	 0.210884 	 0.447713
  113 	 0.006512 	 0.212932 	 0.448164
  114 	 0.008892 	 0.212844 	 0.460377
  115 	 0.009456 	 0.211964 	 0.454359
  116 	 0.006958 	 0.235268 	 0.438928
  117 	 0.005151 	 0.239621 	 0.459165
  118 	 0.006158 	 0.238746 	 0.452447
  119 	 0.009263 	 0.243608 	 0.448622
  120 	 0.006379 	 0.222006 	 0.460667
  121 	 0.006982 	 0.220684 	 0.453799
  122 	 0.006987 	 0.203108 	 0.449981
  123 	 0.006925 	 0.220284 	 0.446050
  124 	 0.006881 	 0.226002 	 0.448305
  125 	 0.006932 	 0.240734 	 0.454527
  126 	 0.007951 	 0.225999 	 0.454527
  127 	 0.006518 	 0.228980 	 0.451987
  128 	 0.006449 	 0.211127 	 0.458230
  129 	 0.006567 	 0.230358 	 0.454795
  130 	 0.006839 	 0.224708 	 0.458014
  131 	 0.006866 	 0.236886 	 0.459620
  132 	 0.006707 	 0.248475 	 0.459620
  133 	 0.008943 	 0.244761 	 0.450655
  134 	 0.007032 	 0.236068 	 0.462180
  135 	 0.006840 	 0.227841 	 0.462789
  136 	 0.006786 	 0.218691 	 0.443612
  137 	 0.005871 	 0.217904 	 0.455120
  138 	 0.006839 	 0.234482 	 0.464523
  139 	 0.007023 	 0.232047 	 0.466765
  140 	 0.005551 	 0.230167 	 0.466830
  141 	 0.006894 	 0.247115 	 0.469400
  142 	 0.006855 	 0.244559 	 0.473798
  143 	 0.005952 	 0.239148 	 0.466324
  144 	 0.006651 	 0.243153 	 0.465542
  145 	 0.006433 	 0.224236 	 0.466464
  146 	 0.006872 	 0.219514 	 0.457521
  147 	 0.006871 	 0.231972 	 0.460732
  148 	 0.006865 	 0.213101 	 0.453732
  149 	 0.006857 	 0.212632 	 0.466576
  150 	 0.006017 	 0.232395 	 0.467141
  151 	 0.009301 	 0.232408 	 0.448249
  152 	 0.006820 	 0.239172 	 0.446840
  153 	 0.006822 	 0.230882 	 0.450664
  154 	 0.007019 	 0.225816 	 0.468289
  155 	 0.007011 	 0.202548 	 0.463710
  156 	 0.006881 	 0.217658 	 0.463710
  157 	 0.006793 	 0.221698 	 0.474591
  158 	 0.006813 	 0.209507 	 0.465143
  159 	 0.004792 	 0.194172 	 0.439519
  160 	 0.009118 	 0.198628 	 0.446931
  161 	 0.004963 	 0.226944 	 0.452569
  162 	 0.006914 	 0.225871 	 0.449060
  163 	 0.006774 	 0.232106 	 0.466576
  164 	 0.006933 	 0.220483 	 0.450060
  165 	 0.006877 	 0.227242 	 0.453767
  166 	 0.006715 	 0.228108 	 0.451793
  167 	 0.006717 	 0.229925 	 0.462928
  168 	 0.006911 	 0.243071 	 0.470995
  169 	 0.006768 	 0.249271 	 0.470942
  170 	 0.006854 	 0.249634 	 0.470942
  171 	 0.006869 	 0.234545 	 0.455732
  172 	 0.006855 	 0.233881 	 0.456630
  173 	 0.006961 	 0.252793 	 0.461273
  174 	 0.006907 	 0.253703 	 0.456843
  175 	 0.006890 	 0.244172 	 0.454054
  176 	 0.006904 	 0.238858 	 0.456274
  177 	 0.005348 	 0.248575 	 0.471384
  178 	 0.005490 	 0.229796 	 0.471110
  179 	 0.006873 	 0.221692 	 0.471110
  180 	 0.009875 	 0.231266 	 0.471110
  181 	 0.006858 	 0.240701 	 0.471110
  182 	 0.005546 	 0.252180 	 0.459562
  183 	 0.005427 	 0.236425 	 0.468061
  184 	 0.006994 	 0.249100 	 0.473814
  185 	 0.006993 	 0.251300 	 0.473814
  186 	 0.007279 	 0.256612 	 0.457455
  187 	 0.006870 	 0.244003 	 0.459450
  188 	 0.007030 	 0.243748 	 0.460578
  189 	 0.006921 	 0.251527 	 0.456405
  190 	 0.007745 	 0.245733 	 0.458121
  191 	 0.006921 	 0.235239 	 0.453053
  192 	 0.006909 	 0.239051 	 0.467603
  193 	 0.006885 	 0.235219 	 0.456685
  194 	 0.006477 	 0.221053 	 0.462323
  195 	 0.009280 	 0.214409 	 0.449137
  196 	 0.009412 	 0.231677 	 0.461221
  197 	 0.006632 	 0.250037 	 0.452925
  198 	 0.006697 	 0.234198 	 0.453938
  199 	 0.006634 	 0.252643 	 0.461492
  200 	 0.009427 	 0.257265 	 0.463385
  201 	 0.006886 	 0.245308 	 0.463385
  202 	 0.006875 	 0.245978 	 0.460432
  203 	 0.007684 	 0.235051 	 0.456240
  204 	 0.006927 	 0.247279 	 0.460284
  205 	 0.006856 	 0.233914 	 0.462284
  206 	 0.006770 	 0.238561 	 0.466291
  207 	 0.006186 	 0.236572 	 0.465643
  208 	 0.005461 	 0.227883 	 0.465705
  209 	 0.006823 	 0.235882 	 0.475567
  210 	 0.006887 	 0.240283 	 0.464397
  211 	 0.006444 	 0.237543 	 0.466390
  212 	 0.006863 	 0.251902 	 0.476989
  213 	 0.004998 	 0.230959 	 0.467611
  214 	 0.009082 	 0.234213 	 0.467617
  215 	 0.006925 	 0.247425 	 0.463708
  216 	 0.006933 	 0.254165 	 0.473041
  217 	 0.006885 	 0.249549 	 0.475985
  218 	 0.005442 	 0.252688 	 0.460739
  219 	 0.006049 	 0.254392 	 0.474992
  220 	 0.006076 	 0.244500 	 0.467632
  221 	 0.008188 	 0.243478 	 0.472800
  222 	 0.006834 	 0.241191 	 0.471914
  223 	 0.006503 	 0.235753 	 0.468594
  224 	 0.007006 	 0.230578 	 0.469766
  225 	 0.006880 	 0.232478 	 0.461146
  226 	 0.006645 	 0.235329 	 0.461154
  227 	 0.006885 	 0.230394 	 0.461892
  228 	 0.009260 	 0.230796 	 0.451603
  229 	 0.006911 	 0.222996 	 0.454561
  230 	 0.006874 	 0.233236 	 0.467966
  231 	 0.006568 	 0.220888 	 0.463506
  232 	 0.006895 	 0.228535 	 0.463532
  233 	 0.005387 	 0.228908 	 0.451340
  234 	 0.006913 	 0.230438 	 0.461584
  235 	 0.006369 	 0.227838 	 0.454085
  236 	 0.006699 	 0.240319 	 0.464786
  237 	 0.006459 	 0.231406 	 0.468983
  238 	 0.005540 	 0.230523 	 0.464912
  239 	 0.006521 	 0.222347 	 0.463126
  240 	 0.006949 	 0.217665 	 0.463126
  241 	 0.006955 	 0.219867 	 0.463891
  242 	 0.005989 	 0.217768 	 0.463891
  243 	 0.006919 	 0.234538 	 0.463257
  244 	 0.004957 	 0.215042 	 0.473737
  245 	 0.005675 	 0.235326 	 0.477991
  246 	 0.005675 	 0.228974 	 0.458874
  247 	 0.006943 	 0.227646 	 0.470350
  248 	 0.006927 	 0.257654 	 0.463362
  249 	 0.006960 	 0.253804 	 0.470070
  250 	 0.006990 	 0.216302 	 0.470070
  251 	 0.006847 	 0.216703 	 0.475571
  252 	 0.005902 	 0.227201 	 0.474758
  253 	 0.006835 	 0.221652 	 0.478769
  254 	 0.006781 	 0.240899 	 0.474389
  255 	 0.009601 	 0.243390 	 0.471832
  256 	 0.006943 	 0.253094 	 0.471863
  257 	 0.006762 	 0.239961 	 0.473609
  258 	 0.007936 	 0.251776 	 0.474170
  259 	 0.005104 	 0.244079 	 0.478245
  260 	 0.005339 	 0.240987 	 0.478210
  261 	 0.005479 	 0.249460 	 0.470934
  262 	 0.005553 	 0.240854 	 0.478730
  263 	 0.006314 	 0.248353 	 0.479418
  264 	 0.006934 	 0.242492 	 0.476865
  265 	 0.009496 	 0.257361 	 0.485498
  266 	 0.006952 	 0.249957 	 0.475122
  267 	 0.006690 	 0.273637 	 0.481740
  268 	 0.006894 	 0.264058 	 0.481796
  269 	 0.006932 	 0.281666 	 0.481796
  270 	 0.009414 	 0.279271 	 0.477880
  271 	 0.006953 	 0.275980 	 0.475566
  272 	 0.006855 	 0.255993 	 0.479508
  273 	 0.006959 	 0.243781 	 0.479508
  274 	 0.006906 	 0.259034 	 0.480630
  275 	 0.005989 	 0.248497 	 0.470240
  276 	 0.006921 	 0.261212 	 0.470300
  277 	 0.006847 	 0.259085 	 0.472074
  278 	 0.006718 	 0.242833 	 0.472600
  279 	 0.006400 	 0.240161 	 0.469560
  280 	 0.006471 	 0.261832 	 0.474222
  281 	 0.007004 	 0.270519 	 0.474481
  282 	 0.005505 	 0.240787 	 0.470885
  283 	 0.005371 	 0.252668 	 0.470127
  284 	 0.006983 	 0.264681 	 0.475122
  285 	 0.006939 	 0.260172 	 0.476489
  286 	 0.009083 	 0.241909 	 0.473643
  287 	 0.009166 	 0.245106 	 0.473643
  288 	 0.006127 	 0.255507 	 0.469109
  289 	 0.006472 	 0.267616 	 0.478478
  290 	 0.009086 	 0.243786 	 0.476245
  291 	 0.007024 	 0.242112 	 0.477155
  292 	 0.006925 	 0.246124 	 0.475083
  293 	 0.006856 	 0.256596 	 0.475083
  294 	 0.006855 	 0.243558 	 0.472600
  295 	 0.009256 	 0.226680 	 0.472958
  296 	 0.006091 	 0.255802 	 0.472958
  297 	 0.006091 	 0.239704 	 0.472074
  298 	 0.006771 	 0.249981 	 0.474334
  299 	 0.006911 	 0.248250 	 0.476113
  300 	 0.006833 	 0.258224 	 0.477541
  301 	 0.006934 	 0.253598 	 0.477909
  302 	 0.008888 	 0.227367 	 0.476047
  303 	 0.009096 	 0.250234 	 0.476047
  304 	 0.006873 	 0.256626 	 0.476047
  305 	 0.006192 	 0.264908 	 0.468477
  306 	 0.006886 	 0.236212 	 0.469347
  307 	 0.006193 	 0.246689 	 0.472218
  308 	 0.006790 	 0.232479 	 0.473424
  309 	 0.005004 	 0.240361 	 0.474778
  310 	 0.014575 	 0.256976 	 0.479107
  311 	 0.006147 	 0.259647 	 0.482354
  312 	 0.006616 	 0.248190 	 0.482354
  313 	 0.005777 	 0.226971 	 0.481704
  314 	 0.006675 	 0.237073 	 0.479128
  315 	 0.006981 	 0.228510 	 0.477687
  316 	 0.006019 	 0.234741 	 0.478997
  317 	 0.006945 	 0.239307 	 0.458033
  318 	 0.007318 	 0.228498 	 0.464709
  319 	 0.005900 	 0.238187 	 0.467860
  320 	 0.006854 	 0.235217 	 0.478699
  321 	 0.007910 	 0.240463 	 0.471903
  322 	 0.006055 	 0.249398 	 0.468442
  323 	 0.006927 	 0.277846 	 0.473350
  324 	 0.006914 	 0.270701 	 0.479886
  325 	 0.006897 	 0.267114 	 0.479886
  326 	 0.006073 	 0.279807 	 0.473709
  327 	 0.006972 	 0.253154 	 0.473923
  328 	 0.007480 	 0.274173 	 0.479198
  329 	 0.005554 	 0.279500 	 0.479198
  330 	 0.006911 	 0.272476 	 0.476113
  331 	 0.007485 	 0.268438 	 0.476435
  332 	 0.006980 	 0.261122 	 0.478881
  333 	 0.009053 	 0.238974 	 0.478745
  334 	 0.006784 	 0.252302 	 0.478745
  335 	 0.009420 	 0.260922 	 0.480681
  336 	 0.009421 	 0.243942 	 0.476579
  337 	 0.006941 	 0.243062 	 0.479750
  338 	 0.006841 	 0.236697 	 0.482677
  339 	 0.006845 	 0.239205 	 0.482487
  340 	 0.006814 	 0.237069 	 0.482491
  341 	 0.006147 	 0.236207 	 0.471139
  342 	 0.006847 	 0.229601 	 0.475006
  343 	 0.008205 	 0.239185 	 0.469031
  344 	 0.006807 	 0.233084 	 0.461807
  345 	 0.006865 	 0.238184 	 0.469391
  346 	 0.006754 	 0.230577 	 0.474333
  347 	 0.005372 	 0.232872 	 0.474333
  348 	 0.008953 	 0.253650 	 0.471885
  349 	 0.006890 	 0.255724 	 0.484115
  350 	 0.009545 	 0.255099 	 0.481094
  351 	 0.006828 	 0.255515 	 0.481215
  352 	 0.006886 	 0.266020 	 0.481584
  353 	 0.005020 	 0.236466 	 0.481225
  354 	 0.006353 	 0.243004 	 0.481225
  355 	 0.006411 	 0.248104 	 0.481205
  356 	 0.005472 	 0.270569 	 0.484844
  357 	 0.006920 	 0.271307 	 0.484844
  358 	 0.006569 	 0.281750 	 0.484844
  359 	 0.008526 	 0.276923 	 0.484844
  360 	 0.006918 	 0.264596 	 0.484401
  361 	 0.005333 	 0.260645 	 0.482631
  362 	 0.006474 	 0.261973 	 0.482118
  363 	 0.005790 	 0.246584 	 0.482118
  364 	 0.007076 	 0.256959 	 0.482075
  365 	 0.006852 	 0.249013 	 0.482075
  366 	 0.007197 	 0.246854 	 0.482258
  367 	 0.006873 	 0.231210 	 0.475429
  368 	 0.006903 	 0.230940 	 0.484155
  369 	 0.006837 	 0.243991 	 0.480562
  370 	 0.008650 	 0.245898 	 0.474814
  371 	 0.006912 	 0.238501 	 0.478328
  372 	 0.006041 	 0.228974 	 0.478328
  373 	 0.005716 	 0.233742 	 0.481567
  374 	 0.006149 	 0.241311 	 0.477738
  375 	 0.006162 	 0.244178 	 0.477285
  376 	 0.006126 	 0.245521 	 0.473160
  377 	 0.006904 	 0.250928 	 0.480503
  378 	 0.006963 	 0.266025 	 0.482465
  379 	 0.006910 	 0.279944 	 0.482499
  380 	 0.005493 	 0.268512 	 0.478825
  381 	 0.006905 	 0.257978 	 0.478299
  382 	 0.006784 	 0.247919 	 0.478416
  383 	 0.006868 	 0.252715 	 0.483170
  384 	 0.006834 	 0.251289 	 0.472664
  385 	 0.006958 	 0.249733 	 0.484043
  386 	 0.006274 	 0.258760 	 0.484395
  387 	 0.006864 	 0.249001 	 0.474542
  388 	 0.006925 	 0.226640 	 0.479128
  389 	 0.006946 	 0.257077 	 0.479116
  390 	 0.005036 	 0.265229 	 0.476864
  391 	 0.009293 	 0.247205 	 0.473149
  392 	 0.006900 	 0.263989 	 0.474188
  393 	 0.006884 	 0.256735 	 0.478322
  394 	 0.006132 	 0.267463 	 0.478322
  395 	 0.006949 	 0.263394 	 0.478400
  396 	 0.006888 	 0.269322 	 0.476134
  397 	 0.006460 	 0.244568 	 0.476735
  398 	 0.006455 	 0.242947 	 0.479327
  399 	 0.006921 	 0.243704 	 0.478316
  400 	 0.006583 	 0.239374 	 0.474510
  401 	 0.006851 	 0.237668 	 0.472686
  402 	 0.006939 	 0.255592 	 0.472922
  403 	 0.008891 	 0.259801 	 0.477106
  404 	 0.006736 	 0.257441 	 0.478441
  405 	 0.007080 	 0.267796 	 0.478407
  406 	 0.006364 	 0.267787 	 0.478407
  407 	 0.005447 	 0.262178 	 0.478367
  408 	 0.006162 	 0.281861 	 0.474965
  409 	 0.006504 	 0.291466 	 0.481463
  410 	 0.006486 	 0.273993 	 0.480502
  411 	 0.006516 	 0.259576 	 0.480502
  412 	 0.006936 	 0.256993 	 0.481506
  413 	 0.006938 	 0.247148 	 0.480144
  414 	 0.006515 	 0.243507 	 0.475310
  415 	 0.006899 	 0.221484 	 0.470556
  416 	 0.006883 	 0.242730 	 0.470556
  417 	 0.007343 	 0.256531 	 0.474713
  418 	 0.006980 	 0.268107 	 0.474293
  419 	 0.006820 	 0.263456 	 0.475493
  420 	 0.006914 	 0.265411 	 0.475408
  421 	 0.006953 	 0.251066 	 0.469272
  422 	 0.007206 	 0.264490 	 0.474012
  423 	 0.006861 	 0.259225 	 0.478331
  424 	 0.009461 	 0.248409 	 0.476938
  425 	 0.006879 	 0.266119 	 0.479759
  426 	 0.006629 	 0.276516 	 0.479759
  427 	 0.006915 	 0.265104 	 0.479759
  428 	 0.006927 	 0.250144 	 0.479759
  429 	 0.004570 	 0.248758 	 0.479742
  430 	 0.009450 	 0.255671 	 0.478989
  431 	 0.006832 	 0.254365 	 0.479076
  432 	 0.006941 	 0.249819 	 0.475777
  433 	 0.006891 	 0.244933 	 0.479498
  434 	 0.006959 	 0.230893 	 0.475451
  435 	 0.006125 	 0.226429 	 0.478555
  436 	 0.005690 	 0.241998 	 0.479656
  437 	 0.006961 	 0.245399 	 0.479656
  438 	 0.005540 	 0.219365 	 0.480894
  439 	 0.006962 	 0.221639 	 0.472601
  440 	 0.006867 	 0.240654 	 0.474233
  441 	 0.006856 	 0.227432 	 0.475405
  442 	 0.006718 	 0.225184 	 0.477365
  443 	 0.006886 	 0.227435 	 0.468310
  444 	 0.006885 	 0.234436 	 0.467212
  445 	 0.006788 	 0.234553 	 0.463897
  446 	 0.006827 	 0.220482 	 0.461607
  447 	 0.008830 	 0.193169 	 0.459635
  448 	 0.009495 	 0.198174 	 0.452288
  449 	 0.006937 	 0.202485 	 0.473498
  450 	 0.006249 	 0.204473 	 0.452259
  451 	 0.006664 	 0.197445 	 0.448476
  452 	 0.006795 	 0.210157 	 0.462778
  453 	 0.005495 	 0.212737 	 0.465884
  454 	 0.006939 	 0.219962 	 0.470808
  455 	 0.006897 	 0.212266 	 0.475032
  456 	 0.007680 	 0.223430 	 0.468002
  457 	 0.006704 	 0.215181 	 0.465399
  458 	 0.005506 	 0.217636 	 0.462228
  459 	 0.006817 	 0.222001 	 0.462228
  460 	 0.006991 	 0.210884 	 0.453716
  461 	 0.006993 	 0.200415 	 0.465317
  462 	 0.006938 	 0.237046 	 0.463178
  463 	 0.006954 	 0.237339 	 0.465834
  464 	 0.006491 	 0.237597 	 0.465195
  465 	 0.009409 	 0.242543 	 0.465851
  466 	 0.007020 	 0.243666 	 0.466480
  467 	 0.006257 	 0.259863 	 0.466772
  468 	 0.006901 	 0.255985 	 0.466772
  469 	 0.006025 	 0.235867 	 0.466772
  470 	 0.005287 	 0.228934 	 0.474701
  471 	 0.007701 	 0.227976 	 0.473524
  472 	 0.009499 	 0.222435 	 0.464906
  473 	 0.006971 	 0.235803 	 0.466106
  474 	 0.006911 	 0.242578 	 0.464095
  475 	 0.006838 	 0.246810 	 0.463059
  476 	 0.005562 	 0.247433 	 0.469166
  477 	 0.006893 	 0.251603 	 0.470461
  478 	 0.006834 	 0.258271 	 0.476130
  479 	 0.005455 	 0.254008 	 0.470452
  480 	 0.005409 	 0.240482 	 0.468039
  481 	 0.006197 	 0.239126 	 0.473466
  482 	 0.006892 	 0.225919 	 0.476722
  483 	 0.006803 	 0.232580 	 0.479487
  484 	 0.006358 	 0.238854 	 0.478493
  485 	 0.005970 	 0.244414 	 0.474529
  486 	 0.006890 	 0.222059 	 0.467866
  487 	 0.005520 	 0.213105 	 0.465415
  488 	 0.006962 	 0.207596 	 0.461101
  489 	 0.005553 	 0.204793 	 0.470896
  490 	 0.006855 	 0.206703 	 0.470896
  491 	 0.006889 	 0.223934 	 0.459091
  492 	 0.009238 	 0.245166 	 0.473248
  493 	 0.006950 	 0.232748 	 0.475444
  494 	 0.009448 	 0.223683 	 0.473248
  495 	 0.006880 	 0.227900 	 0.477269
  496 	 0.006939 	 0.238139 	 0.479561
  497 	 0.006469 	 0.234711 	 0.479796
  498 	 0.006909 	 0.250866 	 0.482564
  499 	 0.006929 	 0.242854 	 0.481439
 