   0 	 0.003494 	 0.010661 	 0.035804
    1 	 0.004055 	 0.013835 	 0.057930
    2 	 0.004815 	 0.015889 	 0.057914
    3 	 0.006191 	 0.017718 	 0.076474
    4 	 0.006200 	 0.020241 	 0.060764
    5 	 0.004292 	 0.022424 	 0.060402
    6 	 0.006499 	 0.024416 	 0.096304
    7 	 0.006442 	 0.026778 	 0.095191
    8 	 0.006354 	 0.029718 	 0.095991
    9 	 0.005216 	 0.035232 	 0.119065
   10 	 0.005018 	 0.038068 	 0.124968
   11 	 0.005013 	 0.038941 	 0.104753
   12 	 0.006607 	 0.042570 	 0.108840
   13 	 0.006560 	 0.046735 	 0.120412
   14 	 0.006641 	 0.048430 	 0.145665
   15 	 0.006282 	 0.049322 	 0.163042
   16 	 0.006762 	 0.051233 	 0.163543
   17 	 0.008569 	 0.053312 	 0.216014
   18 	 0.004781 	 0.054855 	 0.220426
   19 	 0.006803 	 0.055014 	 0.220426
   20 	 0.005705 	 0.062106 	 0.168941
   21 	 0.006904 	 0.063921 	 0.255102
   22 	 0.005848 	 0.063575 	 0.180615
   23 	 0.005582 	 0.064121 	 0.196547
   24 	 0.006458 	 0.070691 	 0.257045
   25 	 0.005450 	 0.071534 	 0.182298
   26 	 0.007039 	 0.076763 	 0.257842
   27 	 0.006776 	 0.073382 	 0.258669
   28 	 0.006988 	 0.074533 	 0.236135
   29 	 0.006435 	 0.080520 	 0.204342
   30 	 0.006760 	 0.083043 	 0.255274
   31 	 0.006211 	 0.087802 	 0.255274
   32 	 0.006710 	 0.087792 	 0.251621
   33 	 0.009430 	 0.098023 	 0.251621
   34 	 0.006914 	 0.090654 	 0.279552
   35 	 0.006695 	 0.091890 	 0.275226
   36 	 0.006428 	 0.095200 	 0.271057
   37 	 0.006864 	 0.100431 	 0.352812
   38 	 0.006662 	 0.107037 	 0.352812
   39 	 0.005474 	 0.113081 	 0.353501
   40 	 0.004911 	 0.121860 	 0.354373
   41 	 0.006671 	 0.118601 	 0.361569
   42 	 0.006911 	 0.115719 	 0.341433
   43 	 0.005038 	 0.111008 	 0.288836
   44 	 0.006742 	 0.117017 	 0.340488
   45 	 0.006655 	 0.117370 	 0.296657
   46 	 0.006856 	 0.116864 	 0.315215
   47 	 0.009339 	 0.125854 	 0.315880
   48 	 0.006652 	 0.123865 	 0.301979
   49 	 0.005195 	 0.125605 	 0.334737
   50 	 0.006624 	 0.121490 	 0.334520
   51 	 0.007324 	 0.127206 	 0.384640
   52 	 0.006800 	 0.127130 	 0.387516
   53 	 0.006160 	 0.134591 	 0.387516
   54 	 0.006451 	 0.136581 	 0.355202
   55 	 0.007234 	 0.126142 	 0.351219
   56 	 0.006875 	 0.129203 	 0.351219
   57 	 0.005460 	 0.127169 	 0.299707
   58 	 0.005779 	 0.123074 	 0.320609
   59 	 0.006875 	 0.128519 	 0.318374
   60 	 0.006665 	 0.134221 	 0.323313
   61 	 0.006630 	 0.140930 	 0.379190
   62 	 0.009493 	 0.147939 	 0.370921
   63 	 0.005084 	 0.153038 	 0.437360
   64 	 0.005371 	 0.151967 	 0.437349
   65 	 0.007218 	 0.156060 	 0.376927
   66 	 0.006886 	 0.163287 	 0.367521
   67 	 0.005024 	 0.165706 	 0.359931
   68 	 0.009366 	 0.166036 	 0.390710
   69 	 0.006894 	 0.164034 	 0.412803
   70 	 0.007034 	 0.155833 	 0.390710
   71 	 0.006182 	 0.158516 	 0.402752
   72 	 0.006669 	 0.171993 	 0.399525
   73 	 0.007272 	 0.172838 	 0.399525
   74 	 0.005510 	 0.172860 	 0.364809
   75 	 0.006758 	 0.174465 	 0.384629
   76 	 0.007024 	 0.176004 	 0.363103
   77 	 0.006625 	 0.171710 	 0.398995
   78 	 0.006636 	 0.162364 	 0.371956
   79 	 0.006923 	 0.167819 	 0.371798
   80 	 0.008249 	 0.166807 	 0.426240
   81 	 0.006838 	 0.157765 	 0.383630
   82 	 0.005115 	 0.177783 	 0.385018
   83 	 0.006610 	 0.184410 	 0.385018
   84 	 0.006816 	 0.167138 	 0.381072
   85 	 0.006805 	 0.176154 	 0.395801
   86 	 0.009264 	 0.177329 	 0.436792
   87 	 0.006932 	 0.187866 	 0.433384
   88 	 0.007085 	 0.196919 	 0.433384
   89 	 0.007004 	 0.207152 	 0.400178
   90 	 0.005461 	 0.207803 	 0.404440
   91 	 0.006859 	 0.194929 	 0.426900
   92 	 0.006679 	 0.190368 	 0.394457
   93 	 0.006980 	 0.204080 	 0.430508
   94 	 0.009193 	 0.194778 	 0.428108
   95 	 0.009358 	 0.198227 	 0.395371
   96 	 0.007020 	 0.204247 	 0.427659
   97 	 0.005791 	 0.198043 	 0.417405
   98 	 0.009097 	 0.209514 	 0.417405
   99 	 0.006834 	 0.205632 	 0.402018
  100 	 0.006097 	 0.200354 	 0.411960
  101 	 0.006951 	 0.194916 	 0.428530
  102 	 0.007866 	 0.217420 	 0.428530
  103 	 0.006911 	 0.216161 	 0.434482
  104 	 0.006056 	 0.232310 	 0.434948
  105 	 0.006067 	 0.211822 	 0.428911
  106 	 0.006548 	 0.215948 	 0.445075
  107 	 0.006878 	 0.218680 	 0.445075
  108 	 0.006647 	 0.208658 	 0.431998
  109 	 0.006791 	 0.197232 	 0.440759
  110 	 0.006916 	 0.197139 	 0.437045
  111 	 0.007126 	 0.200333 	 0.435168
  112 	 0.006918 	 0.185839 	 0.441298
  113 	 0.006971 	 0.190364 	 0.447309
  114 	 0.009560 	 0.194869 	 0.432802
  115 	 0.006439 	 0.196849 	 0.437772
  116 	 0.009147 	 0.209534 	 0.422227
  117 	 0.006569 	 0.204439 	 0.425951
  118 	 0.006893 	 0.222436 	 0.431633
  119 	 0.007018 	 0.219908 	 0.438628
  120 	 0.006937 	 0.221847 	 0.452742
  121 	 0.008981 	 0.229692 	 0.453343
  122 	 0.006707 	 0.215822 	 0.452742
  123 	 0.006474 	 0.195157 	 0.460547
  124 	 0.005602 	 0.212506 	 0.447847
  125 	 0.006998 	 0.219635 	 0.455184
  126 	 0.006985 	 0.222322 	 0.456087
  127 	 0.006887 	 0.223344 	 0.450331
  128 	 0.006943 	 0.237769 	 0.451969
  129 	 0.006956 	 0.248416 	 0.451076
  130 	 0.006867 	 0.217538 	 0.457162
  131 	 0.005060 	 0.218290 	 0.449867
  132 	 0.005635 	 0.208138 	 0.449867
  133 	 0.006895 	 0.201566 	 0.449867
  134 	 0.007024 	 0.190365 	 0.449867
  135 	 0.006903 	 0.204593 	 0.448364
  136 	 0.006836 	 0.197065 	 0.455735
  137 	 0.006567 	 0.196956 	 0.447092
  138 	 0.005471 	 0.200384 	 0.422634
  139 	 0.005626 	 0.210467 	 0.434780
  140 	 0.006885 	 0.204735 	 0.450229
  141 	 0.006926 	 0.185612 	 0.421632
  142 	 0.006786 	 0.193006 	 0.417587
  143 	 0.006513 	 0.166086 	 0.455894
  144 	 0.006820 	 0.180479 	 0.458213
  145 	 0.007188 	 0.181627 	 0.423711
  146 	 0.006786 	 0.189395 	 0.446959
  147 	 0.006888 	 0.202222 	 0.442048
  148 	 0.006881 	 0.209962 	 0.432057
  149 	 0.007391 	 0.206294 	 0.427026
  150 	 0.006952 	 0.224466 	 0.445297
  151 	 0.009194 	 0.215713 	 0.448964
  152 	 0.006975 	 0.213351 	 0.447110
  153 	 0.006962 	 0.208754 	 0.447110
  154 	 0.006905 	 0.212227 	 0.447110
  155 	 0.006914 	 0.212877 	 0.448369
  156 	 0.007053 	 0.217676 	 0.431468
  157 	 0.006310 	 0.203671 	 0.444007
  158 	 0.006819 	 0.205595 	 0.445258
  159 	 0.008838 	 0.212449 	 0.445432
  160 	 0.005018 	 0.200407 	 0.449467
  161 	 0.007221 	 0.203482 	 0.442936
  162 	 0.006890 	 0.194335 	 0.444124
  163 	 0.006891 	 0.211582 	 0.442526
  164 	 0.006613 	 0.217854 	 0.444983
  165 	 0.006912 	 0.220987 	 0.429831
  166 	 0.006933 	 0.217067 	 0.454939
  167 	 0.005867 	 0.217282 	 0.433020
  168 	 0.007968 	 0.224332 	 0.434581
  169 	 0.009392 	 0.212914 	 0.457554
  170 	 0.006920 	 0.222369 	 0.457554
  171 	 0.006808 	 0.228517 	 0.449506
  172 	 0.007054 	 0.231936 	 0.445204
  173 	 0.007026 	 0.209329 	 0.448767
  174 	 0.005989 	 0.210157 	 0.468235
  175 	 0.006360 	 0.203080 	 0.468235
  176 	 0.005022 	 0.207439 	 0.468861
  177 	 0.006870 	 0.221583 	 0.468062
  178 	 0.007036 	 0.225379 	 0.448264
  179 	 0.009270 	 0.228444 	 0.447201
  180 	 0.006186 	 0.225422 	 0.452275
  181 	 0.006444 	 0.220011 	 0.458131
  182 	 0.005970 	 0.220647 	 0.457775
  183 	 0.006872 	 0.229618 	 0.453181
  184 	 0.006860 	 0.221406 	 0.464049
  185 	 0.006731 	 0.219077 	 0.458676
  186 	 0.006906 	 0.206503 	 0.448607
  187 	 0.006905 	 0.211951 	 0.429285
  188 	 0.006653 	 0.209497 	 0.438316
  189 	 0.006914 	 0.189846 	 0.424783
  190 	 0.006700 	 0.189041 	 0.428251
  191 	 0.006871 	 0.198774 	 0.436129
  192 	 0.005947 	 0.200683 	 0.425766
  193 	 0.007074 	 0.215991 	 0.425982
  194 	 0.006059 	 0.212975 	 0.428261
  195 	 0.006890 	 0.222059 	 0.436968
  196 	 0.005335 	 0.218511 	 0.428090
  197 	 0.006857 	 0.210332 	 0.427161
  198 	 0.006850 	 0.208726 	 0.445159
  199 	 0.006880 	 0.218548 	 0.443608
  200 	 0.006900 	 0.215205 	 0.437352
  201 	 0.005495 	 0.209195 	 0.444592
  202 	 0.006816 	 0.213325 	 0.434691
  203 	 0.006824 	 0.226089 	 0.446884
  204 	 0.006858 	 0.214865 	 0.447167
  205 	 0.006663 	 0.210455 	 0.434755
  206 	 0.008833 	 0.216171 	 0.441764
  207 	 0.006850 	 0.221436 	 0.446089
  208 	 0.006900 	 0.236288 	 0.434536
  209 	 0.008951 	 0.218622 	 0.437203
  210 	 0.006127 	 0.219169 	 0.451014
  211 	 0.006057 	 0.227661 	 0.451052
  212 	 0.004943 	 0.226105 	 0.449763
  213 	 0.004951 	 0.234514 	 0.440605
  214 	 0.006920 	 0.224233 	 0.440595
  215 	 0.006469 	 0.208127 	 0.435640
  216 	 0.006550 	 0.224698 	 0.437287
  217 	 0.006085 	 0.213959 	 0.434229
  218 	 0.007738 	 0.217908 	 0.426961
  219 	 0.006256 	 0.214662 	 0.438055
  220 	 0.006938 	 0.227494 	 0.428785
  221 	 0.006868 	 0.210000 	 0.432020
  222 	 0.006845 	 0.202465 	 0.429992
  223 	 0.006292 	 0.210228 	 0.435178
  224 	 0.006095 	 0.238234 	 0.436471
  225 	 0.005408 	 0.212369 	 0.434593
  226 	 0.006903 	 0.211688 	 0.433933
  227 	 0.006983 	 0.224408 	 0.430304
  228 	 0.006867 	 0.209025 	 0.422315
  229 	 0.005306 	 0.229014 	 0.433467
  230 	 0.006987 	 0.222182 	 0.439173
  231 	 0.006795 	 0.229269 	 0.433554
  232 	 0.005072 	 0.241894 	 0.444518
  233 	 0.006894 	 0.228470 	 0.443214
  234 	 0.006893 	 0.218078 	 0.437578
  235 	 0.006340 	 0.230609 	 0.440482
  236 	 0.006954 	 0.222668 	 0.422024
  237 	 0.006878 	 0.212524 	 0.432146
  238 	 0.006898 	 0.202881 	 0.446495
  239 	 0.006883 	 0.202874 	 0.432732
  240 	 0.007038 	 0.217928 	 0.438843
  241 	 0.009170 	 0.218257 	 0.442735
  242 	 0.010013 	 0.237222 	 0.440072
  243 	 0.006880 	 0.227688 	 0.437902
  244 	 0.006513 	 0.228791 	 0.446676
  245 	 0.005619 	 0.234807 	 0.445248
  246 	 0.009097 	 0.225570 	 0.445800
  247 	 0.006947 	 0.213618 	 0.443950
  248 	 0.006954 	 0.218516 	 0.443950
  249 	 0.006361 	 0.228932 	 0.442787
  250 	 0.008848 	 0.238471 	 0.453273
  251 	 0.006104 	 0.215124 	 0.451502
  252 	 0.006883 	 0.227285 	 0.444793
  253 	 0.006960 	 0.228735 	 0.445296
  254 	 0.006952 	 0.221891 	 0.449123
  255 	 0.006897 	 0.226833 	 0.449336
  256 	 0.006962 	 0.239706 	 0.451761
  257 	 0.006774 	 0.239105 	 0.457747
  258 	 0.006793 	 0.211286 	 0.446446
  259 	 0.006695 	 0.216428 	 0.446446
  260 	 0.006863 	 0.234418 	 0.443478
  261 	 0.006924 	 0.244281 	 0.450691
  262 	 0.006951 	 0.234559 	 0.448556
  263 	 0.006966 	 0.240685 	 0.447402
  264 	 0.006530 	 0.245936 	 0.456921
  265 	 0.006879 	 0.228047 	 0.458679
  266 	 0.006915 	 0.211151 	 0.458679
  267 	 0.006552 	 0.208730 	 0.447284
  268 	 0.006944 	 0.221920 	 0.439067
  269 	 0.005466 	 0.218037 	 0.452184
  270 	 0.006897 	 0.204971 	 0.441303
  271 	 0.006961 	 0.219734 	 0.451523
  272 	 0.007220 	 0.237058 	 0.454288
  273 	 0.006922 	 0.235059 	 0.458023
  274 	 0.009874 	 0.235295 	 0.452586
  275 	 0.009382 	 0.222803 	 0.449984
  276 	 0.006989 	 0.223330 	 0.449984
  277 	 0.006945 	 0.246507 	 0.454389
  278 	 0.006966 	 0.241907 	 0.451717
  279 	 0.006590 	 0.233474 	 0.456148
  280 	 0.006590 	 0.257770 	 0.456646
  281 	 0.006898 	 0.251072 	 0.449437
  282 	 0.007033 	 0.230147 	 0.454775
  283 	 0.009463 	 0.230409 	 0.458174
  284 	 0.006891 	 0.246056 	 0.458174
  285 	 0.006871 	 0.231355 	 0.450555
  286 	 0.006984 	 0.224421 	 0.451739
  287 	 0.005570 	 0.240041 	 0.448418
  288 	 0.009397 	 0.242354 	 0.448418
  289 	 0.006897 	 0.225037 	 0.444539
  290 	 0.006897 	 0.244185 	 0.448776
  291 	 0.006769 	 0.227024 	 0.448776
  292 	 0.005075 	 0.225059 	 0.448220
  293 	 0.010238 	 0.239020 	 0.450569
  294 	 0.007114 	 0.252985 	 0.450551
  295 	 0.006969 	 0.250282 	 0.445523
  296 	 0.005530 	 0.249237 	 0.446795
  297 	 0.008986 	 0.253157 	 0.442301
  298 	 0.007275 	 0.242316 	 0.441204
  299 	 0.007109 	 0.231386 	 0.440016
  300 	 0.006898 	 0.227700 	 0.440016
  301 	 0.006965 	 0.231872 	 0.447455
  302 	 0.006872 	 0.235316 	 0.449724
  303 	 0.006935 	 0.233098 	 0.449384
  304 	 0.006760 	 0.233768 	 0.448081
  305 	 0.006957 	 0.252283 	 0.456135
  306 	 0.006905 	 0.253634 	 0.457461
  307 	 0.007249 	 0.263294 	 0.450316
  308 	 0.006959 	 0.253574 	 0.448838
  309 	 0.009256 	 0.248155 	 0.448079
  310 	 0.006961 	 0.231703 	 0.448079
  311 	 0.006955 	 0.240429 	 0.447694
  312 	 0.009302 	 0.240186 	 0.449401
  313 	 0.009392 	 0.232473 	 0.453311
  314 	 0.006759 	 0.232743 	 0.454519
  315 	 0.006205 	 0.227127 	 0.454733
  316 	 0.006878 	 0.226765 	 0.455752
  317 	 0.006801 	 0.221608 	 0.453139
  318 	 0.006905 	 0.212635 	 0.449296
  319 	 0.006687 	 0.220060 	 0.449688
  320 	 0.006816 	 0.219651 	 0.421791
  321 	 0.006000 	 0.217912 	 0.444997
  322 	 0.009572 	 0.225561 	 0.436523
  323 	 0.007022 	 0.235931 	 0.453570
  324 	 0.006951 	 0.236309 	 0.453570
  325 	 0.008460 	 0.244720 	 0.455715
  326 	 0.006901 	 0.222029 	 0.455715
  327 	 0.006267 	 0.222867 	 0.435425
  328 	 0.006421 	 0.245135 	 0.452643
  329 	 0.006703 	 0.247200 	 0.453526
  330 	 0.006880 	 0.245138 	 0.439975
  331 	 0.006766 	 0.246088 	 0.449749
  332 	 0.006813 	 0.229652 	 0.449691
  333 	 0.006896 	 0.230554 	 0.457624
  334 	 0.006933 	 0.241893 	 0.453641
  335 	 0.005379 	 0.230884 	 0.450162
  336 	 0.006905 	 0.223913 	 0.453720
  337 	 0.009178 	 0.233034 	 0.453720
  338 	 0.006554 	 0.244352 	 0.446572
  339 	 0.008970 	 0.225723 	 0.443594
  340 	 0.006903 	 0.216495 	 0.452655
  341 	 0.007016 	 0.217921 	 0.452624
  342 	 0.006814 	 0.213029 	 0.452624
  343 	 0.006787 	 0.200739 	 0.452624
  344 	 0.006859 	 0.219637 	 0.445539
  345 	 0.006953 	 0.224918 	 0.447354
  346 	 0.006277 	 0.225354 	 0.445996
  347 	 0.006311 	 0.207705 	 0.448781
  348 	 0.006336 	 0.201721 	 0.448781
  349 	 0.005197 	 0.211413 	 0.454078
  350 	 0.006861 	 0.222903 	 0.453850
  351 	 0.006894 	 0.224922 	 0.453711
  352 	 0.005453 	 0.226242 	 0.437765
  353 	 0.005890 	 0.226052 	 0.450370
  354 	 0.009350 	 0.250736 	 0.447533
  355 	 0.007941 	 0.240155 	 0.458213
  356 	 0.007010 	 0.233844 	 0.455749
  357 	 0.007891 	 0.235149 	 0.454361
  358 	 0.006916 	 0.244072 	 0.446093
  359 	 0.006129 	 0.232935 	 0.447156
  360 	 0.006892 	 0.210553 	 0.446412
  361 	 0.006978 	 0.228791 	 0.458962
  362 	 0.006920 	 0.231643 	 0.444571
  363 	 0.006892 	 0.217166 	 0.449333
  364 	 0.005165 	 0.226720 	 0.445670
  365 	 0.004406 	 0.232159 	 0.446571
  366 	 0.009296 	 0.228173 	 0.447617
  367 	 0.006738 	 0.215697 	 0.440081
  368 	 0.006909 	 0.222521 	 0.433119
  369 	 0.006895 	 0.220073 	 0.441052
  370 	 0.009010 	 0.236928 	 0.435945
  371 	 0.006836 	 0.234500 	 0.432027
  372 	 0.005192 	 0.224291 	 0.443636
  373 	 0.006486 	 0.217263 	 0.443636
  374 	 0.006966 	 0.222934 	 0.453155
  375 	 0.006897 	 0.208295 	 0.449104
  376 	 0.007016 	 0.223528 	 0.438704
  377 	 0.006473 	 0.212643 	 0.442849
  378 	 0.006477 	 0.219445 	 0.443078
  379 	 0.006909 	 0.219782 	 0.443307
  380 	 0.006625 	 0.204491 	 0.449314
  381 	 0.006830 	 0.222127 	 0.453780
  382 	 0.006861 	 0.225086 	 0.426164
  383 	 0.006924 	 0.229649 	 0.452868
  384 	 0.006923 	 0.222939 	 0.452106
  385 	 0.006938 	 0.237729 	 0.453615
  386 	 0.006891 	 0.248914 	 0.453721
  387 	 0.005410 	 0.246984 	 0.449541
  388 	 0.008312 	 0.232543 	 0.440962
  389 	 0.006874 	 0.213339 	 0.449988
  390 	 0.006828 	 0.205326 	 0.458563
  391 	 0.006916 	 0.203723 	 0.452765
  392 	 0.006946 	 0.204912 	 0.436330
  393 	 0.005890 	 0.219948 	 0.450494
  394 	 0.006840 	 0.215481 	 0.447804
  395 	 0.006823 	 0.239676 	 0.444630
  396 	 0.006880 	 0.248117 	 0.448218
  397 	 0.006829 	 0.250938 	 0.449726
  398 	 0.006998 	 0.245766 	 0.453412
  399 	 0.006932 	 0.251183 	 0.454693
  400 	 0.006944 	 0.242074 	 0.457286
  401 	 0.006950 	 0.231255 	 0.461109
  402 	 0.006526 	 0.243806 	 0.454664
  403 	 0.007084 	 0.244412 	 0.454664
  404 	 0.005562 	 0.243737 	 0.457907
  405 	 0.009633 	 0.253869 	 0.453113
  406 	 0.005968 	 0.251321 	 0.452181
  407 	 0.005971 	 0.231665 	 0.448826
  408 	 0.006852 	 0.235507 	 0.454467
  409 	 0.006939 	 0.227294 	 0.446118
  410 	 0.006263 	 0.241148 	 0.447226
  411 	 0.006930 	 0.244617 	 0.450190
  412 	 0.006511 	 0.232970 	 0.450600
  413 	 0.007579 	 0.221819 	 0.454825
  414 	 0.006870 	 0.216082 	 0.457860
  415 	 0.006945 	 0.237781 	 0.461799
  416 	 0.006912 	 0.246888 	 0.462161
  417 	 0.006930 	 0.241667 	 0.464960
  418 	 0.006148 	 0.253139 	 0.465121
  419 	 0.006917 	 0.251290 	 0.465604
  420 	 0.009555 	 0.247611 	 0.462161
  421 	 0.007068 	 0.247635 	 0.461787
  422 	 0.006962 	 0.229637 	 0.460095
  423 	 0.006667 	 0.252557 	 0.460868
  424 	 0.009361 	 0.257349 	 0.459447
  425 	 0.006922 	 0.258114 	 0.464514
  426 	 0.006887 	 0.252375 	 0.465521
  427 	 0.006894 	 0.257555 	 0.467263
  428 	 0.005510 	 0.237486 	 0.467263
  429 	 0.006087 	 0.249377 	 0.467079
  430 	 0.006103 	 0.253938 	 0.467064
  431 	 0.006145 	 0.238666 	 0.467683
  432 	 0.007118 	 0.250376 	 0.463875
  433 	 0.006822 	 0.261281 	 0.464661
  434 	 0.006907 	 0.253965 	 0.459928
  435 	 0.006770 	 0.229718 	 0.461288
  436 	 0.006882 	 0.250168 	 0.462589
  437 	 0.006133 	 0.261133 	 0.463960
  438 	 0.006903 	 0.262407 	 0.463025
  439 	 0.006931 	 0.250475 	 0.463621
  440 	 0.006951 	 0.243145 	 0.461230
  441 	 0.006950 	 0.247275 	 0.460662
  442 	 0.005374 	 0.233694 	 0.462070
  443 	 0.005103 	 0.237678 	 0.460568
  444 	 0.007767 	 0.234367 	 0.460319
  445 	 0.006899 	 0.239639 	 0.460319
  446 	 0.006875 	 0.250131 	 0.461266
  447 	 0.006531 	 0.246734 	 0.463773
  448 	 0.006937 	 0.247637 	 0.461369
  449 	 0.006858 	 0.240185 	 0.461483
  450 	 0.005942 	 0.255540 	 0.460657
  451 	 0.006718 	 0.258223 	 0.464595
  452 	 0.006891 	 0.255573 	 0.464595
  453 	 0.006933 	 0.245260 	 0.464595
  454 	 0.006949 	 0.227026 	 0.457498
  455 	 0.006540 	 0.211450 	 0.463354
  456 	 0.006104 	 0.212198 	 0.462040
  457 	 0.006855 	 0.231166 	 0.462061
  458 	 0.006902 	 0.227994 	 0.459480
  459 	 0.006851 	 0.236411 	 0.459480
  460 	 0.005883 	 0.237325 	 0.460486
  461 	 0.006934 	 0.231289 	 0.463155
  462 	 0.006915 	 0.221625 	 0.445768
  463 	 0.006687 	 0.215635 	 0.450347
  464 	 0.006875 	 0.212204 	 0.448450
  465 	 0.006873 	 0.223836 	 0.447591
  466 	 0.006774 	 0.243464 	 0.443412
  467 	 0.007102 	 0.239657 	 0.451504
  468 	 0.006825 	 0.240698 	 0.447909
  469 	 0.006924 	 0.232620 	 0.448041
  470 	 0.005495 	 0.229964 	 0.452677
  471 	 0.006377 	 0.237651 	 0.447513
  472 	 0.006926 	 0.217658 	 0.449468
  473 	 0.006835 	 0.226935 	 0.450777
  474 	 0.006075 	 0.235100 	 0.450384
  475 	 0.006062 	 0.223836 	 0.450075
  476 	 0.006163 	 0.224553 	 0.451808
  477 	 0.006907 	 0.225000 	 0.451924
  478 	 0.006923 	 0.232474 	 0.455829
  479 	 0.006794 	 0.225195 	 0.453191
  480 	 0.007014 	 0.223068 	 0.449764
  481 	 0.006846 	 0.243777 	 0.455856
  482 	 0.006859 	 0.246617 	 0.456730
  483 	 0.006797 	 0.244383 	 0.452463
  484 	 0.005950 	 0.243810 	 0.452463
  485 	 0.006769 	 0.231205 	 0.452725
  486 	 0.006040 	 0.228942 	 0.449470
  487 	 0.006557 	 0.215735 	 0.452738
  488 	 0.006715 	 0.220640 	 0.453420
  489 	 0.006873 	 0.228359 	 0.459286
  490 	 0.006842 	 0.229123 	 0.458843
  491 	 0.006700 	 0.227606 	 0.458843
  492 	 0.007006 	 0.243487 	 0.458843
  493 	 0.007512 	 0.252595 	 0.454738
  494 	 0.006856 	 0.225772 	 0.448708
  495 	 0.006876 	 0.229070 	 0.448687
  496 	 0.006825 	 0.225089 	 0.453442
  497 	 0.006241 	 0.221379 	 0.455449
  498 	 0.006665 	 0.216079 	 0.455449
  499 	 0.006665 	 0.216165 	 0.444548
 