   0 	 0.003808 	 0.010803 	 0.035275
    1 	 0.003911 	 0.012587 	 0.035276
    2 	 0.003911 	 0.014047 	 0.051537
    3 	 0.004485 	 0.015819 	 0.039657
    4 	 0.005862 	 0.017792 	 0.052280
    5 	 0.005875 	 0.019936 	 0.064009
    6 	 0.006861 	 0.021729 	 0.090407
    7 	 0.006129 	 0.023979 	 0.092922
    8 	 0.004568 	 0.027506 	 0.152263
    9 	 0.006358 	 0.029861 	 0.151879
   10 	 0.006548 	 0.032597 	 0.153463
   11 	 0.008011 	 0.037219 	 0.153694
   12 	 0.006928 	 0.039081 	 0.201631
   13 	 0.006444 	 0.041948 	 0.177004
   14 	 0.006773 	 0.042473 	 0.155577
   15 	 0.006897 	 0.046343 	 0.255749
   16 	 0.006948 	 0.051018 	 0.258047
   17 	 0.004155 	 0.060450 	 0.223907
   18 	 0.004166 	 0.065888 	 0.231276
   19 	 0.004101 	 0.074383 	 0.354280
   20 	 0.006723 	 0.087855 	 0.360771
   21 	 0.006733 	 0.103175 	 0.360771
   22 	 0.007212 	 0.101087 	 0.312812
   23 	 0.006891 	 0.110175 	 0.360142
   24 	 0.006678 	 0.117486 	 0.333310
   25 	 0.007244 	 0.117145 	 0.341499
   26 	 0.007018 	 0.123976 	 0.341663
   27 	 0.004286 	 0.134059 	 0.341663
   28 	 0.007048 	 0.135155 	 0.341663
   29 	 0.007890 	 0.144130 	 0.332063
   30 	 0.004454 	 0.160227 	 0.373282
   31 	 0.006850 	 0.167190 	 0.360381
   32 	 0.006753 	 0.152198 	 0.360666
   33 	 0.006865 	 0.143596 	 0.361382
   34 	 0.009577 	 0.154981 	 0.356821
   35 	 0.006765 	 0.162551 	 0.376976
   36 	 0.009055 	 0.159415 	 0.407144
   37 	 0.006956 	 0.157323 	 0.362819
   38 	 0.006284 	 0.160069 	 0.342403
   39 	 0.006853 	 0.161273 	 0.425843
   40 	 0.006536 	 0.177821 	 0.425931
   41 	 0.006816 	 0.190328 	 0.446834
   42 	 0.007252 	 0.180970 	 0.396033
   43 	 0.007057 	 0.189654 	 0.395623
   44 	 0.006826 	 0.182144 	 0.404654
   45 	 0.006792 	 0.188922 	 0.384305
   46 	 0.006892 	 0.194450 	 0.413344
   47 	 0.009425 	 0.199128 	 0.415731
   48 	 0.006663 	 0.180030 	 0.400885
   49 	 0.006674 	 0.179972 	 0.405832
   50 	 0.006955 	 0.168533 	 0.405747
   51 	 0.009408 	 0.188425 	 0.405747
   52 	 0.006752 	 0.186983 	 0.418602
   53 	 0.006762 	 0.187581 	 0.418602
   54 	 0.009274 	 0.198184 	 0.421378
   55 	 0.006946 	 0.192733 	 0.401317
   56 	 0.007075 	 0.196298 	 0.406317
   57 	 0.006846 	 0.192237 	 0.406317
   58 	 0.006834 	 0.182067 	 0.414582
   59 	 0.008956 	 0.196226 	 0.408706
   60 	 0.005528 	 0.196335 	 0.406646
   61 	 0.005847 	 0.195634 	 0.419151
   62 	 0.006946 	 0.189046 	 0.419151
   63 	 0.006834 	 0.195667 	 0.418847
   64 	 0.009115 	 0.198768 	 0.413066
   65 	 0.008202 	 0.211497 	 0.417739
   66 	 0.006899 	 0.210335 	 0.419559
   67 	 0.006902 	 0.182049 	 0.424260
   68 	 0.006904 	 0.176242 	 0.405180
   69 	 0.006875 	 0.185357 	 0.407334
   70 	 0.006551 	 0.189876 	 0.410743
   71 	 0.006065 	 0.201368 	 0.407315
   72 	 0.006970 	 0.193744 	 0.407315
   73 	 0.009167 	 0.199636 	 0.434892
   74 	 0.006955 	 0.206559 	 0.401305
   75 	 0.006800 	 0.192920 	 0.396430
   76 	 0.006842 	 0.185735 	 0.412535
   77 	 0.006870 	 0.198403 	 0.418235
   78 	 0.006843 	 0.190925 	 0.415388
   79 	 0.006863 	 0.194474 	 0.396636
   80 	 0.006619 	 0.208170 	 0.421270
   81 	 0.006623 	 0.199075 	 0.438983
   82 	 0.006946 	 0.201307 	 0.446323
   83 	 0.006814 	 0.190367 	 0.414989
   84 	 0.006818 	 0.198615 	 0.404457
   85 	 0.006965 	 0.197906 	 0.425833
   86 	 0.006875 	 0.185150 	 0.431660
   87 	 0.006512 	 0.186850 	 0.420086
   88 	 0.006953 	 0.195388 	 0.413648
   89 	 0.006915 	 0.195846 	 0.413254
   90 	 0.006809 	 0.185207 	 0.424278
   91 	 0.006921 	 0.188034 	 0.424278
   92 	 0.006833 	 0.202491 	 0.412126
   93 	 0.006881 	 0.209869 	 0.402053
   94 	 0.008704 	 0.204336 	 0.427707
   95 	 0.006892 	 0.210167 	 0.449172
   96 	 0.007013 	 0.195121 	 0.436674
   97 	 0.006824 	 0.193898 	 0.412755
   98 	 0.007039 	 0.207396 	 0.407477
   99 	 0.007160 	 0.211668 	 0.442851
  100 	 0.007266 	 0.206945 	 0.436149
  101 	 0.006910 	 0.203015 	 0.443935
  102 	 0.008793 	 0.200108 	 0.443935
  103 	 0.006906 	 0.223825 	 0.443935
  104 	 0.007033 	 0.227517 	 0.428823
  105 	 0.007152 	 0.223726 	 0.427023
  106 	 0.006861 	 0.227497 	 0.434015
  107 	 0.006891 	 0.227909 	 0.434015
  108 	 0.007067 	 0.233395 	 0.444078
  109 	 0.007293 	 0.235722 	 0.439460
  110 	 0.007460 	 0.239939 	 0.438327
  111 	 0.008720 	 0.240060 	 0.439288
  112 	 0.006852 	 0.229227 	 0.442083
  113 	 0.007822 	 0.221354 	 0.432267
  114 	 0.009611 	 0.242905 	 0.446203
  115 	 0.006898 	 0.231210 	 0.439047
  116 	 0.006907 	 0.222305 	 0.441926
  117 	 0.007032 	 0.217202 	 0.441926
  118 	 0.006950 	 0.220807 	 0.443427
  119 	 0.008641 	 0.216482 	 0.438350
  120 	 0.007063 	 0.222940 	 0.437471
  121 	 0.006937 	 0.225522 	 0.442648
  122 	 0.006783 	 0.202766 	 0.437817
  123 	 0.006840 	 0.209015 	 0.436538
  124 	 0.006945 	 0.192181 	 0.441080
  125 	 0.005189 	 0.201661 	 0.439747
  126 	 0.007069 	 0.213369 	 0.439698
  127 	 0.006936 	 0.204743 	 0.431115
  128 	 0.006820 	 0.213467 	 0.431115
  129 	 0.006899 	 0.198400 	 0.430867
  130 	 0.004386 	 0.193151 	 0.436279
  131 	 0.006948 	 0.193899 	 0.429839
  132 	 0.007193 	 0.198830 	 0.423221
  133 	 0.006800 	 0.215921 	 0.423221
  134 	 0.008774 	 0.206689 	 0.428178
  135 	 0.007082 	 0.209940 	 0.428178
  136 	 0.006839 	 0.203737 	 0.428165
  137 	 0.006562 	 0.207387 	 0.437238
  138 	 0.009724 	 0.215987 	 0.433268
  139 	 0.006858 	 0.203834 	 0.428748
  140 	 0.004460 	 0.214654 	 0.431412
  141 	 0.009336 	 0.218052 	 0.435715
  142 	 0.009255 	 0.227024 	 0.425027
  143 	 0.006978 	 0.212736 	 0.432200
  144 	 0.006756 	 0.215369 	 0.434653
  145 	 0.006867 	 0.211117 	 0.434653
  146 	 0.006810 	 0.222681 	 0.435968
  147 	 0.006796 	 0.219013 	 0.435189
  148 	 0.006813 	 0.201931 	 0.440162
  149 	 0.006873 	 0.202439 	 0.438093
  150 	 0.006869 	 0.191579 	 0.437223
  151 	 0.006850 	 0.197148 	 0.439198
  152 	 0.006949 	 0.198496 	 0.435593
  153 	 0.006817 	 0.209401 	 0.442082
  154 	 0.006934 	 0.209294 	 0.445421
  155 	 0.006891 	 0.220914 	 0.459974
  156 	 0.006870 	 0.213796 	 0.435319
  157 	 0.006818 	 0.212412 	 0.426358
  158 	 0.006840 	 0.192844 	 0.439558
  159 	 0.006593 	 0.189614 	 0.450798
  160 	 0.009091 	 0.206036 	 0.432524
  161 	 0.009312 	 0.194967 	 0.425078
  162 	 0.006803 	 0.200829 	 0.444462
  163 	 0.006449 	 0.200744 	 0.425344
  164 	 0.006908 	 0.193602 	 0.430933
  165 	 0.006813 	 0.212459 	 0.437522
  166 	 0.006995 	 0.212065 	 0.431636
  167 	 0.006886 	 0.205235 	 0.439773
  168 	 0.006873 	 0.201444 	 0.422658
  169 	 0.004691 	 0.193801 	 0.416158
  170 	 0.004327 	 0.193416 	 0.429007
  171 	 0.009317 	 0.198270 	 0.427278
  172 	 0.006927 	 0.223579 	 0.441029
  173 	 0.006754 	 0.217466 	 0.441029
  174 	 0.006332 	 0.206818 	 0.440181
  175 	 0.004788 	 0.214945 	 0.455096
  176 	 0.006793 	 0.228361 	 0.456456
  177 	 0.007089 	 0.230803 	 0.455096
  178 	 0.006975 	 0.237155 	 0.453550
  179 	 0.006945 	 0.229249 	 0.448790
  180 	 0.006939 	 0.222858 	 0.450840
  181 	 0.006793 	 0.234211 	 0.450840
  182 	 0.006513 	 0.220110 	 0.450787
  183 	 0.005040 	 0.227009 	 0.450787
  184 	 0.006972 	 0.235211 	 0.435095
  185 	 0.006903 	 0.235446 	 0.445258
  186 	 0.009122 	 0.240260 	 0.447105
  187 	 0.007137 	 0.238880 	 0.446581
  188 	 0.006864 	 0.219012 	 0.446261
  189 	 0.006901 	 0.221089 	 0.449476
  190 	 0.006352 	 0.226327 	 0.426550
  191 	 0.006823 	 0.219969 	 0.431919
  192 	 0.006934 	 0.198071 	 0.418293
  193 	 0.008005 	 0.224903 	 0.432428
  194 	 0.007022 	 0.222552 	 0.432386
  195 	 0.007019 	 0.205054 	 0.434916
  196 	 0.006853 	 0.212066 	 0.418895
  197 	 0.006864 	 0.206784 	 0.424352
  198 	 0.006883 	 0.212587 	 0.425993
  199 	 0.006567 	 0.222423 	 0.413104
  200 	 0.005144 	 0.221756 	 0.413834
  201 	 0.004907 	 0.224577 	 0.426045
  202 	 0.005144 	 0.215518 	 0.417618
  203 	 0.006897 	 0.206748 	 0.442414
  204 	 0.006107 	 0.210114 	 0.439538
  205 	 0.006920 	 0.208160 	 0.421560
  206 	 0.004396 	 0.211498 	 0.426254
  207 	 0.006814 	 0.206235 	 0.427878
  208 	 0.006933 	 0.219334 	 0.437326
  209 	 0.006985 	 0.205160 	 0.425837
  210 	 0.006937 	 0.200045 	 0.426389
  211 	 0.006913 	 0.198438 	 0.435773
  212 	 0.005082 	 0.221690 	 0.440599
  213 	 0.009347 	 0.221821 	 0.440820
  214 	 0.006969 	 0.223539 	 0.446437
  215 	 0.006534 	 0.223184 	 0.427490
  216 	 0.006819 	 0.232854 	 0.427490
  217 	 0.006819 	 0.229431 	 0.422401
  218 	 0.006606 	 0.217039 	 0.424783
  219 	 0.005006 	 0.213773 	 0.454137
  220 	 0.006161 	 0.228062 	 0.456170
  221 	 0.009220 	 0.235272 	 0.462354
  222 	 0.006811 	 0.233929 	 0.462354
  223 	 0.006875 	 0.234349 	 0.462354
  224 	 0.008301 	 0.225534 	 0.450486
  225 	 0.010006 	 0.222854 	 0.433192
  226 	 0.006934 	 0.242149 	 0.433192
  227 	 0.006873 	 0.222674 	 0.432639
  228 	 0.006875 	 0.227324 	 0.435965
  229 	 0.004444 	 0.209713 	 0.452302
  230 	 0.004740 	 0.225642 	 0.450748
  231 	 0.006943 	 0.245940 	 0.449543
  232 	 0.006789 	 0.233037 	 0.423143
  233 	 0.006989 	 0.230225 	 0.437337
  234 	 0.006965 	 0.222405 	 0.454977
  235 	 0.006575 	 0.230237 	 0.455382
  236 	 0.006571 	 0.233577 	 0.459801
  237 	 0.004285 	 0.210878 	 0.450942
  238 	 0.007960 	 0.208627 	 0.452414
  239 	 0.005000 	 0.222390 	 0.450703
  240 	 0.006989 	 0.226872 	 0.444275
  241 	 0.007321 	 0.228379 	 0.439677
  242 	 0.009282 	 0.208751 	 0.431675
  243 	 0.004344 	 0.218461 	 0.425495
  244 	 0.006416 	 0.221606 	 0.454129
  245 	 0.006810 	 0.213136 	 0.443370
  246 	 0.006849 	 0.211438 	 0.461488
  247 	 0.006914 	 0.204242 	 0.447764
  248 	 0.006979 	 0.200496 	 0.441724
  249 	 0.006886 	 0.203571 	 0.437079
  250 	 0.006883 	 0.215038 	 0.415786
  251 	 0.007738 	 0.226203 	 0.448234
  252 	 0.009453 	 0.220972 	 0.448234
  253 	 0.007136 	 0.223304 	 0.448410
  254 	 0.006829 	 0.216436 	 0.448410
  255 	 0.007034 	 0.216617 	 0.447770
  256 	 0.006816 	 0.204618 	 0.448640
  257 	 0.006564 	 0.230502 	 0.444044
  258 	 0.006860 	 0.222260 	 0.440748
  259 	 0.006766 	 0.212064 	 0.441362
  260 	 0.006966 	 0.233913 	 0.448308
  261 	 0.006890 	 0.222074 	 0.448308
  262 	 0.006796 	 0.218581 	 0.442559
  263 	 0.006848 	 0.220216 	 0.447991
  264 	 0.006887 	 0.213445 	 0.439278
  265 	 0.006786 	 0.210911 	 0.436112
  266 	 0.006890 	 0.221726 	 0.445084
  267 	 0.006974 	 0.216430 	 0.470339
  268 	 0.007095 	 0.247753 	 0.449481
  269 	 0.006862 	 0.247607 	 0.442690
  270 	 0.009299 	 0.241823 	 0.433683
  271 	 0.006882 	 0.241634 	 0.444928
  272 	 0.006783 	 0.240400 	 0.449334
  273 	 0.006385 	 0.233912 	 0.445574
  274 	 0.006987 	 0.238664 	 0.445500
  275 	 0.006866 	 0.216340 	 0.438701
  276 	 0.009342 	 0.236679 	 0.456704
  277 	 0.004277 	 0.243892 	 0.445000
  278 	 0.005316 	 0.240043 	 0.464649
  279 	 0.006817 	 0.254674 	 0.459141
  280 	 0.005075 	 0.259508 	 0.444946
  281 	 0.009433 	 0.248530 	 0.461024
  282 	 0.006991 	 0.235574 	 0.448058
  283 	 0.006967 	 0.233761 	 0.460749
  284 	 0.009377 	 0.244677 	 0.460749
  285 	 0.007849 	 0.242922 	 0.460749
  286 	 0.004635 	 0.247716 	 0.465177
  287 	 0.007329 	 0.246994 	 0.469065
  288 	 0.006883 	 0.247167 	 0.452958
  289 	 0.006891 	 0.239832 	 0.447619
  290 	 0.006913 	 0.252168 	 0.455559
  291 	 0.006924 	 0.261587 	 0.451145
  292 	 0.006863 	 0.247535 	 0.453498
  293 	 0.006998 	 0.239966 	 0.457281
  294 	 0.006930 	 0.237297 	 0.458800
  295 	 0.006876 	 0.231969 	 0.453773
  296 	 0.006779 	 0.237337 	 0.460538
  297 	 0.006869 	 0.237896 	 0.459921
  298 	 0.006570 	 0.238757 	 0.468201
  299 	 0.006892 	 0.231767 	 0.458342
  300 	 0.006857 	 0.232012 	 0.468580
  301 	 0.006678 	 0.230868 	 0.468107
  302 	 0.007159 	 0.231138 	 0.456902
  303 	 0.009424 	 0.231470 	 0.461411
  304 	 0.009413 	 0.247780 	 0.467465
  305 	 0.007509 	 0.248783 	 0.468690
  306 	 0.006964 	 0.254251 	 0.467379
  307 	 0.007986 	 0.235230 	 0.466725
  308 	 0.006570 	 0.233044 	 0.469148
  309 	 0.006781 	 0.232593 	 0.469357
  310 	 0.006501 	 0.217602 	 0.452593
  311 	 0.006688 	 0.245306 	 0.452746
  312 	 0.007053 	 0.236328 	 0.469017
  313 	 0.006853 	 0.226656 	 0.465453
  314 	 0.009461 	 0.225561 	 0.465453
  315 	 0.007807 	 0.208041 	 0.461570
  316 	 0.007804 	 0.223838 	 0.462151
  317 	 0.006856 	 0.233505 	 0.456544
  318 	 0.006668 	 0.237359 	 0.447877
  319 	 0.007209 	 0.237007 	 0.458884
  320 	 0.006810 	 0.245248 	 0.461725
  321 	 0.006934 	 0.235815 	 0.468349
  322 	 0.006835 	 0.227534 	 0.463550
  323 	 0.006518 	 0.234780 	 0.463330
  324 	 0.006765 	 0.209348 	 0.465734
  325 	 0.006935 	 0.220063 	 0.465631
  326 	 0.006209 	 0.218334 	 0.462947
  327 	 0.010009 	 0.220026 	 0.462947
  328 	 0.007148 	 0.219467 	 0.464828
  329 	 0.006802 	 0.211780 	 0.463206
  330 	 0.006888 	 0.217196 	 0.468905
  331 	 0.006911 	 0.223177 	 0.468676
  332 	 0.010093 	 0.218163 	 0.458363
  333 	 0.006834 	 0.224878 	 0.461721
  334 	 0.006813 	 0.235224 	 0.463669
  335 	 0.006884 	 0.229970 	 0.464128
  336 	 0.006861 	 0.233854 	 0.468426
  337 	 0.006356 	 0.240732 	 0.462531
  338 	 0.006894 	 0.232430 	 0.462531
  339 	 0.008462 	 0.239604 	 0.459702
  340 	 0.006877 	 0.240395 	 0.457486
  341 	 0.006882 	 0.232643 	 0.475728
  342 	 0.006845 	 0.241608 	 0.474283
  343 	 0.006865 	 0.246628 	 0.459735
  344 	 0.006806 	 0.243611 	 0.467342
  345 	 0.006872 	 0.231635 	 0.467715
  346 	 0.006821 	 0.244686 	 0.466922
  347 	 0.006814 	 0.234703 	 0.470944
  348 	 0.007016 	 0.226899 	 0.470944
  349 	 0.004864 	 0.232443 	 0.471167
  350 	 0.004864 	 0.220004 	 0.472400
  351 	 0.006203 	 0.232490 	 0.472400
  352 	 0.006913 	 0.240499 	 0.458759
  353 	 0.006521 	 0.248964 	 0.466317
  354 	 0.006968 	 0.246034 	 0.468284
  355 	 0.006931 	 0.246800 	 0.469220
  356 	 0.006912 	 0.241845 	 0.462771
  357 	 0.006997 	 0.236336 	 0.472406
  358 	 0.008318 	 0.238989 	 0.467627
  359 	 0.006440 	 0.236105 	 0.469723
  360 	 0.006844 	 0.252467 	 0.460068
  361 	 0.004952 	 0.244376 	 0.460580
  362 	 0.004949 	 0.230234 	 0.451164
  363 	 0.004252 	 0.233173 	 0.475715
  364 	 0.006745 	 0.241445 	 0.474459
  365 	 0.006891 	 0.243155 	 0.465075
  366 	 0.006966 	 0.247380 	 0.458871
  367 	 0.006803 	 0.249756 	 0.456019
  368 	 0.006944 	 0.251922 	 0.472614
  369 	 0.007030 	 0.269997 	 0.471165
  370 	 0.006931 	 0.253130 	 0.462974
  371 	 0.004395 	 0.237362 	 0.465435
  372 	 0.009915 	 0.233571 	 0.465418
  373 	 0.005164 	 0.230302 	 0.465418
  374 	 0.006906 	 0.230305 	 0.463756
  375 	 0.006903 	 0.238475 	 0.467437
  376 	 0.006986 	 0.241087 	 0.464147
  377 	 0.006941 	 0.245669 	 0.470672
  378 	 0.006912 	 0.240775 	 0.470861
  379 	 0.006858 	 0.245369 	 0.473555
  380 	 0.006944 	 0.255865 	 0.471884
  381 	 0.006847 	 0.255841 	 0.472853
  382 	 0.006827 	 0.232313 	 0.472379
  383 	 0.009326 	 0.238746 	 0.472379
  384 	 0.006903 	 0.255944 	 0.468223
  385 	 0.006853 	 0.244530 	 0.465383
  386 	 0.006885 	 0.229033 	 0.464050
  387 	 0.006547 	 0.231021 	 0.465684
  388 	 0.006802 	 0.223406 	 0.465684
  389 	 0.007307 	 0.220478 	 0.468695
  390 	 0.006859 	 0.233470 	 0.470347
  391 	 0.006144 	 0.247611 	 0.469843
  392 	 0.006870 	 0.245198 	 0.468417
  393 	 0.006905 	 0.259170 	 0.468417
  394 	 0.006839 	 0.236950 	 0.464203
  395 	 0.007062 	 0.234779 	 0.475192
  396 	 0.006499 	 0.251520 	 0.475757
  397 	 0.006752 	 0.249482 	 0.475153
  398 	 0.006819 	 0.238872 	 0.471557
  399 	 0.006781 	 0.252268 	 0.469929
  400 	 0.005035 	 0.252233 	 0.466536
  401 	 0.004863 	 0.240663 	 0.473067
  402 	 0.006839 	 0.255750 	 0.477177
  403 	 0.006792 	 0.254469 	 0.474008
  404 	 0.006892 	 0.266337 	 0.476392
  405 	 0.006898 	 0.267794 	 0.460922
  406 	 0.006727 	 0.270583 	 0.461925
  407 	 0.006458 	 0.258527 	 0.458056
  408 	 0.006458 	 0.250078 	 0.473280
  409 	 0.006888 	 0.243427 	 0.471349
  410 	 0.006898 	 0.242874 	 0.470403
  411 	 0.006860 	 0.226825 	 0.469344
  412 	 0.007025 	 0.241717 	 0.466143
  413 	 0.004792 	 0.232622 	 0.463698
  414 	 0.006915 	 0.236145 	 0.463698
  415 	 0.006880 	 0.221557 	 0.472735
  416 	 0.007698 	 0.236786 	 0.472760
  417 	 0.006407 	 0.241861 	 0.465599
  418 	 0.006774 	 0.270070 	 0.468094
  419 	 0.006868 	 0.274570 	 0.470745
  420 	 0.007181 	 0.268631 	 0.464291
  421 	 0.005043 	 0.269774 	 0.469375
  422 	 0.006918 	 0.261766 	 0.469375
  423 	 0.006932 	 0.278176 	 0.468204
  424 	 0.006860 	 0.260403 	 0.469369
  425 	 0.006846 	 0.254818 	 0.469369
  426 	 0.006678 	 0.239377 	 0.469369
  427 	 0.005949 	 0.261687 	 0.475950
  428 	 0.006464 	 0.246878 	 0.475950
  429 	 0.006821 	 0.237161 	 0.475950
  430 	 0.006810 	 0.236151 	 0.469246
  431 	 0.006664 	 0.235353 	 0.468942
  432 	 0.006789 	 0.257720 	 0.472005
  433 	 0.006949 	 0.248740 	 0.465996
  434 	 0.006498 	 0.256754 	 0.465996
  435 	 0.006676 	 0.224475 	 0.469285
  436 	 0.006987 	 0.235117 	 0.465290
  437 	 0.006892 	 0.249158 	 0.467539
  438 	 0.007188 	 0.255683 	 0.469941
  439 	 0.008936 	 0.250864 	 0.471750
  440 	 0.006941 	 0.237985 	 0.479911
  441 	 0.006727 	 0.232702 	 0.471991
  442 	 0.006476 	 0.244251 	 0.460713
  443 	 0.006863 	 0.235230 	 0.473234
  444 	 0.006361 	 0.225831 	 0.471875
  445 	 0.009389 	 0.230629 	 0.471965
  446 	 0.006879 	 0.223064 	 0.477425
  447 	 0.006829 	 0.237566 	 0.474704
  448 	 0.006726 	 0.224667 	 0.474704
  449 	 0.006938 	 0.217824 	 0.478302
  450 	 0.006951 	 0.228044 	 0.478339
  451 	 0.004321 	 0.219086 	 0.455664
  452 	 0.007032 	 0.239378 	 0.464116
  453 	 0.006834 	 0.244101 	 0.465500
  454 	 0.009609 	 0.245840 	 0.465562
  455 	 0.006149 	 0.236121 	 0.458444
  456 	 0.006841 	 0.236329 	 0.453616
  457 	 0.009184 	 0.244294 	 0.453714
  458 	 0.006876 	 0.226387 	 0.460531
  459 	 0.008871 	 0.247125 	 0.455981
  460 	 0.006860 	 0.235771 	 0.461426
  461 	 0.006782 	 0.238104 	 0.472999
  462 	 0.008330 	 0.235470 	 0.457658
  463 	 0.006062 	 0.234246 	 0.462993
  464 	 0.006879 	 0.233743 	 0.464263
  465 	 0.006921 	 0.228007 	 0.466775
  466 	 0.006848 	 0.224724 	 0.455327
  467 	 0.006341 	 0.240506 	 0.451107
  468 	 0.009273 	 0.228365 	 0.453138
  469 	 0.006699 	 0.232832 	 0.455204
  470 	 0.006866 	 0.250077 	 0.455204
  471 	 0.006904 	 0.234140 	 0.455204
  472 	 0.009229 	 0.245837 	 0.460165
  473 	 0.008881 	 0.240517 	 0.456302
  474 	 0.007601 	 0.267760 	 0.452771
  475 	 0.007762 	 0.272709 	 0.458847
  476 	 0.006830 	 0.265953 	 0.463269
  477 	 0.007273 	 0.272105 	 0.463269
  478 	 0.009969 	 0.257660 	 0.460988
  479 	 0.006884 	 0.247098 	 0.469130
  480 	 0.009798 	 0.246719 	 0.469130
  481 	 0.006925 	 0.243003 	 0.463916
  482 	 0.004239 	 0.243784 	 0.463928
  483 	 0.004329 	 0.236821 	 0.450361
  484 	 0.006824 	 0.230100 	 0.465533
  485 	 0.007856 	 0.237183 	 0.454359
  486 	 0.006861 	 0.254498 	 0.455961
  487 	 0.006931 	 0.248746 	 0.456208
  488 	 0.006734 	 0.242139 	 0.464130
  489 	 0.006911 	 0.243399 	 0.456866
  490 	 0.006869 	 0.253676 	 0.456158
  491 	 0.009330 	 0.261429 	 0.457271
  492 	 0.009239 	 0.234621 	 0.452960
  493 	 0.006918 	 0.218767 	 0.458020
  494 	 0.007698 	 0.234755 	 0.467820
  495 	 0.004392 	 0.241084 	 0.468407
  496 	 0.006928 	 0.237873 	 0.466341
  497 	 0.006875 	 0.222424 	 0.460789
  498 	 0.008079 	 0.220455 	 0.464705
  499 	 0.006741 	 0.217271 	 0.464943
 