   0 	 0.003346 	 0.010422 	 0.034199
    1 	 0.003503 	 0.012483 	 0.034372
    2 	 0.004343 	 0.014293 	 0.053042
    3 	 0.005610 	 0.015786 	 0.069916
    4 	 0.005992 	 0.017410 	 0.081504
    5 	 0.004989 	 0.018447 	 0.081186
    6 	 0.004692 	 0.021048 	 0.079088
    7 	 0.005807 	 0.021616 	 0.074185
    8 	 0.007085 	 0.024763 	 0.092021
    9 	 0.005314 	 0.029202 	 0.107928
   10 	 0.006142 	 0.031225 	 0.127421
   11 	 0.006671 	 0.037689 	 0.145448
   12 	 0.007574 	 0.038913 	 0.145448
   13 	 0.006313 	 0.042729 	 0.145448
   14 	 0.007822 	 0.050215 	 0.140415
   15 	 0.007939 	 0.055796 	 0.183323
   16 	 0.008391 	 0.061995 	 0.183276
   17 	 0.006908 	 0.060502 	 0.210581
   18 	 0.005998 	 0.062195 	 0.185423
   19 	 0.007147 	 0.063096 	 0.140660
   20 	 0.006512 	 0.062209 	 0.140019
   21 	 0.005739 	 0.062114 	 0.159472
   22 	 0.010630 	 0.067203 	 0.159118
   23 	 0.006854 	 0.070859 	 0.167887
   24 	 0.005708 	 0.073681 	 0.168041
   25 	 0.005716 	 0.079412 	 0.168537
   26 	 0.007225 	 0.080546 	 0.204344
   27 	 0.006896 	 0.085150 	 0.218053
   28 	 0.005916 	 0.084872 	 0.216705
   29 	 0.007275 	 0.089014 	 0.220357
   30 	 0.007869 	 0.088146 	 0.199422
   31 	 0.005743 	 0.087019 	 0.208021
   32 	 0.006438 	 0.090129 	 0.208021
   33 	 0.006730 	 0.094462 	 0.205508
   34 	 0.008927 	 0.099063 	 0.194583
   35 	 0.006889 	 0.100454 	 0.246063
   36 	 0.005983 	 0.098533 	 0.230177
   37 	 0.005895 	 0.101215 	 0.227902
   38 	 0.007047 	 0.099155 	 0.227259
   39 	 0.006788 	 0.104395 	 0.230016
   40 	 0.005071 	 0.104088 	 0.255916
   41 	 0.005058 	 0.119380 	 0.286704
   42 	 0.006890 	 0.126771 	 0.246392
   43 	 0.006118 	 0.132081 	 0.287513
   44 	 0.006900 	 0.125940 	 0.245169
   45 	 0.006730 	 0.129194 	 0.245298
   46 	 0.008333 	 0.128825 	 0.248103
   47 	 0.006429 	 0.128684 	 0.275325
   48 	 0.007064 	 0.141566 	 0.316957
   49 	 0.007167 	 0.138383 	 0.343763
   50 	 0.006824 	 0.139299 	 0.343690
   51 	 0.008963 	 0.144153 	 0.360535
   52 	 0.006567 	 0.144279 	 0.357671
   53 	 0.006708 	 0.149751 	 0.361001
   54 	 0.006766 	 0.157045 	 0.340950
   55 	 0.006481 	 0.162476 	 0.362770
   56 	 0.006806 	 0.167413 	 0.343665
   57 	 0.006778 	 0.163617 	 0.345467
   58 	 0.006998 	 0.179650 	 0.409728
   59 	 0.006431 	 0.171109 	 0.410608
   60 	 0.006519 	 0.175168 	 0.395865
   61 	 0.007102 	 0.165148 	 0.417428
   62 	 0.009168 	 0.162353 	 0.416564
   63 	 0.006732 	 0.176568 	 0.405178
   64 	 0.006717 	 0.159155 	 0.409469
   65 	 0.006043 	 0.163983 	 0.407788
   66 	 0.006819 	 0.171470 	 0.404141
   67 	 0.010687 	 0.172194 	 0.440271
   68 	 0.006982 	 0.180179 	 0.393803
   69 	 0.006002 	 0.173593 	 0.391609
   70 	 0.006475 	 0.184623 	 0.391609
   71 	 0.005269 	 0.176387 	 0.379519
   72 	 0.006991 	 0.186100 	 0.435697
   73 	 0.006483 	 0.188541 	 0.436336
   74 	 0.006176 	 0.197291 	 0.433375
   75 	 0.009025 	 0.214861 	 0.435051
   76 	 0.006835 	 0.189586 	 0.435051
   77 	 0.006740 	 0.185877 	 0.418199
   78 	 0.006982 	 0.186706 	 0.423461
   79 	 0.009155 	 0.198549 	 0.435346
   80 	 0.006806 	 0.192555 	 0.432596
   81 	 0.006463 	 0.176857 	 0.413154
   82 	 0.007016 	 0.195055 	 0.444611
   83 	 0.005322 	 0.197302 	 0.444611
   84 	 0.006544 	 0.209465 	 0.460635
   85 	 0.005425 	 0.209668 	 0.419018
   86 	 0.006862 	 0.213127 	 0.424468
   87 	 0.009860 	 0.217697 	 0.439867
   88 	 0.006784 	 0.216458 	 0.443258
   89 	 0.006865 	 0.202934 	 0.441611
   90 	 0.008836 	 0.200047 	 0.432142
   91 	 0.009356 	 0.209791 	 0.411911
   92 	 0.006992 	 0.213872 	 0.421672
   93 	 0.005866 	 0.203153 	 0.449847
   94 	 0.005301 	 0.206826 	 0.460865
   95 	 0.005825 	 0.210964 	 0.444430
   96 	 0.006568 	 0.202948 	 0.440266
   97 	 0.006859 	 0.199915 	 0.465326
   98 	 0.006963 	 0.177325 	 0.452773
   99 	 0.006965 	 0.196540 	 0.463828
  100 	 0.006962 	 0.193192 	 0.452453
  101 	 0.006369 	 0.199325 	 0.446632
  102 	 0.006872 	 0.228814 	 0.457316
  103 	 0.006165 	 0.227615 	 0.484500
  104 	 0.006830 	 0.223171 	 0.485121
  105 	 0.009110 	 0.221409 	 0.452329
  106 	 0.006999 	 0.239676 	 0.461448
  107 	 0.006073 	 0.253363 	 0.471748
  108 	 0.006903 	 0.242134 	 0.471599
  109 	 0.008950 	 0.237320 	 0.480330
  110 	 0.006647 	 0.228471 	 0.471962
  111 	 0.006960 	 0.225561 	 0.470450
  112 	 0.006931 	 0.231853 	 0.470450
  113 	 0.006957 	 0.231913 	 0.484459
  114 	 0.007032 	 0.224216 	 0.471044
  115 	 0.006529 	 0.215965 	 0.479800
  116 	 0.007213 	 0.209648 	 0.458347
  117 	 0.006619 	 0.211927 	 0.460522
  118 	 0.006859 	 0.207769 	 0.469017
  119 	 0.006919 	 0.211913 	 0.469017
  120 	 0.006893 	 0.198231 	 0.472262
  121 	 0.006802 	 0.190685 	 0.463990
  122 	 0.005388 	 0.205015 	 0.448844
  123 	 0.006820 	 0.224013 	 0.470795
  124 	 0.006858 	 0.234278 	 0.472817
  125 	 0.006380 	 0.231866 	 0.466453
  126 	 0.006599 	 0.229914 	 0.455128
  127 	 0.006951 	 0.214177 	 0.466145
  128 	 0.006930 	 0.217448 	 0.466145
  129 	 0.006889 	 0.228555 	 0.469721
  130 	 0.007408 	 0.224183 	 0.464260
  131 	 0.005440 	 0.232120 	 0.469108
  132 	 0.006902 	 0.224178 	 0.476805
  133 	 0.006833 	 0.227639 	 0.479929
  134 	 0.006808 	 0.228378 	 0.485756
  135 	 0.006872 	 0.232044 	 0.480137
  136 	 0.006917 	 0.252770 	 0.480137
  137 	 0.007011 	 0.243669 	 0.479073
  138 	 0.006930 	 0.242818 	 0.482895
  139 	 0.006927 	 0.218160 	 0.479073
  140 	 0.005788 	 0.209383 	 0.497828
  141 	 0.006773 	 0.238467 	 0.497828
  142 	 0.006619 	 0.228884 	 0.468615
  143 	 0.006863 	 0.220718 	 0.483333
  144 	 0.006552 	 0.224017 	 0.476310
  145 	 0.006334 	 0.240622 	 0.462594
  146 	 0.006883 	 0.234990 	 0.462471
  147 	 0.006888 	 0.244877 	 0.479484
  148 	 0.006911 	 0.238856 	 0.477592
  149 	 0.006855 	 0.240437 	 0.447829
  150 	 0.006872 	 0.254410 	 0.467953
  151 	 0.006923 	 0.248879 	 0.466486
  152 	 0.007939 	 0.255619 	 0.478598
  153 	 0.006647 	 0.259658 	 0.483037
  154 	 0.006655 	 0.248260 	 0.481214
  155 	 0.006251 	 0.251730 	 0.481703
  156 	 0.006822 	 0.262190 	 0.479037
  157 	 0.006934 	 0.246644 	 0.475654
  158 	 0.006922 	 0.257712 	 0.477151
  159 	 0.006896 	 0.256644 	 0.492844
  160 	 0.006886 	 0.264605 	 0.494692
  161 	 0.005974 	 0.263843 	 0.492233
  162 	 0.006896 	 0.267332 	 0.500283
  163 	 0.006911 	 0.261245 	 0.500283
  164 	 0.006838 	 0.265170 	 0.500283
  165 	 0.006892 	 0.269493 	 0.500283
  166 	 0.006804 	 0.279065 	 0.492424
  167 	 0.006958 	 0.259450 	 0.500371
  168 	 0.008485 	 0.258858 	 0.494227
  169 	 0.009458 	 0.272002 	 0.479461
  170 	 0.007012 	 0.262142 	 0.492001
  171 	 0.006948 	 0.250964 	 0.495859
  172 	 0.006947 	 0.235355 	 0.485165
  173 	 0.009375 	 0.246027 	 0.492625
  174 	 0.006907 	 0.237007 	 0.493263
  175 	 0.006492 	 0.251375 	 0.493263
  176 	 0.009472 	 0.248685 	 0.492845
  177 	 0.006966 	 0.229704 	 0.493184
  178 	 0.006438 	 0.234665 	 0.493184
  179 	 0.006877 	 0.245134 	 0.476720
  180 	 0.006099 	 0.248771 	 0.480708
  181 	 0.006849 	 0.245794 	 0.490103
  182 	 0.006926 	 0.244865 	 0.483949
  183 	 0.005308 	 0.246024 	 0.468692
  184 	 0.006733 	 0.228900 	 0.468692
  185 	 0.006961 	 0.234065 	 0.469186
  186 	 0.006372 	 0.246426 	 0.473520
  187 	 0.006317 	 0.242386 	 0.475396
  188 	 0.006322 	 0.239334 	 0.483716
  189 	 0.007002 	 0.245768 	 0.487680
  190 	 0.006382 	 0.255982 	 0.482793
  191 	 0.007103 	 0.239749 	 0.482953
  192 	 0.006665 	 0.235726 	 0.480797
  193 	 0.006183 	 0.252730 	 0.479329
  194 	 0.006240 	 0.249100 	 0.486631
  195 	 0.006210 	 0.236371 	 0.474847
  196 	 0.004763 	 0.230152 	 0.481871
  197 	 0.009489 	 0.233903 	 0.486238
  198 	 0.006908 	 0.247228 	 0.499219
  199 	 0.006987 	 0.237542 	 0.499219
  200 	 0.006414 	 0.239932 	 0.499207
  201 	 0.009545 	 0.239200 	 0.493836
  202 	 0.006923 	 0.238560 	 0.493836
  203 	 0.006916 	 0.238275 	 0.502037
  204 	 0.004967 	 0.250912 	 0.502037
  205 	 0.006646 	 0.256820 	 0.502829
  206 	 0.006916 	 0.257464 	 0.494966
  207 	 0.006883 	 0.261292 	 0.494032
  208 	 0.008171 	 0.281178 	 0.494032
  209 	 0.007262 	 0.292507 	 0.498571
  210 	 0.006956 	 0.287145 	 0.496804
  211 	 0.006962 	 0.284459 	 0.496804
  212 	 0.007044 	 0.253679 	 0.496665
  213 	 0.006874 	 0.256782 	 0.496496
  214 	 0.006934 	 0.246936 	 0.496496
  215 	 0.009431 	 0.265631 	 0.495350
  216 	 0.006863 	 0.266776 	 0.497946
  217 	 0.007086 	 0.271140 	 0.498120
  218 	 0.006933 	 0.256302 	 0.498120
  219 	 0.006921 	 0.235474 	 0.486875
  220 	 0.006850 	 0.258826 	 0.493245
  221 	 0.006853 	 0.260468 	 0.493177
  222 	 0.006894 	 0.267036 	 0.493177
  223 	 0.009324 	 0.256573 	 0.489786
  224 	 0.007012 	 0.274575 	 0.490409
  225 	 0.006844 	 0.246660 	 0.502762
  226 	 0.005371 	 0.241266 	 0.506608
  227 	 0.006501 	 0.258656 	 0.495459
  228 	 0.006603 	 0.239233 	 0.497964
  229 	 0.006519 	 0.250689 	 0.492777
  230 	 0.006142 	 0.256029 	 0.495945
  231 	 0.008412 	 0.261354 	 0.495669
  232 	 0.009406 	 0.260000 	 0.486677
  233 	 0.006800 	 0.238308 	 0.486569
  234 	 0.006513 	 0.249290 	 0.491876
  235 	 0.006834 	 0.233429 	 0.476599
  236 	 0.006557 	 0.252652 	 0.476872
  237 	 0.006906 	 0.252562 	 0.480889
  238 	 0.007042 	 0.257309 	 0.482668
  239 	 0.006878 	 0.259647 	 0.493897
  240 	 0.006855 	 0.236523 	 0.499888
  241 	 0.006851 	 0.241449 	 0.485003
  242 	 0.006687 	 0.247865 	 0.480012
  243 	 0.007153 	 0.252380 	 0.483440
  244 	 0.009370 	 0.246324 	 0.481130
  245 	 0.006257 	 0.242400 	 0.459021
  246 	 0.006917 	 0.239906 	 0.473845
  247 	 0.006838 	 0.252054 	 0.477478
  248 	 0.006805 	 0.252897 	 0.484890
  249 	 0.005563 	 0.248094 	 0.475917
  250 	 0.006821 	 0.241545 	 0.479174
  251 	 0.009662 	 0.262052 	 0.479450
  252 	 0.007001 	 0.279354 	 0.479450
  253 	 0.006867 	 0.252764 	 0.472908
  254 	 0.007025 	 0.239572 	 0.475837
  255 	 0.006951 	 0.252413 	 0.476644
  256 	 0.006800 	 0.245477 	 0.477436
  257 	 0.006941 	 0.230254 	 0.468696
  258 	 0.006875 	 0.243322 	 0.481955
  259 	 0.006564 	 0.261496 	 0.485083
  260 	 0.006877 	 0.247084 	 0.488535
  261 	 0.006536 	 0.255135 	 0.488893
  262 	 0.006847 	 0.256363 	 0.485416
  263 	 0.006162 	 0.246451 	 0.487655
  264 	 0.006916 	 0.247316 	 0.487567
  265 	 0.006753 	 0.252107 	 0.485833
  266 	 0.006950 	 0.261176 	 0.498784
  267 	 0.006945 	 0.262764 	 0.498784
  268 	 0.006882 	 0.258039 	 0.481680
  269 	 0.005474 	 0.263934 	 0.497413
  270 	 0.007715 	 0.242092 	 0.481116
  271 	 0.006890 	 0.247182 	 0.486507
  272 	 0.008704 	 0.241853 	 0.480864
  273 	 0.006920 	 0.238881 	 0.501067
  274 	 0.006604 	 0.231425 	 0.501466
  275 	 0.006770 	 0.232313 	 0.502237
  276 	 0.005074 	 0.237457 	 0.503029
  277 	 0.005073 	 0.257080 	 0.503075
  278 	 0.005995 	 0.248759 	 0.503075
  279 	 0.006780 	 0.263300 	 0.501946
  280 	 0.006142 	 0.244275 	 0.501502
  281 	 0.006908 	 0.225313 	 0.501502
  282 	 0.006147 	 0.218840 	 0.492870
  283 	 0.006863 	 0.225506 	 0.492124
  284 	 0.005072 	 0.223072 	 0.492124
  285 	 0.006369 	 0.225543 	 0.504548
  286 	 0.010274 	 0.259327 	 0.498628
  287 	 0.006559 	 0.243939 	 0.501354
  288 	 0.005948 	 0.247481 	 0.500907
  289 	 0.007004 	 0.233655 	 0.485678
  290 	 0.004771 	 0.217060 	 0.496424
  291 	 0.006955 	 0.244882 	 0.485899
  292 	 0.006901 	 0.238825 	 0.482203
  293 	 0.005561 	 0.231203 	 0.480278
  294 	 0.007810 	 0.243688 	 0.504347
  295 	 0.006891 	 0.239953 	 0.479386
  296 	 0.006691 	 0.243721 	 0.494557
  297 	 0.009436 	 0.256967 	 0.495699
  298 	 0.006894 	 0.251818 	 0.495827
  299 	 0.006759 	 0.246938 	 0.496273
  300 	 0.006939 	 0.229097 	 0.493279
  301 	 0.006477 	 0.241199 	 0.493810
  302 	 0.006820 	 0.238708 	 0.495510
  303 	 0.006139 	 0.236906 	 0.492898
  304 	 0.005411 	 0.248823 	 0.506833
  305 	 0.006883 	 0.254200 	 0.495722
  306 	 0.006913 	 0.249351 	 0.495570
  307 	 0.006579 	 0.251738 	 0.504669
  308 	 0.006488 	 0.242689 	 0.504049
  309 	 0.005497 	 0.256161 	 0.504137
  310 	 0.005497 	 0.238279 	 0.504602
  311 	 0.009349 	 0.239968 	 0.504602
  312 	 0.005399 	 0.248244 	 0.504602
  313 	 0.005910 	 0.257571 	 0.505779
  314 	 0.006214 	 0.238434 	 0.511625
  315 	 0.006493 	 0.262549 	 0.511625
  316 	 0.006880 	 0.278934 	 0.501721
  317 	 0.007168 	 0.266024 	 0.501721
  318 	 0.005056 	 0.256470 	 0.502567
  319 	 0.006922 	 0.258758 	 0.507934
  320 	 0.006656 	 0.266189 	 0.508095
  321 	 0.006598 	 0.275524 	 0.508599
  322 	 0.006440 	 0.255837 	 0.504037
  323 	 0.006176 	 0.266426 	 0.501690
  324 	 0.006897 	 0.268713 	 0.506021
  325 	 0.006615 	 0.270525 	 0.502359
  326 	 0.005005 	 0.255734 	 0.509547
  327 	 0.006879 	 0.239980 	 0.498542
  328 	 0.006718 	 0.236351 	 0.503133
  329 	 0.006980 	 0.239730 	 0.492240
  330 	 0.006853 	 0.253787 	 0.501109
  331 	 0.006913 	 0.243059 	 0.500604
  332 	 0.006874 	 0.252349 	 0.507695
  333 	 0.006738 	 0.273612 	 0.510198
  334 	 0.006359 	 0.259979 	 0.510203
  335 	 0.006145 	 0.239273 	 0.509072
  336 	 0.006524 	 0.244029 	 0.509072
  337 	 0.006877 	 0.242890 	 0.500680
  338 	 0.009370 	 0.232632 	 0.500680
  339 	 0.008665 	 0.222348 	 0.500496
  340 	 0.006833 	 0.247360 	 0.500132
  341 	 0.006061 	 0.259925 	 0.505545
  342 	 0.006973 	 0.268900 	 0.504624
  343 	 0.005983 	 0.276803 	 0.504624
  344 	 0.006827 	 0.264418 	 0.503822
  345 	 0.009152 	 0.277656 	 0.505921
  346 	 0.006259 	 0.270639 	 0.503850
  347 	 0.006266 	 0.256565 	 0.493044
  348 	 0.006879 	 0.251709 	 0.500118
  349 	 0.006429 	 0.241657 	 0.505779
  350 	 0.006930 	 0.232909 	 0.512683
  351 	 0.006880 	 0.250175 	 0.506542
  352 	 0.006096 	 0.235738 	 0.506542
  353 	 0.005995 	 0.255323 	 0.512853
  354 	 0.006541 	 0.259746 	 0.512619
  355 	 0.005922 	 0.257391 	 0.505113
  356 	 0.006928 	 0.251396 	 0.497564
  357 	 0.006887 	 0.254758 	 0.499281
  358 	 0.005894 	 0.272499 	 0.510862
  359 	 0.006471 	 0.263850 	 0.507426
  360 	 0.006720 	 0.282280 	 0.507426
  361 	 0.006545 	 0.289901 	 0.507426
  362 	 0.015416 	 0.275136 	 0.507426
  363 	 0.006981 	 0.281609 	 0.509075
  364 	 0.009854 	 0.293581 	 0.509075
  365 	 0.006697 	 0.287793 	 0.512170
  366 	 0.006453 	 0.299936 	 0.502656
  367 	 0.009383 	 0.299627 	 0.505967
  368 	 0.006890 	 0.274352 	 0.507261
  369 	 0.007516 	 0.265470 	 0.507261
  370 	 0.006977 	 0.265274 	 0.508460
  371 	 0.005409 	 0.245306 	 0.510032
  372 	 0.006935 	 0.246037 	 0.512022
  373 	 0.006829 	 0.244294 	 0.504109
  374 	 0.006871 	 0.246618 	 0.507470
  375 	 0.009346 	 0.246076 	 0.509632
  376 	 0.006908 	 0.248316 	 0.510365
  377 	 0.006635 	 0.272657 	 0.513050
  378 	 0.007335 	 0.273437 	 0.510800
  379 	 0.006894 	 0.284753 	 0.507405
  380 	 0.005546 	 0.272519 	 0.509179
  381 	 0.006596 	 0.279269 	 0.509563
  382 	 0.006911 	 0.270878 	 0.510932
  383 	 0.006804 	 0.269435 	 0.510481
  384 	 0.006808 	 0.286140 	 0.512771
  385 	 0.006437 	 0.272356 	 0.511706
  386 	 0.006323 	 0.265376 	 0.511612
  387 	 0.006895 	 0.283286 	 0.501307
  388 	 0.006976 	 0.274848 	 0.509606
  389 	 0.006887 	 0.265033 	 0.506355
  390 	 0.005442 	 0.246791 	 0.506355
  391 	 0.005442 	 0.251716 	 0.506675
  392 	 0.006995 	 0.270580 	 0.506474
  393 	 0.006920 	 0.248332 	 0.506870
  394 	 0.006897 	 0.261294 	 0.508267
  395 	 0.006929 	 0.258616 	 0.508349
  396 	 0.006906 	 0.249056 	 0.497308
  397 	 0.007005 	 0.258355 	 0.509555
  398 	 0.006901 	 0.254169 	 0.499903
  399 	 0.006813 	 0.253874 	 0.502021
  400 	 0.005389 	 0.262276 	 0.492265
  401 	 0.009846 	 0.251411 	 0.485911
  402 	 0.006935 	 0.268995 	 0.504340
  403 	 0.006081 	 0.244952 	 0.498469
  404 	 0.006132 	 0.262701 	 0.493422
  405 	 0.006901 	 0.274693 	 0.499527
  406 	 0.006952 	 0.276816 	 0.497829
  407 	 0.006901 	 0.255865 	 0.494925
  408 	 0.006020 	 0.226187 	 0.488396
  409 	 0.006910 	 0.234681 	 0.498028
  410 	 0.006703 	 0.245265 	 0.498028
  411 	 0.008333 	 0.257811 	 0.496720
  412 	 0.006864 	 0.254431 	 0.498940
  413 	 0.007027 	 0.265530 	 0.497232
  414 	 0.006859 	 0.273827 	 0.505346
  415 	 0.009266 	 0.288909 	 0.505346
  416 	 0.009249 	 0.301646 	 0.502092
  417 	 0.006114 	 0.275491 	 0.500893
  418 	 0.006899 	 0.265526 	 0.500082
  419 	 0.006708 	 0.285828 	 0.499974
  420 	 0.007015 	 0.274943 	 0.500585
  421 	 0.006928 	 0.293526 	 0.500585
  422 	 0.006892 	 0.282337 	 0.503247
  423 	 0.007066 	 0.254464 	 0.498365
  424 	 0.007143 	 0.274445 	 0.498365
  425 	 0.009535 	 0.274970 	 0.494604
  426 	 0.006244 	 0.270460 	 0.500045
  427 	 0.006076 	 0.284087 	 0.500045
  428 	 0.006923 	 0.256940 	 0.492628
  429 	 0.008461 	 0.257540 	 0.493854
  430 	 0.005890 	 0.256786 	 0.498039
  431 	 0.007033 	 0.236869 	 0.498039
  432 	 0.009061 	 0.254533 	 0.503252
  433 	 0.005030 	 0.247777 	 0.500233
  434 	 0.006564 	 0.248609 	 0.500925
  435 	 0.006173 	 0.243367 	 0.499076
  436 	 0.007519 	 0.254253 	 0.501108
  437 	 0.007199 	 0.273274 	 0.502637
  438 	 0.006053 	 0.272429 	 0.506267
  439 	 0.005464 	 0.272863 	 0.506267
  440 	 0.006877 	 0.286768 	 0.501919
  441 	 0.006737 	 0.286544 	 0.505067
  442 	 0.006900 	 0.274533 	 0.504585
  443 	 0.006898 	 0.275053 	 0.506955
  444 	 0.006525 	 0.289870 	 0.500294
  445 	 0.006108 	 0.266426 	 0.500756
  446 	 0.006076 	 0.267750 	 0.503917
  447 	 0.006101 	 0.239524 	 0.496285
  448 	 0.005714 	 0.266326 	 0.510874
  449 	 0.006452 	 0.274421 	 0.510874
  450 	 0.009097 	 0.287383 	 0.503660
  451 	 0.009572 	 0.282384 	 0.503660
  452 	 0.006888 	 0.275957 	 0.498273
  453 	 0.006076 	 0.267613 	 0.493506
  454 	 0.009405 	 0.262665 	 0.496794
  455 	 0.005284 	 0.265672 	 0.501669
  456 	 0.006847 	 0.270338 	 0.500191
  457 	 0.006820 	 0.243008 	 0.500191
  458 	 0.009398 	 0.272073 	 0.503120
  459 	 0.006965 	 0.275181 	 0.505218
  460 	 0.006022 	 0.272571 	 0.500656
  461 	 0.006952 	 0.282923 	 0.504210
  462 	 0.009314 	 0.277935 	 0.503760
  463 	 0.006922 	 0.258752 	 0.503760
  464 	 0.006803 	 0.267986 	 0.500444
  465 	 0.006807 	 0.269902 	 0.503581
  466 	 0.006945 	 0.256695 	 0.503581
  467 	 0.006786 	 0.253322 	 0.503581
  468 	 0.006875 	 0.275579 	 0.502474
  469 	 0.005436 	 0.278856 	 0.499303
  470 	 0.006923 	 0.264533 	 0.501078
  471 	 0.006087 	 0.265980 	 0.501078
  472 	 0.007097 	 0.263430 	 0.495284
  473 	 0.006210 	 0.264203 	 0.498904
  474 	 0.006173 	 0.249640 	 0.504311
  475 	 0.006075 	 0.257807 	 0.504959
  476 	 0.009728 	 0.264154 	 0.504311
  477 	 0.006764 	 0.259980 	 0.506457
  478 	 0.009454 	 0.279107 	 0.505984
  479 	 0.008451 	 0.281581 	 0.504600
  480 	 0.007787 	 0.308990 	 0.506033
  481 	 0.006841 	 0.303170 	 0.507417
  482 	 0.006641 	 0.279468 	 0.506435
  483 	 0.005472 	 0.294284 	 0.506189
  484 	 0.005554 	 0.277489 	 0.504925
  485 	 0.006034 	 0.277003 	 0.499108
  486 	 0.009266 	 0.267484 	 0.500285
  487 	 0.006314 	 0.284895 	 0.496806
  488 	 0.006830 	 0.286138 	 0.497164
  489 	 0.006140 	 0.278049 	 0.498187
  490 	 0.006906 	 0.258795 	 0.502281
  491 	 0.006524 	 0.261046 	 0.505086
  492 	 0.007207 	 0.265362 	 0.501548
  493 	 0.006915 	 0.265708 	 0.505848
  494 	 0.009369 	 0.244848 	 0.500820
  495 	 0.006910 	 0.234577 	 0.506011
  496 	 0.006903 	 0.253349 	 0.501123
  497 	 0.006916 	 0.256335 	 0.506297
  498 	 0.005502 	 0.245633 	 0.501166
  499 	 0.006546 	 0.244924 	 0.503256
 