   0 	 0.003288 	 0.010360 	 0.031719
    1 	 0.004424 	 0.012759 	 0.043787
    2 	 0.005458 	 0.014938 	 0.049568
    3 	 0.004259 	 0.016623 	 0.059131
    4 	 0.005081 	 0.018470 	 0.068366
    5 	 0.004423 	 0.019351 	 0.077100
    6 	 0.005275 	 0.021565 	 0.077610
    7 	 0.005185 	 0.023516 	 0.077610
    8 	 0.005570 	 0.028122 	 0.105419
    9 	 0.004282 	 0.029479 	 0.101421
   10 	 0.006194 	 0.034612 	 0.139892
   11 	 0.006684 	 0.037840 	 0.158442
   12 	 0.006406 	 0.046404 	 0.150054
   13 	 0.009461 	 0.047855 	 0.140393
   14 	 0.005105 	 0.052693 	 0.142617
   15 	 0.005898 	 0.054335 	 0.136603
   16 	 0.008179 	 0.060412 	 0.136014
   17 	 0.006761 	 0.060584 	 0.142734
   18 	 0.007145 	 0.064268 	 0.136554
   19 	 0.006927 	 0.069099 	 0.147572
   20 	 0.007151 	 0.075756 	 0.156657
   21 	 0.006115 	 0.075262 	 0.197547
   22 	 0.007287 	 0.082847 	 0.230924
   23 	 0.007106 	 0.081878 	 0.230924
   24 	 0.005135 	 0.086211 	 0.246464
   25 	 0.006866 	 0.090458 	 0.396443
   26 	 0.006839 	 0.096746 	 0.398817
   27 	 0.007804 	 0.110432 	 0.417664
   28 	 0.006735 	 0.114986 	 0.297059
   29 	 0.006789 	 0.115581 	 0.291751
   30 	 0.007029 	 0.109650 	 0.358056
   31 	 0.006731 	 0.117190 	 0.310191
   32 	 0.007084 	 0.122529 	 0.293669
   33 	 0.007194 	 0.123865 	 0.404816
   34 	 0.007057 	 0.121722 	 0.315269
   35 	 0.006917 	 0.133439 	 0.363174
   36 	 0.006853 	 0.136205 	 0.406878
   37 	 0.008725 	 0.146861 	 0.334716
   38 	 0.006918 	 0.153868 	 0.400929
   39 	 0.006647 	 0.154195 	 0.478178
   40 	 0.006743 	 0.152096 	 0.475856
   41 	 0.005533 	 0.149731 	 0.397371
   42 	 0.009461 	 0.157571 	 0.404413
   43 	 0.006044 	 0.157714 	 0.392476
   44 	 0.009259 	 0.142929 	 0.365777
   45 	 0.006894 	 0.146272 	 0.399883
   46 	 0.006879 	 0.144231 	 0.399883
   47 	 0.005938 	 0.142184 	 0.397005
   48 	 0.006206 	 0.140099 	 0.391486
   49 	 0.006893 	 0.139748 	 0.384258
   50 	 0.006700 	 0.154190 	 0.397834
   51 	 0.006676 	 0.155644 	 0.434289
   52 	 0.006616 	 0.152534 	 0.462558
   53 	 0.006827 	 0.154857 	 0.459251
   54 	 0.006898 	 0.160980 	 0.456395
   55 	 0.006924 	 0.169287 	 0.486623
   56 	 0.006121 	 0.179875 	 0.486623
   57 	 0.005336 	 0.156518 	 0.486623
   58 	 0.006848 	 0.166151 	 0.499446
   59 	 0.006254 	 0.158517 	 0.460209
   60 	 0.006593 	 0.177302 	 0.478339
   61 	 0.007037 	 0.178801 	 0.441116
   62 	 0.006112 	 0.164689 	 0.429018
   63 	 0.007129 	 0.177379 	 0.429018
   64 	 0.006977 	 0.176439 	 0.433264
   65 	 0.006656 	 0.175619 	 0.406679
   66 	 0.004362 	 0.191158 	 0.449304
   67 	 0.006111 	 0.198738 	 0.448090
   68 	 0.006816 	 0.201137 	 0.439982
   69 	 0.009074 	 0.205069 	 0.438976
   70 	 0.009261 	 0.196697 	 0.441391
   71 	 0.006810 	 0.205167 	 0.456944
   72 	 0.006401 	 0.209725 	 0.480831
   73 	 0.006501 	 0.219013 	 0.457169
   74 	 0.006626 	 0.203031 	 0.463612
   75 	 0.009099 	 0.214053 	 0.468707
   76 	 0.006765 	 0.231699 	 0.490104
   77 	 0.006944 	 0.219057 	 0.477090
   78 	 0.009574 	 0.223991 	 0.478676
   79 	 0.006976 	 0.231863 	 0.478676
   80 	 0.006946 	 0.205865 	 0.477786
   81 	 0.008618 	 0.215240 	 0.469991
   82 	 0.006992 	 0.223467 	 0.478273
   83 	 0.006937 	 0.218502 	 0.449229
   84 	 0.011566 	 0.238621 	 0.452755
   85 	 0.006517 	 0.239252 	 0.453969
   86 	 0.006944 	 0.213447 	 0.460335
   87 	 0.006936 	 0.209217 	 0.460377
   88 	 0.005110 	 0.224861 	 0.469555
   89 	 0.006399 	 0.247111 	 0.474507
   90 	 0.009227 	 0.254975 	 0.490956
   91 	 0.009534 	 0.242380 	 0.490956
   92 	 0.006472 	 0.220945 	 0.496064
   93 	 0.009662 	 0.241917 	 0.490908
   94 	 0.006325 	 0.245955 	 0.502398
   95 	 0.006946 	 0.237126 	 0.483588
   96 	 0.006963 	 0.235098 	 0.481173
   97 	 0.006887 	 0.244477 	 0.485744
   98 	 0.006516 	 0.234619 	 0.482067
   99 	 0.006883 	 0.248935 	 0.483944
  100 	 0.006139 	 0.249361 	 0.492742
  101 	 0.007001 	 0.247462 	 0.494960
  102 	 0.006957 	 0.224433 	 0.489137
  103 	 0.006956 	 0.242850 	 0.486220
  104 	 0.006841 	 0.233947 	 0.486712
  105 	 0.006764 	 0.242464 	 0.504519
  106 	 0.006862 	 0.242923 	 0.505692
  107 	 0.006870 	 0.254200 	 0.509868
  108 	 0.007031 	 0.242347 	 0.501775
  109 	 0.006878 	 0.257458 	 0.503182
  110 	 0.006080 	 0.256832 	 0.501775
  111 	 0.006900 	 0.242885 	 0.504043
  112 	 0.009874 	 0.252106 	 0.500276
  113 	 0.005509 	 0.247358 	 0.500276
  114 	 0.007123 	 0.239559 	 0.504801
  115 	 0.006156 	 0.247099 	 0.500680
  116 	 0.006941 	 0.258795 	 0.495308
  117 	 0.005200 	 0.273120 	 0.489868
  118 	 0.006516 	 0.255762 	 0.492820
  119 	 0.005456 	 0.235927 	 0.490424
  120 	 0.006982 	 0.228822 	 0.501987
  121 	 0.006851 	 0.258469 	 0.504923
  122 	 0.006881 	 0.229369 	 0.500305
  123 	 0.006943 	 0.235471 	 0.503471
  124 	 0.006882 	 0.239139 	 0.500085
  125 	 0.006339 	 0.246596 	 0.500085
  126 	 0.006884 	 0.266055 	 0.501531
  127 	 0.009772 	 0.276854 	 0.503023
  128 	 0.009251 	 0.280163 	 0.504788
  129 	 0.006914 	 0.266844 	 0.506604
  130 	 0.006802 	 0.277889 	 0.506604
  131 	 0.006672 	 0.259917 	 0.505173
  132 	 0.006210 	 0.280096 	 0.505323
  133 	 0.007047 	 0.267186 	 0.508024
  134 	 0.006800 	 0.263995 	 0.499596
  135 	 0.006947 	 0.240694 	 0.496796
  136 	 0.007076 	 0.266782 	 0.496796
  137 	 0.007068 	 0.265927 	 0.496541
  138 	 0.007288 	 0.247928 	 0.496552
  139 	 0.006939 	 0.263216 	 0.495813
  140 	 0.007011 	 0.260579 	 0.503918
  141 	 0.006788 	 0.273864 	 0.503130
  142 	 0.006797 	 0.250743 	 0.506981
  143 	 0.006916 	 0.260898 	 0.508522
  144 	 0.007039 	 0.249092 	 0.495001
  145 	 0.005367 	 0.265901 	 0.494934
  146 	 0.009052 	 0.276390 	 0.496176
  147 	 0.006928 	 0.284457 	 0.496835
  148 	 0.009960 	 0.293514 	 0.502282
  149 	 0.006958 	 0.274223 	 0.510097
  150 	 0.006443 	 0.258491 	 0.510798
  151 	 0.006245 	 0.256546 	 0.495352
  152 	 0.007017 	 0.268151 	 0.509825
  153 	 0.007688 	 0.258158 	 0.503072
  154 	 0.009562 	 0.241064 	 0.499975
  155 	 0.006863 	 0.262600 	 0.499486
  156 	 0.006121 	 0.270280 	 0.505350
  157 	 0.006887 	 0.259911 	 0.498832
  158 	 0.006950 	 0.263654 	 0.503129
  159 	 0.006259 	 0.250011 	 0.503129
  160 	 0.005314 	 0.253284 	 0.501621
  161 	 0.006821 	 0.258434 	 0.503129
  162 	 0.008975 	 0.268979 	 0.501496
  163 	 0.007326 	 0.260885 	 0.507996
  164 	 0.006633 	 0.260897 	 0.510149
  165 	 0.006552 	 0.238440 	 0.510149
  166 	 0.006981 	 0.249827 	 0.512889
  167 	 0.006938 	 0.267504 	 0.503129
  168 	 0.006910 	 0.267820 	 0.503056
  169 	 0.006913 	 0.257484 	 0.499733
  170 	 0.006871 	 0.277473 	 0.499733
  171 	 0.007594 	 0.251889 	 0.494525
  172 	 0.006804 	 0.255566 	 0.497250
  173 	 0.006406 	 0.262049 	 0.501616
  174 	 0.006242 	 0.243072 	 0.500497
  175 	 0.006417 	 0.255071 	 0.510454
  176 	 0.006168 	 0.248829 	 0.507826
  177 	 0.006135 	 0.249361 	 0.503680
  178 	 0.006104 	 0.246752 	 0.503680
  179 	 0.006890 	 0.258224 	 0.503653
  180 	 0.006907 	 0.248255 	 0.503653
  181 	 0.006769 	 0.259561 	 0.492542
  182 	 0.006669 	 0.260674 	 0.499243
  183 	 0.006837 	 0.264575 	 0.499621
  184 	 0.006935 	 0.258368 	 0.499529
  185 	 0.005992 	 0.255940 	 0.498969
  186 	 0.006917 	 0.257370 	 0.499157
  187 	 0.006781 	 0.256239 	 0.498969
  188 	 0.006973 	 0.271093 	 0.498969
  189 	 0.006677 	 0.250500 	 0.496757
  190 	 0.006105 	 0.269650 	 0.506746
  191 	 0.006881 	 0.259781 	 0.506746
  192 	 0.006415 	 0.288433 	 0.507633
  193 	 0.007011 	 0.287577 	 0.506332
  194 	 0.006939 	 0.270045 	 0.505770
  195 	 0.005433 	 0.279062 	 0.491173
  196 	 0.006812 	 0.271906 	 0.501532
  197 	 0.006892 	 0.286499 	 0.503055
  198 	 0.006956 	 0.266390 	 0.500265
  199 	 0.006895 	 0.242551 	 0.501924
  200 	 0.007755 	 0.268525 	 0.501370
  201 	 0.007367 	 0.248184 	 0.501370
  202 	 0.006769 	 0.245834 	 0.484870
  203 	 0.006937 	 0.261940 	 0.496897
  204 	 0.006890 	 0.253747 	 0.496566
  205 	 0.009432 	 0.254708 	 0.499114
  206 	 0.008002 	 0.245943 	 0.478189
  207 	 0.006922 	 0.255681 	 0.493942
  208 	 0.006943 	 0.270733 	 0.502200
  209 	 0.009460 	 0.268485 	 0.500016
  210 	 0.006951 	 0.261153 	 0.498922
  211 	 0.006873 	 0.262586 	 0.501758
  212 	 0.006518 	 0.274569 	 0.497543
  213 	 0.006266 	 0.274175 	 0.491175
  214 	 0.006876 	 0.281571 	 0.491175
  215 	 0.006933 	 0.275899 	 0.503043
  216 	 0.009974 	 0.298346 	 0.500357
  217 	 0.006937 	 0.276954 	 0.507558
  218 	 0.006954 	 0.269444 	 0.508556
  219 	 0.006880 	 0.267593 	 0.508556
  220 	 0.004899 	 0.264555 	 0.501565
  221 	 0.006116 	 0.273323 	 0.494476
  222 	 0.006512 	 0.249954 	 0.502165
  223 	 0.006552 	 0.245930 	 0.502165
  224 	 0.006598 	 0.256581 	 0.496140
  225 	 0.006211 	 0.272080 	 0.496140
  226 	 0.008681 	 0.266903 	 0.503110
  227 	 0.006522 	 0.272214 	 0.506026
  228 	 0.006940 	 0.283279 	 0.496829
  229 	 0.006921 	 0.275813 	 0.496013
  230 	 0.006719 	 0.268826 	 0.494787
  231 	 0.006918 	 0.259656 	 0.504301
  232 	 0.007180 	 0.258876 	 0.504291
  233 	 0.006132 	 0.262412 	 0.495199
  234 	 0.006149 	 0.259935 	 0.496802
  235 	 0.006956 	 0.254336 	 0.492226
  236 	 0.006911 	 0.234399 	 0.500436
  237 	 0.006628 	 0.256869 	 0.501056
  238 	 0.006534 	 0.256473 	 0.491243
  239 	 0.009538 	 0.258361 	 0.494483
  240 	 0.006876 	 0.265655 	 0.496027
  241 	 0.005268 	 0.251374 	 0.502839
  242 	 0.006825 	 0.242449 	 0.500575
  243 	 0.006194 	 0.268360 	 0.506680
  244 	 0.006800 	 0.259704 	 0.505100
  245 	 0.009425 	 0.275603 	 0.495548
  246 	 0.009454 	 0.250671 	 0.500923
  247 	 0.006895 	 0.248317 	 0.500923
  248 	 0.005018 	 0.241242 	 0.498405
  249 	 0.003891 	 0.238696 	 0.486675
  250 	 0.006213 	 0.256616 	 0.490093
  251 	 0.006818 	 0.280581 	 0.512858
  252 	 0.006950 	 0.256449 	 0.497337
  253 	 0.009363 	 0.264844 	 0.497772
  254 	 0.006911 	 0.260518 	 0.497337
  255 	 0.006961 	 0.259762 	 0.490217
  256 	 0.007482 	 0.280873 	 0.493316
  257 	 0.007813 	 0.276164 	 0.496550
  258 	 0.006856 	 0.289057 	 0.494830
  259 	 0.006954 	 0.265273 	 0.493510
  260 	 0.005106 	 0.260918 	 0.489640
  261 	 0.007068 	 0.259363 	 0.494252
  262 	 0.006989 	 0.274102 	 0.511642
  263 	 0.009151 	 0.272775 	 0.512277
  264 	 0.005450 	 0.274240 	 0.508635
  265 	 0.006944 	 0.284177 	 0.508635
  266 	 0.006932 	 0.274730 	 0.505033
  267 	 0.006883 	 0.272628 	 0.506768
  268 	 0.006957 	 0.282104 	 0.493374
  269 	 0.006875 	 0.251960 	 0.493690
  270 	 0.006881 	 0.258543 	 0.493690
  271 	 0.006918 	 0.258342 	 0.503210
  272 	 0.006807 	 0.255517 	 0.506383
  273 	 0.006828 	 0.266946 	 0.506574
  274 	 0.006103 	 0.270616 	 0.504647
  275 	 0.006918 	 0.259962 	 0.507247
  276 	 0.008056 	 0.263388 	 0.508386
  277 	 0.006981 	 0.258506 	 0.499044
  278 	 0.008474 	 0.261687 	 0.503518
  279 	 0.006505 	 0.255167 	 0.496543
  280 	 0.006044 	 0.260734 	 0.498253
  281 	 0.006557 	 0.258039 	 0.491750
  282 	 0.006519 	 0.255091 	 0.500491
  283 	 0.008367 	 0.263517 	 0.503432
  284 	 0.005388 	 0.247318 	 0.507209
  285 	 0.006902 	 0.240699 	 0.508312
  286 	 0.006441 	 0.247312 	 0.497824
  287 	 0.005501 	 0.226220 	 0.491343
  288 	 0.006804 	 0.227405 	 0.484221
  289 	 0.006993 	 0.245317 	 0.502694
  290 	 0.006949 	 0.235171 	 0.495763
  291 	 0.006878 	 0.230668 	 0.510729
  292 	 0.009267 	 0.228075 	 0.508838
  293 	 0.006796 	 0.250380 	 0.510192
  294 	 0.006951 	 0.252913 	 0.509009
  295 	 0.006483 	 0.252182 	 0.509145
  296 	 0.006874 	 0.264578 	 0.509604
  297 	 0.006964 	 0.266264 	 0.504537
  298 	 0.006593 	 0.250418 	 0.508497
  299 	 0.006963 	 0.252419 	 0.506113
  300 	 0.006083 	 0.271649 	 0.501870
  301 	 0.007140 	 0.278130 	 0.497782
  302 	 0.006924 	 0.284563 	 0.506359
  303 	 0.006748 	 0.265648 	 0.508574
  304 	 0.006745 	 0.262929 	 0.508574
  305 	 0.006863 	 0.270822 	 0.499854
  306 	 0.006253 	 0.279964 	 0.502952
  307 	 0.006975 	 0.270818 	 0.500917
  308 	 0.006845 	 0.263669 	 0.508493
  309 	 0.008655 	 0.268478 	 0.505743
  310 	 0.006955 	 0.254311 	 0.510835
  311 	 0.005634 	 0.232634 	 0.507066
  312 	 0.007153 	 0.256570 	 0.504511
  313 	 0.006270 	 0.246698 	 0.504511
  314 	 0.009065 	 0.232998 	 0.507488
  315 	 0.006760 	 0.248993 	 0.503539
  316 	 0.006711 	 0.246222 	 0.501759
  317 	 0.007125 	 0.257561 	 0.509426
  318 	 0.006938 	 0.257058 	 0.508054
  319 	 0.008348 	 0.257791 	 0.502048
  320 	 0.005505 	 0.260537 	 0.497621
  321 	 0.007005 	 0.249449 	 0.500089
  322 	 0.006094 	 0.272104 	 0.502722
  323 	 0.006527 	 0.255995 	 0.507833
  324 	 0.009131 	 0.251604 	 0.507338
  325 	 0.006722 	 0.249788 	 0.501639
  326 	 0.006948 	 0.255577 	 0.505369
  327 	 0.006917 	 0.263803 	 0.505369
  328 	 0.009021 	 0.264091 	 0.511512
  329 	 0.006886 	 0.280744 	 0.508246
  330 	 0.006941 	 0.267646 	 0.509055
  331 	 0.006809 	 0.256509 	 0.509055
  332 	 0.006935 	 0.272639 	 0.509647
  333 	 0.006974 	 0.253096 	 0.509647
  334 	 0.007013 	 0.264067 	 0.509647
  335 	 0.006200 	 0.256132 	 0.507381
  336 	 0.006793 	 0.258240 	 0.498838
  337 	 0.007098 	 0.262099 	 0.498430
  338 	 0.007081 	 0.269354 	 0.501004
  339 	 0.009568 	 0.288454 	 0.505269
  340 	 0.005076 	 0.287623 	 0.505654
  341 	 0.006461 	 0.268808 	 0.488594
  342 	 0.006901 	 0.272247 	 0.498635
  343 	 0.009133 	 0.247247 	 0.505208
  344 	 0.006660 	 0.269584 	 0.502567
  345 	 0.006495 	 0.257172 	 0.511002
  346 	 0.006870 	 0.273023 	 0.504920
  347 	 0.006837 	 0.259202 	 0.506471
  348 	 0.006179 	 0.258056 	 0.506417
  349 	 0.006886 	 0.251786 	 0.508067
  350 	 0.006446 	 0.263636 	 0.509006
  351 	 0.006822 	 0.240162 	 0.506099
  352 	 0.006970 	 0.220857 	 0.506099
  353 	 0.006892 	 0.222287 	 0.503372
  354 	 0.007017 	 0.240896 	 0.497539
  355 	 0.006578 	 0.237205 	 0.501636
  356 	 0.006786 	 0.241116 	 0.502199
  357 	 0.009892 	 0.233552 	 0.505257
  358 	 0.005475 	 0.231147 	 0.499955
  359 	 0.007114 	 0.252996 	 0.509586
  360 	 0.006814 	 0.247338 	 0.507654
  361 	 0.006972 	 0.235883 	 0.497003
  362 	 0.006848 	 0.235457 	 0.501385
  363 	 0.005511 	 0.233989 	 0.501385
  364 	 0.005566 	 0.223697 	 0.500987
  365 	 0.006882 	 0.249387 	 0.508399
  366 	 0.006959 	 0.259003 	 0.498390
  367 	 0.006914 	 0.249001 	 0.506463
  368 	 0.006865 	 0.250877 	 0.508669
  369 	 0.006962 	 0.259968 	 0.506140
  370 	 0.006211 	 0.251994 	 0.514194
  371 	 0.006950 	 0.250227 	 0.511397
  372 	 0.006941 	 0.252143 	 0.511657
  373 	 0.006940 	 0.244695 	 0.503471
  374 	 0.006940 	 0.247063 	 0.506924
  375 	 0.006596 	 0.256159 	 0.493177
  376 	 0.006933 	 0.264229 	 0.515373
  377 	 0.006867 	 0.249785 	 0.497057
  378 	 0.006668 	 0.264996 	 0.490193
  379 	 0.006377 	 0.233021 	 0.486041
  380 	 0.006916 	 0.239757 	 0.511558
  381 	 0.005428 	 0.235513 	 0.504210
  382 	 0.008883 	 0.234147 	 0.514480
  383 	 0.006060 	 0.253248 	 0.520161
  384 	 0.006768 	 0.244655 	 0.520161
  385 	 0.006930 	 0.238666 	 0.512169
  386 	 0.006902 	 0.255531 	 0.512169
  387 	 0.006928 	 0.248727 	 0.509623
  388 	 0.006881 	 0.262229 	 0.509623
  389 	 0.006947 	 0.269056 	 0.509623
  390 	 0.006363 	 0.254476 	 0.509623
  391 	 0.006896 	 0.246053 	 0.509623
  392 	 0.006975 	 0.230957 	 0.500227
  393 	 0.006966 	 0.242730 	 0.504273
  394 	 0.007178 	 0.238320 	 0.498885
  395 	 0.006072 	 0.265734 	 0.500378
  396 	 0.006928 	 0.257998 	 0.501056
  397 	 0.006958 	 0.245550 	 0.506953
  398 	 0.006551 	 0.252064 	 0.500886
  399 	 0.009016 	 0.249280 	 0.498873
  400 	 0.006932 	 0.248796 	 0.502565
  401 	 0.006985 	 0.268748 	 0.520823
  402 	 0.006946 	 0.268757 	 0.496566
  403 	 0.006954 	 0.263414 	 0.501613
  404 	 0.006508 	 0.252147 	 0.508420
  405 	 0.006975 	 0.255731 	 0.494255
  406 	 0.006855 	 0.250549 	 0.499038
  407 	 0.009649 	 0.248807 	 0.503159
  408 	 0.006934 	 0.231343 	 0.504584
  409 	 0.008748 	 0.265159 	 0.510171
  410 	 0.009898 	 0.278738 	 0.501611
  411 	 0.006967 	 0.276534 	 0.503353
  412 	 0.006830 	 0.263258 	 0.494810
  413 	 0.006552 	 0.264942 	 0.505903
  414 	 0.006992 	 0.240749 	 0.496248
  415 	 0.007026 	 0.263211 	 0.496248
  416 	 0.006905 	 0.274674 	 0.496558
  417 	 0.006936 	 0.277301 	 0.510198
  418 	 0.006703 	 0.253481 	 0.505959
  419 	 0.006920 	 0.263468 	 0.508576
  420 	 0.006914 	 0.242280 	 0.508210
  421 	 0.009244 	 0.242867 	 0.508007
  422 	 0.005448 	 0.243472 	 0.507450
  423 	 0.006883 	 0.237241 	 0.505359
  424 	 0.006889 	 0.245040 	 0.505607
  425 	 0.006866 	 0.264795 	 0.506917
  426 	 0.006851 	 0.256525 	 0.495652
  427 	 0.006902 	 0.257073 	 0.501009
  428 	 0.006822 	 0.255037 	 0.500511
  429 	 0.009708 	 0.251296 	 0.495652
  430 	 0.006920 	 0.261365 	 0.500572
  431 	 0.006245 	 0.268759 	 0.500572
  432 	 0.006912 	 0.264078 	 0.500572
  433 	 0.006826 	 0.273840 	 0.497763
  434 	 0.006856 	 0.260315 	 0.501497
  435 	 0.006976 	 0.256815 	 0.488769
  436 	 0.006893 	 0.243713 	 0.478363
  437 	 0.006861 	 0.236434 	 0.482963
  438 	 0.006107 	 0.233767 	 0.497367
  439 	 0.007465 	 0.242580 	 0.488856
  440 	 0.006917 	 0.247981 	 0.497704
  441 	 0.006915 	 0.238123 	 0.486889
  442 	 0.006904 	 0.238456 	 0.495433
  443 	 0.005475 	 0.238331 	 0.495433
  444 	 0.006891 	 0.274324 	 0.487434
  445 	 0.006561 	 0.257561 	 0.496959
  446 	 0.006124 	 0.245810 	 0.507692
  447 	 0.006989 	 0.241237 	 0.508140
  448 	 0.006888 	 0.244620 	 0.502495
  449 	 0.006579 	 0.255018 	 0.485573
  450 	 0.006704 	 0.260230 	 0.498078
  451 	 0.005548 	 0.250187 	 0.498078
  452 	 0.006193 	 0.258620 	 0.504440
  453 	 0.005357 	 0.242352 	 0.504440
  454 	 0.006589 	 0.255977 	 0.504440
  455 	 0.006590 	 0.257098 	 0.504440
  456 	 0.006656 	 0.254533 	 0.482993
  457 	 0.006506 	 0.232853 	 0.488714
  458 	 0.006849 	 0.235077 	 0.494371
  459 	 0.007002 	 0.243350 	 0.511540
  460 	 0.006933 	 0.245302 	 0.485330
  461 	 0.007002 	 0.248617 	 0.497412
  462 	 0.006903 	 0.248258 	 0.512511
  463 	 0.006611 	 0.251302 	 0.515632
  464 	 0.005562 	 0.228744 	 0.497388
  465 	 0.006718 	 0.240869 	 0.502118
  466 	 0.006718 	 0.227669 	 0.516113
  467 	 0.006827 	 0.228398 	 0.503346
  468 	 0.006872 	 0.236449 	 0.518504
  469 	 0.009560 	 0.257458 	 0.517107
  470 	 0.006744 	 0.262627 	 0.507806
  471 	 0.006875 	 0.247017 	 0.487104
  472 	 0.006168 	 0.245829 	 0.488862
  473 	 0.006884 	 0.262308 	 0.506426
  474 	 0.006919 	 0.261345 	 0.513482
  475 	 0.006855 	 0.245874 	 0.517504
  476 	 0.006331 	 0.251618 	 0.514690
  477 	 0.006924 	 0.253497 	 0.514629
  478 	 0.006886 	 0.252736 	 0.511839
  479 	 0.006897 	 0.238404 	 0.511456
  480 	 0.006933 	 0.235269 	 0.515319
  481 	 0.006912 	 0.234700 	 0.515912
  482 	 0.005568 	 0.252672 	 0.494290
  483 	 0.006537 	 0.240333 	 0.505442
  484 	 0.009727 	 0.230384 	 0.515831
  485 	 0.006823 	 0.226393 	 0.516293
  486 	 0.006936 	 0.231486 	 0.515599
  487 	 0.006908 	 0.245360 	 0.514941
  488 	 0.008796 	 0.239569 	 0.510777
  489 	 0.006869 	 0.247758 	 0.512557
  490 	 0.006419 	 0.243178 	 0.509812
  491 	 0.007116 	 0.239884 	 0.517620
  492 	 0.006849 	 0.220937 	 0.510700
  493 	 0.008475 	 0.231207 	 0.511419
  494 	 0.006381 	 0.241833 	 0.512942
  495 	 0.006123 	 0.256005 	 0.512942
  496 	 0.006921 	 0.266087 	 0.518687
  497 	 0.007863 	 0.276475 	 0.518732
  498 	 0.006666 	 0.252041 	 0.517431
  499 	 0.006681 	 0.243111 	 0.519471
 