   0 	 0.003443 	 0.009672 	 0.042546
    1 	 0.003984 	 0.012524 	 0.045964
    2 	 0.005312 	 0.014642 	 0.078891
    3 	 0.004321 	 0.017535 	 0.079885
    4 	 0.003994 	 0.017895 	 0.071016
    5 	 0.005949 	 0.018432 	 0.057109
    6 	 0.006058 	 0.021415 	 0.061700
    7 	 0.005218 	 0.025037 	 0.070458
    8 	 0.005817 	 0.027118 	 0.077597
    9 	 0.007620 	 0.029001 	 0.092044
   10 	 0.005771 	 0.032808 	 0.102574
   11 	 0.007311 	 0.034154 	 0.089712
   12 	 0.006741 	 0.036813 	 0.097532
   13 	 0.004476 	 0.039849 	 0.115740
   14 	 0.007572 	 0.043953 	 0.122831
   15 	 0.006600 	 0.043410 	 0.146019
   16 	 0.006963 	 0.044859 	 0.152959
   17 	 0.003950 	 0.050707 	 0.150148
   18 	 0.006130 	 0.052616 	 0.157364
   19 	 0.007108 	 0.058532 	 0.188781
   20 	 0.004523 	 0.060415 	 0.194919
   21 	 0.006469 	 0.060829 	 0.176652
   22 	 0.007159 	 0.063396 	 0.191004
   23 	 0.006989 	 0.070083 	 0.203075
   24 	 0.006642 	 0.069034 	 0.211543
   25 	 0.007066 	 0.070523 	 0.240570
   26 	 0.005742 	 0.070309 	 0.207550
   27 	 0.007052 	 0.068863 	 0.255373
   28 	 0.007548 	 0.075415 	 0.294871
   29 	 0.006456 	 0.074990 	 0.260731
   30 	 0.006513 	 0.084434 	 0.260731
   31 	 0.006855 	 0.082469 	 0.281612
   32 	 0.006663 	 0.087198 	 0.223421
   33 	 0.009302 	 0.091826 	 0.258005
   34 	 0.007178 	 0.094566 	 0.312082
   35 	 0.005688 	 0.093574 	 0.366504
   36 	 0.004463 	 0.101097 	 0.366504
   37 	 0.004463 	 0.097798 	 0.327952
   38 	 0.004462 	 0.104476 	 0.328172
   39 	 0.008643 	 0.106699 	 0.294478
   40 	 0.007304 	 0.114606 	 0.299004
   41 	 0.006924 	 0.102983 	 0.288001
   42 	 0.006337 	 0.112999 	 0.409299
   43 	 0.007083 	 0.113735 	 0.287020
   44 	 0.007458 	 0.115440 	 0.379978
   45 	 0.004433 	 0.123972 	 0.329800
   46 	 0.006739 	 0.115919 	 0.345920
   47 	 0.006346 	 0.118118 	 0.354190
   48 	 0.004361 	 0.122110 	 0.297985
   49 	 0.006338 	 0.121190 	 0.344170
   50 	 0.006763 	 0.138195 	 0.362594
   51 	 0.006766 	 0.134912 	 0.340874
   52 	 0.006650 	 0.132267 	 0.377212
   53 	 0.006681 	 0.136193 	 0.377212
   54 	 0.006974 	 0.135445 	 0.367538
   55 	 0.006512 	 0.144485 	 0.399526
   56 	 0.006560 	 0.136103 	 0.389307
   57 	 0.006608 	 0.135688 	 0.364508
   58 	 0.006517 	 0.136167 	 0.372680
   59 	 0.006934 	 0.146827 	 0.379854
   60 	 0.005793 	 0.157390 	 0.377150
   61 	 0.006913 	 0.165874 	 0.379220
   62 	 0.006808 	 0.163554 	 0.376241
   63 	 0.006835 	 0.157703 	 0.376563
   64 	 0.006825 	 0.151595 	 0.399672
   65 	 0.005710 	 0.162210 	 0.399672
   66 	 0.005709 	 0.170260 	 0.399672
   67 	 0.005946 	 0.166762 	 0.380962
   68 	 0.006973 	 0.164513 	 0.384668
   69 	 0.008288 	 0.168230 	 0.404449
   70 	 0.006946 	 0.178001 	 0.408129
   71 	 0.006013 	 0.174470 	 0.408129
   72 	 0.006202 	 0.177017 	 0.415121
   73 	 0.006202 	 0.176673 	 0.391640
   74 	 0.006961 	 0.187561 	 0.399327
   75 	 0.006403 	 0.180813 	 0.399327
   76 	 0.006537 	 0.189088 	 0.406868
   77 	 0.006455 	 0.187197 	 0.391191
   78 	 0.006779 	 0.181074 	 0.418036
   79 	 0.006779 	 0.192309 	 0.394862
   80 	 0.006768 	 0.193972 	 0.404336
   81 	 0.006890 	 0.199172 	 0.415115
   82 	 0.006520 	 0.200681 	 0.415115
   83 	 0.009057 	 0.209299 	 0.410599
   84 	 0.006955 	 0.208123 	 0.410599
   85 	 0.006863 	 0.210282 	 0.423531
   86 	 0.006844 	 0.217857 	 0.421789
   87 	 0.006965 	 0.200569 	 0.445147
   88 	 0.006975 	 0.198193 	 0.436118
   89 	 0.006497 	 0.208535 	 0.442388
   90 	 0.006883 	 0.205963 	 0.448248
   91 	 0.006953 	 0.203192 	 0.442388
   92 	 0.008399 	 0.199240 	 0.445115
   93 	 0.007031 	 0.180588 	 0.465590
   94 	 0.006967 	 0.191045 	 0.465760
   95 	 0.006084 	 0.203789 	 0.470265
   96 	 0.006841 	 0.178199 	 0.442081
   97 	 0.006832 	 0.207632 	 0.448683
   98 	 0.006878 	 0.208930 	 0.465740
   99 	 0.006772 	 0.197732 	 0.470276
  100 	 0.006981 	 0.195984 	 0.474112
  101 	 0.007148 	 0.206749 	 0.471856
  102 	 0.006873 	 0.192524 	 0.460986
  103 	 0.006711 	 0.213152 	 0.460986
  104 	 0.006821 	 0.213282 	 0.454905
  105 	 0.004875 	 0.233319 	 0.454658
  106 	 0.004875 	 0.205739 	 0.456300
  107 	 0.006760 	 0.223570 	 0.456501
  108 	 0.006980 	 0.229524 	 0.460193
  109 	 0.006864 	 0.218110 	 0.459685
  110 	 0.009552 	 0.227505 	 0.459086
  111 	 0.008981 	 0.232289 	 0.459086
  112 	 0.007059 	 0.220216 	 0.459086
  113 	 0.006912 	 0.223345 	 0.460716
  114 	 0.009687 	 0.245936 	 0.490868
  115 	 0.006633 	 0.217206 	 0.492903
  116 	 0.006880 	 0.213114 	 0.494178
  117 	 0.006764 	 0.225627 	 0.494178
  118 	 0.006430 	 0.212372 	 0.486232
  119 	 0.006191 	 0.220100 	 0.490905
  120 	 0.007008 	 0.223250 	 0.492253
  121 	 0.006918 	 0.218756 	 0.496572
  122 	 0.006891 	 0.202471 	 0.477518
  123 	 0.006888 	 0.215580 	 0.469700
  124 	 0.007121 	 0.207814 	 0.456038
  125 	 0.006838 	 0.215168 	 0.458543
  126 	 0.006877 	 0.224895 	 0.459898
  127 	 0.004393 	 0.249524 	 0.461070
  128 	 0.006900 	 0.258723 	 0.461397
  129 	 0.006392 	 0.254363 	 0.470561
  130 	 0.006069 	 0.242639 	 0.479657
  131 	 0.005548 	 0.256958 	 0.483118
  132 	 0.006989 	 0.237638 	 0.488368
  133 	 0.006875 	 0.250250 	 0.483118
  134 	 0.005543 	 0.237071 	 0.486925
  135 	 0.006773 	 0.226475 	 0.494102
  136 	 0.006897 	 0.240618 	 0.488394
  137 	 0.007640 	 0.251384 	 0.485621
  138 	 0.006937 	 0.251684 	 0.492509
  139 	 0.006932 	 0.244735 	 0.478735
  140 	 0.006941 	 0.254123 	 0.478007
  141 	 0.005409 	 0.251762 	 0.482529
  142 	 0.009350 	 0.249006 	 0.482194
  143 	 0.007147 	 0.255785 	 0.478703
  144 	 0.006874 	 0.260474 	 0.500205
  145 	 0.006854 	 0.256308 	 0.503800
  146 	 0.006836 	 0.271404 	 0.504668
  147 	 0.006869 	 0.263407 	 0.482316
  148 	 0.006846 	 0.262242 	 0.483283
  149 	 0.006792 	 0.259323 	 0.484511
  150 	 0.005938 	 0.255758 	 0.484511
  151 	 0.005956 	 0.249674 	 0.484511
  152 	 0.006883 	 0.258794 	 0.489108
  153 	 0.006902 	 0.255150 	 0.494050
  154 	 0.006920 	 0.237065 	 0.477871
  155 	 0.006436 	 0.249606 	 0.498820
  156 	 0.006474 	 0.262357 	 0.501390
  157 	 0.006386 	 0.251024 	 0.490388
  158 	 0.006921 	 0.272184 	 0.490944
  159 	 0.006917 	 0.266928 	 0.489579
  160 	 0.006905 	 0.258086 	 0.489579
  161 	 0.006209 	 0.250529 	 0.484221
  162 	 0.005883 	 0.246779 	 0.486332
  163 	 0.006958 	 0.252752 	 0.490914
  164 	 0.006819 	 0.255571 	 0.490914
  165 	 0.009292 	 0.249737 	 0.490914
  166 	 0.006999 	 0.256258 	 0.473075
  167 	 0.006541 	 0.259336 	 0.494623
  168 	 0.007005 	 0.262472 	 0.492472
  169 	 0.006665 	 0.256044 	 0.479998
  170 	 0.008545 	 0.239707 	 0.485963
  171 	 0.006866 	 0.256333 	 0.485689
  172 	 0.006974 	 0.249704 	 0.497513
  173 	 0.008385 	 0.250118 	 0.485689
  174 	 0.006869 	 0.246142 	 0.486649
  175 	 0.006886 	 0.229025 	 0.492465
  176 	 0.007003 	 0.223555 	 0.492465
  177 	 0.006452 	 0.221385 	 0.485639
  178 	 0.006908 	 0.218081 	 0.483754
  179 	 0.006971 	 0.238584 	 0.488431
  180 	 0.006825 	 0.239666 	 0.495102
  181 	 0.006955 	 0.239098 	 0.497894
  182 	 0.006891 	 0.247325 	 0.497894
  183 	 0.006321 	 0.257779 	 0.497894
  184 	 0.006927 	 0.245834 	 0.493262
  185 	 0.006955 	 0.241034 	 0.498011
  186 	 0.006809 	 0.246993 	 0.498011
  187 	 0.006380 	 0.230104 	 0.486002
  188 	 0.006850 	 0.220447 	 0.485667
  189 	 0.006829 	 0.251581 	 0.481551
  190 	 0.007000 	 0.272986 	 0.488162
  191 	 0.006996 	 0.268881 	 0.489907
  192 	 0.009200 	 0.261508 	 0.500818
  193 	 0.006929 	 0.276647 	 0.498531
  194 	 0.006955 	 0.261607 	 0.500292
  195 	 0.006935 	 0.243350 	 0.491426
  196 	 0.006533 	 0.244287 	 0.487027
  197 	 0.005374 	 0.245268 	 0.496156
  198 	 0.006604 	 0.248904 	 0.496156
  199 	 0.006073 	 0.254589 	 0.499647
  200 	 0.006432 	 0.269116 	 0.495225
  201 	 0.004433 	 0.261859 	 0.496303
  202 	 0.006887 	 0.255441 	 0.497652
  203 	 0.006060 	 0.231787 	 0.500505
  204 	 0.006532 	 0.243074 	 0.497303
  205 	 0.006909 	 0.251910 	 0.496180
  206 	 0.006906 	 0.247067 	 0.485869
  207 	 0.006824 	 0.245385 	 0.499230
  208 	 0.008367 	 0.250907 	 0.495140
  209 	 0.006724 	 0.255544 	 0.499636
  210 	 0.006906 	 0.247225 	 0.492320
  211 	 0.006944 	 0.258918 	 0.499016
  212 	 0.006932 	 0.262482 	 0.499016
  213 	 0.006908 	 0.283821 	 0.502165
  214 	 0.009704 	 0.278059 	 0.499245
  215 	 0.007010 	 0.241583 	 0.504465
  216 	 0.006891 	 0.242314 	 0.502138
  217 	 0.006418 	 0.247506 	 0.502299
  218 	 0.008893 	 0.265545 	 0.499506
  219 	 0.006329 	 0.270880 	 0.496792
  220 	 0.006948 	 0.256765 	 0.500266
  221 	 0.006864 	 0.250815 	 0.514657
  222 	 0.006868 	 0.241180 	 0.514657
  223 	 0.006944 	 0.246399 	 0.510587
  224 	 0.006833 	 0.252236 	 0.508124
  225 	 0.006877 	 0.260679 	 0.508939
  226 	 0.006402 	 0.275296 	 0.510368
  227 	 0.006889 	 0.284458 	 0.510368
  228 	 0.006674 	 0.277326 	 0.510368
  229 	 0.006677 	 0.271265 	 0.502542
  230 	 0.006877 	 0.265125 	 0.505631
  231 	 0.004471 	 0.260537 	 0.509985
  232 	 0.003725 	 0.251234 	 0.511441
  233 	 0.006950 	 0.253004 	 0.511441
  234 	 0.006893 	 0.273588 	 0.509582
  235 	 0.006780 	 0.272978 	 0.509582
  236 	 0.006898 	 0.277028 	 0.511441
  237 	 0.006921 	 0.276135 	 0.504377
  238 	 0.006541 	 0.278582 	 0.509908
  239 	 0.006940 	 0.263555 	 0.507079
  240 	 0.006898 	 0.267674 	 0.508797
  241 	 0.006139 	 0.270224 	 0.508797
  242 	 0.006153 	 0.269941 	 0.516770
  243 	 0.006689 	 0.261086 	 0.496396
  244 	 0.006955 	 0.259458 	 0.511806
  245 	 0.006839 	 0.257735 	 0.505781
  246 	 0.006974 	 0.260616 	 0.505050
  247 	 0.006791 	 0.249439 	 0.499646
  248 	 0.007580 	 0.254825 	 0.505300
  249 	 0.006893 	 0.264278 	 0.505198
  250 	 0.006919 	 0.274817 	 0.505198
  251 	 0.008320 	 0.262132 	 0.504064
  252 	 0.005942 	 0.261439 	 0.502392
  253 	 0.006997 	 0.255340 	 0.494584
  254 	 0.009500 	 0.279047 	 0.496579
  255 	 0.006721 	 0.268262 	 0.507770
  256 	 0.007030 	 0.253854 	 0.509559
  257 	 0.008606 	 0.255588 	 0.509559
  258 	 0.006948 	 0.261650 	 0.509559
  259 	 0.006931 	 0.279215 	 0.502655
  260 	 0.005327 	 0.274641 	 0.501306
  261 	 0.006894 	 0.280299 	 0.500174
  262 	 0.006643 	 0.248656 	 0.507552
  263 	 0.005581 	 0.242359 	 0.506495
  264 	 0.006200 	 0.253798 	 0.506102
  265 	 0.006902 	 0.259169 	 0.503611
  266 	 0.006037 	 0.236179 	 0.506318
  267 	 0.010076 	 0.227636 	 0.490106
  268 	 0.006958 	 0.229208 	 0.496015
  269 	 0.006919 	 0.237058 	 0.496015
  270 	 0.006948 	 0.238313 	 0.494761
  271 	 0.006759 	 0.241632 	 0.497860
  272 	 0.006938 	 0.239413 	 0.492605
  273 	 0.006966 	 0.230620 	 0.499933
  274 	 0.006555 	 0.242127 	 0.484723
  275 	 0.006571 	 0.245540 	 0.480476
  276 	 0.006865 	 0.221106 	 0.472978
  277 	 0.006604 	 0.230016 	 0.487571
  278 	 0.006837 	 0.226625 	 0.491944
  279 	 0.006888 	 0.240345 	 0.481758
  280 	 0.006853 	 0.245587 	 0.501824
  281 	 0.005913 	 0.259998 	 0.501824
  282 	 0.006746 	 0.245934 	 0.501824
  283 	 0.006890 	 0.248482 	 0.502344
  284 	 0.006846 	 0.236227 	 0.502344
  285 	 0.006734 	 0.246741 	 0.493647
  286 	 0.007299 	 0.252202 	 0.500957
  287 	 0.006968 	 0.248897 	 0.502020
  288 	 0.006881 	 0.228412 	 0.503407
  289 	 0.006932 	 0.239943 	 0.506461
  290 	 0.006819 	 0.241235 	 0.493521
  291 	 0.006889 	 0.226940 	 0.496210
  292 	 0.006695 	 0.229449 	 0.495794
  293 	 0.006426 	 0.227028 	 0.491045
  294 	 0.004328 	 0.233209 	 0.491045
  295 	 0.006941 	 0.217484 	 0.494890
  296 	 0.006607 	 0.216587 	 0.483761
  297 	 0.006928 	 0.215672 	 0.462474
  298 	 0.006996 	 0.226625 	 0.495807
  299 	 0.007006 	 0.234494 	 0.490156
  300 	 0.006760 	 0.236589 	 0.491538
  301 	 0.006985 	 0.230874 	 0.490062
  302 	 0.006908 	 0.228863 	 0.498531
  303 	 0.006909 	 0.230576 	 0.495880
  304 	 0.006819 	 0.244301 	 0.495913
  305 	 0.009172 	 0.248502 	 0.498121
  306 	 0.006880 	 0.235831 	 0.505976
  307 	 0.006901 	 0.244994 	 0.507189
  308 	 0.006892 	 0.259191 	 0.508660
  309 	 0.009592 	 0.252686 	 0.508660
  310 	 0.006754 	 0.236026 	 0.509307
  311 	 0.006809 	 0.236491 	 0.510031
  312 	 0.006195 	 0.242052 	 0.504037
  313 	 0.007435 	 0.231004 	 0.504240
  314 	 0.006714 	 0.224429 	 0.501418
  315 	 0.006240 	 0.238767 	 0.500308
  316 	 0.006195 	 0.248028 	 0.506895
  317 	 0.006839 	 0.251094 	 0.507275
  318 	 0.006664 	 0.235240 	 0.508252
  319 	 0.006899 	 0.232210 	 0.508252
  320 	 0.006729 	 0.240980 	 0.502138
  321 	 0.006800 	 0.246201 	 0.501261
  322 	 0.006912 	 0.256686 	 0.508804
  323 	 0.006822 	 0.248535 	 0.507466
  324 	 0.004481 	 0.252822 	 0.508096
  325 	 0.007189 	 0.260036 	 0.507741
  326 	 0.006684 	 0.248293 	 0.494334
  327 	 0.007519 	 0.266484 	 0.501330
  328 	 0.005943 	 0.277082 	 0.503448
  329 	 0.009100 	 0.260856 	 0.519132
  330 	 0.006925 	 0.286273 	 0.518893
  331 	 0.009734 	 0.287606 	 0.500428
  332 	 0.006902 	 0.265570 	 0.505454
  333 	 0.006761 	 0.268771 	 0.509112
  334 	 0.008351 	 0.264298 	 0.509112
  335 	 0.008313 	 0.270166 	 0.509321
  336 	 0.006173 	 0.263111 	 0.501842
  337 	 0.006065 	 0.272326 	 0.497201
  338 	 0.007030 	 0.259671 	 0.498678
  339 	 0.007286 	 0.263887 	 0.498678
  340 	 0.006918 	 0.265373 	 0.498863
  341 	 0.006724 	 0.230413 	 0.496464
  342 	 0.006923 	 0.209758 	 0.493866
  343 	 0.007076 	 0.237735 	 0.502375
  344 	 0.006744 	 0.268222 	 0.504600
  345 	 0.007041 	 0.256435 	 0.501842
  346 	 0.006055 	 0.249179 	 0.507979
  347 	 0.006052 	 0.245119 	 0.511432
  348 	 0.006745 	 0.232589 	 0.512944
  349 	 0.006899 	 0.232212 	 0.506640
  350 	 0.004429 	 0.220784 	 0.502078
  351 	 0.006617 	 0.240900 	 0.508327
  352 	 0.006812 	 0.258134 	 0.498746
  353 	 0.006959 	 0.239983 	 0.498746
  354 	 0.008902 	 0.242253 	 0.507182
  355 	 0.007845 	 0.250542 	 0.505772
  356 	 0.007042 	 0.235369 	 0.501497
  357 	 0.006967 	 0.244870 	 0.507861
  358 	 0.006927 	 0.257088 	 0.507861
  359 	 0.006879 	 0.244509 	 0.508854
  360 	 0.007008 	 0.250683 	 0.509798
  361 	 0.006420 	 0.254496 	 0.510989
  362 	 0.006880 	 0.259673 	 0.510989
  363 	 0.006959 	 0.249306 	 0.515473
  364 	 0.006935 	 0.230925 	 0.499880
  365 	 0.006694 	 0.271022 	 0.512165
  366 	 0.006946 	 0.271258 	 0.512766
  367 	 0.006654 	 0.252096 	 0.507192
  368 	 0.007013 	 0.245775 	 0.509625
  369 	 0.006361 	 0.249195 	 0.506471
  370 	 0.007344 	 0.257973 	 0.511742
  371 	 0.006926 	 0.248678 	 0.511742
  372 	 0.006888 	 0.269132 	 0.511742
  373 	 0.007279 	 0.265205 	 0.511726
  374 	 0.006837 	 0.269588 	 0.511726
  375 	 0.006953 	 0.273961 	 0.508818
  376 	 0.006958 	 0.252046 	 0.496327
  377 	 0.006882 	 0.235154 	 0.496327
  378 	 0.006771 	 0.249303 	 0.505122
  379 	 0.009101 	 0.260458 	 0.506829
  380 	 0.006976 	 0.256154 	 0.506829
  381 	 0.009541 	 0.252437 	 0.508206
  382 	 0.006884 	 0.258578 	 0.508206
  383 	 0.008695 	 0.275765 	 0.505388
  384 	 0.007125 	 0.245741 	 0.514832
  385 	 0.009293 	 0.245893 	 0.508409
  386 	 0.006964 	 0.244668 	 0.510165
  387 	 0.006984 	 0.239365 	 0.513559
  388 	 0.006533 	 0.253579 	 0.513559
  389 	 0.008422 	 0.243759 	 0.509234
  390 	 0.006047 	 0.238983 	 0.504450
  391 	 0.006046 	 0.249082 	 0.512731
  392 	 0.006412 	 0.251711 	 0.516180
  393 	 0.009699 	 0.260527 	 0.512075
  394 	 0.006832 	 0.255035 	 0.517491
  395 	 0.006953 	 0.251619 	 0.517849
  396 	 0.006946 	 0.255928 	 0.513063
  397 	 0.007144 	 0.260556 	 0.506578
  398 	 0.006721 	 0.261392 	 0.509754
  399 	 0.008667 	 0.244399 	 0.509207
  400 	 0.006615 	 0.250120 	 0.504252
  401 	 0.006161 	 0.248042 	 0.510558
  402 	 0.009441 	 0.265416 	 0.511483
  403 	 0.006902 	 0.244641 	 0.513899
  404 	 0.006781 	 0.249932 	 0.513508
  405 	 0.006897 	 0.251334 	 0.507592
  406 	 0.006950 	 0.239380 	 0.499294
  407 	 0.006929 	 0.233224 	 0.504483
  408 	 0.006188 	 0.245710 	 0.506417
  409 	 0.006810 	 0.236582 	 0.508725
  410 	 0.006975 	 0.224157 	 0.508725
  411 	 0.006719 	 0.232924 	 0.508877
  412 	 0.006938 	 0.239980 	 0.509156
  413 	 0.006503 	 0.230622 	 0.503748
  414 	 0.006348 	 0.236375 	 0.488645
  415 	 0.006846 	 0.239840 	 0.485374
  416 	 0.006887 	 0.242985 	 0.506821
  417 	 0.006906 	 0.234787 	 0.513908
  418 	 0.009368 	 0.267195 	 0.501080
  419 	 0.007424 	 0.265579 	 0.500967
  420 	 0.006443 	 0.279804 	 0.485071
  421 	 0.007173 	 0.269636 	 0.512544
  422 	 0.006972 	 0.257966 	 0.481461
  423 	 0.006858 	 0.273488 	 0.488894
  424 	 0.006896 	 0.275067 	 0.493917
  425 	 0.006678 	 0.263668 	 0.488934
  426 	 0.006928 	 0.258883 	 0.488934
  427 	 0.009519 	 0.262720 	 0.488789
  428 	 0.006938 	 0.263285 	 0.488367
  429 	 0.008846 	 0.281454 	 0.490100
  430 	 0.006015 	 0.280399 	 0.496792
  431 	 0.005909 	 0.268452 	 0.497078
  432 	 0.006939 	 0.268840 	 0.501283
  433 	 0.006773 	 0.263545 	 0.496047
  434 	 0.006779 	 0.254286 	 0.484014
  435 	 0.006863 	 0.281347 	 0.484014
  436 	 0.006849 	 0.257128 	 0.485973
  437 	 0.006849 	 0.255909 	 0.487607
  438 	 0.006895 	 0.254288 	 0.502381
  439 	 0.006846 	 0.248220 	 0.507600
  440 	 0.006424 	 0.248159 	 0.497937
  441 	 0.006781 	 0.254911 	 0.497857
  442 	 0.006535 	 0.233972 	 0.486013
  443 	 0.006649 	 0.229929 	 0.493503
  444 	 0.006263 	 0.220920 	 0.504017
  445 	 0.006967 	 0.254770 	 0.498616
  446 	 0.006913 	 0.255243 	 0.499024
  447 	 0.006887 	 0.260186 	 0.500901
  448 	 0.006933 	 0.250872 	 0.513826
  449 	 0.006205 	 0.256568 	 0.510918
  450 	 0.009437 	 0.246277 	 0.513826
  451 	 0.006558 	 0.263443 	 0.510867
  452 	 0.006328 	 0.250704 	 0.507345
  453 	 0.008638 	 0.248374 	 0.502575
  454 	 0.006621 	 0.235650 	 0.507665
  455 	 0.006989 	 0.247473 	 0.507826
  456 	 0.006493 	 0.258052 	 0.507796
  457 	 0.007570 	 0.282529 	 0.496071
  458 	 0.006896 	 0.277566 	 0.488314
  459 	 0.007195 	 0.266100 	 0.491466
  460 	 0.006599 	 0.276707 	 0.505418
  461 	 0.006840 	 0.279000 	 0.504706
  462 	 0.006840 	 0.275586 	 0.501827
  463 	 0.005372 	 0.275268 	 0.498045
  464 	 0.006934 	 0.266803 	 0.498898
  465 	 0.006926 	 0.276041 	 0.501869
  466 	 0.006929 	 0.281155 	 0.504875
  467 	 0.006963 	 0.274326 	 0.507306
  468 	 0.007836 	 0.282690 	 0.509667
  469 	 0.004349 	 0.280017 	 0.509667
  470 	 0.006779 	 0.260454 	 0.503791
  471 	 0.004490 	 0.278166 	 0.509964
  472 	 0.006903 	 0.271986 	 0.508240
  473 	 0.009340 	 0.279948 	 0.508157
  474 	 0.006904 	 0.296000 	 0.510718
  475 	 0.006078 	 0.265883 	 0.505829
  476 	 0.006941 	 0.258339 	 0.510737
  477 	 0.006910 	 0.247499 	 0.506163
  478 	 0.005596 	 0.250749 	 0.509271
  479 	 0.006892 	 0.263806 	 0.508025
  480 	 0.006886 	 0.271233 	 0.508391
  481 	 0.005351 	 0.275191 	 0.508094
  482 	 0.006901 	 0.289980 	 0.504218
  483 	 0.006809 	 0.282335 	 0.504343
  484 	 0.006576 	 0.278501 	 0.510583
  485 	 0.009443 	 0.274248 	 0.512763
  486 	 0.006944 	 0.273308 	 0.509690
  487 	 0.005575 	 0.248154 	 0.511201
  488 	 0.006428 	 0.235184 	 0.511045
  489 	 0.006977 	 0.250539 	 0.508512
  490 	 0.006098 	 0.259284 	 0.513188
  491 	 0.006922 	 0.266018 	 0.515474
  492 	 0.006941 	 0.268097 	 0.513215
  493 	 0.006904 	 0.273601 	 0.502622
  494 	 0.006493 	 0.269344 	 0.503764
  495 	 0.006540 	 0.259169 	 0.513384
  496 	 0.006879 	 0.256269 	 0.513681
  497 	 0.006890 	 0.228548 	 0.513681
  498 	 0.006177 	 0.238109 	 0.513681
  499 	 0.006108 	 0.243341 	 0.515366
 