   0 	 0.003769 	 0.010496 	 0.045363
    1 	 0.004857 	 0.012443 	 0.048221
    2 	 0.004978 	 0.014868 	 0.110337
    3 	 0.004924 	 0.018579 	 0.119152
    4 	 0.004513 	 0.019693 	 0.083986
    5 	 0.006817 	 0.021099 	 0.084233
    6 	 0.004208 	 0.024508 	 0.118921
    7 	 0.006350 	 0.029401 	 0.142298
    8 	 0.005128 	 0.033019 	 0.145048
    9 	 0.004849 	 0.033055 	 0.147067
   10 	 0.007702 	 0.037058 	 0.150078
   11 	 0.006764 	 0.040768 	 0.115428
   12 	 0.006167 	 0.043968 	 0.147400
   13 	 0.007210 	 0.045169 	 0.130305
   14 	 0.007191 	 0.046233 	 0.141506
   15 	 0.006501 	 0.046037 	 0.182747
   16 	 0.004893 	 0.052715 	 0.238629
   17 	 0.005798 	 0.053809 	 0.190183
   18 	 0.007289 	 0.058197 	 0.190183
   19 	 0.006627 	 0.061860 	 0.155696
   20 	 0.006518 	 0.067104 	 0.197127
   21 	 0.006568 	 0.072147 	 0.210976
   22 	 0.008123 	 0.072524 	 0.206972
   23 	 0.006825 	 0.075158 	 0.262434
   24 	 0.006797 	 0.075181 	 0.267835
   25 	 0.007213 	 0.078301 	 0.264916
   26 	 0.006806 	 0.089967 	 0.351312
   27 	 0.006637 	 0.096812 	 0.273632
   28 	 0.005941 	 0.096143 	 0.286527
   29 	 0.007990 	 0.101303 	 0.288300
   30 	 0.005729 	 0.104250 	 0.288300
   31 	 0.006665 	 0.111909 	 0.325991
   32 	 0.006748 	 0.106729 	 0.335527
   33 	 0.006888 	 0.111862 	 0.306309
   34 	 0.009002 	 0.114451 	 0.306309
   35 	 0.006284 	 0.120005 	 0.328147
   36 	 0.006593 	 0.119826 	 0.347786
   37 	 0.006610 	 0.125776 	 0.311845
   38 	 0.006117 	 0.131459 	 0.365320
   39 	 0.005066 	 0.131596 	 0.407907
   40 	 0.006791 	 0.124242 	 0.410874
   41 	 0.004442 	 0.125708 	 0.359074
   42 	 0.006552 	 0.133550 	 0.450791
   43 	 0.006552 	 0.138747 	 0.367396
   44 	 0.008796 	 0.137819 	 0.370771
   45 	 0.006729 	 0.135428 	 0.340205
   46 	 0.004665 	 0.127669 	 0.374803
   47 	 0.004613 	 0.131377 	 0.405789
   48 	 0.008009 	 0.140242 	 0.369016
   49 	 0.006823 	 0.134504 	 0.497620
   50 	 0.007088 	 0.144127 	 0.339736
   51 	 0.006723 	 0.141503 	 0.429059
   52 	 0.006708 	 0.145202 	 0.399847
   53 	 0.006496 	 0.141148 	 0.399847
   54 	 0.006115 	 0.133722 	 0.410295
   55 	 0.006815 	 0.127650 	 0.410336
   56 	 0.006622 	 0.134210 	 0.411536
   57 	 0.007129 	 0.152019 	 0.412605
   58 	 0.006933 	 0.153958 	 0.465456
   59 	 0.004773 	 0.153494 	 0.424604
   60 	 0.006738 	 0.150047 	 0.460247
   61 	 0.006931 	 0.167315 	 0.469250
   62 	 0.006835 	 0.174848 	 0.454948
   63 	 0.007014 	 0.166194 	 0.454948
   64 	 0.006607 	 0.158961 	 0.442355
   65 	 0.006318 	 0.160870 	 0.427770
   66 	 0.006052 	 0.146291 	 0.479957
   67 	 0.006731 	 0.142471 	 0.403998
   68 	 0.006008 	 0.141543 	 0.433269
   69 	 0.006561 	 0.152325 	 0.435484
   70 	 0.006967 	 0.163389 	 0.445328
   71 	 0.004947 	 0.156223 	 0.449549
   72 	 0.006620 	 0.155357 	 0.445328
   73 	 0.007570 	 0.162507 	 0.396394
   74 	 0.005664 	 0.169915 	 0.456201
   75 	 0.006824 	 0.178060 	 0.450445
   76 	 0.006873 	 0.186726 	 0.464356
   77 	 0.005305 	 0.176602 	 0.424220
   78 	 0.006937 	 0.173993 	 0.424220
   79 	 0.006848 	 0.179619 	 0.420237
   80 	 0.006344 	 0.184035 	 0.444529
   81 	 0.006751 	 0.182562 	 0.444624
   82 	 0.005496 	 0.195472 	 0.445255
   83 	 0.006863 	 0.193972 	 0.444948
   84 	 0.007205 	 0.216855 	 0.454850
   85 	 0.006506 	 0.207000 	 0.459356
   86 	 0.006524 	 0.212282 	 0.490615
   87 	 0.006917 	 0.199316 	 0.490943
   88 	 0.009502 	 0.203375 	 0.498828
   89 	 0.006768 	 0.212125 	 0.445744
   90 	 0.006782 	 0.197305 	 0.443259
   91 	 0.006850 	 0.217710 	 0.451298
   92 	 0.006647 	 0.210522 	 0.449103
   93 	 0.006916 	 0.203878 	 0.459498
   94 	 0.006232 	 0.197322 	 0.462858
   95 	 0.007227 	 0.198818 	 0.442213
   96 	 0.006799 	 0.208507 	 0.468817
   97 	 0.006863 	 0.215439 	 0.451988
   98 	 0.004364 	 0.215633 	 0.453557
   99 	 0.005566 	 0.220239 	 0.448928
  100 	 0.006983 	 0.224802 	 0.467523
  101 	 0.006869 	 0.227902 	 0.470181
  102 	 0.006863 	 0.242620 	 0.473992
  103 	 0.006394 	 0.242605 	 0.471968
  104 	 0.007535 	 0.228625 	 0.476126
  105 	 0.006979 	 0.211848 	 0.474326
  106 	 0.006895 	 0.215103 	 0.474326
  107 	 0.006501 	 0.217892 	 0.456471
  108 	 0.006918 	 0.217466 	 0.456928
  109 	 0.006054 	 0.230536 	 0.458689
  110 	 0.006834 	 0.233675 	 0.463918
  111 	 0.006891 	 0.223254 	 0.464804
  112 	 0.006356 	 0.229257 	 0.459336
  113 	 0.007021 	 0.224265 	 0.452765
  114 	 0.006763 	 0.215603 	 0.466438
  115 	 0.006889 	 0.228633 	 0.466452
  116 	 0.006836 	 0.230151 	 0.469281
  117 	 0.009186 	 0.243468 	 0.476103
  118 	 0.006614 	 0.237332 	 0.472082
  119 	 0.006890 	 0.226431 	 0.474902
  120 	 0.006906 	 0.224859 	 0.475370
  121 	 0.006767 	 0.238885 	 0.460353
  122 	 0.006636 	 0.240232 	 0.470795
  123 	 0.009330 	 0.237811 	 0.475059
  124 	 0.009384 	 0.252089 	 0.468250
  125 	 0.006219 	 0.250543 	 0.458047
  126 	 0.006894 	 0.248400 	 0.476298
  127 	 0.006570 	 0.247975 	 0.480586
  128 	 0.006601 	 0.248943 	 0.486646
  129 	 0.006772 	 0.241137 	 0.471456
  130 	 0.006644 	 0.243997 	 0.478294
  131 	 0.006172 	 0.223579 	 0.462520
  132 	 0.006813 	 0.214900 	 0.478389
  133 	 0.006933 	 0.205863 	 0.467249
  134 	 0.006045 	 0.226337 	 0.476442
  135 	 0.006577 	 0.232557 	 0.476151
  136 	 0.008551 	 0.222077 	 0.478961
  137 	 0.006979 	 0.232593 	 0.473023
  138 	 0.005319 	 0.245713 	 0.481049
  139 	 0.005993 	 0.236698 	 0.492152
  140 	 0.007140 	 0.243135 	 0.489363
  141 	 0.007051 	 0.240026 	 0.473829
  142 	 0.006589 	 0.234567 	 0.474531
  143 	 0.006731 	 0.245624 	 0.473281
  144 	 0.006958 	 0.245272 	 0.490866
  145 	 0.006999 	 0.228775 	 0.466509
  146 	 0.006185 	 0.210981 	 0.474173
  147 	 0.006986 	 0.207241 	 0.469855
  148 	 0.006840 	 0.215310 	 0.480588
  149 	 0.006859 	 0.211862 	 0.484258
  150 	 0.006911 	 0.221859 	 0.485611
  151 	 0.006426 	 0.223418 	 0.493819
  152 	 0.006781 	 0.221143 	 0.493819
  153 	 0.006813 	 0.224794 	 0.494262
  154 	 0.006894 	 0.215631 	 0.498612
  155 	 0.006938 	 0.220848 	 0.498612
  156 	 0.006950 	 0.222213 	 0.495577
  157 	 0.006554 	 0.203997 	 0.483129
  158 	 0.006759 	 0.214211 	 0.459697
  159 	 0.006814 	 0.211964 	 0.459697
  160 	 0.006959 	 0.221304 	 0.492386
  161 	 0.006559 	 0.211710 	 0.490841
  162 	 0.009746 	 0.220359 	 0.490868
  163 	 0.006999 	 0.220927 	 0.503718
  164 	 0.006951 	 0.232003 	 0.506784
  165 	 0.006860 	 0.227473 	 0.504347
  166 	 0.009240 	 0.230428 	 0.501521
  167 	 0.005671 	 0.238885 	 0.503433
  168 	 0.005481 	 0.239462 	 0.481206
  169 	 0.006796 	 0.249309 	 0.491586
  170 	 0.006913 	 0.267067 	 0.502185
  171 	 0.006893 	 0.257201 	 0.503369
  172 	 0.006894 	 0.247441 	 0.479820
  173 	 0.006471 	 0.239610 	 0.500548
  174 	 0.006888 	 0.233208 	 0.508003
  175 	 0.007008 	 0.245357 	 0.509979
  176 	 0.006861 	 0.246549 	 0.503003
  177 	 0.006920 	 0.254124 	 0.500695
  178 	 0.006717 	 0.250336 	 0.500695
  179 	 0.006918 	 0.260712 	 0.498744
  180 	 0.006924 	 0.258073 	 0.489596
  181 	 0.006932 	 0.242513 	 0.487271
  182 	 0.006866 	 0.252423 	 0.474647
  183 	 0.007186 	 0.242819 	 0.482674
  184 	 0.006918 	 0.238372 	 0.502369
  185 	 0.005979 	 0.227069 	 0.503370
  186 	 0.006908 	 0.231829 	 0.496666
  187 	 0.006437 	 0.245517 	 0.497793
  188 	 0.009436 	 0.257421 	 0.504316
  189 	 0.006860 	 0.260070 	 0.505482
  190 	 0.006874 	 0.251399 	 0.503883
  191 	 0.007419 	 0.243820 	 0.492211
  192 	 0.006906 	 0.258239 	 0.504444
  193 	 0.006946 	 0.255510 	 0.500020
  194 	 0.007152 	 0.254620 	 0.504229
  195 	 0.013731 	 0.257708 	 0.504286
  196 	 0.006937 	 0.257894 	 0.502896
  197 	 0.006936 	 0.267545 	 0.503700
  198 	 0.006530 	 0.275724 	 0.502215
  199 	 0.006165 	 0.269578 	 0.502909
  200 	 0.008575 	 0.266615 	 0.485245
  201 	 0.006942 	 0.256933 	 0.495731
  202 	 0.006973 	 0.254768 	 0.491523
  203 	 0.006815 	 0.267945 	 0.506700
  204 	 0.006686 	 0.244345 	 0.512191
  205 	 0.006803 	 0.231365 	 0.512191
  206 	 0.009733 	 0.255235 	 0.514882
  207 	 0.007739 	 0.258103 	 0.514882
  208 	 0.009318 	 0.251146 	 0.514882
  209 	 0.006506 	 0.239716 	 0.495076
  210 	 0.006878 	 0.230915 	 0.494638
  211 	 0.006459 	 0.228768 	 0.496740
  212 	 0.006826 	 0.226932 	 0.504540
  213 	 0.006344 	 0.247495 	 0.504518
  214 	 0.006745 	 0.246109 	 0.505873
  215 	 0.006906 	 0.252047 	 0.505856
  216 	 0.007040 	 0.246650 	 0.508623
  217 	 0.006821 	 0.228494 	 0.508707
  218 	 0.007361 	 0.259819 	 0.493293
  219 	 0.006953 	 0.256627 	 0.500109
  220 	 0.006865 	 0.255044 	 0.498918
  221 	 0.006079 	 0.259062 	 0.503869
  222 	 0.006081 	 0.251791 	 0.503949
  223 	 0.006911 	 0.261252 	 0.516565
  224 	 0.006866 	 0.258068 	 0.505546
  225 	 0.006331 	 0.262148 	 0.485755
  226 	 0.006776 	 0.260152 	 0.490939
  227 	 0.006677 	 0.263905 	 0.504490
  228 	 0.006833 	 0.248773 	 0.504490
  229 	 0.006148 	 0.238966 	 0.504490
  230 	 0.006261 	 0.250871 	 0.500550
  231 	 0.006996 	 0.249809 	 0.508565
  232 	 0.006879 	 0.246738 	 0.510807
  233 	 0.006450 	 0.265811 	 0.510077
  234 	 0.005112 	 0.257843 	 0.515933
  235 	 0.006904 	 0.241667 	 0.515933
  236 	 0.007095 	 0.273319 	 0.519546
  237 	 0.006967 	 0.257978 	 0.510434
  238 	 0.009237 	 0.264572 	 0.511210
  239 	 0.006151 	 0.263133 	 0.519635
  240 	 0.006984 	 0.255225 	 0.513424
  241 	 0.006891 	 0.269960 	 0.513424
  242 	 0.006992 	 0.270020 	 0.514015
  243 	 0.006528 	 0.262286 	 0.508340
  244 	 0.006917 	 0.250870 	 0.508322
  245 	 0.006892 	 0.271785 	 0.508322
  246 	 0.005968 	 0.271760 	 0.500408
  247 	 0.009247 	 0.238695 	 0.520971
  248 	 0.006582 	 0.248301 	 0.509522
  249 	 0.006474 	 0.247983 	 0.509813
  250 	 0.009929 	 0.260974 	 0.516261
  251 	 0.006551 	 0.253647 	 0.519094
  252 	 0.007173 	 0.246632 	 0.519094
  253 	 0.006894 	 0.240477 	 0.519094
  254 	 0.006320 	 0.246407 	 0.519094
  255 	 0.009450 	 0.267385 	 0.515065
  256 	 0.006637 	 0.230751 	 0.504989
  257 	 0.006882 	 0.240020 	 0.517147
  258 	 0.006923 	 0.266683 	 0.513678
  259 	 0.006892 	 0.257477 	 0.517808
  260 	 0.006940 	 0.250385 	 0.517808
  261 	 0.006807 	 0.260137 	 0.511625
  262 	 0.006877 	 0.250965 	 0.511625
  263 	 0.006935 	 0.242638 	 0.516174
  264 	 0.005519 	 0.244594 	 0.514656
  265 	 0.006706 	 0.247337 	 0.514656
  266 	 0.006867 	 0.256298 	 0.510466
  267 	 0.006869 	 0.253014 	 0.514546
  268 	 0.006210 	 0.243571 	 0.509036
  269 	 0.006978 	 0.247231 	 0.520676
  270 	 0.006329 	 0.245698 	 0.512701
  271 	 0.006966 	 0.257904 	 0.517673
  272 	 0.006897 	 0.271747 	 0.517666
  273 	 0.006752 	 0.244270 	 0.511694
  274 	 0.006717 	 0.254861 	 0.511848
  275 	 0.006918 	 0.255535 	 0.520326
  276 	 0.006890 	 0.262978 	 0.520326
  277 	 0.006896 	 0.258688 	 0.521079
  278 	 0.006916 	 0.245421 	 0.522240
  279 	 0.006797 	 0.257961 	 0.520316
  280 	 0.006542 	 0.243550 	 0.520316
  281 	 0.005330 	 0.270029 	 0.521382
  282 	 0.007050 	 0.274563 	 0.526663
  283 	 0.005757 	 0.261674 	 0.528692
  284 	 0.006870 	 0.239478 	 0.518676
  285 	 0.006816 	 0.248460 	 0.520813
  286 	 0.005486 	 0.249075 	 0.514899
  287 	 0.009376 	 0.265444 	 0.510418
  288 	 0.006869 	 0.231979 	 0.512658
  289 	 0.006897 	 0.251435 	 0.524657
  290 	 0.005880 	 0.255540 	 0.524237
  291 	 0.006536 	 0.252449 	 0.524230
  292 	 0.006377 	 0.257068 	 0.523179
  293 	 0.006873 	 0.244833 	 0.518127
  294 	 0.006066 	 0.251200 	 0.517102
  295 	 0.005536 	 0.231742 	 0.505141
  296 	 0.005512 	 0.254906 	 0.506905
  297 	 0.005284 	 0.247002 	 0.504827
  298 	 0.006855 	 0.254922 	 0.510872
  299 	 0.005097 	 0.259769 	 0.518084
  300 	 0.006698 	 0.262445 	 0.519579
  301 	 0.006941 	 0.250200 	 0.508037
  302 	 0.006896 	 0.248580 	 0.510568
  303 	 0.007026 	 0.256803 	 0.509259
  304 	 0.006890 	 0.253893 	 0.511710
  305 	 0.006084 	 0.272800 	 0.521741
  306 	 0.006796 	 0.243998 	 0.524669
  307 	 0.005091 	 0.250854 	 0.522198
  308 	 0.006487 	 0.229659 	 0.493249
  309 	 0.009934 	 0.251651 	 0.518072
  310 	 0.005067 	 0.242897 	 0.520133
  311 	 0.009971 	 0.261374 	 0.516935
  312 	 0.006067 	 0.240582 	 0.502788
  313 	 0.006945 	 0.251704 	 0.507382
  314 	 0.006928 	 0.238510 	 0.517879
  315 	 0.006874 	 0.255861 	 0.530268
  316 	 0.008872 	 0.244806 	 0.507679
  317 	 0.006878 	 0.235126 	 0.507679
  318 	 0.006562 	 0.235174 	 0.517895
  319 	 0.006870 	 0.223711 	 0.513393
  320 	 0.006374 	 0.222830 	 0.496956
  321 	 0.007003 	 0.224635 	 0.503384
  322 	 0.006925 	 0.228833 	 0.512547
  323 	 0.006354 	 0.236809 	 0.514254
  324 	 0.005354 	 0.239764 	 0.520195
  325 	 0.010230 	 0.265331 	 0.520195
  326 	 0.006308 	 0.257805 	 0.524361
  327 	 0.006723 	 0.245069 	 0.503665
  328 	 0.006947 	 0.250291 	 0.504370
  329 	 0.006556 	 0.232515 	 0.505299
  330 	 0.006441 	 0.232171 	 0.515330
  331 	 0.009044 	 0.235961 	 0.518036
  332 	 0.006591 	 0.240843 	 0.517414
  333 	 0.006826 	 0.269369 	 0.517535
  334 	 0.005304 	 0.275521 	 0.522222
  335 	 0.006929 	 0.275424 	 0.514121
  336 	 0.006911 	 0.281108 	 0.514196
  337 	 0.006807 	 0.256643 	 0.504889
  338 	 0.006329 	 0.264277 	 0.505698
  339 	 0.006959 	 0.271714 	 0.512960
  340 	 0.006903 	 0.266501 	 0.516712
  341 	 0.006661 	 0.269463 	 0.519594
  342 	 0.006624 	 0.250532 	 0.519594
  343 	 0.009458 	 0.278118 	 0.519860
  344 	 0.006936 	 0.274346 	 0.519860
  345 	 0.006823 	 0.268205 	 0.520105
  346 	 0.006919 	 0.255517 	 0.524726
  347 	 0.007131 	 0.253531 	 0.520683
  348 	 0.009509 	 0.258986 	 0.513325
  349 	 0.006128 	 0.258886 	 0.522054
  350 	 0.009089 	 0.272473 	 0.522054
  351 	 0.009484 	 0.276244 	 0.517136
  352 	 0.006616 	 0.263770 	 0.514923
  353 	 0.006644 	 0.237955 	 0.511143
  354 	 0.006529 	 0.233425 	 0.521188
  355 	 0.006571 	 0.245186 	 0.521188
  356 	 0.009145 	 0.246141 	 0.521372
  357 	 0.006951 	 0.233504 	 0.526153
  358 	 0.006988 	 0.243055 	 0.519891
  359 	 0.006997 	 0.246453 	 0.520228
  360 	 0.009364 	 0.255261 	 0.517160
  361 	 0.006808 	 0.246143 	 0.507075
  362 	 0.006973 	 0.220448 	 0.502697
  363 	 0.006832 	 0.225685 	 0.503380
  364 	 0.006798 	 0.252493 	 0.517057
  365 	 0.005017 	 0.242183 	 0.517623
  366 	 0.006509 	 0.233191 	 0.517623
  367 	 0.006471 	 0.221255 	 0.518849
  368 	 0.006896 	 0.230974 	 0.505048
  369 	 0.006897 	 0.239130 	 0.525552
  370 	 0.006886 	 0.226054 	 0.514754
  371 	 0.006856 	 0.229825 	 0.495055
  372 	 0.006767 	 0.238961 	 0.495838
  373 	 0.006923 	 0.230170 	 0.501430
  374 	 0.006887 	 0.236830 	 0.485350
  375 	 0.006957 	 0.233136 	 0.511923
  376 	 0.006550 	 0.222170 	 0.511923
  377 	 0.007116 	 0.233824 	 0.518904
  378 	 0.006981 	 0.247210 	 0.515401
  379 	 0.006540 	 0.238496 	 0.502449
  380 	 0.006157 	 0.251428 	 0.504855
  381 	 0.007311 	 0.246201 	 0.515338
  382 	 0.006694 	 0.230104 	 0.503301
  383 	 0.006800 	 0.236809 	 0.514994
  384 	 0.006958 	 0.249160 	 0.510691
  385 	 0.006959 	 0.249718 	 0.508674
  386 	 0.009589 	 0.261881 	 0.486766
  387 	 0.006855 	 0.261315 	 0.487467
  388 	 0.006805 	 0.237049 	 0.500951
  389 	 0.006478 	 0.237575 	 0.504860
  390 	 0.006386 	 0.240947 	 0.505453
  391 	 0.009513 	 0.243274 	 0.517336
  392 	 0.006948 	 0.238883 	 0.500133
  393 	 0.009542 	 0.236416 	 0.502168
  394 	 0.006482 	 0.223788 	 0.514244
  395 	 0.006988 	 0.221734 	 0.514244
  396 	 0.006640 	 0.229972 	 0.514244
  397 	 0.006392 	 0.247956 	 0.511508
  398 	 0.006955 	 0.254397 	 0.508926
  399 	 0.006215 	 0.241633 	 0.516046
  400 	 0.006884 	 0.237771 	 0.514962
  401 	 0.006598 	 0.248327 	 0.514962
  402 	 0.007048 	 0.253004 	 0.516059
  403 	 0.007041 	 0.254917 	 0.516059
  404 	 0.006516 	 0.251409 	 0.516721
  405 	 0.006928 	 0.255450 	 0.516059
  406 	 0.006901 	 0.250283 	 0.503082
  407 	 0.006182 	 0.261272 	 0.515619
  408 	 0.006914 	 0.232677 	 0.515533
  409 	 0.006608 	 0.246778 	 0.517239
  410 	 0.006501 	 0.244619 	 0.517114
  411 	 0.005696 	 0.241805 	 0.501524
  412 	 0.006070 	 0.233641 	 0.505808
  413 	 0.006925 	 0.247627 	 0.508048
  414 	 0.006892 	 0.244821 	 0.520067
  415 	 0.006785 	 0.253851 	 0.520547
  416 	 0.006911 	 0.264421 	 0.517520
  417 	 0.009525 	 0.262402 	 0.522695
  418 	 0.006389 	 0.276913 	 0.504033
  419 	 0.006959 	 0.275225 	 0.507859
  420 	 0.006789 	 0.260364 	 0.517809
  421 	 0.006427 	 0.263100 	 0.520118
  422 	 0.006468 	 0.246746 	 0.514327
  423 	 0.006136 	 0.240808 	 0.518747
  424 	 0.006725 	 0.247390 	 0.512330
  425 	 0.006701 	 0.246554 	 0.512330
  426 	 0.009067 	 0.249213 	 0.521434
  427 	 0.006546 	 0.220886 	 0.521434
  428 	 0.007159 	 0.242697 	 0.515807
  429 	 0.006545 	 0.244110 	 0.517411
  430 	 0.006799 	 0.261659 	 0.514432
  431 	 0.006693 	 0.223881 	 0.512516
  432 	 0.005427 	 0.242218 	 0.512347
  433 	 0.005414 	 0.235803 	 0.517952
  434 	 0.007713 	 0.236652 	 0.520939
  435 	 0.006444 	 0.237677 	 0.509001
  436 	 0.007097 	 0.223371 	 0.502235
  437 	 0.006886 	 0.232664 	 0.519531
  438 	 0.009326 	 0.251866 	 0.523685
  439 	 0.006757 	 0.251570 	 0.519556
  440 	 0.006728 	 0.257592 	 0.525074
  441 	 0.006995 	 0.249065 	 0.522108
  442 	 0.007159 	 0.266596 	 0.522425
  443 	 0.006873 	 0.243814 	 0.522458
  444 	 0.006809 	 0.227365 	 0.524160
  445 	 0.006905 	 0.248445 	 0.501292
  446 	 0.005456 	 0.222277 	 0.500903
  447 	 0.005505 	 0.239463 	 0.515519
  448 	 0.006089 	 0.235041 	 0.515770
  449 	 0.006901 	 0.241299 	 0.507909
  450 	 0.006514 	 0.228219 	 0.509076
  451 	 0.006791 	 0.245489 	 0.506244
  452 	 0.006724 	 0.238399 	 0.506785
  453 	 0.006785 	 0.236000 	 0.527158
  454 	 0.005589 	 0.230615 	 0.527158
  455 	 0.005558 	 0.233735 	 0.527158
  456 	 0.005608 	 0.228918 	 0.527158
  457 	 0.005530 	 0.227730 	 0.527158
  458 	 0.006853 	 0.225291 	 0.527158
  459 	 0.009332 	 0.217650 	 0.515389
  460 	 0.005564 	 0.227286 	 0.511713
  461 	 0.009528 	 0.235994 	 0.522539
  462 	 0.006096 	 0.244423 	 0.522539
  463 	 0.007045 	 0.239788 	 0.526852
  464 	 0.006929 	 0.236775 	 0.504308
  465 	 0.006736 	 0.230169 	 0.516213
  466 	 0.006885 	 0.213978 	 0.516194
  467 	 0.009152 	 0.229564 	 0.516194
  468 	 0.005057 	 0.220104 	 0.515101
  469 	 0.005022 	 0.235436 	 0.514285
  470 	 0.006492 	 0.246530 	 0.507892
  471 	 0.006888 	 0.248109 	 0.507108
  472 	 0.006732 	 0.227254 	 0.506703
  473 	 0.007199 	 0.234321 	 0.506703
  474 	 0.006901 	 0.243159 	 0.490810
  475 	 0.006811 	 0.244895 	 0.496255
  476 	 0.005465 	 0.249238 	 0.506856
  477 	 0.005874 	 0.227957 	 0.515606
  478 	 0.007252 	 0.221137 	 0.501716
  479 	 0.006553 	 0.232102 	 0.508423
  480 	 0.006906 	 0.251764 	 0.510944
  481 	 0.006877 	 0.253129 	 0.514369
  482 	 0.007388 	 0.250242 	 0.513178
  483 	 0.006159 	 0.235770 	 0.508688
  484 	 0.007165 	 0.240758 	 0.516525
  485 	 0.006871 	 0.239204 	 0.503097
  486 	 0.006923 	 0.240993 	 0.501506
  487 	 0.006240 	 0.268499 	 0.506062
  488 	 0.006977 	 0.255312 	 0.513865
  489 	 0.006598 	 0.237103 	 0.509427
  490 	 0.006966 	 0.244095 	 0.509427
  491 	 0.006955 	 0.261859 	 0.508597
  492 	 0.006909 	 0.260779 	 0.505597
  493 	 0.006926 	 0.254182 	 0.509699
  494 	 0.006922 	 0.240618 	 0.506740
  495 	 0.006698 	 0.261703 	 0.507116
  496 	 0.007462 	 0.261598 	 0.507946
  497 	 0.006121 	 0.258485 	 0.511243
  498 	 0.006108 	 0.255267 	 0.512821
  499 	 0.005777 	 0.241328 	 0.502739
 