   0 	 0.003851 	 0.010254 	 0.034381
    1 	 0.003402 	 0.012099 	 0.059956
    2 	 0.004911 	 0.013724 	 0.046876
    3 	 0.004305 	 0.014653 	 0.042919
    4 	 0.004842 	 0.016093 	 0.045763
    5 	 0.005518 	 0.018248 	 0.047931
    6 	 0.004605 	 0.020604 	 0.056911
    7 	 0.004496 	 0.023164 	 0.065298
    8 	 0.004902 	 0.026709 	 0.077039
    9 	 0.007133 	 0.029356 	 0.080926
   10 	 0.006907 	 0.029627 	 0.087171
   11 	 0.006543 	 0.032888 	 0.074171
   12 	 0.005976 	 0.035529 	 0.074874
   13 	 0.008968 	 0.035975 	 0.076538
   14 	 0.006291 	 0.039980 	 0.091706
   15 	 0.006005 	 0.042758 	 0.090490
   16 	 0.006556 	 0.043841 	 0.124838
   17 	 0.006087 	 0.046610 	 0.119114
   18 	 0.006176 	 0.048893 	 0.119114
   19 	 0.006642 	 0.051597 	 0.160038
   20 	 0.006336 	 0.054429 	 0.151172
   21 	 0.006545 	 0.062613 	 0.166004
   22 	 0.008103 	 0.061956 	 0.175066
   23 	 0.006484 	 0.064629 	 0.183196
   24 	 0.006801 	 0.065300 	 0.176577
   25 	 0.008455 	 0.075084 	 0.194869
   26 	 0.006695 	 0.073353 	 0.184399
   27 	 0.006176 	 0.071493 	 0.262753
   28 	 0.007530 	 0.080181 	 0.265099
   29 	 0.006715 	 0.082406 	 0.214607
   30 	 0.008759 	 0.086592 	 0.211384
   31 	 0.006893 	 0.084383 	 0.231370
   32 	 0.007763 	 0.090423 	 0.217508
   33 	 0.007203 	 0.089618 	 0.237518
   34 	 0.006133 	 0.100452 	 0.297090
   35 	 0.007345 	 0.103371 	 0.276924
   36 	 0.005983 	 0.105998 	 0.332376
   37 	 0.006823 	 0.105047 	 0.324369
   38 	 0.004531 	 0.106814 	 0.269697
   39 	 0.004532 	 0.115378 	 0.328749
   40 	 0.006739 	 0.119990 	 0.315089
   41 	 0.006749 	 0.123508 	 0.344961
   42 	 0.005041 	 0.121667 	 0.373104
   43 	 0.005041 	 0.126055 	 0.377363
   44 	 0.005046 	 0.142267 	 0.378242
   45 	 0.006982 	 0.130681 	 0.346213
   46 	 0.006881 	 0.130239 	 0.374765
   47 	 0.007169 	 0.148423 	 0.361405
   48 	 0.007194 	 0.159436 	 0.395053
   49 	 0.006869 	 0.154001 	 0.410275
   50 	 0.006721 	 0.159233 	 0.408059
   51 	 0.009916 	 0.166137 	 0.426578
   52 	 0.006997 	 0.163299 	 0.426578
   53 	 0.006938 	 0.176394 	 0.421870
   54 	 0.006897 	 0.185518 	 0.453885
   55 	 0.004480 	 0.176507 	 0.417179
   56 	 0.006771 	 0.177545 	 0.422212
   57 	 0.006857 	 0.176269 	 0.426885
   58 	 0.006691 	 0.182002 	 0.433524
   59 	 0.006678 	 0.181938 	 0.433524
   60 	 0.006646 	 0.197841 	 0.436055
   61 	 0.006826 	 0.188029 	 0.442072
   62 	 0.006687 	 0.186291 	 0.455441
   63 	 0.006786 	 0.194961 	 0.494056
   64 	 0.006707 	 0.196545 	 0.494056
   65 	 0.009804 	 0.206146 	 0.460750
   66 	 0.005111 	 0.219075 	 0.483699
   67 	 0.005111 	 0.213010 	 0.486089
   68 	 0.007174 	 0.204795 	 0.498564
   69 	 0.006903 	 0.208639 	 0.474418
   70 	 0.005093 	 0.204615 	 0.469656
   71 	 0.006841 	 0.224542 	 0.449768
   72 	 0.006566 	 0.218463 	 0.466032
   73 	 0.009325 	 0.218214 	 0.495990
   74 	 0.007184 	 0.217373 	 0.486352
   75 	 0.006973 	 0.214627 	 0.486236
   76 	 0.006846 	 0.211546 	 0.466211
   77 	 0.006998 	 0.210405 	 0.478947
   78 	 0.006954 	 0.225393 	 0.474850
   79 	 0.006919 	 0.212609 	 0.449181
   80 	 0.006827 	 0.213801 	 0.475813
   81 	 0.006350 	 0.202692 	 0.472794
   82 	 0.006831 	 0.208796 	 0.487047
   83 	 0.006413 	 0.214355 	 0.471476
   84 	 0.006672 	 0.213487 	 0.472627
   85 	 0.006883 	 0.209808 	 0.472962
   86 	 0.004191 	 0.211299 	 0.474436
   87 	 0.009535 	 0.204415 	 0.477556
   88 	 0.006873 	 0.214212 	 0.483931
   89 	 0.006867 	 0.222310 	 0.488180
   90 	 0.004498 	 0.212719 	 0.500599
   91 	 0.006716 	 0.231632 	 0.500832
   92 	 0.006856 	 0.238952 	 0.476459
   93 	 0.006252 	 0.224229 	 0.465785
   94 	 0.006854 	 0.237451 	 0.485525
   95 	 0.006909 	 0.249871 	 0.485649
   96 	 0.006903 	 0.234337 	 0.490848
   97 	 0.009187 	 0.252250 	 0.480185
   98 	 0.007150 	 0.244727 	 0.478205
   99 	 0.006933 	 0.260353 	 0.477776
  100 	 0.006904 	 0.249734 	 0.480777
  101 	 0.010040 	 0.248988 	 0.488029
  102 	 0.007174 	 0.262044 	 0.472019
  103 	 0.007049 	 0.258075 	 0.492119
  104 	 0.009578 	 0.252374 	 0.483034
  105 	 0.009301 	 0.250661 	 0.481060
  106 	 0.006814 	 0.246476 	 0.473182
  107 	 0.006866 	 0.234942 	 0.467215
  108 	 0.005419 	 0.228462 	 0.477067
  109 	 0.006967 	 0.239724 	 0.475747
  110 	 0.006940 	 0.245949 	 0.493278
  111 	 0.006866 	 0.241676 	 0.499490
  112 	 0.006987 	 0.220141 	 0.475428
  113 	 0.006872 	 0.234845 	 0.470537
  114 	 0.006976 	 0.221956 	 0.468470
  115 	 0.006689 	 0.223812 	 0.471530
  116 	 0.006944 	 0.219885 	 0.473947
  117 	 0.006814 	 0.227818 	 0.467979
  118 	 0.006863 	 0.233817 	 0.481905
  119 	 0.006885 	 0.246686 	 0.483645
  120 	 0.006183 	 0.253892 	 0.485156
  121 	 0.006819 	 0.251724 	 0.481205
  122 	 0.006904 	 0.242153 	 0.493556
  123 	 0.004282 	 0.252081 	 0.489026
  124 	 0.006900 	 0.238611 	 0.496992
  125 	 0.006768 	 0.211762 	 0.496992
  126 	 0.006798 	 0.222884 	 0.488312
  127 	 0.007158 	 0.240987 	 0.495837
  128 	 0.004571 	 0.229210 	 0.496543
  129 	 0.004799 	 0.208224 	 0.491977
  130 	 0.004446 	 0.233616 	 0.492996
  131 	 0.006882 	 0.246359 	 0.495240
  132 	 0.006868 	 0.231835 	 0.492996
  133 	 0.006724 	 0.245736 	 0.485985
  134 	 0.006970 	 0.241650 	 0.488385
  135 	 0.006932 	 0.246928 	 0.479346
  136 	 0.006822 	 0.239682 	 0.487374
  137 	 0.006912 	 0.239170 	 0.480888
  138 	 0.006853 	 0.236348 	 0.479733
  139 	 0.006906 	 0.261580 	 0.490384
  140 	 0.006844 	 0.249126 	 0.500482
  141 	 0.009657 	 0.245621 	 0.489573
  142 	 0.009448 	 0.254426 	 0.493636
  143 	 0.004173 	 0.258529 	 0.482004
  144 	 0.006451 	 0.252958 	 0.475115
  145 	 0.006945 	 0.245262 	 0.475115
  146 	 0.006717 	 0.233320 	 0.491974
  147 	 0.006717 	 0.248388 	 0.491764
  148 	 0.006969 	 0.245004 	 0.496404
  149 	 0.006904 	 0.234918 	 0.474995
  150 	 0.006897 	 0.235468 	 0.478020
  151 	 0.009326 	 0.222961 	 0.477352
  152 	 0.009272 	 0.224816 	 0.482003
  153 	 0.004552 	 0.205647 	 0.496424
  154 	 0.006099 	 0.217176 	 0.498613
  155 	 0.006888 	 0.219963 	 0.496445
  156 	 0.006901 	 0.232132 	 0.496445
  157 	 0.006928 	 0.229406 	 0.486867
  158 	 0.006909 	 0.234060 	 0.486867
  159 	 0.006924 	 0.251135 	 0.471764
  160 	 0.008544 	 0.257761 	 0.481488
  161 	 0.006829 	 0.243752 	 0.486976
  162 	 0.006230 	 0.256857 	 0.486976
  163 	 0.005180 	 0.240688 	 0.498908
  164 	 0.006864 	 0.247126 	 0.494504
  165 	 0.007002 	 0.252147 	 0.494599
  166 	 0.006864 	 0.279953 	 0.494313
  167 	 0.006917 	 0.268486 	 0.493008
  168 	 0.006883 	 0.290842 	 0.485931
  169 	 0.006933 	 0.286153 	 0.482280
  170 	 0.006840 	 0.257115 	 0.495020
  171 	 0.007248 	 0.269951 	 0.495020
  172 	 0.006763 	 0.252393 	 0.491788
  173 	 0.006900 	 0.249696 	 0.496170
  174 	 0.006874 	 0.263156 	 0.493678
  175 	 0.006157 	 0.255158 	 0.496578
  176 	 0.007160 	 0.231559 	 0.500105
  177 	 0.006993 	 0.220052 	 0.499791
  178 	 0.006927 	 0.238397 	 0.494943
  179 	 0.006906 	 0.220773 	 0.497831
  180 	 0.007965 	 0.244301 	 0.491706
  181 	 0.009378 	 0.260884 	 0.487234
  182 	 0.006121 	 0.241189 	 0.500825
  183 	 0.006937 	 0.248492 	 0.500806
  184 	 0.006874 	 0.244615 	 0.494747
  185 	 0.006515 	 0.229122 	 0.497244
  186 	 0.008463 	 0.226430 	 0.487161
  187 	 0.006943 	 0.239714 	 0.502183
  188 	 0.006929 	 0.239003 	 0.497863
  189 	 0.010071 	 0.236952 	 0.494627
  190 	 0.006856 	 0.255102 	 0.497573
  191 	 0.010265 	 0.273650 	 0.501897
  192 	 0.006909 	 0.286556 	 0.502569
  193 	 0.006908 	 0.285906 	 0.497574
  194 	 0.006888 	 0.269833 	 0.497574
  195 	 0.006956 	 0.246717 	 0.493873
  196 	 0.006254 	 0.237473 	 0.496150
  197 	 0.006909 	 0.249506 	 0.496150
  198 	 0.006902 	 0.252394 	 0.498363
  199 	 0.009472 	 0.249409 	 0.492666
  200 	 0.006958 	 0.252122 	 0.495650
  201 	 0.006856 	 0.245434 	 0.502762
  202 	 0.006946 	 0.237392 	 0.498196
  203 	 0.007000 	 0.228261 	 0.498615
  204 	 0.004980 	 0.257570 	 0.495113
  205 	 0.006721 	 0.264335 	 0.495118
  206 	 0.006961 	 0.268232 	 0.492542
  207 	 0.007120 	 0.273681 	 0.493297
  208 	 0.006161 	 0.262954 	 0.496689
  209 	 0.006161 	 0.254322 	 0.498236
  210 	 0.006941 	 0.247095 	 0.491586
  211 	 0.006886 	 0.270469 	 0.504223
  212 	 0.006504 	 0.275800 	 0.502185
  213 	 0.006971 	 0.282872 	 0.502185
  214 	 0.006408 	 0.265589 	 0.498988
  215 	 0.006421 	 0.283363 	 0.501469
  216 	 0.007060 	 0.273515 	 0.505591
  217 	 0.006892 	 0.270919 	 0.496049
  218 	 0.006954 	 0.267253 	 0.504477
  219 	 0.006738 	 0.287873 	 0.499072
  220 	 0.006931 	 0.275997 	 0.501617
  221 	 0.007766 	 0.266067 	 0.502853
  222 	 0.009415 	 0.284209 	 0.502433
  223 	 0.006695 	 0.290490 	 0.496575
  224 	 0.007652 	 0.279857 	 0.507654
  225 	 0.006916 	 0.292687 	 0.507440
  226 	 0.006954 	 0.294025 	 0.512153
  227 	 0.006898 	 0.284204 	 0.507505
  228 	 0.007008 	 0.300332 	 0.509079
  229 	 0.006844 	 0.290885 	 0.515648
  230 	 0.006683 	 0.288448 	 0.515648
  231 	 0.006923 	 0.268268 	 0.515648
  232 	 0.006971 	 0.259633 	 0.517400
  233 	 0.006996 	 0.269559 	 0.507725
  234 	 0.006471 	 0.272737 	 0.507725
  235 	 0.006872 	 0.278172 	 0.512678
  236 	 0.006823 	 0.273953 	 0.509000
  237 	 0.006047 	 0.268255 	 0.509000
  238 	 0.006804 	 0.270488 	 0.511706
  239 	 0.004451 	 0.255268 	 0.510424
  240 	 0.006930 	 0.260231 	 0.509352
  241 	 0.006738 	 0.280511 	 0.508924
  242 	 0.006956 	 0.274360 	 0.512969
  243 	 0.007004 	 0.279756 	 0.514216
  244 	 0.005007 	 0.291655 	 0.515397
  245 	 0.007001 	 0.268627 	 0.514448
  246 	 0.006941 	 0.261239 	 0.515294
  247 	 0.006910 	 0.269296 	 0.515294
  248 	 0.006815 	 0.273848 	 0.515536
  249 	 0.007065 	 0.288449 	 0.515312
  250 	 0.006794 	 0.274039 	 0.515735
  251 	 0.006868 	 0.285909 	 0.515725
  252 	 0.006748 	 0.259858 	 0.515725
  253 	 0.007025 	 0.250612 	 0.515301
  254 	 0.006985 	 0.237322 	 0.512859
  255 	 0.006538 	 0.260039 	 0.512857
  256 	 0.006556 	 0.259520 	 0.511273
  257 	 0.006972 	 0.253034 	 0.512664
  258 	 0.009537 	 0.249150 	 0.519289
  259 	 0.006666 	 0.243284 	 0.510932
  260 	 0.009883 	 0.250169 	 0.510932
  261 	 0.006808 	 0.264827 	 0.510932
  262 	 0.006795 	 0.255515 	 0.518312
  263 	 0.006935 	 0.245302 	 0.516575
  264 	 0.006988 	 0.241526 	 0.513707
  265 	 0.004453 	 0.243413 	 0.515930
  266 	 0.006957 	 0.257261 	 0.517107
  267 	 0.007202 	 0.239730 	 0.516819
  268 	 0.004450 	 0.237491 	 0.514847
  269 	 0.006896 	 0.242020 	 0.517279
  270 	 0.007066 	 0.224349 	 0.505115
  271 	 0.007071 	 0.213576 	 0.512230
  272 	 0.006851 	 0.238792 	 0.510557
  273 	 0.006882 	 0.238877 	 0.513055
  274 	 0.007109 	 0.231624 	 0.512675
  275 	 0.006969 	 0.238721 	 0.512193
  276 	 0.006926 	 0.230628 	 0.511046
  277 	 0.006916 	 0.233017 	 0.512367
  278 	 0.009453 	 0.251050 	 0.514759
  279 	 0.005948 	 0.248166 	 0.514010
  280 	 0.008395 	 0.244494 	 0.514010
  281 	 0.009117 	 0.236478 	 0.505217
  282 	 0.004340 	 0.262762 	 0.505217
  283 	 0.006891 	 0.265111 	 0.497006
  284 	 0.006770 	 0.248510 	 0.502320
  285 	 0.009138 	 0.259749 	 0.512329
  286 	 0.006837 	 0.254024 	 0.509025
  287 	 0.006817 	 0.242223 	 0.509025
  288 	 0.006333 	 0.252960 	 0.506093
  289 	 0.007080 	 0.270051 	 0.506812
  290 	 0.006851 	 0.258300 	 0.507046
  291 	 0.005551 	 0.248691 	 0.505553
  292 	 0.007049 	 0.264167 	 0.511954
  293 	 0.006912 	 0.284045 	 0.508795
  294 	 0.006978 	 0.272701 	 0.508766
  295 	 0.009469 	 0.254552 	 0.505308
  296 	 0.006910 	 0.236398 	 0.512702
  297 	 0.006858 	 0.237688 	 0.502497
  298 	 0.006914 	 0.244351 	 0.513860
  299 	 0.004484 	 0.266674 	 0.513860
  300 	 0.009469 	 0.254566 	 0.511694
  301 	 0.006939 	 0.258625 	 0.511039
  302 	 0.006866 	 0.250943 	 0.513532
  303 	 0.005400 	 0.235678 	 0.498745
  304 	 0.009942 	 0.253877 	 0.501050
  305 	 0.007833 	 0.259074 	 0.511895
  306 	 0.009119 	 0.253691 	 0.502238
  307 	 0.006833 	 0.253225 	 0.503548
  308 	 0.006915 	 0.252121 	 0.505395
  309 	 0.006926 	 0.248004 	 0.510365
  310 	 0.004453 	 0.244840 	 0.496215
  311 	 0.006729 	 0.251785 	 0.500574
  312 	 0.006878 	 0.231784 	 0.496028
  313 	 0.006320 	 0.235714 	 0.496028
  314 	 0.009215 	 0.229567 	 0.493217
  315 	 0.007008 	 0.226078 	 0.495913
  316 	 0.005994 	 0.247546 	 0.499798
  317 	 0.004404 	 0.242963 	 0.511796
  318 	 0.006889 	 0.253779 	 0.512456
  319 	 0.008995 	 0.250814 	 0.516720
  320 	 0.006881 	 0.257196 	 0.501237
  321 	 0.007466 	 0.254892 	 0.497898
  322 	 0.006457 	 0.250684 	 0.502949
  323 	 0.006609 	 0.247877 	 0.504469
  324 	 0.009335 	 0.262861 	 0.503403
  325 	 0.004311 	 0.241193 	 0.509607
  326 	 0.007154 	 0.251122 	 0.509607
  327 	 0.007160 	 0.275584 	 0.511285
  328 	 0.006823 	 0.279729 	 0.511285
  329 	 0.006904 	 0.277351 	 0.514195
  330 	 0.008976 	 0.263869 	 0.509736
  331 	 0.006966 	 0.264198 	 0.505785
  332 	 0.006930 	 0.255223 	 0.515420
  333 	 0.006909 	 0.254732 	 0.511947
  334 	 0.006877 	 0.231743 	 0.501519
  335 	 0.006928 	 0.240066 	 0.499746
  336 	 0.007203 	 0.248313 	 0.499526
  337 	 0.007065 	 0.265152 	 0.509998
  338 	 0.005802 	 0.243039 	 0.493761
  339 	 0.009534 	 0.258574 	 0.501724
  340 	 0.006961 	 0.260044 	 0.505484
  341 	 0.006942 	 0.251449 	 0.505931
  342 	 0.004566 	 0.249002 	 0.507489
  343 	 0.004557 	 0.249944 	 0.499676
  344 	 0.004557 	 0.244851 	 0.512859
  345 	 0.006344 	 0.257780 	 0.504594
  346 	 0.007489 	 0.239838 	 0.504576
  347 	 0.006970 	 0.250738 	 0.502218
  348 	 0.006567 	 0.253902 	 0.494799
  349 	 0.006864 	 0.254323 	 0.494753
  350 	 0.006502 	 0.224875 	 0.508688
  351 	 0.006502 	 0.253429 	 0.508688
  352 	 0.006332 	 0.244810 	 0.508688
  353 	 0.006569 	 0.256328 	 0.508399
  354 	 0.006855 	 0.246392 	 0.514570
  355 	 0.009446 	 0.256651 	 0.514644
  356 	 0.006994 	 0.246829 	 0.514644
  357 	 0.007142 	 0.240222 	 0.514624
  358 	 0.006821 	 0.250239 	 0.514932
  359 	 0.006072 	 0.249729 	 0.510885
  360 	 0.004930 	 0.248667 	 0.507372
  361 	 0.006928 	 0.226981 	 0.507372
  362 	 0.006537 	 0.251612 	 0.510361
  363 	 0.006994 	 0.260968 	 0.511595
  364 	 0.006898 	 0.269279 	 0.513981
  365 	 0.006804 	 0.276561 	 0.514227
  366 	 0.006871 	 0.266097 	 0.519172
  367 	 0.006875 	 0.258400 	 0.517617
  368 	 0.006177 	 0.275993 	 0.517882
  369 	 0.006177 	 0.255284 	 0.518001
  370 	 0.006915 	 0.276223 	 0.518267
  371 	 0.006957 	 0.276579 	 0.518267
  372 	 0.006957 	 0.266893 	 0.514124
  373 	 0.007057 	 0.262971 	 0.516246
  374 	 0.006814 	 0.273834 	 0.512815
  375 	 0.006828 	 0.263708 	 0.517073
  376 	 0.006482 	 0.232250 	 0.508361
  377 	 0.006503 	 0.253208 	 0.515151
  378 	 0.006849 	 0.271252 	 0.515603
  379 	 0.006964 	 0.262719 	 0.515603
  380 	 0.006990 	 0.258305 	 0.504116
  381 	 0.006899 	 0.246544 	 0.508439
  382 	 0.006860 	 0.243248 	 0.512840
  383 	 0.005060 	 0.221156 	 0.517472
  384 	 0.006479 	 0.217573 	 0.516156
  385 	 0.006906 	 0.232130 	 0.514236
  386 	 0.006935 	 0.251560 	 0.514236
  387 	 0.007311 	 0.267128 	 0.514236
  388 	 0.009835 	 0.263508 	 0.511016
  389 	 0.006882 	 0.263799 	 0.509104
  390 	 0.006854 	 0.249680 	 0.513381
  391 	 0.006967 	 0.260562 	 0.513117
  392 	 0.006946 	 0.246123 	 0.514995
  393 	 0.006935 	 0.264121 	 0.516649
  394 	 0.006942 	 0.250834 	 0.516649
  395 	 0.006970 	 0.239911 	 0.511600
  396 	 0.006084 	 0.226365 	 0.502299
  397 	 0.006033 	 0.226403 	 0.510173
  398 	 0.006561 	 0.241474 	 0.504964
  399 	 0.006988 	 0.249290 	 0.511179
  400 	 0.006958 	 0.245077 	 0.515581
  401 	 0.006888 	 0.266814 	 0.515581
  402 	 0.006969 	 0.282850 	 0.515581
  403 	 0.006916 	 0.268129 	 0.509749
  404 	 0.006870 	 0.247769 	 0.500568
  405 	 0.006942 	 0.254303 	 0.502347
  406 	 0.006886 	 0.247814 	 0.501625
  407 	 0.006901 	 0.254982 	 0.504892
  408 	 0.006901 	 0.276443 	 0.502574
  409 	 0.006942 	 0.250544 	 0.513119
  410 	 0.006585 	 0.228392 	 0.513157
  411 	 0.006750 	 0.254072 	 0.511132
  412 	 0.006910 	 0.254484 	 0.493206
  413 	 0.006968 	 0.235549 	 0.480990
  414 	 0.006781 	 0.249034 	 0.494005
  415 	 0.008025 	 0.252383 	 0.495181
  416 	 0.006437 	 0.251424 	 0.499945
  417 	 0.006821 	 0.254946 	 0.499283
  418 	 0.006999 	 0.252420 	 0.489398
  419 	 0.006712 	 0.255512 	 0.482530
  420 	 0.006940 	 0.239697 	 0.489169
  421 	 0.006887 	 0.234912 	 0.486756
  422 	 0.006930 	 0.236707 	 0.494379
  423 	 0.006185 	 0.254843 	 0.499351
  424 	 0.006403 	 0.271003 	 0.501439
  425 	 0.006997 	 0.261255 	 0.509668
  426 	 0.006906 	 0.260381 	 0.503119
  427 	 0.009517 	 0.244805 	 0.497059
  428 	 0.008683 	 0.226666 	 0.497059
  429 	 0.007059 	 0.237919 	 0.497059
  430 	 0.006924 	 0.251553 	 0.499108
  431 	 0.009237 	 0.256835 	 0.495632
  432 	 0.007974 	 0.259806 	 0.503630
  433 	 0.006751 	 0.269688 	 0.502234
  434 	 0.006887 	 0.254502 	 0.495453
  435 	 0.006813 	 0.255320 	 0.499098
  436 	 0.006817 	 0.255025 	 0.510763
  437 	 0.007870 	 0.272585 	 0.510763
  438 	 0.006717 	 0.256461 	 0.510763
  439 	 0.006872 	 0.263793 	 0.489035
  440 	 0.006952 	 0.263818 	 0.499065
  441 	 0.006905 	 0.253554 	 0.490658
  442 	 0.006975 	 0.249359 	 0.490658
  443 	 0.009672 	 0.242861 	 0.494742
  444 	 0.006841 	 0.242857 	 0.491351
  445 	 0.009745 	 0.223677 	 0.499629
  446 	 0.006965 	 0.238349 	 0.503894
  447 	 0.006978 	 0.238014 	 0.495104
  448 	 0.006946 	 0.252142 	 0.497177
  449 	 0.007011 	 0.257861 	 0.504891
  450 	 0.006888 	 0.245651 	 0.502303
  451 	 0.006907 	 0.245733 	 0.508402
  452 	 0.006912 	 0.279015 	 0.513326
  453 	 0.006867 	 0.257390 	 0.514334
  454 	 0.006519 	 0.246029 	 0.501693
  455 	 0.006820 	 0.265689 	 0.508524
  456 	 0.007019 	 0.281713 	 0.510415
  457 	 0.004322 	 0.264688 	 0.512777
  458 	 0.008974 	 0.278975 	 0.516400
  459 	 0.009314 	 0.280943 	 0.514156
  460 	 0.006952 	 0.283461 	 0.512345
  461 	 0.009496 	 0.280792 	 0.512345
  462 	 0.007276 	 0.277791 	 0.512345
  463 	 0.006894 	 0.306822 	 0.511707
  464 	 0.006915 	 0.282722 	 0.498476
  465 	 0.006700 	 0.300402 	 0.514024
  466 	 0.006945 	 0.297248 	 0.520146
  467 	 0.006919 	 0.280097 	 0.520045
  468 	 0.007090 	 0.283542 	 0.508588
  469 	 0.006958 	 0.288314 	 0.510672
  470 	 0.008330 	 0.260685 	 0.517156
  471 	 0.007105 	 0.262329 	 0.516889
  472 	 0.006844 	 0.266233 	 0.508412
  473 	 0.006903 	 0.275229 	 0.509882
  474 	 0.006864 	 0.280842 	 0.515842
  475 	 0.006927 	 0.266463 	 0.510002
  476 	 0.006927 	 0.270795 	 0.517819
  477 	 0.007944 	 0.266774 	 0.517819
  478 	 0.006944 	 0.260392 	 0.518078
  479 	 0.006890 	 0.269437 	 0.514858
  480 	 0.004431 	 0.271037 	 0.509172
  481 	 0.006907 	 0.265579 	 0.511539
  482 	 0.006851 	 0.302008 	 0.511880
  483 	 0.006965 	 0.293310 	 0.512707
  484 	 0.006768 	 0.295618 	 0.512630
  485 	 0.006943 	 0.274410 	 0.508161
  486 	 0.006706 	 0.284545 	 0.515604
  487 	 0.007033 	 0.254375 	 0.510630
  488 	 0.006924 	 0.259148 	 0.511419
  489 	 0.009148 	 0.250690 	 0.511316
  490 	 0.006916 	 0.260162 	 0.503444
  491 	 0.006538 	 0.267775 	 0.510813
  492 	 0.009161 	 0.274541 	 0.510814
  493 	 0.006990 	 0.280199 	 0.514242
  494 	 0.008817 	 0.270641 	 0.514242
  495 	 0.007047 	 0.256802 	 0.514242
  496 	 0.007357 	 0.258769 	 0.513106
  497 	 0.007504 	 0.250007 	 0.511668
  498 	 0.006839 	 0.256086 	 0.510592
  499 	 0.006946 	 0.241834 	 0.514684
 