   0 	 0.004029 	 0.011034 	 0.046693
    1 	 0.004220 	 0.013386 	 0.047179
    2 	 0.005117 	 0.015987 	 0.060617
    3 	 0.005351 	 0.018483 	 0.063541
    4 	 0.005259 	 0.020926 	 0.065210
    5 	 0.005493 	 0.025292 	 0.086849
    6 	 0.006071 	 0.028144 	 0.099863
    7 	 0.005934 	 0.030582 	 0.080169
    8 	 0.005825 	 0.034599 	 0.095321
    9 	 0.006985 	 0.038554 	 0.090674
   10 	 0.007365 	 0.038459 	 0.091151
   11 	 0.007105 	 0.043015 	 0.110929
   12 	 0.006211 	 0.047421 	 0.138508
   13 	 0.005880 	 0.045779 	 0.126743
   14 	 0.006738 	 0.046704 	 0.124470
   15 	 0.005677 	 0.053015 	 0.209422
   16 	 0.006498 	 0.059787 	 0.208251
   17 	 0.004430 	 0.062844 	 0.249680
   18 	 0.007108 	 0.061974 	 0.249680
   19 	 0.006888 	 0.065696 	 0.247717
   20 	 0.007069 	 0.070160 	 0.247663
   21 	 0.006928 	 0.070733 	 0.228338
   22 	 0.009648 	 0.076086 	 0.229560
   23 	 0.006628 	 0.077244 	 0.229560
   24 	 0.005208 	 0.084901 	 0.229534
   25 	 0.006865 	 0.092260 	 0.242101
   26 	 0.006911 	 0.089870 	 0.240029
   27 	 0.006760 	 0.087445 	 0.266373
   28 	 0.007142 	 0.102031 	 0.270330
   29 	 0.007747 	 0.097390 	 0.291207
   30 	 0.006679 	 0.106380 	 0.291753
   31 	 0.006788 	 0.108079 	 0.295768
   32 	 0.006641 	 0.100869 	 0.294636
   33 	 0.008837 	 0.114300 	 0.314667
   34 	 0.006471 	 0.118933 	 0.315043
   35 	 0.004516 	 0.119610 	 0.310550
   36 	 0.005411 	 0.119195 	 0.301240
   37 	 0.006948 	 0.115553 	 0.335772
   38 	 0.006453 	 0.116077 	 0.310303
   39 	 0.007052 	 0.113737 	 0.296128
   40 	 0.006756 	 0.113184 	 0.290583
   41 	 0.006973 	 0.129245 	 0.331256
   42 	 0.006770 	 0.128862 	 0.304874
   43 	 0.006402 	 0.128762 	 0.299672
   44 	 0.006847 	 0.125113 	 0.330180
   45 	 0.007118 	 0.126248 	 0.301390
   46 	 0.006754 	 0.127939 	 0.306506
   47 	 0.006851 	 0.127136 	 0.305928
   48 	 0.006543 	 0.122528 	 0.301695
   49 	 0.006970 	 0.129890 	 0.305606
   50 	 0.006741 	 0.132753 	 0.305606
   51 	 0.005280 	 0.128338 	 0.309998
   52 	 0.005623 	 0.138399 	 0.299253
   53 	 0.006761 	 0.150672 	 0.298932
   54 	 0.006437 	 0.154841 	 0.317017
   55 	 0.006187 	 0.152549 	 0.335392
   56 	 0.006858 	 0.154861 	 0.337044
   57 	 0.006853 	 0.158770 	 0.332330
   58 	 0.007058 	 0.153494 	 0.332330
   59 	 0.007008 	 0.169659 	 0.334032
   60 	 0.006539 	 0.177338 	 0.336017
   61 	 0.006853 	 0.176904 	 0.323320
   62 	 0.009470 	 0.181860 	 0.330726
   63 	 0.006734 	 0.182737 	 0.369574
   64 	 0.006632 	 0.180965 	 0.354170
   65 	 0.007796 	 0.183092 	 0.368669
   66 	 0.006793 	 0.185596 	 0.351503
   67 	 0.006062 	 0.176679 	 0.322834
   68 	 0.006881 	 0.187845 	 0.322768
   69 	 0.009310 	 0.186643 	 0.335351
   70 	 0.006468 	 0.181401 	 0.342501
   71 	 0.006951 	 0.180075 	 0.342166
   72 	 0.006318 	 0.179889 	 0.354000
   73 	 0.009330 	 0.190257 	 0.345218
   74 	 0.008748 	 0.188921 	 0.346597
   75 	 0.006981 	 0.189777 	 0.350526
   76 	 0.006707 	 0.184602 	 0.350526
   77 	 0.008137 	 0.182848 	 0.350526
   78 	 0.006037 	 0.171529 	 0.330851
   79 	 0.006446 	 0.184684 	 0.354300
   80 	 0.006489 	 0.183882 	 0.331849
   81 	 0.006850 	 0.178088 	 0.328526
   82 	 0.006830 	 0.185827 	 0.342265
   83 	 0.008343 	 0.186975 	 0.345256
   84 	 0.006670 	 0.191244 	 0.341173
   85 	 0.007063 	 0.192855 	 0.344124
   86 	 0.006552 	 0.182529 	 0.348694
   87 	 0.009564 	 0.188764 	 0.355012
   88 	 0.006504 	 0.179955 	 0.355367
   89 	 0.006024 	 0.190166 	 0.355012
   90 	 0.006032 	 0.192030 	 0.359655
   91 	 0.006366 	 0.193488 	 0.357694
   92 	 0.006959 	 0.172839 	 0.357051
   93 	 0.005908 	 0.183847 	 0.355976
   94 	 0.008528 	 0.184257 	 0.351268
   95 	 0.007254 	 0.189584 	 0.355815
   96 	 0.007289 	 0.194150 	 0.365836
   97 	 0.006913 	 0.211843 	 0.363808
   98 	 0.006066 	 0.220293 	 0.374360
   99 	 0.008328 	 0.215305 	 0.381733
  100 	 0.007630 	 0.206954 	 0.356273
  101 	 0.006978 	 0.198006 	 0.400081
  102 	 0.006735 	 0.201306 	 0.393987
  103 	 0.005473 	 0.186186 	 0.394572
  104 	 0.006615 	 0.190861 	 0.391854
  105 	 0.006441 	 0.189639 	 0.391854
  106 	 0.006214 	 0.177774 	 0.373947
  107 	 0.007874 	 0.175967 	 0.377629
  108 	 0.009092 	 0.194610 	 0.367538
  109 	 0.006943 	 0.200951 	 0.369960
  110 	 0.006889 	 0.198175 	 0.373500
  111 	 0.006970 	 0.189834 	 0.382328
  112 	 0.009260 	 0.196695 	 0.394021
  113 	 0.006089 	 0.200567 	 0.398672
  114 	 0.006980 	 0.193220 	 0.391488
  115 	 0.006886 	 0.194298 	 0.391488
  116 	 0.004403 	 0.191699 	 0.382980
  117 	 0.006917 	 0.200444 	 0.405254
  118 	 0.009827 	 0.196552 	 0.405298
  119 	 0.006942 	 0.206260 	 0.408426
  120 	 0.006778 	 0.213175 	 0.405298
  121 	 0.006787 	 0.208432 	 0.405202
  122 	 0.006908 	 0.207292 	 0.405202
  123 	 0.006809 	 0.222589 	 0.393020
  124 	 0.006543 	 0.212139 	 0.391294
  125 	 0.006665 	 0.220059 	 0.380711
  126 	 0.006845 	 0.211258 	 0.374032
  127 	 0.009794 	 0.223235 	 0.390197
  128 	 0.006942 	 0.216517 	 0.396354
  129 	 0.008746 	 0.230470 	 0.396354
  130 	 0.008991 	 0.208637 	 0.399144
  131 	 0.006949 	 0.208963 	 0.396090
  132 	 0.006813 	 0.197343 	 0.385574
  133 	 0.006049 	 0.202931 	 0.388045
  134 	 0.006989 	 0.180735 	 0.377091
  135 	 0.006125 	 0.194315 	 0.387028
  136 	 0.006394 	 0.205393 	 0.389291
  137 	 0.007039 	 0.206052 	 0.389291
  138 	 0.006557 	 0.217089 	 0.395792
  139 	 0.006931 	 0.211652 	 0.396742
  140 	 0.007501 	 0.219305 	 0.405587
  141 	 0.007999 	 0.225124 	 0.400630
  142 	 0.006888 	 0.220207 	 0.405325
  143 	 0.005443 	 0.212883 	 0.404573
  144 	 0.006964 	 0.218983 	 0.406004
  145 	 0.006956 	 0.219640 	 0.401146
  146 	 0.006623 	 0.210139 	 0.402946
  147 	 0.007123 	 0.205709 	 0.396783
  148 	 0.008124 	 0.208459 	 0.397886
  149 	 0.006481 	 0.198102 	 0.400008
  150 	 0.006014 	 0.214246 	 0.394594
  151 	 0.009423 	 0.213220 	 0.397954
  152 	 0.006955 	 0.212550 	 0.397729
  153 	 0.006887 	 0.210172 	 0.399892
  154 	 0.005396 	 0.225247 	 0.386623
  155 	 0.005405 	 0.207112 	 0.395418
  156 	 0.006692 	 0.207786 	 0.395931
  157 	 0.006808 	 0.216875 	 0.393850
  158 	 0.006767 	 0.220788 	 0.399922
  159 	 0.006712 	 0.214045 	 0.387470
  160 	 0.006910 	 0.219650 	 0.404232
  161 	 0.006918 	 0.223998 	 0.398314
  162 	 0.006073 	 0.225367 	 0.398314
  163 	 0.006529 	 0.205842 	 0.397915
  164 	 0.006397 	 0.197868 	 0.410514
  165 	 0.008623 	 0.201787 	 0.391078
  166 	 0.013027 	 0.211295 	 0.398208
  167 	 0.006910 	 0.209468 	 0.384126
  168 	 0.006952 	 0.208176 	 0.390852
  169 	 0.006078 	 0.203398 	 0.391484
  170 	 0.004432 	 0.205730 	 0.387853
  171 	 0.006878 	 0.208288 	 0.403227
  172 	 0.006959 	 0.220487 	 0.403305
  173 	 0.006846 	 0.206041 	 0.399386
  174 	 0.006966 	 0.201508 	 0.401933
  175 	 0.006961 	 0.204716 	 0.383803
  176 	 0.006124 	 0.186222 	 0.386526
  177 	 0.006920 	 0.202934 	 0.386526
  178 	 0.009841 	 0.209329 	 0.398142
  179 	 0.009147 	 0.217192 	 0.404528
  180 	 0.006751 	 0.205496 	 0.394035
  181 	 0.006841 	 0.194674 	 0.399026
  182 	 0.009450 	 0.212957 	 0.410604
  183 	 0.007066 	 0.214614 	 0.388322
  184 	 0.006912 	 0.225810 	 0.399663
  185 	 0.006938 	 0.215967 	 0.398774
  186 	 0.006327 	 0.216246 	 0.401456
  187 	 0.006900 	 0.215538 	 0.409185
  188 	 0.008441 	 0.214820 	 0.404082
  189 	 0.006896 	 0.202186 	 0.400714
  190 	 0.006684 	 0.205383 	 0.407000
  191 	 0.009149 	 0.196809 	 0.413615
  192 	 0.008565 	 0.211874 	 0.413088
  193 	 0.006717 	 0.202087 	 0.402709
  194 	 0.006620 	 0.210208 	 0.425331
  195 	 0.010107 	 0.211755 	 0.401002
  196 	 0.006879 	 0.210993 	 0.400049
  197 	 0.006148 	 0.213484 	 0.412855
  198 	 0.006902 	 0.216198 	 0.416818
  199 	 0.009066 	 0.219322 	 0.414755
  200 	 0.006889 	 0.199587 	 0.413352
  201 	 0.006513 	 0.209290 	 0.412627
  202 	 0.006737 	 0.206537 	 0.388740
  203 	 0.006720 	 0.198578 	 0.405384
  204 	 0.006859 	 0.199990 	 0.398155
  205 	 0.006831 	 0.195355 	 0.414898
  206 	 0.006768 	 0.189331 	 0.414721
  207 	 0.006287 	 0.191097 	 0.403832
  208 	 0.006945 	 0.191688 	 0.400100
  209 	 0.006200 	 0.193961 	 0.402150
  210 	 0.006545 	 0.188486 	 0.401173
  211 	 0.009406 	 0.206384 	 0.403073
  212 	 0.006870 	 0.205579 	 0.404515
  213 	 0.009490 	 0.206023 	 0.413531
  214 	 0.006922 	 0.205123 	 0.415968
  215 	 0.009134 	 0.208669 	 0.413379
  216 	 0.009332 	 0.229393 	 0.407763
  217 	 0.009421 	 0.221386 	 0.405146
  218 	 0.004480 	 0.228958 	 0.406147
  219 	 0.006795 	 0.226568 	 0.412229
  220 	 0.009305 	 0.226721 	 0.400619
  221 	 0.006833 	 0.220044 	 0.413059
  222 	 0.006589 	 0.207376 	 0.399835
  223 	 0.005711 	 0.217460 	 0.413542
  224 	 0.005750 	 0.216865 	 0.405554
  225 	 0.009156 	 0.214890 	 0.407875
  226 	 0.006768 	 0.215239 	 0.402987
  227 	 0.006718 	 0.205948 	 0.419307
  228 	 0.006766 	 0.205003 	 0.421528
  229 	 0.006715 	 0.197916 	 0.413624
  230 	 0.007102 	 0.216537 	 0.413624
  231 	 0.006837 	 0.200921 	 0.413264
  232 	 0.004361 	 0.205313 	 0.403318
  233 	 0.006788 	 0.200929 	 0.420946
  234 	 0.006673 	 0.192479 	 0.426752
  235 	 0.005429 	 0.179306 	 0.390205
  236 	 0.006874 	 0.195667 	 0.404311
  237 	 0.006858 	 0.206967 	 0.404311
  238 	 0.008376 	 0.195865 	 0.409053
  239 	 0.006722 	 0.195579 	 0.414235
  240 	 0.006745 	 0.212104 	 0.415302
  241 	 0.005429 	 0.213769 	 0.396219
  242 	 0.004462 	 0.204105 	 0.411713
  243 	 0.008917 	 0.198117 	 0.396958
  244 	 0.006842 	 0.202094 	 0.401599
  245 	 0.008647 	 0.209423 	 0.404996
  246 	 0.006852 	 0.208034 	 0.409166
  247 	 0.006873 	 0.202167 	 0.416914
  248 	 0.006727 	 0.200856 	 0.416668
  249 	 0.006139 	 0.206407 	 0.419559
  250 	 0.009527 	 0.214657 	 0.419559
  251 	 0.006863 	 0.201727 	 0.404682
  252 	 0.006715 	 0.197694 	 0.413056
  253 	 0.006570 	 0.205366 	 0.400046
  254 	 0.006886 	 0.214221 	 0.412195
  255 	 0.006925 	 0.217596 	 0.412195
  256 	 0.006905 	 0.236890 	 0.413748
  257 	 0.006992 	 0.230342 	 0.409370
  258 	 0.006902 	 0.223229 	 0.411688
  259 	 0.006889 	 0.211738 	 0.411688
  260 	 0.006865 	 0.221388 	 0.416935
  261 	 0.006823 	 0.211557 	 0.417735
  262 	 0.006330 	 0.211553 	 0.413849
  263 	 0.005809 	 0.218499 	 0.421192
  264 	 0.006960 	 0.226193 	 0.424054
  265 	 0.006815 	 0.203933 	 0.424054
  266 	 0.007143 	 0.230638 	 0.423987
  267 	 0.006770 	 0.230524 	 0.457636
  268 	 0.006596 	 0.218841 	 0.457636
  269 	 0.006772 	 0.211210 	 0.457636
  270 	 0.006891 	 0.202101 	 0.456011
  271 	 0.007043 	 0.207171 	 0.433197
  272 	 0.006096 	 0.222572 	 0.428087
  273 	 0.006830 	 0.223088 	 0.428087
  274 	 0.006815 	 0.230974 	 0.438748
  275 	 0.006816 	 0.228680 	 0.414584
  276 	 0.006069 	 0.222869 	 0.417757
  277 	 0.005803 	 0.219326 	 0.424989
  278 	 0.009372 	 0.213780 	 0.424989
  279 	 0.007005 	 0.214373 	 0.420682
  280 	 0.006892 	 0.222798 	 0.425403
  281 	 0.006946 	 0.235108 	 0.425104
  282 	 0.006993 	 0.225033 	 0.429062
  283 	 0.004491 	 0.222058 	 0.430219
  284 	 0.006858 	 0.219919 	 0.429161
  285 	 0.006919 	 0.220099 	 0.436790
  286 	 0.006664 	 0.201299 	 0.448667
  287 	 0.006798 	 0.199350 	 0.459924
  288 	 0.006624 	 0.197045 	 0.463649
  289 	 0.007178 	 0.198599 	 0.463649
  290 	 0.006721 	 0.207871 	 0.449825
  291 	 0.004446 	 0.189922 	 0.445049
  292 	 0.006806 	 0.196970 	 0.437808
  293 	 0.006729 	 0.209258 	 0.431039
  294 	 0.006866 	 0.206448 	 0.437779
  295 	 0.006793 	 0.206470 	 0.438882
  296 	 0.007880 	 0.209773 	 0.444421
  297 	 0.007004 	 0.215385 	 0.455380
  298 	 0.006896 	 0.220253 	 0.441712
  299 	 0.006191 	 0.210352 	 0.428914
  300 	 0.007922 	 0.213820 	 0.432777
  301 	 0.006595 	 0.210836 	 0.432777
  302 	 0.009656 	 0.221713 	 0.421866
  303 	 0.006875 	 0.220737 	 0.455363
  304 	 0.006848 	 0.209369 	 0.421437
  305 	 0.006575 	 0.212094 	 0.443078
  306 	 0.006487 	 0.214908 	 0.439517
  307 	 0.008417 	 0.211026 	 0.433484
  308 	 0.006756 	 0.215371 	 0.423073
  309 	 0.006741 	 0.205176 	 0.432162
  310 	 0.006313 	 0.216254 	 0.428028
  311 	 0.006548 	 0.212859 	 0.438251
  312 	 0.006753 	 0.219120 	 0.443201
  313 	 0.009653 	 0.220859 	 0.443201
  314 	 0.007856 	 0.237743 	 0.439999
  315 	 0.006956 	 0.235062 	 0.437802
  316 	 0.009304 	 0.240588 	 0.441551
  317 	 0.006385 	 0.232693 	 0.426536
  318 	 0.006954 	 0.225587 	 0.427978
  319 	 0.006937 	 0.229451 	 0.433041
  320 	 0.006752 	 0.240969 	 0.441432
  321 	 0.006716 	 0.255871 	 0.436284
  322 	 0.006881 	 0.240978 	 0.431246
  323 	 0.006923 	 0.233919 	 0.442873
  324 	 0.010028 	 0.237767 	 0.445021
  325 	 0.006774 	 0.234953 	 0.446126
  326 	 0.006856 	 0.210812 	 0.439192
  327 	 0.009325 	 0.205406 	 0.418218
  328 	 0.006491 	 0.191207 	 0.442193
  329 	 0.006888 	 0.224542 	 0.441568
  330 	 0.006268 	 0.218145 	 0.443206
  331 	 0.006268 	 0.211221 	 0.456743
  332 	 0.006811 	 0.230284 	 0.463917
  333 	 0.006616 	 0.222972 	 0.427487
  334 	 0.006889 	 0.227635 	 0.436183
  335 	 0.006896 	 0.234262 	 0.442905
  336 	 0.006980 	 0.246037 	 0.447681
  337 	 0.006924 	 0.251794 	 0.472658
  338 	 0.007604 	 0.247767 	 0.473747
  339 	 0.006847 	 0.240478 	 0.439458
  340 	 0.006904 	 0.257472 	 0.444559
  341 	 0.006791 	 0.257161 	 0.450269
  342 	 0.006919 	 0.255811 	 0.450269
  343 	 0.006864 	 0.258722 	 0.463437
  344 	 0.006904 	 0.252044 	 0.450341
  345 	 0.006903 	 0.244166 	 0.456190
  346 	 0.006933 	 0.250909 	 0.456004
  347 	 0.007406 	 0.230504 	 0.452905
  348 	 0.006108 	 0.237638 	 0.454747
  349 	 0.008785 	 0.234777 	 0.455760
  350 	 0.009260 	 0.218787 	 0.455760
  351 	 0.009324 	 0.226785 	 0.455931
  352 	 0.006432 	 0.239180 	 0.455931
  353 	 0.006321 	 0.242634 	 0.455137
  354 	 0.006910 	 0.233544 	 0.464544
  355 	 0.006893 	 0.242737 	 0.455910
  356 	 0.006856 	 0.240415 	 0.449178
  357 	 0.007047 	 0.217148 	 0.449178
  358 	 0.006498 	 0.214302 	 0.437395
  359 	 0.006983 	 0.231724 	 0.459842
  360 	 0.006800 	 0.233223 	 0.437395
  361 	 0.005387 	 0.219271 	 0.465756
  362 	 0.005431 	 0.224277 	 0.463398
  363 	 0.004464 	 0.215906 	 0.465737
  364 	 0.006931 	 0.232180 	 0.459991
  365 	 0.006894 	 0.239928 	 0.449213
  366 	 0.006639 	 0.247632 	 0.456755
  367 	 0.006378 	 0.227277 	 0.471341
  368 	 0.004482 	 0.228196 	 0.468151
  369 	 0.004557 	 0.220002 	 0.468217
  370 	 0.006805 	 0.205223 	 0.459895
  371 	 0.006677 	 0.222166 	 0.459895
  372 	 0.006777 	 0.233801 	 0.473659
  373 	 0.008681 	 0.223150 	 0.470658
  374 	 0.006964 	 0.228764 	 0.457991
  375 	 0.006720 	 0.239040 	 0.455257
  376 	 0.010341 	 0.244807 	 0.461585
  377 	 0.006487 	 0.234363 	 0.458671
  378 	 0.006827 	 0.236501 	 0.467073
  379 	 0.006693 	 0.239300 	 0.479943
  380 	 0.008631 	 0.238069 	 0.465689
  381 	 0.006545 	 0.251836 	 0.479780
  382 	 0.007030 	 0.257532 	 0.470439
  383 	 0.006800 	 0.239014 	 0.474218
  384 	 0.007427 	 0.255127 	 0.453373
  385 	 0.006561 	 0.250495 	 0.456433
  386 	 0.006786 	 0.229776 	 0.456057
  387 	 0.006860 	 0.235538 	 0.457443
  388 	 0.007865 	 0.232207 	 0.457443
  389 	 0.006465 	 0.231131 	 0.452801
  390 	 0.009324 	 0.223330 	 0.455201
  391 	 0.006572 	 0.224620 	 0.462173
  392 	 0.010011 	 0.216238 	 0.466357
  393 	 0.006069 	 0.206175 	 0.461727
  394 	 0.007200 	 0.207455 	 0.462333
  395 	 0.007259 	 0.225170 	 0.471199
  396 	 0.007123 	 0.226964 	 0.471199
  397 	 0.006858 	 0.235043 	 0.462062
  398 	 0.005455 	 0.223437 	 0.472161
  399 	 0.006971 	 0.218341 	 0.466843
  400 	 0.006931 	 0.228522 	 0.462403
  401 	 0.004659 	 0.216594 	 0.466291
  402 	 0.006755 	 0.217586 	 0.466291
  403 	 0.007777 	 0.231630 	 0.453181
  404 	 0.009625 	 0.203676 	 0.451184
  405 	 0.007028 	 0.229888 	 0.459427
  406 	 0.009342 	 0.223687 	 0.471644
  407 	 0.006909 	 0.221210 	 0.469300
  408 	 0.006395 	 0.204585 	 0.469300
  409 	 0.006739 	 0.210609 	 0.471837
  410 	 0.006807 	 0.208762 	 0.457281
  411 	 0.006869 	 0.202903 	 0.459935
  412 	 0.006865 	 0.213179 	 0.461732
  413 	 0.006791 	 0.229894 	 0.459720
  414 	 0.006812 	 0.219232 	 0.457642
  415 	 0.007936 	 0.217054 	 0.449875
  416 	 0.006566 	 0.224827 	 0.451692
  417 	 0.006887 	 0.230480 	 0.454431
  418 	 0.006963 	 0.246113 	 0.469160
  419 	 0.006661 	 0.243465 	 0.465424
  420 	 0.006029 	 0.229949 	 0.465209
  421 	 0.006922 	 0.232154 	 0.468012
  422 	 0.006898 	 0.246924 	 0.465235
  423 	 0.009644 	 0.243567 	 0.478527
  424 	 0.006927 	 0.216704 	 0.455032
  425 	 0.006813 	 0.220582 	 0.463075
  426 	 0.006128 	 0.218766 	 0.457699
  427 	 0.005215 	 0.207210 	 0.464382
  428 	 0.006612 	 0.206932 	 0.441703
  429 	 0.006624 	 0.219936 	 0.455115
  430 	 0.006716 	 0.222761 	 0.462743
  431 	 0.006675 	 0.226041 	 0.470985
  432 	 0.006472 	 0.235827 	 0.470985
  433 	 0.006980 	 0.224229 	 0.467323
  434 	 0.006944 	 0.215586 	 0.475429
  435 	 0.007018 	 0.240221 	 0.471606
  436 	 0.004584 	 0.241648 	 0.471456
  437 	 0.006821 	 0.244878 	 0.471029
  438 	 0.007012 	 0.227782 	 0.462636
  439 	 0.006843 	 0.214087 	 0.458170
  440 	 0.006511 	 0.192377 	 0.452640
  441 	 0.004432 	 0.204409 	 0.441255
  442 	 0.006037 	 0.216791 	 0.463135
  443 	 0.006632 	 0.202435 	 0.452972
  444 	 0.006700 	 0.215497 	 0.452972
  445 	 0.006903 	 0.223054 	 0.462920
  446 	 0.006926 	 0.242965 	 0.462837
  447 	 0.006893 	 0.235856 	 0.453709
  448 	 0.006939 	 0.248907 	 0.471462
  449 	 0.006747 	 0.254419 	 0.471462
  450 	 0.006849 	 0.246936 	 0.466480
  451 	 0.006517 	 0.226442 	 0.452137
  452 	 0.006521 	 0.219169 	 0.457496
  453 	 0.006948 	 0.227202 	 0.455630
  454 	 0.006779 	 0.236072 	 0.464821
  455 	 0.006892 	 0.241793 	 0.483753
  456 	 0.006760 	 0.229857 	 0.468525
  457 	 0.006591 	 0.237260 	 0.456510
  458 	 0.006560 	 0.242212 	 0.470611
  459 	 0.006881 	 0.236909 	 0.470611
  460 	 0.006842 	 0.225006 	 0.470491
  461 	 0.009066 	 0.226171 	 0.462211
  462 	 0.005968 	 0.202570 	 0.462306
  463 	 0.006934 	 0.215542 	 0.462822
  464 	 0.006317 	 0.228854 	 0.466519
  465 	 0.006246 	 0.228354 	 0.469870
  466 	 0.004453 	 0.231767 	 0.466175
  467 	 0.006627 	 0.233637 	 0.461514
  468 	 0.006749 	 0.242723 	 0.479491
  469 	 0.009521 	 0.249911 	 0.475415
  470 	 0.006656 	 0.235395 	 0.475415
  471 	 0.006699 	 0.231251 	 0.478163
  472 	 0.006902 	 0.228637 	 0.475880
  473 	 0.006910 	 0.252729 	 0.476023
  474 	 0.006865 	 0.240824 	 0.473964
  475 	 0.006813 	 0.233296 	 0.459626
  476 	 0.009026 	 0.245294 	 0.478576
  477 	 0.006776 	 0.247492 	 0.479068
  478 	 0.006635 	 0.251921 	 0.479766
  479 	 0.006826 	 0.225887 	 0.456132
  480 	 0.009855 	 0.249935 	 0.460961
  481 	 0.006658 	 0.248859 	 0.475736
  482 	 0.006910 	 0.255427 	 0.477045
  483 	 0.008286 	 0.245915 	 0.477646
  484 	 0.006986 	 0.237551 	 0.466353
  485 	 0.006868 	 0.227042 	 0.477462
  486 	 0.006911 	 0.216562 	 0.477836
  487 	 0.006919 	 0.224970 	 0.477215
  488 	 0.006891 	 0.229683 	 0.476732
  489 	 0.006854 	 0.232923 	 0.477109
  490 	 0.006772 	 0.235176 	 0.478073
  491 	 0.006780 	 0.225326 	 0.464873
  492 	 0.006766 	 0.220259 	 0.462684
  493 	 0.006632 	 0.229025 	 0.464701
  494 	 0.006047 	 0.256877 	 0.465654
  495 	 0.006857 	 0.229745 	 0.453819
  496 	 0.006927 	 0.240496 	 0.456051
  497 	 0.006706 	 0.222038 	 0.475304
  498 	 0.009857 	 0.234999 	 0.475304
  499 	 0.006653 	 0.217139 	 0.474565
 