   0 	 0.003519 	 0.010583 	 0.041234
    1 	 0.004471 	 0.012397 	 0.041234
    2 	 0.004556 	 0.015165 	 0.059710
    3 	 0.004849 	 0.017281 	 0.065736
    4 	 0.006234 	 0.019347 	 0.065736
    5 	 0.005251 	 0.021206 	 0.116477
    6 	 0.006070 	 0.022506 	 0.122537
    7 	 0.007667 	 0.027927 	 0.114748
    8 	 0.005567 	 0.031235 	 0.122976
    9 	 0.006436 	 0.032972 	 0.150915
   10 	 0.007282 	 0.041404 	 0.183339
   11 	 0.006750 	 0.045060 	 0.183339
   12 	 0.006218 	 0.052230 	 0.191518
   13 	 0.005763 	 0.056531 	 0.195033
   14 	 0.009668 	 0.061031 	 0.229075
   15 	 0.007000 	 0.068343 	 0.230573
   16 	 0.008163 	 0.074266 	 0.245982
   17 	 0.005553 	 0.076651 	 0.281212
   18 	 0.004346 	 0.081462 	 0.281798
   19 	 0.005988 	 0.086271 	 0.265678
   20 	 0.007086 	 0.091984 	 0.324620
   21 	 0.006349 	 0.085805 	 0.323998
   22 	 0.006278 	 0.087234 	 0.240465
   23 	 0.006223 	 0.081567 	 0.228882
   24 	 0.007286 	 0.086448 	 0.213293
   25 	 0.008902 	 0.100816 	 0.344991
   26 	 0.006658 	 0.105112 	 0.267565
   27 	 0.006884 	 0.111582 	 0.264241
   28 	 0.006735 	 0.100704 	 0.259163
   29 	 0.006559 	 0.109453 	 0.259163
   30 	 0.004321 	 0.105246 	 0.286049
   31 	 0.006991 	 0.111609 	 0.347497
   32 	 0.006895 	 0.127813 	 0.324174
   33 	 0.006918 	 0.125821 	 0.324921
   34 	 0.007128 	 0.134854 	 0.339836
   35 	 0.006760 	 0.139639 	 0.349905
   36 	 0.006779 	 0.142608 	 0.349905
   37 	 0.006624 	 0.136779 	 0.352763
   38 	 0.007056 	 0.139947 	 0.329978
   39 	 0.008277 	 0.154707 	 0.346872
   40 	 0.006921 	 0.154268 	 0.374462
   41 	 0.006725 	 0.165518 	 0.380742
   42 	 0.006749 	 0.154762 	 0.375958
   43 	 0.009779 	 0.162842 	 0.363281
   44 	 0.006804 	 0.162526 	 0.366938
   45 	 0.006289 	 0.153275 	 0.381762
   46 	 0.005390 	 0.150691 	 0.378655
   47 	 0.006788 	 0.161206 	 0.365728
   48 	 0.006775 	 0.165991 	 0.413538
   49 	 0.006603 	 0.172227 	 0.415186
   50 	 0.006895 	 0.177657 	 0.416861
   51 	 0.006018 	 0.186755 	 0.416861
   52 	 0.007121 	 0.173621 	 0.414227
   53 	 0.007031 	 0.171086 	 0.380555
   54 	 0.006781 	 0.177326 	 0.386783
   55 	 0.006834 	 0.172821 	 0.422950
   56 	 0.006895 	 0.189988 	 0.423640
   57 	 0.005633 	 0.187123 	 0.371027
   58 	 0.007173 	 0.183312 	 0.370604
   59 	 0.006607 	 0.177255 	 0.396485
   60 	 0.006848 	 0.183031 	 0.417879
   61 	 0.004331 	 0.184157 	 0.417879
   62 	 0.006523 	 0.203897 	 0.409565
   63 	 0.006140 	 0.203673 	 0.409484
   64 	 0.005165 	 0.202791 	 0.404785
   65 	 0.006411 	 0.192474 	 0.416424
   66 	 0.006872 	 0.190327 	 0.411985
   67 	 0.006697 	 0.196679 	 0.425990
   68 	 0.006697 	 0.201055 	 0.411607
   69 	 0.004309 	 0.195482 	 0.397069
   70 	 0.007199 	 0.197785 	 0.414778
   71 	 0.006847 	 0.197516 	 0.401423
   72 	 0.006529 	 0.204036 	 0.409337
   73 	 0.006898 	 0.205770 	 0.398437
   74 	 0.006902 	 0.211363 	 0.412746
   75 	 0.006901 	 0.191874 	 0.412746
   76 	 0.006931 	 0.204904 	 0.413641
   77 	 0.006896 	 0.216884 	 0.401314
   78 	 0.006901 	 0.216245 	 0.403496
   79 	 0.006963 	 0.209387 	 0.412825
   80 	 0.009444 	 0.208425 	 0.423726
   81 	 0.006899 	 0.208979 	 0.426569
   82 	 0.006973 	 0.208299 	 0.414030
   83 	 0.005076 	 0.221508 	 0.431020
   84 	 0.006816 	 0.220615 	 0.423904
   85 	 0.006937 	 0.229045 	 0.424167
   86 	 0.006736 	 0.217420 	 0.425508
   87 	 0.007061 	 0.204323 	 0.426238
   88 	 0.006693 	 0.203801 	 0.426994
   89 	 0.006795 	 0.222876 	 0.420323
   90 	 0.009260 	 0.234678 	 0.430186
   91 	 0.006940 	 0.234972 	 0.430186
   92 	 0.004420 	 0.256879 	 0.425895
   93 	 0.006868 	 0.236508 	 0.425837
   94 	 0.006111 	 0.241720 	 0.428732
   95 	 0.006874 	 0.258769 	 0.428922
   96 	 0.006861 	 0.243079 	 0.428922
   97 	 0.006910 	 0.217364 	 0.428713
   98 	 0.007045 	 0.227888 	 0.426823
   99 	 0.006892 	 0.232537 	 0.426823
  100 	 0.006852 	 0.234914 	 0.425546
  101 	 0.007313 	 0.230108 	 0.422616
  102 	 0.006892 	 0.225033 	 0.426899
  103 	 0.006952 	 0.230979 	 0.420738
  104 	 0.009401 	 0.226280 	 0.426832
  105 	 0.006813 	 0.227103 	 0.437506
  106 	 0.006951 	 0.231155 	 0.438304
  107 	 0.006625 	 0.245206 	 0.447991
  108 	 0.006759 	 0.240726 	 0.424956
  109 	 0.006916 	 0.234851 	 0.419565
  110 	 0.007066 	 0.236818 	 0.428642
  111 	 0.006733 	 0.231236 	 0.425151
  112 	 0.006873 	 0.231641 	 0.430256
  113 	 0.006832 	 0.232165 	 0.427399
  114 	 0.006807 	 0.232940 	 0.427399
  115 	 0.006897 	 0.236932 	 0.431246
  116 	 0.007070 	 0.244154 	 0.452432
  117 	 0.006875 	 0.245142 	 0.452865
  118 	 0.006923 	 0.235911 	 0.428392
  119 	 0.006944 	 0.233966 	 0.430350
  120 	 0.006922 	 0.223234 	 0.430602
  121 	 0.006823 	 0.227883 	 0.452137
  122 	 0.006663 	 0.235648 	 0.451742
  123 	 0.004378 	 0.231500 	 0.443620
  124 	 0.006966 	 0.245847 	 0.433675
  125 	 0.006830 	 0.246102 	 0.434273
  126 	 0.006761 	 0.224855 	 0.427031
  127 	 0.006935 	 0.214454 	 0.432102
  128 	 0.006894 	 0.219232 	 0.434364
  129 	 0.006826 	 0.224591 	 0.434468
  130 	 0.006826 	 0.225337 	 0.434095
  131 	 0.006876 	 0.230286 	 0.435462
  132 	 0.006932 	 0.236969 	 0.435462
  133 	 0.006922 	 0.224520 	 0.438340
  134 	 0.004466 	 0.225236 	 0.424699
  135 	 0.006848 	 0.233551 	 0.432251
  136 	 0.006912 	 0.235257 	 0.438467
  137 	 0.006913 	 0.220381 	 0.437081
  138 	 0.006856 	 0.227812 	 0.423542
  139 	 0.009012 	 0.211371 	 0.433620
  140 	 0.006914 	 0.214834 	 0.438145
  141 	 0.006941 	 0.201118 	 0.435305
  142 	 0.006820 	 0.227391 	 0.436548
  143 	 0.007085 	 0.220339 	 0.435854
  144 	 0.007011 	 0.211353 	 0.449077
  145 	 0.007231 	 0.247046 	 0.436141
  146 	 0.006865 	 0.238355 	 0.430870
  147 	 0.006965 	 0.234885 	 0.436422
  148 	 0.007409 	 0.237736 	 0.428065
  149 	 0.006989 	 0.222887 	 0.436705
  150 	 0.007131 	 0.239306 	 0.436705
  151 	 0.009319 	 0.234937 	 0.436705
  152 	 0.006587 	 0.230798 	 0.440426
  153 	 0.006587 	 0.238535 	 0.441543
  154 	 0.006914 	 0.232230 	 0.440656
  155 	 0.006744 	 0.242799 	 0.440504
  156 	 0.006829 	 0.234658 	 0.443956
  157 	 0.006678 	 0.222319 	 0.443328
  158 	 0.009318 	 0.240388 	 0.453414
  159 	 0.006156 	 0.239635 	 0.438427
  160 	 0.006883 	 0.251555 	 0.441591
  161 	 0.006814 	 0.250993 	 0.443314
  162 	 0.006530 	 0.245755 	 0.444139
  163 	 0.006625 	 0.248034 	 0.439676
  164 	 0.006886 	 0.249977 	 0.435391
  165 	 0.006945 	 0.251834 	 0.437838
  166 	 0.006941 	 0.255316 	 0.439325
  167 	 0.006793 	 0.244154 	 0.438154
  168 	 0.009380 	 0.233244 	 0.445897
  169 	 0.008246 	 0.243262 	 0.446351
  170 	 0.007108 	 0.254781 	 0.433635
  171 	 0.007110 	 0.281018 	 0.439502
  172 	 0.006937 	 0.271711 	 0.437237
  173 	 0.004551 	 0.257674 	 0.437043
  174 	 0.007003 	 0.238916 	 0.438521
  175 	 0.004155 	 0.269523 	 0.436538
  176 	 0.004321 	 0.269567 	 0.429895
  177 	 0.006913 	 0.249252 	 0.435403
  178 	 0.006933 	 0.229318 	 0.435403
  179 	 0.006931 	 0.225682 	 0.430797
  180 	 0.006162 	 0.214817 	 0.432282
  181 	 0.006108 	 0.218962 	 0.437207
  182 	 0.006939 	 0.221525 	 0.437207
  183 	 0.006872 	 0.228612 	 0.444559
  184 	 0.005040 	 0.213233 	 0.436917
  185 	 0.004609 	 0.216666 	 0.437843
  186 	 0.006840 	 0.234355 	 0.435165
  187 	 0.008261 	 0.224862 	 0.433319
  188 	 0.006886 	 0.240765 	 0.434631
  189 	 0.006853 	 0.242118 	 0.434631
  190 	 0.005114 	 0.241097 	 0.437223
  191 	 0.006791 	 0.245749 	 0.441811
  192 	 0.006959 	 0.249816 	 0.449608
  193 	 0.007100 	 0.248125 	 0.449608
  194 	 0.006954 	 0.256292 	 0.446774
  195 	 0.007331 	 0.239572 	 0.444681
  196 	 0.006847 	 0.250752 	 0.442015
  197 	 0.006808 	 0.255906 	 0.443661
  198 	 0.006783 	 0.239937 	 0.443935
  199 	 0.008394 	 0.233346 	 0.443311
  200 	 0.006936 	 0.242362 	 0.441203
  201 	 0.006829 	 0.241878 	 0.447842
  202 	 0.006865 	 0.240414 	 0.439294
  203 	 0.007016 	 0.239798 	 0.439788
  204 	 0.006882 	 0.237993 	 0.441077
  205 	 0.006960 	 0.256132 	 0.444614
  206 	 0.007376 	 0.228064 	 0.451978
  207 	 0.006922 	 0.237307 	 0.446395
  208 	 0.006722 	 0.231250 	 0.447666
  209 	 0.009298 	 0.230903 	 0.449684
  210 	 0.009566 	 0.247340 	 0.449684
  211 	 0.006892 	 0.234088 	 0.451589
  212 	 0.006596 	 0.239042 	 0.441477
  213 	 0.006891 	 0.233391 	 0.444794
  214 	 0.006546 	 0.227313 	 0.445246
  215 	 0.006074 	 0.222294 	 0.442072
  216 	 0.006817 	 0.239148 	 0.448500
  217 	 0.006817 	 0.231258 	 0.452421
  218 	 0.007402 	 0.233606 	 0.439346
  219 	 0.006951 	 0.223350 	 0.428821
  220 	 0.006549 	 0.236827 	 0.449719
  221 	 0.006551 	 0.237147 	 0.450481
  222 	 0.006880 	 0.235926 	 0.439036
  223 	 0.008395 	 0.233102 	 0.443003
  224 	 0.007016 	 0.226561 	 0.426648
  225 	 0.006847 	 0.234191 	 0.450594
  226 	 0.006881 	 0.241266 	 0.438504
  227 	 0.006926 	 0.224675 	 0.424470
  228 	 0.006628 	 0.220558 	 0.436854
  229 	 0.006498 	 0.217632 	 0.436113
  230 	 0.006947 	 0.213874 	 0.434001
  231 	 0.006918 	 0.231652 	 0.441862
  232 	 0.006903 	 0.231913 	 0.434408
  233 	 0.007225 	 0.237279 	 0.435573
  234 	 0.006890 	 0.213666 	 0.435573
  235 	 0.006905 	 0.219928 	 0.428731
  236 	 0.007078 	 0.221055 	 0.429042
  237 	 0.006918 	 0.209462 	 0.439001
  238 	 0.006885 	 0.228136 	 0.435592
  239 	 0.006886 	 0.227646 	 0.434597
  240 	 0.006825 	 0.224389 	 0.434650
  241 	 0.006841 	 0.222963 	 0.430211
  242 	 0.006986 	 0.229594 	 0.434120
  243 	 0.008641 	 0.213337 	 0.434908
  244 	 0.007416 	 0.211968 	 0.434083
  245 	 0.007047 	 0.210591 	 0.409323
  246 	 0.006725 	 0.206840 	 0.439449
  247 	 0.006716 	 0.189603 	 0.439449
  248 	 0.009305 	 0.211649 	 0.420333
  249 	 0.007094 	 0.200079 	 0.436375
  250 	 0.006889 	 0.197115 	 0.413028
  251 	 0.008815 	 0.200011 	 0.445713
  252 	 0.006662 	 0.221429 	 0.445713
  253 	 0.006816 	 0.213658 	 0.442968
  254 	 0.006937 	 0.199547 	 0.440030
  255 	 0.006724 	 0.216785 	 0.440150
  256 	 0.006960 	 0.213949 	 0.420840
  257 	 0.006641 	 0.209294 	 0.431792
  258 	 0.006926 	 0.218921 	 0.427949
  259 	 0.004012 	 0.207420 	 0.421400
  260 	 0.006917 	 0.213644 	 0.426408
  261 	 0.006925 	 0.209387 	 0.421722
  262 	 0.006940 	 0.217029 	 0.422121
  263 	 0.004334 	 0.204798 	 0.437458
  264 	 0.005777 	 0.227336 	 0.432517
  265 	 0.006984 	 0.220615 	 0.444721
  266 	 0.006850 	 0.222373 	 0.441358
  267 	 0.006727 	 0.210679 	 0.439347
  268 	 0.004332 	 0.219136 	 0.440140
  269 	 0.006884 	 0.205387 	 0.426227
  270 	 0.006910 	 0.211591 	 0.426634
  271 	 0.009061 	 0.207914 	 0.444584
  272 	 0.004356 	 0.211115 	 0.433997
  273 	 0.006890 	 0.210210 	 0.434791
  274 	 0.009463 	 0.224870 	 0.437883
  275 	 0.009296 	 0.198931 	 0.437336
  276 	 0.006652 	 0.203314 	 0.438457
  277 	 0.006967 	 0.206728 	 0.431877
  278 	 0.007189 	 0.206394 	 0.426827
  279 	 0.004448 	 0.223074 	 0.433942
  280 	 0.006759 	 0.214204 	 0.433664
  281 	 0.006758 	 0.205038 	 0.434130
  282 	 0.008086 	 0.213809 	 0.433664
  283 	 0.009088 	 0.223575 	 0.428884
  284 	 0.009365 	 0.219876 	 0.433343
  285 	 0.006840 	 0.217615 	 0.433726
  286 	 0.006625 	 0.230240 	 0.424662
  287 	 0.006098 	 0.222471 	 0.435379
  288 	 0.006795 	 0.209879 	 0.424459
  289 	 0.006837 	 0.224313 	 0.432655
  290 	 0.006871 	 0.207531 	 0.432655
  291 	 0.006477 	 0.225413 	 0.436775
  292 	 0.006483 	 0.199141 	 0.440908
  293 	 0.006515 	 0.221182 	 0.434463
  294 	 0.006959 	 0.239210 	 0.438689
  295 	 0.006892 	 0.227528 	 0.441543
  296 	 0.007077 	 0.217884 	 0.445292
  297 	 0.008151 	 0.215032 	 0.437539
  298 	 0.004308 	 0.210736 	 0.432016
  299 	 0.009572 	 0.223946 	 0.442976
  300 	 0.006632 	 0.223321 	 0.444629
  301 	 0.009124 	 0.237372 	 0.441870
  302 	 0.006873 	 0.234359 	 0.438478
  303 	 0.006887 	 0.248808 	 0.438526
  304 	 0.006852 	 0.243513 	 0.445013
  305 	 0.007021 	 0.245355 	 0.442437
  306 	 0.006889 	 0.239997 	 0.437938
  307 	 0.006901 	 0.246088 	 0.452121
  308 	 0.006848 	 0.250599 	 0.452321
  309 	 0.006820 	 0.235120 	 0.447896
  310 	 0.006389 	 0.225989 	 0.440103
  311 	 0.006898 	 0.227249 	 0.443021
  312 	 0.006920 	 0.219977 	 0.446673
  313 	 0.009413 	 0.235126 	 0.450523
  314 	 0.006923 	 0.235830 	 0.446669
  315 	 0.007003 	 0.233028 	 0.447958
  316 	 0.006459 	 0.222163 	 0.446804
  317 	 0.006162 	 0.213485 	 0.448920
  318 	 0.006684 	 0.207333 	 0.448920
  319 	 0.006983 	 0.230512 	 0.449332
  320 	 0.006858 	 0.232175 	 0.449332
  321 	 0.006157 	 0.220938 	 0.453108
  322 	 0.006880 	 0.231124 	 0.453539
  323 	 0.006940 	 0.241809 	 0.450081
  324 	 0.006702 	 0.262236 	 0.443151
  325 	 0.006977 	 0.283086 	 0.442396
  326 	 0.006758 	 0.268855 	 0.444021
  327 	 0.007404 	 0.257196 	 0.451814
  328 	 0.006929 	 0.248995 	 0.455355
  329 	 0.006710 	 0.236794 	 0.458027
  330 	 0.005019 	 0.232529 	 0.461790
  331 	 0.006490 	 0.248177 	 0.459738
  332 	 0.007458 	 0.234878 	 0.447376
  333 	 0.006889 	 0.241522 	 0.440588
  334 	 0.006991 	 0.247765 	 0.448746
  335 	 0.006898 	 0.257475 	 0.452375
  336 	 0.006848 	 0.254505 	 0.452375
  337 	 0.006935 	 0.259257 	 0.444522
  338 	 0.005719 	 0.238413 	 0.454160
  339 	 0.009990 	 0.242453 	 0.454160
  340 	 0.006732 	 0.233534 	 0.445652
  341 	 0.006876 	 0.215962 	 0.454152
  342 	 0.006935 	 0.213148 	 0.454152
  343 	 0.006767 	 0.226404 	 0.440763
  344 	 0.006576 	 0.226254 	 0.444783
  345 	 0.006825 	 0.239780 	 0.454666
  346 	 0.007134 	 0.239757 	 0.463243
  347 	 0.005081 	 0.245915 	 0.463243
  348 	 0.006182 	 0.222666 	 0.461677
  349 	 0.006153 	 0.203027 	 0.460726
  350 	 0.009425 	 0.241376 	 0.460726
  351 	 0.006996 	 0.240750 	 0.460726
  352 	 0.006835 	 0.245252 	 0.472752
  353 	 0.006772 	 0.237220 	 0.447031
  354 	 0.006942 	 0.222743 	 0.445649
  355 	 0.006855 	 0.218059 	 0.453841
  356 	 0.006863 	 0.215103 	 0.447158
  357 	 0.006423 	 0.231141 	 0.452762
  358 	 0.006908 	 0.239406 	 0.468034
  359 	 0.007024 	 0.224675 	 0.452098
  360 	 0.006917 	 0.227199 	 0.450913
  361 	 0.006805 	 0.222116 	 0.450616
  362 	 0.007012 	 0.223355 	 0.448776
  363 	 0.009581 	 0.240794 	 0.451652
  364 	 0.007517 	 0.235046 	 0.455824
  365 	 0.006863 	 0.229237 	 0.455872
  366 	 0.006685 	 0.219256 	 0.462296
  367 	 0.006472 	 0.231749 	 0.462296
  368 	 0.006822 	 0.233044 	 0.449420
  369 	 0.006800 	 0.244917 	 0.459104
  370 	 0.006817 	 0.222624 	 0.461016
  371 	 0.006911 	 0.233900 	 0.464267
  372 	 0.007164 	 0.234981 	 0.458388
  373 	 0.006982 	 0.245896 	 0.458602
  374 	 0.006917 	 0.254650 	 0.458904
  375 	 0.006898 	 0.244674 	 0.451129
  376 	 0.006664 	 0.245622 	 0.452094
  377 	 0.004447 	 0.244314 	 0.449014
  378 	 0.006540 	 0.254260 	 0.450256
  379 	 0.006902 	 0.244684 	 0.451885
  380 	 0.006882 	 0.239488 	 0.461612
  381 	 0.006891 	 0.231920 	 0.465969
  382 	 0.006880 	 0.230238 	 0.456417
  383 	 0.006935 	 0.229727 	 0.451342
  384 	 0.006759 	 0.238491 	 0.449133
  385 	 0.006677 	 0.242604 	 0.440068
  386 	 0.004325 	 0.233124 	 0.444947
  387 	 0.006802 	 0.237353 	 0.456984
  388 	 0.006604 	 0.218935 	 0.446004
  389 	 0.006921 	 0.225218 	 0.459873
  390 	 0.006904 	 0.208542 	 0.457635
  391 	 0.007841 	 0.222491 	 0.447963
  392 	 0.006537 	 0.220725 	 0.448186
  393 	 0.006890 	 0.221908 	 0.447450
  394 	 0.006759 	 0.206645 	 0.448615
  395 	 0.007082 	 0.215173 	 0.443079
  396 	 0.006696 	 0.216805 	 0.450340
  397 	 0.006913 	 0.237584 	 0.445987
  398 	 0.006121 	 0.229978 	 0.449380
  399 	 0.006916 	 0.232909 	 0.451286
  400 	 0.006820 	 0.241829 	 0.453576
  401 	 0.006936 	 0.250013 	 0.449105
  402 	 0.004421 	 0.234786 	 0.449058
  403 	 0.006811 	 0.246424 	 0.449141
  404 	 0.008161 	 0.256584 	 0.462588
  405 	 0.006781 	 0.257641 	 0.455347
  406 	 0.006862 	 0.252568 	 0.455383
  407 	 0.009558 	 0.242923 	 0.454560
  408 	 0.004438 	 0.254532 	 0.452060
  409 	 0.006916 	 0.249910 	 0.453152
  410 	 0.007040 	 0.245256 	 0.456368
  411 	 0.006945 	 0.236160 	 0.453943
  412 	 0.006871 	 0.228871 	 0.443918
  413 	 0.006921 	 0.235077 	 0.451486
  414 	 0.006794 	 0.245597 	 0.452032
  415 	 0.009361 	 0.238090 	 0.454069
  416 	 0.006851 	 0.229770 	 0.454069
  417 	 0.006695 	 0.240141 	 0.442910
  418 	 0.006786 	 0.225312 	 0.452944
  419 	 0.006925 	 0.222911 	 0.451940
  420 	 0.006817 	 0.225963 	 0.451940
  421 	 0.007080 	 0.219435 	 0.449286
  422 	 0.006855 	 0.229707 	 0.445203
  423 	 0.006925 	 0.206719 	 0.448948
  424 	 0.006936 	 0.206825 	 0.451159
  425 	 0.006944 	 0.211931 	 0.446746
  426 	 0.006889 	 0.217165 	 0.446746
  427 	 0.006476 	 0.229521 	 0.446718
  428 	 0.005127 	 0.234471 	 0.444739
  429 	 0.006700 	 0.241446 	 0.449064
  430 	 0.006889 	 0.227594 	 0.459081
  431 	 0.009498 	 0.228429 	 0.454075
  432 	 0.006870 	 0.213967 	 0.446467
  433 	 0.006329 	 0.229976 	 0.451329
  434 	 0.004292 	 0.230067 	 0.451291
  435 	 0.006821 	 0.237252 	 0.454262
  436 	 0.006827 	 0.229411 	 0.454724
  437 	 0.006876 	 0.239579 	 0.452087
  438 	 0.007016 	 0.240558 	 0.441054
  439 	 0.006785 	 0.252731 	 0.453241
  440 	 0.006858 	 0.235340 	 0.446151
  441 	 0.006840 	 0.239713 	 0.453223
  442 	 0.006835 	 0.214282 	 0.438267
  443 	 0.006979 	 0.222437 	 0.441118
  444 	 0.007029 	 0.210020 	 0.449152
  445 	 0.008866 	 0.210797 	 0.427688
  446 	 0.006904 	 0.226951 	 0.437707
  447 	 0.009481 	 0.225268 	 0.452401
  448 	 0.007119 	 0.221149 	 0.435460
  449 	 0.006843 	 0.202446 	 0.438180
  450 	 0.008677 	 0.213325 	 0.457449
  451 	 0.008718 	 0.213709 	 0.457449
  452 	 0.006954 	 0.200585 	 0.447981
  453 	 0.006726 	 0.221943 	 0.447611
  454 	 0.007266 	 0.238089 	 0.447611
  455 	 0.009205 	 0.234304 	 0.446807
  456 	 0.006549 	 0.227114 	 0.449720
  457 	 0.006912 	 0.237857 	 0.449720
  458 	 0.006921 	 0.252144 	 0.449733
  459 	 0.006750 	 0.247793 	 0.455283
  460 	 0.006844 	 0.238569 	 0.448490
  461 	 0.006822 	 0.225162 	 0.456192
  462 	 0.004676 	 0.214941 	 0.456977
  463 	 0.008590 	 0.213441 	 0.452232
  464 	 0.009111 	 0.231450 	 0.452142
  465 	 0.005055 	 0.229211 	 0.466661
  466 	 0.007071 	 0.233848 	 0.466661
  467 	 0.006846 	 0.241440 	 0.452645
  468 	 0.006846 	 0.252186 	 0.448013
  469 	 0.005060 	 0.245002 	 0.444089
  470 	 0.006918 	 0.229350 	 0.452225
  471 	 0.006428 	 0.231100 	 0.453049
  472 	 0.006816 	 0.225058 	 0.455184
  473 	 0.006818 	 0.229973 	 0.454876
  474 	 0.006862 	 0.227260 	 0.456891
  475 	 0.004437 	 0.240257 	 0.456891
  476 	 0.005954 	 0.237541 	 0.450041
  477 	 0.004348 	 0.238482 	 0.459895
  478 	 0.006886 	 0.244118 	 0.466938
  479 	 0.006701 	 0.237489 	 0.466938
  480 	 0.009307 	 0.245970 	 0.462495
  481 	 0.004288 	 0.247937 	 0.455309
  482 	 0.006533 	 0.236400 	 0.463694
  483 	 0.006768 	 0.236872 	 0.463700
  484 	 0.006857 	 0.250878 	 0.459623
  485 	 0.004445 	 0.246463 	 0.459623
  486 	 0.006490 	 0.248867 	 0.453130
  487 	 0.006922 	 0.225237 	 0.458816
  488 	 0.006785 	 0.224539 	 0.444784
  489 	 0.009223 	 0.237133 	 0.443060
  490 	 0.006845 	 0.239381 	 0.454862
  491 	 0.006882 	 0.223778 	 0.458800
  492 	 0.006692 	 0.234374 	 0.453253
  493 	 0.006681 	 0.241823 	 0.460520
  494 	 0.006859 	 0.247925 	 0.455108
  495 	 0.006824 	 0.252051 	 0.451797
  496 	 0.006497 	 0.243856 	 0.457822
  497 	 0.006937 	 0.251279 	 0.448677
  498 	 0.006857 	 0.232063 	 0.454118
  499 	 0.006763 	 0.218965 	 0.461052
 