   0 	 0.003340 	 0.010076 	 0.040499
    1 	 0.003812 	 0.012596 	 0.042437
    2 	 0.005326 	 0.014952 	 0.058683
    3 	 0.005340 	 0.016641 	 0.067937
    4 	 0.005752 	 0.020447 	 0.071320
    5 	 0.006981 	 0.023365 	 0.106000
    6 	 0.005986 	 0.027264 	 0.106000
    7 	 0.006835 	 0.030235 	 0.109941
    8 	 0.007974 	 0.034045 	 0.117099
    9 	 0.005056 	 0.036590 	 0.117046
   10 	 0.005420 	 0.037782 	 0.116064
   11 	 0.006740 	 0.039449 	 0.110623
   12 	 0.005520 	 0.043407 	 0.128936
   13 	 0.007191 	 0.048356 	 0.127713
   14 	 0.006499 	 0.053161 	 0.152362
   15 	 0.005787 	 0.052200 	 0.141678
   16 	 0.006126 	 0.054268 	 0.141678
   17 	 0.005544 	 0.057219 	 0.140278
   18 	 0.008676 	 0.057613 	 0.140278
   19 	 0.006571 	 0.061290 	 0.169836
   20 	 0.006184 	 0.061264 	 0.165794
   21 	 0.007168 	 0.064510 	 0.169036
   22 	 0.008871 	 0.067221 	 0.169934
   23 	 0.005978 	 0.069339 	 0.213043
   24 	 0.007052 	 0.071337 	 0.213058
   25 	 0.006592 	 0.081053 	 0.212804
   26 	 0.005527 	 0.077771 	 0.208899
   27 	 0.006553 	 0.078817 	 0.208791
   28 	 0.006681 	 0.070765 	 0.209180
   29 	 0.005887 	 0.076557 	 0.209111
   30 	 0.007369 	 0.084342 	 0.221784
   31 	 0.006797 	 0.084993 	 0.221784
   32 	 0.005996 	 0.087108 	 0.238341
   33 	 0.009636 	 0.094162 	 0.254959
   34 	 0.008938 	 0.092011 	 0.254959
   35 	 0.006923 	 0.091218 	 0.264907
   36 	 0.006940 	 0.095973 	 0.271511
   37 	 0.007003 	 0.105331 	 0.268531
   38 	 0.007157 	 0.106397 	 0.303112
   39 	 0.009151 	 0.111370 	 0.265236
   40 	 0.007581 	 0.104011 	 0.310634
   41 	 0.006798 	 0.109479 	 0.310634
   42 	 0.006925 	 0.112323 	 0.306101
   43 	 0.006589 	 0.107720 	 0.363670
   44 	 0.006825 	 0.106401 	 0.315734
   45 	 0.006705 	 0.104703 	 0.290732
   46 	 0.006488 	 0.105420 	 0.267045
   47 	 0.006311 	 0.108104 	 0.284658
   48 	 0.006870 	 0.111832 	 0.299160
   49 	 0.005768 	 0.113572 	 0.281604
   50 	 0.006711 	 0.121559 	 0.314547
   51 	 0.005715 	 0.121714 	 0.333859
   52 	 0.009647 	 0.126123 	 0.371721
   53 	 0.007060 	 0.128249 	 0.379957
   54 	 0.005034 	 0.135398 	 0.324196
   55 	 0.006726 	 0.146085 	 0.313777
   56 	 0.006540 	 0.144147 	 0.300541
   57 	 0.006740 	 0.138856 	 0.352468
   58 	 0.006815 	 0.153103 	 0.329800
   59 	 0.004974 	 0.151504 	 0.342334
   60 	 0.008059 	 0.145196 	 0.320328
   61 	 0.006717 	 0.147333 	 0.314040
   62 	 0.006429 	 0.147938 	 0.386687
   63 	 0.005076 	 0.146039 	 0.379066
   64 	 0.006872 	 0.149962 	 0.379066
   65 	 0.007124 	 0.152107 	 0.390864
   66 	 0.006943 	 0.151524 	 0.390864
   67 	 0.006616 	 0.160163 	 0.330693
   68 	 0.006826 	 0.159939 	 0.366382
   69 	 0.006962 	 0.156212 	 0.370631
   70 	 0.008855 	 0.156636 	 0.370446
   71 	 0.006931 	 0.152877 	 0.382031
   72 	 0.006678 	 0.151867 	 0.380388
   73 	 0.007121 	 0.152958 	 0.359360
   74 	 0.007026 	 0.159502 	 0.404599
   75 	 0.007396 	 0.149695 	 0.405105
   76 	 0.006875 	 0.158285 	 0.403366
   77 	 0.008839 	 0.158610 	 0.403366
   78 	 0.009274 	 0.163875 	 0.444171
   79 	 0.006836 	 0.149782 	 0.402889
   80 	 0.006789 	 0.166684 	 0.383242
   81 	 0.006959 	 0.167022 	 0.406033
   82 	 0.006431 	 0.167866 	 0.404003
   83 	 0.006408 	 0.171552 	 0.399524
   84 	 0.006475 	 0.171423 	 0.409108
   85 	 0.006875 	 0.161336 	 0.425516
   86 	 0.006910 	 0.169789 	 0.387433
   87 	 0.006832 	 0.162372 	 0.406861
   88 	 0.005554 	 0.167361 	 0.427626
   89 	 0.006043 	 0.191320 	 0.415946
   90 	 0.007030 	 0.191065 	 0.445435
   91 	 0.006252 	 0.200535 	 0.458667
   92 	 0.009083 	 0.203751 	 0.452024
   93 	 0.006832 	 0.184117 	 0.444301
   94 	 0.007208 	 0.192688 	 0.444301
   95 	 0.006694 	 0.182039 	 0.450939
   96 	 0.006972 	 0.183056 	 0.451033
   97 	 0.006861 	 0.184524 	 0.452286
   98 	 0.006693 	 0.200643 	 0.456617
   99 	 0.008170 	 0.201112 	 0.466803
  100 	 0.006872 	 0.201608 	 0.469484
  101 	 0.009421 	 0.209231 	 0.456473
  102 	 0.009495 	 0.229702 	 0.456398
  103 	 0.009368 	 0.228253 	 0.449220
  104 	 0.006951 	 0.224855 	 0.453104
  105 	 0.006659 	 0.258093 	 0.460807
  106 	 0.006911 	 0.241392 	 0.461308
  107 	 0.006319 	 0.237383 	 0.466173
  108 	 0.007417 	 0.219418 	 0.469939
  109 	 0.006532 	 0.230115 	 0.478364
  110 	 0.006833 	 0.247019 	 0.459653
  111 	 0.006891 	 0.226800 	 0.464466
  112 	 0.006877 	 0.196757 	 0.458099
  113 	 0.005512 	 0.210173 	 0.460496
  114 	 0.006798 	 0.232078 	 0.461074
  115 	 0.006565 	 0.228476 	 0.462827
  116 	 0.006558 	 0.242561 	 0.463178
  117 	 0.006465 	 0.218862 	 0.463245
  118 	 0.007289 	 0.225325 	 0.480242
  119 	 0.006346 	 0.220588 	 0.480242
  120 	 0.006892 	 0.218382 	 0.477513
  121 	 0.006870 	 0.235597 	 0.478373
  122 	 0.006968 	 0.233314 	 0.475999
  123 	 0.006607 	 0.219358 	 0.474161
  124 	 0.006962 	 0.238195 	 0.475723
  125 	 0.006684 	 0.241589 	 0.475757
  126 	 0.008803 	 0.239997 	 0.473501
  127 	 0.009560 	 0.235240 	 0.472261
  128 	 0.006986 	 0.226529 	 0.473525
  129 	 0.006855 	 0.237193 	 0.468608
  130 	 0.006846 	 0.236141 	 0.467478
  131 	 0.006612 	 0.236669 	 0.468843
  132 	 0.004872 	 0.236920 	 0.477166
  133 	 0.006821 	 0.237528 	 0.478939
  134 	 0.006918 	 0.235189 	 0.477166
  135 	 0.009375 	 0.242534 	 0.481695
  136 	 0.006927 	 0.250807 	 0.487010
  137 	 0.006816 	 0.252654 	 0.480741
  138 	 0.006961 	 0.249786 	 0.480741
  139 	 0.006526 	 0.251879 	 0.475183
  140 	 0.006887 	 0.237045 	 0.478885
  141 	 0.005486 	 0.222999 	 0.480481
  142 	 0.006785 	 0.240225 	 0.483529
  143 	 0.006801 	 0.240045 	 0.483529
  144 	 0.006704 	 0.250046 	 0.478717
  145 	 0.006616 	 0.246233 	 0.469150
  146 	 0.007036 	 0.257254 	 0.472365
  147 	 0.006874 	 0.248621 	 0.482617
  148 	 0.006852 	 0.231281 	 0.482236
  149 	 0.007044 	 0.238636 	 0.479848
  150 	 0.006756 	 0.244014 	 0.478222
  151 	 0.006098 	 0.234003 	 0.478539
  152 	 0.006081 	 0.222487 	 0.484329
  153 	 0.006847 	 0.223692 	 0.482893
  154 	 0.006596 	 0.225462 	 0.477804
  155 	 0.006945 	 0.229204 	 0.477804
  156 	 0.009255 	 0.242660 	 0.481368
  157 	 0.006944 	 0.233474 	 0.482678
  158 	 0.006705 	 0.231407 	 0.472285
  159 	 0.006916 	 0.235840 	 0.487951
  160 	 0.006884 	 0.242247 	 0.473733
  161 	 0.006696 	 0.226736 	 0.465109
  162 	 0.007049 	 0.242607 	 0.479800
  163 	 0.006850 	 0.234325 	 0.481942
  164 	 0.006817 	 0.237540 	 0.481575
  165 	 0.006933 	 0.228905 	 0.466589
  166 	 0.009609 	 0.238369 	 0.473447
  167 	 0.006861 	 0.226256 	 0.473767
  168 	 0.009347 	 0.235338 	 0.472660
  169 	 0.006327 	 0.226385 	 0.475333
  170 	 0.009333 	 0.227917 	 0.473538
  171 	 0.006751 	 0.235314 	 0.472376
  172 	 0.006336 	 0.247863 	 0.476966
  173 	 0.006886 	 0.263005 	 0.477466
  174 	 0.005400 	 0.246698 	 0.480319
  175 	 0.005519 	 0.232675 	 0.480114
  176 	 0.005514 	 0.245084 	 0.480114
  177 	 0.006982 	 0.238121 	 0.480144
  178 	 0.009165 	 0.248809 	 0.476669
  179 	 0.007222 	 0.240392 	 0.483870
  180 	 0.007001 	 0.255216 	 0.486064
  181 	 0.006747 	 0.246078 	 0.486523
  182 	 0.006749 	 0.247812 	 0.486508
  183 	 0.007003 	 0.258342 	 0.486508
  184 	 0.009198 	 0.243520 	 0.475356
  185 	 0.008795 	 0.226957 	 0.473990
  186 	 0.006737 	 0.236135 	 0.473310
  187 	 0.006858 	 0.229393 	 0.468774
  188 	 0.006973 	 0.212244 	 0.473238
  189 	 0.009471 	 0.223847 	 0.470851
  190 	 0.005945 	 0.232415 	 0.477050
  191 	 0.009462 	 0.239575 	 0.487289
  192 	 0.007756 	 0.232987 	 0.487289
  193 	 0.005429 	 0.250987 	 0.479865
  194 	 0.006892 	 0.244608 	 0.478488
  195 	 0.006941 	 0.250676 	 0.475881
  196 	 0.007012 	 0.241941 	 0.473964
  197 	 0.006964 	 0.224828 	 0.477597
  198 	 0.007012 	 0.229146 	 0.477597
  199 	 0.006871 	 0.243433 	 0.478030
  200 	 0.006927 	 0.249369 	 0.483925
  201 	 0.006899 	 0.228744 	 0.484554
  202 	 0.006847 	 0.254378 	 0.485261
  203 	 0.006956 	 0.240553 	 0.484946
  204 	 0.006932 	 0.251260 	 0.484331
  205 	 0.006967 	 0.226483 	 0.468270
  206 	 0.006602 	 0.236273 	 0.473713
  207 	 0.006737 	 0.236475 	 0.474419
  208 	 0.005542 	 0.233178 	 0.474579
  209 	 0.006863 	 0.254112 	 0.489129
  210 	 0.006870 	 0.268958 	 0.491726
  211 	 0.006979 	 0.289076 	 0.491726
  212 	 0.006816 	 0.258684 	 0.472522
  213 	 0.007055 	 0.249103 	 0.481538
  214 	 0.006863 	 0.253289 	 0.473676
  215 	 0.007816 	 0.253167 	 0.481622
  216 	 0.009019 	 0.244815 	 0.476258
  217 	 0.006899 	 0.259054 	 0.483142
  218 	 0.006167 	 0.256588 	 0.477232
  219 	 0.005796 	 0.236032 	 0.474309
  220 	 0.006761 	 0.232380 	 0.481765
  221 	 0.004867 	 0.256970 	 0.479143
  222 	 0.006747 	 0.244467 	 0.479143
  223 	 0.006831 	 0.247443 	 0.470078
  224 	 0.006901 	 0.257087 	 0.474416
  225 	 0.008637 	 0.262854 	 0.480424
  226 	 0.006906 	 0.260046 	 0.481190
  227 	 0.006829 	 0.255453 	 0.483749
  228 	 0.006690 	 0.264507 	 0.484863
  229 	 0.006925 	 0.259569 	 0.483792
  230 	 0.009450 	 0.259167 	 0.483792
  231 	 0.006860 	 0.273669 	 0.479287
  232 	 0.006881 	 0.254164 	 0.476470
  233 	 0.006856 	 0.258101 	 0.474740
  234 	 0.007329 	 0.266148 	 0.487323
  235 	 0.005346 	 0.263429 	 0.479168
  236 	 0.009385 	 0.272990 	 0.481077
  237 	 0.006453 	 0.258055 	 0.477623
  238 	 0.006463 	 0.252240 	 0.477527
  239 	 0.006479 	 0.258797 	 0.478227
  240 	 0.006893 	 0.272332 	 0.478168
  241 	 0.005574 	 0.246491 	 0.481095
  242 	 0.006930 	 0.255160 	 0.474080
  243 	 0.006937 	 0.264229 	 0.477938
  244 	 0.006867 	 0.244852 	 0.481464
  245 	 0.006933 	 0.241181 	 0.477938
  246 	 0.008497 	 0.237487 	 0.478851
  247 	 0.006550 	 0.242570 	 0.492862
  248 	 0.006487 	 0.242614 	 0.481735
  249 	 0.006754 	 0.242813 	 0.477204
  250 	 0.006437 	 0.253789 	 0.481501
  251 	 0.006436 	 0.258959 	 0.478696
  252 	 0.006396 	 0.254643 	 0.473627
  253 	 0.005316 	 0.248773 	 0.477666
  254 	 0.006938 	 0.244792 	 0.484642
  255 	 0.006025 	 0.238576 	 0.483520
  256 	 0.008262 	 0.244053 	 0.488094
  257 	 0.006369 	 0.240226 	 0.498074
  258 	 0.006930 	 0.248999 	 0.487662
  259 	 0.006890 	 0.238981 	 0.482430
  260 	 0.006975 	 0.244088 	 0.487823
  261 	 0.006906 	 0.257944 	 0.489923
  262 	 0.006165 	 0.240356 	 0.489923
  263 	 0.006025 	 0.224512 	 0.478678
  264 	 0.007007 	 0.225777 	 0.478640
  265 	 0.006539 	 0.236284 	 0.493326
  266 	 0.006680 	 0.235177 	 0.493385
  267 	 0.006859 	 0.248288 	 0.472586
  268 	 0.006645 	 0.237579 	 0.473702
  269 	 0.006385 	 0.252480 	 0.478975
  270 	 0.006569 	 0.251924 	 0.484782
  271 	 0.006910 	 0.239066 	 0.481362
  272 	 0.006758 	 0.241955 	 0.476402
  273 	 0.006841 	 0.262223 	 0.488367
  274 	 0.005236 	 0.252992 	 0.480066
  275 	 0.009536 	 0.272017 	 0.487265
  276 	 0.006707 	 0.275483 	 0.487265
  277 	 0.006945 	 0.279094 	 0.484321
  278 	 0.006675 	 0.246468 	 0.486698
  279 	 0.006905 	 0.264536 	 0.488824
  280 	 0.006871 	 0.277076 	 0.488824
  281 	 0.006865 	 0.258122 	 0.487868
  282 	 0.006760 	 0.278576 	 0.486222
  283 	 0.006932 	 0.266920 	 0.488000
  284 	 0.006803 	 0.248178 	 0.480238
  285 	 0.006923 	 0.241125 	 0.483581
  286 	 0.006201 	 0.246820 	 0.482814
  287 	 0.006931 	 0.254021 	 0.483216
  288 	 0.006745 	 0.238885 	 0.491475
  289 	 0.006754 	 0.261717 	 0.493098
  290 	 0.009419 	 0.251278 	 0.491180
  291 	 0.006774 	 0.256643 	 0.492238
  292 	 0.006704 	 0.264899 	 0.488181
  293 	 0.005292 	 0.253302 	 0.481536
  294 	 0.005761 	 0.260310 	 0.481498
  295 	 0.009224 	 0.244617 	 0.480094
  296 	 0.006733 	 0.247212 	 0.480094
  297 	 0.006772 	 0.242695 	 0.480094
  298 	 0.006747 	 0.225230 	 0.481359
  299 	 0.006838 	 0.230604 	 0.480094
  300 	 0.006458 	 0.228601 	 0.485959
  301 	 0.005160 	 0.227248 	 0.486979
  302 	 0.006927 	 0.237985 	 0.487408
  303 	 0.009496 	 0.252484 	 0.493190
  304 	 0.006653 	 0.251024 	 0.491143
  305 	 0.006417 	 0.259144 	 0.488849
  306 	 0.006893 	 0.246589 	 0.496270
  307 	 0.006880 	 0.247184 	 0.493206
  308 	 0.006773 	 0.257257 	 0.493206
  309 	 0.006833 	 0.264576 	 0.484668
  310 	 0.006848 	 0.259242 	 0.490592
  311 	 0.009734 	 0.253024 	 0.490592
  312 	 0.007087 	 0.239195 	 0.490592
  313 	 0.005555 	 0.242835 	 0.490592
  314 	 0.005495 	 0.232214 	 0.488516
  315 	 0.007102 	 0.218024 	 0.492917
  316 	 0.008363 	 0.224981 	 0.485146
  317 	 0.006689 	 0.239204 	 0.483185
  318 	 0.006889 	 0.235866 	 0.497731
  319 	 0.005550 	 0.233816 	 0.495579
  320 	 0.006794 	 0.227678 	 0.495770
  321 	 0.006552 	 0.228955 	 0.494549
  322 	 0.008913 	 0.226729 	 0.494514
  323 	 0.006702 	 0.226075 	 0.476401
  324 	 0.009295 	 0.251984 	 0.477755
  325 	 0.007136 	 0.256324 	 0.480671
  326 	 0.010117 	 0.263635 	 0.487600
  327 	 0.006945 	 0.266715 	 0.487600
  328 	 0.006447 	 0.271181 	 0.488530
  329 	 0.005467 	 0.250869 	 0.489321
  330 	 0.006786 	 0.255507 	 0.491100
  331 	 0.006530 	 0.247205 	 0.492516
  332 	 0.009410 	 0.233185 	 0.481797
  333 	 0.007293 	 0.228235 	 0.481797
  334 	 0.006889 	 0.240931 	 0.488890
  335 	 0.006280 	 0.255505 	 0.488890
  336 	 0.006941 	 0.260472 	 0.493048
  337 	 0.006881 	 0.251686 	 0.488105
  338 	 0.005395 	 0.245941 	 0.492832
  339 	 0.006711 	 0.241678 	 0.489069
  340 	 0.005661 	 0.249556 	 0.489210
  341 	 0.005374 	 0.239285 	 0.482983
  342 	 0.006835 	 0.239550 	 0.482916
  343 	 0.005095 	 0.234818 	 0.482916
  344 	 0.006926 	 0.244103 	 0.482818
  345 	 0.009812 	 0.262046 	 0.486654
  346 	 0.006986 	 0.271177 	 0.486654
  347 	 0.006910 	 0.246319 	 0.474439
  348 	 0.006899 	 0.249256 	 0.476535
  349 	 0.006863 	 0.253234 	 0.482036
  350 	 0.006741 	 0.244362 	 0.479041
  351 	 0.009414 	 0.253895 	 0.491554
  352 	 0.007455 	 0.239112 	 0.488393
  353 	 0.007376 	 0.245875 	 0.492678
  354 	 0.006620 	 0.222017 	 0.474322
  355 	 0.006772 	 0.240914 	 0.482474
  356 	 0.009886 	 0.242120 	 0.480924
  357 	 0.006439 	 0.248455 	 0.477036
  358 	 0.007036 	 0.254423 	 0.482937
  359 	 0.010435 	 0.271055 	 0.489844
  360 	 0.006698 	 0.261868 	 0.489844
  361 	 0.006846 	 0.238017 	 0.488518
  362 	 0.006944 	 0.224764 	 0.485052
  363 	 0.006926 	 0.229598 	 0.487966
  364 	 0.006886 	 0.233505 	 0.478634
  365 	 0.006911 	 0.238519 	 0.473848
  366 	 0.006728 	 0.236467 	 0.479993
  367 	 0.007001 	 0.237737 	 0.486448
  368 	 0.006709 	 0.263977 	 0.490924
  369 	 0.006818 	 0.256465 	 0.495010
  370 	 0.006844 	 0.261860 	 0.483244
  371 	 0.006235 	 0.234268 	 0.485764
  372 	 0.005473 	 0.236392 	 0.486454
  373 	 0.009187 	 0.251351 	 0.492995
  374 	 0.006915 	 0.258897 	 0.495352
  375 	 0.006917 	 0.255329 	 0.485571
  376 	 0.006365 	 0.242851 	 0.485571
  377 	 0.009201 	 0.267322 	 0.482935
  378 	 0.008593 	 0.253155 	 0.496602
  379 	 0.006993 	 0.250976 	 0.471345
  380 	 0.006797 	 0.270535 	 0.477406
  381 	 0.006824 	 0.260766 	 0.492943
  382 	 0.006804 	 0.250125 	 0.492943
  383 	 0.009311 	 0.272285 	 0.492943
  384 	 0.006806 	 0.268841 	 0.494314
  385 	 0.006884 	 0.257350 	 0.494381
  386 	 0.006062 	 0.252966 	 0.494381
  387 	 0.005832 	 0.255060 	 0.495263
  388 	 0.006056 	 0.258865 	 0.495023
  389 	 0.006760 	 0.251371 	 0.495517
  390 	 0.006253 	 0.256173 	 0.489230
  391 	 0.006215 	 0.230716 	 0.493544
  392 	 0.006251 	 0.228128 	 0.481950
  393 	 0.005413 	 0.241641 	 0.487795
  394 	 0.005366 	 0.233399 	 0.477028
  395 	 0.006807 	 0.240049 	 0.483783
  396 	 0.006625 	 0.242239 	 0.496651
  397 	 0.009407 	 0.257652 	 0.484979
  398 	 0.006899 	 0.247717 	 0.482598
  399 	 0.006423 	 0.246232 	 0.482731
  400 	 0.006732 	 0.247389 	 0.483003
  401 	 0.006990 	 0.233003 	 0.481713
  402 	 0.007699 	 0.247682 	 0.489890
  403 	 0.006131 	 0.251715 	 0.487969
  404 	 0.005418 	 0.228815 	 0.481619
  405 	 0.006253 	 0.236180 	 0.489636
  406 	 0.006162 	 0.223100 	 0.489511
  407 	 0.007145 	 0.243398 	 0.496555
  408 	 0.006545 	 0.249518 	 0.496555
  409 	 0.007242 	 0.252416 	 0.492744
  410 	 0.006953 	 0.269961 	 0.492744
  411 	 0.006705 	 0.262807 	 0.489675
  412 	 0.006715 	 0.237890 	 0.489006
  413 	 0.006900 	 0.221561 	 0.495777
  414 	 0.006686 	 0.237284 	 0.487942
  415 	 0.005283 	 0.252257 	 0.481942
  416 	 0.006935 	 0.245924 	 0.481151
  417 	 0.006843 	 0.251890 	 0.487861
  418 	 0.008986 	 0.248469 	 0.497653
  419 	 0.007082 	 0.266450 	 0.496785
  420 	 0.006935 	 0.252867 	 0.490968
  421 	 0.009442 	 0.252917 	 0.497891
  422 	 0.005101 	 0.251909 	 0.481431
  423 	 0.006835 	 0.256909 	 0.472964
  424 	 0.006693 	 0.243490 	 0.486956
  425 	 0.006696 	 0.238740 	 0.480115
  426 	 0.009465 	 0.249045 	 0.489762
  427 	 0.006939 	 0.234607 	 0.481144
  428 	 0.006360 	 0.229342 	 0.486667
  429 	 0.006943 	 0.235690 	 0.486701
  430 	 0.006936 	 0.252376 	 0.489368
  431 	 0.006890 	 0.243539 	 0.486405
  432 	 0.006863 	 0.240840 	 0.492843
  433 	 0.009588 	 0.239203 	 0.493107
  434 	 0.006704 	 0.243442 	 0.493022
  435 	 0.006834 	 0.233003 	 0.479235
  436 	 0.006868 	 0.231932 	 0.476408
  437 	 0.006165 	 0.242146 	 0.481531
  438 	 0.006344 	 0.243698 	 0.466995
  439 	 0.006816 	 0.236984 	 0.489870
  440 	 0.006850 	 0.238786 	 0.484650
  441 	 0.006948 	 0.258351 	 0.488102
  442 	 0.006950 	 0.258166 	 0.488588
  443 	 0.006870 	 0.248778 	 0.488588
  444 	 0.008765 	 0.228719 	 0.487342
  445 	 0.006885 	 0.233002 	 0.492492
  446 	 0.006971 	 0.241635 	 0.483706
  447 	 0.006915 	 0.234073 	 0.483706
  448 	 0.011541 	 0.255766 	 0.493687
  449 	 0.006952 	 0.268063 	 0.494900
  450 	 0.005118 	 0.278571 	 0.488686
  451 	 0.005014 	 0.264713 	 0.486374
  452 	 0.009482 	 0.265192 	 0.486374
  453 	 0.006528 	 0.265288 	 0.484817
  454 	 0.006717 	 0.258958 	 0.490933
  455 	 0.006383 	 0.261107 	 0.490686
  456 	 0.009422 	 0.261976 	 0.488789
  457 	 0.006779 	 0.247011 	 0.490948
  458 	 0.009582 	 0.262020 	 0.490948
  459 	 0.005453 	 0.251302 	 0.488043
  460 	 0.006879 	 0.252538 	 0.478660
  461 	 0.008698 	 0.253752 	 0.479628
  462 	 0.006687 	 0.247765 	 0.482233
  463 	 0.006673 	 0.234325 	 0.480387
  464 	 0.005170 	 0.245288 	 0.484665
  465 	 0.006905 	 0.243403 	 0.487034
  466 	 0.006178 	 0.248677 	 0.481737
  467 	 0.006946 	 0.259542 	 0.481902
  468 	 0.006739 	 0.263137 	 0.480326
  469 	 0.006260 	 0.261448 	 0.483242
  470 	 0.006820 	 0.263869 	 0.489150
  471 	 0.004647 	 0.265721 	 0.484791
  472 	 0.007779 	 0.289804 	 0.485890
  473 	 0.005485 	 0.266893 	 0.494955
  474 	 0.006093 	 0.280217 	 0.491766
  475 	 0.006870 	 0.264549 	 0.483326
  476 	 0.006754 	 0.257371 	 0.483598
  477 	 0.006459 	 0.271117 	 0.484700
  478 	 0.010093 	 0.276659 	 0.487173
  479 	 0.006931 	 0.257256 	 0.487173
  480 	 0.007131 	 0.261911 	 0.491815
  481 	 0.006106 	 0.257981 	 0.491303
  482 	 0.006172 	 0.256528 	 0.477992
  483 	 0.006896 	 0.262645 	 0.479538
  484 	 0.006971 	 0.249334 	 0.488732
  485 	 0.006080 	 0.245740 	 0.492131
  486 	 0.005481 	 0.246159 	 0.489273
  487 	 0.009375 	 0.245526 	 0.482919
  488 	 0.006518 	 0.241778 	 0.490676
  489 	 0.005751 	 0.267853 	 0.485999
  490 	 0.006932 	 0.248094 	 0.494631
  491 	 0.006750 	 0.250925 	 0.488538
  492 	 0.009902 	 0.256370 	 0.489541
  493 	 0.006902 	 0.277363 	 0.484069
  494 	 0.009326 	 0.259248 	 0.487651
  495 	 0.006836 	 0.269431 	 0.490682
  496 	 0.006747 	 0.268120 	 0.490682
  497 	 0.006930 	 0.255437 	 0.490659
  498 	 0.006982 	 0.233419 	 0.490659
  499 	 0.006810 	 0.236974 	 0.490659
 