   0 	 0.003489 	 0.010735 	 0.056215
    1 	 0.003275 	 0.011918 	 0.051205
    2 	 0.004504 	 0.014167 	 0.053481
    3 	 0.004195 	 0.016419 	 0.053504
    4 	 0.005285 	 0.018352 	 0.073608
    5 	 0.006115 	 0.020942 	 0.061519
    6 	 0.007546 	 0.024402 	 0.104093
    7 	 0.005120 	 0.028594 	 0.107551
    8 	 0.005591 	 0.031664 	 0.104367
    9 	 0.006263 	 0.033655 	 0.104367
   10 	 0.007109 	 0.038497 	 0.118357
   11 	 0.004311 	 0.042429 	 0.127673
   12 	 0.006396 	 0.043012 	 0.105490
   13 	 0.005635 	 0.044337 	 0.105194
   14 	 0.006268 	 0.047552 	 0.109931
   15 	 0.007155 	 0.047736 	 0.107788
   16 	 0.005403 	 0.048917 	 0.106158
   17 	 0.007597 	 0.050980 	 0.154510
   18 	 0.007316 	 0.053246 	 0.137709
   19 	 0.008294 	 0.053354 	 0.144657
   20 	 0.006235 	 0.059474 	 0.143590
   21 	 0.006991 	 0.062882 	 0.145155
   22 	 0.005703 	 0.065827 	 0.141273
   23 	 0.007481 	 0.067950 	 0.143843
   24 	 0.007615 	 0.064696 	 0.170748
   25 	 0.007333 	 0.066927 	 0.159676
   26 	 0.004909 	 0.071201 	 0.162159
   27 	 0.005596 	 0.070868 	 0.189780
   28 	 0.009022 	 0.076844 	 0.183976
   29 	 0.006663 	 0.077402 	 0.190947
   30 	 0.006298 	 0.078505 	 0.192093
   31 	 0.006986 	 0.083406 	 0.192174
   32 	 0.006698 	 0.084908 	 0.190437
   33 	 0.006674 	 0.082296 	 0.192389
   34 	 0.006876 	 0.089185 	 0.195282
   35 	 0.006883 	 0.100128 	 0.205714
   36 	 0.007725 	 0.098839 	 0.227247
   37 	 0.006703 	 0.094385 	 0.227247
   38 	 0.006238 	 0.095876 	 0.237970
   39 	 0.006136 	 0.102050 	 0.252733
   40 	 0.006678 	 0.100346 	 0.293609
   41 	 0.005559 	 0.104189 	 0.344002
   42 	 0.006721 	 0.114457 	 0.344002
   43 	 0.006456 	 0.110553 	 0.335967
   44 	 0.006957 	 0.109488 	 0.327701
   45 	 0.007044 	 0.104899 	 0.309468
   46 	 0.005677 	 0.110140 	 0.306081
   47 	 0.006605 	 0.114690 	 0.303835
   48 	 0.005904 	 0.116705 	 0.340026
   49 	 0.005666 	 0.115498 	 0.335640
   50 	 0.006904 	 0.106530 	 0.335640
   51 	 0.006735 	 0.115306 	 0.329608
   52 	 0.006545 	 0.114594 	 0.360142
   53 	 0.010057 	 0.124211 	 0.361375
   54 	 0.009759 	 0.120137 	 0.360095
   55 	 0.006612 	 0.123519 	 0.370882
   56 	 0.006907 	 0.134206 	 0.338562
   57 	 0.006869 	 0.130059 	 0.377055
   58 	 0.007246 	 0.137878 	 0.348723
   59 	 0.006637 	 0.130200 	 0.382619
   60 	 0.006637 	 0.126516 	 0.383842
   61 	 0.006637 	 0.131760 	 0.359108
   62 	 0.009637 	 0.132828 	 0.348845
   63 	 0.009127 	 0.139198 	 0.395239
   64 	 0.006676 	 0.139148 	 0.387754
   65 	 0.006547 	 0.146910 	 0.392834
   66 	 0.006545 	 0.141199 	 0.388400
   67 	 0.006811 	 0.150334 	 0.392303
   68 	 0.006662 	 0.160032 	 0.375044
   69 	 0.006531 	 0.159039 	 0.370633
   70 	 0.006531 	 0.150110 	 0.372767
   71 	 0.006885 	 0.146403 	 0.387193
   72 	 0.006810 	 0.170185 	 0.399846
   73 	 0.007006 	 0.171777 	 0.390264
   74 	 0.006402 	 0.155411 	 0.376579
   75 	 0.006455 	 0.173169 	 0.390903
   76 	 0.009464 	 0.175694 	 0.390903
   77 	 0.006881 	 0.169570 	 0.398676
   78 	 0.006800 	 0.171493 	 0.414124
   79 	 0.006739 	 0.177251 	 0.393552
   80 	 0.006738 	 0.180171 	 0.415495
   81 	 0.006572 	 0.177640 	 0.428413
   82 	 0.009214 	 0.182801 	 0.425353
   83 	 0.006900 	 0.182944 	 0.425353
   84 	 0.006773 	 0.180879 	 0.420302
   85 	 0.006663 	 0.182269 	 0.411131
   86 	 0.006902 	 0.187030 	 0.411637
   87 	 0.006732 	 0.194808 	 0.406573
   88 	 0.006827 	 0.182914 	 0.409220
   89 	 0.006903 	 0.181566 	 0.416296
   90 	 0.006778 	 0.191623 	 0.400947
   91 	 0.006779 	 0.195084 	 0.414453
   92 	 0.006497 	 0.207788 	 0.413335
   93 	 0.005410 	 0.216961 	 0.420624
   94 	 0.006699 	 0.198816 	 0.413418
   95 	 0.006740 	 0.205927 	 0.416841
   96 	 0.006908 	 0.207385 	 0.416841
   97 	 0.006908 	 0.212042 	 0.427115
   98 	 0.006688 	 0.216634 	 0.425131
   99 	 0.007827 	 0.206279 	 0.430073
  100 	 0.006895 	 0.211274 	 0.427051
  101 	 0.006792 	 0.215816 	 0.411392
  102 	 0.006725 	 0.214081 	 0.424122
  103 	 0.006827 	 0.200753 	 0.423029
  104 	 0.008821 	 0.201641 	 0.420174
  105 	 0.006537 	 0.200096 	 0.427517
  106 	 0.006653 	 0.214501 	 0.409304
  107 	 0.006665 	 0.204270 	 0.418098
  108 	 0.006865 	 0.220610 	 0.413815
  109 	 0.006852 	 0.221235 	 0.421934
  110 	 0.006428 	 0.223333 	 0.415802
  111 	 0.009416 	 0.208190 	 0.410468
  112 	 0.006133 	 0.238464 	 0.412792
  113 	 0.006782 	 0.225652 	 0.415221
  114 	 0.006902 	 0.228692 	 0.415369
  115 	 0.006916 	 0.213145 	 0.424407
  116 	 0.005502 	 0.224677 	 0.420938
  117 	 0.006804 	 0.222120 	 0.427954
  118 	 0.006473 	 0.212153 	 0.428633
  119 	 0.006217 	 0.208873 	 0.428633
  120 	 0.006337 	 0.214420 	 0.418019
  121 	 0.006586 	 0.218291 	 0.439130
  122 	 0.006518 	 0.210339 	 0.431890
  123 	 0.006765 	 0.221489 	 0.431681
  124 	 0.006654 	 0.226744 	 0.433536
  125 	 0.006925 	 0.226101 	 0.426997
  126 	 0.006846 	 0.222201 	 0.464673
  127 	 0.006892 	 0.214285 	 0.450883
  128 	 0.005471 	 0.205091 	 0.466023
  129 	 0.007836 	 0.201072 	 0.427322
  130 	 0.006403 	 0.226364 	 0.427444
  131 	 0.006111 	 0.221513 	 0.424160
  132 	 0.006427 	 0.218113 	 0.435527
  133 	 0.006463 	 0.211077 	 0.426045
  134 	 0.007209 	 0.210230 	 0.438668
  135 	 0.006658 	 0.218042 	 0.438668
  136 	 0.006856 	 0.196067 	 0.429224
  137 	 0.006267 	 0.203949 	 0.428296
  138 	 0.006859 	 0.214303 	 0.430865
  139 	 0.006970 	 0.199933 	 0.432593
  140 	 0.008986 	 0.202276 	 0.431455
  141 	 0.006851 	 0.209067 	 0.431455
  142 	 0.006581 	 0.215651 	 0.431455
  143 	 0.006144 	 0.215145 	 0.431455
  144 	 0.006987 	 0.215530 	 0.435928
  145 	 0.006816 	 0.221512 	 0.426959
  146 	 0.006262 	 0.226469 	 0.430503
  147 	 0.007427 	 0.224683 	 0.430503
  148 	 0.009935 	 0.223581 	 0.443147
  149 	 0.009442 	 0.222095 	 0.440421
  150 	 0.006870 	 0.243451 	 0.442087
  151 	 0.006926 	 0.245037 	 0.437622
  152 	 0.009277 	 0.241561 	 0.438624
  153 	 0.006578 	 0.234276 	 0.438491
  154 	 0.006838 	 0.231262 	 0.443275
  155 	 0.006828 	 0.220819 	 0.443275
  156 	 0.006858 	 0.223876 	 0.444557
  157 	 0.005346 	 0.210352 	 0.434501
  158 	 0.006229 	 0.223070 	 0.445562
  159 	 0.006716 	 0.232792 	 0.445562
  160 	 0.006948 	 0.218804 	 0.445562
  161 	 0.006899 	 0.239749 	 0.448440
  162 	 0.006953 	 0.251638 	 0.446978
  163 	 0.007054 	 0.254898 	 0.450148
  164 	 0.006573 	 0.249280 	 0.443082
  165 	 0.006569 	 0.241655 	 0.449928
  166 	 0.006912 	 0.244612 	 0.449928
  167 	 0.006747 	 0.245981 	 0.449658
  168 	 0.006131 	 0.239331 	 0.444797
  169 	 0.005448 	 0.223866 	 0.446983
  170 	 0.006844 	 0.229572 	 0.443965
  171 	 0.006633 	 0.228236 	 0.433132
  172 	 0.006931 	 0.204729 	 0.433010
  173 	 0.006788 	 0.225634 	 0.441975
  174 	 0.006963 	 0.239257 	 0.443350
  175 	 0.006837 	 0.220803 	 0.442932
  176 	 0.005248 	 0.236988 	 0.442932
  177 	 0.007711 	 0.238489 	 0.446103
  178 	 0.005403 	 0.239361 	 0.438307
  179 	 0.005314 	 0.236638 	 0.443874
  180 	 0.006810 	 0.244745 	 0.441924
  181 	 0.006876 	 0.254467 	 0.445206
  182 	 0.006731 	 0.238221 	 0.434170
  183 	 0.006944 	 0.227291 	 0.429197
  184 	 0.009173 	 0.225995 	 0.442169
  185 	 0.005571 	 0.225553 	 0.443618
  186 	 0.006861 	 0.233371 	 0.444271
  187 	 0.006941 	 0.237004 	 0.444707
  188 	 0.006581 	 0.218529 	 0.445350
  189 	 0.006498 	 0.218680 	 0.445350
  190 	 0.009411 	 0.197636 	 0.430027
  191 	 0.009290 	 0.221868 	 0.438797
  192 	 0.007009 	 0.208264 	 0.439129
  193 	 0.006783 	 0.194777 	 0.439129
  194 	 0.010335 	 0.207120 	 0.444546
  195 	 0.006794 	 0.196100 	 0.449428
  196 	 0.009930 	 0.203406 	 0.448761
  197 	 0.006636 	 0.203909 	 0.438343
  198 	 0.006436 	 0.226504 	 0.438420
  199 	 0.006261 	 0.224157 	 0.438420
  200 	 0.006492 	 0.218002 	 0.450180
  201 	 0.006847 	 0.228717 	 0.450180
  202 	 0.006771 	 0.237138 	 0.452391
  203 	 0.006863 	 0.240893 	 0.445436
  204 	 0.006965 	 0.226733 	 0.463489
  205 	 0.006418 	 0.233404 	 0.463489
  206 	 0.006130 	 0.230040 	 0.457407
  207 	 0.009403 	 0.236769 	 0.457407
  208 	 0.007050 	 0.223801 	 0.424897
  209 	 0.006348 	 0.235109 	 0.445625
  210 	 0.006689 	 0.239845 	 0.447470
  211 	 0.009317 	 0.248177 	 0.446107
  212 	 0.006945 	 0.258059 	 0.446538
  213 	 0.006822 	 0.234208 	 0.434637
  214 	 0.006763 	 0.223045 	 0.442223
  215 	 0.006720 	 0.227816 	 0.441827
  216 	 0.006859 	 0.234339 	 0.435183
  217 	 0.006848 	 0.221847 	 0.433401
  218 	 0.006876 	 0.217225 	 0.432049
  219 	 0.006944 	 0.209745 	 0.432049
  220 	 0.007035 	 0.220038 	 0.437659
  221 	 0.006819 	 0.246873 	 0.436056
  222 	 0.006531 	 0.240062 	 0.434450
  223 	 0.009368 	 0.254129 	 0.443161
  224 	 0.006876 	 0.251081 	 0.449585
  225 	 0.006876 	 0.238465 	 0.447685
  226 	 0.006841 	 0.245445 	 0.445663
  227 	 0.006907 	 0.227372 	 0.445663
  228 	 0.006694 	 0.220225 	 0.436561
  229 	 0.006699 	 0.225600 	 0.440243
  230 	 0.009460 	 0.227240 	 0.442201
  231 	 0.009023 	 0.224511 	 0.452888
  232 	 0.006931 	 0.219680 	 0.452888
  233 	 0.005046 	 0.231513 	 0.440360
  234 	 0.006289 	 0.232138 	 0.446996
  235 	 0.006697 	 0.231819 	 0.452884
  236 	 0.007079 	 0.228581 	 0.450237
  237 	 0.006784 	 0.231893 	 0.450237
  238 	 0.006530 	 0.239644 	 0.450237
  239 	 0.006505 	 0.245031 	 0.449036
  240 	 0.005388 	 0.243443 	 0.449036
  241 	 0.005388 	 0.232339 	 0.447622
  242 	 0.004830 	 0.213999 	 0.440685
  243 	 0.006948 	 0.200373 	 0.446150
  244 	 0.006036 	 0.200374 	 0.446150
  245 	 0.006035 	 0.204425 	 0.446150
  246 	 0.006730 	 0.209939 	 0.449154
  247 	 0.006786 	 0.221682 	 0.449197
  248 	 0.006786 	 0.215587 	 0.449197
  249 	 0.006911 	 0.241759 	 0.449197
  250 	 0.006951 	 0.241414 	 0.448641
  251 	 0.006994 	 0.233421 	 0.448874
  252 	 0.006885 	 0.226337 	 0.447649
  253 	 0.009563 	 0.223917 	 0.447613
  254 	 0.006869 	 0.227372 	 0.448996
  255 	 0.006120 	 0.233145 	 0.450562
  256 	 0.006523 	 0.224441 	 0.448796
  257 	 0.008375 	 0.242301 	 0.445022
  258 	 0.006802 	 0.228976 	 0.447256
  259 	 0.006887 	 0.228169 	 0.449238
  260 	 0.006916 	 0.220071 	 0.449238
  261 	 0.006184 	 0.222751 	 0.443441
  262 	 0.009933 	 0.236694 	 0.443319
  263 	 0.006718 	 0.220625 	 0.441912
  264 	 0.006950 	 0.224857 	 0.446563
  265 	 0.006898 	 0.241728 	 0.446596
  266 	 0.007920 	 0.229489 	 0.443555
  267 	 0.006072 	 0.227037 	 0.446654
  268 	 0.006787 	 0.220988 	 0.443063
  269 	 0.006086 	 0.219227 	 0.443063
  270 	 0.006043 	 0.224262 	 0.436350
  271 	 0.006925 	 0.227753 	 0.441533
  272 	 0.006664 	 0.226111 	 0.445348
  273 	 0.006937 	 0.235782 	 0.442367
  274 	 0.006742 	 0.234425 	 0.442367
  275 	 0.006614 	 0.243864 	 0.440486
  276 	 0.007013 	 0.240302 	 0.440135
  277 	 0.006795 	 0.245041 	 0.449093
  278 	 0.006881 	 0.258582 	 0.438891
  279 	 0.006124 	 0.251475 	 0.447188
  280 	 0.006894 	 0.256242 	 0.438937
  281 	 0.006595 	 0.242322 	 0.433638
  282 	 0.005756 	 0.227970 	 0.433638
  283 	 0.005756 	 0.242832 	 0.440820
  284 	 0.008640 	 0.236803 	 0.442961
  285 	 0.006932 	 0.223405 	 0.436818
  286 	 0.006859 	 0.223368 	 0.436762
  287 	 0.008005 	 0.233248 	 0.440370
  288 	 0.006373 	 0.252860 	 0.438383
  289 	 0.006873 	 0.236946 	 0.445293
  290 	 0.006306 	 0.245786 	 0.445293
  291 	 0.006332 	 0.248578 	 0.443296
  292 	 0.006439 	 0.235211 	 0.446661
  293 	 0.006839 	 0.238724 	 0.446727
  294 	 0.006896 	 0.245520 	 0.441580
  295 	 0.006724 	 0.254524 	 0.444428
  296 	 0.006891 	 0.240413 	 0.446674
  297 	 0.006836 	 0.240434 	 0.443677
  298 	 0.006788 	 0.270010 	 0.444101
  299 	 0.005143 	 0.254780 	 0.444073
  300 	 0.006722 	 0.253444 	 0.445048
  301 	 0.006814 	 0.248508 	 0.446285
  302 	 0.006890 	 0.245198 	 0.443494
  303 	 0.006489 	 0.257674 	 0.445739
  304 	 0.006895 	 0.252055 	 0.452115
  305 	 0.009425 	 0.247819 	 0.447611
  306 	 0.006102 	 0.245633 	 0.447246
  307 	 0.006139 	 0.256357 	 0.449819
  308 	 0.006870 	 0.258842 	 0.449590
  309 	 0.006774 	 0.259259 	 0.447380
  310 	 0.006898 	 0.260675 	 0.447380
  311 	 0.005459 	 0.250055 	 0.446902
  312 	 0.006942 	 0.239092 	 0.436497
  313 	 0.006739 	 0.237091 	 0.438016
  314 	 0.006454 	 0.233298 	 0.443271
  315 	 0.006408 	 0.224587 	 0.442932
  316 	 0.006168 	 0.229893 	 0.445246
  317 	 0.006168 	 0.229714 	 0.446934
  318 	 0.009341 	 0.246313 	 0.445360
  319 	 0.009221 	 0.233611 	 0.445360
  320 	 0.006544 	 0.219460 	 0.445360
  321 	 0.006534 	 0.228741 	 0.442888
  322 	 0.005403 	 0.239285 	 0.445335
  323 	 0.005406 	 0.241843 	 0.447046
  324 	 0.006833 	 0.245383 	 0.447046
  325 	 0.006972 	 0.256323 	 0.448683
  326 	 0.006933 	 0.260394 	 0.448683
  327 	 0.006933 	 0.247346 	 0.455944
  328 	 0.006539 	 0.247353 	 0.457322
  329 	 0.006170 	 0.263047 	 0.457719
  330 	 0.006642 	 0.245280 	 0.464192
  331 	 0.006987 	 0.244830 	 0.465653
  332 	 0.006889 	 0.249557 	 0.468117
  333 	 0.009993 	 0.250489 	 0.455220
  334 	 0.005416 	 0.254960 	 0.448379
  335 	 0.006668 	 0.249813 	 0.448379
  336 	 0.006137 	 0.249616 	 0.448379
  337 	 0.006789 	 0.252944 	 0.444752
  338 	 0.006332 	 0.240824 	 0.444713
  339 	 0.006975 	 0.249929 	 0.443913
  340 	 0.006576 	 0.241095 	 0.443851
  341 	 0.006751 	 0.224098 	 0.443056
  342 	 0.006259 	 0.233023 	 0.456356
  343 	 0.006536 	 0.234407 	 0.440296
  344 	 0.005846 	 0.236337 	 0.436951
  345 	 0.006478 	 0.230335 	 0.429764
  346 	 0.006190 	 0.234987 	 0.440228
  347 	 0.006920 	 0.230810 	 0.440228
  348 	 0.006684 	 0.217608 	 0.439724
  349 	 0.006754 	 0.204978 	 0.426542
  350 	 0.006328 	 0.196940 	 0.438701
  351 	 0.006111 	 0.211276 	 0.450050
  352 	 0.009501 	 0.205555 	 0.451226
  353 	 0.006929 	 0.221819 	 0.459246
  354 	 0.006835 	 0.213195 	 0.439030
  355 	 0.006522 	 0.220585 	 0.443691
  356 	 0.008058 	 0.232021 	 0.438628
  357 	 0.006652 	 0.229666 	 0.438701
  358 	 0.009298 	 0.240974 	 0.438154
  359 	 0.006436 	 0.254283 	 0.429509
  360 	 0.006908 	 0.217816 	 0.430867
  361 	 0.006649 	 0.222052 	 0.434747
  362 	 0.006873 	 0.205896 	 0.434761
  363 	 0.006864 	 0.208734 	 0.434761
  364 	 0.006863 	 0.215203 	 0.443972
  365 	 0.006911 	 0.221956 	 0.432653
  366 	 0.006826 	 0.228358 	 0.439345
  367 	 0.006738 	 0.224512 	 0.435949
  368 	 0.005977 	 0.223014 	 0.435949
  369 	 0.006922 	 0.226695 	 0.430101
  370 	 0.006905 	 0.223751 	 0.435732
  371 	 0.006864 	 0.220257 	 0.433198
  372 	 0.006194 	 0.219704 	 0.437107
  373 	 0.006534 	 0.218984 	 0.430998
  374 	 0.005623 	 0.229853 	 0.434172
  375 	 0.007004 	 0.249352 	 0.438202
  376 	 0.005963 	 0.246443 	 0.438698
  377 	 0.006909 	 0.242330 	 0.440282
  378 	 0.006153 	 0.254675 	 0.443646
  379 	 0.009233 	 0.258380 	 0.445730
  380 	 0.009358 	 0.266456 	 0.442808
  381 	 0.006471 	 0.247702 	 0.436187
  382 	 0.006442 	 0.253988 	 0.440868
  383 	 0.006886 	 0.270133 	 0.435990
  384 	 0.005184 	 0.278803 	 0.439857
  385 	 0.006429 	 0.266474 	 0.439353
  386 	 0.006928 	 0.254023 	 0.439363
  387 	 0.006899 	 0.248287 	 0.442798
  388 	 0.006611 	 0.248413 	 0.439514
  389 	 0.006919 	 0.242521 	 0.440083
  390 	 0.006123 	 0.246255 	 0.439925
  391 	 0.006771 	 0.222119 	 0.439989
  392 	 0.006926 	 0.221466 	 0.439989
  393 	 0.006994 	 0.220973 	 0.439989
  394 	 0.006808 	 0.224820 	 0.442130
  395 	 0.006059 	 0.231185 	 0.442230
  396 	 0.005456 	 0.226734 	 0.444947
  397 	 0.006961 	 0.230165 	 0.444966
  398 	 0.006965 	 0.240534 	 0.441366
  399 	 0.006971 	 0.245591 	 0.441059
  400 	 0.006944 	 0.254449 	 0.441003
  401 	 0.006854 	 0.225381 	 0.441252
  402 	 0.006001 	 0.248120 	 0.441677
  403 	 0.006871 	 0.242310 	 0.442322
  404 	 0.006872 	 0.255751 	 0.443137
  405 	 0.006483 	 0.260769 	 0.441371
  406 	 0.006752 	 0.261974 	 0.444144
  407 	 0.006702 	 0.245589 	 0.444144
  408 	 0.006709 	 0.246075 	 0.447297
  409 	 0.006920 	 0.249231 	 0.449085
  410 	 0.006450 	 0.243022 	 0.447033
  411 	 0.006447 	 0.250014 	 0.447191
  412 	 0.006871 	 0.276663 	 0.444910
  413 	 0.006467 	 0.244557 	 0.444910
  414 	 0.006920 	 0.235912 	 0.444910
  415 	 0.006957 	 0.255919 	 0.444851
  416 	 0.005935 	 0.239986 	 0.444851
  417 	 0.006981 	 0.235676 	 0.441373
  418 	 0.006895 	 0.232515 	 0.439544
  419 	 0.006812 	 0.238024 	 0.446441
  420 	 0.009468 	 0.235694 	 0.440691
  421 	 0.005372 	 0.239771 	 0.440801
  422 	 0.005366 	 0.247113 	 0.439111
  423 	 0.005382 	 0.233521 	 0.441067
  424 	 0.006512 	 0.206747 	 0.441067
  425 	 0.006320 	 0.230474 	 0.441684
  426 	 0.006955 	 0.240038 	 0.439566
  427 	 0.006808 	 0.231514 	 0.437855
  428 	 0.006842 	 0.247706 	 0.437817
  429 	 0.006940 	 0.245287 	 0.437817
  430 	 0.006190 	 0.240326 	 0.437471
  431 	 0.006518 	 0.237182 	 0.443031
  432 	 0.006906 	 0.231281 	 0.441061
  433 	 0.006948 	 0.235240 	 0.440825
  434 	 0.006497 	 0.229877 	 0.441020
  435 	 0.006942 	 0.222798 	 0.431001
  436 	 0.006094 	 0.234193 	 0.435829
  437 	 0.005986 	 0.232552 	 0.442278
  438 	 0.006048 	 0.220410 	 0.444965
  439 	 0.006934 	 0.218053 	 0.444965
  440 	 0.006001 	 0.220951 	 0.434711
  441 	 0.009517 	 0.226625 	 0.444965
  442 	 0.009443 	 0.226119 	 0.434374
  443 	 0.006899 	 0.233891 	 0.434686
  444 	 0.006909 	 0.242300 	 0.434686
  445 	 0.006898 	 0.236142 	 0.433688
  446 	 0.009293 	 0.233801 	 0.433688
  447 	 0.006208 	 0.241416 	 0.433859
  448 	 0.006894 	 0.234690 	 0.442384
  449 	 0.006910 	 0.233665 	 0.431096
  450 	 0.006131 	 0.209775 	 0.435970
  451 	 0.006520 	 0.221757 	 0.443983
  452 	 0.006464 	 0.225306 	 0.424906
  453 	 0.006697 	 0.229044 	 0.432680
  454 	 0.006231 	 0.221350 	 0.434639
  455 	 0.005368 	 0.226348 	 0.441772
  456 	 0.006744 	 0.239584 	 0.439684
  457 	 0.009095 	 0.240981 	 0.433970
  458 	 0.006834 	 0.219675 	 0.430125
  459 	 0.006410 	 0.234008 	 0.433298
  460 	 0.006904 	 0.221378 	 0.433695
  461 	 0.009148 	 0.214670 	 0.437905
  462 	 0.006668 	 0.232188 	 0.438017
  463 	 0.007494 	 0.233309 	 0.440880
  464 	 0.007359 	 0.237289 	 0.440880
  465 	 0.006757 	 0.245296 	 0.439907
  466 	 0.006882 	 0.220634 	 0.437235
  467 	 0.006504 	 0.221867 	 0.428095
  468 	 0.007196 	 0.209702 	 0.425445
  469 	 0.007984 	 0.212305 	 0.422834
  470 	 0.009378 	 0.230169 	 0.424296
  471 	 0.006818 	 0.229826 	 0.421269
  472 	 0.005900 	 0.226714 	 0.435438
  473 	 0.010082 	 0.241958 	 0.437519
  474 	 0.006918 	 0.248872 	 0.437899
  475 	 0.006881 	 0.220256 	 0.437899
  476 	 0.006942 	 0.215914 	 0.439061
  477 	 0.006373 	 0.233661 	 0.440441
  478 	 0.006373 	 0.226368 	 0.446527
  479 	 0.006882 	 0.222367 	 0.425463
  480 	 0.006822 	 0.219248 	 0.433405
  481 	 0.008611 	 0.233462 	 0.430205
  482 	 0.006829 	 0.231986 	 0.420779
  483 	 0.006697 	 0.235879 	 0.432459
  484 	 0.006858 	 0.227030 	 0.428580
  485 	 0.006968 	 0.229699 	 0.426281
  486 	 0.006503 	 0.229174 	 0.443256
  487 	 0.006930 	 0.221277 	 0.443249
  488 	 0.006485 	 0.222839 	 0.442514
  489 	 0.006592 	 0.220390 	 0.443677
  490 	 0.006596 	 0.199492 	 0.431902
  491 	 0.006884 	 0.214415 	 0.444829
  492 	 0.006649 	 0.219765 	 0.450421
  493 	 0.009343 	 0.219844 	 0.446633
  494 	 0.006669 	 0.230432 	 0.419039
  495 	 0.006856 	 0.226854 	 0.425998
  496 	 0.009361 	 0.219040 	 0.422352
  497 	 0.006756 	 0.227656 	 0.438609
  498 	 0.006401 	 0.205186 	 0.441433
  499 	 0.006461 	 0.199567 	 0.437496
 