   0 	 0.003016 	 0.011036 	 0.049262
    1 	 0.004121 	 0.012887 	 0.044447
    2 	 0.003895 	 0.014418 	 0.047669
    3 	 0.003678 	 0.016597 	 0.047201
    4 	 0.006775 	 0.018489 	 0.053502
    5 	 0.004848 	 0.020332 	 0.063452
    6 	 0.006013 	 0.022980 	 0.067670
    7 	 0.004328 	 0.021410 	 0.076606
    8 	 0.004802 	 0.022049 	 0.091973
    9 	 0.005012 	 0.025645 	 0.128887
   10 	 0.005348 	 0.027932 	 0.128845
   11 	 0.007254 	 0.029823 	 0.136669
   12 	 0.006795 	 0.029885 	 0.136987
   13 	 0.006373 	 0.032631 	 0.104366
   14 	 0.006357 	 0.033599 	 0.106284
   15 	 0.005096 	 0.036885 	 0.106296
   16 	 0.006284 	 0.039052 	 0.131754
   17 	 0.006220 	 0.037510 	 0.159994
   18 	 0.006296 	 0.039832 	 0.164795
   19 	 0.006762 	 0.040602 	 0.117605
   20 	 0.007524 	 0.045413 	 0.148297
   21 	 0.005553 	 0.046961 	 0.124191
   22 	 0.006464 	 0.047805 	 0.145536
   23 	 0.007475 	 0.051981 	 0.150969
   24 	 0.005491 	 0.056145 	 0.150969
   25 	 0.004832 	 0.057752 	 0.150845
   26 	 0.006061 	 0.057796 	 0.151030
   27 	 0.004515 	 0.065037 	 0.151822
   28 	 0.004007 	 0.066031 	 0.151897
   29 	 0.006933 	 0.070850 	 0.180606
   30 	 0.009891 	 0.074405 	 0.186127
   31 	 0.006637 	 0.072661 	 0.186127
   32 	 0.006184 	 0.077176 	 0.186127
   33 	 0.006217 	 0.079894 	 0.186305
   34 	 0.008901 	 0.081607 	 0.233997
   35 	 0.006916 	 0.083824 	 0.198627
   36 	 0.007604 	 0.081954 	 0.276437
   37 	 0.007142 	 0.083431 	 0.218744
   38 	 0.006942 	 0.092095 	 0.251515
   39 	 0.009041 	 0.094776 	 0.251515
   40 	 0.007933 	 0.103682 	 0.258594
   41 	 0.006772 	 0.103594 	 0.258928
   42 	 0.006337 	 0.108947 	 0.257476
   43 	 0.007495 	 0.103933 	 0.272698
   44 	 0.007194 	 0.108206 	 0.275220
   45 	 0.007026 	 0.116564 	 0.369416
   46 	 0.005029 	 0.118182 	 0.373312
   47 	 0.006796 	 0.126722 	 0.258091
   48 	 0.007108 	 0.121605 	 0.274267
   49 	 0.005175 	 0.126191 	 0.248440
   50 	 0.008922 	 0.132803 	 0.276209
   51 	 0.006436 	 0.136004 	 0.285682
   52 	 0.006994 	 0.141734 	 0.296092
   53 	 0.006524 	 0.141579 	 0.298548
   54 	 0.009456 	 0.154093 	 0.327455
   55 	 0.007224 	 0.161264 	 0.327455
   56 	 0.006188 	 0.147759 	 0.310345
   57 	 0.006775 	 0.144819 	 0.335369
   58 	 0.006935 	 0.156893 	 0.339861
   59 	 0.006800 	 0.158616 	 0.345399
   60 	 0.005994 	 0.157152 	 0.330730
   61 	 0.007329 	 0.162508 	 0.332998
   62 	 0.006426 	 0.152086 	 0.337397
   63 	 0.006445 	 0.164206 	 0.343164
   64 	 0.007860 	 0.148398 	 0.372231
   65 	 0.006860 	 0.158596 	 0.366206
   66 	 0.005920 	 0.157055 	 0.399539
   67 	 0.007069 	 0.164510 	 0.392268
   68 	 0.006768 	 0.164066 	 0.392268
   69 	 0.006889 	 0.167887 	 0.383308
   70 	 0.004335 	 0.164385 	 0.355807
   71 	 0.006752 	 0.164072 	 0.360711
   72 	 0.006915 	 0.163740 	 0.362138
   73 	 0.006693 	 0.158939 	 0.364970
   74 	 0.007007 	 0.153227 	 0.355531
   75 	 0.006294 	 0.152805 	 0.375835
   76 	 0.006293 	 0.163990 	 0.384389
   77 	 0.008641 	 0.161865 	 0.388100
   78 	 0.006819 	 0.168586 	 0.361114
   79 	 0.009407 	 0.168105 	 0.386549
   80 	 0.004469 	 0.182131 	 0.394962
   81 	 0.006828 	 0.186078 	 0.426888
   82 	 0.006430 	 0.173306 	 0.426854
   83 	 0.006924 	 0.170401 	 0.432364
   84 	 0.004446 	 0.160586 	 0.432364
   85 	 0.006317 	 0.155190 	 0.432364
   86 	 0.006639 	 0.170473 	 0.434139
   87 	 0.006740 	 0.172842 	 0.423966
   88 	 0.006765 	 0.167075 	 0.423181
   89 	 0.009703 	 0.157916 	 0.423181
   90 	 0.006639 	 0.151583 	 0.423303
   91 	 0.006353 	 0.158739 	 0.411492
   92 	 0.007032 	 0.155668 	 0.408818
   93 	 0.006529 	 0.162717 	 0.389771
   94 	 0.008720 	 0.174217 	 0.425901
   95 	 0.006843 	 0.178208 	 0.389771
   96 	 0.006866 	 0.167840 	 0.389771
   97 	 0.008500 	 0.179405 	 0.392618
   98 	 0.006834 	 0.187881 	 0.404670
   99 	 0.006842 	 0.178699 	 0.372049
  100 	 0.009604 	 0.176831 	 0.388001
  101 	 0.006310 	 0.176466 	 0.391584
  102 	 0.006812 	 0.173056 	 0.387223
  103 	 0.006936 	 0.175816 	 0.387223
  104 	 0.006726 	 0.172994 	 0.369587
  105 	 0.007000 	 0.180136 	 0.397162
  106 	 0.006868 	 0.170217 	 0.401835
  107 	 0.006990 	 0.184985 	 0.403598
  108 	 0.008815 	 0.177588 	 0.409764
  109 	 0.006855 	 0.180191 	 0.413172
  110 	 0.006920 	 0.174167 	 0.400720
  111 	 0.006834 	 0.166735 	 0.400720
  112 	 0.006893 	 0.170251 	 0.412426
  113 	 0.005453 	 0.166819 	 0.417266
  114 	 0.006799 	 0.175741 	 0.417685
  115 	 0.006661 	 0.179496 	 0.414203
  116 	 0.006713 	 0.180703 	 0.438220
  117 	 0.006997 	 0.177425 	 0.428529
  118 	 0.006948 	 0.187779 	 0.441945
  119 	 0.007004 	 0.184920 	 0.445954
  120 	 0.006861 	 0.189105 	 0.457362
  121 	 0.006891 	 0.181747 	 0.455459
  122 	 0.006427 	 0.171913 	 0.471575
  123 	 0.006846 	 0.167179 	 0.471552
  124 	 0.006832 	 0.167269 	 0.440058
  125 	 0.006351 	 0.189147 	 0.440884
  126 	 0.006951 	 0.190050 	 0.440884
  127 	 0.004497 	 0.165212 	 0.440884
  128 	 0.006884 	 0.166759 	 0.447397
  129 	 0.006811 	 0.152870 	 0.436495
  130 	 0.009678 	 0.175944 	 0.438584
  131 	 0.005907 	 0.182780 	 0.470536
  132 	 0.005907 	 0.168313 	 0.463186
  133 	 0.006539 	 0.179183 	 0.463186
  134 	 0.006642 	 0.181463 	 0.467812
  135 	 0.008653 	 0.170250 	 0.456338
  136 	 0.006647 	 0.152531 	 0.443120
  137 	 0.006662 	 0.156601 	 0.454218
  138 	 0.006664 	 0.168567 	 0.447610
  139 	 0.006745 	 0.160864 	 0.462598
  140 	 0.006249 	 0.171135 	 0.480990
  141 	 0.007023 	 0.179436 	 0.454268
  142 	 0.006470 	 0.169487 	 0.454268
  143 	 0.006713 	 0.182349 	 0.468600
  144 	 0.005850 	 0.181028 	 0.471929
  145 	 0.006852 	 0.185650 	 0.457693
  146 	 0.005238 	 0.175828 	 0.456842
  147 	 0.009098 	 0.192104 	 0.491911
  148 	 0.006057 	 0.190601 	 0.488868
  149 	 0.006710 	 0.190486 	 0.490784
  150 	 0.006848 	 0.182455 	 0.454291
  151 	 0.006232 	 0.177828 	 0.451980
  152 	 0.006824 	 0.191313 	 0.470176
  153 	 0.009752 	 0.204028 	 0.471386
  154 	 0.006965 	 0.197894 	 0.464893
  155 	 0.006562 	 0.205957 	 0.464893
  156 	 0.006988 	 0.199089 	 0.458343
  157 	 0.006978 	 0.196607 	 0.447251
  158 	 0.007841 	 0.201946 	 0.454634
  159 	 0.009328 	 0.208604 	 0.454336
  160 	 0.006933 	 0.198470 	 0.444677
  161 	 0.006607 	 0.192870 	 0.439387
  162 	 0.006607 	 0.196218 	 0.450189
  163 	 0.006982 	 0.192791 	 0.454851
  164 	 0.006925 	 0.194266 	 0.445168
  165 	 0.006972 	 0.194931 	 0.467516
  166 	 0.006102 	 0.186742 	 0.445168
  167 	 0.006113 	 0.197141 	 0.452956
  168 	 0.006184 	 0.188960 	 0.451050
  169 	 0.009274 	 0.200950 	 0.464659
  170 	 0.006869 	 0.193375 	 0.464489
  171 	 0.006940 	 0.179660 	 0.464489
  172 	 0.007014 	 0.189677 	 0.461880
  173 	 0.007011 	 0.197821 	 0.459699
  174 	 0.006912 	 0.184748 	 0.464367
  175 	 0.006753 	 0.190970 	 0.465408
  176 	 0.006738 	 0.204184 	 0.471870
  177 	 0.006900 	 0.198810 	 0.476212
  178 	 0.006892 	 0.206060 	 0.471154
  179 	 0.006705 	 0.213988 	 0.483708
  180 	 0.006712 	 0.197567 	 0.476078
  181 	 0.006707 	 0.216507 	 0.468739
  182 	 0.006496 	 0.221491 	 0.486663
  183 	 0.007069 	 0.203480 	 0.486663
  184 	 0.006875 	 0.202934 	 0.486663
  185 	 0.006413 	 0.208211 	 0.479493
  186 	 0.009428 	 0.214008 	 0.502584
  187 	 0.006890 	 0.214727 	 0.502584
  188 	 0.006874 	 0.219424 	 0.484065
  189 	 0.007006 	 0.230298 	 0.474329
  190 	 0.006834 	 0.232481 	 0.486290
  191 	 0.006914 	 0.232124 	 0.490870
  192 	 0.006900 	 0.225188 	 0.496330
  193 	 0.006559 	 0.210525 	 0.496523
  194 	 0.006154 	 0.209963 	 0.496523
  195 	 0.006165 	 0.193178 	 0.496523
  196 	 0.007031 	 0.193478 	 0.493181
  197 	 0.007002 	 0.182675 	 0.489198
  198 	 0.006903 	 0.205154 	 0.488088
  199 	 0.006651 	 0.199338 	 0.488088
  200 	 0.006900 	 0.208216 	 0.495515
  201 	 0.006772 	 0.204594 	 0.498980
  202 	 0.006933 	 0.191833 	 0.492561
  203 	 0.007115 	 0.213243 	 0.483225
  204 	 0.007139 	 0.206897 	 0.503148
  205 	 0.007106 	 0.219763 	 0.504820
  206 	 0.007948 	 0.233627 	 0.504829
  207 	 0.006181 	 0.219428 	 0.504545
  208 	 0.009309 	 0.232170 	 0.504730
  209 	 0.008852 	 0.227222 	 0.501470
  210 	 0.006709 	 0.218851 	 0.504603
  211 	 0.006949 	 0.229290 	 0.504603
  212 	 0.009647 	 0.224929 	 0.498910
  213 	 0.006119 	 0.219848 	 0.504380
  214 	 0.007063 	 0.211705 	 0.505140
  215 	 0.006984 	 0.199068 	 0.501748
  216 	 0.006620 	 0.191270 	 0.501748
  217 	 0.006867 	 0.200796 	 0.500841
  218 	 0.006551 	 0.221221 	 0.500841
  219 	 0.007046 	 0.217890 	 0.500841
  220 	 0.009731 	 0.225710 	 0.502965
  221 	 0.004627 	 0.214167 	 0.502594
  222 	 0.006930 	 0.211692 	 0.502594
  223 	 0.008124 	 0.219502 	 0.501070
  224 	 0.006278 	 0.234040 	 0.498136
  225 	 0.006059 	 0.247905 	 0.505967
  226 	 0.006624 	 0.239772 	 0.514754
  227 	 0.006938 	 0.252642 	 0.512776
  228 	 0.007025 	 0.272011 	 0.512776
  229 	 0.006937 	 0.279459 	 0.501475
  230 	 0.006755 	 0.257797 	 0.505100
  231 	 0.007062 	 0.242252 	 0.510368
  232 	 0.006842 	 0.239316 	 0.516260
  233 	 0.006556 	 0.267903 	 0.516260
  234 	 0.006922 	 0.265573 	 0.505391
  235 	 0.006859 	 0.252462 	 0.505853
  236 	 0.007528 	 0.233449 	 0.508957
  237 	 0.006851 	 0.225349 	 0.511401
  238 	 0.006924 	 0.248041 	 0.511401
  239 	 0.006118 	 0.246984 	 0.507605
  240 	 0.007037 	 0.251588 	 0.512304
  241 	 0.006979 	 0.255432 	 0.512453
  242 	 0.009374 	 0.247459 	 0.493932
  243 	 0.009438 	 0.253606 	 0.511399
  244 	 0.007019 	 0.248821 	 0.514138
  245 	 0.006216 	 0.249086 	 0.504304
  246 	 0.006540 	 0.239792 	 0.511819
  247 	 0.006847 	 0.238472 	 0.516969
  248 	 0.006886 	 0.253574 	 0.516969
  249 	 0.006870 	 0.251114 	 0.508302
  250 	 0.006901 	 0.276165 	 0.510482
  251 	 0.006713 	 0.294848 	 0.512912
  252 	 0.006720 	 0.280123 	 0.511110
  253 	 0.006899 	 0.270832 	 0.511314
  254 	 0.006501 	 0.258289 	 0.511287
  255 	 0.006886 	 0.255574 	 0.511287
  256 	 0.004946 	 0.226540 	 0.509942
  257 	 0.006928 	 0.238453 	 0.514864
  258 	 0.006757 	 0.241001 	 0.511124
  259 	 0.007004 	 0.244319 	 0.510754
  260 	 0.006586 	 0.249521 	 0.510754
  261 	 0.006123 	 0.245297 	 0.512378
  262 	 0.009212 	 0.262543 	 0.516697
  263 	 0.010075 	 0.269664 	 0.520166
  264 	 0.006919 	 0.265505 	 0.520166
  265 	 0.006075 	 0.270728 	 0.517491
  266 	 0.006901 	 0.278391 	 0.513720
  267 	 0.006850 	 0.282566 	 0.514315
  268 	 0.007854 	 0.256330 	 0.507862
  269 	 0.006917 	 0.258332 	 0.512961
  270 	 0.006902 	 0.253059 	 0.519358
  271 	 0.006848 	 0.279982 	 0.519358
  272 	 0.006697 	 0.269416 	 0.504456
  273 	 0.006982 	 0.260774 	 0.499598
  274 	 0.006609 	 0.247319 	 0.507020
  275 	 0.006950 	 0.257887 	 0.516545
  276 	 0.008802 	 0.254168 	 0.511398
  277 	 0.006890 	 0.241962 	 0.512370
  278 	 0.006923 	 0.259241 	 0.512370
  279 	 0.006139 	 0.264137 	 0.506455
  280 	 0.004441 	 0.256844 	 0.509187
  281 	 0.006542 	 0.268996 	 0.510057
  282 	 0.007894 	 0.261218 	 0.509001
  283 	 0.007456 	 0.256368 	 0.509221
  284 	 0.007160 	 0.252754 	 0.497298
  285 	 0.006986 	 0.255737 	 0.504147
  286 	 0.006973 	 0.251394 	 0.499414
  287 	 0.006891 	 0.249243 	 0.506417
  288 	 0.006883 	 0.250529 	 0.512741
  289 	 0.006552 	 0.275994 	 0.510775
  290 	 0.006918 	 0.266132 	 0.510933
  291 	 0.006905 	 0.251201 	 0.509349
  292 	 0.006273 	 0.240571 	 0.497105
  293 	 0.006111 	 0.245272 	 0.514741
  294 	 0.006744 	 0.252410 	 0.503825
  295 	 0.006907 	 0.267785 	 0.510396
  296 	 0.006224 	 0.258397 	 0.517708
  297 	 0.006936 	 0.243638 	 0.516298
  298 	 0.007141 	 0.262040 	 0.517101
  299 	 0.006948 	 0.257407 	 0.524376
  300 	 0.006875 	 0.254097 	 0.524376
  301 	 0.006906 	 0.250052 	 0.524376
  302 	 0.006879 	 0.246523 	 0.524775
  303 	 0.009923 	 0.247377 	 0.524775
  304 	 0.006443 	 0.250314 	 0.512411
  305 	 0.006968 	 0.256210 	 0.511890
  306 	 0.006848 	 0.227318 	 0.511890
  307 	 0.006848 	 0.220885 	 0.516668
  308 	 0.006789 	 0.243032 	 0.520749
  309 	 0.006953 	 0.240955 	 0.509011
  310 	 0.006811 	 0.260502 	 0.512694
  311 	 0.006742 	 0.252687 	 0.512694
  312 	 0.006928 	 0.240237 	 0.512694
  313 	 0.006979 	 0.232605 	 0.508097
  314 	 0.006969 	 0.216399 	 0.487826
  315 	 0.009181 	 0.238092 	 0.502289
  316 	 0.006844 	 0.272914 	 0.492692
  317 	 0.006982 	 0.254302 	 0.504278
  318 	 0.006868 	 0.231768 	 0.512585
  319 	 0.005938 	 0.243846 	 0.514116
  320 	 0.006990 	 0.243711 	 0.497182
  321 	 0.006863 	 0.231135 	 0.497159
  322 	 0.006915 	 0.243918 	 0.496161
  323 	 0.006817 	 0.248191 	 0.502930
  324 	 0.006873 	 0.242022 	 0.506356
  325 	 0.006838 	 0.249851 	 0.513780
  326 	 0.005253 	 0.236564 	 0.513780
  327 	 0.007015 	 0.220443 	 0.504021
  328 	 0.006808 	 0.240688 	 0.510289
  329 	 0.006975 	 0.240684 	 0.513474
  330 	 0.006938 	 0.229990 	 0.503932
  331 	 0.006230 	 0.219134 	 0.510420
  332 	 0.006909 	 0.214117 	 0.491332
  333 	 0.006905 	 0.220848 	 0.494036
  334 	 0.006878 	 0.228837 	 0.507103
  335 	 0.008825 	 0.231982 	 0.501436
  336 	 0.008854 	 0.227744 	 0.506175
  337 	 0.005359 	 0.228190 	 0.516582
  338 	 0.007025 	 0.237357 	 0.510590
  339 	 0.007048 	 0.231541 	 0.507789
  340 	 0.005464 	 0.219899 	 0.507789
  341 	 0.005314 	 0.216036 	 0.507277
  342 	 0.005314 	 0.236788 	 0.489112
  343 	 0.008919 	 0.239773 	 0.490003
  344 	 0.006162 	 0.245242 	 0.496416
  345 	 0.006945 	 0.250163 	 0.492155
  346 	 0.006963 	 0.253386 	 0.501328
  347 	 0.007024 	 0.246098 	 0.501328
  348 	 0.006882 	 0.247094 	 0.507277
  349 	 0.006855 	 0.241422 	 0.500260
  350 	 0.006845 	 0.244601 	 0.498769
  351 	 0.006966 	 0.239193 	 0.498769
  352 	 0.006870 	 0.238157 	 0.505213
  353 	 0.006957 	 0.250540 	 0.507275
  354 	 0.006876 	 0.243313 	 0.508950
  355 	 0.006820 	 0.218858 	 0.478169
  356 	 0.006549 	 0.222433 	 0.510373
  357 	 0.006699 	 0.243789 	 0.510373
  358 	 0.009080 	 0.254033 	 0.508320
  359 	 0.006864 	 0.241577 	 0.493396
  360 	 0.006873 	 0.240359 	 0.499841
  361 	 0.006900 	 0.230603 	 0.497798
  362 	 0.006247 	 0.262292 	 0.503334
  363 	 0.006946 	 0.261700 	 0.503597
  364 	 0.007605 	 0.272012 	 0.519679
  365 	 0.007548 	 0.263144 	 0.515390
  366 	 0.007000 	 0.264504 	 0.517270
  367 	 0.005411 	 0.258633 	 0.506680
  368 	 0.009495 	 0.248342 	 0.515645
  369 	 0.009042 	 0.231905 	 0.507199
  370 	 0.006925 	 0.220313 	 0.510991
  371 	 0.009129 	 0.212787 	 0.492813
  372 	 0.006223 	 0.209601 	 0.517069
  373 	 0.006937 	 0.229488 	 0.509209
  374 	 0.009407 	 0.231383 	 0.511701
  375 	 0.007013 	 0.258083 	 0.510231
  376 	 0.007036 	 0.243555 	 0.513302
  377 	 0.006582 	 0.252132 	 0.514360
  378 	 0.006818 	 0.257676 	 0.514243
  379 	 0.006918 	 0.256501 	 0.514541
  380 	 0.007063 	 0.241516 	 0.514989
  381 	 0.006751 	 0.232829 	 0.499103
  382 	 0.009881 	 0.231608 	 0.481315
  383 	 0.006491 	 0.234466 	 0.505334
  384 	 0.006979 	 0.228471 	 0.506013
  385 	 0.006808 	 0.239029 	 0.517058
  386 	 0.006834 	 0.234595 	 0.505241
  387 	 0.006866 	 0.235648 	 0.507806
  388 	 0.007159 	 0.246114 	 0.501395
  389 	 0.008247 	 0.248012 	 0.501799
  390 	 0.007331 	 0.238347 	 0.499122
  391 	 0.006450 	 0.248323 	 0.501893
  392 	 0.009005 	 0.266024 	 0.500361
  393 	 0.006780 	 0.256652 	 0.501672
  394 	 0.006827 	 0.244384 	 0.501862
  395 	 0.006855 	 0.266508 	 0.497305
  396 	 0.006893 	 0.261178 	 0.498954
  397 	 0.006815 	 0.257774 	 0.522456
  398 	 0.004449 	 0.237966 	 0.505363
  399 	 0.009100 	 0.245129 	 0.502725
  400 	 0.005932 	 0.249193 	 0.494167
  401 	 0.006833 	 0.254846 	 0.489194
  402 	 0.006913 	 0.252034 	 0.507315
  403 	 0.006839 	 0.244458 	 0.494135
  404 	 0.006911 	 0.267496 	 0.497955
  405 	 0.006874 	 0.293721 	 0.501485
  406 	 0.006853 	 0.273265 	 0.506384
  407 	 0.006065 	 0.267205 	 0.495870
  408 	 0.006556 	 0.266737 	 0.510000
  409 	 0.006688 	 0.268272 	 0.513939
  410 	 0.008816 	 0.284046 	 0.501361
  411 	 0.006903 	 0.264697 	 0.508801
  412 	 0.006944 	 0.258607 	 0.508060
  413 	 0.009461 	 0.255508 	 0.507796
  414 	 0.006846 	 0.270546 	 0.510764
  415 	 0.006943 	 0.261144 	 0.518153
  416 	 0.006969 	 0.255218 	 0.513341
  417 	 0.006871 	 0.260408 	 0.506775
  418 	 0.009325 	 0.244864 	 0.506775
  419 	 0.006903 	 0.263877 	 0.505006
  420 	 0.006924 	 0.253113 	 0.506290
  421 	 0.006963 	 0.235772 	 0.511075
  422 	 0.006641 	 0.226112 	 0.513625
  423 	 0.007125 	 0.244406 	 0.502522
  424 	 0.006107 	 0.236125 	 0.526276
  425 	 0.006945 	 0.237543 	 0.523309
  426 	 0.006591 	 0.226245 	 0.501722
  427 	 0.006929 	 0.226331 	 0.504392
  428 	 0.006903 	 0.255812 	 0.508377
  429 	 0.006207 	 0.248653 	 0.508902
  430 	 0.006897 	 0.257535 	 0.510042
  431 	 0.006954 	 0.259056 	 0.513743
  432 	 0.004465 	 0.245076 	 0.509897
  433 	 0.005326 	 0.247843 	 0.507014
  434 	 0.004462 	 0.234774 	 0.507363
  435 	 0.006942 	 0.233384 	 0.507363
  436 	 0.006916 	 0.247101 	 0.512689
  437 	 0.006916 	 0.257721 	 0.516059
  438 	 0.006035 	 0.272892 	 0.515625
  439 	 0.006883 	 0.269902 	 0.517289
  440 	 0.006916 	 0.257900 	 0.517303
  441 	 0.006812 	 0.247420 	 0.517303
  442 	 0.006026 	 0.262928 	 0.520990
  443 	 0.005860 	 0.258407 	 0.515169
  444 	 0.006211 	 0.254218 	 0.526334
  445 	 0.006909 	 0.251349 	 0.517843
  446 	 0.006903 	 0.255219 	 0.516607
  447 	 0.006641 	 0.259202 	 0.510249
  448 	 0.005963 	 0.242738 	 0.515474
  449 	 0.006315 	 0.258142 	 0.516089
  450 	 0.006298 	 0.259166 	 0.515912
  451 	 0.006872 	 0.247791 	 0.503285
  452 	 0.006596 	 0.259918 	 0.522579
  453 	 0.006584 	 0.238419 	 0.522579
  454 	 0.004456 	 0.240008 	 0.520019
  455 	 0.006674 	 0.241047 	 0.520112
  456 	 0.006017 	 0.245041 	 0.519695
  457 	 0.006486 	 0.247670 	 0.522438
  458 	 0.006911 	 0.245133 	 0.516589
  459 	 0.006900 	 0.232854 	 0.511649
  460 	 0.006900 	 0.237411 	 0.501947
  461 	 0.006515 	 0.235593 	 0.519304
  462 	 0.008811 	 0.246589 	 0.520906
  463 	 0.004456 	 0.242980 	 0.520906
  464 	 0.006881 	 0.271283 	 0.512094
  465 	 0.006882 	 0.268433 	 0.519176
  466 	 0.006762 	 0.277380 	 0.509834
  467 	 0.006709 	 0.280987 	 0.499607
  468 	 0.009033 	 0.280688 	 0.501306
  469 	 0.009444 	 0.250064 	 0.509561
  470 	 0.009964 	 0.256966 	 0.508332
  471 	 0.007778 	 0.263192 	 0.503430
  472 	 0.006870 	 0.250416 	 0.501805
  473 	 0.006645 	 0.265055 	 0.509128
  474 	 0.006932 	 0.253534 	 0.507139
  475 	 0.006928 	 0.269267 	 0.508227
  476 	 0.006143 	 0.255772 	 0.504708
  477 	 0.006906 	 0.259739 	 0.510599
  478 	 0.007007 	 0.273235 	 0.508949
  479 	 0.004420 	 0.265184 	 0.509296
  480 	 0.006858 	 0.253419 	 0.508791
  481 	 0.006886 	 0.245634 	 0.508791
  482 	 0.006871 	 0.266800 	 0.511089
  483 	 0.006872 	 0.255441 	 0.510113
  484 	 0.009863 	 0.250740 	 0.498215
  485 	 0.006903 	 0.243227 	 0.505172
  486 	 0.006769 	 0.266286 	 0.515592
  487 	 0.006959 	 0.263702 	 0.512951
  488 	 0.006899 	 0.274137 	 0.512951
  489 	 0.006879 	 0.289185 	 0.512565
  490 	 0.006468 	 0.277050 	 0.515024
  491 	 0.006922 	 0.270595 	 0.515483
  492 	 0.006962 	 0.274516 	 0.521709
  493 	 0.007038 	 0.265244 	 0.521709
  494 	 0.005992 	 0.283723 	 0.521709
  495 	 0.006939 	 0.276329 	 0.513238
  496 	 0.004475 	 0.269556 	 0.508287
  497 	 0.004476 	 0.279962 	 0.509077
  498 	 0.007109 	 0.283259 	 0.512391
  499 	 0.007177 	 0.272066 	 0.516234
 